6173 14237 7740 973 5329 13616 2384 12232 2172 630 9890 16187 16187 16187 16187 16187
9036 3171 2563 16187 12495 1435 16187 10033 16187 1227 1919 6259 2067 16187 9290 16187
6173 14237 7740 973 14635 3177 15715 14029 15667 643 16187 16187 15202 16187 14237 7742
12008 13570 8712 8093 8710 16187 16187 16187 16187 16187 16187 16187 16187 16187 16187 16187
12008 13570 8712 8093 8710 16187 14635 3177 15416 1019 16187 5329 4624 4552 16187 9429
12008 8712 5867 5297 4032 9316 16187 16187 830 926 16187 16187 10957 16187 16187 16187
4776 132 2837 9382 926 8710 1954 12238 10719 4776 10033 16187 16187 16187 16187 16187
3842 3171 2856 11889 4776 12012 16187 3364 926 1919 4776 6276 1919 4776 926 3177
4776 132 8710 10355 14237 8712 926 4776 2122 7742 16187 8313 1378 16187 3609 16187
4776 6664 8710 5286 3177 12 1439 5867 4927 3177 5807 16187 16187 16187 16187 16187
3842 1957 14180 1737 16187 16187 14397 14397 14192 16187 16187 16187 6683 1957 16187 10619
4776 6664 8710 10355 16187 16187 14237 1229 2823 6259 15174 10033 16187 16187 15096 16187
4776 12309 3177 926 14237 14734 8808 14776 7594 16187 16187 16187 16187 16187 16187 16187
3842 1919 12127 926 3177 5937 1750 16187 8268 7740 9884 15846 926 1919 16187 16187
4776 9534 3177 926 1955 4776 8887 8710 14652 16187 8710 13532 4152 12233 16187 16187
7740 4931 8781 1455 2148 16187 16187 16187 16187 16187 16187 16187 16187 16187 16187 16187
7740 4931 223 16187 10566 5627 14029 4776 10501 3177 3171 16187 16187 16187 16187 16187
7740 4931 2758 2837 926 8268 15978 7740 6297 6635 8712 16187 14221 16187 16187 8712
5066 10968 8268 15721 5208 5329 1436 8268 7926 14352 203 12233 7157 6259 3384 16187
8726 6011 9084 9754 11889 926 4552 9754 3432 1919 14860 16187 6535 16187 16187 16187
8726 6011 6635 6997 830 6259 5537 8268 6011 16138 11889 3171 16187 16187 2598 16187
1885 14945 926 14776 2516 926 14237 13474 5208 3557 6259 3192 14889 1919 769 16187
3842 1957 14180 1737 16187 9339 8710 6259 926 5711 16187 2296 6259 926 16187 16187
8712 5867 1378 10887 114 11889 9170 6266 4931 1229 926 1955 4624 14776 5936 16187
203 15846 8712 926 10781 2598 16187 16187 16187 16187 16187 16187 16187 16187 16187 16187
203 10142 13348 16187 9429 8268 16187 12717 188 12233 16187 15389 16187 16187 2148 16187
1138 129 10765 5711 3847 5463 12233 2904 16187 16187 16187 9290 16187 16187 16187 10373
1229 8268 91 14776 4776 9237 16187 16187 16187 16187 16187 16187 16187 16187 16187 16187
1229 8268 91 14776 4776 9237 16187 16187 16187 5297 16187 16187 7740 9429 16187 16187
1229 8268 7740 926 8712 16187 443 16187 16187 3098 16187 14237 4776 2285 2563 16187
5463 5867 4776 10686 3177 1138 8219 12655 5711 16187 16187 16187 16187 16187 16187 16187
5463 5867 4776 4927 8712 3543 7001 16187 16187 16187 13348 16187 9431 16187 7740 16187
5463 5867 4776 4927 8712 3543 7001 2837 926 926 16187 3192 16187 16187 16187 16187
926 926 3847 6259 8124 15781 1955 926 16187 16187 16187 16187 16187 16187 16187 16187
3842 3171 10033 13348 16187 8268 1955 3082 5862 5713 703 16187 5537 16187 16187 16187
926 926 3847 6259 8124 15781 1955 926 16187 16187 16187 14734 954 16187 16187 16187
9563 3962 12233 1138 4776 2588 13103 9577 5711 16187 16187 16187 16187 16187 16187 16187
9036 3171 2563 16187 12495 12495 15096 16187 12349 7740 7433 16187 926 16187 926 16187
9431 8268 8712 5867 6259 926 11953 4776 14217 15658 926 4776 926 16187 16187 16187
7926 6601 3543 11553 16187 16187 16187 16187 16187 16187 16187 16187 16187 16187 16187 16187
7926 5208 2451 1157 16187 4552 8719 15597 16058 16187 16187 1885 16187 16187 16187 16187
7926 5208 8733 9831 10967 4776 1676 13348 16187 926 16187 145 16187 816 16187 16187
7740 1951 13616 8712 5867 6259 10646 513 830 1597 5714 16187 16187 16187 16187 16187
7740 1951 5329 630 3559 1919 4776 11954 5414 6590 3177 4250 3416 16187 5463 4927
7740 1951 15178 16187 926 16187 15096 14237 4776 8719 12276 9574 16187 6535 16187 16187
4931 9754 5463 926 3177 3171 31 10033 16187 16187 16187 16187 16187 16187 16187 16187
4267 10033 3177 14180 926 16187 16187 11553 10471 16187 830 4776 9431 983 16187 8719
5463 4931 2588 14442 16187 16187 14237 12349 1378 16187 7740 11839 16187 16187 16187 16187
9431 8268 4776 6006 8710 8124 16187 16187 16187 16187 16187 16187 16187 16187 16187 16187
9036 3171 2563 16187 12495 12495 15096 16187 12349 7740 7433 16187 4832 16187 4832 16187
6173 7740 15956 11191 9277 15890 1919 9070 8268 12008 7740 2326 4531 3171 2563 16187
7740 1110 4776 157 5867 16187 16187 16187 16187 16187 16187 16187 16187 16187 16187 16187
7740 2976 2858 3171 2563 1919 10915 13084 12362 16187 11839 5463 4776 926 16187 16187
7740 1110 4776 157 5867 16187 15949 14237 6683 3177 9367 16187 7076 16187 12092 3766
3171 2563 8710 6259 593 6521 7178 3177 6120 8268 2204 13587 16187 16187 16187 16187
3171 2563 8710 6259 94 8974 16187 926 10033 16187 16187 14125 16187 14180 16187 16187
3171 2563 8710 6259 593 6521 7178 3177 6120 8268 2204 13587 16187 9264 132 16187
6390 926 779 12431 12233 2823 4776 4267 6390 3211 15525 14069 16187 16187 16187 16187
4267 926 4776 2563 16187 5332 8268 7740 11553 12233 10503 16187 16187 16187 6421 10709
7740 4142 12814 5463 8726 6011 6635 926 8268 6011 15846 1110 926 8715 16187 16187
6173 4152 3969 14237 4994 16187 16187 16187 16187 16187 16187 16187 16187 16187 16187 16187
10242 16187 16187 8270 3575 16187 2519 16187 2148 512 6259 16187 16105 16187 16187 16187
6173 4152 3969 14237 4994 16187 926 926 16187 926 16187 16187 16187 16187 16187 16187
8719 3511 8268 2263 14186 3177 377 9277 12376 15860 16187 16187 16187 16187 16187 16187
8719 3511 8268 6070 9450 3177 4776 4856 8719 926 13623 14350 16187 14350 16187 7516
8719 3511 8712 3847 8719 6259 4927 3951 12233 4776 7377 3177 4776 308 16187 16187
4624 771 6259 8569 14113 8719 15520 467 16187 16187 16187 16187 16187 16187 16187 16187
4267 12233 11553 5713 4149 926 8268 14069 4931 91 16187 926 926 16187 926 16187
4624 1110 6011 16187 14237 926 10671 3177 4776 10033 16187 16187 4032 15715 16187 16187
926 8268 11632 13348 16187 16187 16187 16187 16187 16187 16187 16187 16187 16187 16187 16187
926 8268 11632 13348 16187 6173 15658 3644 9754 5174 5937 9465 16187 2519 16187 2087
926 8268 8704 3418 4311 16187 4628 16187 1436 1138 4776 10560 5711 16187 2598 16187
8197 9070 6259 4320 16187 16187 16187 16187 16187 16187 16187 16187 16187 16187 16187 16187
4267 926 4776 2563 16187 16187 926 1919 4776 926 926 16187 16187 16187 926 16187
2552 564 8719 9577 8268 6259 9816 10967 2353 8557 2385 16187 6356 926 16187 16187
4404 1058 3177 15981 5867 926 8710 4776 5813 3177 4776 926 16187 16187 16187 16187
4267 926 4776 2563 16187 8084 5332 16187 4311 16187 5137 7740 16187 15715 8712 16187
1378 8710 6070 4687 12233 12650 4776 2053 10355 3994 926 16187 4687 16187 16187 926
3917 8268 1955 9715 926 8268 11439 1706 13213 15525 16187 16187 16187 16187 16187 16187
4267 926 4776 2563 16187 16187 926 1919 16187 983 8268 16187 16187 16187 16187 16187
926 14005 11057 1957 12291 8268 1955 7926 10913 3847 8719 14734 1133 16187 16187 16187
12958 6672 4571 6259 14221 8268 14221 13343 6423 5713 926 16187 16187 16187 16187 16187
12958 6672 4571 6259 14221 8268 14221 13343 6423 5713 926 16187 9605 16187 16187 926
12958 6672 7740 4261 14237 13988 12233 15283 16187 4624 4552 16187 16187 16187 16187 16187
3171 10033 6281 12276 14808 10719 16187 16187 16187 16187 16187 16187 16187 16187 16187 16187
3171 2563 8710 5329 6259 3211 16187 7740 9429 16187 11889 8719 4776 926 16187 16187
3171 10033 779 12958 8268 3211 8268 2122 8268 1369 16187 3766 16187 16187 16187 2689
4776 13141 14776 14691 5822 16187 16187 16187 16187 16187 16187 16187 16187 16187 16187 16187
4776 4124 3543 11553 12766 14069 16187 830 4776 14589 3177 926 16187 2997 16187 16187
4776 15907 4440 14776 6070 5906 14237 6683 1229 5820 1955 7742 16187 16187 16187 10207
5463 8710 4776 13991 13422 3177 4776 2563 14237 9277 2823 5463 8710 4776 14351 16187
4267 10033 3177 4776 5365 2598 16187 16187 4931 16187 11839 16187 16187 203 2598 16187
5463 8710 4776 4152 1955 14221 1955 7740 5208 4189 8712 15525 16187 16187 16187 16187
926 14352 5463 7926 926 4776 9870 13756 8268 6737 16187 16187 16187 16187 16187 16187
3842 16187 16187 1737 8268 12349 4776 6499 16187 16187 926 16187 16187 926 16187 16187
926 5867 9957 9498 3098 16187 830 4776 1419 16187 564 10638 16187 16187 6535 630
3774 926 8710 15202 10036 10315 4776 926 5095 16187 16187 16187 16187 16187 16187 16187
4267 926 4776 2563 16187 8084 5332 8268 4311 16187 16187 926 16187 16187 926 16187
926 14537 7076 1955 6259 926 1955 926 13942 12233 2451 830 926 16187 16187 643
14069 14776 8270 8185 15525 14069 16187 16187 16187 16187 16187 16187 16187 16187 16187 16187
14069 14776 8270 8185 15525 14069 16187 6535 630 8811 16187 16187 16187 16187 16187 16187
14069 14776 1229 1597 16187 8185 8719 3171 8268 12008 4776 14596 4931 16187 830 16187
14180 7740 5208 1436 8710 8268 2599 3171 1378 9085 6259 13193 5804 16187 16187 16187
4267 10033 3177 14180 926 16187 16187 12515 2903 12233 8157 3177 2563 16187 16187 9085
14180 7740 5208 1436 8710 5463 7740 4931 6070 2758 16187 16187 6535 4687 16187 816
14180 4776 12835 8719 4776 10033 2826 6070 7742 16187 16187 16187 16187 16187 16187 16187
3842 1957 14180 1737 16187 16187 14397 9382 16187 16187 2563 16187 16187 16187 16187 16187
14180 8719 14180 8268 6259 6070 2997 2563 16187 8974 16187 12208 6011 16187 14237 1903
6011 15846 11553 7902 5463 12276 9623 14163 926 1138 6978 5852 830 6931 5711 16187
6011 15846 5099 8712 8726 6011 4552 9754 16187 8017 16187 14043 9431 16187 6011 16187
6011 15846 11553 12233 7001 12233 6826 926 10549 599 12233 4552 5463 16187 816 16187
6173 16187 16187 16187 16187 16187 16187 16187 16187 16187 16187 16187 16187 16187 16187 16187
6173 16187 6535 15174 830 2563 12233 16187 16187 954 16187 926 16187 16187 16187 16187
6173 16187 6535 15174 16187 13942 926 16187 2148 7970 16187 954 16187 4707 16187 16187
5463 5867 15662 4325 9498 1229 3356 16187 16187 16187 16187 16187 16187 16187 16187 16187
5463 5867 15662 4325 9498 1229 3356 16187 16187 16187 11824 16187 2598 16187 16187 16187
5463 5867 816 7740 8592 8712 16187 1110 16187 16187 16187 10471 2563 16187 16187 16187
7831 4931 1954 4231 5095 14237 771 15180 4624 14180 3364 926 1919 16187 16187 16187
4267 926 4776 15064 9498 5329 6033 10967 4776 10033 16187 16187 16187 16187 16187 4994
1378 11401 926 6218 14237 926 926 12233 1453 14029 3171 2037 16187 16187 926 16187
8712 5867 16150 7742 9575 16187 16187 16187 16187 16187 16187 16187 16187 16187 16187 16187
8712 5867 16150 7742 9575 16187 7032 16187 16187 16187 7926 14125 16187 14043 16187 16187
8712 5867 16150 7742 9575 16187 16187 14237 15525 1955 7742 16187 12008 9084 6011 11553
4776 132 6955 779 5329 10471 2263 15781 7742 9890 16187 16187 16187 16187 16187 16187
4776 132 6955 779 5329 10471 2263 15781 7742 9890 16187 16187 16187 16187 16187 16187
4776 132 6955 779 5329 10471 2263 15781 7742 9890 16187 16187 16187 16187 16187 16187
8712 5176 2102 4776 10435 3177 11711 4231 810 8719 15520 16058 4231 7987 16187 16187
3842 1957 14180 1737 16187 16187 14397 9382 16187 16187 2563 16187 16187 16187 16187 16187
8712 5867 15667 12233 2552 703 10471 2053 8719 7151 3994 830 6259 5138 16187 16187
7740 8309 12233 12650 926 15776 926 8268 14237 4931 7542 1344 15090 16187 16187 16187
7740 771 12773 6259 11117 16187 8719 4776 2563 16187 4537 1955 4325 16187 16187 16187
7740 1110 7909 15768 14237 7740 6601 8093 1442 6259 5948 16187 9577 16187 6535 16187
926 13348 13348 16187 16187 16187 16187 16187 16187 16187 16187 16187 16187 16187 16187 16187
926 13348 16187 1019 926 6173 4931 6259 9684 16187 16187 16187 16187 12008 7740 15956
926 13348 13348 16187 13348 16187 13348 7740 13348 16187 7740 2984 926 16187 5867 8719
1957 14589 137 13474 5208 10603 6259 9040 16187 16187 16187 16187 16187 16187 16187 16187
1957 14589 137 13474 5208 10603 6259 9040 16187 8719 4776 10033 16187 2148 926 16187
1957 14589 7740 4931 6381 3177 4776 926 5867 12276 16058 4776 10240 16187 779 926
7001 7829 5711 15649 4931 3748 1245 926 8719 1378 3177 4964 5867 8185 6173 16187
4267 12233 11553 5713 4149 926 8268 14069 4931 91 16187 926 926 16187 926 16187
7001 2552 8712 15978 2263 630 2148 16187 512 5332 8268 12008 8712 5867 6259 16187
8710 8712 4537 1954 817 9290 1919 6259 8569 14323 14043 6259 9405 2598 16187 16187
4267 926 4776 2563 16187 926 926 8268 8719 926 16187 16187 16187 16187 16187 16187
8712 8710 6259 10602 10033 5463 3543 2823 8466 2837 10394 16187 16187 16187 16187 16187
6280 51 8710 11789 926 14237 1819 5463 4845 9084 8712 16187 16187 16187 16187 16187
4311 14069 8710 926 926 16187 16187 16187 8719 4776 816 16187 16187 16187 16187 13348
7974 14827 15525 13474 779 9692 16187 14855 12233 1885 16187 564 16187 9534 16187 16187
3673 6535 10355 8268 12008 6235 2837 2263 12007 16187 16187 16187 16187 16187 16187 16187
12495 8569 16187 8268 15978 13474 3007 6259 9450 10094 12233 11553 6259 926 16187 16187
14919 9484 16187 7453 6006 4931 477 8719 926 8268 8719 8719 1954 926 16187 16187
9233 9631 12515 14029 3171 14596 14237 9084 1954 10915 5695 15781 16187 16187 16187 16187
7594 10418 16187 8569 16187 4858 8268 6070 15174 16187 16187 16187 16187 16187 7336 15525
1138 13274 5711 8470 6259 14397 9780 14237 2002 14596 1955 14221 1955 926 7001 16187
4776 926 2598 16187 16187 16187 16187 16187 16187 16187 16187 16187 16187 16187 16187 16187
4776 926 2598 16187 926 926 4931 8268 12008 4776 1862 8710 6259 14397 9385 16187
4776 926 2598 16187 8368 12233 926 4776 926 13089 4776 926 8710 926 16187 16187
7740 11530 4776 6569 15107 7740 188 12233 10503 2148 512 4776 2002 10033 16187 16187
7740 9084 9754 15956 4776 2563 4931 6685 16187 3364 14180 16187 2148 16187 16187 16187
7740 11530 12958 11953 3171 2563 14237 7740 2308 6011 12233 4776 2563 16187 16187 16187
4776 5138 8719 1885 8710 926 8268 11162 14237 10770 12233 12650 16187 16187 16187 16187
4776 1754 3177 4776 10033 4537 8093 656 830 9070 16187 16187 8162 16187 16187 16187
4776 8808 3177 926 3847 14776 8712 8719 4776 4927 16187 16187 926 16187 16187 926
11953 4776 5568 2326 9332 8808 4931 4776 11978 926 16187 16187 16187 16187 16187 16187
4267 10033 3177 4776 2353 13348 16187 14180 4776 9431 8656 16187 10355 16187 16187 16187
8719 12276 12805 8268 6011 9890 12102 14043 1110 4776 4189 3177 9519 6096 16187 16187
491 830 564 13103 3177 2263 5365 16187 16187 16187 16187 16187 16187 16187 16187 16187
4267 926 4776 2563 16187 8084 5332 8268 4311 16187 4311 16187 5137 16187 16187 15202
2552 8268 4776 14217 11169 792 4931 14734 12852 16187 16187 16187 16187 16187 16187 8719
14180 8719 14180 8268 9994 13348 16187 16187 16187 16187 16187 16187 16187 16187 16187 16187
14180 8719 14180 2598 16187 16187 2148 1957 6259 4409 12349 6259 15335 10978 16187 2563
14180 8719 14180 8268 9994 13348 16187 4628 16187 12233 7001 2858 4537 16187 8712 16187
7740 973 5329 9309 9591 16187 16187 16187 16187 16187 16187 16187 16187 16187 16187 16187
7740 973 5329 13616 14272 14069 8710 5463 12232 13917 10217 2103 3177 2712 16187 2263
7740 973 423 13242 5332 16187 12008 7740 9429 8656 926 16187 16187 16187 16187 16187
14652 13348 16187 16187 16187 16187 16187 16187 16187 16187 16187 16187 16187 16187 16187 16187
1138 7388 5802 13348 5711 16187 12467 16187 8466 2148 11889 16187 16187 16187 16187 6619
1138 14834 5496 8457 5711 16187 6601 4776 817 12135 5867 926 16187 16187 16187 16187
3171 2563 6253 4927 12233 10399 12233 8733 3171 6683 11889 5820 14237 4473 3826 16187
3171 2563 8710 5329 15624 16187 16187 7740 4537 3364 11553 6259 653 16187 16187 14043
3171 2563 8710 2689 8268 13129 8268 14834 8268 12092 8268 3335 14237 9813 9643 16187
14237 8712 5867 6259 3098 5946 12233 12965 16187 16187 16187 16187 16187 16187 16187 16187
14237 8712 5867 13084 10372 5463 12581 3177 4776 2077 14776 2296 10770 16187 16187 4687
14237 8712 5867 6259 3098 5946 12233 12965 16187 8268 11889 5463 16187 1378 16187 13348
6011 3364 606 5463 8268 15870 8268 5463 4776 10033 13216 14029 12495 15096 16187 16187
6011 11553 12766 11409 16187 9872 16187 926 16187 16187 16187 16187 16187 16187 11953 4776
6011 11553 12233 5272 13089 8712 4931 16105 16187 16187 11889 4776 10033 16187 16187 16187
4776 12258 3177 4776 10810 8710 3599 12233 4776 10709 3177 1750 11602 16187 16187 16187
4776 1754 3177 4776 2563 4931 926 16187 830 4776 14112 16187 16187 16187 16187 6683
4776 1378 273 6423 6259 926 14237 926 1895 2837 4776 5042 2598 16187 16187 16187
12911 10967 3171 8268 14237 6826 16146 926 926 4776 10033 8710 4337 2997 16187 16187
4267 10033 3177 14180 926 16187 16187 11553 10471 16187 4537 11889 5713 9288 16187 16187
8719 3511 8268 7740 4931 8719 9540 10967 10953 6259 15335 12291 13348 16187 11553 8084
14237 1229 3847 4776 2563 16187 16187 16187 16187 16187 16187 16187 16187 16187 16187 16187
14237 1229 3847 4776 2563 16187 12232 2823 6655 10355 16187 16187 16187 16187 16187 13348
14237 1229 779 1866 16187 7926 926 1885 2598 16187 16187 16187 16187 16187 1885 16187
926 5867 5459 926 8268 926 8268 15881 926 15525 3177 14734 926 16187 16187 16187
3842 16187 16187 1737 4776 12349 4776 6499 16187 8268 1955 926 16187 16187 16187 16187
926 5867 9059 1019 7729 14237 2689 15167 926 6173 926 926 3177 926 16187 16187
15662 2598 16187 16187 16187 16187 16187 16187 16187 16187 16187 16187 16187 16187 16187 16187
15662 2598 16187 926 13348 16187 2598 16187 3748 6826 2598 16187 16187 16187 4687 16187
15662 2598 16187 926 2598 16187 2598 16187 14734 4189 8719 14734 1419 16187 9004 16187
7740 12232 2823 6206 2837 3171 16108 7740 4931 6259 443 3177 13780 14043 5329 16187
7740 12232 1436 12233 14950 15658 8710 5807 3177 15715 3171 10033 16187 926 13348 16187
7740 12232 2945 13615 820 9563 13720 10051 14237 1244 12233 12650 3171 3886 16187 16187
4776 10418 8710 6535 10355 1955 7742 16187 16187 16187 16187 16187 16187 16187 16187 16187
4776 10418 8710 6535 10355 16187 16187 16187 14397 2148 512 8712 16187 16187 16187 16187
4776 10418 8710 6535 10355 1955 7742 16187 16187 16105 1885 16187 926 16187 926 926
8712 5867 6259 9484 16187 16187 16187 16187 16187 16187 16187 16187 16187 16187 16187 16187
8712 5867 6259 4601 8949 16187 16187 16187 16187 16187 16187 16187 16187 16187 16187 16187
8712 5867 6259 9484 16187 779 6259 10355 2563 4152 16187 14221 2148 16187 16187 16187
4776 10435 8710 6259 15386 1001 1957 8506 8268 14237 3171 5208 2823 11783 16187 16187
3842 1957 14180 1737 16187 16187 8268 14397 5759 13348 16187 308 16187 13348 16187 13348
4776 10435 8710 6259 15386 1001 1957 8506 8268 14237 3171 5208 2823 11783 16187 16187
10684 10408 8710 4776 16146 14217 8268 6509 2837 4776 8757 8268 14164 16187 16187 16187
3842 1919 12127 926 3177 5937 1750 16187 12349 4311 13348 16187 926 16187 9431 16187
14734 10418 4189 8710 2326 10355 14237 2997 91 16187 16187 15174 643 16187 9442 16187
8069 6259 926 8719 5910 10497 8710 8270 512 3171 13348 16187 16187 16187 16187 16187
4267 926 4776 2563 16187 5332 8268 4325 4311 16187 14237 926 16187 16187 16187 16187
6259 4949 926 2563 16187 926 16187 14776 2689 8268 13929 16187 9591 16187 16187 3356
9461 3177 926 933 13667 8470 926 5463 13474 12010 14745 3177 14734 12852 16187 16187
3842 1919 12127 926 3177 5937 1750 16187 12349 4311 16187 4311 16187 9640 926 16187
8710 8712 4776 1787 5463 8710 13894 1778 14745 2598 16187 16187 16187 16187 16187 16187
8712 2446 779 6826 3098 2122 4440 8268 1955 8712 8710 3251 2837 12351 2416 16187
8712 2446 8368 12233 6546 6259 9773 14029 4776 14599 16187 10267 16187 14237 5947 16187
8712 2446 779 6826 3098 2122 4440 8268 1955 8712 8710 3251 2837 12351 2416 16187
4311 10036 8268 14272 4552 7740 15956 2598 16187 16187 16187 16187 16187 16187 16187 16187
5359 8268 7926 5867 10355 15 16187 2446 4537 14272 4325 3364 7188 2598 16187 926
7742 8268 7926 8577 12233 4585 6259 7188 16187 16187 15525 16187 16187 6535 16187 16187
4776 10033 779 6259 3098 15776 14237 243 6028 5819 926 4776 6070 12298 16187 16187
3842 3171 16187 11889 1138 926 5711 15649 7740 11839 5463 4931 6259 926 16187 16187
4776 10033 779 6259 3098 15776 14237 243 6028 5819 926 4776 6070 12298 16187 16187
12008 4537 15978 8712 5867 13250 3847 9754 8313 8712 5867 8569 16187 16187 16187 16187
12008 1955 10399 1955 8712 6245 8712 4537 1411 9070 12233 5804 16187 16187 16187 8456
12008 8712 5867 2945 1755 14237 4776 4856 8710 1157 12008 2689 16187 9442 16187 16187
7740 926 8069 10603 6259 5946 10967 1543 12233 5946 11706 16187 16187 16187 16187 16187
7740 926 1919 11191 15658 10709 15525 8268 3171 8710 5288 6259 926 16187 16187 16187
7740 926 1919 11191 15658 10709 15525 4776 913 3177 4776 4152 16187 16187 16187 16187
8858 9290 5867 2748 926 2903 5431 1543 4776 9431 926 8781 3748 16187 16187 16187
3842 16187 16187 1737 16187 3192 16187 3192 12135 10978 16187 16105 16187 16187 16187 16187
830 176 8268 13089 1856 926 926 4240 4325 1042 4776 926 16187 16187 16187 16187
1390 6173 15846 926 926 14237 5138 926 2598 16187 16187 16187 16187 16187 16187 16187
1390 6173 14069 8710 13084 8808 10801 16187 15358 16187 8719 6259 2191 3177 14973 16187
6173 16187 6535 15174 926 16187 9290 16187 7791 16187 16187 16187 11889 16187 16187 16187
7740 9429 5463 8710 4776 11998 2573 6011 5208 8197 3171 2563 16187 16187 16187 16187
9036 3171 2563 16187 12495 12495 15096 16187 12349 8781 12349 16187 12349 926 16187 16187
7740 11553 6826 14966 16187 2148 16187 4628 16187 12349 4776 16187 16187 8719 4776 10033
7740 9429 8712 8710 14734 564 4189 6041 926 16187 16187 16187 16187 16187 16187 16187
9036 3171 2563 16187 12495 15096 16187 12349 4776 12349 4776 9887 16187 926 16187 926
7740 9429 8712 8710 983 830 1885 12233 2903 1885 10418 8043 4404 13182 16187 2563
10242 3177 9743 16187 16187 16187 16187 16187 16187 16187 16187 16187 16187 16187 16187 16187
10242 3177 9743 16187 4628 9754 2823 9872 16187 8719 15597 16058 816 16187 16187 16187
6173 14734 2752 2598 16187 926 926 4776 8719 4776 926 2598 16187 16187 8858 16187
4776 10033 8710 14269 11022 2837 14467 926 16187 16187 16187 16187 16187 16187 16187 16187
3842 3171 2856 11889 4776 12012 16187 3364 926 1919 4776 6276 1919 926 2598 16187
4776 10033 8710 10716 2176 1955 7742 16187 14237 4776 6006 4931 10355 8268 926 14237
3673 14237 13607 14776 12489 14708 4776 14596 8710 5329 8569 16187 16187 16187 16187 16187
4267 10033 3177 14180 926 16187 16187 11553 10471 16187 830 5713 12835 16187 16187 16187
5332 12463 4776 6499 16187 926 926 5022 14237 926 926 14776 10602 16187 16187 16187
4776 5537 6021 6173 14237 4776 15538 4325 12133 1955 4325 5670 15597 14599 16187 16187
4776 8569 4776 4924 4440 16187 16058 6688 16187 16187 2976 15525 8376 16187 16187 926
4776 5537 6021 6173 14237 4776 15538 4325 12133 1955 4325 5670 15597 14599 16187 9013
7926 1644 12233 926 14272 4325 771 1378 983 16187 16187 16187 16187 16187 16187 16187
3842 16187 16187 1737 4776 12349 4776 6499 16187 16187 926 1919 4776 2470 16187 16187
7926 3847 9754 549 4776 4927 15866 1644 14745 12233 1957 9431 16187 1583 16187 10501
12276 926 8710 8704 16187 16187 16187 16187 16187 16187 16187 16187 16187 16187 16187 16187
12276 926 8710 8656 16187 14426 926 16187 14237 2599 5867 3249 16187 16187 9290 16187
12276 1860 8710 4776 15708 8719 4776 132 16187 12495 11273 16187 3364 2823 6259 15096
7740 8197 8712 1954 10619 15525 3177 9484 16187 16187 16187 16187 16187 16187 16187 16187
7740 8197 8712 15525 3177 16187 16187 11039 3177 12276 9429 7740 15956 1390 16187 13348
7740 8197 8712 14919 9484 16187 7164 3748 4776 6140 8268 15649 4776 14596 4931 16187
8712 5867 983 12233 6862 2903 8268 2823 6259 9290 8268 14237 9289 2903 16187 16187
8712 5867 11789 14069 8268 12008 3847 9754 2326 8084 10139 8712 16187 16187 5332 7970
8712 5867 9780 8268 14237 4624 11031 5463 10355 16187 16187 16187 16187 16187 16187 16187
926 14272 12232 9754 7740 4552 830 4776 816 5095 2598 16187 16187 16187 16187 16187
3842 3171 16187 16187 2563 8268 7740 4537 15956 14272 6011 11031 16187 16187 13348 16187
926 2598 16187 10399 12233 13317 15525 4776 9465 3748 16187 2067 9465 16187 926 16187
7742 8268 7926 5046 2128 10324 1919 3171 10488 16187 16187 16187 16187 16187 16187 16187
7742 8268 13084 16187 5329 14180 8712 4931 16187 2148 1738 14237 11295 11436 16187 16187
7742 8268 7926 5046 2128 10324 1919 3171 10488 16187 5332 8712 5867 1229 7740 2326
8719 3511 8268 10566 820 4552 5329 12650 9594 14237 13546 1133 16187 16187 16187 16187
8719 3511 8268 10566 820 4552 5329 12650 9594 14237 13546 1133 16187 242 926 16187
8719 3511 8268 7740 4931 8719 9540 10967 10953 6259 15335 12291 13348 16187 11553 6011
12008 12654 14180 4776 16068 8712 414 8268 7740 2308 15850 1957 5217 6535 6918 16187
12008 12654 14180 4776 16068 5463 414 7740 12467 16105 10751 5463 16187 10373 3194 2858
12008 12654 14180 4776 16068 8712 414 8268 7740 2308 15850 1957 5217 6535 6918 16187
12008 10533 3171 8268 3171 8710 191 6311 4296 926 16187 16187 16187 16187 16187 16187
12008 10533 3171 8268 3171 8710 191 6311 4296 926 16187 16187 14125 16187 16187 5804
12008 3171 15846 4552 830 1885 926 16187 16105 16187 2974 16187 16187 16187 16187 7981
13084 5329 8069 6585 16187 16187 16187 16187 16187 16187 16187 16187 16187 16187 16187 16187
13084 16187 3356 13348 16187 9938 926 7926 15846 3818 16187 1378 16187 16187 16187 16187
3171 3543 9577 2903 14029 14734 983 926 16187 643 16187 926 926 16187 16187 16187
5272 7345 3765 8710 2148 16187 16187 16187 16187 16187 16187 16187 16187 16187 16187 16187
4267 10033 3177 14180 926 16187 16187 12515 2903 12233 6826 3356 16187 16187 16187 16187
14919 9484 13348 16187 14581 9450 1390 16187 10373 12650 16187 16187 16187 8719 16187 16187
5463 5867 8712 16187 16187 16187 16187 16187 16187 16187 16187 16187 16187 16187 16187 16187
5463 5867 8712 16187 2326 3112 4776 2563 16187 830 4776 10566 5796 983 16187 16187
5463 5867 8712 16187 1110 8268 6011 11553 12233 1436 16187 16187 8185 11889 4776 7970
7740 12431 926 2665 4776 5095 16187 16187 16187 16187 16187 16187 16187 16187 16187 16187
7740 12431 926 1436 7740 12102 4994 2024 16187 9577 16187 16187 16187 16187 11901 564
7740 12431 926 2665 4776 5095 16187 4776 14596 16187 6231 16187 9084 16187 4687 16187
6259 7168 8268 8551 2563 16187 16187 16187 16187 16187 16187 16187 16187 16187 16187 16187
6259 14139 14571 12529 2223 15477 13348 16187 15658 15846 16187 2823 1378 13348 16187 16187
6259 7168 8268 8551 2563 16187 4552 13348 16187 6683 16187 6683 11889 16187 16187 2148
1378 926 4832 8710 4537 10355 8268 817 8982 10770 16187 16187 16187 16187 16187 16187
4267 926 4776 2563 16187 5332 8268 4325 4311 16187 14397 926 14237 926 16187 16187
1378 926 4832 8710 4537 10355 8268 817 8982 10770 16187 16187 16187 1378 16187 16187
926 16187 16187 16187 16187 16187 16187 16187 16187 16187 16187 16187 16187 16187 16187 16187
3842 3171 2856 11889 4776 12012 16187 3364 926 1919 4776 6276 2598 16187 16187 16187
926 16187 6594 16187 1019 926 15221 16187 8577 7926 12260 11553 12766 926 14043 14029
926 8710 11410 13348 16187 16187 16187 16187 16187 16187 16187 16187 16187 16187 16187 16187
926 8710 11410 13348 16187 6500 16187 12115 4776 16146 926 16187 16187 16187 10509 16187
926 8710 9773 12115 4409 16187 6535 1507 1919 14734 8503 16187 16187 684 926 8268
703 4552 9754 7401 2451 15525 1955 602 16187 16187 16187 16187 16187 16187 16187 16187
8726 6011 9084 9754 11889 8712 1957 13592 12291 4552 12233 7001 12233 4776 15939 16187
703 9084 9605 437 8268 12716 8268 12008 5272 3171 8710 6259 2024 2563 16187 16187
4776 12835 9498 8794 14237 12606 1955 836 16187 16187 16187 16187 16187 16187 16187 16187
4776 12835 9498 14029 4776 1627 830 5328 1954 10244 8258 4776 2122 8069 7164 16187
4776 12835 14776 7742 13663 14237 15071 16187 16187 2446 16187 16187 16187 16187 16187 16187
10993 16105 1954 12256 9685 8719 1965 16187 16187 16187 16187 16187 16187 16187 16187 16187
4267 926 4776 9715 926 1019 926 6173 14237 779 5673 12233 10503 5713 1133 14776
1378 11401 8719 4776 6 8656 926 5367 3735 1885 16187 16187 14734 10033 16187 16187
8712 5867 16150 14974 11953 8794 643 8268 14237 8712 5462 7147 6070 11162 16187 16187
8712 5867 15624 8268 11521 14237 11052 16187 9450 14362 16187 11692 16187 12008 13464 6492
8712 5867 1781 8268 3422 8268 9342 13348 16187 4473 3826 16187 16187 10401 16187 16187
4325 4552 8733 3098 1133 13280 6011 4537 11553 12233 6683 830 4312 16187 16187 16187
4325 4552 9754 3432 10357 8712 15525 16187 16187 16187 15907 13464 9084 4552 16187 14237
4325 4552 8733 3098 1133 13280 6011 4537 11553 12233 6683 830 4312 16187 16187 16187
14237 7926 926 10967 4776 9431 983 4325 7185 16187 16187 16187 16187 16187 16187 16187
3842 3171 16187 16187 7740 15956 14272 10566 10671 3177 4776 10033 16187 16187 16187 16187
14237 7926 926 10967 4776 9431 983 4325 7185 16187 926 16187 8268 4325 7523 8858
8712 8710 12606 16187 16187 16187 16187 16187 16187 16187 16187 16187 16187 16187 16187 16187
8712 8710 14691 3765 512 15691 13021 16187 16187 16187 12349 4776 12349 12127 15909 16187
8712 8710 12606 16187 6011 15846 9605 6705 830 4776 2563 16187 16187 16187 14043 4311
7740 9429 926 3543 8733 1954 2285 3886 4537 11953 4776 926 3384 16187 16187 16187
9036 3171 2563 16187 12495 15096 16187 12349 4776 12349 4776 9887 16187 926 16187 926
7740 9429 8712 2326 8710 6259 926 10770 10033 12233 12650 16187 16187 7970 7970 16187
7740 8197 3171 2563 9484 15525 3177 9484 16187 16187 16187 16187 16187 16187 16187 16187
7740 8197 3171 2563 13341 7970 15525 3177 9484 16187 12495 15096 16187 16187 16187 12276
7740 8197 3171 2563 9484 15525 3177 9484 16187 12495 15096 16187 16187 16187 16187 16187
8712 4931 6259 9450 100 8268 7725 2563 16187 16187 16187 16187 16187 16187 16187 16187
8712 4931 6259 9450 100 8268 7725 2563 16187 14350 16187 2974 16187 11693 16187 3774
8712 4931 6259 5948 3177 10770 16187 4537 6259 3098 2563 16187 16187 16187 16187 16187
7926 4311 926 12233 926 16187 16187 16187 16187 16187 16187 16187 16187 16187 16187 16187
7926 4311 926 12233 926 16187 9577 16187 16187 16187 12008 16187 5867 16187 12008 13474
7926 4311 926 14029 14734 926 14180 16156 3177 1983 16187 16187 16187 16187 16187 16187
12273 12951 10498 1919 14734 1453 14029 11457 926 16187 16187 16187 16187 16187 16187 16187
4311 15335 14776 8069 926 12233 926 1919 16187 16187 16187 16187 16187 16187 16187 16187
4311 2257 8710 926 14237 4776 926 10583 8268 4776 8404 14776 14350 16187 16187 16187
3171 8710 643 830 13529 16187 16187 16187 16187 16187 16187 16187 16187 16187 16187 16187
3842 3171 2856 11889 4776 12012 16187 3364 926 1919 4776 6276 1919 4776 926 16187
3171 8710 643 830 13529 16187 15202 16187 16187 1644 12233 16187 16187 16187 16187 8719
4325 9884 2497 12233 3286 4325 11031 5329 9222 926 926 16187 16187 16187 16187 16187
4325 9884 2497 12233 3286 4325 11031 5329 9222 926 926 16187 16187 13226 16187 16187
4325 9884 9961 4776 2601 9424 2903 8268 4537 15978 4325 11839 8712 16187 16187 16187
11788 12835 8268 4776 4927 4335 10092 8710 1229 13178 16187 16187 16187 16187 16187 16187
4267 10033 3177 14180 926 16187 16187 12515 2903 12233 6826 6826 8270 512 15597 8760
10355 4915 13797 16187 16187 3461 10671 16187 16187 12650 16187 8185 16187 5148 16187 16187
6713 837 12232 2823 8843 14237 789 926 16187 16187 16187 16187 16187 16187 16187 16187
4267 926 4776 9956 3177 830 3171 10501 8719 3171 16187 16187 7740 16187 926 12233
5297 3098 16187 8569 12008 5463 12276 8456 8710 6259 926 16187 16187 16187 9431 16187
5036 91 8710 6259 7739 3177 4776 15768 10272 12127 983 8712 5137 16187 16187 16187
3842 1957 14180 1737 16187 16187 14397 9382 16187 16187 16187 2563 16187 16187 16187 16187
8712 4763 12276 8661 10719 16187 4832 16187 6297 1378 3177 4776 926 16187 16187 16187
7740 12232 8093 8084 8154 3171 2563 16187 16187 16187 16187 16187 16187 16187 16187 16187
7740 12232 8093 8084 8154 3171 2563 16187 16187 16187 7970 16187 2563 9222 16187 9442
7740 12232 2945 11553 6635 12233 11553 8466 2148 8831 11953 926 16187 16187 16187 16187
14069 8710 5463 10810 3177 11707 8268 2561 1264 16187 16187 16187 16187 16187 16187 16187
14069 8710 5463 10810 3177 11707 8268 2561 1264 16187 7347 4776 8846 2903 4240 15715
14069 8710 5463 10810 3177 11707 8268 2561 1264 16187 4776 12298 16187 926 16187 16187
13084 4927 16187 16187 16187 16187 16187 16187 16187 16187 16187 16187 16187 16187 16187 16187
13084 3141 16187 10671 8268 4325 5208 12008 1436 14272 8710 487 16187 16187 16187 16187
12958 926 1778 14745 16187 926 16187 7926 5867 16187 11742 16187 16187 16187 16187 16187
5329 5568 8710 8712 6259 13896 8268 12008 8712 8710 6259 14753 10033 16187 16187 16187
3842 16187 16187 1737 4776 12349 4776 6499 16187 16187 926 1919 4776 1736 16187 16187
8712 5867 6259 12260 2552 830 9455 15658 5466 7377 5480 14043 10033 16187 10033 926
8726 6011 3644 9754 12003 2858 14734 8808 6011 3644 9754 12003 2858 4776 2563 16187
8726 6011 9084 9754 8456 8712 1957 14180 8726 6011 5208 1436 16187 12233 11889 8719
8726 6011 2599 5430 2858 8712 5463 8710 3177 1245 16187 11998 7970 16187 16187 6304
10619 9484 7740 4552 9754 9429 5463 7740 973 926 1919 5463 5562 16187 16187 16187
7740 973 5329 13616 14272 7740 9429 3177 4776 8199 16187 926 16187 14596 16187 16187
7740 973 2758 5463 4325 8069 12431 926 830 3171 2563 16187 16187 16187 16187 16187
7740 5208 15801 1436 5463 7740 11553 8093 8466 14112 11889 3171 8258 13348 16187 16187
7740 4537 9429 8712 8710 3098 10770 13348 16187 11367 926 10250 2858 4776 926 16187
7740 4537 1110 8712 16187 926 16187 8270 8710 1954 12606 16187 16187 12650 16187 16187
6826 3177 4776 8795 9498 926 16187 16187 16187 16187 16187 16187 16187 16187 16187 16187
6826 3177 4776 8795 9498 926 16187 16187 2148 12690 16187 16187 1885 16187 16187 1378
6826 3177 4776 1246 1919 5537 15814 9605 11789 12233 4776 5777 3177 4776 11602 16187
8712 9084 9754 11553 6259 3984 16187 16187 16187 16187 16187 16187 16187 16187 16187 16187
8712 9084 9754 11553 6259 3984 16187 926 14237 15096 9029 16187 16187 9332 16187 16187
8712 4628 9754 10610 8712 1919 4776 2588 4440 8268 13949 16187 15956 16187 16187 16187
9574 15525 3177 14139 16187 16187 16187 16187 16187 16187 16187 16187 16187 16187 16187 16187
9574 15525 3177 14139 16187 16187 16187 16187 16187 16187 16187 13348 16187 13348 16187 16187
9574 15525 3177 14139 16187 16187 16187 16187 8268 7740 9429 16187 16187 16187 6535 630
4776 9511 14776 2446 8124 8719 3171 6506 10834 10967 15458 16187 16187 16187 16187 16187
3842 16187 16187 1737 2837 12349 14180 12291 8268 4776 6499 14776 14180 16187 16187 16187
4776 12621 14776 10571 16038 14237 2176 16187 1344 2176 16187 16187 16187 11553 9063 16187
7740 12020 7740 3364 14263 8712 926 9484 16187 16187 16187 16187 16187 16187 16187 16187
7740 12020 7740 968 8093 8466 8712 16187 16187 10719 16187 8712 16187 16187 16187 16187
7740 12020 7740 3364 14263 8712 926 9484 16187 830 16187 11998 7970 16187 2563 16187
926 926 2102 6811 1919 6259 2191 3177 12755 7377 14237 6259 8153 8839 16187 16187
3842 3171 10033 13348 16187 8268 1955 6259 4924 3384 16187 5332 16187 13216 16187 1957
926 926 2102 6811 1919 6259 2191 3177 12755 7377 14237 6259 8153 8839 16187 926
14749 14734 9964 9040 1019 4437 926 6173 16187 16187 16187 16187 16187 16187 16187 16187
14734 9313 4125 3364 2823 2326 10355 16187 16187 16187 2689 14043 7273 16187 4776 10418
14734 9313 4125 3364 2823 2326 6259 926 926 4776 926 926 830 4776 9431 16187
15649 145 2904 12233 15662 4776 10033 8710 3963 4032 15715 16187 16187 16187 16187 16187
3842 1957 14180 1737 16187 16187 14397 9382 16187 16187 16187 16187 16187 16187 3192 16187
8712 5867 1378 3177 12276 11070 8185 16187 14043 1957 14589 16187 926 16187 16187 16187
9429 8726 6011 3364 926 1919 6259 2563 1919 5937 16146 7658 2598 16187 16187 16187
9036 3171 2563 16187 12495 15096 16187 12349 4776 12349 4776 9887 16187 926 13348 16187
7742 8268 6011 16138 4537 11553 12233 12650 12233 10603 15525 13348 16187 16187 16187 16187
4776 574 830 3171 10033 7740 6635 6259 5948 1955 7742 16187 16187 16187 16187 16187
3842 3171 1378 16187 11839 8268 7740 9429 5463 5867 14180 6826 11039 3177 1515 16187
4776 3384 1919 4776 8710 11953 5463 1955 6585 1955 926 15881 12233 7001 16187 16187
4325 13758 10967 4776 4927 7926 14237 5032 4390 4776 8808 16187 16187 16187 16187 16187
4325 13758 10967 6259 10887 6161 1543 4325 11553 6259 10355 15335 11824 16187 926 16187
4325 13758 10967 4776 4927 7926 14237 5032 4390 4776 8808 16187 16187 926 16187 16187
15662 3644 9754 4325 9429 13740 4776 9138 2598 16187 16187 16187 16187 16187 16187 16187
15662 9084 9754 4325 11393 14734 7824 8268 286 14237 1229 630 2148 16187 16187 16187
12008 4776 15907 4440 14776 10915 3098 14237 16076 7398 2326 5208 14889 16187 8270 16187
14596 4776 13363 3177 926 8268 14069 8710 4776 5830 16187 16187 16187 16187 16187 16187
3842 1957 14180 1737 16187 16187 14397 9382 16187 16187 2563 16187 16187 16187 16187 16187
4776 2563 779 10217 630 14491 14412 4776 653 13926 14237 4776 5358 16187 16187 16187
10918 8719 7340 8268 12276 14164 14237 13832 1959 6259 8556 10501 308 14029 2024 16187
9036 3171 2563 16187 12495 12495 15096 16187 12349 10288 5388 2903 926 16187 16187 926
7740 11530 3171 10033 16187 1229 7740 9429 6011 4628 16187 8158 9070 13348 16187 3137
12013 11233 16187 16187 16187 16187 16187 16187 16187 16187 16187 16187 16187 16187 16187 16187
14411 13799 16187 12467 16187 8172 2563 14237 8712 16187 2148 16187 16187 16187 16187 16187
12013 11233 16187 6259 926 14069 5867 2446 1378 3177 4776 2563 16187 8270 16187 16187
15525 7001 1866 5867 10567 14237 6145 16187 16187 16187 16187 16187 16187 16187 16187 16187
4267 926 4776 9715 926 1019 926 6173 14237 779 6259 2037 16187 16187 16187 16187
7001 2552 16187 8712 8726 6011 11553 8712 2148 830 9070 16187 16187 16187 16187 7740
8093 6245 12233 9311 12233 13592 9389 1750 8268 7248 14734 14164 2598 16187 16187 16187
4311 14180 11191 15846 10328 8719 2263 10918 16187 16187 16187 16187 16187 16187 16187 16187
6011 2552 8712 9015 12008 13089 6011 9605 816 8268 926 11461 16187 16187 16187 16187
13829 14237 926 3177 2715 11553 12233 4189 5022 12233 9207 5713 703 16187 16187 16187
3842 11889 14833 15662 4931 4776 2563 2326 6259 10355 2563 16187 16187 16187 16187 16187
6173 12717 2598 16187 926 926 6259 926 830 6259 5820 7970 13348 16187 477 16187
4776 926 14237 574 771 6259 4916 12331 5119 926 2858 4312 16187 16187 16187 16187
3842 3171 16187 11889 1138 926 5711 15649 7740 11839 5463 4931 6259 926 16187 16187
4776 926 14237 574 771 6259 4916 12331 5119 926 2858 4312 16187 5463 5867 8270
12008 7740 11553 8466 14219 16187 16187 16187 16187 16187 16187 16187 16187 16187 16187 16187
12008 7740 11553 8466 14219 16187 4931 926 926 14029 4776 10501 3177 16187 16187 16187
12008 7740 11553 12233 1436 4776 5393 4776 7970 16187 16187 16187 13783 16187 16187 9925
926 8268 1138 926 926 5711 8710 6259 471 1919 6259 926 16187 16187 16187 16187
3842 3171 10033 13348 16187 8268 1955 3082 5862 5713 703 16187 14180 2689 16187 4440
926 8268 12233 9070 14029 4776 10033 13348 16187 16187 12349 16187 16187 16187 2563 16187
12239 926 8913 14237 926 926 830 10770 13348 16187 16187 16187 16187 16187 16187 16187
3842 16187 16187 1737 8268 12349 4776 6499 16187 16187 926 16187 16187 926 16187 16187
2552 8712 1138 1919 3098 1842 5656 3098 10312 5711 16187 8268 14237 2326 16187 2148
1961 9070 6173 14237 2984 926 4719 14029 14745 16187 16187 16187 16187 16187 16187 16187
4267 926 4776 2563 16187 16187 926 1919 4776 926 16187 16187 16187 16187 16187 16187
4624 1110 6011 16187 14237 926 10671 3177 3171 10983 16187 926 16187 5948 16187 16187
7740 4552 9754 15956 14272 8712 8710 16187 16187 16187 16187 16187 16187 16187 16187 16187
7740 4552 9754 15956 14272 8712 8710 16187 16187 13348 16187 16187 16187 13348 16187 13348
7740 11530 8712 13348 16187 8719 16187 2563 13348 13348 16187 16187 5332 14029 16187 16187
2429 7926 7076 6905 12008 8712 11900 7742 830 4776 2563 2263 14596 16187 16187 16187
4267 10033 3177 14180 926 16187 16187 12515 2903 12233 8157 3177 7310 284 16187 4032
1955 830 4776 14596 8268 7740 1110 8712 13348 16187 2974 3177 926 16187 16187 8268
8712 13959 9070 12127 983 7740 2552 5463 9450 3384 13348 16187 16187 16187 16187 16187
8712 5867 10518 12233 2823 6259 3211 16187 10978 8268 14043 1957 8712 5867 16187 16187
8712 5867 15667 12233 2552 703 10471 2053 8719 7151 3994 830 6259 5138 16187 16187
10355 2563 16187 16187 16187 16187 16187 16187 16187 16187 16187 16187 16187 16187 16187 16187
12495 8569 16187 8268 15978 3177 8712 5867 2148 16187 512 14734 10094 16187 16187 16187
10355 2563 16187 16187 15096 8268 12008 4776 6070 9450 12495 16187 16187 16187 16187 16187
8719 3511 8268 6070 9450 3177 4776 4856 8719 926 13623 14350 16187 16187 16187 16187
8719 3511 8268 6070 9450 3177 4776 4856 8719 926 13623 14350 16187 14350 16187 7516
8719 3511 8268 6070 9450 3177 4776 4856 8719 926 7740 779 12233 1436 16187 16187
7740 4552 9754 12003 4776 15740 5463 4776 13799 3364 11553 10471 2148 16187 16187 16187
7740 9084 5329 2552 4312 10299 16187 16187 8719 12276 13429 16187 16187 16187 16187 16187
7740 11530 14180 3177 4776 9577 12835 10913 247 2903 926 16187 8719 926 16187 16187
926 5340 12233 926 8268 12233 11553 14745 3185 2903 14237 926 1954 777 9290 16187
3842 3171 16187 12208 6259 11273 176 16187 16187 14734 926 16187 16187 8353 16187 7970
926 1439 7076 3748 7661 3177 4312 8719 1486 5463 3112 4776 15518 9332 16187 16187
2945 1378 3177 4776 2148 3422 1133 7740 11553 8466 16187 16187 16187 16187 16187 16187
4267 3177 14180 4776 2946 926 926 5463 1378 926 16187 16187 926 16187 16187 16187
2945 1378 3177 4776 2148 3422 1133 7740 11553 8466 16187 16187 16187 13348 16187 16187
15790 8710 1378 1213 12805 16187 16187 16187 16187 16187 16187 16187 16187 16187 16187 16187
4267 926 4776 2563 16187 8084 5332 8268 4311 6011 4311 16187 7740 11839 16187 8569
15790 8710 1378 1213 12805 16187 12650 3171 2563 16187 983 16187 16187 2903 16187 10953
926 6635 926 1955 4776 1884 926 6173 13348 16187 16187 16187 16187 16187 16187 16187
926 2710 13348 16187 5297 926 13348 16187 16187 7740 9429 8719 4776 2563 16187 7970
926 6635 926 1955 4776 1884 926 6173 13348 16187 2296 16187 16187 16187 4687 13348
3171 145 4776 2387 12233 10217 8081 12835 15036 14237 7529 16187 16187 16187 16187 16187
3842 3171 1378 16187 11839 8268 7740 9429 5463 5867 14180 5713 703 16187 16187 16187
3171 145 4776 2387 12233 10217 8081 12835 15036 14237 7529 16187 7970 16187 4776 2563
6748 8268 1395 3177 4776 2563 14776 6148 10967 11452 5867 8831 16187 16187 16187 16187
4267 10033 3177 4776 5365 2598 16187 16187 4931 6259 11839 6813 16187 16187 16187 16187
10566 820 926 16187 4776 926 16187 5111 12233 926 16187 16187 16187 16187 16187 16187
9574 6363 15525 3177 9484 16187 16187 16187 16187 16187 16187 16187 16187 16187 16187 16187
9574 13341 1390 15525 3177 14139 16187 16187 16187 16187 16187 16187 16187 16187 16187 16187
9574 6363 15525 3177 9484 16187 7740 11553 8466 13348 16187 16187 16187 16187 6011 16187
13907 4776 6622 4776 2563 12232 9754 2823 4032 15715 16187 16187 16187 16187 16187 16187
4267 926 4776 2563 16187 16187 926 1919 16187 983 8268 8069 16187 926 16187 16187
5463 8710 10589 2689 13055 5463 16105 6259 2563 5463 16187 926 926 12233 16187 1957
4776 15416 14237 13587 926 2903 16187 16187 16187 16187 16187 16187 16187 16187 16187 16187
4776 4267 8084 16187 8084 11553 7926 7165 14734 926 16187 16187 16187 16187 926 16187
4776 15416 14237 13587 926 2903 16187 2563 16187 7970 16187 16187 16187 8270 16187 16187
7740 8154 15715 3171 1957 14589 15202 8726 6011 11553 4776 3984 16187 16187 16187 16187
7740 15956 16187 7742 16187 9872 16187 926 16187 16187 16187 15096 16187 16187 11889 16187
7740 8154 8712 16187 12233 11889 4776 1754 3177 929 16187 16187 7740 16187 6011 16187
12008 14069 8710 2148 91 12233 9429 11953 16187 16187 16187 16187 16187 16187 16187 16187
12008 14069 8710 2148 91 12233 9429 11953 16187 16187 9577 16187 16187 16187 2122 2563
12008 14069 8710 2148 91 12233 2904 8268 12008 8712 15846 8979 13348 16187 16187 16187
9850 16187 16187 16187 16187 16187 16187 16187 16187 16187 16187 16187 16187 16187 16187 16187
9850 16187 5329 4776 14596 16187 2148 16187 16187 7740 9884 926 8466 16187 16187 16187
2143 15525 3177 9484 16187 13216 6535 630 12495 11889 15715 5656 16187 9442 8268 926
4776 1222 8676 14776 2176 16187 16187 16187 16187 16187 16187 16187 16187 16187 16187 16187
4776 4267 8084 16187 11553 8084 8466 6259 6801 830 6259 2563 16187 16187 16187 16187
4776 1222 8676 14776 2176 16187 926 8268 7742 16187 16187 926 16187 16187 16187 16187
926 5618 1954 916 15781 14237 8710 5787 1919 6584 4330 926 926 926 16187 16187
926 8470 926 12233 14361 6585 12233 14745 16187 14734 6161 16187 16187 16187 16187 16187
926 4773 926 4987 4773 16187 16187 12495 630 12233 14263 8712 16187 16187 16187 7970
12371 6272 13348 16187 16187 16187 16187 16187 16187 16187 16187 16187 16187 16187 16187 16187
9311 11953 9937 16187 16187 12127 63 5328 12233 9605 6259 63 983 16187 12349 16187
2945 13811 8710 4776 11901 1207 91 16187 16187 926 14237 926 8712 15525 16187 16187
12990 8268 7740 7902 1344 6259 5948 3177 6585 8055 9332 8268 8798 232 16187 16187
3842 1957 14180 1737 16187 9339 8710 6259 926 5711 16187 1954 5942 16187 16187 16187
7742 8268 4776 10033 4931 13139 14029 6259 926 16187 16187 14125 1885 816 16187 16187
4776 6499 91 14776 10355 16187 16187 16187 16187 16187 16187 16187 16187 16187 16187 16187
4776 9790 16187 13429 8710 630 2148 3177 4776 1787 16187 16187 1133 16187 926 16187
4776 6499 91 14776 10355 16187 8268 14237 4776 8002 4931 4776 2353 16187 1750 926
6070 10355 13839 8268 10355 5033 16187 16187 16187 16187 16187 16187 16187 16187 16187 16187
4267 3177 4776 8697 4537 4931 6259 8569 2563 16187 16187 16187 1378 16187 1378 1378
6070 10355 13839 8268 10355 5033 16187 6090 12233 4924 16187 16187 16187 16187 9745 16187
14180 3177 4776 12835 11553 15819 10638 16187 16187 16187 16187 16187 16187 16187 16187 16187
3842 1957 14180 1737 16187 16187 14397 9382 16187 16187 2563 16187 16187 16187 16187 16187
14180 3177 4776 12835 11553 15819 10638 16187 926 8719 4776 8831 16187 14745 16187 16187
7740 11553 14802 2308 1246 3177 1138 926 5711 8268 1750 926 14029 15031 2024 16187
7740 11553 9754 12571 1229 10399 6550 6259 2563 8719 6259 15096 983 16187 16187 16187
7740 11553 2296 10957 1378 3384 1919 926 14237 926 16187 16187 16187 830 16187 16187
7740 11839 7926 12232 2823 1378 3177 4312 8268 10653 14237 926 16187 16187 16187 16187
9036 3171 2563 16187 12495 12495 15096 16187 12349 6259 926 14029 4776 9887 16187 16187
7740 11839 7926 12232 2823 1378 3177 4312 8268 10653 14237 926 16187 16187 16187 16187
6070 1435 8710 4776 11789 11377 2636 926 771 15649 926 12208 1093 16187 16187 16187
3842 1957 14180 1737 16187 16187 8268 14397 5759 13348 16187 308 16187 13348 16187 13348
3171 8710 1378 3177 9743 16038 8185 5463 6011 5208 2172 1229 630 10967 16187 926
7740 973 5329 13616 6173 16187 16187 16187 16187 16187 16187 16187 16187 16187 16187 16187
7740 973 5329 13616 6173 16187 8270 512 14734 9431 16187 16187 16187 16187 16187 16187
7740 973 423 13242 5332 16187 12008 7740 9429 8656 926 16187 926 16187 16187 16187
4776 1531 13081 7336 1120 14237 4931 11499 6794 8719 3513 16187 16187 16187 16187 16187
4776 1531 13081 7336 1120 14237 4931 11499 6794 8719 3513 16187 16187 16187 16187 16187
4776 1531 9498 7742 4089 16187 8781 8719 4776 10583 16187 4776 2563 16187 14596 16187
15846 4776 10412 14810 2598 16187 16187 16187 16187 16187 16187 16187 16187 16187 16187 16187
13084 7448 12233 5397 5463 2903 10036 16187 16187 16187 16187 16187 13348 16187 13348 16187
6259 4473 8974 5463 15846 8093 7812 8712 5867 3213 14043 13501 8719 10358 6215 16187
5627 6173 6259 926 12260 12729 10781 11577 8712 15559 1919 4776 9431 10217 1493 16187
5627 6173 15662 4931 7926 926 2903 14734 926 1919 1491 2598 16187 16187 926 2598
6259 4149 6161 12274 16187 830 926 16187 7970 16187 16187 16187 16187 16187 13348 16187
7926 5867 6259 5646 5095 8268 15202 7926 15881 14734 4751 4609 10967 14734 926 16187
3842 1957 14180 1737 16187 16187 14397 9382 16187 16187 2563 16187 16187 16187 16187 16187
7926 5867 6259 5646 5095 8268 15202 7926 15881 14734 4751 4609 10967 14734 926 16187
7740 9429 7740 9277 11553 926 15202 9296 12669 12008 5463 5867 8712 16187 16187 16187
7740 9429 5463 6535 630 10394 9498 6535 9450 16187 2519 16187 5580 5568 12773 16187
7740 9429 7740 4537 9084 16187 2552 8712 16187 2097 3177 4776 15433 14237 8712 5867
10953 1957 12291 13089 14069 8710 14691 12233 11728 11953 16187 16187 16187 16187 16187 16187
4267 10033 3177 14180 926 16187 16187 12515 2903 12233 8157 3177 7310 284 16187 4032
1175 9575 13348 16187 3137 16187 1110 1919 926 16187 16187 16187 16187 16187 16187 16187
1229 14272 3543 8733 6011 7001 2552 3171 10033 15525 8719 2729 2598 16187 16187 16187
1229 14272 8270 983 12233 5243 11953 4776 2563 512 5332 2598 16187 16187 4931 16187
1229 14272 3112 3171 2563 1229 1229 2598 16187 16187 9290 16187 11889 4776 2946 16187
7740 9084 9754 14518 12495 630 10967 3171 2563 12008 7740 4931 2326 926 16187 16187
7740 9084 9754 630 12149 8712 16187 12782 4776 926 3177 4776 2563 16187 16187 16187
7740 11530 12958 11953 3171 2563 16187 12892 9070 6259 1903 16187 8719 15649 7740 9429
14069 5867 2446 6259 9450 12233 630 8808 16187 16187 16187 16187 16187 16187 16187 16187
14069 5867 8069 6259 15093 13830 14200 12233 4776 926 14457 3177 10033 9222 16187 926
8712 5867 11022 13663 8719 6259 6070 7711 4927 8268 12008 16167 11900 16187 7742 16187
14237 15658 5208 10080 2263 2353 8910 11244 2598 16187 16187 16187 16187 16187 16187 16187
14237 15658 5208 5638 1885 2598 16187 16187 2598 16187 16187 14734 16187 14426 16187 16187
14237 15658 5208 1453 2904 2598 16187 16187 5332 2598 13852 12233 15956 16187 16187 5580
5153 6454 926 8710 4776 3098 6673 926 8268 15658 14005 6259 6140 2175 16003 16187
3842 11889 4776 12012 13348 16187 2765 3177 926 16187 16187 16187 16187 16187 16187 16187
926 13075 8719 4776 954 3177 926 8268 6259 8882 6543 3527 14217 16187 926 6173
7345 8521 8710 9754 14734 564 8268 12008 8712 5867 14734 10566 6987 16187 16187 16187
4267 10033 3177 14180 926 16187 16187 11553 10471 16187 445 830 16187 16187 16187 16187
1175 9575 13348 16187 8818 91 16187 5350 12495 16187 16187 16187 6683 6535 10355 16187
14237 5463 8710 8268 14069 8710 5329 8268 4536 12233 4776 817 308 16187 16187 16187
14237 5463 8710 14272 1138 4776 926 5711 779 12233 4189 16187 16187 1919 4776 16187
14237 5463 8710 2326 1175 13089 6259 2563 5208 11553 5463 7724 14029 13852 16187 16187
7740 8313 12422 16187 16187 16187 16187 16187 16187 16187 16187 16187 16187 16187 16187 16187
7740 8313 12422 16187 8185 14776 14180 5463 14776 8719 15597 10638 16187 5148 16187 16187
7740 8313 15658 9084 9754 1110 1885 2122 12007 4931 2326 3335 16187 16187 16187 16187
1957 14734 2521 16187 16187 16187 16187 16187 16187 16187 16187 16187 16187 16187 16187 16187
1957 14589 137 13474 5208 10603 6259 9040 16187 15846 15846 2823 3171 16187 564 16187
1957 14734 2521 16187 16105 16187 2296 7937 3177 14766 16187 16187 16187 16187 16187 16187
7661 1957 4776 3384 14237 1957 4776 12234 2598 16187 16187 16187 16187 16187 16187 16187
3842 1957 14180 1737 16187 16187 14397 9382 16187 16187 2563 16187 16187 16187 16187 16187
14180 3177 4776 12835 11553 15819 10638 16187 11553 926 16187 926 16187 16187 16187 10150
7740 4552 9754 10751 9131 8268 1229 7740 13013 14029 4776 926 16187 16187 16187 16187
7740 9084 9754 10751 4776 2400 5629 1378 3177 4312 14237 15561 1957 14180 16187 16187
7740 11530 14180 4776 8185 13805 8378 8954 8268 7926 4931 6259 15949 7970 13348 16187
10080 6978 5852 926 10497 8710 4776 564 16187 16187 16187 16187 16187 16187 16187 16187
14031 13084 14272 14776 4624 926 13086 4552 2598 16187 16187 16187 16187 16187 16187 16187
1378 3177 9743 1133 5463 7698 4776 10026 16187 10026 11953 12401 16146 4440 16187 16187
926 5086 12233 4776 926 9330 16187 16187 16187 16187 16187 16187 16187 16187 16187 16187
3842 1919 12127 926 3177 5937 1750 16187 12349 4311 7740 3286 16187 7970 16187 15740
926 5086 12233 4776 926 9330 16187 926 16187 926 1919 4776 926 1919 16187 16187
7740 11530 3171 2563 1229 630 16187 16187 16187 16187 16187 16187 16187 16187 16187 16187
7740 15956 16187 15662 3543 9754 2823 816 16187 2598 16187 16187 2598 16187 16187 2598
7740 11530 3171 2563 1229 630 16187 8712 16187 5332 1229 7740 5208 16187 16187 16187
12716 8268 8719 3171 2037 4776 559 8710 157 12028 3177 817 8982 10372 10770 16187
12716 8268 8719 3171 2037 4776 559 8710 157 12028 3177 817 8982 10372 10770 16187
12716 8268 8719 8712 8268 6259 8607 16016 11215 7416 6253 12233 13419 13537 16187 16187
11946 3171 8710 1378 3177 12276 926 926 8268 4776 2563 10781 8710 1872 16187 16187
3842 1957 14180 1737 16187 16187 14397 9382 16187 16187 2563 16187 16187 16187 16187 16187
12008 3484 13089 8710 385 12233 11553 7926 6188 5463 8712 16187 16187 16187 16187 10373
7740 8309 2858 4776 10033 1919 3278 12362 1957 564 16187 16187 16187 16187 16187 16187
7740 2976 2858 3171 2563 1919 10915 13084 12362 16187 11839 5463 4776 926 16187 16187
7740 1110 4776 157 5867 16187 1787 16187 12233 2563 16187 13081 16187 11889 16187 16187
12008 8710 8712 2598 16187 16187 16187 16187 16187 16187 16187 16187 16187 16187 16187 16187
3842 1957 14180 1737 16187 16187 14397 9382 926 16187 16187 16187 15202 16187 16187 16187
12008 8710 8712 2598 16187 16187 11039 3177 9743 12455 16187 4552 7740 15956 16187 13348
1229 7926 14352 1543 926 8710 10299 10967 16187 16187 16187 16187 16187 16187 16187 16187
1229 1435 16187 926 16187 12529 5095 4931 14734 926 16187 16187 16187 16187 926 16187
1229 7926 14352 1543 926 8710 10299 10967 16187 16187 875 16187 16187 7970 16187 16187
13474 926 12233 926 830 1885 11778 16187 16187 16187 16187 16187 16187 16187 16187 16187
13474 926 12233 630 13348 13348 16187 3409 16187 16187 7251 2837 14734 16146 16187 4707
13474 926 12233 630 13348 13348 16187 104 6259 13348 16187 13348 16187 6011 16187 6070
3171 10033 4931 926 1955 6259 3211 8268 12008 7740 2326 10866 8712 16187 16187 16187
3842 3171 16187 11889 1138 926 5711 15649 1138 926 5711 16187 16187 16187 16187 16187
3171 10033 4931 11075 926 16187 16187 16187 16187 16187 16187 16187 16187 16187 16187 7970
14069 14776 14219 8185 512 3171 15649 7740 11553 771 4776 317 3177 9316 16187 16187
14069 14776 14219 8185 512 3171 15649 7740 11553 771 4776 317 3177 9316 16187 16187
14069 14776 1597 15721 12233 5993 3171 10033 16187 4776 10033 16187 10272 16187 6140 16187
13474 3644 9754 7401 15273 1885 15821 5599 4856 8719 6259 14861 9485 2563 16187 16187
13474 9084 9754 13013 14029 9313 15452 8268 113 5305 14043 7140 14237 14948 16187 16187
13474 3644 9754 7401 15273 1885 15821 5599 4856 8719 6259 14861 9485 2563 16187 16187
7742 8268 7740 9084 10751 6826 15721 14237 4325 3007 6535 2689 8719 14824 16187 16187
9036 3171 2563 16187 12495 12495 15096 16187 12349 7740 7433 16187 9484 9484 16187 16187
7742 8268 7740 9084 10751 6826 15721 14237 4325 3007 6535 2689 8719 14824 16187 9736
1597 4440 14776 854 16187 16187 16187 16187 16187 16187 16187 16187 16187 16187 16187 16187
14139 16187 5329 8569 16187 8268 2689 8268 13474 8710 16187 16187 16187 2148 16187 16187
1597 4440 14776 854 16187 14237 4776 10418 4931 926 16187 16187 684 2837 4312 16187
14180 3171 4931 8719 8437 830 15811 5867 926 5537 13422 3369 6695 1133 16187 16187
3842 1957 14180 1737 16187 16187 14397 9382 16187 16187 2563 16187 16187 16187 16187 16187
12008 4776 12536 8710 6297 3257 16187 512 926 926 5867 16187 16187 16187 7937 3177
13077 15525 4776 2543 14265 830 926 5867 14198 8712 5867 8974 1813 5867 926 16187
3842 16187 16187 1737 16187 3192 16187 2563 9277 7001 12233 9743 16187 4311 16187 16187
6011 2552 4776 10355 4440 14237 8712 5867 4537 6259 9450 16187 16187 6011 16187 6683
926 4776 14596 3177 926 14237 4776 926 8710 1378 10566 820 15956 3177 16187 16187
3842 3171 2856 11889 4776 12012 16187 3364 926 1919 4776 6276 1919 926 2598 16187
4776 10033 8710 7518 14029 4776 2451 13664 2837 5577 926 14237 4421 10509 926 16187
1955 14221 1955 4776 13839 8710 3010 8268 12223 3436 5824 8719 4776 2563 16187 16187
3842 1957 14180 1737 16187 9339 8710 6259 926 5711 16187 1954 5942 16187 16187 16187
1955 14221 1955 4776 13839 8710 3010 8268 12223 3436 5824 8719 4776 2563 16187 4776
12495 16187 16187 16187 16187 16187 16187 16187 16187 16187 16187 16187 16187 16187 16187 16187
12495 16187 13852 8710 3765 2689 16187 16187 16187 12349 16187 11401 16187 16187 16187 8719
5463 8710 14272 7740 11889 12233 2552 8719 6259 2563 16187 16187 16187 16187 16187 16187
926 8712 12260 11553 12766 926 6173 16187 16187 16187 16187 16187 16187 16187 16187 16187
926 8712 12260 11553 12766 926 6173 16187 8270 16187 16187 2353 16187 5297 14029 16187
926 8712 12260 11553 12766 926 6173 16187 926 8268 12008 7805 16187 16187 16187 16148
926 447 16187 16187 16187 16187 16187 16187 16187 16187 16187 16187 16187 16187 16187 16187
926 16113 13348 13348 13348 16187 13887 10418 2563 8719 6259 6070 3192 2221 16187 16187
926 447 16187 926 8268 14237 926 926 1955 926 926 16187 16187 926 16187 16187
4032 13453 6259 12260 2552 830 3115 10671 16187 16187 16187 16187 16187 16187 16187 16187
4267 10033 3177 14180 926 16187 16187 9004 16187 11889 6259 926 16187 16187 16187 16187
2552 8712 16187 8268 8726 6011 11889 9330 12260 16187 7001 830 16187 2097 2122 471
10 15525 1919 4776 223 819 13942 12233 2823 1885 6801 16187 16187 16187 16187 16187
4267 926 4776 926 3177 2353 16187 14221 16187 16187 16187 16187 12349 1378 16187 1378
1378 11071 8268 2689 5820 643 3766 8268 14237 4987 3211 12233 16142 16187 16187 16187
4288 6601 16105 4776 10566 2469 1133 8719 4776 14239 16187 16187 16187 16187 16187 16187
4267 926 4776 2563 16187 16187 926 1919 16187 16187 16187 16187 16187 16187 1955 6259
7740 4931 2758 1919 4776 10418 16187 16187 14180 5463 13474 4931 16187 16187 16187 16187
14237 2823 6259 6685 8268 8115 2598 16187 16187 16187 16187 16187 16187 16187 16187 16187
14237 5463 12232 7347 8712 14029 4776 16146 4751 15389 16187 6381 6011 15525 16187 16187
14237 2945 12650 4776 4895 10324 14029 4776 2002 8063 2221 16187 14221 12233 3286 16187
7740 3644 9754 6276 12008 2526 1957 4776 12298 3177 4776 2563 12127 983 16187 16187
7740 3644 9754 1436 9591 11953 1138 4776 4369 5711 16187 4776 14596 16187 8116 16187
7740 3644 9754 9137 830 1885 3137 419 16187 16105 7001 16187 2552 14237 4776 14241
4776 10033 4902 3748 6070 540 8719 2263 63 5328 16187 16187 16187 16187 16187 16187
3842 3171 2856 11889 4776 12012 16187 3364 926 1919 4776 6276 1919 926 2598 16187
4776 10033 4902 3748 6070 540 8719 2263 63 5328 16187 10355 16187 16187 16187 16187
447 8268 1957 14589 15202 16187 16187 16187 16187 16187 16187 16187 16187 16187 16187 16187
1390 16187 15525 3177 9484 16187 13216 16187 10373 2823 16187 3192 16187 16187 7740 9429
447 8268 1957 14589 15202 16187 6011 16187 5332 16187 14199 16187 16187 16187 9290 16187
1955 830 4776 10051 8268 4325 14776 14029 4776 2601 8124 16187 16187 16187 16187 16187
3842 1957 14180 1737 16187 16187 14397 9382 16187 16187 2563 16187 16187 16187 16187 16187
1955 830 4776 6854 14069 14776 13084 15721 12233 5993 8712 16187 16187 16187 16187 16187
13907 926 1157 8268 8712 15729 11039 3177 8268 6618 16187 16187 16187 16187 16187 16187
3842 1957 14180 1737 16187 9339 8710 6259 926 5711 16187 1954 5942 16187 16187 16187
926 5867 11916 4552 16187 12008 4776 4927 4776 2572 14776 6259 926 16187 16187 16187
3171 8710 6259 5537 6392 1327 2563 16187 16187 16187 16187 16187 16187 16187 16187 16187
3171 8710 14691 12008 1954 1621 926 8922 16187 16187 926 16187 16187 16187 16187 10033
3171 8710 6259 5537 6392 1327 2563 16187 14635 3177 16187 6070 3192 16187 16187 13348
4776 3942 4931 5329 14734 13811 14043 4776 10418 4325 9498 4537 3098 16187 16187 16187
4776 3942 4931 5329 14734 13811 14043 4776 10418 4325 9498 4537 3098 16187 16187 16187
4776 3299 2598 16187 13549 6259 2191 3177 6259 14854 6011 7001 16187 16187 2500 16187
5286 926 3575 16187 16187 16187 16187 16187 16187 16187 16187 16187 16187 16187 16187 16187
4267 926 4776 2563 16187 8084 5332 8268 4311 6011 4311 16187 7740 11839 16187 16187
6826 14966 10249 926 16187 13839 8719 4776 15840 8510 3312 16187 16187 16187 16187 16187
2805 2598 16187 16187 16187 16187 16187 16187 16187 16187 16187 16187 16187 16187 16187 16187
203 14776 6011 1515 12233 8537 5463 2598 16187 2598 16187 16187 2598 16187 16187 2598
14180 14776 899 8268 14180 3609 7742 830 8712 16187 564 16187 830 4776 10887 16187
15408 8268 3171 10033 6546 1229 1120 1919 4776 12349 4776 12489 2122 15814 16187 16187
9036 3171 2563 16187 12495 12495 15096 16187 2148 5812 16187 12349 16187 12349 4776 1583
7742 8268 4776 8521 8719 4776 2563 4931 630 8270 16187 16187 16187 4687 16187 5217
15525 3177 13988 12233 1799 13420 8268 2522 15475 8268 14058 926 14237 10496 926 16187
4267 926 4776 2563 16187 16187 926 1919 16187 983 8268 8069 16187 16187 16187 16187
830 2122 2563 16187 16187 4776 2588 9484 15525 3177 16187 7740 12650 16187 6011 16187
2216 4931 1282 512 5463 16187 16187 16187 16187 16187 16187 16187 16187 16187 16187 16187
4267 3177 14180 4776 926 5656 926 14537 926 12349 14734 8196 16187 16187 11839 16187
6826 14078 5297 10503 5463 16187 1885 8719 4776 10033 16187 16187 16187 12495 16187 12233
2263 1405 13348 16187 16187 16187 16187 16187 16187 16187 16187 16187 16187 16187 16187 16187
2263 1405 13348 16187 6011 16187 13348 16187 6011 11889 16187 10671 3177 16187 16187 16187
2263 4949 16187 14678 926 5463 8719 4776 2563 16187 12349 4776 6499 16187 16187 926
8712 9565 10566 3177 4776 10033 8268 2263 9300 5637 584 1967 6022 16187 16187 16187
3842 1957 14180 1737 16187 16187 14397 9382 16187 16187 2563 16187 16187 16187 16187 16187
8712 9565 10566 3177 4776 10033 8268 2263 9300 5637 584 1967 6022 16187 16187 14397
1885 9534 3847 9754 11553 1378 3448 10810 1955 4776 8069 2148 15984 12852 16187 16187
3842 1957 14180 1737 16187 16187 14397 9382 16187 16187 2563 16187 16187 16187 16187 16187
1885 10399 4189 8710 6797 8268 14237 8712 3112 4776 10033 4032 15715 16187 16187 16187
7740 11530 12958 11953 3171 2563 14237 7740 2308 14691 12233 8217 11953 16187 16187 16187
7740 9084 9754 630 12149 8712 16187 12782 4776 926 3177 4776 2563 16187 16187 16187
7740 11530 12958 11953 3171 2563 16187 12892 9070 6259 1903 630 12276 16187 6685 16187
4776 5562 14220 8710 10917 176 3177 4776 513 16187 16187 16187 16187 16187 16187 16187
4776 5562 16187 1110 8268 14237 684 4776 2563 8268 16187 6535 630 9890 16187 16187
4776 5562 14220 8710 10917 176 3177 4776 513 16187 16187 16187 16187 926 16187 16187
7740 2383 8268 6011 15956 14272 7740 1951 487 13348 16187 16187 16187 16187 16187 16187
7740 2383 5463 1138 6390 11382 13348 5711 16187 12650 16187 2510 6683 6011 16187 926
7740 2383 5463 1885 926 879 1885 926 16187 599 8268 14237 830 10355 16187 16187
6011 15846 2823 2148 512 9872 16187 16187 16187 16187 16187 16187 16187 16187 16187 16187
6011 15846 2823 2148 512 9872 16187 926 9429 16187 16187 16187 16187 16187 8521 16187
6011 15846 2823 2148 512 9872 16187 926 926 10781 16187 16187 16187 16187 16187 16187
5717 3994 3865 7652 10837 13617 15768 8719 1954 926 16187 16187 16187 16187 16187 16187
4267 926 4776 2563 16187 8084 5332 8268 4311 6011 4311 16187 7740 11839 16187 7740
1378 12149 4776 1531 16187 7742 16187 14426 926 12233 1436 9431 983 16187 926 16187
4240 5463 8268 4776 2563 7165 6259 16128 3667 3177 983 16187 16187 16187 16187 16187
9036 3171 2563 16187 12495 12495 15096 16187 12349 7740 11839 16187 10399 16187 16187 16187
830 8712 16187 8268 7740 11553 4409 15525 926 16187 779 12233 2823 8466 15096 16187
12008 3171 3641 4302 8710 6259 9961 8568 16187 16187 16187 16187 16187 16187 16187 16187
12008 3171 3641 4302 8710 6259 9961 8568 16187 16187 16187 16187 16187 16187 16187 16187
12008 3171 8710 1378 3177 4776 12850 2053 5693 3994 1133 8084 16105 16187 9887 6689
3660 11842 8268 3660 10960 8268 3660 7310 284 14237 2122 15814 16187 16187 16187 16187
3842 1957 14180 1737 16187 9339 8710 6259 926 5711 16187 1954 5942 16187 16187 16187
6826 3177 4776 11331 9498 926 10355 4776 926 8268 7926 13226 926 16187 926 16187
926 14237 926 5867 3098 132 8710 4776 7121 3177 3171 15827 2563 16187 16187 16187
3842 3171 16187 11889 1138 926 5711 12127 926 3177 4932 10033 16187 8710 16187 16187
14237 926 8710 15819 284 8268 2837 926 926 14237 926 926 16187 16187 16187 16187
5329 8069 4776 10094 5711 16187 16187 16187 16187 16187 16187 16187 16187 16187 16187 16187
5329 8069 4776 10094 5711 16187 926 4776 14596 16187 2148 16187 16187 16187 2689 16187
5329 1955 10355 1955 4776 7981 8268 12008 14069 779 13592 10801 830 6259 5820 16187
4325 3364 11553 926 12233 5530 14237 9430 4776 1627 1919 3168 12233 9223 16187 16187
4325 3364 11553 926 12233 5530 14237 9430 4776 1627 1919 3168 12233 9223 16187 16187
4325 3364 11553 8781 15525 4776 6941 926 5965 10894 8268 2446 16187 16187 16187 16187
926 10036 10967 4776 6115 16187 16187 16187 16187 16187 16187 16187 16187 16187 16187 16187
3842 3171 16187 16187 2563 8268 7740 4537 15956 16187 5332 7001 16187 643 14029 6011
926 10036 10967 4776 6115 16187 2903 8719 11859 14237 10710 14237 4776 14596 8710 926
14635 3177 11889 2498 5952 14237 4776 3177 926 16187 16187 16187 16187 16187 16187 16187
4267 12233 11553 5713 4149 926 8268 6826 3177 12276 926 16187 16187 16187 16187 16187
14919 9484 16187 2842 14180 4776 12850 2946 16187 2823 10355 16187 16187 16187 16187 16187
855 3543 11553 11022 2148 1133 14307 12233 6931 16187 16187 16187 16187 16187 16187 16187
223 3543 11553 12766 12276 9770 13429 16187 16187 2296 16187 16187 16187 16187 16187 12008
7740 973 2758 5463 4325 2823 8592 830 4776 2601 8268 6011 4552 16187 1903 13907
4776 2053 9808 308 3994 8011 926 5463 14776 2296 1043 926 16187 16187 16187 16187
4776 4267 10501 4931 5463 7909 3504 8268 7740 8313 8268 14272 4776 6286 2598 16187
4776 10033 8383 6313 4440 8268 1502 10960 14237 11907 9039 16187 14397 11788 16187 16187
1750 6259 14230 3177 4776 8974 1866 1133 8268 7740 10866 8712 16187 16187 16187 16187
4267 926 4776 2563 16187 16187 926 1919 16187 983 16187 16187 16187 16187 16187 16187
7542 8268 12276 7500 4931 1138 926 5711 16187 16187 16187 16187 16187 16187 16187 9786
15662 2598 16187 16187 16187 16187 16187 16187 16187 16187 16187 16187 16187 16187 16187 16187
15662 2598 16187 2598 16187 1885 6826 4776 16003 564 13839 16187 12495 16187 12495 16187
15662 2598 16187 2968 16187 2598 16187 11632 13348 16187 16187 9431 1243 16187 16187 2563
15846 926 8710 6388 1955 16187 16187 16187 16187 16187 16187 16187 16187 16187 16187 16187
15846 926 8710 6388 1955 16187 16187 7410 16187 16187 16187 14734 954 16187 16187 16187
15846 926 6276 926 7127 14734 5041 2598 16187 14164 16187 16187 926 16187 926 2598
8712 5867 1229 7843 16187 16187 16187 16187 16187 16187 16187 16187 16187 16187 16187 16187
8712 5867 1229 8569 5463 8712 5867 10355 16187 10336 926 8268 926 8268 5288 16187
8712 5867 1229 7843 16187 14180 8592 8712 5867 12495 16187 12233 11889 16187 16187 16187
