6017 9084 5329 8158 14237 5463 14677 12233 4776 13587 14237 6071 16187 16187 16187 16187
4267 12233 11553 926 5406 8268 926 926 5711 16187 14180 2563 16187 10887 16187 16187
7926 8710 5297 6070 630 6259 926 830 14180 926 16187 7098 16187 16187 16187 16187
2148 2002 14237 13907 1213 6259 14599 10400 16187 16187 16187 16187 16187 16187 16187 16187
4267 12233 11553 926 5406 8268 926 1919 926 926 16187 16187 16187 16187 16187 16187
5463 8710 4776 564 4927 12233 5993 8712 16187 16187 16187 6152 16187 16187 16187 16187
926 779 9754 12766 14069 9591 830 9070 12233 6077 11953 1885 16187 16187 16187 16187
3842 3171 2856 11889 4776 12012 16187 3364 11553 12766 926 16187 2598 16187 2598 16187
926 779 9754 8466 5463 14237 2196 5463 926 6259 899 16187 2552 203 8712 16187
830 6259 12887 8268 8712 8710 15637 926 16187 16187 16187 16187 16187 16187 16187 16187
4267 12233 11553 926 5406 8268 926 14043 926 16187 16187 16187 8268 14043 1436 16187
830 6259 10355 15316 471 8268 12782 1138 1447 5711 14237 7740 2308 3171 2563 16187
14237 3171 10033 4931 9754 5463 16187 16187 16187 16187 16187 16187 16187 16187 16187 16187
14237 3171 10033 4931 9754 5463 16187 771 13411 12233 4776 2285 2563 16187 8270 16187
14237 3171 10033 4931 6535 13181 16187 11553 6259 13839 16187 2256 16187 10602 16187 16187
3171 8710 1543 7740 2326 9004 4776 926 3177 4776 2563 16187 16187 16187 16187 16187
3171 4931 9754 6259 6071 10033 16187 16187 10440 13348 16187 13348 16187 16187 2165 4776
3171 8710 4776 5568 1138 11899 14251 5711 7740 5208 12650 16187 983 12008 8712 5867
3171 8710 2446 11953 2984 6259 63 3984 12233 1436 926 12233 11382 16187 16187 16187
3842 3171 1378 16187 11839 8268 926 4924 12825 12291 16187 16187 13348 16187 929 16187
3171 8710 2446 11953 2984 6259 63 3984 12233 1436 926 12233 11382 16187 16187 16187
203 8710 8712 5463 4776 926 8710 14029 4776 6102 2598 16187 16187 16187 16187 16187
4267 12233 11553 926 5406 8268 926 1919 4776 926 8268 3177 14180 16187 16187 16187
4776 6801 5388 14272 6259 12007 3543 2823 16187 91 16187 16187 14734 926 16187 16187
8796 16187 16187 16187 16187 16187 16187 16187 16187 16187 16187 16187 16187 16187 16187 16187
8796 16187 16187 16187 820 16187 8185 16187 7740 3553 6011 16187 926 16187 16187 16187
8796 16187 16187 16187 820 16187 9956 16187 16187 5332 4552 16187 16187 16187 91 8712
14069 9498 6259 15335 8719 4776 8869 16187 16187 16187 16187 16187 16187 16187 16187 16187
14069 9498 6259 15335 8719 4776 8869 16187 6826 3177 4776 14596 16187 16187 16187 16187
14069 9498 6259 5948 3177 1138 5711 12008 1138 926 5711 14029 4776 926 16187 16187
4776 12582 8268 9793 8268 14734 13881 16187 16187 16187 16187 16187 16187 16187 16187 16187
4776 11937 10967 4776 926 8979 8710 13618 16187 12495 16187 16187 12233 11953 16187 3314
4776 12582 8268 9793 8268 14734 13881 16187 7076 6259 10501 16187 16187 16187 16187 16187
4776 574 830 3171 10033 4931 7594 16187 16187 16187 16187 16187 16187 16187 16187 16187
4776 4267 10501 4931 5463 7909 3504 8268 7740 8313 8268 14272 4776 6286 2598 16187
4776 3384 1543 4776 9450 9385 13216 5424 8710 2326 5217 3985 16187 16187 4994 16187
5804 16187 16187 16187 16187 16187 16187 16187 16187 16187 16187 16187 16187 16187 16187 16187
5804 16187 16139 16187 11656 830 1213 6259 10033 16187 4660 8719 4776 10033 16187 16187
5804 16187 5341 16187 8185 8368 1919 4776 926 3082 5867 926 4125 2446 684 926
926 5867 8148 6683 13178 16187 16187 16187 16187 16187 16187 16187 16187 16187 16187 16187
926 5867 8148 6683 13178 16187 14237 4776 9290 16187 16187 2148 16187 16187 16187 16187
926 5867 3098 12019 8710 4776 14766 13811 16187 4776 10418 16187 564 16187 16187 16187
1229 7740 5476 1885 13988 830 4776 2616 8719 3171 2563 16187 16187 16187 16187 16187
1229 7740 3644 9754 14263 3171 14596 6070 3192 16187 16187 954 16187 16187 3192 7377
1229 7740 5476 1885 13988 830 4776 2616 8719 3171 2563 16187 16187 16187 1229 16187
9441 1147 3543 2552 3171 12256 7937 3177 4189 16187 16187 16187 16187 16187 16187 16187
4267 926 4776 15064 3177 4776 8808 8268 16187 14180 816 16187 8733 16187 8185 16187
926 14569 1019 6173 8710 4660 1955 14016 8719 6259 11901 7693 4927 16187 16187 16187
12008 3171 2563 3388 8719 5463 14139 5463 7740 4537 3644 9754 926 1919 16187 16187
12008 3171 2563 4537 3847 9754 12596 7742 16187 16187 16187 16187 16187 16187 16187 16187
12008 3171 2563 3388 8719 5463 13021 5889 16187 926 16187 16187 926 16187 9450 2837
1098 3211 8268 1098 471 8268 10915 795 16187 16187 16187 16187 16187 16187 16187 16187
3842 8712 16187 4776 12012 13348 16187 12020 926 3994 12825 13411 16187 4404 2598 16187
4776 11646 8710 5297 6535 10355 8719 5713 4440 16187 16187 14397 16187 16187 16187 16187
7740 8197 3171 2563 14919 15525 3177 9484 8506 16187 16187 16187 16187 16187 16187 16187
9036 3171 2563 16187 12495 12495 16187 12495 6280 7001 16187 1919 15096 7001 16187 16187
7740 8197 3171 2563 14919 15525 3177 9484 8506 16187 6140 9591 16187 14581 4776 14596
6297 4776 926 8710 6259 8270 950 512 926 926 16187 16187 16187 16187 16187 16187
3842 16187 16187 1737 8268 12349 4776 12489 16187 16187 16187 16187 7970 16187 4707 16187
4776 2563 779 2446 4641 1954 12256 10619 9484 16187 12276 16146 16187 16187 12276 16187
7740 2446 9429 8712 14470 11553 12766 14855 12233 4776 5197 9955 16187 16187 16187 16187
7740 2446 9429 8712 14470 11553 12766 14855 12233 4776 5197 9955 16187 8710 6070 6273
7740 2446 9429 4776 3384 13089 15846 10092 11953 9151 926 4931 3730 6813 16187 1229
12495 1597 926 5711 16187 16187 16187 16187 16187 16187 16187 16187 16187 16187 16187 16187
12495 1597 926 5711 16187 6297 16187 4776 12835 14237 4776 14596 5463 4776 14596 16187
6070 10355 13348 16187 4103 1955 6535 10355 1955 8712 13942 8119 16187 16187 9465 16187
6259 3098 2563 8268 12716 8268 4795 20 12233 14272 3364 2823 6259 3529 5813 16187
4776 4267 8084 2563 16105 16187 14180 1778 11553 12233 15597 14585 16187 16187 16187 926
4776 12529 8230 8268 7090 8651 8712 14180 5022 14237 3927 6527 12233 4776 1816 16187
14069 4931 1229 630 3177 5713 1515 14029 5463 7740 4931 7336 15328 2903 16187 16187
14069 4931 1229 630 3177 5713 1515 14029 5463 7740 4931 7336 15328 2903 16187 16187
14069 4931 1229 630 3177 5713 1515 14029 5463 7740 4931 7336 15328 2903 16187 16187
8712 13942 14927 3847 9754 15956 203 12233 4924 16187 16187 16187 16187 16187 16187 16187
8712 13942 14927 3847 9754 15956 203 12233 4924 16187 16187 16187 16187 16187 16187 16187
8712 13942 14927 3847 16187 2148 12233 926 16187 11331 16187 16187 16187 16187 16187 16187
4325 4552 5329 3443 1512 16187 16187 16187 16187 16187 16187 16187 16187 16187 16187 16187
4325 4552 5329 3443 1512 16187 7877 10355 16187 16187 16187 960 16187 16187 16187 16187
4325 4552 14237 7926 5867 52 1094 1919 342 926 16187 16187 16187 16187 16187 16187
6363 16187 16187 16187 16187 16187 16187 16187 16187 16187 16187 16187 16187 16187 16187 16187
6363 16187 1138 6390 14029 4776 5425 8719 4779 5711 16187 8710 6259 6070 2563 13348
6363 16187 9431 16187 7740 10503 12276 926 8710 9743 16187 11889 6259 1138 2563 5711
7740 2446 6635 4776 4189 10967 12128 926 6070 630 16187 16187 16187 16187 16187 16187
7740 2446 11889 4776 2946 16187 3553 830 5820 926 16187 16187 16187 16187 16187 16187
7740 2446 6635 4776 4189 10967 12128 926 6070 630 16187 16187 16187 16187 16187 2353
12008 8268 14237 8712 82 9070 12233 1436 3171 8268 7926 4931 6297 10355 16187 16187
12008 8268 6011 11553 12233 6826 4776 4776 9431 983 15597 16058 6297 16187 16187 12495
12008 8712 2326 3847 12576 16187 7708 16187 9290 16187 16187 2541 16187 16187 16187 7336
12757 9070 8268 6011 16138 11889 8712 16187 16187 16187 16187 16187 16187 16187 16187 16187
12757 9070 16187 10566 3177 4776 8185 16187 16187 12495 16187 12008 6011 16187 15956 16187
6011 11553 569 3177 10298 14237 14831 16187 8268 1919 3192 16187 4302 926 16187 16187
14069 11744 9754 13084 12135 11889 4776 817 12135 16187 16187 16187 16187 16187 16187 16187
14069 11744 9754 13084 12135 11889 4776 817 12135 16187 13839 16187 10355 16187 16187 8719
8712 16138 8093 2823 926 8268 926 8268 8710 4776 926 16187 16187 16187 13348 16187
14734 9534 3112 3171 2563 3413 12233 5867 11789 1955 8726 6011 9498 14069 13348 16187
4267 12233 11553 926 5406 8268 926 926 8268 5711 16187 2837 2308 16187 16187 16187
14734 8808 8710 13074 14237 6011 5208 926 1919 14745 1344 14108 16187 16187 16187 16187
7001 2552 4776 11041 926 13084 926 13348 16187 16187 16187 16187 16187 16187 16187 16187
7001 2552 4776 11041 926 13084 926 13348 16187 16187 16187 816 1378 16187 16187 16187
7001 2552 4776 11041 926 13348 16187 13348 16187 13348 16187 13348 16187 7740 14581 11889
4552 4776 926 16187 16187 16187 16187 16187 16187 16187 16187 16187 16187 16187 16187 16187
4552 4776 926 16187 14180 3177 5713 13909 8719 926 5867 926 8710 10917 16187 16187
1138 12232 6011 13637 4776 8656 8335 3177 12276 1416 3177 1110 2598 5711 16187 16187
13839 8710 4776 10922 10501 3177 3171 2563 16187 16187 16187 16187 16187 16187 16187 16187
4267 926 4776 15064 3177 1390 16187 5329 10418 16187 9084 5329 2823 16187 16187 16187
8710 4776 10025 12835 8719 4776 10033 16187 14180 4776 14596 16187 3098 16187 16187 16187
3171 8710 1378 6071 7637 5463 7740 4931 8093 2326 4998 8719 13551 16187 16187 16187
3171 8710 1378 6071 7637 5463 7740 4931 8781 12233 2823 12276 12349 926 16187 16187
3171 8710 1378 5463 15846 8733 1597 16146 9431 983 14172 4265 1919 926 16187 16187
3774 926 8268 10355 1955 2296 16187 16187 16187 16187 16187 16187 16187 16187 16187 16187
926 12767 6135 1138 4231 820 12115 14311 3859 8268 15828 5711 16187 16187 16187 16187
926 12767 6135 1138 4231 820 12115 14311 3859 8268 15828 5711 16187 16187 16187 16187
11499 8268 8712 9084 5329 16187 16187 16187 16187 16187 16187 16187 16187 16187 16187 16187
11499 8268 8712 9084 5329 16187 1407 9070 15978 3177 8712 16187 16187 16187 16187 16187
1955 703 14038 2263 1954 4750 8268 6011 15846 2823 2148 13929 16187 16187 16187 16187
14030 8268 3171 2563 5020 4265 9041 9850 564 13103 3177 926 16187 16187 16187 16187
14030 8268 3171 2563 5020 4265 9041 9850 564 13103 3177 926 16187 16187 14221 16187
10566 3177 4776 2689 3766 2979 10967 4312 16187 2903 16187 6173 16187 12416 16187 16187
8712 779 10355 1259 16187 16187 16187 16187 16187 16187 16187 16187 16187 16187 16187 16187
8712 779 13084 4152 16187 3748 4776 926 16187 16187 7740 9429 16187 6535 16187 16187
8712 779 10355 1259 16187 7926 3847 16187 8270 16187 14237 16187 16187 16187 16187 16187
14237 8712 926 9070 4609 14237 5297 3847 16187 16187 16187 16187 16187 16187 16187 16187
14237 8712 3847 9754 11553 12233 12349 4776 4440 16187 926 8719 4776 16187 16187 16187
14237 8712 926 9070 4609 14237 5297 3847 16187 16187 12233 5804 16187 16187 16187 8719
3171 8710 6601 4776 564 14599 12536 15867 779 8084 13663 16187 16187 16187 16187 16187
3842 3171 16187 16187 2563 16187 15649 4776 16146 10217 16187 16187 16187 16187 16187 16187
3171 8710 6601 4776 564 14599 12536 15867 779 8084 13663 16187 8457 16187 4832 16187
203 968 4776 2946 4552 2598 16187 16187 16187 16187 16187 16187 16187 16187 16187 16187
203 9084 4624 2979 12233 2823 2598 16187 16187 2598 16187 16187 4931 9575 16187 8719
203 9084 6011 4552 8712 8268 8557 8900 2598 16187 2598 16187 16187 2563 16187 8270
926 7926 8710 4537 12495 13178 12233 15002 9850 16187 16187 16187 16187 16187 16187 16187
3842 16187 16187 1737 9487 8268 10315 8268 3774 14237 16187 16187 6535 16187 16187 16187
7926 926 15525 3177 2832 8268 9222 10394 9640 15658 7926 8710 16187 16187 16187 16187
13474 926 4776 3078 11889 6259 1776 12045 11768 16187 16187 16187 16187 16187 16187 16187
3842 13474 926 8268 926 8268 1138 926 8268 5711 926 2837 8712 16187 16187 16187
13474 926 4776 3078 11889 6259 1776 16187 14734 1019 926 16187 16187 2598 16187 16187
5009 12233 4776 416 3177 643 16187 16187 16187 16187 16187 16187 16187 16187 16187 16187
4267 12233 11553 926 5406 8268 926 14043 926 16187 16187 16187 14043 4277 16187 16187
6259 13506 3504 2837 14734 16146 954 8268 14237 926 12233 2823 4776 926 16187 16187
12276 4714 14029 3171 10033 12232 2823 4370 5498 5867 926 11180 16187 16187 16187 16187
12276 4714 14029 3171 10033 12232 2823 4370 5498 5867 926 11180 16187 926 16187 16187
12276 5568 14986 8710 5463 12958 6546 7259 16187 13565 3177 6259 926 16187 16187 16187
10288 779 8268 3177 10344 8268 3818 12007 9230 16187 16187 16187 16187 16187 16187 16187
4267 926 4776 15064 3177 4776 8808 16187 9498 16150 16187 16187 16187 16187 16187 16187
7740 6635 4776 13811 16187 10418 10967 6259 926 16187 14069 16187 16187 10646 926 8719
14180 1885 10399 4189 926 12233 14691 15202 1885 7367 926 926 16187 16187 16187 16187
14180 4776 11063 1603 14237 15480 15649 9605 820 5867 8268 9563 15358 5867 8661 16187
14180 1885 10399 4189 926 12233 14691 15202 1885 7367 926 926 16187 16187 15819 16187
8712 5867 6259 6070 8794 10033 16187 16187 16187 16187 16187 16187 16187 16187 16187 16187
8712 5867 6259 6070 8794 10033 16187 16187 16187 16187 16187 16187 14230 16187 14043 14043
8712 5867 6259 6070 8794 10033 16187 6259 1903 16187 16187 16187 16187 14125 16187 16187
7740 4552 9754 16187 16187 16187 16187 16187 16187 16187 16187 16187 16187 16187 16187 16187
7740 4552 9754 16187 7001 16187 16187 12650 8712 14237 12149 14043 151 16187 8185 16187
7740 4552 16187 7742 11889 4776 4927 16187 7740 15956 7001 16187 2552 8712 16187 16187
12008 4325 9498 816 13348 16187 16187 16187 16187 16187 16187 16187 16187 16187 16187 16187
12008 15662 5329 8733 2598 16187 16187 8185 14734 7981 16187 10918 16187 9790 16187 14237
12008 15662 14237 1919 14858 2598 16187 643 16187 2598 16187 16187 16187 14734 16187 14734
926 9339 8710 6259 15138 3177 4776 10033 14237 3847 9754 8069 9605 8116 13348 16187
3842 11889 4776 12012 13348 16187 12020 7740 1951 1919 14029 4776 9859 16187 16187 16187
926 8451 926 5867 6809 1955 1954 176 3177 1138 5711 6390 926 16187 16187 16187
6011 16138 9605 8712 8719 3171 2563 12495 13348 16187 16187 16187 16187 16187 16187 16187
6011 16138 8093 9605 5463 10244 10918 10036 16187 3171 16187 7164 10324 4776 2563 16187
6011 16138 9605 8712 8719 3171 2563 12495 13348 16187 6718 14776 5580 16187 10602 16187
7742 8268 7740 5208 13429 1957 14589 8656 15720 16187 16187 16187 16187 16187 16187 16187
7742 8268 7740 9084 5329 5568 12233 7001 16187 2552 8712 15525 8719 16187 16187 16187
7742 8268 7740 5208 13429 1957 14589 8656 15720 16187 8719 4776 15933 13348 16187 13348
12128 8268 1954 817 926 8268 8710 4776 3137 926 16187 16187 16187 16187 16187 16187
3842 11889 4776 12012 13348 16187 12020 7740 1442 14237 7740 1951 14029 4776 12825 11839
926 1439 7076 3748 7661 3177 4312 8719 1486 5463 3112 4776 15518 9332 16187 16187
8712 5867 2837 9091 16187 16187 16187 16187 16187 16187 16187 16187 16187 16187 16187 16187
8712 5867 9122 1919 14287 14237 2943 12377 3177 9955 16187 16187 5372 16187 10053 16187
8712 5867 1344 3398 16187 14237 11553 6259 5948 3177 16146 16187 16187 16187 16187 16187
14237 91 8712 5046 4931 232 16187 16187 16187 16187 16187 16187 16187 16187 16187 16187
14237 91 5463 8710 6259 6070 9450 4152 16187 14043 14031 16187 16187 16187 16187 16187
14237 91 8712 5046 4931 232 16187 16187 14237 4552 9754 7001 16187 16187 2552 8719
14237 3575 13216 9230 10967 14069 16187 16187 16187 16187 16187 16187 16187 16187 16187 16187
14237 5329 8069 1229 16187 16187 11839 5463 10033 8710 5329 16187 2115 16187 3211 16187
14237 5074 8428 12767 16187 14237 10603 15525 12233 2823 6259 10887 1583 16187 16187 16187
1378 2588 9438 8268 1543 9084 4325 10603 9743 100 2598 16187 16187 16187 16187 16187
1378 2588 9438 8268 1543 9084 4325 10603 9743 100 2598 16187 2598 16187 16187 2598
1378 9290 1378 5738 1378 1787 13348 16187 7612 3177 8656 16187 3192 16187 3192 16187
12008 9591 1919 4776 9918 3575 16187 16187 16187 16187 16187 16187 16187 16187 16187 16187
12008 203 4552 5713 12835 1866 8726 4325 11031 926 10967 926 8715 16187 16187 14596
12008 9591 3177 5713 926 926 16187 14180 5463 16187 8781 16187 16187 16187 16187 16187
13084 1378 926 1885 4776 9385 8428 12233 926 4776 6102 15 830 926 16187 16187
4776 4267 8084 16187 8084 12449 12233 11553 6259 926 16187 16187 16187 16187 16187 16187
4776 11191 4671 3257 15909 16187 3257 5022 1919 6259 10372 16187 12008 6259 12715 16187
4776 8199 3847 5329 10114 12911 1955 6826 11553 8592 16187 16187 16187 16187 16187 16187
4776 8569 1543 1138 4776 8268 926 1919 4776 8521 8710 4776 2221 16187 16187 16187
4776 8199 2432 8710 4776 564 7740 11553 8466 13348 16187 1019 10967 2148 16187 13348
1543 4552 4776 8936 7001 2598 16187 16187 16187 16187 16187 16187 16187 16187 16187 16187
1543 4552 4776 8936 7001 2598 16187 2598 16187 13720 2598 16187 7926 3847 16187 2598
6173 9084 7740 11393 4776 926 2598 16187 16187 16187 14734 875 16187 16187 16187 16187
3171 9577 771 16074 1505 12835 14237 6259 15761 13839 16187 16187 16187 16187 16187 16187
3171 13141 12233 1954 8847 8423 11063 2780 513 15649 8710 4776 4949 9405 2598 16187
3171 9577 771 16074 1505 12835 14237 6259 15761 13839 16187 15840 2903 16187 5217 16187
4776 11466 5629 11457 14237 14734 4125 8710 2689 8268 14834 14237 9355 16187 16187 16187
4776 4267 8084 16187 11553 771 4776 983 12233 4776 2563 16187 16187 16187 16187 16187
4776 11466 5629 11457 14237 14734 4125 8710 2689 8268 14834 14237 9355 16187 16187 16187
7740 4552 9754 15956 16187 16187 16187 16187 16187 16187 16187 16187 16187 16187 16187 16187
7740 4552 9754 15956 16187 14180 1390 8719 926 16187 3137 12507 16187 16187 16187 16187
7740 4552 9754 15956 16187 8712 5867 11953 6259 6071 14237 13616 16187 8712 5867 16187
4776 10033 8383 6313 4440 8268 1502 10960 14237 11907 9039 16187 16187 16187 16187 16187
4776 10033 13729 8719 8656 1486 13341 16187 14237 4776 10033 16187 8093 926 16187 16187
4776 10033 8710 7518 14029 4776 15939 926 13454 2837 926 926 16187 16187 16187 16187
8796 16187 16187 16187 16187 16187 16187 16187 16187 16187 16187 16187 16187 16187 16187 16187
8796 16187 16187 16187 820 16187 8185 16187 7740 3553 6011 16187 926 16187 16187 16187
8796 16187 16187 16187 6874 8719 4776 10033 8268 13907 8712 16187 16187 16187 16187 11889
3171 10033 779 6070 10762 11646 14237 12013 16187 16187 16187 16187 16187 16187 16187 16187
3171 10033 779 6070 10762 11646 14237 12013 16187 10770 16187 16187 2122 16187 16187 16187
3171 10033 779 1344 6259 14596 12233 7661 2263 9222 14237 4776 11954 10033 10781 16187
8712 5867 6070 2689 16187 16187 16187 16187 16187 16187 16187 16187 16187 16187 16187 16187
8712 5867 12495 8172 12233 2823 830 6259 2149 14043 7725 9887 16187 7001 16187 2552
8712 5867 6070 2689 16187 12606 14237 6011 11553 6259 9424 16187 14635 16187 16187 16187
926 582 4931 13999 8268 12606 8268 8798 6259 10894 14902 16187 16187 16187 16187 16187
3842 11889 4776 12012 13348 16187 12020 7740 1442 14237 7740 1951 14031 14180 16187 6070
926 14827 6905 1455 12233 1044 8913 12008 13084 1378 15846 1453 14745 16187 16187 16187
8710 9754 13226 10518 12233 2823 8719 14069 2598 5711 16187 16187 16187 16187 16187 16187
4267 10033 3177 4776 5365 2598 16187 16187 12515 16187 1954 9937 16187 16187 16187 16187
8710 8712 5580 1378 3177 4776 10566 13542 2563 6489 3177 14180 983 2598 16187 16187
926 1787 10217 8710 6259 3257 176 16187 16187 16187 16187 16187 16187 16187 16187 16187
926 7001 2858 926 3994 2384 16187 983 13348 16187 11367 16187 13932 16187 9431 8719
926 1787 10217 8710 6259 3257 176 16187 10272 16187 8656 16187 16187 16187 16187 16187
4776 926 14776 10523 1955 926 14237 4470 12233 4189 8719 4776 8539 926 8565 16187
4776 926 14776 10523 1955 926 14237 4470 12233 4189 8719 4776 8539 926 8565 16187
4776 926 14776 10355 14237 1229 8710 4776 14599 16187 16187 926 16187 16187 8855 16187
1952 926 4931 477 4776 2117 5365 14237 9084 14411 1957 4776 9138 4277 16187 16187
3842 11889 4776 12012 13348 16187 12020 7740 1442 14237 7740 1951 1919 12233 4924 8719
6173 10288 926 10033 9277 2823 8268 8719 3511 8268 4776 564 16187 7740 9884 8084
1229 3748 7740 8309 1919 4776 14164 12233 2552 2814 14237 7926 4931 816 16187 16187
1229 9084 13769 12284 14237 11953 12127 16146 16112 3246 8719 4776 1787 16187 16187 16187
1229 1597 703 2326 11553 12233 420 8268 10324 926 16187 16187 16187 16187 16187 16187
4776 284 14776 5329 4776 926 7740 9884 8466 12008 4325 11031 13807 3098 9890 16187
4776 8569 9288 14180 9085 16187 2097 16187 779 6259 5948 16187 16187 16187 16187 16187
4776 3673 9277 5329 2823 11889 926 14043 926 16187 14043 771 12233 8712 1955 16187
926 16187 16187 16187 16187 16187 16187 16187 16187 16187 16187 16187 16187 16187 16187 16187
926 16187 5329 7401 10399 12233 8733 3171 10033 16187 16187 16187 8456 16187 16187 16187
926 16187 1787 16187 2903 8268 5568 1955 7742 16187 16187 16187 5328 16187 13348 16187
14834 11900 16187 16187 16187 16187 16187 16187 16187 16187 16187 16187 16187 16187 16187 16187
4267 3177 14180 926 8569 16187 16187 15096 16187 16187 16187 16187 6535 16187 16187 1329
6826 2176 8268 3698 3078 16187 16187 16187 15819 10418 16187 16187 16187 16187 16187 16187
4776 12835 14180 11553 6070 7168 9452 16187 16187 16187 16187 16187 16187 16187 16187 16187
4776 14599 3007 1120 14237 8719 4269 12233 2823 926 16187 11162 16187 16187 16187 16187
4776 12835 14180 11553 6070 7168 9452 16187 3171 2563 16187 8710 16187 16187 16187 16187
3171 8710 6259 6070 10355 9577 16187 16187 16187 16187 16187 16187 16187 16187 16187 16187
3171 8710 6259 14411 476 4776 4776 12298 3384 16187 1229 15389 16187 16187 2148 830
3171 8710 6259 6070 10355 9577 16187 643 16187 9442 8268 14237 1919 4776 2122 10272
3171 2563 4931 9754 10355 8268 7740 11789 9004 5611 6550 8712 16187 16187 16187 16187
3171 2563 4931 9754 10355 8268 7740 11789 9004 5611 6550 8712 16187 16187 11622 16187
3171 2563 4931 10355 8268 12008 14069 9498 6826 703 7740 9084 9754 11889 16187 16187
15595 11965 4776 9339 12738 14029 15597 16058 8258 12413 4312 16187 16187 16187 16187 16187
4267 12233 11553 926 5406 8268 926 14043 926 16187 16187 16187 16187 1919 11953 16187
4624 7448 8197 4776 14596 6826 5820 6985 16187 16105 16187 6683 3177 14237 5820 16187
7740 968 4537 1955 6280 12650 926 11401 16187 16187 16187 16187 16187 16187 16187 16187
7740 968 13616 11889 12233 15956 1543 12233 9605 6259 10305 11889 5463 8268 12576 16187
7740 968 4537 1955 6280 12650 926 11401 16187 11401 10036 16187 16187 16187 16187 16187
8712 5867 4537 5580 8569 16187 16187 16187 16187 16187 16187 16187 16187 16187 16187 16187
8712 5867 4537 6056 16187 16187 16187 2191 3177 4776 6226 16187 9887 16187 2552 16187
8712 5867 4537 5580 926 16187 16187 12127 11039 3177 2563 16187 16187 16187 16187 16187
7740 15956 13089 7740 15096 12233 2552 6011 8268 7740 973 14029 2643 16187 16187 16187
7740 4552 5329 15956 16187 14180 8592 16187 14237 926 16187 14237 3356 16187 12495 16187
7740 11530 8712 16187 14237 7740 15846 11728 15525 16187 16187 12757 9070 16187 16187 16187
13094 2903 4776 3137 2563 16187 16187 16187 16187 16187 16187 16187 16187 16187 16187 16187
3842 1957 14180 1737 16187 16187 16187 8069 2148 512 926 16187 16187 8069 15096 16187
14237 6826 3177 4776 5745 11179 284 9498 12256 16187 14237 4776 10418 16187 16187 16187
3171 8710 15389 12233 12650 2837 5430 1229 6011 5208 7721 14272 8710 9015 16187 16187
3171 8710 5329 15389 6259 10355 2563 3847 16187 2326 9450 16187 16187 14043 204 16187
3171 8710 15389 12233 12650 2837 5430 1229 6011 5208 7721 14272 8710 9015 16187 8710
11132 926 8710 10716 15848 16187 16187 16187 16187 16187 16187 16187 16187 16187 16187 16187
4267 926 4776 15064 3177 4776 8808 16187 9498 4325 16187 16187 16187 16187 16187 16187
926 8710 4776 8081 926 3177 926 16187 16187 817 16187 16187 5332 9290 16187 16187
4776 926 8710 5329 4776 9290 7926 8777 12233 2823 16187 16187 16187 16187 16187 16187
4776 926 8710 5329 4776 9290 6535 630 6259 954 16187 8719 1019 12825 16187 16187
4776 926 8710 5329 4776 9290 7926 8777 12233 2823 16187 16187 16187 16187 16187 14263
6011 5208 14581 14734 9540 14237 15926 1543 8084 8710 2860 16187 16187 16187 16187 16187
6011 5208 5329 8733 6259 2563 13280 13907 1382 15389 3748 13348 16187 16187 16187 16187
6011 5208 14581 14734 9540 14237 15926 1543 8084 8710 2860 16187 16187 16187 16187 16187
8726 1229 8268 7740 12232 1436 5463 13474 2497 16187 16187 16187 16187 16187 16187 16187
8726 1229 8268 14272 14776 6011 15274 830 2598 16187 16187 2598 16187 16187 2598 16187
12008 7740 4537 9429 7926 5867 926 16187 12538 16187 643 16187 11889 14745 16187 16187
8554 16187 16187 16187 16187 16187 16187 16187 16187 16187 16187 16187 16187 16187 16187 16187
8554 16187 16187 6304 5463 7740 12232 8197 8712 6259 12233 6407 15525 16187 16187 12650
2066 1376 8185 14776 4776 926 3177 13242 2525 16187 16187 16187 9769 16187 16187 16187
14237 91 5656 4776 9450 3942 4776 284 14776 8569 13348 16187 16187 16187 16187 16187
14237 5329 8719 4776 9594 3211 4464 3177 1138 2977 926 8268 5711 9890 16187 6259
14237 5463 5867 4776 795 10501 16187 16187 15658 11553 16187 10646 16187 16187 16187 16187
4776 3765 11273 6378 8710 9780 16187 16187 16187 16187 16187 16187 16187 16187 16187 16187
4776 9385 5463 7926 8912 12233 2823 14734 2588 8710 1543 4776 2746 16187 16187 926
4776 3765 11273 6378 8710 9780 16187 2002 830 6259 14596 5463 12349 4776 11274 16187
4776 926 9498 14180 926 2903 16187 16187 16187 16187 16187 16187 16187 16187 16187 16187
4776 926 9498 14180 926 2903 16187 6535 7742 16187 16187 926 16187 16187 16187 16187
4776 926 9498 14180 926 2903 8268 14237 6826 14776 10602 16187 16187 16187 926 8719
830 11889 14139 12291 8719 4776 2563 16187 16187 16187 16187 16187 16187 16187 16187 16187
9850 16187 5329 14180 4776 10033 3847 16187 7742 16187 8270 16187 816 16187 16187 16187
2143 9484 8268 830 1750 14272 8712 8710 16187 15525 2598 16187 16187 16187 16187 16187
5463 5867 4776 9431 9424 5463 13213 15525 16187 16187 16187 16187 16187 16187 16187 16187
5463 4931 4537 5329 13178 16187 2563 16187 12008 2263 5046 16187 16187 16187 16187 10671
5463 4931 4537 4776 564 3177 8712 16187 7740 9884 8084 8466 16187 16187 14125 14043
12276 1860 8710 4776 15708 8719 4776 132 16187 16187 16187 16187 16187 16187 16187 16187
12276 11998 3942 1919 3171 10033 8710 926 16187 16187 5388 16187 16187 16187 16187 16187
12276 1860 8710 4776 15708 8719 4776 132 16187 16187 6601 10874 12233 2823 16187 16187
14237 7740 1959 5189 13089 7740 4931 6259 8761 16187 16187 16187 16187 16187 16187 16187
14237 7740 1959 5189 13089 7740 4931 6259 8761 16187 9084 16187 16187 816 8719 4776
14237 7740 1959 5189 13089 7740 4931 6259 8761 16187 13348 16187 14043 16187 16187 16187
9197 926 8710 6259 5948 3177 10770 16187 16187 16187 16187 16187 16187 16187 16187 16187
4267 926 4776 15064 3177 4776 8808 16187 9498 16150 16187 16187 16187 16187 16187 16187
6259 2765 3177 926 16187 926 14237 926 16187 926 16187 16187 16187 16187 16187 16187
9642 8875 8710 8349 926 8719 14734 4499 16187 16187 16187 16187 16187 16187 16187 16187
3842 4311 13084 13122 8268 6259 5332 7970 16187 9442 2563 9222 16187 11339 8268 14180
7926 7076 14734 10638 6070 10355 16187 16187 16187 1919 8712 16187 16187 16187 16187 16187
8712 5867 5329 1955 15884 12233 14192 1955 8712 9277 9745 16187 16187 16187 16187 16187
8712 5867 5329 11889 7926 12449 12233 8268 12008 8712 4931 6259 8438 3177 14462 16187
8712 5867 4537 10915 8439 14237 113 16187 8185 926 926 926 926 16187 16187 16187
8712 5867 5329 4776 10033 5867 12732 16187 16187 16187 16187 16187 16187 16187 16187 16187
8712 5867 5329 4776 10033 5867 12732 16187 14069 16187 1597 820 16187 16187 8719 15597
8712 5867 5329 4776 564 8569 2563 15525 14069 12008 8712 3847 11553 2263 3766 16187
3977 8710 11643 14237 1957 14734 564 1955 4776 6070 5963 12008 14834 817 926 16187
3842 1919 12127 926 3177 5937 1750 16187 12349 6683 14029 14397 926 16187 16187 16187
4776 888 13839 8710 12256 14237 4189 10967 6259 7742 13663 14599 16187 6259 14397 16187
3171 8710 4776 7791 2615 3177 3177 926 14237 582 16187 16187 16187 16187 16187 16187
3171 8710 4776 4267 7740 11553 8084 8466 16187 16187 816 8719 10033 16187 16187 16187
3171 8710 4776 7791 2615 3177 3177 926 14237 582 16187 16187 16187 16187 9424 16187
6070 10761 14237 4660 16187 16187 16187 16187 16187 16187 16187 16187 16187 16187 16187 16187
4267 3177 14180 4776 2946 14237 15597 12835 14776 1229 6011 16187 16187 16187 16187 16187
6070 10761 14237 4660 16187 9442 14237 9332 16187 6070 10761 14237 9442 16187 9442 11836
5836 926 14237 926 8268 926 14776 118 10918 12233 643 16187 16187 16187 16187 16187
3842 11889 4776 12012 13348 16187 12020 7740 1951 1919 14029 16187 9465 16187 4776 9577
926 1439 7076 3748 7661 3177 4312 8719 1486 5463 3112 4776 15518 9332 16187 16187
7740 1442 8712 14029 4776 10887 1583 13089 8712 2979 15525 16187 16187 16187 16187 16187
9036 3171 2563 16187 12495 12495 16187 12495 16187 1919 15096 16187 5332 16187 3286 16187
7740 1442 8712 14029 4776 10887 1583 13089 8712 2979 15525 16187 16187 16187 16187 16187
7926 926 1919 8712 14237 8451 5463 8712 5867 5820 16187 16187 16187 16187 16187 16187
3842 13474 926 8268 1138 926 5711 16187 2148 1329 16187 16187 16187 16187 10501 16187
7926 926 1919 8712 14237 8451 5463 8712 5867 5820 16187 5329 16187 16187 16187 16187
3644 9754 4552 5463 8268 7250 926 16187 16187 16187 16187 16187 16187 16187 16187 16187
4552 9754 7001 12233 4776 12192 14237 6698 8712 12307 1955 7742 16187 16187 16187 16187
4552 6011 9429 5711 16187 4537 3748 4776 9290 16187 16187 16187 16187 2563 16187 16187
8404 4552 9754 13533 7156 777 14237 9264 6713 16187 16187 16187 16187 16187 16187 16187
9084 9754 9429 1229 16187 977 8719 4776 926 16187 16187 4931 926 926 16187 926
5332 4624 14776 8781 6423 1919 16078 3177 1825 5463 15202 4931 16187 16187 16187 16187
1229 3171 3059 4931 2326 10053 12233 9070 14237 9316 8712 16105 9070 899 16187 16187
9036 3171 2563 16187 12495 12495 16187 12495 6280 7001 16187 7001 1919 16187 16187 16187
3171 2563 3364 11553 2263 6259 14596 16187 1229 630 16187 8270 16187 1583 16187 16187
5833 12233 5713 10217 7377 2946 8360 1919 1138 6308 4915 15909 5711 4931 926 16187
4267 12233 11553 926 5406 8268 926 1919 926 926 16187 16187 16187 16187 16187 10077
5713 9288 13081 11889 5820 15272 14237 684 15597 14465 1344 3917 16187 16187 16187 16187
5329 447 16187 16187 16187 16187 16187 16187 16187 16187 16187 16187 16187 16187 16187 16187
5329 447 16187 16187 12008 7740 11889 12120 14237 926 14237 926 16187 16187 16187 16187
13077 16187 12489 8185 16187 8704 15525 3177 9484 16187 3192 16187 16187 16187 7970 16187
10967 9743 12477 820 1957 926 16187 16187 16187 16187 16187 16187 16187 16187 16187 16187
203 11953 6259 15335 11262 2598 16187 12233 6259 6071 2563 16187 5774 16187 10671 16187
12008 5713 14776 9160 4776 5309 926 16187 8733 16187 3210 16187 1378 16187 7314 16187
7740 6635 3171 2563 8268 7740 6635 8712 569 16187 16187 16187 16187 16187 16187 16187
7740 2326 12449 12233 11889 3171 2563 15978 3177 14180 4776 2946 16187 3098 16187 15597
7740 2326 6635 3171 2563 8268 5329 5568 8710 8712 10434 8712 5867 2002 16187 16187
11719 8268 4776 10033 3112 9450 2490 16187 16187 16187 16187 16187 16187 16187 16187 16187
11719 8268 4776 10033 3112 9450 2490 16187 8081 12835 9498 15096 16187 16187 12008 16187
11719 8268 4776 10033 3112 9450 2490 16187 8081 2563 3177 4776 10033 5867 16187 16187
7740 8154 3171 12233 10671 3177 4776 10983 14237 4776 13035 16187 16187 16187 16187 16187
9036 3171 2563 16187 12495 12495 16187 12495 16187 1919 15096 16187 5332 16187 3286 16187
7740 8154 3171 12233 10671 3177 4776 10983 14237 4776 13035 16187 6535 630 779 6259
4537 13089 6011 9429 5463 3171 443 5208 11190 13084 14945 7926 3847 16187 16187 16187
4537 13089 6011 9429 5463 3171 443 5208 11190 13084 14945 7926 3847 16187 16187 16187
7926 5867 10918 14237 7926 5867 8270 4311 8084 13348 16187 16187 16187 2097 3177 16146
13084 2191 5463 6011 1019 4776 8808 6173 14776 926 14237 3908 8712 830 5430 16187
3842 16187 16187 1737 8268 4624 14180 16187 308 16187 16187 16187 16187 16187 16187 16187
4776 14241 13216 14029 14237 14029 16187 16058 16187 16187 16187 2296 16187 16187 16187 16187
4624 14776 9754 91 12233 15105 8268 4624 14776 91 12233 1654 14237 14581 16187 16187
4624 14776 9754 91 12233 15105 8268 4624 14776 91 12233 1654 14237 14581 16187 16187
4624 14776 9754 91 12233 15105 8268 4624 14776 91 12233 1654 14237 14581 16187 16187
203 3364 7740 9429 5463 3171 15846 2823 7145 2598 16187 16187 16187 16187 16187 16187
14272 4552 6011 9429 8712 14180 7156 2598 16187 16187 2598 16187 16187 16105 16187 16187
14272 4552 6011 9429 8712 14180 7156 2598 16187 2598 16187 14734 8719 1885 16187 16187
1783 8710 2697 5314 11209 12459 8268 14069 5867 5329 8069 6259 1783 15433 16187 16187
3842 1957 14180 1737 16187 16187 1133 16187 9605 8719 6259 15096 16187 16187 16187 16187
8712 5867 7931 8268 14237 8798 4776 6850 14237 5445 3211 3112 8712 4189 16187 16187
14237 8712 5867 11889 6259 4328 6340 16187 16187 16187 16187 16187 16187 16187 16187 16187
14237 8712 5867 11889 6259 4328 6340 16187 16187 16187 16187 16187 16187 16187 16187 16187
14237 8712 5867 11889 6259 4328 6340 16187 16187 16187 5388 16187 16187 16187 16187 16187
8712 5867 6259 14485 8719 5349 16187 16187 16187 16187 16187 16187 16187 16187 16187 16187
8712 5867 6259 13193 14251 1957 15516 926 16187 15881 1954 817 10403 926 16187 16187
8712 5867 6259 14485 8719 5349 16187 6259 8081 1787 16187 2563 16187 16187 7970 16187
15846 6096 7076 6826 817 12135 11757 16187 16187 16187 16187 16187 16187 16187 16187 16187
15846 6096 7076 6826 817 12135 11757 16187 3748 4776 1583 16187 16187 16187 16187 10336
15846 6096 7076 6259 13640 8719 4776 5365 926 8719 11168 11215 10250 926 16187 16187
8712 4537 6546 6259 15335 1243 817 16187 16187 16187 16187 16187 16187 16187 16187 16187
8712 4537 11953 7365 8268 12008 5046 13084 926 16187 16187 16187 16187 16187 16187 16187
8712 4537 6546 6259 15335 1243 817 16187 14457 3177 6259 926 16187 983 16187 16187
5359 8268 6070 3356 13348 16187 16187 16187 16187 16187 16187 16187 16187 16187 16187 16187
5359 8268 6070 3356 13348 16187 2974 3177 6259 2664 926 16187 16187 16187 16187 16187
7742 8268 7926 5046 2128 10324 1919 3171 10033 16187 1919 8712 12495 16187 16187 16187
14272 3364 2823 10355 11953 6259 10398 15987 830 4404 10398 2598 16187 16187 16187 16187
14272 3364 2823 10355 11953 6259 10398 15987 830 4404 10398 2598 16187 16187 816 16187
14272 3364 2823 10355 11953 6259 10398 15987 830 4404 10398 2598 16187 12233 16187 14272
15649 16105 15715 3171 2563 1954 10274 12805 16187 16187 16187 16187 16187 16187 16187 16187
8712 5867 11789 11889 5463 8712 5867 12766 16187 2148 13929 16187 11889 6259 5948 16187
8712 5867 15667 12233 1436 5463 1954 772 84 11889 13932 8948 12515 12349 16187 7981
15649 8710 1955 8712 3543 2823 16187 16187 16187 16187 16187 16187 16187 16187 16187 16187
8712 5867 1954 2997 10033 8268 12008 14691 2148 16187 512 6259 10033 16187 16187 16187
8712 5867 1954 11707 10567 12233 10094 14237 8172 14657 16187 14180 926 8719 4776 10033
8808 10801 13348 5711 16187 16187 16187 16187 16187 16187 16187 16187 16187 16187 16187 16187
4267 12233 11553 926 5406 10941 926 8268 1955 926 926 16187 7970 16187 16187 16187
6826 9449 926 12008 5297 13181 16187 9925 10501 3177 4776 10033 16187 16187 16187 1344
12716 8268 4776 10033 8710 2296 3398 13089 3082 5862 5713 703 16187 16187 16187 16187
12716 8268 4776 2563 7542 1411 9070 16187 12495 16187 4776 10344 16187 926 16187 12349
12716 8268 4776 10033 8710 2296 3398 13089 3082 5862 5713 703 16187 4552 16187 5820
7926 10452 6905 1919 2410 8268 8838 8268 14237 10212 3748 4776 14394 16187 16187 16187
3842 16187 16187 1737 9487 8268 10315 8268 3774 14237 16187 16187 6535 16187 16187 16187
7926 10452 6905 1919 2410 8268 8838 8268 14237 10212 3748 4776 14394 16187 16187 926
12570 13977 8719 3004 14272 779 13411 1919 14734 1045 16187 16187 16187 16187 16187 16187
4267 12233 11553 926 5406 10941 926 8268 14043 3364 2823 8944 16187 16187 10669 16187
6826 854 14237 2115 12036 16187 8185 926 8268 926 8268 926 14237 926 16187 16187
8726 8712 14180 9447 6070 13250 8268 5463 5867 15978 8712 8710 16187 16187 16187 16187
8726 8712 14180 9447 6070 13250 8268 5463 5867 15978 8712 8710 16187 12495 16187 16187
8712 5867 13384 11889 5463 5463 5867 10418 4931 1955 926 16187 16187 16187 14397 9780
8719 4776 2588 10240 7634 4931 8719 7926 14827 8069 2148 5074 16187 16187 16187 16187
8719 4776 2037 3177 3171 8268 7740 4931 6259 10887 14220 16187 16187 9084 16187 816
4776 2563 8834 4776 12529 9475 3177 4776 9577 16187 16187 16187 926 16187 16187 16187
8726 6011 10866 1138 6115 13623 5711 4311 6011 15846 12102 3171 16187 16187 16187 16187
8726 6011 10866 1138 6115 13623 5711 4311 6011 15846 12102 3171 16187 16187 10770 16187
8726 6011 11889 2066 14237 188 14734 564 3366 5867 9605 4776 926 14237 2588 16187
7740 3364 2823 15 12495 10399 2858 3171 16187 16187 16187 16187 16187 16187 16187 16187
7740 3364 2823 15 12495 10399 2858 3171 16187 16187 11789 8093 16187 11425 16187 6678
7740 3364 2823 15 12495 10399 2858 3171 16187 2599 14734 7188 3177 8368 16187 926
6259 3098 7652 830 10671 3177 4776 8439 926 6764 16187 16187 16187 16187 16187 16187
13084 1583 983 8710 4431 14029 11063 2780 4152 9361 14043 8843 12835 16187 16187 12233
4776 13112 6161 10978 8710 10781 13362 16187 5329 16187 10315 8712 16187 16187 16187 16187
4776 8656 15358 8719 4776 2563 14776 926 8268 926 14237 4776 9335 16187 16187 16187
4776 4267 10501 4931 5463 7909 3504 8268 7740 8313 8268 14272 4776 6286 2598 16187
4776 10267 11436 3744 926 8719 4776 100 14776 14180 816 8710 5350 9056 16187 16187
12008 9063 4776 11401 5656 13089 4776 451 926 14237 2903 5656 4776 6161 16187 16187
12008 9063 10324 6259 9450 16187 14237 10709 16187 6280 7001 16187 16187 16187 16187 16187
12008 9063 4776 11401 5656 13089 4776 451 926 14237 2903 5656 4776 6161 16187 16187
5442 3034 16187 16187 16187 16187 16187 16187 16187 16187 16187 16187 16187 16187 16187 16187
14776 4776 10217 4776 9790 443 2598 16187 16187 16187 9431 2563 16187 16187 16187 16187
5442 3034 16187 91 5867 4776 14596 16187 16167 926 16187 16187 16187 817 16187 16187
3171 6695 13422 779 6259 3502 14599 512 1597 8185 7740 9884 8466 16187 16187 16187
3842 3171 1378 16187 11839 8268 7740 11530 4776 4152 8268 14237 4776 834 12233 15597
3171 4931 15870 4776 14596 8268 8726 4776 14776 6011 16187 16187 16187 16187 16187 16187
11499 8268 7740 973 5329 13616 3171 11039 3177 10400 8084 11900 5463 7742 16187 16187
11499 7740 4931 9872 16187 16187 8719 12276 9574 16187 16187 16187 16187 16187 16187 16187
7740 3644 9754 9137 830 1885 3137 419 16187 16105 7001 16187 7001 16187 12650 16187
4776 15560 3504 6365 4931 5329 13532 9591 5813 1955 7742 16187 16187 16187 16187 16187
4776 4267 10501 4931 5463 7909 3504 8268 7740 8313 8268 14272 4776 6286 2598 16187
4776 11646 4931 8213 8268 203 3364 8712 5329 2666 6259 5267 2598 16187 6718 926
7926 8710 6259 4446 11761 13640 16187 16187 16187 16187 16187 16187 16187 16187 16187 16187
7926 8710 6259 4446 11761 13640 16187 14237 11553 6259 3192 16187 16187 16187 830 16187
7926 8710 6259 4446 11761 13640 16187 14237 2837 6259 7970 16187 16187 16187 16187 16187
926 8710 6259 8423 7560 12008 4142 1963 7551 16187 16187 16187 16187 16187 16187 16187
926 6259 9850 16187 6737 16187 8162 9498 2689 16187 16187 14237 684 2837 926 16187
926 8710 6259 8423 7560 12008 4142 1963 7551 16187 9355 16187 16187 6297 16187 7970
14069 5867 6259 8858 14217 14029 4776 948 16187 16187 16187 16187 16187 16187 16187 16187
14069 5867 13084 11656 14043 926 12233 4776 10549 3177 8712 8268 8712 5867 9264 16187
14069 5867 6259 8858 14217 14029 4776 948 16187 16187 16105 16187 2191 16187 16187 16187
12008 7740 5297 6635 8712 15978 7740 6124 15389 16187 16187 16187 16187 16187 16187 16187
12008 7740 12232 1436 5463 8712 5867 14219 512 14272 6011 14776 5807 16187 16187 2598
12008 7740 5297 6635 8712 15978 7740 6124 15389 16187 16187 7742 926 16187 16187 2097
5713 2946 14776 4537 6470 916 10638 5463 8733 4312 14691 2148 512 926 16187 16187
5713 100 4552 926 12008 8268 4325 11031 100 16187 16187 16187 926 2598 16187 16187
5713 2946 14776 4537 6470 916 10638 5463 8733 4312 2903 5463 1378 16187 926 10033
14030 8268 9431 3748 8268 12256 2563 16187 16187 16187 16187 16187 16187 16187 16187 16187
14030 8268 9431 3748 8268 12256 2563 16187 16187 16187 816 16187 16187 8440 5714 16187
14030 8268 9431 3748 8268 12256 2563 16187 16187 16187 16187 16187 16187 16187 16187 16187
5627 2858 4776 12489 926 16187 16187 16187 16187 16187 16187 16187 16187 16187 16187 16187
5627 14139 15525 3177 4269 16187 10114 8719 4269 12233 9605 6259 10501 16187 16187 16187
5627 2858 4776 12489 926 16187 16187 4687 12233 14192 16187 16187 4687 16187 16187 16187
6259 10682 12536 8268 16139 10418 8268 9122 1919 5695 3766 14237 8664 503 16187 16187
10242 3177 4776 2946 15956 203 12233 8733 4312 4552 1157 6672 16187 16187 16187 16187
4776 10418 8710 3098 16187 10566 16003 16187 7740 4552 9813 926 16187 16187 16187 16187
4552 9754 8069 9429 3177 9516 16187 16187 16187 16187 16187 16187 16187 16187 16187 16187
4552 9754 8069 9429 3177 9516 16187 16187 2598 16187 9059 16187 16187 16187 16187 16187
4552 9754 8069 9429 3177 9516 16187 2598 16187 4537 16187 16187 16187 16187 16187 16187
14069 5867 6259 3098 8855 3177 7804 8719 3171 10033 16187 16187 16187 16187 16187 16187
3842 16187 16187 1737 8268 12349 1378 16187 2588 5365 817 16187 1229 12349 4776 2563
14069 5867 6259 10355 2191 3177 13501 5329 14652 12008 10355 16187 16187 16167 3356 13348
12008 9367 779 14833 12233 188 12233 542 703 2903 16187 16187 16187 16187 16187 16187
12008 5329 9591 9831 3644 9754 8537 6259 8569 14596 16187 14734 14596 16187 16187 16187
12008 7926 6280 14827 15525 5463 8712 8710 9754 14734 8456 16187 16187 16187 16187 16187
1954 13903 8268 6845 10193 2221 16187 16187 16187 16187 16187 16187 16187 16187 16187 16187
1954 9332 6683 1957 10197 926 16187 7076 2837 926 16187 16187 16187 16187 16187 16187
1954 13903 8268 6845 10193 2221 16187 16187 6070 1435 16187 16187 16187 16187 16187 16187
14069 4931 4537 12495 630 1515 14029 830 1378 10033 13348 13348 16187 16187 16187 16187
8712 5867 6259 10033 1919 6259 5948 3177 1232 926 16187 14237 6535 16187 12401 16146
8712 5867 6259 7742 2608 8268 7742 13218 2563 5463 8470 6259 14596 16187 16187 16187
7740 771 1378 4537 11889 14745 16187 16187 16187 16187 16187 16187 16187 16187 16187 16187
7740 771 1378 4537 11889 14745 16187 926 16187 16187 10566 11889 3171 2563 16187 16187
7740 771 1378 4537 11889 14745 16187 2066 12008 7740 15956 16187 16187 8719 6259 16187
3177 13089 13474 926 12958 1778 6550 6259 926 926 16187 16187 16187 16187 16187 16187
3842 11889 8712 5867 2023 6011 8913 12233 13931 6011 16187 11889 13348 16187 16187 6011
14237 1919 1378 12529 1138 926 13348 5711 16187 16187 7970 16187 16187 16187 16187 16187
3171 2563 4931 3257 16187 16187 16187 16187 16187 16187 16187 16187 16187 16187 16187 16187
3171 2563 4931 5329 6259 3192 2664 2563 8268 14237 6011 5208 8158 16187 16187 16187
3171 2563 4931 3257 16187 16187 14237 4776 9290 16187 8158 16187 16187 16187 16187 16187
4776 9438 8710 12232 7740 12650 3171 10036 2598 16187 16187 16187 16187 16187 16187 16187
4776 15416 14237 13587 926 2903 16187 2563 5463 1919 6259 2689 14465 1919 4776 7310
4776 15416 14237 13587 926 2903 16187 1229 5332 16187 12767 16187 1957 5738 1378 4832
926 926 5867 12852 8710 11326 1430 830 4776 4750 926 16187 16187 16187 16187 16187
3842 4776 13182 16187 1957 8712 13216 16187 1381 12233 4776 4927 16187 16187 16187 926
926 926 5867 574 8710 1098 8268 14237 1378 3177 14734 2148 854 16187 1378 443
12008 4776 12578 5656 15525 8719 4776 2563 16187 16187 16187 16187 16187 16187 16187 16187
12008 4776 40 10418 3177 12273 926 8710 15658 8710 8270 16187 16187 16187 16187 16187
12008 4776 12578 5656 15525 8719 4776 2563 16187 7970 16187 16187 16187 16187 16187 16187
1955 6259 12887 8719 4776 3838 7740 11530 26 3177 4776 571 16187 16187 16187 16187
4267 12233 11553 926 5406 8268 926 14043 926 16187 16187 16187 16187 16187 16187 16187
1955 4776 10033 8428 8268 4624 2552 926 1842 926 926 926 16187 16187 16187 16187
12958 8710 11953 983 14237 13876 16187 16187 16187 16187 16187 16187 16187 16187 16187 16187
13084 3141 11953 8712 16187 7336 926 16187 16187 16187 9389 6259 11401 16187 643 16187
12958 8710 11953 983 14237 13876 16187 2326 16187 2148 512 3171 16187 7877 2689 2563
7740 16058 8712 14029 926 8268 1229 7740 5208 12650 8712 5274 16187 16187 16187 16187
7740 3141 4667 2257 3364 9884 926 6259 8270 950 830 926 5867 8808 16187 16187
7740 4537 1959 3171 2563 2588 4832 8268 14237 6594 13348 16187 10242 16187 16187 16187
4776 4302 1167 1042 10915 14691 12233 2823 15288 16187 16187 16187 16187 16187 16187 16187
4776 11608 4931 8423 10355 8268 12008 5462 9449 16187 16187 16187 14734 10566 10501 3177
4776 10355 8213 3052 8268 7248 10960 8268 11842 8268 8676 8268 14237 284 16187 926
9461 3177 3513 8268 3171 2563 779 12583 16187 16187 16187 16187 16187 16187 16187 16187
4267 3177 4776 8697 8268 6070 630 16187 16187 16105 830 13616 16187 16187 16187 16187
6070 4142 447 16187 12008 6071 2563 14237 2847 10399 12233 2823 16187 16187 16187 7671
10910 10232 6011 16063 9070 5550 926 13348 5711 16187 16187 16187 16187 16187 16187 16187
1019 1889 8268 8712 3364 5367 16187 10373 3194 2858 3171 12669 16187 16187 16187 16187
1019 2466 2148 6173 16187 15846 15846 1042 6011 8719 12102 983 16187 16187 2598 16187
8712 3543 808 6011 3177 4776 4488 9138 16187 16187 16187 16187 16187 16187 16187 16187
8712 3543 808 6011 3177 4776 4488 9138 16187 16187 16187 16187 16187 16187 16187 16187
8712 3543 808 6011 3177 4776 4488 9138 16187 16187 16187 16187 16187 2598 16187 16187
9850 6173 4776 132 16187 16187 16187 16187 16187 16187 16187 16187 16187 16187 16187 16187
9850 6173 4776 132 16187 9332 16187 1711 14237 16187 16187 6535 630 6259 16187 16187
6173 16187 6535 10355 49 14237 8733 2903 6683 3177 4776 10033 16187 16187 12495 16187
4931 5463 6259 3511 1229 6388 5937 8456 10716 15042 12233 9702 8712 2598 16187 16187
5463 4931 6259 4565 7937 3177 5889 16187 16187 16187 16187 16187 8569 16187 16187 16187
5463 4931 6259 2563 4032 9316 16187 14237 2148 12690 13348 16187 4832 5463 7733 4776
6259 10607 926 2598 16187 16187 16187 16187 16187 16187 16187 16187 16187 16187 16187 16187
6259 10607 926 2598 16187 16187 6655 1954 13926 3177 926 16187 16187 16187 16187 16187
6259 10607 926 2598 16187 16187 491 830 1885 789 12729 1885 16187 16187 9483 16187
4552 9754 2599 5463 6303 6011 16187 16187 16187 16187 16187 16187 16187 16187 16187 16187
4552 9754 2599 5463 6303 6011 16187 15525 16187 16187 10036 16187 16187 16187 16187 16187
4552 6011 9429 5463 12232 8733 8712 275 703 16187 4537 2598 16187 16187 16187 16187
15715 3171 2563 8719 926 8268 14069 14776 1597 8506 12233 2823 3717 16187 16187 16187
3842 3171 16187 16187 2563 16187 15649 4776 9139 8069 11674 16187 16187 8270 16187 14043
3171 2563 8710 3098 8726 6011 11031 15 830 6259 11406 14237 6826 4929 7314 16187
7740 10589 6635 3285 487 2053 3644 9754 12097 2598 16187 16187 16187 16187 16187 16187
7740 9084 9754 11889 5463 1957 14180 16187 7740 9084 10355 830 6640 16187 16187 16187
7740 10589 6635 3285 487 2053 3644 9754 12097 2598 16187 16187 8719 16187 2598 16187
14411 8268 7740 16138 7627 8712 16187 16187 16187 16187 16187 16187 16187 16187 16187 16187
14411 8268 7740 16138 7627 8712 16187 4776 9290 7926 656 15525 16187 16187 9431 983
7740 11530 14180 3177 4776 9577 12835 14237 12835 14776 6535 630 12233 5820 16187 16187
12276 9574 9850 9484 7742 8268 7740 2296 10866 4776 6801 15978 3177 4776 16187 16187
12276 9574 9850 9484 7742 8268 7740 2296 10866 4776 6801 15978 3177 4776 16187 16187
12276 9574 9484 9484 16187 3257 12008 3171 9484 16187 5673 1919 15096 12467 16187 789
5812 15202 7001 12790 12650 8712 7740 8197 10619 9484 16187 16187 16187 16187 16187 16187
4267 12233 11553 926 5406 8268 926 14043 926 16187 10887 16187 5711 16187 16187 8466
9484 9484 14272 5208 7740 1436 12818 5463 1799 4969 3847 8712 10036 16187 16187 16187
6011 15846 2823 3745 2758 16187 16187 16187 16187 16187 16187 16187 16187 16187 16187 16187
6011 15846 2823 5807 11953 8712 830 1597 2103 16187 16187 16187 13348 16187 13348 16187
6011 15846 2823 3745 2758 16187 14237 8712 3007 12233 2823 16187 16187 16187 16187 16187
4776 10418 8710 4776 14589 3437 9424 11953 3171 10033 16187 16187 16187 16187 16187 16187
4776 4267 8710 10501 9850 8268 2837 14221 16187 16187 16187 16187 12757 4421 926 16187
4776 9431 8710 4776 315 16187 1229 10355 2563 16187 15325 4776 4750 926 16187 16187
7740 12892 1378 10244 4786 1390 3418 3098 6006 12008 9450 6672 16187 16187 16187 16187
9036 3171 2563 16187 15978 12495 15096 16187 12349 14237 5328 6259 926 16187 16187 16187
7740 12892 1378 10244 4786 10355 4189 1919 926 14237 6259 7310 284 16187 16187 16187
7926 3847 9754 549 4776 4927 15866 1644 14745 12233 1957 9431 16187 16187 16187 16187
7926 3847 9754 549 4776 4927 8712 1644 12233 2823 16187 2598 16187 16187 16187 16187
7926 3847 9754 549 4776 4927 15866 1644 14745 12233 1957 9431 16187 1583 16187 14426
8712 5867 14180 1229 2444 3846 16187 16187 16187 16187 16187 16187 16187 16187 16187 16187
8712 5867 14180 1229 2444 3846 16187 4776 8588 14237 926 16187 16187 16187 16187 16187
8712 5867 14180 1229 10355 16187 14237 4776 7724 16187 1957 4776 9790 16187 8712 16187
10566 11107 926 1019 8794 6173 12260 2172 12233 8554 3202 2263 16058 13152 16187 16187
4267 12233 4776 2563 9594 926 926 8268 8719 4776 15939 16187 9084 9754 8733 14691
10566 11107 926 1019 8794 6173 12260 2172 12233 8554 3202 2263 16058 13152 16187 16187
14324 926 5463 16187 16187 16187 16187 16187 16187 16187 16187 16187 16187 16187 16187 16187
4267 10033 3177 4776 5365 2598 16187 16187 12515 6259 1999 3177 1954 4240 16187 16187
8069 14734 4776 926 926 1919 4776 926 926 14237 926 926 16187 16187 16187 16187
6826 3177 8712 8710 6070 232 16187 16187 16187 16187 16187 16187 16187 16187 16187 16187
6826 3177 8712 8710 9754 5463 7724 4240 4325 16187 16187 16187 16187 16187 9577 16187
6826 3177 8712 8710 6070 232 16187 512 2326 4776 10033 16187 16187 14180 4776 8794
5297 7926 16048 3171 2563 14237 7926 8710 9591 830 1378 2689 2122 6071 2563 16187
91 8268 6011 9605 14180 4776 8974 926 3575 16187 6259 926 16187 9605 16187 16187
13474 5867 5046 14734 12169 3177 6259 926 16187 16187 16187 16187 16187 1955 4963 16187
4776 15907 14237 9666 11404 9498 6826 3177 4776 10566 2115 7740 11553 8084 8466 16187
4776 15907 14237 9666 11404 9498 6826 3177 4776 10566 2115 7740 11553 8084 8466 16187
4776 8676 14776 2176 14237 14691 13942 4470 16187 12495 16187 4626 16187 16187 13780 16187
1885 9239 3543 2326 6683 15525 830 630 630 8270 4496 16187 16187 16187 16187 16187
1885 9239 3543 2326 6683 15525 830 630 630 8270 4496 16187 16187 16187 16187 16187
1885 1864 8268 6259 3011 9385 11921 12233 2823 14029 1885 8311 1957 14180 12291 16187
4624 12650 820 1058 2903 12233 6381 11239 15525 14069 830 14180 12233 2552 16187 16187
4624 12650 820 1058 2903 12233 6381 11239 15525 14069 830 14180 12233 2552 16187 10036
4624 1110 6011 16187 14237 4552 1110 14237 16187 8185 16187 16187 16187 16187 16187 16187
6173 15658 6672 3364 4552 3171 14237 1229 7742 16187 16187 16187 16187 16187 16187 16187
3842 3171 2856 11889 4776 12012 16187 3364 11553 12766 926 2598 16187 16187 16187 16187
6173 8712 15846 16187 6011 4537 6259 926 14237 15525 1378 16187 13348 16187 13348 16187
926 4773 926 4987 4773 16187 16187 16187 16187 16187 16187 16187 16187 16187 16187 16187
926 4773 926 10273 8268 4325 4552 16187 816 16187 8719 16146 4927 16187 16187 16187
926 4773 926 4987 4773 16187 4707 12233 15391 926 14237 926 8268 4776 926 14237
8712 8710 3098 12233 2552 2941 3573 4552 703 5463 13474 12232 9754 11606 4552 16187
8712 8710 5329 10399 12233 13317 8712 14180 15525 16187 14237 8712 5867 6259 6535 16187
8712 8710 3098 12233 2552 2941 3573 4552 703 5463 13474 12232 9754 11606 4552 16187
4776 14596 10740 15982 14237 11289 5629 4776 15840 14237 926 5867 1825 16187 16187 16187
4776 14596 10740 8719 2263 16058 4927 4776 4372 14237 13141 14776 1229 816 16187 16187
4776 14596 10740 15982 14237 11289 5629 4776 15840 14237 926 5867 1825 16187 16187 16187
4240 926 8268 926 926 3007 12233 6133 14734 2264 16187 16187 16187 16187 16187 16187
3842 11889 4776 12012 13348 16187 12020 7740 1951 1919 14029 4776 9859 16187 16187 16187
926 7740 973 2446 1378 3177 12276 926 2563 12008 14180 12349 10036 14237 10036 16187
15041 12870 11022 3171 12311 16187 16187 16187 16187 16187 16187 16187 16187 16187 16187 16187
4267 12233 11553 926 5406 10941 926 8268 14043 3364 2823 204 13348 16187 16187 16187
14734 8179 11900 14776 4142 926 16187 16187 6259 11897 16187 16187 9290 16187 16187 926
3171 2563 779 16105 9070 6259 14230 3177 3034 16187 16187 16187 16187 16187 16187 16187
3171 2563 779 12233 2823 8466 12233 2823 1170 13348 16187 16187 16187 16187 16187 16187
3171 2563 779 3818 1954 1846 14038 8719 830 14272 8710 3098 11953 5530 16187 926
3171 4931 6259 10810 13089 14286 5393 771 6259 7310 6683 5332 15096 1941 16187 16187
3171 4931 6259 10810 13089 14286 5393 771 6259 7310 6683 5332 15096 1941 16187 817
3171 4931 6259 630 926 2563 14237 7987 2903 12233 13834 13188 16187 15358 16187 16187
926 1138 926 5711 15199 12179 7063 5867 4707 4776 9450 926 14776 10913 926 16187
3842 4776 13182 16187 4537 2122 1919 8712 14180 4776 9339 12835 16187 10501 16187 16187
926 1138 926 5711 15199 12179 7063 5867 4707 4776 9450 926 14776 10913 926 16187
10619 14043 9484 3418 830 2053 1825 3177 12507 3994 2598 16187 16187 16187 16187 16187
4552 9754 3432 1919 3171 5251 8478 16187 6259 926 16187 16187 16187 14125 16187 16187
10619 14043 9484 3418 830 2053 1825 3177 12507 3994 2598 16187 12292 2598 16187 16187
6011 5208 5329 8733 6259 2563 13280 13907 1382 15389 3748 13348 16187 16187 16187 16187
6011 5208 5329 8733 6259 2563 13280 13907 1382 15389 3748 13348 16187 16187 16187 16187
6011 5208 14581 14734 9540 14237 15926 1543 8084 8710 2860 16187 16187 16187 16187 16187
14029 4776 926 15939 13348 16187 16187 16187 16187 16187 16187 16187 16187 16187 16187 16187
10242 3177 3171 10033 16187 926 16187 7076 2837 5836 14928 16187 16187 8719 15597 16187
14029 4776 926 15939 13348 16187 7542 4776 10418 4931 5695 8268 14599 16187 16187 16187
6363 9484 5090 1603 786 926 16187 16187 16187 16187 16187 16187 16187 16187 16187 16187
6363 14139 9484 7740 12773 6535 630 14691 10967 3171 2563 16187 8270 16187 16187 8440
6363 9484 5090 1603 786 926 16187 14822 830 926 6259 564 8798 16187 926 3177
6259 10033 2097 3177 680 9779 14237 15907 830 15597 7987 16187 16187 16187 16187 16187
6259 10033 11889 3171 5388 203 11775 7661 649 14237 926 11553 3818 16187 16187 16187
6259 10033 2097 3177 680 9779 14237 15907 830 15597 7987 16187 12233 13758 16187 16187
14069 8710 630 5463 8710 8781 1381 830 12346 8719 3171 10033 16187 16187 16187 16187
14069 8710 5329 1378 10810 5463 3847 5329 5801 5937 5217 16187 12260 16187 13454 16187
14069 8710 630 5463 8710 8781 1381 830 12346 8719 3171 10033 16187 16187 16187 1110
8712 8710 6259 10602 10033 5463 3543 2823 8466 2837 10394 16187 16187 16187 16187 16187
8712 8710 6259 3667 3177 983 16187 9831 16187 12276 983 16187 9431 16187 16187 7740
8712 8710 6259 10602 10033 5463 3543 2823 8466 2837 10394 16187 16187 16187 1229 16187
8712 5867 1955 10355 1955 4776 2563 8268 15649 8710 2326 487 6259 5948 16187 16187
8712 5867 1955 13474 15452 9188 14734 9465 16187 926 1919 4776 9431 16187 926 16187
8712 5867 1955 10355 1955 4776 2563 8268 15649 8710 2326 487 6259 5948 16187 16187
8726 3171 4931 4537 6259 14596 11953 6259 1272 2422 8712 3364 2823 1344 15624 16187
4267 12233 11553 926 5406 8268 926 926 8268 12825 12291 2946 16187 3553 830 6259
12008 4776 6378 6423 3171 3364 926 5463 14180 4776 2563 8710 8270 16187 16187 9813
6259 12260 2552 8719 13568 1583 5568 8712 5867 15096 8268 13929 14237 3398 16187 16187
3842 3171 2856 11889 4776 12012 16187 3364 11553 12766 926 16187 2598 16187 16187 16187
6259 12260 2552 8719 13568 1583 5568 8712 5867 15096 8268 13929 14237 3398 16187 13141
7742 8268 4776 10033 8710 11953 12233 12298 8268 1229 7740 12431 926 7001 16187 16187
9036 3171 2563 16187 12495 12495 16187 12495 16187 1919 15096 16187 3286 16187 3286 16187
14237 7740 1959 5189 13089 7740 4931 6259 8761 16187 9084 16187 11889 4776 926 16187
7740 1951 926 16187 16187 16187 16187 16187 16187 16187 16187 16187 16187 16187 16187 16187
7740 1951 926 16187 2598 16187 16187 10967 5946 12233 15956 16187 16187 16187 16187 16187
7740 1951 926 16187 2598 16187 16187 10967 14734 9431 5095 16187 16187 8270 8719 16187
4776 12835 14776 1171 10967 12401 16146 14237 4240 15597 8928 926 8268 3818 10421 16187
4776 12835 14776 1171 10967 12401 16146 14237 4240 15597 8928 926 8268 3818 10421 16187
4776 12835 14776 7742 926 14237 4512 4618 16187 4537 10033 16187 10108 16187 16187 16187
12008 12233 9070 8268 10566 12958 1019 13943 4776 10217 8506 4098 6173 16105 2191 16187
12008 5568 8726 6011 11031 1381 6076 11953 8712 16187 16187 8268 7740 3364 2326 5407
12008 7926 4931 12691 5646 14237 5675 16187 8268 2543 2903 4776 7377 3177 4776 16187
6689 15715 8712 8268 8712 8093 926 12233 9070 5463 8712 4931 6259 2024 2563 16187
3842 11889 8712 5867 2023 6011 8913 12233 13931 6011 16187 6011 16187 16187 2598 16187
8726 926 8710 1515 12233 4924 1919 9070 8268 6011 15846 2823 6259 4779 2598 16187
4776 8521 8710 405 8268 12008 6011 4552 9754 15956 203 8712 11921 14043 13089 16187
4776 8521 8710 405 8268 12008 6011 4552 9754 15956 203 8712 11921 14043 13089 16187
4776 8521 8710 11273 8258 4776 14596 8069 15881 7164 16187 926 16187 16187 926 8712
13474 8710 9389 8719 5530 15274 830 4776 4265 15433 16187 16187 16187 16187 16187 16187
3842 91 16187 4152 14237 4152 2326 10355 16187 14237 4152 16187 10589 926 16187 16187
13474 8710 9389 8719 5530 15274 830 4776 4265 15433 16187 926 16187 926 16187 926
13807 13592 3177 4776 4152 8506 14776 926 16187 16187 16187 16187 16187 16187 16187 16187
9084 13592 3177 6011 12782 4776 12298 15477 2598 16187 16187 14734 9385 16187 4776 8781
4624 14180 11553 14966 11953 703 16187 8733 2148 16113 16187 1778 16187 9442 5777 16187
13084 1378 7740 15956 1019 10566 5329 2563 10671 6173 779 926 8712 16187 16187 16187
13084 1378 7740 15956 1019 10566 5329 2563 10671 6173 779 926 8712 16187 16187 16187
12958 926 1778 14745 16187 8733 14745 188 12233 8733 14745 16187 16187 16187 16187 16187
4142 447 16187 16187 16187 16187 16187 16187 16187 16187 16187 16187 16187 16187 16187 16187
4142 447 16187 16187 9563 7740 8680 9429 8726 6011 5208 10603 8712 16187 2148 16187
4142 447 16187 9563 11889 4776 10033 16187 5208 16187 2148 3177 1954 12349 16187 14426
15649 14776 8268 13441 16187 16187 16187 16187 16187 16187 16187 16187 16187 16187 16187 16187
15649 14776 9754 6070 15174 15720 16187 14237 16187 16187 830 1954 10667 16187 8719 4776
15649 14776 8268 13441 16187 926 16187 16187 16187 16187 16187 16187 16187 16187 16187 4927
9591 8592 16187 16187 16187 16187 16187 16187 16187 16187 16187 16187 16187 16187 16187 16187
203 10142 13348 16187 9429 16187 16187 16187 16187 16187 11953 9655 12276 9431 983 16187
203 5208 6011 10603 1110 3171 2598 16187 16187 2598 16187 16187 16187 16187 16187 16187
4624 2552 6826 3177 4776 926 1750 2308 16187 16187 16187 16187 16187 16187 16187 16187
4267 12233 11553 926 5406 8268 926 14043 926 16187 16187 16187 8268 14043 9431 16187
4624 2552 6826 3177 4776 926 1750 2308 16187 16187 830 5947 7610 926 16187 16187
926 16187 16187 16187 16187 16187 16187 16187 16187 16187 16187 16187 16187 16187 16187 16187
926 16187 5329 7401 10399 12233 8733 3171 10033 16187 16187 16187 8456 16187 16187 16187
926 16187 779 2543 8719 6259 2191 3177 4776 6226 1138 926 5711 16187 16187 16187
4776 1754 8710 10996 10967 14069 16187 16187 16187 16187 16187 16187 16187 16187 16187 16187
4776 1754 8710 10996 10967 14069 16187 10217 16187 16187 16187 16187 16187 16187 16187 16187
4776 1754 8710 6070 10355 16187 8712 5867 16187 16187 16187 16187 16187 16187 16187 16187
1229 4776 13044 1957 4776 3031 8710 2326 14029 1919 13084 5820 5618 16187 16187 16187
12008 3171 8710 9754 6259 2563 5463 5867 969 14029 1954 926 4152 16187 16187 926
12008 3171 8710 2326 6423 8719 926 14237 926 14237 926 16187 16187 16187 16187 9222
14069 5867 2046 9955 8268 4525 4971 14237 5200 4434 12233 9605 4776 60 926 16187
14069 5867 5329 1378 8268 926 8268 5329 1378 2689 10810 8719 8712 16187 16187 817
14069 5867 2446 9039 3177 4776 1842 3177 14506 8268 10631 8268 3634 16187 926 16187
8712 4931 8548 14029 9070 16187 16187 16187 16187 16187 16187 16187 16187 16187 16187 16187
8712 4931 8548 14029 9070 16187 8440 1957 4776 4152 16187 5329 16187 9591 11953 16187
8712 4931 491 4776 5863 830 564 14766 13811 2543 830 9070 16187 9431 16187 16187
14237 6601 4776 10566 2684 714 14217 8719 1885 926 14069 8710 6173 13348 16187 16187
14237 5961 12046 12233 4320 4776 5095 5867 14781 8719 5286 926 14457 16187 5200 16187
14237 14180 3177 3171 8710 10471 13907 6259 4707 12349 8920 16187 643 16187 16187 12349
10242 3177 4312 10355 16187 16187 16187 16187 16187 16187 16187 16187 16187 16187 16187 16187
10242 3177 4312 10355 16187 2946 16187 15956 15597 12835 16187 15597 3766 16187 14237 8719
6173 16187 2684 2608 16187 6070 15174 16187 8719 6259 8081 16187 1787 926 16187 16187
3177 4776 1676 16187 16187 16187 16187 16187 16187 16187 16187 16187 16187 16187 16187 16187
3842 3171 2856 11889 4776 12012 16187 3364 11553 12766 926 16187 2598 16187 16187 16187
4776 11373 3177 4776 5453 926 3177 4776 926 8710 7742 15336 8719 3171 10033 16187
8710 8712 926 12233 4776 4927 4776 1110 5298 14776 10523 2837 926 2598 16187 16187
3842 16187 16187 1737 9487 8268 12604 8268 684 2837 10015 10041 16187 16187 14734 582
8712 8710 6259 4394 5837 3177 4523 5867 12444 16187 16187 16187 9332 16187 899 1957
11421 4931 16150 15291 14237 12892 6259 10355 9534 16187 16187 16187 16187 16187 16187 16187
3842 1957 14180 1737 16187 16187 16187 9339 13811 16187 11789 2148 8719 4776 1583 16187
2446 4776 9131 16187 15093 8710 6259 926 926 7926 926 2903 12233 4776 5459 16187
7740 5208 5174 1919 8712 16187 16187 16187 16187 16187 16187 16187 16187 16187 16187 16187
7740 5208 5174 1919 8712 16187 2327 14237 8712 16187 3847 16187 12008 8712 16187 16187
7740 5208 5174 1919 8712 16187 16187 16187 16187 13348 16187 16187 11693 16187 5530 16187
2446 13084 5200 2687 16187 16187 16187 16187 16187 16187 16187 16187 16187 16187 16187 16187
3842 1957 14180 1737 16187 16187 16187 14397 1583 8710 4776 14589 16187 6259 9640 16187
2446 4776 9131 16187 15093 8710 8213 13348 16187 4832 16187 684 2837 8712 16187 16187
7740 1950 203 3098 3177 1954 950 5356 3409 8710 16187 16187 16187 16187 16187 16187
7740 1950 203 14069 771 12766 1378 3177 6259 13879 12233 16187 16187 16187 16187 16187
7740 1950 203 3098 3177 1954 950 5356 3409 8710 16187 16187 16187 16187 16187 16187
14237 5463 5867 14272 10566 3177 3171 10033 8001 3177 16187 16187 16187 16187 16187 16187
14237 5463 5867 14272 10566 3177 3171 10033 8001 3177 16187 14237 2689 16187 16187 2326
14237 5463 4931 4776 2588 983 7740 11839 5463 16187 4325 16187 8781 16187 16187 16187
1818 7076 926 926 16187 16187 16187 16187 16187 16187 16187 16187 16187 16187 16187 16187
4325 10716 13758 3748 1955 1022 14237 6070 11987 16187 3171 16187 6259 16187 16187 16187
926 4106 7076 926 926 5176 16187 2296 16187 926 16187 16187 16187 926 16187 16187
1247 8378 8268 4776 926 926 8268 11900 3098 8719 3171 10033 1955 7742 16187 16187
3842 1919 12127 926 3177 5937 1750 16187 12349 6683 14029 14397 16187 16187 16187 16187
4776 4496 9498 1955 4142 1940 1955 4776 4189 10967 15597 4169 3653 6854 9365 16187
12008 91 5867 4776 10355 10501 4776 6664 16187 16187 16187 16187 16187 16187 16187 16187
12008 91 5867 4776 10355 10501 4776 6664 16187 9498 2148 16187 16187 16187 16187 16187
12008 91 5867 4776 10355 10501 4776 6664 16187 8124 16187 926 926 16187 14125 16187
4776 10418 4931 12256 16187 16187 16187 16187 16187 16187 16187 16187 16187 16187 16187 16187
4776 10418 4931 2435 1957 564 12008 8712 4931 4776 14599 15649 2326 926 16187 16187
4776 10418 4931 10355 14237 4776 4152 4931 10355 16187 16187 16187 16187 4949 16187 16187
12894 926 1955 6259 15415 926 14281 3177 107 4931 6259 13325 3177 15762 16187 16187
4267 10033 3177 4776 5365 2598 16187 16187 12515 6259 1999 3177 1954 2148 16187 16187
8710 926 14237 8710 5695 16187 6797 16187 3137 9605 2263 15776 7610 8270 16187 16187
4776 15909 12893 14776 15761 1919 13084 1378 926 4776 10033 16187 16187 16187 16187 16187
4776 4267 8084 16187 11553 771 4776 983 12233 4776 2563 16187 8270 16187 10217 16187
4776 5121 10638 14776 7742 684 2837 6259 6140 5414 13839 16187 16187 16187 3192 16187
13758 8719 830 4776 11146 8268 12149 8712 830 4776 11608 16187 16187 16187 16187 16187
3842 11889 4776 12012 13348 16187 12020 7740 1442 14237 7740 1951 14029 4776 12825 11839
4776 2891 91 8710 5463 14180 8656 3177 4312 6665 8719 6259 926 10240 16187 16187
926 16187 16187 16187 16187 16187 16187 16187 16187 16187 16187 16187 16187 16187 16187 16187
926 16187 5329 7401 10399 12233 8733 3171 10033 16187 16187 16187 8456 16187 16187 16187
926 16187 779 2543 8719 6259 2191 3177 4776 6226 1138 926 5711 16187 16187 16187
4776 1308 3177 7438 7251 4098 14776 14180 5329 1344 1125 8719 926 16187 16187 16187
4776 5714 8719 4776 10033 2326 14776 1955 7428 1955 4776 8846 16187 1957 6259 6683
4776 1308 3177 7438 7251 4098 14776 14180 5329 1344 1125 8719 926 16187 16187 16187
8726 5463 3847 9754 8733 6011 7055 8268 6011 15846 1110 3171 2563 16187 16187 16187
8726 5463 3847 9754 8733 6011 7055 8268 6011 15846 1110 8185 16187 8185 16187 16187
12008 1955 8712 5086 15525 8268 3171 2563 9498 5568 10496 14237 926 16187 926 16187
4776 13441 13182 8710 8213 16187 16187 16187 16187 16187 16187 16187 16187 16187 16187 16187
4776 4267 8084 16187 8569 5095 4931 16105 2598 16187 16187 16187 16187 16187 16187 16187
4776 564 5656 1919 926 14237 6764 16187 2689 8268 1781 16187 16187 16187 15819 16187
9449 8268 10710 8268 12008 2296 8974 14237 10770 16187 16187 16187 16187 16187 16187 16187
4267 12233 11553 926 5406 8268 926 14043 926 16187 16187 16187 8268 14043 4277 16187
8712 11900 6535 7742 16187 5226 3177 4776 926 926 16187 16187 14221 16187 16187 926
830 6931 8268 9000 2627 16187 16187 16187 16187 16187 16187 16187 16187 16187 16187 16187
830 6931 8268 9000 2627 16187 2263 4927 4776 817 12135 16187 16187 16187 13178 16187
830 6931 8268 9000 2627 16187 2263 4927 4776 817 12135 5867 14482 16187 16187 16187
14180 3177 4776 926 9078 4776 3011 14217 12233 8815 7410 16187 16187 16187 16187 16187
3842 1957 14180 1737 16187 16187 16187 9339 13811 16187 8084 16187 16187 16187 16187 16187
14180 4776 10094 8719 4776 5777 9498 4805 15525 3177 15597 7624 16187 16187 16187 16187
10373 4032 5937 2053 2664 3994 9847 13348 16187 16187 16187 16187 16187 16187 16187 16187
4267 12233 11553 926 5406 8268 926 14043 926 16187 16187 16187 8268 14043 1436 16187
830 6071 10671 1147 3171 4931 1954 5906 6350 16187 7347 4776 1138 926 5711 16187
