3701 4776 8569 16187 16187 16187 16187 16187 16187 16187 16187 16187 16187 16187 16187 16187
5627 16187 9850 16187 16187 7742 1433 16187 3748 7740 11553 1378 16187 16187 16187 16187
5713 14776 14180 1133 5463 2842 8866 547 16187 830 2353 16187 6985 16187 16187 16187
7740 771 3192 11021 830 3171 2563 8268 13805 6259 13839 3177 12489 2946 16187 16187
7740 771 6259 4660 983 16041 10324 4776 15939 9084 9754 8719 3511 16187 16187 816
7740 771 6259 5948 3177 3192 12362 1515 2858 4776 15716 6797 830 13834 1390 16187
14069 8710 9332 6664 6028 2903 12233 1954 2657 8199 16187 16187 16187 16187 16187 16187
3842 14069 16187 8268 14069 6259 15335 6178 8710 5463 3177 4776 13734 16187 16187 10566
926 779 5332 1941 6606 8268 14237 8710 385 830 14734 3137 3044 16187 16187 16187
4776 1086 3384 1919 4776 926 8268 1955 684 2837 1811 14634 8268 4931 1405 16187
4776 1086 3384 1919 4776 926 8268 4776 926 1919 6259 926 926 16187 5431 14029
4776 2353 12592 4776 1676 1919 926 12315 14237 5217 16187 10710 1378 16187 12260 2823
16091 8719 6259 10355 12008 14426 870 16187 16187 16187 16187 16187 16187 16187 16187 16187
4267 4710 11953 8712 4931 6259 6071 2563 16187 16187 16187 14221 16187 16187 16187 3314
6259 4949 12444 16187 16187 2263 926 8268 8710 5297 6259 9405 926 16187 926 16187
4325 15846 13931 9455 5463 503 4776 926 9455 16187 16187 16187 16187 16187 16187 16187
4325 15846 13931 9455 5463 503 4776 926 9455 16187 7651 14237 2148 4311 7926 771
4325 15846 13931 9455 5463 503 4776 926 9455 16187 9004 12495 15096 16187 16187 16187
12716 8268 8712 8710 1378 3177 4776 10566 10770 703 7740 11553 8466 8719 10531 16187
13570 5463 8710 15662 10480 8710 1229 10646 8719 9743 11658 16187 16187 16187 16187 7367
12716 8268 8712 8710 1378 3177 4776 10566 10770 703 7740 11553 8466 8719 10531 16187
4325 14635 3177 926 3171 1378 2903 16187 16187 16187 16187 16187 16187 16187 16187 16187
4325 14635 3177 926 3171 1378 2903 16187 308 16187 926 8268 926 14237 16187 926
4325 14776 10915 15071 8268 6888 8268 4776 10033 16187 4776 926 3177 4776 7151 16187
15662 5329 4189 14029 4776 916 10967 6259 6492 3177 1842 2598 16187 16187 16187 16187
15662 5329 4189 14029 4776 916 10967 6259 6492 3177 1842 2598 16187 16187 16187 16187
7926 1229 10913 15881 926 4776 14596 5463 4240 926 926 16187 16187 16187 16187 16187
8719 4776 2037 3177 3171 1378 8268 7740 973 5807 1138 926 5711 16187 16187 16187
8719 4776 2037 3177 3171 1378 8268 7740 973 5807 1138 926 5711 16187 16187 4032
8719 4776 2588 10240 7634 4931 8719 7926 14827 8069 2148 5074 16187 16187 16187 16187
4776 8213 12286 14237 4776 6730 1919 5092 14237 926 14776 13084 2148 16187 16187 16187
4776 4267 8084 16187 8569 5095 2598 16187 11261 16187 16187 16187 16187 16187 531 16187
4776 8213 12286 14237 4776 6730 1919 5092 14237 926 14776 13084 2148 16187 16187 16187
6259 926 2598 16187 16187 16187 16187 16187 16187 16187 16187 16187 16187 16187 16187 16187
6259 926 2598 16187 926 16187 2296 6683 6535 16187 2097 3177 13129 14596 16187 16187
6259 926 2598 16187 926 16187 2296 6601 1885 8360 8268 10299 16187 926 16187 16187
2251 9070 3177 4565 6407 926 8719 1138 51 5711 16187 16187 16187 16187 16187 16187
4267 4710 11953 8712 4931 16105 1138 926 5711 16187 16187 16187 16187 16187 16187 16187
7740 973 926 8712 4931 10355 8268 12008 4776 926 16187 16187 16187 16187 13348 16187
13474 4931 1344 14610 8719 1885 12582 16187 16187 16187 16187 16187 16187 16187 16187 16187
13474 4931 14591 14237 5329 5463 9332 16187 14180 3177 4776 817 16187 16187 16187 16187
13474 4931 1344 14610 8719 1885 12582 16187 16187 926 16187 16187 14734 9594 16187 4311
6826 14078 5297 10503 5463 16187 16187 16187 16187 16187 16187 16187 16187 16187 16187 16187
6826 3543 11553 12766 14156 8719 4776 2563 16187 2308 16187 14180 16187 630 16187 16187
6826 14078 5297 10503 5463 16187 1885 8719 4776 10033 5867 16187 16187 16187 16187 16187
4776 5121 12835 9498 630 2148 9332 8719 926 8268 2446 16187 16187 16187 16187 16187
4776 5121 13839 14776 9754 630 8270 11239 16187 13532 4776 16146 11239 16187 16187 10217
4776 5121 12835 9498 630 2148 9332 8719 926 8268 2446 16187 926 16187 926 16187
8719 7645 8268 4776 8353 3384 8710 14397 5435 1955 7742 16187 16187 16187 16187 16187
3842 1919 12127 926 3177 5937 1750 16187 12349 12291 13348 16187 308 16187 16187 16187
2446 4776 8521 10566 5046 3847 11553 12233 2823 8466 16187 16187 6070 405 16187 16187
9247 14237 11294 14776 13979 12233 10217 3347 9809 926 16187 16187 16187 16187 16187 16187
13937 14069 8268 1543 8069 926 1138 4776 9887 9084 5329 8033 14029 5713 926 16187
14734 12899 13942 9154 2689 10719 16187 9442 14237 4776 4856 16187 779 6259 5948 16187
926 4311 926 2903 1093 8719 6259 7422 16187 16187 16187 16187 16187 16187 16187 16187
926 4311 926 2903 1093 8719 6259 7422 16187 16187 16187 6535 16187 16187 926 16187
926 926 16074 1955 7742 16187 8466 2837 6259 926 8719 4776 5095 16187 16187 16187
5627 16187 16187 16187 16187 16187 16187 16187 16187 16187 16187 16187 16187 16187 16187 16187
5627 16187 9850 16187 16187 12208 2903 12233 1750 6259 5947 2664 16187 16187 16105 16187
5627 16187 477 13348 16187 13348 16187 16187 11889 5463 16187 16187 2461 16187 1378 16187
4776 15096 6801 4931 6259 6070 4231 14596 12008 771 6259 6070 8622 8521 16187 16187
4776 4267 8084 16187 11553 771 12233 3520 569 3177 15597 4440 16187 11331 16187 16187
4776 15096 6801 4931 6259 6070 4231 14596 12008 771 6259 6070 8622 8521 16187 16187
1350 8268 11615 926 8710 2326 10770 12233 12650 16187 16187 16187 16187 16187 16187 16187
1350 8268 10288 12449 12233 8733 6259 10728 3177 5713 16187 16187 16187 16187 16187 16187
1350 8268 11615 926 8710 2326 10770 12233 12650 16187 16187 7970 16187 16187 16187 13429
8712 5867 6259 6535 13129 2563 12008 7740 9084 9754 8456 5463 16187 16187 16187 16187
8712 5867 6259 5286 1138 15897 10033 5711 10299 3177 2974 926 14251 16187 16187 16187
8712 5867 6259 5948 3177 10770 16187 16187 12431 6259 5948 16187 16187 16187 10376 16187
14069 8710 6259 10396 1110 14596 761 5629 926 14237 4421 16187 16187 16187 16187 16187
3842 14069 8268 8719 1378 8268 1378 8268 926 8268 3384 16187 2296 16187 16187 16187
926 8710 13074 10719 14237 15870 779 8093 926 8270 16187 8084 16187 8466 8719 12276
4776 4472 14237 6674 3177 15597 1389 4931 4537 1955 11622 16187 16187 16187 16187 16187
4776 5714 9360 830 13084 6378 4776 3168 5568 12233 8155 16187 14237 15389 6672 16187
4776 4472 14237 6674 3177 15597 1389 4931 4537 1955 11622 16187 16187 16187 16187 16187
4776 4152 8710 4776 5286 15043 2563 12008 1919 6259 2689 15641 14237 10355 10418 16187
4776 4267 10501 4931 5463 7909 14596 5350 12835 16187 12233 4776 14457 16187 14596 16187
4776 2285 10033 8710 4776 1903 1857 16187 5086 16187 5820 16187 8457 16187 16187 16187
8719 3511 3171 2563 8710 1229 8569 4648 8554 926 16187 16187 16187 16187 16187 16187
8719 3511 3171 2563 8710 1229 8569 4648 8554 926 16187 5948 16187 16187 16187 16187
8719 3511 3171 2563 8710 1229 926 4776 308 9498 5372 16187 10217 16187 16187 16187
6173 4325 11031 14180 5516 16187 16187 16187 16187 16187 16187 16187 16187 16187 16187 16187
4325 771 926 1919 3171 14596 830 1229 1597 16187 10207 11331 16187 16187 16187 8798
6173 4325 11031 14180 5516 16187 13839 8719 4776 10442 16187 16187 16187 16187 16187 16187
8719 7661 13298 8268 4776 12529 1023 8710 11273 16187 16187 16187 16187 16187 16187 16187
3842 11889 7596 950 13852 8719 1378 3177 4776 11998 2983 12233 4387 16187 16187 926
8719 7661 13298 8268 4776 12529 1023 8710 11273 16187 6259 9290 15658 16187 16187 16187
13474 3847 3171 1919 4776 6276 3177 1885 5602 5867 926 8268 926 926 16187 16187
3842 13474 5332 8268 7740 5208 1436 8268 6826 3177 14734 8185 16187 14180 16187 16187
13474 3847 3171 1919 4776 6276 3177 1885 5602 5867 926 8268 926 926 16187 16187
15438 8268 7740 9429 7926 9084 4776 564 7926 3364 1919 14272 7926 771 16187 16187
8017 12008 13084 3171 2563 779 926 2689 14465 16187 5329 16187 8270 16187 16187 16187
1955 7740 8592 8268 3171 1378 8710 226 12233 3818 6259 8974 16187 16187 16187 16187
8712 4931 4776 5568 1138 926 5711 4624 7448 13348 16187 16187 16187 16187 16187 16187
4776 14596 3364 11553 12766 8270 14237 2148 9332 16187 16187 7742 16187 16187 15819 8268
4776 14596 2894 4931 6140 14237 2689 16187 2689 16187 2689 16187 2689 16187 2689 16187
10355 9577 16187 16187 16187 16187 16187 16187 16187 16187 16187 16187 16187 16187 16187 16187
10355 9577 16187 2097 3177 15471 14953 14237 4776 9956 3177 7708 16187 16187 16187 2598
10355 9577 16187 2097 3177 2176 7310 8268 14237 14069 8710 6259 8664 1919 4776 926
3355 3221 7164 14734 7620 1125 1919 1272 926 8719 8081 8708 16187 16187 16187 16187
4267 4710 11953 8712 4931 926 14029 14734 13298 16187 16187 16187 16187 16187 16187 16187
5341 8378 14237 8879 926 9498 3257 5022 16187 16187 16105 830 4776 9424 16187 16187
926 2710 13348 16187 16187 16187 16187 16187 16187 16187 16187 16187 16187 16187 16187 16187
926 2710 13348 16187 13348 16187 3257 16187 1442 8712 8719 4776 2563 16187 16187 16187
926 2710 13348 16187 13348 16187 3257 16187 11889 3171 1378 4927 16187 830 4776 308
4776 6402 5952 779 1941 6606 8268 15302 4776 13121 8719 2768 12233 10603 14745 16187
3842 1919 4776 926 8268 14237 10418 16187 1442 8719 6259 926 926 16187 16187 2563
4776 6402 5952 779 1941 6606 8268 15302 4776 13121 8719 2768 12233 10603 14745 16187
830 6826 7708 6378 8268 3171 8710 2945 1378 3177 12276 12489 9484 8185 16187 16187
4267 4710 11953 8712 4931 6259 6071 2563 16187 16187 16187 16187 14221 16187 16187 16187
1378 3177 4776 7705 1781 8331 8084 16105 16187 7740 10503 14180 9743 1778 16187 599
3735 4776 5804 3177 12511 8268 4776 9577 3847 4220 6826 14596 11331 830 926 16187
4267 4710 11953 8712 4931 6259 6071 2563 16187 16187 16187 16187 16187 14221 16187 16187
4624 2552 4776 9790 570 9385 12008 1919 6259 9780 13429 16187 14237 8798 14237 926
13474 8710 1954 4785 14217 8268 12008 3644 9754 2326 3249 5923 5212 703 16187 16187
3842 13474 5332 8268 7740 5208 1436 8268 6826 3177 14734 8185 14776 9431 14263 16187
13474 8710 1954 4785 14217 8268 12008 3644 9754 1344 13616 16187 8712 16187 16187 16187
12008 2674 15840 2296 16187 16187 16187 16187 16187 16187 16187 16187 16187 16187 16187 16187
5332 4776 13429 8710 6259 926 830 12233 4776 1919 926 16187 6259 926 16187 16187
12008 2674 15840 2296 16187 8440 14237 6070 10240 16187 9736 16187 16187 9290 16187 16187
10033 5867 3809 9594 14237 13546 6006 8710 4776 5568 12238 16187 16187 16187 16187 16187
3842 1957 14180 1737 16187 16187 16187 8268 7740 4552 15389 12233 2326 5407 16187 16187
926 14352 5463 7926 926 4776 9870 13756 8268 6737 16187 16187 16187 16187 16187 16187
14272 14776 6011 6391 2598 16187 16187 16187 16187 16187 16187 16187 16187 16187 16187 16187
14272 14776 6011 6391 2598 16187 8656 16187 2563 16187 16187 16187 16187 16187 16187 16187
10355 12233 11553 6011 10918 926 13348 16187 13348 16187 7740 13348 16187 5200 16187 6070
4776 9290 8710 6259 926 14237 7926 879 11582 100 14180 2837 6905 16187 16187 16187
3842 4776 13182 16187 12149 16187 2563 8268 1453 5463 4776 4927 16187 14237 16187 16187
4776 9290 8710 6259 926 12233 4776 1787 16187 15655 3177 132 16187 16187 16187 16187
6259 2563 11953 4776 11265 3177 926 8268 4776 12832 926 926 16187 16187 16187 16187
6259 2563 11953 4776 16146 5388 5463 8712 4931 15525 3177 926 16187 16187 16187 16187
6259 10033 9438 830 2263 10166 14237 11162 12309 3177 1954 4194 16187 16187 16187 16187
4776 12835 4552 703 5463 8733 13084 2191 1957 14180 16187 16187 16187 16187 16187 16187
4776 12835 4552 703 5463 8733 13084 2191 1957 14180 16187 703 10967 1147 16187 16187
4776 12835 14776 7742 6011 11553 12233 2823 926 12233 16187 3356 16187 16187 16187 16187
7926 15881 1954 10400 16187 16187 16187 16187 16187 16187 16187 16187 16187 16187 16187 16187
7926 15881 13084 1157 830 3171 2563 16187 5329 16187 1957 5463 16187 16187 16187 16187
7926 15881 1954 10400 16187 14237 14029 4776 2946 16187 16187 9736 16187 16187 16187 1919
10355 9288 4552 9754 2296 7127 14237 4776 10355 8404 4552 9754 9890 16187 16187 16187
4267 4710 11953 3171 2563 4931 6259 6071 2563 16187 2598 16187 16187 16187 16187 16187
10355 12233 11553 6011 10918 926 13348 16187 13348 16187 7740 16187 16187 16187 16187 16187
14043 3847 7926 2598 16187 16187 16187 16187 16187 16187 16187 16187 16187 16187 16187 16187
14043 3847 7926 2598 16187 14734 16146 2598 16187 16187 1885 16187 926 4776 6102 16187
14043 3847 7926 2598 16187 14734 8456 16187 16187 1885 16187 16187 16187 16187 1957 14745
926 8710 4776 8081 926 3177 926 16187 16187 16187 16187 16187 16187 16187 16187 16187
926 8710 4776 8081 926 3177 926 16187 16187 2563 13348 16187 13348 16187 16187 16187
926 8710 4776 8081 926 3177 926 16187 16187 2176 16187 16187 16187 1980 16187 16187
4776 12014 8710 11039 3177 10382 16187 16187 16187 16187 16187 16187 16187 16187 16187 16187
4776 12014 8710 11039 3177 10382 16187 16187 16187 5917 16187 14237 11162 15649 14677 16187
4776 12014 8710 11039 3177 10382 16187 16187 1229 630 16187 13141 12233 16187 16187 1378
6011 11553 10471 1213 6259 3098 15781 14029 3171 308 14237 1597 16146 16187 16187 16187
9036 3171 2563 16187 15978 2263 11401 16187 4537 9139 4240 16187 16187 16187 16187 13348
6011 16138 2823 926 13348 16187 12276 9431 926 16187 14237 9813 16187 16187 16187 16187
4552 9754 3432 15715 3171 16187 16187 16187 16187 16187 16187 16187 16187 16187 16187 16187
4552 9754 3432 1919 3171 5251 8478 16187 16187 15202 16187 4832 16187 16187 1885 16187
4552 12650 4776 2543 6011 11889 926 8268 7926 2326 12431 926 16187 16187 16187 2563
926 6826 926 926 10967 13852 8719 4776 13839 2598 16187 16187 16187 16187 16187 16187
3842 11889 7596 950 13852 8719 6259 926 16187 8719 4776 10033 16187 16187 16187 16187
926 9253 8268 7347 4776 3211 15525 3177 8712 16187 5208 926 13348 16187 16187 16187
13474 779 10471 630 8270 8719 16146 1133 16187 16187 16187 16187 16187 16187 16187 16187
13474 15452 11161 14237 8710 8093 1344 13074 16187 14734 11846 13188 16187 2148 16187 16187
13474 779 10471 630 8270 8719 16146 1133 16187 8270 16187 16187 16187 1957 14589 16187
1957 14589 7740 11839 4776 13839 4931 12256 8719 4776 10033 16187 16187 16187 16187 16187
1957 14589 8268 5329 6713 16187 15142 1138 5711 3171 10033 4931 9754 16187 2598 16187
7740 11530 12127 63 3177 8712 16187 6601 9004 1229 6535 16187 10373 12495 16187 16187
12149 13348 16187 16187 16187 16187 16187 16187 16187 16187 16187 16187 16187 16187 16187 16187
12149 13348 16187 13348 7740 15956 1543 15846 9605 1954 9332 16187 16187 16187 14125 16187
12149 13348 16187 13348 16187 2053 14272 3847 487 630 16187 16187 3356 16187 16187 16187
15662 2598 2598 16187 16187 16187 16187 16187 16187 16187 16187 16187 16187 16187 16187 16187
15662 2598 2598 16187 926 2598 16187 16187 2598 16187 16187 2598 16187 16187 8081 16187
7926 9638 8712 15846 2823 6259 2083 870 16187 10242 16187 7542 16187 12495 16187 16187
6173 14237 6011 15846 14581 11912 16187 16187 16187 16187 16187 16187 16187 16187 16187 16187
4325 8733 3171 10033 6826 14272 2148 5812 9850 15525 3177 9484 16187 15167 926 16187
6173 14237 6011 15846 14581 11912 16187 16187 16187 8719 4776 16187 16187 16187 16187 16187
8712 8710 11546 16074 13663 14237 779 6259 5695 13839 16187 16187 16187 16187 16187 16187
3842 8712 16187 4776 12012 16187 3364 2823 6912 16187 12233 6276 5711 16187 5548 1919
8712 8710 11546 16074 13663 14237 779 6259 5695 13839 16187 14058 16187 7777 16187 16187
12008 4325 9498 14180 3177 4312 926 16187 16187 16187 16187 16187 16187 16187 16187 16187
12008 4325 9498 14180 3177 4312 926 16187 6259 11401 4325 16187 9429 16187 385 2598
12008 4325 8467 8871 14457 4152 926 926 12008 5297 16187 564 16187 16187 16187 16187
8712 14807 8268 14237 926 1229 16187 16187 16187 16187 16187 16187 16187 16187 16187 16187
3842 8712 16187 4776 12012 16187 3364 2823 6912 4338 16187 10373 16187 15525 16187 16187
8712 14807 8268 14237 926 1229 16187 16187 14734 7981 1919 14734 926 16187 16187 16187
7740 11553 9754 12766 3171 4282 1919 6259 2563 8719 926 15096 16187 16187 16187 16187
7740 11553 9754 12766 3171 4282 1919 6259 2563 8719 926 15096 16187 926 16187 16187
7740 11553 9754 8466 12127 476 8268 12008 7740 5297 4531 8712 16187 2148 16187 16187
7740 11553 5329 2696 4776 15939 8268 12008 3171 2563 8710 6388 16187 16187 16187 16187
7740 11553 5329 2696 4776 15939 8268 12008 3171 2563 8710 6388 16187 16187 786 16187
7740 11553 9754 926 6041 929 3171 8901 3994 16187 3087 16187 16187 16187 16187 16187
12825 12835 15768 3994 13758 12233 6259 926 8199 8719 926 16187 16187 16187 16187 16187
4267 4710 11953 8712 4931 6259 6071 2563 16187 16187 16187 16187 16187 16187 11889 2598
4624 2552 4776 9339 12835 926 14237 926 16187 926 16187 926 16187 16187 16187 16187
4776 4326 830 4776 12507 8710 2296 12931 16187 16187 16187 16187 16187 16187 16187 16187
4776 4326 830 4776 12507 8710 6535 12233 4776 4302 16187 630 16187 16187 16187 16187
4776 4326 830 4776 12507 8710 2296 12931 16187 10566 3177 15597 983 16187 16187 16187
4776 2543 2903 830 4776 12044 8719 4776 926 8710 2326 12092 16187 16187 16187 16187
4776 4267 10501 4931 5463 7909 3504 8268 7740 8313 8268 4776 8521 16187 16187 7740
4776 2543 2903 830 4776 12044 8719 4776 926 8710 2326 12092 16187 16187 14734 830
3171 12260 2823 14272 5297 7156 2837 14058 5867 6505 16187 16187 16187 16187 16187 16187
3842 3171 16187 16187 2563 16187 5568 15721 14237 14581 10355 16187 16187 3356 16187 3356
3171 12260 2823 8719 11953 926 14237 926 9139 8268 4776 926 16187 8270 16187 13348
14237 4624 14180 15956 7926 5867 6388 1957 926 14029 1583 16187 16187 16187 16187 16187
4325 9084 8712 1919 8151 926 8268 5356 13667 14237 926 13183 16187 16187 1885 16187
4325 4537 12945 16187 4446 830 1885 14237 926 8719 1885 16187 16187 16187 16187 16187
6070 447 16187 16187 16187 16187 16187 16187 16187 16187 16187 16187 16187 16187 16187 16187
9850 15525 3177 9484 16187 5297 2148 16187 16187 16187 12349 16187 16058 16187 16187 16187
6070 447 16187 16187 12008 6011 11031 11901 14237 3935 5711 16187 14596 16187 926 926
6071 2563 4480 8268 11889 10125 12036 14237 926 8268 13758 8719 926 16187 16187 16187
3842 11889 8712 5867 2023 6011 8913 12233 13931 6011 16187 11889 5463 6011 16187 16187
926 9084 6259 5822 15781 9205 5463 13182 3177 926 385 12233 10394 13348 16187 16187
12716 8268 4776 5820 4472 3177 3171 2563 5340 8719 2263 3052 16187 16187 16187 16187
3842 1957 14180 1737 16187 16187 16187 8268 7740 11553 8093 6259 14230 16187 16041 830
12716 8268 4776 5820 4472 3177 3171 2563 5340 8719 2263 3052 16187 10978 8268 1750
1543 3847 8712 7001 1919 4776 14489 8185 2598 16187 16187 16187 16187 16187 16187 16187
8017 16187 5329 4537 926 16187 4609 5711 16187 2563 16187 8270 16187 16187 16187 16187
1955 6011 5208 2348 7740 2326 926 4776 926 15093 16187 16187 5820 16187 16187 16187
8712 13942 5463 4325 6245 12233 13565 484 12495 630 8719 6259 4927 16187 16187 16187
3842 8712 16187 4776 12012 16187 3364 2823 6912 4338 16187 10373 16187 16187 16187 16187
8712 13942 5463 926 14237 13192 11553 6188 8712 12495 14221 16187 16187 1957 4776 14596
12233 9070 8712 8710 16187 16187 16187 16187 16187 16187 16187 16187 16187 16187 16187 16187
12233 16187 1957 14589 13474 4931 6381 12233 926 6259 926 16187 16187 13348 16187 16187
6011 6697 926 9290 10324 6259 11999 16187 830 16187 14237 10217 10217 16187 16187 16187
13932 8948 8268 12716 3007 12233 2823 8719 6259 926 10719 14180 14734 4440 16187 16187
4267 4710 11953 8712 4931 6259 6071 2563 16187 16187 16187 16187 16187 16187 800 926
7740 2446 3017 3117 1133 830 4776 10566 10501 16187 4776 4927 16187 7742 16187 2148
8712 5867 5463 10355 16187 16187 16187 16187 16187 16187 16187 16187 16187 16187 16187 16187
8712 5867 14691 11889 8719 6259 4927 16187 10709 16187 16187 16187 6683 16187 926 16187
8712 5867 5463 10355 16187 16187 1919 2148 16187 16187 16187 16187 16187 3356 10372 16146
3171 8710 6259 2563 5463 3112 6011 459 12233 7001 12233 4776 8185 16187 16187 16187
3171 8710 6259 14411 476 4776 10033 16187 12208 16187 4776 1110 16187 16187 16187 16187
3171 8710 6259 3098 2563 8268 6259 15761 3211 16187 16187 926 16187 16187 16187 16187
2754 926 8268 7831 926 8268 926 13175 9665 8268 9723 926 16187 16187 16187 16187
3842 1919 12127 926 3177 5937 1750 16187 12349 14112 8268 5463 16187 12233 7164 12233
926 3643 926 1955 926 926 7740 7627 16187 6297 16187 8270 16187 16187 16187 16187
10501 8715 7740 2552 2148 3177 1955 6259 1781 3211 16187 16187 16187 16187 16187 16187
4267 4710 11953 8712 4931 926 14029 16187 16187 2598 16187 16187 16187 16187 7970 16187
6259 4949 12444 16187 16187 7926 7076 6070 926 16187 16187 16187 16187 16187 16187 16187
204 926 10967 13720 8404 12233 926 16187 16187 16187 16187 16187 16187 16187 16187 16187
3842 11889 4776 12012 13348 16187 11553 12233 16187 8084 4404 16187 8719 9431 2563 16187
926 1378 6988 6585 14808 16187 12260 10036 16187 16187 16187 16187 16187 16187 16187 16187
4776 926 8503 926 3177 6286 8710 2326 10355 10033 16187 16187 16187 16187 16187 16187
4776 926 8503 926 3177 6286 8710 2326 10355 10033 16187 4687 16187 16187 816 830
4776 926 8503 926 3177 6286 8710 2326 10355 10033 16187 16187 16105 830 16187 3098
12008 3171 10033 4931 5442 9684 16187 16187 16187 16187 16187 16187 16187 16187 16187 16187
12008 3171 10033 4931 5442 9684 16187 16187 16187 2823 15649 16187 14125 16187 16187 16187
12008 3171 10033 4931 5442 926 14237 6259 6070 715 10033 16187 16187 16187 16187 16187
15649 13089 703 195 8692 2296 926 16187 16187 16187 16187 16187 16187 16187 16187 16187
15649 13089 703 195 8692 2296 926 16187 16187 3356 2598 16187 16187 16187 2563 16187
13474 5867 2148 15291 512 2176 14237 13474 2326 926 4776 1583 16187 16187 12767 16187
13854 6173 14950 15658 779 8466 9431 5627 926 8268 926 4776 9431 1390 16187 16187
4267 4710 11953 8712 4931 6259 6071 2563 16187 16187 16187 16187 16187 16187 16187 16187
4624 2552 6826 3177 4776 926 1750 2308 16187 4687 12233 14192 16187 16187 16187 926
4776 10093 14029 926 926 5867 3504 10719 4776 10033 14776 854 16187 16187 16187 16187
3842 1919 12127 926 3177 5937 1750 16187 12349 8719 926 8268 926 10033 2598 16187
4776 2353 5867 5801 8710 3932 8069 8719 3171 9431 9203 16187 5297 14029 16187 16187
6259 926 10894 8268 1957 564 16187 16187 16187 16187 16187 16187 16187 16187 16187 16187
6259 926 10894 8268 1957 564 16187 6259 7652 830 2263 983 16187 16187 16187 13348
6259 926 926 14230 2598 16187 926 16187 6133 14734 7981 14776 16187 6680 16187 16187
4776 10033 3847 9754 12024 6259 10894 14237 15554 2263 6688 10719 4776 1245 16187 16187
4776 10033 3847 9754 11490 4776 10474 8712 3364 9884 16187 16187 5328 16187 899 16187
4776 10033 3847 11553 8712 5867 8212 8268 11889 40 6664 8268 830 7460 16187 926
8712 5867 4404 10762 7645 12233 4776 2373 3177 15147 2024 5388 15525 14069 16187 16187
3842 91 16187 4152 1684 16187 14237 14776 1344 8268 14237 926 13348 16187 13348 16187
8712 5867 4404 10762 7645 12233 4776 2373 3177 15147 2024 5388 15525 14069 16187 16187
14237 4776 13103 8710 5350 7100 7742 16187 16187 16187 16187 16187 16187 16187 16187 16187
3842 16187 16187 1737 9487 10315 10324 13341 16187 16187 13348 16187 13348 16187 16187 16187
14237 4776 3163 8710 1213 6259 926 13348 16187 13348 16187 8726 6011 7001 16187 16187
3171 2563 8710 4537 1955 10355 1955 4776 2002 16187 16187 16187 16187 16187 16187 16187
3842 3171 16187 16187 2563 16187 1019 1955 1138 926 8268 4924 926 16187 16187 16187
3171 2563 8710 4537 1955 10355 1955 4776 2002 16187 16187 1378 1919 4776 926 16187
91 4776 4152 926 14029 12825 13982 7480 7981 8268 14180 1919 15597 16058 5737 16187
3842 91 16187 6683 1957 4776 5777 4931 16187 12008 8712 5867 1344 16187 16187 16187
91 4776 13839 3177 4776 926 6161 1110 14237 684 2837 4776 7151 16187 12233 2823
7740 1110 5713 13603 16187 16187 16187 16187 16187 16187 16187 16187 16187 16187 16187 16187
7740 1110 5713 13603 16187 10566 3177 15597 10638 16187 7742 16187 512 3171 10033 16187
7740 1110 5713 13603 16187 13141 12233 4776 3011 14237 13546 16187 16187 16187 16187 16187
1543 4776 15472 3177 15907 7986 14776 8268 830 4776 10566 10501 8268 5820 820 16187
3842 11889 4776 12012 13348 16187 11553 6259 3794 3908 4404 16187 2563 16187 10887 16187
1138 8719 14043 1110 5711 8719 5463 16187 8710 16187 2148 3177 16187 16187 16187 16187
926 16187 16187 16187 16187 16187 16187 16187 16187 16187 16187 16187 16187 16187 16187 16187
926 16187 15721 3177 12276 6259 926 830 3171 16187 16187 16187 16187 13141 16187 16187
926 16187 1787 6545 8710 6259 4929 9365 16187 15649 12233 15597 1378 926 926 16187
12008 5329 8258 6826 703 5367 8268 14237 14734 8503 14595 14029 16187 16187 16187 16187
12008 4325 9498 14180 3177 4312 8268 6826 926 4325 1436 6011 16187 643 16187 16187
12008 7926 6280 14827 15525 5463 8712 8710 9754 14734 8456 16187 16187 16187 16187 16187
15978 4776 2563 8710 11953 1885 14237 1885 3163 16187 16187 16187 16187 16187 16187 16187
3842 11889 12127 63 5328 10244 8268 1138 5711 16187 2765 16187 1260 16187 926 16187
8719 1138 8268 13474 12232 926 5711 2598 16187 15525 2598 16187 2598 16187 16187 1793
4776 13811 8710 7393 4303 16187 16187 16187 16187 16187 16187 16187 16187 16187 16187 16187
4776 4267 8084 16187 11553 771 1954 9887 926 4776 2563 16187 14221 16187 16187 16187
4776 13811 8710 3326 15505 14237 4776 1736 3112 4776 10033 10150 3789 16187 1787 1919
15928 14237 11652 2451 3177 8603 8268 14237 14776 6070 10355 1957 8712 16187 16187 16187
4267 4710 16187 3171 2563 4931 16105 16187 16187 950 8719 3171 10033 16187 16187 16187
4624 2552 4776 9339 12835 926 14237 926 16187 926 16187 926 16187 16187 16187 16187
1229 8712 2446 6227 20 16187 16187 16187 16187 16187 16187 16187 16187 16187 16187 16187
1229 8712 2446 6227 20 16187 10299 16187 16187 2588 16187 16187 16187 16187 9544 16187
1229 8712 2446 779 3356 7542 16187 4032 6259 6683 16187 830 1954 10211 16187 16187
8796 8268 7740 9084 16187 16187 16187 16187 16187 16187 16187 16187 16187 16187 16187 16187
8796 8268 7740 9084 16187 16187 487 8712 7740 12232 11553 16187 7001 16187 16187 16187
8796 8268 7740 9084 16187 16187 9290 16187 8719 8719 6259 7151 12233 14889 16187 16187
7740 1110 4537 11953 12127 1378 3177 4776 3420 5463 4325 11553 16105 16187 16187 16187
7740 8309 12233 12650 926 15776 926 8268 14237 4931 8270 16187 7937 16187 16187 16187
7740 1110 4537 11953 12127 1378 3177 4776 3420 5463 4325 11553 16105 16187 16187 16187
7508 8268 8197 8712 6259 7001 16187 16187 16187 16187 16187 16187 16187 16187 16187 16187
7508 8268 8197 8712 6259 7001 16187 2552 4776 2285 13839 16187 9745 16187 12545 16187
7508 8268 8197 8712 6259 7001 16187 643 14029 5937 3504 14029 16187 16058 16187 1955
6356 14356 8710 1954 12256 14601 9290 16187 16187 16187 16187 16187 16187 16187 16187 16187
6356 14356 8710 1954 12256 14601 9290 16187 6259 15658 16187 16187 16187 16187 16187 16187
6356 14356 8710 1954 12256 14601 9290 16187 6259 3257 16187 4707 830 14745 16187 16187
9431 3748 8268 4776 7140 8710 3098 16187 16187 16187 16187 16187 16187 16187 16187 16187
9431 3748 4776 2601 9496 9424 16187 16187 1138 15597 2970 12008 12008 14029 4776 926
9431 3748 8268 4776 7140 8710 3098 16187 16187 15819 8268 926 4776 16146 16187 16187
7926 9084 9754 4552 1157 830 1885 13348 16187 16187 16187 16187 16187 16187 16187 16187
7926 9084 9754 4552 1157 830 1885 13348 16187 2326 16187 16187 16187 9431 16187 12716
7926 9084 9754 4552 1157 830 1885 13348 16187 2326 926 16187 926 16187 13348 16187
14069 8710 6259 13429 15146 1919 4776 2563 16187 16187 16187 16187 16187 16187 16187 16187
3842 14069 16187 12298 8719 6259 6070 7702 9577 16187 5314 11209 16187 16187 8162 16187
926 8710 2945 6259 630 8270 15387 8719 3171 1378 512 8719 11562 16187 16187 16187
13044 8268 12233 2823 12276 1860 3177 14734 1133 8268 5374 2903 8719 9079 16187 16187
4267 4710 16187 3171 2563 4931 16105 16187 16187 950 8719 6259 653 10036 16187 16187
4624 2552 4776 9339 12835 926 14237 926 16187 926 16187 926 16187 16187 16187 16187
4776 2563 8710 8268 11889 4776 5562 13197 8268 10716 11713 15679 16187 16187 16187 16187
4776 2563 8710 926 14237 779 4776 7542 6683 3177 6259 1022 7999 2024 4302 16187
4776 10418 8710 8268 2837 10566 8268 12256 16187 16187 16187 16187 16187 16187 16187 16187
5498 145 6259 6070 13129 12709 12233 1866 16187 16187 16187 16187 16187 16187 16187 16187
4267 4710 11953 8712 4931 926 14029 14734 13298 16187 16187 16187 16187 16187 16187 16187
5498 145 6259 6070 13129 12709 12233 1866 16187 14237 14734 5425 926 8719 16187 16187
7926 8710 4776 5568 443 5463 926 14237 13713 1885 14948 16187 16187 16187 16187 16187
3842 13474 926 8268 5568 5329 4931 14734 564 5459 1955 8712 2598 16187 16187 16187
7926 8710 4776 926 8979 6423 3171 10033 16187 926 16187 16187 926 16187 16187 10036
2857 11553 6188 12349 2598 16187 16187 16187 16187 16187 16187 16187 16187 16187 16187 16187
2857 11553 6188 12349 2598 16187 2598 16187 643 16187 1229 2598 16187 16187 16187 9313
3098 11646 1019 1955 2296 6173 8268 15658 8710 7926 12545 1885 816 2598 16187 16187
5329 5568 4776 14596 4931 8712 8268 14272 4931 1229 7594 16187 16187 16187 16187 16187
5329 5568 4776 14596 4931 8712 8268 14272 4931 1229 7594 16187 16187 16187 4931 16187
6173 12233 12489 5463 3748 8268 7926 926 926 14237 14969 926 16187 16187 16187 954
4776 926 14237 4776 926 12431 9070 4998 3177 3171 2563 10036 16187 16187 16187 16187
3842 4776 13182 16187 12149 16187 2563 8268 1453 5463 4776 4927 16187 14237 16187 16187
4776 926 14237 4776 926 12431 9070 4998 3177 3171 2563 10036 16187 16187 16187 16187
12008 4552 9754 2823 1407 2837 4776 9138 16187 16187 16187 16187 16187 16187 16187 16187
8726 3171 3364 4552 6259 6585 15147 16187 2552 6011 16187 929 16187 2385 16187 14237
12008 4552 13348 16187 4628 16187 7001 1919 4776 11180 3177 16187 16187 16187 16187 16187
8712 8710 684 10915 49 2837 6826 10602 2946 16187 16187 16187 16187 16187 16187 16187
3842 16187 16187 1737 9487 10315 1133 2837 926 16187 2312 16187 16187 16187 3192 16187
8712 8710 684 10915 49 2837 6826 10602 2946 16187 15597 16058 16187 15781 16187 926
5325 8218 8710 3098 1955 4776 10887 5923 16187 16187 16187 16187 16187 16187 16187 16187
3842 16187 16187 1737 9487 8268 2599 5867 5937 15846 7001 2552 16187 16187 16187 16187
926 5867 10963 8710 926 10967 14734 13322 6489 16187 16187 16187 16187 13780 16187 16187
4776 9431 8710 6259 10251 800 471 16187 16187 16187 16187 16187 16187 16187 16187 16187
4776 4267 10501 4931 6259 2563 16187 16187 16187 12233 6683 1957 16187 830 6683 10036
4776 9431 8710 6259 10251 800 471 16187 1378 926 13348 16187 16187 16187 16187 16187
7740 4931 2758 1957 203 7742 8712 779 6281 2903 1919 4776 13151 3177 983 16187
4267 4710 11953 8712 4931 6259 6071 2563 16187 16187 16187 16187 16187 800 14046 16187
7740 4931 2758 1957 203 7742 8712 779 6281 2903 1919 4776 13151 3177 983 16187
3171 8710 2167 12491 1957 8712 5867 564 1019 1957 14589 3171 5365 6173 16187 16187
3842 3171 16187 16187 2563 16187 5568 4776 9887 16187 9004 16187 2191 16187 16187 16187
3171 8710 6601 4776 7705 3211 7740 9884 8084 8466 16187 16187 983 16187 926 16187
15597 926 8710 10501 3177 4776 4927 4776 3191 4189 16187 16187 16187 16187 16187 16187
3842 4776 13182 16187 12149 16187 2563 8268 1453 5463 4776 4927 16187 14237 16187 16187
926 14734 75 16187 2823 3435 8268 14043 926 12233 926 16187 16187 816 2598 16187
8712 4931 491 4776 8162 14237 926 8268 7661 830 564 14426 10033 8268 6695 16187
3842 1957 14180 1737 16187 16187 16187 8268 4776 9339 12835 16187 16187 16187 16187 16187
8712 4931 491 4776 8162 14237 926 8268 7661 830 564 14426 10033 8268 6695 16187
7740 4537 3644 9754 10503 8712 16187 16187 16187 16187 16187 16187 16187 16187 16187 16187
7740 4537 3644 9754 10503 8712 16187 5807 3177 8344 6011 16187 16187 8719 16187 16187
7740 4537 3644 9754 9137 12233 7001 2552 8712 10036 16187 16187 5365 13348 16187 16187
1138 129 10765 5711 3847 5463 12233 2904 16187 16187 16187 16187 16187 16187 16187 16187
1138 129 10765 5711 3847 5463 12233 2904 16187 16187 16187 1885 16187 16187 16187 16187
1138 129 10765 5711 3847 5463 12233 2904 16187 16187 9290 16187 16187 16187 16187 16187
7740 1110 3171 2563 13348 16187 16187 16187 16187 16187 16187 16187 16187 16187 16187 16187
7740 771 12773 6259 11117 16187 9429 6011 15956 1229 4325 9498 4325 9084 16187 816
7740 1110 3171 2563 13348 16187 14180 4776 564 16187 5365 16187 13348 16187 13348 16187
12008 926 8712 16187 16187 16187 16187 16187 16187 16187 16187 16187 16187 16187 16187 16187
3842 3171 2856 11889 4776 12012 16187 3364 11553 12766 926 16187 2598 16187 2598 5711
12008 926 8712 16187 630 2148 16187 512 6011 16187 643 4240 16187 16187 16187 16187
13474 3364 11553 1957 14589 608 14745 203 1597 10437 14776 8719 4776 5186 16187 16187
13937 14069 8268 1543 8069 926 13348 16187 13348 16187 13348 16187 16187 16187 16187 16187
13474 3873 16187 12233 14734 12233 926 926 8268 926 6173 16187 16187 926 16187 16187
5463 5867 14272 12107 3847 12233 6011 16187 16187 16187 16187 16187 16187 16187 16187 16187
5463 5867 14272 12107 3847 12233 6011 16187 16187 16187 16187 16187 4311 16187 1381 16187
5463 5867 14180 10471 7742 16187 16187 9575 16187 14237 2847 13839 16187 13839 16187 8719
13386 926 926 14734 954 1955 926 830 4776 5891 983 16187 16187 16187 16187 16187
3842 4776 13182 16187 12149 16187 2563 8268 1453 13634 4537 5937 13188 16187 16187 926
926 14734 926 926 5257 11196 186 13089 2656 926 16187 2598 16187 16187 16187 16187
7740 4931 6391 12495 630 12008 8712 926 12958 16187 16187 16187 16187 16187 16187 16187
7740 4931 6391 12495 630 12008 8712 926 12958 16187 12008 16187 5332 4776 14596 16187
7740 4931 2758 2837 926 8268 15978 7740 6297 6635 8712 16187 9813 16187 830 4776
8798 3177 14180 4776 7891 12287 8268 5568 1378 4931 926 14043 4251 16187 16187 16187
3842 1919 12127 926 3177 5937 1750 16187 15202 16187 4311 12233 2552 16187 16187 16187
926 13075 8719 4776 954 3177 926 8268 6259 8882 6543 3527 14217 16187 16187 926
926 926 7336 7733 4776 9577 1955 4776 9252 926 16187 16187 16187 16187 16187 16187
926 926 7336 7733 4776 9577 1955 4776 9252 926 16187 16187 16187 16187 6070 15291
926 926 7336 7733 4776 9577 1955 4776 9252 926 16187 16187 16187 16187 6070 15291
12958 12232 2823 1229 630 275 16187 16187 16187 16187 16187 16187 16187 16187 16187 16187
12958 12232 2823 1229 630 275 16187 5365 16187 13141 6259 9450 16187 16187 16187 16187
12958 12232 2823 1229 630 275 16187 5365 16187 12349 8719 1954 9332 4240 926 16187
4776 15403 14776 10396 8268 4963 14237 11162 16187 16187 16187 16187 16187 16187 16187 16187
4776 4267 8084 16187 8569 5095 4931 2326 12545 12233 4776 15781 16187 16187 16187 16187
4776 15403 14776 10396 8268 4963 14237 11162 16187 16187 16187 9736 9890 16187 7742 16187
7926 5297 8710 9754 10918 14088 4776 9831 15271 16187 16187 16187 16187 16187 16187 16187
7926 5137 12233 2823 6259 2790 8496 16187 1378 3847 11889 16187 16187 16187 16187 16187
7926 9764 10092 926 15525 3177 8712 16187 5332 3364 11553 12766 16187 2148 16187 16187
4776 8920 12208 8712 1381 830 12346 6173 16187 16187 16187 16187 16187 16187 16187 16187
4776 4267 10501 4931 5463 7909 3504 8268 7740 8313 8268 14272 4776 6286 2598 16187
4776 8920 12208 8712 1381 830 12346 6173 16187 8185 16187 10669 14776 16187 16187 16187
6011 9084 6259 6070 10355 15781 13348 16187 16187 16187 16187 16187 16187 16187 16187 16187
6011 9084 9754 1453 3171 9385 1094 4776 926 16187 16187 16187 16187 16187 16187 16187
6011 11031 1515 12233 5099 8712 8726 6011 6077 12233 8197 8712 2968 16187 16187 2563
7740 771 6259 10355 983 15715 3171 10033 16187 16187 16187 16187 16187 16187 16187 16187
4267 4710 11953 8712 4931 6259 6071 2563 16187 16187 16187 2598 16187 16187 2598 16187
7740 771 6259 10355 983 15715 3171 10033 16187 830 16187 16187 7970 16187 16187 16187
7740 1110 8557 926 13348 13348 13348 13348 7740 11530 4776 9431 8656 13594 8185 16187
7740 10866 3171 2563 1919 926 16187 4924 4440 8268 13949 6683 11889 6011 16187 4311
7740 1110 8557 926 13348 13348 13348 13348 7740 11530 4776 9431 8656 13594 8185 16187
6173 14237 7740 4552 9754 5407 16187 16187 16187 16187 16187 16187 16187 16187 16187 16187
6173 14237 7740 4552 9754 5407 16187 12233 13592 926 16187 16187 12767 16187 16187 929
6173 14237 7740 4552 15956 8712 5867 6070 4687 830 6259 926 16187 16187 16187 16187
7740 4552 16187 16187 16187 16187 16187 16187 16187 16187 16187 16187 16187 16187 16187 16187
7740 4552 16187 7742 3553 4325 4552 7740 4628 16187 830 4776 954 16187 16187 16187
7740 4552 16187 7742 6011 15956 6011 4537 14518 10967 13348 16187 13348 16187 16187 6683
1378 12233 3842 16187 16187 16187 16187 16187 16187 16187 16187 16187 16187 16187 16187 16187
1378 12233 3842 16187 926 8268 12716 8268 14237 9084 6535 10355 8719 3171 16187 16187
1378 12233 4776 56 7377 15649 8710 6259 6070 10710 16187 12650 16187 16187 5332 16187
14237 5713 12478 15814 14776 5329 4776 5568 2176 9424 8719 4776 2563 16187 16187 16187
3842 11889 14833 15662 10418 4931 2326 10355 16187 2563 11889 8719 16146 15721 16187 16187
6173 12717 188 12233 195 5937 5286 1138 926 5711 8268 6423 4776 926 16187 16187
7066 11007 8268 15597 8719 4776 926 8268 14237 820 14776 10077 12233 9605 926 16187
3842 11889 4776 12012 13348 16187 11553 12233 11553 6259 2696 16187 15939 16187 16187 16187
926 12208 14734 926 11889 926 12233 926 14734 5537 14237 4628 9754 2823 926 16187
7926 4931 4776 9431 10288 14969 12233 6297 11553 13592 10801 14043 2326 4552 15389 16187
3842 11889 12127 63 5328 1138 4750 8858 5711 16187 1138 4325 7001 16187 12298 16187
4776 7926 926 2903 4776 1787 13348 16187 1019 11889 10684 6173 16187 8656 16187 2148
3171 1138 2563 5711 4931 16105 8719 11991 8268 5329 8069 14571 1243 2968 13348 16187
3171 1138 2563 5711 4931 16105 8719 11991 8268 5329 8069 14571 1243 2968 13348 16187
3171 1138 12260 2823 6173 8719 6259 8871 16187 16187 308 16187 926 8268 926 16187
4776 2946 8268 7742 8712 5867 4776 564 4325 5208 4552 16187 16187 16187 16187 16187
4776 2946 8268 7742 8712 5867 4776 564 4325 5208 4552 16187 16187 16187 16187 16187
4776 2946 8268 7742 8712 5867 4776 564 4325 5208 4552 16187 16187 16187 16187 16187
4776 5544 2221 11900 5176 8268 7740 9429 16187 16187 16187 16187 16187 16187 16187 16187
4776 5364 6154 14237 926 9084 9754 4552 12495 630 1919 4776 8846 5605 16187 929
4776 5544 2221 11900 5176 8268 7740 9429 16187 6535 630 9890 16187 14596 11953 16187
15662 14776 4325 6470 91 2598 16187 16187 16187 16187 16187 16187 16187 16187 16187 16187
15662 14776 4325 6470 91 2598 16187 2598 16187 16187 9431 16187 16187 16187 16187 16187
6173 9084 4325 7001 12233 4776 4932 4325 11553 1138 926 5711 16187 16187 16187 16187
12008 12524 8268 15662 5329 16187 16187 16187 16187 16187 16187 16187 16187 16187 16187 16187
12008 12524 8268 15662 5329 16187 926 11953 7740 7740 4552 5463 16187 4776 2563 16187
12008 3730 16187 926 14237 926 7742 16187 8719 4776 16187 643 16187 643 16187 16187
3171 4931 6259 10770 476 10967 3137 14514 5867 564 13555 16187 16187 16187 16187 16187
3171 4931 9754 6259 6071 10033 16187 16187 14233 16187 16187 2353 16187 10983 16187 13839
3171 4931 6259 10770 476 10967 3137 14514 5867 564 13555 16187 16187 13348 16187 13348
10344 15494 16187 16187 16187 16187 16187 16187 16187 16187 16187 16187 16187 16187 16187 16187
10344 15494 16187 8710 12495 630 6259 4537 9887 14043 2823 926 16187 16187 16187 16187
14734 8179 11900 14776 4142 926 16187 16187 11889 8719 15597 10638 16187 16187 16187 16187
10418 8710 12256 8719 4776 10033 16187 16187 16187 16187 16187 16187 16187 16187 16187 16187
4267 10033 3177 4776 5365 16187 6071 2563 16187 16187 16187 16187 16187 16187 16187 13348
6259 4949 12444 16187 2263 5695 16187 10033 1919 3098 16187 16187 12127 10372 2167 1950
4776 4125 3847 9754 15956 203 12233 1865 16187 16187 16187 16187 16187 16187 16187 16187
4776 4125 3847 9754 15956 203 12233 1865 16187 16187 8268 4552 9754 16187 16187 13348
4776 4125 3847 3171 1919 4776 15416 2903 14734 8808 16187 13949 15846 14745 1453 16187
4776 4152 926 1778 10217 8404 5463 14776 926 16187 16187 16187 16187 16187 16187 16187
4776 926 9498 926 8268 12008 1872 1955 7742 16187 3171 10033 16187 16187 15819 16187
4776 926 3177 4776 15395 2187 8710 6598 2837 4776 926 926 16187 16187 16187 14734
12008 5329 10394 4931 9106 16187 16187 16187 16187 16187 16187 16187 16187 16187 16187 16187
12008 5329 1789 16187 4552 9754 9605 6259 9450 16187 16187 16187 830 16187 16187 16187
12008 6071 2598 16187 14180 4776 6499 14776 4963 16187 16187 16187 16187 16187 14237 16187
3171 10033 8710 5329 447 16187 16187 16187 16187 16187 16187 16187 16187 16187 16187 16187
3171 10033 8710 5329 447 16187 16187 1583 16187 15846 8064 9786 830 16187 643 16187
3171 10033 8710 2945 6259 2563 4032 9316 16187 14237 2847 8270 3102 983 16187 8270
9712 926 8710 6259 7791 7937 3177 14766 16187 16187 16187 16187 16187 16187 16187 16187
3842 11889 4776 12012 13348 16187 11553 12233 16187 11889 7740 973 14029 6259 926 16187
926 8710 4776 63 10566 10569 443 3177 1138 5711 16187 9890 1138 5711 16187 4776
5867 15034 926 926 6173 16187 16187 16187 16187 16187 16187 16187 16187 16187 16187 16187
4267 4710 11953 8712 4931 16105 1138 926 5711 16187 16187 16187 14734 16187 16187 14426
4537 6259 2765 3177 926 16187 14221 13348 16187 926 13348 16187 5200 16187 3257 16187
8268 12782 1375 8268 14237 4776 12537 1957 926 16187 16187 16187 16187 16187 16187 16187
3842 11889 7596 950 5867 1588 16187 3098 13348 16187 16187 16187 10983 16187 564 16187
13089 4776 13819 12208 8268 6011 3543 12495 16187 13149 16187 1885 1019 926 16187 16187
13570 8268 1138 4776 926 8697 5711 4537 3847 5329 4189 1955 6259 3211 16187 16187
3842 11889 7596 950 5867 1588 16187 14833 12233 2823 2326 16187 16187 16187 16187 2097
926 8268 4624 9605 1954 9332 1453 14029 4776 926 684 2837 926 926 16187 16187
1229 1597 4835 919 14237 13084 12457 926 14029 4776 1525 13348 16187 16187 16187 16187
1229 4776 2563 8710 11953 4776 132 4325 8733 8712 2689 16187 16187 817 16187 16187
1229 12276 11916 16187 8712 5867 6259 8974 16187 10033 16187 16187 16187 16187 16187 16187
3644 9754 10503 14180 4776 1126 4859 11953 3171 2563 16187 16187 16187 16187 16187 16187
3644 9754 10503 14180 4776 1126 4859 11953 3171 2563 16187 16187 16187 16187 6378 16187
1378 15975 11953 203 13436 14734 12362 5208 2823 16187 16187 16187 16187 16187 16187 16187
14966 8268 14966 13348 13348 13348 16187 16187 16187 16187 16187 16187 16187 16187 16187 16187
13931 1909 9290 16187 8710 1515 12233 2823 13348 16187 16187 16187 16187 16187 16187 16187
14966 8268 14966 13348 13348 13348 16187 16187 16187 16187 16187 830 16187 16187 16187 16187
5297 8268 7740 8197 8712 13341 9484 16187 16187 16187 16187 16187 16187 16187 16187 16187
5297 8268 7740 8197 8712 13341 9484 16187 16187 6683 830 6259 653 6888 16187 16187
5297 8268 7740 11889 8712 6259 3098 8855 16187 14237 4776 14596 16187 8719 4776 13839
3358 13348 16187 16187 16187 16187 16187 16187 16187 16187 16187 16187 16187 16187 16187 16187
6286 13084 13348 16187 7740 11553 7740 10503 16187 16187 10671 3177 16187 16187 16187 16187
3358 13348 16187 4537 13348 16187 926 16187 13348 16187 9431 16187 7740 16187 16187 16187
4776 9577 6179 13501 15455 16187 16187 16187 16187 16187 16187 16187 16187 16187 16187 16187
4776 4267 8084 16187 11553 771 1954 926 14221 16187 16187 16187 9465 12495 16187 16187
4776 9577 6179 13501 15455 16187 8719 14734 15096 643 16187 14237 4311 16187 1344 16187
4312 12232 2823 6259 10887 4710 16187 16187 16187 16187 16187 16187 16187 16187 16187 16187
4267 4710 11953 3171 2563 4931 6259 6071 10033 13348 16187 16187 16187 16187 7970 16187
1138 9776 820 5711 771 5463 9790 7724 14029 9070 16187 16187 16187 13348 16187 7740
8862 13949 8268 3171 8710 1954 10211 5382 16187 16187 16187 16187 16187 16187 16187 16187
4267 4710 11953 3171 2563 16187 16105 4776 2563 15142 204 16187 16187 16187 16187 16187
8862 26 13348 16187 13348 16187 2097 3177 10211 16187 16187 16187 16187 16187 16187 16187
7979 14470 2823 1282 14237 15757 2148 4750 512 14734 16058 387 16187 16187 16187 16187
4267 4710 16187 3171 2563 4931 16105 16187 16187 950 8719 6259 653 10036 16187 16187
4624 2552 1885 8360 1919 10299 2858 1885 16058 6550 4776 5949 12291 3177 9665 16187
4776 926 1019 14237 6601 5726 6173 2752 14776 7238 8268 8798 2786 12233 1645 16187
4776 926 4325 9884 4537 6259 2385 16187 16187 16187 16187 16187 16187 16187 16187 16187
4776 926 1019 14237 6601 5726 6173 2752 14776 7238 8268 8798 2786 12233 1645 16187
5463 10033 12515 7829 9850 13434 1588 7248 564 13103 16187 16187 16187 16187 16187 16187
3842 1957 14180 1737 16187 16187 16187 8268 7740 11553 8093 6259 8569 983 16187 16187
5463 10033 12515 7829 9850 13434 1588 7248 564 13103 16187 926 926 16187 16187 16187
10669 14263 465 12790 4240 8268 4791 16187 16187 16187 16187 16187 16187 16187 16187 16187
10669 14263 465 12790 4240 8268 4791 16187 10315 14734 16058 1955 926 16187 16187 16187
6011 15956 4776 3176 16187 5086 15525 8268 1919 3171 10033 16187 10077 10709 16187 16187
7740 6635 4776 10418 2837 926 926 14237 4384 926 16187 16187 16187 16187 16187 16187
7740 926 4776 15909 14281 7740 1442 926 1019 1955 926 9084 16187 8069 11839 16187
7740 6635 4776 10418 2837 926 926 14237 4384 926 16187 16187 16187 16187 16187 817
11191 1436 8712 5867 13814 16187 16187 16187 16187 16187 16187 16187 16187 16187 16187 16187
11191 1436 8712 5867 13814 16187 16187 11889 10355 16187 16187 16187 13348 16187 13348 16187
11191 11553 926 4776 4152 16187 8781 926 16187 14237 4325 14518 16187 16187 16187 16187
12233 9070 11789 12127 2894 8710 6259 8974 10033 926 16187 16187 16187 16187 16187 16187
4267 4710 11953 8712 4931 6259 6071 2563 16187 16187 16187 16187 16187 16187 16187 16187
12233 9070 11789 12127 2894 8710 6259 8974 10033 926 16187 6297 16187 8781 16187 16187
8712 8710 4537 1229 1597 11063 1603 926 14029 12489 3177 12401 16146 16187 16187 16187
8712 8710 10518 12233 2451 1778 5463 513 5463 8449 308 9498 16187 16187 16187 16187
8712 8710 4537 1229 1597 11063 1603 926 14029 12489 3177 12401 16146 16187 16187 16187
4311 14069 4931 4776 926 3177 4776 926 15093 16187 16187 16187 16187 16187 16187 16187
4311 14069 4931 4776 926 3177 4776 926 15093 16187 16187 16187 16187 16187 16187 817
4311 926 7165 10376 1919 14734 653 16187 16187 8268 1955 4776 926 3177 4776 926
926 3643 8710 2446 10315 6259 10355 10501 16187 16187 16187 16187 16187 16187 16187 16187
926 3643 8710 8719 1138 926 5711 16187 5095 16187 13242 16187 16187 16187 16187 16187
926 3643 8710 2446 10315 6259 10355 10501 16187 16187 16187 16187 16187 16187 16187 16187
14237 8268 8719 6259 4927 8268 3171 3886 8710 11953 1133 16187 16187 16187 16187 16187
3842 11889 8712 5867 2023 6011 8913 12233 13931 6011 16187 16187 188 12233 9605 10918
926 8268 9861 779 9754 16105 6259 3098 10033 6041 4776 926 16187 16187 16187 16187
15870 7740 973 4537 5329 6259 14230 16187 16187 16187 16187 16187 16187 16187 16187 16187
15870 7740 973 4537 5329 6259 14230 16187 6071 2563 16187 5208 16187 16187 6011 16187
8680 7740 5297 11889 14734 3314 2148 512 14734 8185 16187 16187 16187 16187 16187 16187
3171 926 10033 8710 2429 6259 10372 1138 2383 15658 8710 4776 10825 5711 9301 16187
3842 3171 2856 11889 4776 12012 16187 3364 11553 12766 926 16187 4240 2598 16187 16187
3171 926 10033 8710 2429 926 2837 926 16187 16187 14734 643 16187 16187 16187 16187
4776 11643 950 7147 4776 5910 926 3177 4776 14599 14237 7076 8712 926 16187 16187
4776 4267 4710 4931 10014 4776 950 15658 684 926 9084 16187 16187 14734 1885 16187
4776 11643 950 7147 4776 5910 926 3177 4776 14599 14237 7076 8712 926 16187 16187
7401 14272 10566 820 6683 830 8719 6259 3356 2563 16187 16187 16187 16187 16187 16187
4267 4710 16187 3171 2563 4931 16105 16187 16187 950 8719 6259 653 926 16187 16187
3098 3384 8268 12008 1378 2148 11889 6011 16187 15956 16187 643 16187 16187 16187 16187
3171 8710 9754 6259 14238 9301 11953 10412 3177 7862 15907 8630 4776 926 16187 16187
3171 8710 9754 6259 14238 9301 11953 10412 16187 16187 926 3249 10324 16187 4707 16187
3171 8710 6259 3098 2563 8268 6259 15761 3211 16187 16187 926 16187 16187 16187 1957
14734 1525 8710 14803 5974 3177 14734 643 16187 16187 16187 16187 16187 16187 16187 16187
14734 7083 6441 8710 5462 11602 16187 816 8719 4776 3369 16187 15956 16187 16187 16187
14734 7083 6441 8710 12256 16187 4707 926 926 16187 7076 16187 16187 16187 16187 16187
8712 8855 1919 4776 10372 3177 4776 926 3177 6259 14453 1125 14029 6259 926 16187
3842 16187 16187 1737 9487 14029 7740 6011 4628 16187 10373 16187 16187 16187 13348 16187
8712 8710 11953 6259 10240 14237 2263 926 12835 16187 926 16187 16187 16187 16187 16187
6011 15846 11553 14966 5463 5568 4776 7986 14029 4776 3366 5208 8215 830 6011 16187
6011 15846 7185 1919 926 926 16187 5562 16187 16187 16187 16187 8456 16187 16187 16187
6011 15846 6601 10603 15389 12233 11889 16187 14184 4882 8710 16187 6535 4687 16187 16187
14734 870 1919 926 4931 14426 14237 926 10355 16187 16187 16187 16187 16187 16187 16187
4267 4710 11953 8712 4931 926 14029 14734 13298 16187 16187 16187 16187 16187 16187 16187
14734 870 1919 926 4931 14426 14237 926 10355 16187 12431 926 16187 16187 16187 15291
926 8710 6259 2176 12976 12233 4776 1726 14112 16187 16187 16187 16187 16187 16187 16187
926 8710 6259 14397 9959 926 15658 8710 3177 9619 5616 12233 10671 16187 16187 16187
926 8710 6259 2176 12976 12233 4776 1726 14112 16187 15956 16187 14180 16187 16187 16187
8712 5867 2446 1954 3061 954 830 926 13532 14734 929 1583 13881 16187 16187 16187
3842 1957 14180 1737 16187 12467 16187 16187 8719 4776 2563 16187 16187 16187 8569 16187
8712 5867 2446 1954 3061 954 830 926 13532 14734 929 1583 13881 16187 14734 926
12276 574 2143 9484 16187 16187 16187 16187 16187 16187 16187 16187 16187 16187 16187 16187
12276 3777 9574 1390 9484 16187 2842 1588 5463 6173 16187 926 16187 16187 16187 16187
12276 574 2143 9484 16187 12650 4776 2563 13348 16187 63 7740 11839 5463 5867 16187
2904 3794 926 4776 7909 926 14237 926 926 16187 16187 16187 16187 16187 16187 16187
3842 11889 4776 12012 13348 16187 11553 12233 16187 8084 4404 16187 8719 3171 2563 16187
926 12839 1885 13429 2823 3939 4098 4776 5562 14237 926 1229 16187 16187 16187 8781
10065 7188 4931 9754 5937 1482 14635 3177 6801 9577 16187 16187 16187 16187 16187 16187
4267 4710 11953 3171 2563 4931 6259 6071 2563 16187 2598 16187 16187 16187 16187 16187
7740 11530 12958 11953 3171 2563 14237 7740 2308 4032 12233 16187 16187 16187 16187 16187
7740 4931 2758 12233 10603 15525 3171 10033 4931 9575 5350 14029 2753 8719 10203 16187
4267 4710 11953 8712 4931 6259 6071 2563 16187 16187 16187 16187 16187 800 4750 16187
7740 4931 2758 12233 10603 15525 3171 10033 4931 9575 5350 14029 2753 8719 10203 16187
8808 10801 8710 10569 8268 14237 8712 5867 6259 10887 10501 3177 4776 10033 16187 16187
4267 4710 11953 3171 2563 4931 6259 6071 10033 16187 16187 16187 16187 16187 16187 16187
4404 9332 9840 3177 4776 10033 8710 4776 926 6001 16187 16187 16187 16187 16187 6297
8712 6179 12495 15096 12233 9605 12233 4776 10709 1543 4776 8846 14776 10355 16187 16187
3842 16187 16187 1737 16187 1378 12349 6259 13089 15846 9605 1954 6683 2823 2904 16187
8712 6090 12233 12937 8733 10770 3177 10566 2211 13422 2563 11063 1603 16187 16187 1919
4776 6501 3177 4776 1482 14597 8710 14915 4609 2858 15577 16187 16187 16187 16187 16187
4776 4267 4710 4931 10014 4776 950 15658 684 2837 1885 3748 4776 10501 16187 16187
4776 6501 3177 4776 1482 14597 8710 14915 4609 2858 15577 16187 16187 926 16187 926
8712 5867 1138 2780 926 5711 16187 16187 16187 16187 16187 16187 16187 16187 16187 16187
8712 5867 1138 2780 926 5711 16187 7596 4552 9754 16187 1157 16187 2598 16187 16187
8712 5867 1138 14313 8268 12233 2823 2148 12233 6259 2122 10033 16187 16187 16187 16187
4776 10033 7164 3748 6140 8268 12008 2910 2837 4776 12298 16187 16187 16187 16187 16187
4776 10033 6253 12233 4552 15347 703 16187 5537 14237 2006 16187 9442 16187 6070 10501
4776 10033 8383 6313 4440 8268 1502 10960 14237 11907 9039 16187 14397 8685 16187 10566
7740 15956 16187 16187 16187 16187 16187 16187 16187 16187 16187 16187 16187 16187 16187 16187
7740 15956 16187 7742 8268 7740 8584 12233 7001 830 15597 1110 16187 16187 16187 16187
7740 1110 6011 1430 16187 16105 16187 308 16187 16187 16187 16187 16187 16187 16187 16187
5713 9288 2326 14776 9230 8268 12008 15658 8710 9754 16187 16187 16187 16187 16187 16187
5713 4440 7740 2308 5329 10589 2689 16187 12606 12233 2823 6535 630 16187 13592 11889
5713 9288 2326 14776 9230 8268 12008 15658 8710 8712 16187 16187 16187 16187 16187 16187
2945 5329 1955 10355 1955 1390 13348 16187 16187 16187 16187 16187 16187 16187 16187 16187
2945 5329 1955 10355 1955 1390 13348 16187 13348 16187 13348 16187 13348 16187 13348 16187
2945 13077 3171 1378 15525 13348 16187 13348 16187 13348 16187 327 9574 16187 16187 6011
9764 13474 13404 7410 1320 16187 16187 16187 16187 16187 16187 16187 16187 16187 16187 16187
13937 14069 8268 1543 8069 926 1138 4776 9887 9084 5329 8033 16187 16187 16187 16187
13474 3927 12958 6011 12232 14518 8268 14237 2148 16187 926 16187 16187 16187 16187 16187
7740 968 8154 15715 3171 8258 4776 16146 5073 16187 16187 16187 16187 16187 16187 16187
7740 968 14397 5329 16187 16187 3177 1954 10211 15776 926 16187 16187 16187 11839 16187
7740 968 8154 15715 3171 8258 4776 16146 5073 16187 16187 7740 9884 2296 8466 16187
9591 1919 4776 6215 10995 16187 16187 16187 16187 16187 16187 16187 16187 16187 16187 16187
4267 4710 11953 3171 2563 4931 6259 6071 10033 13348 16187 16187 16187 16187 7970 16187
1138 9640 11017 5711 939 8712 15202 14237 830 14180 16187 6297 16187 16187 16187 16187
1229 8268 10941 8710 11889 8268 1138 4750 926 2598 16187 16187 16187 16187 16187 16187
9036 3171 2563 16187 15978 2263 2148 12495 16187 16187 12349 926 16187 16187 16187 16187
1229 8268 10941 8710 11889 8268 1138 926 13348 5711 16187 8081 16187 16187 16187 16187
8719 3171 2563 7926 8710 6259 9339 8808 14237 5463 926 9070 4223 16187 16187 16187
3842 3171 16187 16187 2563 16187 5568 4776 6499 16187 12349 4776 1583 16187 926 16187
8719 3171 10033 8268 7926 7076 1955 4421 926 16187 16187 16187 16187 16187 16187 16187
2446 8268 14069 5867 6259 10355 5121 9534 2837 2085 11452 16187 16187 16187 16187 16187
2446 8268 11637 5867 12474 2761 9498 5463 3177 13121 8404 1919 1781 11913 16187 16187
2446 8268 926 8710 5329 11943 16187 1955 7926 5174 2903 16187 16187 16187 926 16187
3171 9577 4931 6259 6070 3098 9577 12233 12650 8268 1094 1919 4776 926 16187 16187
3842 3171 2856 11889 4776 12012 16187 3364 11553 12766 926 16187 2598 16187 16187 5711
4776 4286 5946 5898 14237 8664 1056 6550 12298 5898 14776 5329 12233 2823 2329 16187
926 7926 3286 4776 9139 5867 906 12008 3364 9754 10764 14745 6713 16187 16187 16187
3842 11889 4776 12012 13348 16187 11553 12233 11553 6259 2696 16187 15939 16187 16187 12495
926 7926 3286 4776 9139 5867 906 12008 3364 9754 10764 14745 6713 16187 16187 16187
926 9431 16187 16187 16187 16187 16187 16187 16187 16187 16187 16187 16187 16187 16187 16187
926 1390 10899 2874 16187 6259 1019 926 2563 4776 926 3177 4776 5920 16187 16187
926 9431 16187 10496 14237 4931 14180 10355 13926 16187 13348 16187 16187 16187 16187 16187
926 3364 5329 8733 6259 8270 1023 16187 16187 16187 16187 16187 16187 16187 16187 16187
926 3364 5329 8733 6259 8270 1023 16187 779 6297 12127 8808 16187 16187 16187 926
926 3364 5329 7188 6905 8719 12044 6826 4440 16187 926 926 16187 926 16187 926
5064 8710 13532 9450 12233 4552 8719 14734 10033 297 16187 16187 16187 16187 16187 16187
4267 4710 11953 8712 4931 6259 6071 2563 16187 16187 16187 16187 16187 16187 8719 926
10710 14596 11953 6259 3011 14217 15658 15967 1885 3632 9101 5602 16187 16187 16187 16187
8719 15909 7508 16187 16187 16187 16187 16187 16187 16187 16187 16187 16187 16187 16187 16187
8719 15909 7508 16187 4776 10033 4931 13084 6500 16187 14180 4776 926 926 16187 6297
8719 15909 7508 16187 4776 10033 16187 564 16187 12650 16187 14237 2148 16187 16187 16187
1885 926 8710 9332 8798 2860 830 4776 4440 8719 4776 2563 16187 16187 16187 16187
3842 13474 926 8268 5568 5329 4931 14734 13429 16187 16187 16187 16187 1885 16187 16187
1885 926 8710 9332 8798 2860 830 4776 4440 8719 4776 2563 16187 14426 16187 16187
7926 4311 926 14029 14734 926 14180 16156 3177 1983 16187 16187 16187 16187 16187 16187
3842 13474 926 8268 926 16187 1644 12233 15956 16187 5820 16187 13186 16187 16187 16187
7926 4311 926 14029 14734 926 14180 16156 3177 1983 16187 16187 926 16187 16187 16187
10355 9424 16187 16187 16187 16187 16187 16187 16187 16187 16187 16187 16187 16187 16187 16187
10355 9424 16187 8268 4776 132 14237 10418 16187 14180 16187 16187 7076 16187 16187 16187
10355 9424 16187 16187 6692 16187 14237 9332 16187 16187 7742 16187 16187 2552 16187 16187
6173 16187 16187 16187 16187 16187 16187 16187 16187 16187 16187 16187 16187 16187 16187 16187
6173 16187 1229 630 3177 4776 2122 8710 2326 16187 16187 16187 16187 16187 16187 16187
6173 16187 16187 5822 16187 9301 3177 9424 11953 2263 2263 9404 16187 16187 16187 926
8726 8712 5867 6259 4779 8268 4311 8712 5867 2987 16187 16187 16187 16187 16187 16187
8726 8712 5867 6259 4779 8268 4311 8712 5867 2987 16187 16187 16187 16187 16187 16187
8726 8712 5867 6259 4779 8268 4311 8712 5867 10770 16187 16187 12003 6259 16187 16187
1138 12507 1957 4776 926 5711 8710 4404 3177 4776 926 926 6407 926 3210 16187
1138 2780 926 5711 779 7596 16187 1941 16187 830 4776 1885 564 16187 16187 16187
1138 2907 926 926 5711 8710 6259 7613 11953 8794 2051 16187 1778 16187 16187 16187
4776 4440 15649 14776 10518 12233 2823 4963 3634 14776 564 5329 14035 16187 16187 16187
4776 4440 15649 14776 10518 12233 2823 4963 3634 14776 564 5329 14035 16187 16187 16187
4776 4440 14029 4776 11172 926 14776 9332 14237 11842 2903 14272 8710 12495 13758 16187
6011 4628 9754 2823 9872 8719 3171 15743 8268 5947 2664 9618 16187 16187 16187 16187
8726 6011 188 12233 9311 11953 11602 8268 2552 926 14237 926 16187 16187 16187 16187
6011 4628 9754 2823 9872 8719 3171 15743 8268 5947 2664 9618 16187 16187 16187 16187
14272 8726 6011 9498 445 830 1371 14180 3177 4387 2598 16187 16187 16187 16187 16187
14272 8726 6011 9498 445 830 1371 14180 3177 4387 2598 16187 16187 16187 2148 11889
14272 8726 6011 9498 445 830 1371 14180 3177 4387 2598 16187 16187 8093 16187 13348
1955 1138 14272 6011 7448 5711 8428 8268 7926 5867 10108 8719 6259 8564 16187 16187
8069 8726 926 16076 926 1019 203 7578 12260 7926 11553 12766 2598 16187 16187 16187
1955 6259 3537 8268 8712 5867 5329 8569 16187 12008 8712 5867 14030 16187 3098 16187
4931 3171 6259 2248 5721 1750 4103 2837 1954 926 2598 16187 16187 16187 16187 16187
6259 5332 8974 8569 2563 16187 11553 12766 8270 16187 2256 16187 10373 3194 2858 16187
6259 4949 12444 16187 2263 5695 16187 10033 11953 4776 10033 16187 926 16187 16187 16187
6173 15597 4472 5656 8719 15597 13726 12233 926 13546 820 2858 926 2903 16187 16187
3842 11889 4776 12012 13348 16187 11553 12233 11553 6259 2696 16187 15939 16187 16187 16187
6173 5374 13280 16187 2446 926 14237 8798 4776 926 14237 4311 16187 10036 16187 16187
14180 8719 14180 8268 1001 8712 8710 12008 8712 8710 6259 15819 550 2563 16187 16187
4267 4710 16187 3171 2563 4931 16105 16187 16187 950 8719 3171 16187 16187 16187 16187
14180 8719 14180 8268 5297 6259 3098 10033 14029 4776 8588 3177 1110 16187 8185 16187
7740 9431 4931 926 2837 4776 5358 8719 3171 10033 16187 16187 16187 16187 16187 16187
7740 4931 16148 3177 4776 2601 14596 8258 4776 9431 7909 8069 414 2903 16187 16187
7740 9431 1442 1138 15827 6259 5375 9742 5711 8719 4776 10114 3177 926 16187 16187
4776 8199 2432 8710 4776 564 7740 11553 8466 13348 16187 16187 16187 16187 16187 16187
4776 4267 4710 4931 10014 4776 950 15658 684 16105 1954 8172 8268 11514 16187 16187
4776 8199 2432 8710 4776 564 7740 11553 8466 13348 16187 16187 16187 13348 16187 13348
132 8710 5775 15649 13549 5463 1138 926 5711 423 16187 16187 16187 16187 16187 16187
3842 16187 16187 1737 9487 8268 8069 8726 8726 6011 188 12233 9605 2148 16187 16187
926 11238 4931 10355 16187 14237 4776 926 13348 16187 10277 1750 926 2837 926 16187
8710 1378 3177 4776 7705 11331 8719 926 11253 16187 16187 16187 16187 16187 16187 16187
4267 4710 11953 8712 4931 926 14029 14734 13298 16187 16187 16187 2563 16187 7970 16187
6259 8457 595 926 14237 4776 10602 3011 129 10359 14180 9013 16187 540 16187 16187
12149 13348 16187 16187 16187 16187 16187 16187 16187 16187 16187 16187 16187 16187 16187 16187
12149 13348 16187 13348 7740 15956 1543 15846 9605 1954 9332 16187 16187 16187 14125 16187
12149 13348 16187 13348 16187 2053 14272 3847 487 630 16187 16187 3356 16187 16187 16187
12008 8712 5297 16048 1919 8712 14180 4776 14412 3177 5463 14273 10983 16187 16187 16187
12008 8712 771 4927 4776 9887 16187 2903 8719 4776 4404 8139 8712 16187 16187 16187
12008 8712 5297 16048 1919 8712 14180 4776 14412 3177 5463 14273 10983 16187 14180 4776
926 7410 14237 1885 14948 14776 926 12233 4776 10211 16187 16187 16187 16187 16187 16187
3842 1919 4776 926 8268 15658 5208 5713 926 6297 16187 4990 14237 8712 3112 4776
926 7410 14237 1885 14948 14776 926 12233 4776 10211 16187 16187 16187 16187 16187 16187
1229 3171 8710 2326 2309 14304 11953 2115 643 3177 926 14029 926 13348 16187 16187
9036 3171 2563 16187 12495 12495 16187 12495 16187 1919 1597 16187 10709 16187 16187 16187
1229 3171 8710 2326 2309 14304 11953 2115 643 3177 926 14029 926 13348 16187 13348
7742 1957 14589 7740 771 7953 14029 203 12233 8733 1954 12256 9767 16187 16187 16187
9036 3171 2563 16187 15978 2263 11401 16187 16187 6218 12233 926 16187 1378 16187 16187
7742 8268 5463 5867 15597 12835 2598 16187 926 16187 11401 16187 830 16187 14237 16187
3171 8710 630 8268 630 8270 512 6569 582 1390 16187 16187 16187 16187 16187 16187
3171 8710 9754 5937 8491 2053 7937 3177 9433 3994 6071 10033 16187 16187 16187 16187
3171 8710 1954 8213 10033 12233 12650 14043 9577 3011 820 16187 779 16187 16187 16187
6173 5332 7001 2552 8712 13348 16187 16187 16187 16187 16187 16187 16187 16187 16187 16187
6173 49 12233 3059 8268 7740 9084 5329 14518 630 16187 16187 14237 16187 16187 4537
6173 5332 7001 2552 8712 13348 16187 13348 16187 13348 7740 13348 16187 13348 16187 13348
5297 8712 5867 15667 12233 2552 6259 2353 5329 1750 2097 3177 6905 16187 16187 16187
5297 15274 16187 14237 2308 4776 2563 12233 2823 6535 630 6259 926 16187 16187 16187
5297 8268 8712 5867 7742 4032 9316 14237 1954 8213 9577 16187 643 8268 14237 7740
926 8268 4776 5041 4440 9498 926 6185 16187 16187 16187 16187 16187 16187 16187 16187
926 8268 4776 926 5463 4325 9498 926 16187 926 16187 16187 926 16187 16187 16187
926 8268 4776 926 5463 7926 7069 2903 5830 14029 6259 10887 926 13348 16187 16187
926 8746 1885 926 926 8268 8719 4776 5509 3177 926 6359 16187 16187 16187 16187
3842 4311 13084 8268 4776 10033 5867 926 16187 12495 16187 1955 4325 1955 7740 926
926 8746 1885 926 926 8268 8719 4776 5509 3177 926 6359 16187 8710 2148 2598
3478 13431 8268 15658 9360 15658 8268 3634 16187 16187 16187 16187 16187 16187 16187 16187
3478 13431 8268 15658 9360 15658 8268 3634 16187 16187 204 16187 16187 16187 16187 3192
10250 10785 16187 4776 564 4325 7347 5358 14237 6259 7367 16187 926 16187 6297 926
4776 15264 1045 8710 6794 8719 4776 1138 233 5711 15526 16187 16187 16187 16187 16187
4776 4267 8084 16187 13942 12233 11553 6259 926 14029 16187 16187 16187 16187 16187 16187
4776 10267 11436 3744 926 8719 4776 100 14776 14180 816 8710 5350 9056 16187 16187
6173 11870 1138 5802 5711 12233 5937 2122 2563 14241 16187 16187 16187 16187 16187 16187
4267 4710 11953 8712 4931 6259 6071 2563 16187 16187 16187 16187 2598 16187 16187 16187
6173 11870 1138 5802 5711 12233 5937 2122 2563 14241 16187 4832 16187 5297 926 16187
3171 8710 1378 3177 4776 564 8185 3177 4776 3531 16187 16187 16187 16187 16187 16187
4776 4267 8710 10501 9850 8268 2837 8712 14180 16187 16187 15846 2823 6259 9780 16187
4776 564 8185 8733 6011 2526 14043 1957 14589 4325 8733 9070 2526 16187 16187 9431
5046 5329 4776 2588 4183 14029 4776 2037 8268 12008 5046 4032 15715 16187 16187 16187
4267 4710 11953 3171 2563 4931 6259 6071 10033 16187 16187 16187 16187 16187 16187 16187
830 9743 15658 926 14029 9574 1133 8268 7740 8197 8712 8656 3342 16187 926 16187
14180 7740 5208 1436 8710 8329 8329 8329 16187 16187 16187 16187 16187 16187 16187 16187
9084 9754 6276 630 8268 9890 16187 8152 12298 16187 16187 16187 16187 16187 16187 16187
14180 7740 5208 1436 8710 8329 8329 8329 16187 8710 926 16187 16187 16187 16187 1378
4776 15776 15093 4931 4592 1229 8396 5463 8712 771 12276 5217 4867 926 16187 16187
4776 4267 8084 16187 11553 771 12233 3520 569 3177 15597 4440 16187 11331 16187 16187
4776 15776 15093 4931 4592 1229 8396 5463 8712 771 12276 5217 4867 926 16187 16187
8712 5867 4776 564 176 3177 203 2689 3171 9290 2326 4931 16187 16187 16187 16187
3842 1957 14180 1737 16187 16187 16187 8268 4776 926 3384 8710 14180 16187 16187 16187
8712 5867 4776 564 176 3177 203 2689 3171 9290 2326 4931 16187 8781 16187 16187
3171 8710 5329 5463 13348 16187 16187 16187 16187 16187 16187 16187 16187 16187 16187 16187
3171 8710 5329 1138 1781 3211 5711 8268 3171 8710 4537 9625 16187 16187 16187 16187
3171 8710 6259 3886 13348 5711 16187 2148 14043 15870 16187 11401 16187 643 16187 7742
12008 13089 7926 766 15597 7987 8268 8712 7336 926 4776 180 4269 16187 16187 16187
8726 4325 9498 91 8268 4776 2563 779 14691 12233 2823 6259 926 16187 16187 16187
8726 7926 3847 8268 7926 8710 4906 12233 4230 1597 16187 10187 830 3171 16187 16187
8712 4931 8993 10355 8268 12008 4776 15776 15814 9498 2805 16187 16187 16187 16187 16187
3842 1957 14180 1737 16187 16187 16187 8268 4776 926 16187 16187 16187 12120 16187 16187
8712 4931 3098 12008 4776 9290 5208 3847 4776 564 13474 8710 3461 16187 16187 16187
6683 1957 5838 926 13474 15452 7326 16187 16187 16187 16187 16187 16187 16187 16187 16187
4267 4710 11953 3171 2563 4931 6259 6071 10033 16187 16187 16187 16187 16187 16187 16187
2006 926 11014 16187 16187 13089 7926 926 4931 1229 14221 1955 926 16187 16187 16187
4032 6259 14263 3171 1378 6259 6209 15978 3177 4776 9800 6683 3177 8712 16187 16187
4267 4710 11953 8712 4931 6259 6071 2563 16187 16187 16187 2598 16187 16187 16187 16187
6259 7742 4103 14596 11953 2263 14457 16187 14596 5463 10710 16187 16187 16187 423 16187
926 5463 8592 8268 1378 1435 14273 14596 11789 926 4776 16146 14273 14596 16187 16187
3842 3171 16187 16187 2563 16187 5568 4776 15939 16187 9070 16187 16187 487 16187 6535
926 5463 8592 8268 1378 1435 14273 14596 11789 926 4776 16146 14273 14596 16187 16187
4776 2946 3520 6259 2191 3177 11298 13486 12233 4776 1583 1919 3171 2563 16187 16187
3842 11889 4776 12012 13348 16187 12020 7740 1951 1919 6259 8346 8268 926 16187 16187
4776 2946 3520 6259 2191 3177 11298 13486 12233 4776 1583 1919 3171 2563 16187 16187
