15662 4931 3171 2563 8084 16105 2598 16187 16187 16187 16187 16187 16187 16187 16187 16187
15662 4931 3171 2563 8084 16105 2598 16187 15202 8719 4776 16187 2598 16187 16187 16187
12008 4776 564 9534 12232 11553 12233 2823 10967 926 2480 1955 15300 926 16187 16187
8719 16146 15721 8268 14069 12232 2823 13084 1585 926 11577 7926 8592 1229 13348 16187
4267 10033 3177 4776 5365 2598 16187 16187 12515 12276 16058 16187 16187 16187 1954 926
1955 4931 10566 3177 4776 926 8311 14596 16187 13141 16187 14397 2148 16187 16187 16187
12008 8712 8710 9591 830 9070 13348 16187 16187 16187 16187 16187 16187 16187 16187 16187
12008 8712 4931 15525 3177 2992 8268 5329 926 16187 16187 16187 16187 16187 3192 16187
12008 8712 8710 9591 830 9070 13348 16187 16187 16187 7970 16187 16187 16187 16187 16187
6363 9484 9431 3177 14180 8268 7740 973 5329 6259 10887 12007 14230 16187 16187 16187
4267 10033 3177 4776 2353 8268 4776 2563 8268 4776 8521 4931 5046 16187 16187 16187
6363 9484 9431 3177 14180 8268 7740 973 5329 6259 10887 12007 14230 16187 4776 926
7740 9429 8712 10399 12233 12349 11274 3171 2563 16187 16187 16187 16187 16187 16187 16187
7740 9429 8712 10399 12233 1436 5463 4931 6259 8569 14237 2002 14599 8710 14237 926
7740 9429 8712 10399 12233 12349 11274 3171 2563 16187 8569 16187 6535 16187 7740 16187
3171 10033 779 5372 4776 12107 8268 12233 2263 486 16187 16187 16187 16187 16187 16187
3171 10033 16031 14769 3177 12127 443 5463 779 8709 12349 1813 16187 983 16187 5463
3171 10033 779 5372 4776 12107 8268 12233 2263 486 16187 16187 16187 16187 16187 16187
8069 8726 4487 6930 2148 14258 16187 16187 16187 16187 16187 16187 16187 16187 16187 16187
11499 8268 4776 419 779 5329 926 11889 6259 10602 248 16187 8798 16187 16187 16187
8069 8726 4487 6930 2148 14258 16187 16187 1885 1378 8043 16187 16187 14603 926 16187
10918 8719 926 8268 4776 926 14776 9808 13285 14237 15689 6259 926 3177 16187 16187
3842 11889 14833 15662 4931 4776 10033 14281 16187 4325 14180 8733 16187 10355 16187 16187
7740 10603 4776 2601 1857 13089 7740 9429 6011 4628 4552 12233 9605 6259 926 16187
8719 926 6011 3644 9754 7001 223 16187 16187 16187 16187 16187 16187 16187 16187 16187
3842 11889 12127 63 5328 3177 8712 8268 3171 13348 16187 3422 8268 14237 8676 16187
1955 6259 3537 8268 8712 5867 5329 8569 16187 12008 8712 5867 6259 10355 16187 16187
13907 5463 14069 12232 11553 12766 14691 12233 12650 1957 14180 16187 16187 16187 16187 16187
4267 12233 11553 926 5406 10566 8268 7740 11553 2308 3171 10033 12233 2823 16187 16187
5463 983 8268 7740 1110 12233 2552 3171 10033 8268 926 16187 16187 8719 2263 1378
9084 9754 9455 5633 2598 16187 16187 16187 16187 16187 16187 16187 16187 16187 16187 16187
9084 9754 9455 5633 2598 16187 14599 2598 16187 2598 16187 7738 3847 16187 16187 14734
4552 4422 1110 8712 16187 16105 5820 14237 1138 6390 12071 1019 926 16187 5711 16187
5356 8093 13942 12233 11553 6259 10355 983 1957 1157 16187 16187 16187 16187 16187 16187
4267 12233 11553 926 5406 10566 8268 4325 11553 2296 16187 8258 10887 926 16187 16187
13474 3543 2823 926 16187 16187 5217 16187 8719 4776 8455 14112 16187 14241 16187 16187
7926 8710 6259 3098 950 14237 7926 939 8712 2296 16187 16187 16187 16187 16187 16187
3842 16187 12127 926 3177 1378 5463 7740 10503 4931 4776 9450 16187 16187 16187 16187
7926 8710 6259 3098 950 14237 7926 939 8712 2296 16187 16187 8270 16187 16187 2353
7740 1110 13089 8081 5388 14776 2689 13348 16187 16187 16187 16187 16187 16187 16187 16187
7740 2976 15525 3177 1138 8346 5711 926 14237 926 16187 4656 16187 16187 10667 16187
7740 1110 13089 8081 5388 14776 2689 13348 16187 926 16187 926 16187 13348 16187 6500
5695 10033 16187 16187 16187 16187 16187 16187 16187 16187 16187 16187 16187 16187 16187 16187
10242 5627 16187 12232 9754 11553 12233 2823 6535 630 6259 14596 8719 4776 9431 16187
5695 10033 16187 9442 8268 7740 9605 6070 6695 14254 16187 16187 14237 926 16187 16187
926 926 2384 6259 6140 13839 8719 3171 14575 3080 5258 12507 1330 16187 16187 16187
926 926 2384 6259 6140 13839 8719 3171 14575 3080 5258 12507 1330 16187 16187 16187
926 926 2384 6259 6140 13839 8719 3171 14575 3080 5258 12507 1330 16187 16187 16187
12008 6407 10121 8710 3461 2984 1885 8656 926 6259 11401 8268 16137 2823 1423 16187
12008 5329 12127 2563 5208 2823 16187 16187 16187 13348 16187 16187 15096 16187 16187 983
12008 5463 5867 1955 14221 1955 8712 13216 16187 5807 13348 16187 16187 16187 5580 16187
10394 6672 13887 6259 6390 5200 1957 14589 4366 14585 15096 16187 16187 16187 16187 16187
4267 12233 11553 926 5406 10566 8268 926 3171 13141 8710 4776 9290 16187 16187 16187
10394 14352 15658 926 8710 8268 816 2598 16187 2598 16187 16187 4537 16187 3748 16187
4776 7310 284 1213 1955 4776 5375 4440 16187 16187 16187 16187 16187 16187 16187 16187
4776 7310 284 1213 1955 4776 5375 4440 16187 7310 926 8268 12008 6011 15274 830
4776 7310 284 8719 3171 10033 8710 1098 16187 926 16187 16187 16187 9534 8719 4776
8712 15452 11889 926 10894 3748 2148 512 7926 3364 4072 16187 16187 16187 16187 16187
8712 15452 11889 926 10894 3748 2148 512 7926 3364 4072 16187 16187 16187 16187 16187
8712 12431 12233 4776 10709 8268 12008 8712 4931 14734 12233 926 16187 16187 16187 16187
14237 5463 5867 15662 4325 14776 4032 15715 16187 16187 16187 16187 16187 16187 16187 16187
14237 5463 5867 15662 4325 14776 4032 15715 16187 16187 8719 4776 2563 16187 16187 16187
14237 5463 5867 15662 4325 14776 4032 15715 16187 16187 8719 8719 8456 16187 16187 16187
203 9084 9519 3950 13644 6550 14734 11778 13089 7926 4931 11930 2598 2598 16187 16187
203 9084 9519 3950 13644 6550 14734 11778 13089 7926 4931 11930 2598 2598 16187 16187
203 15096 4624 9884 12766 15163 4776 2243 1110 5629 9059 875 16187 16187 16187 16187
14069 5867 2326 5568 6826 6087 2439 91 14237 14069 16187 16187 16187 16187 16187 16187
14069 5867 2326 5568 6826 6087 2439 91 14237 14069 16187 14069 16187 16187 16187 16187
14069 5867 2326 6259 5948 3177 203 2689 8719 15520 4440 9498 926 16187 16187 926
12276 9574 3257 476 16187 16187 16187 16187 16187 16187 16187 16187 16187 16187 16187 16187
12276 9574 14139 16187 8569 4779 5867 9484 16187 6640 16187 16187 13348 16187 13348 16187
12276 9574 3257 476 16187 11180 8710 926 16187 16187 16187 16187 16187 1957 1885 16187
8726 6011 14776 6259 1138 926 5711 14230 8268 8197 4776 10033 6259 3984 16187 16187
8726 5329 8268 4311 4776 9424 3543 8093 11553 12766 13579 16187 11953 9070 16187 16187
8726 6011 1110 9845 11625 8268 6011 15846 1110 3171 2563 16187 1110 16187 16187 16187
9059 926 15975 8726 7926 15846 2823 3137 16187 16187 16187 16187 16187 16187 16187 16187
3842 16187 16187 1737 9487 8268 7740 15846 3818 6259 6140 16187 7970 16187 16187 16187
7926 6601 3543 11553 16187 2097 3177 6259 926 15649 926 8710 926 926 16187 16187
8712 4931 9770 3177 4776 9964 16187 16187 16187 16187 16187 16187 16187 16187 16187 16187
8712 4931 11394 15525 3177 1138 5711 926 926 16187 16187 16187 16187 16187 16187 16187
8712 4931 9770 3177 4776 9964 16187 14237 6071 926 6259 10033 16187 16187 16187 926
926 8710 11953 12422 14868 5179 12233 926 15525 4387 16187 16187 16187 16187 16187 16187
926 8710 11953 12422 14868 5179 12233 926 15525 4387 16187 16187 16187 16187 16187 16187
926 8710 3257 1955 926 16187 14734 8196 16187 12233 2823 16187 16187 16187 16187 16187
1378 10293 7347 4609 10967 3171 13348 16187 16187 16187 16187 16187 16187 16187 16187 16187
1378 10293 7347 4609 10967 3171 13348 16187 13348 16187 13348 16187 16187 16187 12650 16187
1378 10293 7347 4609 10967 3171 13348 16187 13348 16187 13348 16187 13348 16187 13348 16187
7740 968 1436 3171 2563 8710 5812 12008 8712 3364 11553 12766 8270 16187 16187 16187
7740 968 1436 3171 2563 8710 5812 12008 8712 3364 11553 12766 8270 16187 16187 16187
7740 968 1436 5463 4931 1378 1126 559 3177 15597 2489 16187 1138 830 12401 12518
926 8268 4776 1754 3177 4776 10033 3847 5329 4230 16187 16187 16187 16187 16187 16187
3842 11889 4776 12012 13348 16187 12723 5711 16187 4404 12990 16187 10033 16187 12105 12345
926 8268 4776 1754 3177 4776 10033 3847 5329 4230 16187 564 16187 16187 16187 16187
926 8268 5678 1853 13348 16187 16187 16187 16187 16187 16187 16187 16187 16187 16187 16187
926 8268 5678 1853 13348 16187 10496 926 16187 5580 1378 3177 2353 16187 8185 16187
926 8268 5678 926 8710 6259 926 926 16187 16187 16187 16187 16187 16187 16187 5297
12958 8710 14029 4776 7687 16187 16187 16187 16187 16187 16187 16187 16187 16187 16187 16187
13084 1378 12431 7491 8268 10879 14043 1157 16187 2148 16187 512 16187 16187 16187 16187
12958 8710 14029 4776 7687 16187 1378 3177 4776 2563 16187 2552 16187 6535 10879 16187
926 10543 16187 16187 16187 16187 16187 16187 16187 16187 16187 16187 16187 16187 16187 16187
926 10543 16187 1450 16187 16187 8719 4776 13896 16187 16187 16187 7251 926 926 16187
926 11900 830 926 8899 16187 16187 5341 8719 4776 954 16187 1208 16187 16187 16187
14919 9484 16187 16187 16187 16187 16187 16187 16187 16187 16187 16187 16187 16187 16187 16187
14919 9484 16187 7453 6006 4931 2176 8719 4776 2563 16187 16187 16187 7740 9429 16187
14919 9484 16187 6535 630 2148 3177 12276 1860 1133 3177 14180 983 16187 16187 16187
12008 4776 6499 8268 8719 10025 8268 3007 6070 5820 16187 16187 16187 16187 16187 16187
3842 1957 14180 1737 16187 16187 14397 7740 2308 16187 16187 16187 16187 16187 16187 16187
12008 4776 6499 8268 8719 10025 8268 3007 6070 5820 16187 16187 16187 16187 5917 16187
14767 10272 6276 16187 16187 16187 16187 16187 16187 16187 16187 16187 16187 16187 16187 16187
13937 14069 8268 1543 4776 9450 8710 1138 14043 14043 4156 4859 16187 5820 16187 14230
12149 4312 1955 1213 16187 1955 926 13348 16187 16187 16187 16187 3177 4776 14596 16187
4776 926 8268 684 2837 12632 926 8268 10272 6276 6905 16187 16187 16187 16187 16187
4776 926 8268 4311 12379 13348 16187 2563 12233 6259 14139 16187 16187 16187 16187 16187
4776 926 8268 684 2837 12632 926 8268 10272 6276 6905 16187 16187 926 16187 16187
1378 3177 926 5867 11998 926 4931 926 6662 926 16187 16187 16187 16187 16187 16187
4267 12233 4776 2563 9594 926 1919 6259 8531 5867 16187 16187 16187 16187 7970 16187
1378 3177 4776 564 6593 3177 926 16187 929 8719 4776 2563 16187 16187 16187 16187
14237 4918 14180 5463 8268 3171 8710 3553 16187 16187 16187 16187 16187 16187 16187 16187
14237 4918 14180 5463 8268 3171 8710 6724 16187 11401 16187 5917 926 16187 16187 16187
14237 4918 14180 5463 8268 3171 8710 3553 16187 16187 2148 16187 5217 16187 8440 16187
6161 8710 14272 10889 16187 16187 16187 16187 16187 16187 16187 16187 16187 16187 16187 16187
4267 926 4776 2563 16187 926 1919 4776 926 14029 16187 16187 16187 16187 16187 16187
8710 7926 5463 8710 11953 5463 926 16187 3364 16187 2823 6259 2329 16187 16187 16187
6173 4776 14599 4931 16150 3682 14237 3790 16187 16187 16187 16187 16187 16187 16187 16187
6173 4776 14599 4931 16150 3682 14237 3790 16187 16187 6683 830 6259 926 16187 16187
6173 4776 180 16187 14180 4776 926 14596 16187 2148 926 16187 926 926 16187 926
1094 4776 4927 8268 2066 14237 2977 926 5509 1954 8986 3888 8630 1909 9290 16187
3842 1919 12127 926 3177 5937 1750 16187 12349 12291 16187 16187 14180 816 16187 16187
14734 870 1919 9000 4931 2446 1378 3177 4776 564 8719 926 6215 16187 16105 14745
10418 6363 9484 14596 6363 9484 7151 9850 9484 11530 8712 16187 16187 16187 16187 16187
4267 10033 3177 14180 926 16187 11553 16105 3102 16187 3841 16187 308 16187 16187 16187
6363 16187 14180 4776 9577 8710 6348 1750 926 16187 16187 16187 16187 16187 16187 16187
14237 4776 10033 779 6259 15147 315 16187 16187 16187 16187 16187 16187 16187 16187 16187
14237 4776 10033 779 9450 6672 12233 903 16187 6259 926 16187 16187 16187 14237 6683
14237 4776 10033 779 6259 15147 315 16187 14237 2552 4776 132 8719 3171 16187 12495
12990 8268 4776 132 4931 14180 223 830 630 3177 4776 10033 16187 16187 16187 16187
3842 1957 14180 1737 16187 9339 8710 6259 15819 6259 16187 2563 16187 5148 16187 16187
926 4647 7740 4628 9754 10838 983 2585 4859 8719 12051 16187 16187 8719 16187 16187
5332 91 5867 4776 8855 16187 16187 16187 16187 16187 16187 16187 16187 16187 16187 16187
5332 91 5867 4776 8855 16187 13089 4776 926 6011 12233 4931 16187 16187 16187 16187
5332 91 5867 4776 7610 12233 4776 10033 16187 16187 16187 6011 3543 16187 16187 4998
1750 926 5917 11672 5937 5763 3177 3171 14251 16187 16187 16187 16187 16187 16187 16187
4267 926 4776 2563 16187 926 1919 4776 926 14029 4776 926 16187 16187 16187 16187
926 5867 94 2312 2326 11657 14029 4776 6683 3177 4776 10033 16187 16187 16187 16187
4776 4927 7926 7044 4776 7151 830 12401 3384 3112 4776 3384 13758 11912 16187 16187
4776 4927 926 926 761 1885 4931 4537 9230 13348 16187 16187 16187 16187 16187 16187
4776 4927 7926 7044 4776 7151 830 12401 3384 3112 4776 3384 13758 11912 16187 16187
15064 11063 1957 564 8268 11719 7749 6918 14237 3234 1919 4776 3052 16187 16187 16187
4267 3177 4776 8697 14180 4776 6499 14776 8268 6535 16187 16187 16187 16187 14397 16187
6826 3177 4776 7310 284 14776 926 14237 4624 9605 12233 2552 4776 2176 1531 16187
6173 16187 16187 16187 16187 16187 16187 16187 16187 16187 16187 16187 16187 16187 16187 16187
6173 16187 6535 630 4537 1019 8719 1110 16187 16187 16187 8268 2563 16187 1110 16187
6173 16187 6535 926 16187 12507 4325 13942 12233 2823 16187 16187 16187 16187 16187 16187
926 926 4931 4776 564 1023 830 6259 4917 13086 6816 1781 12887 16187 16187 16187
3842 3171 2856 11889 4776 12012 16187 3364 926 1919 4776 2588 12825 16187 16187 2598
926 926 4931 4776 564 1023 830 6259 4917 13086 6816 1781 12887 16187 929 16187
4776 2122 6179 13501 8719 4776 14394 3177 3676 5867 14634 15561 11369 16187 16187 16187
4776 4267 8084 16187 8084 12449 12233 15956 1543 8712 15846 16187 2148 16187 16187 16187
4776 2122 6179 13501 8719 4776 14394 3177 3676 5867 14634 15561 11369 16187 16187 16187
10619 9484 7740 15956 5463 820 14237 14678 14657 11530 3171 2563 16187 16187 16187 16187
7740 771 1378 4537 11889 14745 16187 926 16187 13348 16187 13348 5711 16187 16187 16187
7740 771 1378 4537 11889 14745 16187 2066 12008 9084 8197 8712 6259 10894 16187 16187
1378 2563 5463 7740 3364 9884 1959 14180 12349 10036 4240 8712 4931 12349 16187 16187
4267 12233 11553 926 5406 10566 3177 4776 926 8268 4325 14776 14180 4776 926 16187
1378 2563 5463 7740 3364 9884 1959 14180 12349 10036 4240 8712 4931 12349 16187 16187
926 9813 868 5119 91 14237 8712 5867 6797 16187 16187 16187 16187 16187 16187 16187
926 9813 868 5119 91 14237 8712 5867 6797 16187 16187 4032 15715 16187 16187 16187
926 8710 3257 1955 926 16187 14734 8196 13474 13345 14237 10092 926 8719 3171 10033
4552 4325 5297 12003 3171 1927 14029 4776 8781 4330 2598 16187 16187 16187 16187 16187
4552 4325 5297 12003 3171 1927 14029 4776 8781 4330 2598 16187 16187 14219 16187 16187
4552 4422 1110 11293 2598 16187 926 16187 2598 16187 16187 2097 3177 926 16187 16187
14237 6011 15956 5463 3644 9754 2823 8569 16187 16187 16187 16187 16187 16187 16187 16187
14237 6011 15956 5463 3644 9754 2823 8569 16187 8569 16187 16187 16187 16187 16187 16187
14237 6011 15956 5463 8712 5867 8858 4931 6259 9450 9290 16187 16187 13348 16187 13348
3171 5095 3364 2326 8197 6011 4776 6143 13348 16187 16187 16187 16187 16187 16187 16187
3842 16187 16187 1737 16187 1954 9487 950 7740 12102 3171 2563 16187 16187 16187 16187
3171 5095 3364 2326 8197 6011 4776 6143 13348 16187 6011 16187 12650 14237 6011 16187
2466 8268 8712 5867 8290 15624 16187 16187 16187 16187 16187 16187 16187 16187 16187 16187
2466 8268 8712 5867 8290 15624 16187 830 6259 6071 2563 16187 16187 2148 16187 16187
5297 8268 8712 5867 15871 15391 8268 14237 3543 9754 2823 2329 16187 16187 8456 16187
4776 4152 8710 5329 10589 2002 14237 7094 14029 4776 10646 513 3177 8353 16187 16187
4776 4152 8710 5329 1229 2002 16187 630 1955 6259 10033 16187 16187 16187 16187 11889
4776 4152 8710 8170 14237 779 6259 8794 5801 12233 8712 16187 16187 16187 16187 16187
11005 8983 8710 15870 4776 564 4779 6041 4776 9745 3177 132 16187 16187 16187 16187
4267 12233 4776 2563 9594 926 1919 6259 8531 16187 16187 11889 8719 6259 16187 16187
7740 2665 4776 8185 6011 16105 8719 4776 15359 16187 5820 16187 8656 9339 7310 16187
6011 5208 14581 4776 15416 5629 4776 10217 10731 16187 16187 16187 16187 16187 16187 16187
6011 5208 5329 8733 6259 2563 13280 13907 1382 15389 3748 13348 16187 16187 16187 16187
6011 5208 14581 4776 15416 5629 4776 10217 10731 16187 16187 14237 926 16187 16187 16187
9455 1919 13353 13695 4776 94 10913 247 2903 8858 16187 16187 16187 16187 16187 16187
3842 16187 16187 1737 8268 12349 14180 12291 16187 308 16187 11889 16187 926 16187 16187
3098 3384 8268 12008 1378 5463 8710 6070 4687 12233 7535 16187 16187 16187 16187 16187
13474 779 15174 8268 10887 15181 830 14180 3177 2904 12233 2665 16187 16187 16187 16187
13474 779 15174 8268 10887 15181 830 14180 3177 2904 12233 2665 16187 16187 16187 9290
13474 779 15174 8268 10887 15181 830 14180 3177 2904 12233 2665 16187 16187 16187 9290
14255 12028 929 8719 4776 2563 8268 4776 10217 11553 1504 2550 16187 16187 16187 16187
4267 12233 4776 2563 9594 926 11553 12233 1865 1919 16187 16187 16187 4537 16187 16187
10566 9943 3994 7740 15956 14272 6011 9084 2588 1747 3994 14237 3171 2563 16187 12495
13474 4537 3847 9754 2238 91 16187 16187 16187 16187 16187 16187 16187 16187 16187 16187
13474 4537 3847 9754 2238 91 16187 2446 9745 16187 6070 7742 8719 16187 16187 16187
13474 4537 3847 9754 2238 91 16187 12276 926 4776 16146 16187 983 16187 16187 16187
3171 1514 14745 12911 14237 13424 14734 6120 5917 16187 16187 16187 16187 16187 16187 16187
3842 3171 2856 11889 4776 12012 16187 3364 5329 12233 2823 16187 16187 9591 16187 830
3171 1514 14745 12911 14237 13424 14734 6120 5917 16187 14734 16146 16187 6303 6011 16187
4394 1955 7742 8710 4776 6006 14237 11646 8719 3171 5695 2615 3177 4776 7671 16187
4267 10033 3177 4776 5365 2598 16187 16187 12515 12276 16058 16187 16187 16187 1954 926
8710 14180 820 5272 11953 8712 13348 16187 16187 13348 16187 16187 16187 9431 13348 16187
13474 2446 8746 6259 926 11215 51 16187 16187 16187 16187 16187 16187 16187 16187 16187
13474 2446 12515 6259 9405 8710 6259 10894 11151 16187 16187 6683 3177 4776 745 16187
13474 2446 8746 6259 926 11215 51 16187 1787 16187 16187 2148 16187 16187 16187 16187
2446 8268 14069 14776 6826 7855 3766 8719 3171 2563 16187 16187 16187 16187 16187 16187
3842 1957 14180 1737 16187 9339 8710 6259 15819 12233 2552 16187 16187 16187 16187 16187
2446 8268 14069 14776 6826 7855 3766 8719 3171 2563 16187 2997 16187 16187 9431 16187
926 5867 9335 8710 8268 6259 1990 3011 14217 8004 10355 15452 10567 14745 16187 16187
3842 1919 12127 926 3177 5937 1750 16187 12349 13348 16187 16187 16187 16187 13348 16187
926 5867 9534 4931 12349 4776 12489 14237 926 2466 12008 14030 7542 16187 5948 16187
1094 4776 4927 8268 6259 5948 3177 2432 14237 3177 1245 10298 16187 16187 16187 16187
4267 12233 11553 926 5406 10566 8268 7740 11553 2308 4776 926 7001 12233 4776 10033
14180 3177 14734 1133 14776 14029 4776 12489 926 8726 6011 11553 9754 7902 16187 12467
1019 7740 9084 9754 6173 16187 16187 16187 16187 16187 16187 16187 16187 16187 16187 16187
1019 7740 9084 9754 6173 16187 5332 4776 926 1919 16187 1213 6259 926 16187 16187
1019 7740 9084 1919 6173 16187 5695 6259 9290 15525 16187 15525 16187 16187 16187 16187
4776 11991 5480 9685 8710 6388 16187 16187 16187 16187 16187 16187 16187 16187 16187 16187
4776 4267 8084 16187 11553 771 1954 926 8808 16187 16187 926 16187 16187 926 16187
4776 564 10501 3177 4776 2563 14776 4776 926 10967 4776 15939 16187 16187 926 16187
4776 10190 2018 4776 6688 12233 8467 6259 10894 12495 1507 16187 16187 16187 16187 16187
4776 4267 8084 16187 8569 5095 4931 926 926 12233 6259 16187 16187 16187 16187 16187
4776 10190 2018 4776 6688 12233 8467 6259 10894 12495 1507 16187 16187 16187 16187 16187
7740 926 4776 14112 14029 1482 12669 6259 13879 16187 16187 16187 16187 16187 16187 16187
7740 926 4776 14112 14029 1482 12669 6259 13879 16187 16187 14237 926 16187 9591 16187
7740 926 4776 15909 14281 16187 7740 1442 4240 926 16187 16187 16187 16187 16187 16187
6826 3098 5358 16187 16187 16187 16187 16187 16187 16187 16187 16187 16187 16187 16187 16187
6826 3098 5358 16187 3098 9890 9640 12233 4776 13441 16187 3171 2563 16187 5568 16187
6826 3098 5358 16187 3098 16187 6797 8268 14237 6011 11553 15389 16187 16187 4628 16187
7740 5046 12020 7740 771 9754 13348 16187 16187 16187 16187 16187 16187 16187 16187 16187
7740 8313 14272 4931 2903 1919 5463 10609 926 926 2598 16187 16187 16187 16187 16187
7740 11530 8712 16187 8719 926 8268 1229 630 8270 16187 6297 16187 1436 16187 16187
8712 3543 9754 12008 8719 5463 2037 8268 10669 9338 9070 16187 16187 16187 16187 16187
8712 14470 4537 2823 9070 16187 16187 2148 16187 8715 16187 16187 16187 16187 8185 16187
8712 4628 9754 10610 4776 2588 1378 926 16187 13879 13348 16187 16187 11889 16187 16187
9574 6363 9484 16187 16187 16187 16187 16187 16187 16187 16187 16187 16187 16187 16187 16187
9574 13341 1390 15525 3177 14139 16187 16187 16187 16187 16187 16187 16187 16187 16187 13216
9574 6363 9484 16187 5329 13348 16187 3865 7740 15956 16187 16187 13216 16187 16187 16187
8712 2326 6795 1750 926 2858 6259 10983 16187 16187 16187 16187 16187 16187 16187 16187
8712 2326 6795 1750 926 2858 6259 10983 16187 926 926 16187 16187 10272 12233 771
8712 2326 6795 1750 926 2858 6259 10983 16187 6550 926 16187 926 16187 16187 16187
4624 14180 11553 14966 11953 703 16187 16187 16187 16187 16187 16187 16187 16187 16187 16187
4624 14180 11553 14966 11953 203 203 9084 4325 4552 16187 2598 16187 16187 2598 5711
4624 14180 11553 14966 11953 703 16187 4552 12233 12650 8712 16187 16187 16187 8719 8712
7740 1951 6070 3562 12233 5174 8719 4776 926 16187 16187 16187 16187 16187 16187 16187
7740 1951 1957 7804 1955 14069 6259 3917 16187 8719 4776 308 16187 16187 16187 16187
7740 1951 6070 3562 12233 5174 8719 4776 926 16187 16187 16187 10953 16187 16187 16187
6259 926 12233 2823 13616 8268 12008 4032 6259 6683 8726 6011 5208 10603 8712 16187
3842 11889 12127 63 5328 3177 8712 8268 3171 13348 16187 779 10501 3177 983 16187
6259 926 12233 2823 13616 8268 12008 4032 6259 6683 8726 6011 5208 10603 8712 16187
4776 2563 5867 926 13254 10967 2263 3052 15408 3177 1750 9809 2837 4312 16187 16187
3842 1957 14180 1737 16187 16187 14397 7740 11553 926 13348 16187 13348 16187 13348 16187
4776 2563 5867 6259 5549 16187 14237 9563 12003 4776 7619 3177 4776 2563 16187 16187
11499 12576 8268 7740 9084 9754 9429 8712 4931 6259 3098 10033 16187 16187 16187 16187
11499 8268 8712 4931 14219 8268 1640 1919 6535 8569 10418 16187 16187 15840 16187 2148
1955 830 5713 8268 7742 8268 4325 11031 4776 2563 5867 1097 16187 16187 12422 16187
4776 5031 14776 2446 8124 16187 16187 16187 16187 16187 16187 16187 16187 16187 16187 16187
4776 5031 14776 1209 8268 2326 926 16187 16187 12940 16187 16187 16187 16187 1957 16187
4776 5031 14776 2446 8124 16187 16187 926 1919 4776 16146 16187 16187 13839 16187 12233
14237 13474 4537 3032 10108 14069 14237 4776 5042 4537 4763 15 1957 1885 16187 16187
14237 13474 4537 3032 10108 14069 14237 4776 5042 4537 4763 15 1957 1885 16187 7926
14237 13474 3847 8712 1229 7651 14237 1229 2931 16187 926 16187 16187 16187 926 926
10770 7178 16187 16187 16187 16187 16187 16187 16187 16187 16187 16187 16187 16187 16187 16187
10770 7178 16187 15978 3847 5463 4552 6259 816 16187 816 16187 6161 16187 16187 16187
10770 7178 16187 15978 3847 8712 5867 4537 16187 5580 9332 16187 16187 16187 2326 16187
6173 8268 14237 4776 10033 8710 8093 15624 8268 8069 1919 2263 14910 9808 983 16187
6173 8268 14237 4776 10033 8710 8093 15624 8268 8069 1919 2263 14910 9808 983 16187
6173 8268 14237 4776 10033 8710 8093 15624 8268 8069 1919 2263 16058 4776 926 16187
6826 6854 926 14237 6259 1258 8521 4552 9754 8733 6259 10355 2563 16187 16187 16187
4267 12233 11553 926 5406 10566 8268 7740 11553 2308 1138 4776 926 5711 16187 16187
6826 14966 10249 926 16187 13839 8719 4776 16187 1378 16187 16187 16187 16187 16187 16187
9351 4776 926 5007 5104 5463 4776 8858 14776 5553 14237 12300 12233 15597 4686 16187
3842 11889 4776 12012 13348 16187 12723 5711 16187 926 3177 4776 926 16187 5431 10967
4776 2946 14180 4552 6259 3098 15781 14237 14776 13074 16187 14180 14237 820 16187 13474
4776 653 2946 8719 3171 10033 9498 7594 16187 16187 16187 16187 16187 16187 16187 16187
4776 4267 8084 16187 8084 11553 12233 12545 11953 8069 6259 14514 16187 3553 16187 6011
4776 3384 14237 11839 7926 926 16187 926 16187 2598 16187 16187 16187 16187 16187 16187
4311 8712 4931 15142 4537 1138 4776 9810 5711 16187 16187 16187 16187 16187 16187 16187
4311 8712 4931 15142 4537 1138 4776 9810 5711 16187 16187 2326 16187 16187 16187 16187
4311 8712 4931 6259 926 16187 7970 1919 4776 2563 16187 16187 16187 16187 16187 16187
4776 13701 14776 5329 2689 13348 16187 16187 16187 16187 16187 16187 16187 16187 16187 16187
4776 13701 14776 5329 2689 13348 16187 926 10967 4776 2002 9461 3177 14272 10033 16187
4776 13701 14776 10355 14043 2148 8268 14237 7740 973 5329 6535 630 6259 4100 16187
8712 4537 2474 14029 14237 14029 14237 14029 16187 16187 16187 16187 16187 16187 16187 16187
8712 4537 2474 14029 14237 14029 14237 14029 16187 16187 16187 16187 16187 16187 16187 16187
8712 4537 15881 8719 4776 4927 16187 926 14237 926 16187 4103 16187 12208 2903 4240
7740 4931 926 10967 4776 10442 9260 4776 12298 16187 16187 16187 16187 16187 16187 16187
7740 4931 926 10967 4776 10442 9260 4776 12298 16187 9070 16187 16187 7001 16187 16187
7740 4931 926 2903 1957 3171 8440 8268 6341 5947 2664 12444 16187 16187 16187 16187
3061 12008 2446 12367 14237 4032 5937 983 16187 16187 16187 16187 16187 16187 16187 16187
4267 3177 14180 820 6173 4931 4537 6259 926 926 16187 11401 16187 830 1378 16187
5297 8268 4776 9577 926 8719 3171 10033 14776 4776 7438 16187 4776 9431 16187 5174
14031 9137 5463 8710 1954 926 16187 16187 16187 16187 16187 16187 16187 16187 16187 16187
14031 9137 5463 8710 1954 926 16187 10033 926 7740 13348 16187 16187 16187 16187 16187
14031 7742 7926 3847 6259 10602 15781 14237 8710 11789 6259 5010 2248 16187 16187 6259
4776 12894 3177 6442 9262 656 15525 14411 16187 16187 16187 16187 16187 16187 16187 16187
4776 4267 8084 16187 2563 6664 8710 6388 8719 1954 926 16187 16187 8353 16187 16187
4776 12894 3177 6442 9262 656 15525 14411 16187 16187 15096 16187 6535 16187 16187 16187
926 8268 4776 9834 1957 4776 6070 12298 8710 3699 7855 16187 16187 16187 16187 16187
3842 3171 2856 11889 4776 12012 16187 3364 926 1919 4776 2563 16187 9084 16187 2598
926 8268 4776 9834 1957 4776 6070 12298 8710 3699 7855 16187 6535 1378 16187 9442
15870 8712 4931 15978 7926 4931 2148 3102 8719 4776 11413 1383 419 16187 16187 16187
11499 8268 8712 4931 14219 8268 1640 1919 6535 8569 10418 16187 16187 15840 16187 2148
1955 830 4776 14596 8268 7740 1110 8712 13348 16187 2974 16187 16187 16187 16187 13348
3644 9754 10080 5463 16187 16187 16187 16187 16187 16187 16187 16187 16187 16187 16187 16187
3644 9754 10080 5463 16187 9890 8268 8712 5867 16187 16187 16187 16187 16187 6259 9131
10619 9484 16187 16187 7740 11553 8466 6259 926 16187 12650 926 16187 1706 16187 16187
1229 7740 12260 1436 9331 6011 12233 14037 830 14803 3171 7484 11622 10033 16187 16187
9036 3171 2563 16187 12495 12495 15096 16187 2148 5332 16187 5332 16187 9429 8712 5867
1229 7740 12260 1436 9331 6011 12233 14037 830 14803 3171 7484 11622 10033 16187 16187
4311 3171 15593 13178 6887 2384 830 9197 11367 16187 16187 16187 16187 16187 16187 16187
4311 3171 15593 13178 6887 2384 830 9197 11367 16187 13348 16187 8081 16187 16187 16187
4311 3171 15593 13178 6887 2384 830 9197 11367 16187 13348 16187 3730 16187 16187 16187
3171 8710 5329 6259 10509 926 2563 8268 14221 10967 8712 16187 16187 16187 16187 16187
3171 8710 5329 6259 10509 926 2563 8268 14221 10967 8712 16187 16187 16187 16187 16187
3171 8710 6259 1980 10033 16187 14005 6826 10355 13839 16187 8185 771 14180 926 16187
1229 5359 8268 4552 9754 2599 4776 9450 15720 12650 8712 16187 16187 16187 16187 16187
1229 5359 8268 4552 9754 2599 4776 9450 15720 12650 8712 16187 16187 16187 16187 16187
1229 8268 2599 5867 2823 10355 16187 8268 4325 2326 4552 8712 16187 16187 8719 6259
2296 1954 12256 4963 13926 8268 926 926 5015 1955 14734 12852 16187 16187 16187 16187
4267 926 4776 926 3177 2353 16187 14221 16187 16187 926 16187 13348 16187 16187 16187
7508 8268 4776 10709 8710 9330 779 5332 6259 5309 830 926 2858 4776 1419 16187
3171 2563 12233 9070 8710 14272 7740 9429 6011 3543 2552 1378 983 16187 16187 16187
3842 3171 16187 6535 630 6259 13587 16187 12008 1138 8719 10288 5711 16187 16187 6683
3171 2563 3847 5463 1344 7742 13348 16187 10983 8268 9563 830 926 16187 16187 16187
14237 2446 9316 8712 5332 8268 14734 2233 14237 14457 4537 13942 4927 12495 9056 16187
3842 1957 14180 1737 16187 9339 2946 16187 8084 6259 15781 1919 926 16187 16187 16187
14237 2446 9316 8712 5332 8268 14734 2233 14237 14457 4537 13942 4927 12495 9056 16187
5332 5463 14272 7740 15142 8808 16187 16187 16187 16187 16187 16187 16187 16187 16187 16187
5332 5463 14272 7740 15142 8808 16187 8592 16187 8185 4931 16187 4776 10418 14237 8710
5332 5463 14272 7740 15142 8808 16187 926 16187 16187 16187 16187 16187 16187 16187 16187
3171 2563 8268 8719 12276 3109 8268 8710 10915 12256 13348 16187 16187 16187 16187 16187
3842 3171 16187 6535 630 6259 13587 16187 12008 1138 8719 10288 13348 16187 16187 2563
3171 2563 8268 8719 12276 3109 8268 8710 10915 12256 13348 16187 16187 11901 926 16187
14237 14069 5867 2148 16187 16187 16187 16187 16187 16187 16187 16187 16187 16187 16187 16187
14237 14069 5867 2148 16187 6259 4949 14596 16187 7740 11553 8712 16187 16187 16187 16187
14237 14069 5867 2148 16187 6259 3531 929 16187 14237 4776 10217 16187 13141 6259 830
830 4776 9431 12050 12028 8268 7740 771 9450 10400 14272 7740 4931 15715 16187 16187
4267 3177 4776 8697 8268 8710 6535 14069 16187 16187 16187 16187 16187 16187 16187 16187
830 4776 9431 12050 12028 8268 7740 771 9450 10400 14272 7740 4931 15715 16187 16187
3171 8710 6259 3098 2563 8268 6259 15761 3211 16187 16187 16187 16187 16187 16187 16187
3171 8710 6259 1980 10033 16187 14180 1378 1229 12349 4776 2563 16187 9887 16187 926
3171 8710 6259 3098 2563 8268 6259 15761 3211 16187 16187 4142 926 16187 16187 16187
4776 4927 4776 2223 926 2858 4776 13546 10397 4931 8213 16187 16187 16187 16187 16187
4776 4927 4776 2223 926 2858 4776 13546 10397 4931 16187 16187 16187 16187 16187 6535
4776 4927 4776 2223 926 2858 4776 13546 10397 4931 8213 16187 6601 926 16187 16187
6173 13348 16187 16187 16187 16187 16187 16187 16187 16187 16187 16187 16187 16187 16187 16187
6173 13348 16187 327 8081 12233 12650 16187 12650 16187 6011 13348 16187 2150 5867 16187
6173 13348 16187 13549 3177 6259 926 926 10983 16187 564 16187 12233 9577 14237 14069
8712 12515 2903 12495 630 3177 4776 9577 16187 16187 16187 16187 16187 16187 16187 16187
8712 12515 2903 12495 630 3177 4776 9577 16187 16187 13141 14776 15096 16187 16187 16187
8712 12515 11953 157 9938 830 3171 2563 12233 5946 2263 13810 16187 16187 16187 16187
5463 630 8710 2148 14043 3765 4949 16187 16187 16187 16187 16187 16187 16187 16187 16187
5463 8710 8726 6011 12349 6683 4776 7151 4189 16187 1919 16187 16187 16187 16187 16187
5463 8710 14180 7740 11553 12233 1436 11953 3171 13607 2563 16187 14596 2148 5906 16187
7634 926 4931 6070 10355 8719 7661 10418 14237 7140 16187 16187 16187 16187 16187 16187
3842 1919 12127 926 3177 5937 1750 16187 12349 3735 926 16187 926 16187 16187 16187
926 1439 926 16187 656 1955 4776 10501 14237 4776 5314 6987 16187 4707 3177 4421
3171 10033 2446 13549 2904 16146 3098 6499 10967 15748 14237 8913 16187 16187 16187 16187
3842 3171 2856 11889 4776 12012 16187 3364 926 1919 4776 284 16187 13141 6259 9450
3171 10033 2446 13549 2904 16146 3098 6499 10967 15748 14237 8913 16187 786 16187 16187
10955 8710 5297 6259 15778 8719 326 4571 16187 16187 16187 16187 16187 16187 16187 16187
3842 1957 14180 1737 16187 9339 8710 6259 15819 926 16187 16187 14043 16187 16187 926
14069 8710 6826 12832 10554 5463 5656 10324 12495 16187 16187 16187 16187 16187 16187 16187
2446 3171 8710 6259 8974 3177 13784 6581 16187 16187 16187 16187 16187 16187 16187 16187
3842 1919 12127 926 3177 5937 1750 16187 12349 1378 16187 16187 16187 16187 16187 16187
926 4931 6070 10355 8268 2148 13436 512 926 5867 12008 7877 10355 16187 16187 16187
1955 6280 1955 4776 926 3635 15525 6259 8811 12051 1019 16187 16187 16187 16187 16187
1955 6280 1955 4776 926 3635 15525 6259 8811 12051 1019 16187 16187 5341 16187 11763
1955 830 926 8268 6259 3011 14217 11215 926 1019 926 4549 6173 11461 1885 16187
2446 926 4931 4776 926 5463 12153 6905 15202 771 16187 16187 16187 16187 16187 16187
3842 1919 12127 926 3177 5937 1750 16187 12349 3137 16187 10315 16187 2563 16187 16187
2446 926 4931 4776 926 5463 12153 6905 15202 771 16187 16187 11778 16187 16187 16187
6173 16187 16187 16187 16187 16187 16187 16187 16187 16187 16187 16187 16187 16187 16187 16187
6173 16187 6535 630 4537 1019 8719 1110 16187 16187 16187 8268 2563 16187 1110 16187
6173 16187 6535 926 16187 12507 4325 13942 12233 2823 16187 16187 16187 16187 16187 16187
5713 4232 1133 3177 12855 926 926 2326 14776 2326 9431 14263 926 16187 16187 16187
5627 14139 15525 3177 9484 16187 8268 10316 2903 12233 9850 830 926 16187 16187 16187
5713 4232 1133 3177 12855 926 926 2326 14776 2326 9431 14263 926 16187 929 16187
12338 4776 8794 926 2837 2353 10496 15401 16187 16187 16187 16187 16187 16187 16187 16187
12338 4776 13896 5867 926 16187 2543 2903 8268 7926 5867 16187 816 16187 816 16187
12338 4776 8794 926 2837 2353 10496 15401 16187 16187 16187 4687 16187 16187 16187 16187
14237 3177 1245 8268 4776 8081 926 2296 5656 12233 4776 8024 16187 16187 16187 16187
3842 1957 14180 1737 16187 9339 8710 6259 926 5711 16187 7336 926 16187 16187 16187
14237 3177 1245 8268 4776 8081 926 2296 5656 12233 4776 8024 16187 8185 16187 9316
1138 926 5711 8710 6259 6070 7742 10471 10033 3537 16187 16187 16187 16187 16187 16187
1138 926 5711 8710 8093 10035 14237 15846 4024 5937 2689 8312 16187 16187 16187 5807
1138 926 5711 8710 6259 6070 7742 10471 10033 3537 16187 16187 16187 926 16187 16187
4845 926 14237 8489 926 9084 6259 3098 15781 16187 16187 16187 16187 16187 16187 16187
3842 11889 12127 63 5328 3177 8712 8268 3171 13348 16187 3422 8268 14237 8676 16187
926 9084 983 12008 8712 5867 2148 16187 4311 16187 1885 16187 11839 16187 16187 16187
3643 1955 1552 4172 2750 4931 1378 10653 11769 16187 16187 16187 16187 16187 16187 16187
4267 12233 11553 926 5406 10566 8268 926 926 16187 13141 12233 12945 16187 16187 16187
14324 8268 1750 926 10967 12135 8710 4776 564 9424 830 1885 16187 16187 12349 16187
91 8710 6259 10355 800 1090 8268 926 5867 2191 3177 12117 926 14734 5114 16187
3842 91 16187 4152 16187 12478 8268 14237 14180 11553 12233 1436 16187 16187 816 1378
91 8710 6259 10355 800 1090 8268 926 5867 2191 3177 12117 926 14734 5114 16187
3484 1439 8710 2446 6535 10355 4537 11889 4776 888 13839 16187 16187 16187 16187 16187
4267 12233 11553 926 5406 10566 8268 4325 11553 2296 16187 926 16187 308 16187 16187
14324 8268 1750 926 10967 12135 8710 4776 564 9424 830 1885 16187 16187 16187 16187
12008 1885 428 12233 2823 1229 6214 2466 13141 12233 15180 16187 16187 16187 16187 16187
12008 1885 428 12233 2823 1229 6214 8719 8710 8268 1919 13084 926 16187 16187 16187
12008 1885 428 12233 2823 1229 6214 2466 13141 12233 15180 16187 16187 6683 1957 4776
926 926 7076 1885 11846 954 1955 926 1919 4856 14237 2410 16187 16187 16187 16187
926 926 7076 11416 8268 4776 9290 15658 926 1885 16187 926 926 926 16187 926
926 926 7076 1885 11846 954 1955 926 1919 4856 14237 2410 16187 14734 926 16187
8712 3348 4628 9754 4230 1597 820 16187 16187 16187 16187 16187 16187 16187 16187 16187
8712 3348 4628 9754 4230 1597 820 16187 3356 16187 16146 16187 16187 16187 926 16187
8712 3348 4628 9754 4230 1597 820 16187 3356 16187 926 16187 16187 16187 16187 16187
4776 6854 13060 4776 2601 5033 3177 4776 926 16187 16187 16187 16187 16187 16187 16187
4776 4267 8084 16187 8084 12449 12233 15956 14272 7740 11553 8084 16187 16187 2598 16187
4776 2946 761 15597 12835 8927 16187 9332 14237 8712 5867 6259 10894 16187 6535 16187
8017 12008 1138 4776 926 5711 8710 9754 1378 3177 4312 16187 16187 16187 16187 16187
8017 12008 1138 4776 926 5711 8710 9754 1378 3177 4312 16187 16187 926 16187 16187
1138 8268 14237 6011 5448 8719 8283 16187 816 4927 16187 16187 16187 2097 3177 16187
7740 4537 1110 3171 2563 14237 7740 3553 14069 15846 2823 6259 12007 6280 13348 16187
7740 4537 14581 5463 8712 868 8719 1597 7558 16187 14043 4776 926 16187 16187 630
7740 4537 1110 3171 2563 14237 7740 3553 14069 15846 2823 6259 12007 6280 13348 16187
3847 9754 8467 12233 3432 4776 14596 8268 12716 16187 16187 16187 16187 16187 16187 16187
4267 12233 11553 926 5406 10566 3177 4776 926 8268 4325 14776 14180 4776 926 16187
6826 820 1110 3171 10033 14237 11191 12102 8712 16187 16187 16187 16187 16187 14251 16187
12485 7512 8710 10770 16187 16187 16187 16187 16187 16187 16187 16187 16187 16187 16187 16187
4267 3177 14180 820 6173 4931 4537 6259 926 926 16187 11401 5711 16187 16187 16187
8712 8710 15667 14237 9264 16187 16187 950 12233 2823 926 16187 16187 16187 16187 16187
8798 8268 14691 5208 926 14734 926 8268 8084 16187 16187 16187 16187 16187 16187 16187
3842 1957 14180 1737 16187 9339 8710 6259 15819 926 16187 16187 14043 1229 3847 16187
8796 8268 3098 6854 12008 6259 6071 5463 8710 6259 2689 10033 16187 12495 16187 10033
12008 7740 2383 14069 8710 5568 1229 630 6011 5208 9577 8719 1390 2103 16187 16187
12008 7740 2383 14069 8710 5568 1229 630 6011 5208 9577 8719 1390 2103 16187 16187
12008 7740 5297 6635 8712 15978 7740 6124 15389 16187 16187 6535 16187 14591 16187 16187
4552 6011 3141 7926 15846 14810 16187 16187 16187 16187 16187 16187 16187 16187 16187 16187
4552 6011 3141 7926 15846 14810 16187 16187 16187 16187 16187 16187 16187 16187 16187 16187
4552 6011 3141 7926 15846 14810 16187 16187 16187 16187 16187 16187 16187 16187 9424 16187
2326 3098 16187 16187 16187 16187 16187 16187 16187 16187 16187 16187 16187 16187 16187 16187
2326 3098 16187 16187 16187 9890 16187 6011 16187 15956 16187 16187 16187 16187 9450 16187
2326 3098 16187 10033 16187 16187 1903 1919 12127 12529 16187 16187 16187 16187 16187 16187
14901 8268 14822 8268 6011 9498 2176 10918 4311 16187 16187 16187 16187 16187 16187 16187
3842 1957 14180 1737 16187 9339 8710 6259 926 5711 16187 16187 9004 12495 16187 16187
4325 12945 16187 203 2689 6259 926 14237 9605 8710 12233 2823 6259 16187 16187 16187
6011 2552 12958 10299 10967 6259 9041 4697 14237 8712 4607 14029 14237 14029 16187 16187
9036 3171 2563 16187 12495 12495 15096 16187 7981 1919 16187 1954 926 16187 16187 16187
6011 2552 12958 10299 10967 6259 9041 4697 14237 8712 4607 14029 14237 14029 16187 16187
14237 15870 8712 9084 16187 16187 16187 16187 16187 16187 16187 16187 16187 16187 16187 16187
14237 2383 14272 2598 16187 16187 2598 16187 9059 926 16187 16187 8719 4776 2598 16187
14237 15870 8712 9084 16187 630 3177 926 16187 16187 16187 16187 11889 16187 16187 16187
1378 3177 2353 1612 5867 564 1133 16187 16187 16187 16187 16187 16187 16187 16187 16187
1378 3177 2353 1612 5867 12766 4776 2353 16187 9710 3177 926 8808 16187 13942 16187
1378 3177 2353 1612 5867 564 1133 16187 6695 1133 14237 8270 16187 11331 16187 926
7926 3364 11553 12766 4776 63 564 1866 771 7926 13022 1778 16187 16187 16187 16187
3842 16187 4537 11889 4776 2563 8268 16187 5329 4537 15840 1955 14069 16187 16187 11401
7926 3364 11553 12766 4776 63 564 1866 771 7926 13022 1778 16187 14237 926 16187
3171 926 779 12766 1378 3177 5414 926 12955 3191 6041 4776 9431 13829 476 16187
3842 3171 2856 11889 4776 12012 16187 3364 926 1919 4776 8353 16187 926 16187 16187
3171 926 5509 3177 14651 14470 4258 9743 6963 926 12233 926 4269 16187 16187 11401
9563 4776 9431 1813 12028 15649 14691 11921 16187 16187 16187 16187 16187 16187 16187 16187
10242 3177 4312 9498 9754 1955 9332 16187 1955 4776 8808 16187 16187 16187 16187 16187
6173 8719 4269 12233 1138 7812 14180 14734 926 5711 2598 16187 6011 16187 2598 16187
14069 8710 13084 7273 14237 14069 8710 6070 9450 3211 16187 16187 16187 16187 16187 16187
14069 8710 13084 7273 14237 14069 8710 6070 9450 3211 16187 8084 16187 16187 16187 16187
14069 8710 6259 3384 8719 15649 4776 5820 13093 926 926 8069 926 926 926 16187
7740 16138 7627 8268 7926 16105 9070 1662 8268 5568 15202 16187 16187 16187 16187 16187
7740 16138 8093 12650 13592 983 3171 10033 16187 11839 16187 16187 16187 16187 16187 16187
7740 16138 4537 2823 13611 14237 9605 14069 16187 830 1885 16187 16187 16187 16187 16187
12958 4931 11162 14237 5329 8719 5937 3504 16187 16187 16187 16187 16187 16187 16187 16187
12958 4931 5329 6259 8649 16187 14029 9890 6259 8264 10931 16187 6011 16187 16187 816
12958 4931 11162 14237 5329 8719 5937 3504 16187 2588 1378 7740 13348 16187 13348 16187
1378 9290 1378 5738 1378 1787 13348 16187 16187 16187 16187 16187 16187 16187 16187 16187
4267 12233 11553 926 5406 10566 8268 7740 11553 2308 4776 926 7001 12233 4776 10033
1378 9290 1378 5738 1378 1787 13348 16187 7612 9431 8656 16187 5627 9431 16187 10315
7926 779 12233 7925 7594 6306 16187 16187 16187 16187 16187 16187 16187 16187 16187 16187
7926 779 12233 7925 7594 6306 16187 8719 14180 16187 16187 16187 2563 16187 16187 16187
7926 779 6826 13985 16187 926 8719 4776 10033 16187 9770 16187 16187 16187 16187 16187
1919 13084 14320 4325 2186 4776 15781 12233 7289 4776 489 16187 16187 16187 16187 16187
4267 926 4776 2563 16187 926 1919 4776 926 14029 4776 926 16187 16187 16187 16187
1954 4944 14217 5655 4776 926 926 1919 12414 16187 926 3177 4776 9577 16187 16187
6683 830 4776 926 15370 14237 7014 6011 3644 9754 6407 8712 16187 16187 16187 16187
4267 12233 11553 926 5406 10566 8268 7740 11553 2308 3171 10033 12233 2823 16187 6685
8726 926 8155 8268 4776 10033 12232 7812 14180 4776 13441 16187 9084 9754 16187 8438
4776 4152 8710 6070 2805 14237 4776 2946 2451 10571 7742 16187 16187 16187 16187 16187
4776 4152 8710 2393 8268 8798 16162 9332 16187 16187 16187 16187 16187 16187 16187 9131
4776 4152 8710 6070 6140 14237 7740 9429 7926 15621 8719 926 16187 16187 16187 8719
10967 4776 5946 8268 8712 15452 11889 6011 16138 2823 10315 6259 5286 5212 11514 16187
4267 12233 4776 2563 9594 926 11553 12233 1865 1919 16187 16187 6683 1229 14581 16187
12276 2752 656 830 4776 10240 5867 4331 14237 8762 926 16187 16187 16187 16187 16187
7740 3644 9754 8069 10603 6259 3366 547 15369 16187 16187 16187 16187 16187 16187 16187
7740 3644 9754 8069 10603 6259 3366 547 15369 16187 16187 2563 16187 16187 16187 14233
7740 3644 9754 9137 12233 2552 4776 8081 10554 2837 4776 2353 16187 926 926 4776
12008 9743 3766 8719 4776 14596 8639 6918 8719 2563 16187 16187 16187 16187 16187 16187
12008 9743 3766 8719 4776 14596 8639 6918 8719 2563 16187 3192 16187 16187 2002 16187
12008 3730 16187 926 14237 926 7742 16187 8719 4776 14783 14237 12767 16187 16187 16187
11889 6390 12038 14043 10566 3177 4776 3819 8185 16187 16187 16187 16187 16187 16187 16187
4267 12233 11553 926 5406 10566 8268 926 926 16187 13141 12233 903 16187 13904 926
7740 11530 4776 11773 8268 800 13094 3177 4776 14596 91 16187 10710 10810 16187 16187
7742 8712 9084 9754 4189 16187 16187 16187 16187 16187 16187 16187 16187 16187 16187 16187
7742 8712 9084 9754 4189 16187 16187 2598 16187 16187 6683 3177 4776 8974 16187 16187
7742 8712 5867 2148 14043 3765 6259 1716 7740 11553 16187 5580 16187 16187 16187 9890
12008 7740 4931 9872 16187 16187 16187 16187 16187 16187 16187 16187 16187 16187 16187 16187
12008 7740 4931 9872 16187 16187 8719 4776 12792 3177 4776 2122 8081 12835 16187 926
12008 7740 4931 8719 4776 13994 14237 12892 8712 6259 2327 16187 16187 16187 6535 9484
4552 9754 7001 6391 12233 2552 3137 5365 5867 8162 7524 16187 16187 16187 16187 16187
4552 9754 7001 12233 4776 12192 14237 6698 8712 12307 1955 7742 16187 16187 16187 11953
4552 9754 7001 2837 4776 4156 14602 13348 16187 11401 16187 7926 9360 8719 16187 16187
322 322 16187 16187 16187 16187 16187 16187 16187 16187 16187 16187 16187 16187 16187 16187
1019 8811 926 13348 16187 8185 16187 2296 547 16187 4628 16187 16187 816 16187 16187
1019 2466 1138 15846 4325 11553 10471 16187 2598 5711 16187 9059 16187 16187 16187 16187
926 11238 4931 10355 5329 2326 5967 12233 4552 10941 665 16187 16187 16187 16187 16187
926 11238 4931 10355 5329 2326 5967 12233 4552 10941 665 16187 16187 926 16187 2097
926 11238 4931 10355 14237 4776 6006 8710 6535 8268 12495 16187 16187 16187 16187 16187
693 8069 6253 12233 2196 15291 12008 3609 2903 9222 6826 1138 13250 5711 14748 16187
4267 12233 11553 926 5406 10566 8268 4325 11553 2296 16187 8258 10887 926 16187 16187
14734 10033 3644 1919 6259 10894 3177 4776 926 926 8268 8712 16187 6297 16187 8270
4776 12621 15063 10967 3690 926 12233 926 16187 16187 16187 16187 16187 16187 16187 16187
4776 4267 8084 16187 4320 5867 1924 3112 8712 14237 1378 9640 16187 16187 9290 16187
4776 12621 15063 10967 3690 926 12233 926 16187 16187 16187 926 16187 16187 16187 16187
4776 14596 8712 5867 5329 15389 8081 8268 12008 8712 5867 14030 16187 16187 16187 16187
4776 14596 8712 5867 5329 15389 8081 8268 12008 8712 5867 14030 16187 6535 630 16187
4776 14596 8712 5867 5329 15389 8081 8268 12008 8712 5867 14030 16187 16187 6535 7742
4776 2588 9484 12028 9498 14397 14902 8719 4776 12364 16187 16187 16187 16187 16187 16187
4776 2588 9484 12028 9498 14397 14902 8719 4776 12364 16187 16187 16187 16187 954 16187
4776 2588 9484 12028 13348 16187 9884 5570 6259 2563 5463 12232 2326 2823 4776 16187
14272 13464 3112 3171 2563 4032 15715 8268 12716 8268 8710 4776 5580 3098 8521 16187
14272 13464 11921 8719 4776 2563 1955 8712 8710 6011 16187 16187 16187 16187 13348 16187
14272 656 10566 11289 830 9070 4931 4776 2191 3177 6270 5463 9641 10719 16187 16187
13089 4325 9605 14069 8268 703 5946 12233 9605 13250 16187 16187 16187 16187 16187 16187
4325 3364 9754 11553 10471 6259 8270 15781 16187 8719 16187 16187 16187 1344 540 16187
13089 4325 9605 14069 8268 703 5946 12233 9605 10967 6931 16187 14043 4325 16187 16187
14031 7742 14069 5867 2148 10770 4697 16187 16187 16187 16187 16187 16187 16187 16187 16187
14031 7742 16187 5867 4440 14237 7926 5867 4537 11953 8712 16187 16187 16187 16187 16187
14031 7742 14069 5867 2148 10770 4697 16187 703 4624 9605 16187 16187 3177 4776 1583
8798 8268 14069 14776 12825 13801 4812 4440 14237 6070 10355 10418 531 16187 16187 16187
3842 1957 14180 1737 16187 9339 8710 6259 15819 15781 16187 13141 16187 16187 16187 16187
8796 4969 3847 11192 12008 8712 8710 14180 8719 14824 16187 11789 4032 9316 16187 16187
4776 11978 10011 16003 4931 9754 6535 9591 830 4776 954 16187 16187 16187 16187 16187
4776 4267 4710 4931 10014 4776 950 15658 684 11457 926 16187 16187 16187 16187 16187
4776 1138 3418 5711 3177 4776 2563 6297 771 716 14348 14465 16187 16187 16187 16187
6011 9605 4776 10400 16187 16187 16187 16187 16187 16187 16187 16187 16187 16187 16187 16187
6011 9605 4776 10400 16187 14237 2308 16113 4776 2946 16187 6535 16187 16187 8719 4776
6011 15846 11728 15525 1955 630 7740 5208 11553 8712 16187 16187 16187 16187 16187 16187
8719 12276 763 8585 8268 7740 2296 2308 8712 3398 16187 16187 16187 16187 16187 16187
8719 13592 2037 8268 3171 2563 4931 15624 14237 5329 8069 5450 3356 16187 16187 16187
8719 12276 763 8585 8268 7740 2296 2308 8712 3398 16187 8719 4776 16187 16187 16187
6011 9890 12102 8712 14043 1110 8712 16187 16187 16187 16187 16187 16187 16187 16187 16187
6011 9890 12102 8712 14043 1110 8712 16187 14237 2689 16187 16187 16187 16187 16187 16187
6011 4628 16187 8781 6259 9484 6259 10501 3177 4776 10033 16187 15096 16187 7740 16187
14069 5867 13084 2053 926 13348 3994 16187 16187 16187 16187 16187 16187 16187 16187 16187
14069 5867 13084 2053 926 13348 3994 16187 16187 6535 16187 16187 11889 9890 16187 6535
14069 5867 6259 3384 8719 926 926 5867 1138 926 5711 16187 2296 16187 14231 16187
8440 6664 2598 16187 16187 16187 16187 16187 16187 16187 16187 16187 16187 16187 16187 16187
8440 6664 2598 16187 4537 14734 926 8268 13474 3609 16187 926 4776 16187 6683 3177
10355 6499 2837 4776 4927 16187 7740 2296 2308 3826 13348 16187 9290 16187 16187 16187
10080 2285 16187 16187 16187 16187 16187 16187 16187 16187 16187 16187 16187 16187 16187 16187
10080 2285 16187 8344 16187 5867 10033 5867 8719 6259 926 16187 16187 926 16187 6297
1378 15525 3177 14255 8710 11953 14255 12291 12495 3192 16187 308 8268 14237 7740 16187
14237 8268 11889 10566 11327 1133 8268 8712 779 6259 13178 14117 16187 16187 16187 16187
14237 8268 13570 8268 3171 8836 419 1433 15525 12233 2823 7594 10915 7594 16187 4707
14237 8268 11889 10566 11327 1133 8268 8712 779 6259 13178 14117 16187 16187 16187 14397
4776 2221 8710 6070 8569 16187 16187 16187 16187 16187 16187 16187 16187 16187 16187 16187
4776 2221 8710 6070 8569 16187 16187 16187 6535 16187 16187 13348 5711 16187 16187 14397
4776 2221 8710 6535 3098 16187 15978 7926 5867 2148 16187 16187 16187 3356 16187 16187
4776 3938 8710 14272 13474 8710 2326 4240 16187 16187 16187 16187 16187 16187 16187 16187
4776 3938 8710 14272 13474 8710 2326 4240 16187 16187 16187 16187 16187 16187 16187 16187
4776 11646 4931 9332 14237 4776 12364 4931 10355 16187 16187 12233 4776 308 16187 16187
1597 8268 1597 820 1436 5463 926 1390 8710 4776 7705 8569 2563 8084 16187 16187
4267 12233 11553 926 5406 10566 3177 4776 926 8268 4325 14776 14180 4776 926 16187
1597 8268 1597 820 1436 5463 926 1390 8710 4776 7705 8569 2563 8084 16187 16187
4776 5568 6140 10836 8710 9743 1651 10967 12164 16187 16187 16187 16187 16187 16187 16187
4776 5568 4452 10709 4931 4776 10202 926 3994 926 16187 16187 926 16187 16187 926
4776 5568 6140 10836 8710 9743 1651 10967 12164 16187 703 16187 4552 16187 816 16187
8712 5867 8738 5463 926 5867 13733 10638 14237 6499 9498 8993 6918 16187 16187 16187
8712 5867 8738 5463 926 5867 13733 10638 14237 6499 9498 8993 6918 16187 16187 16187
8712 5867 10302 8268 15231 8268 13792 8268 14237 11075 1098 16187 16187 15174 16187 16187
7740 11553 9754 8466 1213 1954 2955 9534 10967 1954 817 5838 16187 16187 16187 16187
7740 11553 9754 12766 3171 4282 1919 6259 2563 8719 926 15096 16187 926 16187 12349
7740 11553 1213 926 1825 3177 3171 11854 8974 16187 9813 3177 4776 983 16187 9316
1955 8712 8710 8268 13089 926 926 8268 1138 7740 973 853 8712 13348 5711 16187
3842 1957 14180 1737 16187 16187 14397 8268 7740 8680 10503 9640 13348 16187 16187 8084
1955 8712 8710 8268 13089 926 926 8268 1138 7740 973 853 8712 13348 5711 16187
3082 4931 5329 8102 6423 3171 10033 1955 7926 4931 1919 4552 4776 816 9424 16187
4267 12233 11553 926 5406 10566 8268 4325 11553 2296 16187 926 16187 308 16187 16187
1955 6259 3537 8268 4776 13607 10033 8268 6011 5208 6011 8268 12008 4325 11031 16187
4776 10418 8710 5516 8268 1955 7742 16187 16187 16187 16187 16187 16187 16187 16187 16187
4776 10418 8710 1482 12008 7542 9196 16187 6535 16187 6535 16187 10501 3177 4776 10033
4776 10418 8710 5516 8268 1955 7742 16187 16187 16187 4687 983 16187 926 16187 16187
3171 8710 1378 3177 4776 564 1133 5153 926 14537 926 4384 16187 16187 16187 16187
3842 1957 14180 1737 16187 16187 14397 7740 11553 926 13348 16187 13348 16187 8084 16187
3171 8710 1378 3177 4776 564 1133 5153 926 14537 926 4384 16187 926 16187 16187
2053 1637 3994 5208 5329 2326 9605 6259 11950 14596 16187 16187 16187 16187 16187 16187
4267 10033 3177 14180 926 16187 11553 16105 3102 16187 3841 926 16187 16187 13348 16187
7740 6635 4776 10418 2837 926 926 14237 4384 926 16187 16187 16187 16187 8781 16187
12008 9233 9631 3908 12 1439 8719 4776 10033 4931 6231 9852 2837 4776 12298 16187
12008 4776 40 10418 3177 12273 926 8511 9070 10967 4776 5946 13348 16187 5759 16187
12008 4776 10418 8710 1019 1954 8685 16187 2446 6276 8733 14745 16187 16187 16187 16187
6011 12232 5633 3171 14029 6259 3384 14029 6259 4233 1543 4776 13819 8710 1495 16187
6011 12232 5633 3171 14029 6259 3384 14029 6259 4233 1543 4776 13819 8710 1495 16187
6011 7433 16187 6259 6070 10355 16187 2563 8268 14237 7740 2006 2326 6259 16187 16187
4776 476 16004 4776 10288 926 2149 15265 1138 4776 926 5007 5711 16187 16187 16187
3842 11889 4776 12012 13348 16187 12723 5711 926 16187 926 16187 16187 16187 16187 2563
4776 2353 771 6259 546 144 7620 16187 16187 385 8719 16187 16187 16187 16187 16187
1290 5388 4312 2903 12495 6585 12576 8268 14237 5388 12495 1597 926 16187 16187 16187
4267 926 4776 926 3177 2353 16187 14221 13348 16187 16187 926 16187 16187 16187 16187
13474 8710 9528 2837 3171 16108 8719 4776 926 2598 16187 16187 16187 16187 16187 16187
3644 9754 11553 6259 11361 3177 817 10376 926 1603 9808 1778 16187 16187 16187 16187
4267 12233 11553 926 5406 10566 8268 7740 11553 2308 3171 10033 12233 2823 16187 1955
7740 973 2758 5463 4325 8069 12431 926 830 3171 2563 16187 16187 16187 16187 16187
4776 3137 1033 4624 11031 14029 926 5867 12380 14237 5088 568 16187 16187 16187 16187
4776 4267 8084 16187 4320 5867 1924 3112 8712 6259 10150 1955 926 1919 926 16187
4776 1138 3418 5711 3177 4776 2563 6297 771 716 14348 14465 16187 16187 16187 16187
3171 13141 12233 1954 8847 8423 11063 2780 513 15649 8710 4776 4949 9405 2598 16187
3842 16187 16187 1737 9487 8268 4311 8268 14237 11553 12233 16187 10503 16187 16187 16187
3171 9577 4931 2148 5493 14237 6070 643 11889 12233 4776 4194 16187 16187 16187 10879
10967 6286 5711 2563 8268 15978 4776 9431 5328 8710 6297 630 2148 9332 16187 16187
4267 12233 11553 926 5406 10566 8268 7740 11553 2308 4776 926 7001 12233 4776 10033
7740 4931 9528 12233 10603 5463 8712 4931 6259 8438 3177 14462 16187 16187 16187 16187
2148 512 14180 3177 3171 8268 8712 4931 10770 12233 12650 16187 16187 16187 16187 16187
4267 12233 11553 926 5406 10566 8268 7740 11553 2308 4776 926 16187 926 16187 16187
5463 4624 2552 9450 3177 14272 4776 926 4552 8710 16187 926 16187 926 16187 16187
13474 6090 6259 6070 13129 10418 14237 15452 6070 2176 8719 14180 1885 4440 16187 16187
3842 1957 14180 1737 16187 16187 14397 7740 2308 16187 13348 16187 16187 16187 16187 16187
13474 6090 6259 6070 13129 10418 14237 15452 6070 2176 8719 14180 1885 4440 16187 16187
4325 7129 12233 8733 4776 5738 6683 926 6152 16187 16187 16187 16187 16187 16187 16187
4325 7129 12233 8733 4776 5738 6683 926 6152 16187 16187 16187 16187 16187 16187 16187
4325 7661 926 16187 6259 926 8719 4776 2563 16187 12349 1919 1954 926 16187 16187
7740 12020 5463 926 12232 11553 16105 4776 12007 12233 8712 16187 16187 16187 16187 16187
7740 12020 5463 926 12232 11553 16105 4776 12007 12233 8712 16187 16187 16187 16187 16187
7740 12020 7740 771 6259 14491 10931 13348 16187 16187 9431 16187 16187 569 16187 16187
4776 11646 8710 5516 14237 4776 10418 8710 926 14237 8069 11162 16187 16187 16187 16187
4776 4267 8084 16187 8084 12449 12233 15956 14272 11953 4776 2563 16187 8368 16187 5329
4776 11646 8710 5516 14237 4776 10418 8710 926 14237 8069 11162 16187 10770 16187 16187
8712 8710 1954 11707 8974 14237 779 14180 4776 7958 6259 3098 2563 10272 16187 16187
3842 1957 14180 1737 16187 9339 1098 16187 1378 16187 16187 12233 16187 16187 816 16187
8712 8710 1954 11707 8974 14237 779 14180 4776 7958 6259 3098 2563 10272 16187 926
4776 13896 6724 11546 9422 14237 1846 13607 12233 10727 2263 13904 7724 16187 16187 16187
3842 1957 14180 1737 16187 16187 14397 7740 11553 926 13348 16187 13348 16187 8084 16187
4776 8808 3177 926 3847 14776 2326 7742 11889 13474 926 8719 4776 10033 16187 16187
12008 8268 1955 7740 8592 8268 3171 8710 6259 8569 10033 16187 16187 16187 16187 16187
12008 8268 1955 7740 8592 8268 3171 8710 6259 8569 10033 16187 16187 16187 16187 14230
12008 8268 1955 7740 8592 8268 3171 8710 6259 926 16187 10033 16187 7970 16187 16187
1350 8268 13474 5867 1138 11039 3177 5711 1685 16187 16187 16187 16187 16187 16187 16187
1350 8268 13474 5867 1138 11039 3177 5711 1685 16187 16187 2444 16187 16187 16187 16187
1350 8268 13474 5867 1138 11039 3177 5711 1685 16187 16187 1110 16187 16187 16187 16187
8712 5867 4537 9625 16187 16187 16187 16187 16187 16187 16187 16187 16187 16187 16187 16187
8712 5867 4537 9625 16187 8440 8268 2563 16187 2326 16187 1229 16187 16187 8719 8456
8712 5867 4537 10915 8439 14237 113 16187 8185 8268 14237 4776 16146 16187 10501 3177
7740 1951 1957 7804 1955 12233 15662 4325 8423 926 3171 2563 16187 16187 16187 16187
7740 1951 1957 7804 1955 12233 15662 4325 8423 926 3171 2563 16187 6297 16187 16187
7740 1951 899 12233 3951 10619 7499 12233 3171 7323 16187 16187 8466 8719 4776 16187
830 5713 12835 14776 11889 10094 15658 5208 8093 2172 16187 16187 16187 16187 16187 16187
4267 12233 11553 926 5406 10566 3177 4776 2563 8268 7740 4931 926 16187 16187 16187
7740 11530 12958 11953 3171 2563 14237 7740 2308 14691 12233 8217 11953 16187 16187 16187
15662 779 9754 1439 12766 1125 14029 14734 16058 926 2598 16187 16187 16187 16187 16187
15662 5329 12650 3171 5721 3177 6259 6071 2563 14237 10603 15525 2598 16187 16187 16187
14237 7926 9084 8712 7742 16187 3562 8719 3098 16187 13637 16187 4994 16187 16187 16187
926 6253 1229 10399 12233 8733 8712 13178 5463 8712 13623 14350 16187 16187 16187 16187
926 6253 1229 10399 12233 8733 8712 13178 5463 8712 13623 14350 16187 16187 16187 1378
926 14005 11057 1957 12291 8268 1955 7926 10913 3847 8719 14734 1133 16187 926 12233
3171 8710 11953 10217 9288 15658 14776 8719 15597 12529 5365 3177 3192 12135 16187 16187
3842 3171 2856 11889 4776 12012 16187 3364 926 1919 6259 653 16187 16187 16187 16187
3171 8710 9367 7148 926 5390 6714 16187 7723 16187 5537 16187 16187 16187 16187 16187
1019 4776 10011 15641 91 8710 12715 14237 5769 16187 16187 16187 16187 16187 16187 16187
1019 4776 10011 15641 91 8710 12715 14237 5769 16187 16187 10207 16187 16187 16187 16187
1019 4776 10011 15641 91 8710 12715 14237 4776 10418 8710 6535 12545 16187 16187 16187
8712 779 6826 10967 4776 926 5867 8974 2221 15649 12233 9070 4931 10440 16187 16187
8712 779 6826 10967 4776 926 5867 8974 2221 15649 12233 9070 4931 10440 16187 16187
8712 779 6826 3527 1722 14237 6259 1781 11680 16187 16187 16187 16187 16187 16187 16187
7740 9429 9431 983 13949 15846 10603 14734 10187 8719 3171 10236 2563 6070 9332 16187
7740 9429 12127 11978 8719 3171 10033 6407 926 926 13216 7665 16187 11401 16187 16187
7740 9429 9431 983 13949 15846 10603 14734 10187 8719 3171 10236 2563 6070 9332 16187
643 11921 8268 12008 8069 4156 14808 8710 5297 14808 816 2598 16187 16187 16187 16187
3842 1957 14180 1737 16187 16187 14397 8268 7740 11553 9640 16187 8084 16187 16187 8084
3098 16187 16187 10770 12233 6683 1957 4776 7151 14237 9332 16187 16187 926 16187 7742
6826 9229 3171 8710 4776 1138 12850 2024 2563 8084 16105 5711 16187 16187 16187 16187
4267 3177 14180 820 6173 4931 4537 6259 926 926 16187 11401 16187 16187 16187 16187
4776 16146 6729 10595 779 8710 5463 1731 3847 6259 5695 15781 8719 11095 14745 16187
14919 9484 7740 11553 2296 12766 6259 10887 14230 3177 6695 1133 8268 5364 16187 16187
4267 12233 11553 926 5406 10566 3177 4776 2563 8268 7740 4931 926 16187 16187 16187
14919 9484 7740 11553 2296 12766 6259 10887 14230 3177 6695 1133 8268 5364 16187 926
14237 7740 11530 14734 4707 8268 4776 4927 7926 9098 16187 16187 16187 16187 16187 16187
14237 7740 973 5329 926 9890 16187 5711 16187 16187 16187 929 16187 6011 16187 16187
14237 7740 11530 14734 4707 8268 4776 4927 7926 9098 16187 2296 16187 16187 16187 16187
14237 1229 779 1866 16187 16187 16187 16187 16187 16187 16187 16187 16187 16187 16187 16187
14237 1229 13084 16187 5332 8974 8268 1229 14069 5867 6535 630 830 4776 983 16187
14237 1229 779 1866 16187 7926 926 1885 2598 16187 16187 16187 16187 16187 16187 2598
6259 10025 15658 14823 1954 926 16187 16187 16187 16187 16187 16187 16187 16187 16187 16187
6259 10330 14029 10144 10244 13348 16187 3364 7740 9431 926 7740 8069 16187 6535 630
6259 10025 15658 14823 1954 926 16187 4776 926 16187 16187 926 16187 16187 16187 16187
4776 926 7890 8710 4394 16187 16187 16187 16187 16187 16187 16187 16187 16187 16187 16187
4776 926 7890 8710 5463 8710 3177 1245 4776 13839 16187 2326 16187 16187 926 16187
4776 926 7890 8710 4394 16187 7742 8268 14237 9289 16187 16187 16187 2148 16187 16187
7740 1951 5329 630 3559 1919 4776 11954 5414 6590 3177 4250 3416 16187 16187 16187
7740 1951 5329 630 3559 1919 4776 11954 5414 6590 3177 4250 3416 16187 5463 4927
7740 1951 899 12233 3951 10619 7499 12233 3171 7323 16187 16187 8466 16187 16187 16187
6259 1320 14237 3730 1987 12852 16187 16187 16187 16187 16187 16187 16187 16187 16187 16187
6259 2329 8759 16187 1138 5095 899 5711 14745 14069 9498 926 16187 4269 16187 16187
6259 1320 14237 3730 1987 12852 16187 926 8268 8719 926 8719 8719 926 16187 16187
12276 1453 6259 2689 1453 14029 4776 10659 14634 8268 5227 1955 6259 12007 16187 16187
12276 10709 8710 1948 703 14776 3202 3171 2563 16187 16187 8719 16187 16187 16187 16187
12276 1453 6259 2689 1453 14029 4776 10659 14634 8268 5227 1955 6259 12007 16187 16187
14069 5867 6259 10355 2191 3177 13501 5329 14652 12008 10355 16187 16187 16187 16187 16187
3842 1957 14180 1737 16187 16187 14397 8268 7740 11553 12233 10503 9640 16187 16187 16187
8712 5867 6259 10033 3177 5400 8712 5867 10006 8268 9925 5102 8268 9925 926 16187
14180 5463 12209 1919 3171 10033 1955 7596 950 8710 13074 16187 16187 16187 16187 16187
14272 5867 14219 8710 5463 13474 2446 926 2884 926 16187 16187 7740 816 16187 16187
14180 5463 12209 1919 3171 10033 1955 1954 926 16187 16187 16187 16187 926 16187 16187
2263 5329 1378 3177 4776 926 8268 14237 14221 10967 4776 4267 16187 16187 16187 16187
4267 3177 14180 820 6173 4776 9790 4927 926 5711 16187 12576 16187 9925 11889 14745
2263 11953 16041 4776 3984 12233 5174 5937 8835 16187 4311 16187 12233 7001 16187 16187
926 4931 9754 5328 1955 2689 1955 3171 16187 16187 16187 16187 16187 16187 16187 16187
3842 11889 12127 5804 16187 926 3177 4776 5365 16187 16187 8710 16105 16187 16187 16187
926 4931 3908 14734 1932 4189 2837 11711 15525 14734 8268 13546 5867 8268 13985 16187
4776 10887 4302 2373 3114 569 3177 579 5771 14237 926 10960 16187 16187 16187 16187
4776 10887 4302 2373 3114 569 3177 579 5771 14237 926 10960 16187 16187 10602 16187
4776 10887 4302 2373 3114 569 3177 2176 13348 16187 11063 1603 926 926 16187 15649
8796 8268 14069 2326 8710 4776 9290 16187 16187 16187 16187 16187 16187 16187 16187 16187
8796 8268 14069 14776 2943 14937 14237 5906 3766 16187 14596 5463 13929 16187 16187 9290
8796 8268 8712 8710 12349 4776 12489 8268 12008 2263 10471 14029 10812 926 13348 16187
7740 12449 12233 1042 12050 12028 2858 8712 16187 16187 16187 16187 16187 16187 16187 16187
7740 12449 12233 1042 12050 12028 2858 8712 16187 16187 7740 9429 5463 16187 926 16187
7740 14108 926 16187 9429 10036 16187 6421 14237 4537 8197 8712 12233 2823 1954 10501
8712 4931 9754 4537 2123 2598 16187 16187 16187 16187 16187 16187 16187 16187 16187 16187
8712 4931 9754 4537 2123 2598 16187 6173 16187 1793 16187 1019 3171 2598 16187 16187
8712 4931 9754 3257 12008 8712 4931 8712 16187 16187 16187 16187 16187 16187 16187 16187
4776 10442 8710 8974 12495 8268 1919 4776 416 2358 14237 14180 16187 16187 16187 16187
4776 4267 8084 16187 8084 12449 12233 15956 1543 820 7066 14029 926 14029 16187 14241
4776 2285 13839 8710 3098 16187 16187 10566 3177 3171 16187 16187 830 4312 16187 16187
4302 2894 12593 12518 14596 8268 1919 8270 512 1482 6499 16187 16187 16187 16187 16187
4267 10033 3177 14180 926 16187 11553 16105 3102 16187 3841 926 16187 16187 16187 13348
6259 10355 6155 3177 983 12233 7938 1378 3177 926 5867 10566 5796 10145 16187 8719
14237 13474 926 8268 1138 8796 4624 11553 5711 16187 16187 16187 16187 16187 16187 16187
3842 16187 16187 1737 9487 8268 4311 8268 14237 11553 12233 16187 16187 16187 16187 16187
14237 13474 926 8268 1138 8796 4624 11553 5711 16187 16187 16187 16187 13811 16187 16187
13474 8710 6188 2858 1885 9059 5867 5732 14237 4776 10033 3609 14069 16187 16187 16187
3842 1957 14180 1737 16187 16187 14397 2563 13348 13348 16187 8084 16187 16187 16187 16187
13474 8710 2176 8268 5463 8710 11273 16187 16187 9290 16187 10373 16187 16187 16187 16187
2128 2837 11582 9476 13348 16187 16187 16187 16187 16187 16187 16187 16187 16187 16187 16187
4267 926 4776 2563 16187 8084 16105 2903 11889 3171 16187 16187 16187 16187 16187 16187
7740 8197 2903 16187 1954 8847 7740 9484 6173 8710 926 16187 16187 16187 16187 16187
830 8712 8710 4949 5463 9743 1778 4776 10954 4552 10328 1955 7742 16187 16187 16187
4267 926 4776 2563 16187 926 1919 4776 926 14029 4776 16187 16187 16187 16187 16187
830 8712 8710 4949 5463 9743 1778 4776 10954 4552 10328 1955 7742 16187 1865 16187
7926 1178 15525 1957 1954 15842 9044 16187 16187 16187 16187 16187 16187 16187 16187 16187
7926 1178 15525 1957 1954 15842 9044 16187 16187 8268 14237 2326 6683 830 4776 2601
7926 1178 15525 1957 1954 15842 9044 16187 10335 8268 2689 16187 16187 926 16187 16187
4776 2563 8710 12716 6259 10894 12495 1507 1957 12291 8268 8069 830 12276 14113 16187
3842 1957 14180 1737 16187 16187 14397 7740 11553 926 13348 16187 13348 16187 8084 16187
4776 2563 8710 8719 9594 14237 926 14237 8712 4393 1954 16139 3513 16187 16187 16187
4776 14596 9063 7100 14029 926 8268 14237 8712 9872 16187 16187 16187 16187 16187 16187
4776 14596 9063 7100 14029 926 8268 14237 8712 9872 16187 16187 899 16187 9084 9754
4776 14596 8428 13089 926 8710 5447 5967 12233 4585 6259 5200 16187 16187 16187 16187
15174 926 8268 5329 12495 1781 8268 5329 13170 4592 8268 5329 12495 9442 5030 16187
4267 926 4776 926 3177 2353 16187 14221 16187 16187 926 16187 13348 16187 16187 16187
13474 8710 1954 4785 14217 8268 12008 3644 9754 2326 3249 5923 5212 703 16187 16187
4325 10716 14776 5329 830 9070 16187 16187 16187 16187 16187 16187 16187 16187 16187 16187
4325 10716 14776 5329 830 9070 16187 926 6259 2563 16187 8270 16187 16187 16187 16187
4325 12945 16187 203 5695 6259 11401 929 16187 8712 10299 16187 16187 2598 16187 16187
16146 5388 2296 414 4776 100 1957 12135 1919 10217 2752 14237 10355 926 16187 16187
4267 3177 14180 820 6173 4931 4537 6259 926 926 16187 11401 16187 16187 16187 12349
8069 7831 926 5867 4536 12233 1952 926 16187 926 926 926 16187 16187 15949 16187
6173 6259 63 13250 9424 8710 4776 4856 16187 16187 16187 16187 16187 16187 16187 16187
6173 6259 63 13250 9424 8710 4776 4856 16187 9332 16187 16187 8712 5867 2689 16187
6173 6259 3296 8767 9188 926 5867 10501 3177 12107 8268 9188 926 5867 9465 16187
12149 4312 1955 1213 16187 16187 16187 16187 16187 16187 16187 16187 16187 16187 16187 16187
13937 14069 8268 12576 8268 4325 9084 9754 9612 9605 8719 1885 16187 926 16187 16187
12149 4312 1955 1213 16187 1955 3356 13348 16187 16187 16187 13348 16187 3192 16187 16187
