4325 11553 5627 2780 8995 2024 926 5463 6011 11553 7188 3177 16187 16187 16187 16187
4325 11553 5627 2780 8995 2024 926 5463 6011 11553 7188 3177 16187 16187 16187 16187
4325 11553 5673 12233 2823 8455 6882 16187 8656 16187 16187 16187 16187 16187 16187 16187
4776 10033 10781 8710 9754 3098 16187 16187 16187 16187 16187 16187 16187 16187 16187 16187
4776 10033 10781 8710 9754 3098 16187 830 4776 10887 1583 16187 983 16187 12349 4776
4776 10033 10781 779 6259 10355 14596 2894 16187 5314 8554 2122 5629 10217 391 10731
15846 2066 10603 15525 7831 8710 1909 9290 2598 16187 16187 16187 16187 16187 16187 16187
4267 926 4776 2563 16187 926 1919 4776 926 16187 16187 16187 2598 16187 16187 16187
15846 2066 10603 15525 7831 8710 1909 9290 2598 16187 16187 13429 16187 16187 16187 16187
8712 5867 11075 1405 14237 13170 6070 8268 6070 13170 16187 16187 16187 16187 16187 16187
3842 1957 14180 1737 16187 16187 8268 14397 926 8268 15649 8710 4776 7542 16187 16187
8712 5867 7931 8268 14237 8798 4776 6850 14237 5445 3211 3112 8712 4189 16187 16187
1955 14221 1955 10315 4776 8268 926 13942 12233 11553 6826 12917 16187 16187 16187 16187
4267 926 4776 2563 16187 926 1919 4776 926 16187 16187 16187 16187 16187 16187 16187
1955 14221 1955 10315 4776 8268 926 13942 12233 11553 6826 12917 16187 16187 13348 16187
6259 14139 10619 9484 2598 16187 16187 16187 16187 16187 16187 16187 16187 16187 16187 16187
6259 14139 10619 9484 2598 16187 5332 16187 4311 6011 11553 7188 16187 16187 8719 16187
6259 10355 8199 16187 157 5867 16187 5967 12233 1436 1919 16187 16187 16187 16187 16187
6390 14029 926 6011 16138 9786 830 3171 13348 16187 16187 16187 16187 16187 16187 16187
4267 926 4776 2563 16187 926 1919 4776 926 16187 16187 16187 2598 16187 16187 16187
7740 4142 12814 5463 8726 6011 6635 926 8268 6011 15846 1110 926 8715 16187 16187
7926 779 1378 3177 4776 4267 9511 8719 4776 6215 3177 7345 16187 16187 16187 16187
3842 16187 12127 4927 12495 16187 16187 11839 11953 6259 204 16187 16187 926 14237 16187
7926 779 1378 3384 5463 2296 9486 9070 2903 16187 16187 16187 16105 16187 16187 14255
12654 3177 5463 8268 4624 5297 9605 12233 2552 15389 14311 16187 16187 16187 16187 16187
4267 3177 14180 820 6173 4931 4537 6259 926 10429 830 4776 443 16187 16187 16187
5297 8268 4776 9577 926 8719 3171 10033 14776 4776 7438 16187 16187 9431 16187 16187
7740 11553 2696 926 5867 926 14237 2446 926 16187 16187 16187 16187 16187 16187 16187
7740 11553 6259 9424 1919 3171 10033 16187 11839 8268 4931 5046 8270 16187 12825 12291
7740 11553 2696 926 5867 926 14237 2446 926 16187 16187 16187 926 16187 16187 16187
8796 8268 7740 6635 8712 8268 12008 8712 11744 9754 14180 5463 16187 16187 16187 16187
8796 8268 7740 6635 8712 8268 12008 8712 11744 9754 14180 5463 16187 16187 16187 16187
8796 8268 7740 6635 4312 16187 16187 2097 3177 4776 13546 926 16187 6535 16187 6535
16167 12208 6011 5807 10355 9288 5759 2588 16187 16187 16187 16187 16187 16187 16187 16187
4267 12233 11553 5713 10094 16187 8093 1959 14180 12349 16187 13879 16187 16187 14043 16187
10619 9484 16187 3865 7740 15956 8268 14237 6011 15956 16187 13348 16187 13348 16187 13348
7740 11789 12773 6259 11728 9544 13348 16187 16187 16187 16187 16187 16187 16187 16187 16187
7740 11789 12773 6259 11728 9544 13348 16187 4776 2461 16187 16187 7740 9605 16187 16187
7740 1951 14364 7740 1442 8712 16187 926 8268 7740 9429 8712 10036 16187 16187 16187
7740 4552 9754 11889 4776 4927 15597 10490 15452 8268 12576 16187 16187 16187 16187 16187
7740 4552 9754 11889 4776 4927 15597 10490 15452 8268 12576 16187 16187 16187 16187 16187
7740 11530 4776 12835 8268 9563 13093 9022 5867 11914 14237 1446 926 5867 926 16187
14180 8719 14180 8268 6259 10770 2765 3177 2103 1957 4776 8185 16187 16187 16187 16187
3842 1957 14180 1737 16187 16187 8268 14397 4421 926 16187 16187 16187 16187 16187 16187
14180 8719 14180 8268 6259 3296 7652 830 11247 13348 16187 3137 14514 4931 16187 16167
10710 4152 8268 12008 7997 284 16187 16187 16187 16187 16187 16187 16187 16187 16187 16187
4267 3177 14180 820 6173 4776 9790 4927 926 16187 3969 2053 926 16187 16187 16187
6826 8185 10551 15416 2837 6028 4776 14596 16187 2148 926 16187 14596 16187 14596 16187
7926 4089 6905 1955 6259 3098 2353 1919 3171 10033 1093 16187 16187 16187 16187 16187
3842 16187 12127 4927 8268 16187 2148 5208 16187 1436 11953 3171 10033 16187 16187 5580
7926 4089 6905 1955 6259 3098 2353 1919 3171 10033 1093 16187 5463 8712 16187 4537
3171 16038 10033 8710 6259 12260 12233 2552 8726 6011 14776 6259 926 3082 14230 16187
3842 3171 1378 16187 11839 5463 7740 3364 2823 6259 1138 926 5711 16187 16187 16187
3171 16038 10033 8710 6259 12260 12233 2552 8726 6011 14776 6259 926 3082 14230 16187
7740 9084 9754 12003 8712 16187 16187 16187 16187 16187 16187 16187 16187 16187 16187 16187
7740 9084 9754 12003 8712 16187 7664 14237 8069 9429 7740 6326 16187 16187 16187 16187
7740 9084 9754 7401 7001 15525 12276 4927 12233 12650 3171 16187 16187 16187 7740 11553
926 926 5867 9534 4931 1258 16187 16187 16187 16187 16187 16187 16187 16187 16187 16187
926 926 5867 9534 4931 1258 16187 16187 7336 926 16187 16187 10418 16187 9442 16187
926 926 5867 9534 4931 4537 1955 630 1955 4776 10501 3177 4776 926 16187 16187
16108 14043 5329 6011 14776 10743 3847 5329 8438 16187 16187 16187 16187 16187 16187 16187
5329 8569 8268 12008 5329 5463 10355 9890 16187 6011 16187 1110 16187 10983 16187 8185
14180 6011 15846 9605 8710 6259 15174 3211 5463 5568 11900 14029 4776 9431 2712 16187
5390 6714 8710 10915 8124 8719 4776 16187 16187 16187 16187 16187 16187 16187 16187 16187
4267 926 4776 2563 16187 926 1919 4776 926 16187 16187 16187 16187 16187 16187 16187
7740 8197 4776 926 10619 15525 3177 9484 16187 16187 12650 8719 9484 16187 7970 16187
14457 1955 4776 12489 3177 4776 13021 6173 16187 16187 16187 16187 16187 16187 16187 16187
4267 3177 14180 820 6173 4776 9790 4927 926 16187 3969 8069 9605 16187 816 16187
8719 1378 4183 8268 3171 10033 8710 14652 16187 5948 3177 926 16187 16187 16187 16187
137 8712 8710 9754 16187 16187 16187 16187 16187 16187 16187 16187 16187 16187 16187 16187
4267 3177 14180 820 6173 4931 4537 6259 926 926 16187 16187 2552 926 830 6259
5297 6259 3098 14596 8268 8084 8466 14237 2326 16187 14029 4776 8588 14237 2847 13904
8712 2446 779 16139 5200 2687 4440 16187 16187 16187 16187 16187 16187 16187 16187 16187
3842 1957 14180 1737 16187 16187 14397 9382 16187 16187 16187 1957 1378 16187 16187 16187
8712 2446 779 16139 5200 2687 4440 16187 926 1919 4776 14596 16187 16187 926 16187
7001 12650 10485 8106 16187 16187 16187 16187 16187 16187 16187 16187 16187 16187 16187 16187
7001 12650 10485 8106 16187 2823 4927 2148 16187 16187 16187 16187 512 16187 1381 16187
7001 2552 16187 8712 1737 9487 8719 4070 8268 14237 7740 973 574 16187 16187 16187
7740 968 8154 3171 830 4776 6434 14237 5329 13533 8712 5867 14596 16187 16187 16187
9036 3171 2563 16187 12495 12495 16187 12495 15096 16187 2148 16187 16187 16187 16187 16187
7740 968 8154 3171 830 4776 6434 14237 5329 13533 8712 5867 14596 16187 16187 16187
4776 4924 14237 2687 4440 9498 1344 13181 16187 16187 16187 16187 16187 16187 16187 16187
4776 11846 15180 13758 2903 12576 16187 9332 16187 16187 9442 5030 6259 2563 16187 16187
4776 4924 14237 2687 4440 9498 1344 13181 16187 10566 10501 16187 16187 16187 16187 13348
926 8808 8710 1213 6259 926 926 13348 16187 16187 16187 16187 16187 16187 16187 16187
3842 16187 16187 1737 8268 4776 6499 4776 10217 16187 14596 16187 16187 16187 16187 6535
926 8808 8710 1213 6259 926 926 13348 16187 8719 4776 9577 16187 6535 630 6259
6259 1138 5329 8798 5711 16187 16187 16187 16187 16187 16187 16187 16187 16187 16187 16187
6259 1138 5329 8798 5711 16187 14237 5937 6259 6535 630 16187 16187 14237 7740 6166
6259 1138 12260 2552 5711 830 9455 1919 6259 3098 8855 3177 14180 4776 12835 16187
4776 3246 779 12233 7001 10918 12233 14272 8084 7926 4931 3908 8258 9222 1133 16187
4776 4267 10501 4931 5463 7909 3504 8268 7740 8313 8268 4776 926 16187 926 16187
4776 6801 779 12233 4552 1919 5937 4987 8268 10396 8268 4963 14237 12832 14961 16187
12008 1955 1954 13926 13474 8710 7594 16187 16187 16187 16187 16187 16187 16187 16187 16187
12008 1955 1954 13926 13474 8710 7594 16187 16041 6259 10355 2563 16187 16187 16187 16187
12008 1955 4776 14596 8242 6011 10603 15525 15662 16187 1110 4776 15939 16187 16187 4032
4991 12233 4776 12303 14237 12233 5157 8268 15658 3009 5823 91 16187 16187 16187 16187
3842 11889 12127 63 5328 3177 8712 8268 5463 779 12958 16187 6011 16187 14180 15956
4991 12233 4776 12303 14237 12233 5157 8268 15658 3009 5823 91 16187 16187 16187 16187
7926 2079 14734 8520 8719 4776 10330 14220 16187 16187 16187 16187 16187 16187 16187 16187
3842 16187 16187 1737 8268 4776 6499 4776 10217 16187 14596 16187 16187 16187 16187 16187
7926 2079 14734 8520 8719 4776 10330 14220 16187 926 16187 16187 16187 16187 5917 16187
3171 8710 1378 3177 9743 1133 5463 8093 15881 817 16187 16187 16187 16187 16187 16187
3842 16187 16187 1737 16187 3192 16187 2563 7970 16187 4707 12349 16187 12349 16187 16187
3171 8710 1378 3177 9743 16038 8185 5463 6011 5208 2172 1229 630 10967 16187 16105
8712 771 4537 11953 12958 6011 7448 8719 6259 3098 10033 16187 16187 16187 16187 16187
3842 16187 16187 1737 16187 3192 8157 16187 10033 100 16187 16187 2308 16187 16187 16187
8712 771 4537 11953 12958 6011 7448 8719 6259 3098 10033 16187 16187 12495 16187 10429
5341 926 13549 6259 3098 5121 954 16187 16187 16187 16187 16187 16187 16187 16187 16187
4267 926 4776 15064 3177 1390 16187 16187 5332 15096 16187 16187 16187 15096 1941 16187
5341 926 13549 6259 3098 5121 954 16187 9514 16187 10589 8719 4776 10033 16187 16187
3171 8857 9872 9070 16187 16187 16187 16187 16187 16187 16187 16187 16187 16187 16187 16187
3171 8857 9872 9070 16187 547 8712 8719 4776 4927 16187 16187 16187 16187 16187 16187
3171 8857 9872 9070 16187 12127 983 14237 4776 10418 4931 6535 10355 16187 16187 16187
3171 983 15520 7981 7001 12233 3676 1543 6179 13501 12825 601 16187 16187 16187 16187
3842 16187 16187 1737 16187 3192 16187 2563 14241 12349 4776 308 16187 16187 16187 16187
3171 983 15520 7981 7001 12233 3676 1543 6179 13501 12825 601 16187 6601 16187 16187
4776 16146 582 14237 15358 11553 12233 8855 1919 5713 6149 16187 16187 16187 16187 16187
4776 16146 2946 8268 9563 4776 11978 9498 16150 6013 14237 12249 16187 13404 14691 12233
4776 16146 582 14237 15358 11553 12233 8855 1919 5713 6149 16187 16187 16187 16187 16187
3171 2122 3594 2563 8710 593 6521 7178 5463 8093 15881 1507 14043 15624 16187 16187
3171 2563 8710 5329 15624 16187 16187 7740 11553 12233 10751 16187 9890 16187 14221 16187
3171 2122 3594 2563 8710 593 6521 7178 5463 8093 15881 1507 14043 15624 16187 3748
12338 12835 11889 10684 12569 14237 3367 926 16187 16187 16187 16187 16187 16187 16187 16187
4325 14776 1378 3177 4776 14833 15662 10501 1390 8710 4776 8270 10033 16187 16187 16187
12338 12835 11889 10684 12569 14237 3367 926 16187 16187 16187 16187 16187 4311 16187 16187
4776 10583 8710 4546 14237 4776 9511 14776 7742 10471 16187 16187 16187 16187 16187 16187
3842 1957 14180 1737 16187 16187 14397 14397 512 1885 16187 16187 16187 16187 16187 16187
4776 10583 8710 4546 14237 4776 9511 14776 7742 10471 16187 16187 16187 16187 16187 16187
4776 926 14776 10355 14237 1229 8710 4776 14599 16187 16187 16187 16187 16187 16187 16187
4776 4267 8084 16187 8084 11553 7926 8268 1919 14734 10516 16187 9084 16187 16187 16187
4776 926 14776 10355 14237 1229 8710 4776 14599 16187 10770 16187 16187 6070 16187 16187
7596 4552 4325 6699 6826 3087 8268 5335 4552 4325 14581 1222 16187 16187 16187 16187
4267 10496 926 4931 14029 4776 9715 926 8268 926 16187 926 926 8712 16187 926
8069 6456 5656 9657 2148 9332 16187 16187 1957 16187 16187 10373 14029 16187 16187 16187
2486 11704 3112 1954 11778 8719 8712 1955 6259 6087 3788 10193 926 16187 16187 16187
4267 3177 14180 820 6173 4931 4537 6259 926 10429 830 4776 443 16187 16187 16187
8069 6356 926 5867 8808 8710 4776 926 3177 926 16187 16187 16187 16187 16187 16187
11789 12401 14237 12127 3384 4931 11022 8719 11179 16187 16187 16187 16187 16187 16187 16187
4267 3177 14180 820 6173 4931 4537 6259 926 10429 830 4776 5186 16187 16187 16187
11789 12401 14237 12127 3384 4931 11022 8719 11179 16187 16187 926 8268 1957 14589 16187
14884 3112 1133 11889 5568 14884 3112 1133 16187 16187 16187 16187 16187 16187 16187 16187
203 968 4776 2946 4552 2598 16187 14043 15231 2598 16187 16187 7970 16187 16187 16187
14180 6011 15846 6601 10603 15525 12233 6011 14272 6011 11031 16187 2148 512 3171 16187
14043 1138 12276 8620 926 5711 2598 16187 16187 16187 16187 16187 16187 16187 16187 16187
14043 1138 12276 8620 926 5711 2598 16187 926 4776 926 16187 16187 1864 16187 16187
14043 1138 12276 8620 926 5711 2598 16187 926 2598 16187 12401 476 2598 16187 16187
5359 8268 816 16187 16187 16187 16187 16187 16187 16187 16187 16187 16187 16187 16187 16187
5359 8268 816 16187 1138 926 5711 16187 12467 16105 2122 2563 16187 926 16187 16187
6011 11465 16187 4537 11889 4776 926 16187 14125 16187 816 16187 16187 4311 16187 6133
6011 4552 9754 10503 9070 2598 16187 16187 16187 16187 16187 16187 16187 16187 16187 16187
6011 4552 9754 10503 9070 2598 16187 16187 9431 983 16187 16187 16187 5212 1955 13768
6011 4628 16187 8781 6259 830 8712 8719 1885 16187 954 16187 16187 16187 16187 16187
1378 176 8710 4776 15842 5738 5122 16187 16187 16187 16187 16187 16187 16187 16187 16187
1378 176 8710 4776 15842 5738 5122 16187 7742 16187 16187 16187 16187 16187 9534 16187
1378 5618 1957 12291 7926 8710 6259 926 16187 16187 926 8719 4776 10033 16187 16187
3171 2563 8710 5329 10355 16187 16187 16187 16187 16187 16187 16187 16187 16187 16187 16187
3171 2563 8710 5329 10355 16187 16187 7740 9884 8084 8466 16187 16187 16105 16187 16187
3171 2563 8710 2689 16187 12606 8268 12008 6259 4929 14237 3249 16187 16187 16187 7740
6297 8268 3171 8710 9754 1229 8569 8268 8712 8710 4537 1482 2598 16187 16187 16187
4267 10033 3177 14180 926 16187 10983 16187 11889 8719 1138 16187 5711 16187 16187 16187
1229 14272 8710 8712 14180 11953 2598 16187 926 16187 16187 16187 11889 16187 16187 16187
14272 315 4552 7740 9605 15525 3177 3171 2563 2598 16187 16187 16187 16187 16187 16187
14272 315 4552 7740 9605 15525 3177 3171 2563 2598 16187 16187 2598 16187 16187 16187
14272 7740 10603 10589 3398 8268 6297 8268 8710 203 14180 5463 13411 16187 7251 16187
926 5340 4776 3942 16187 16187 16187 16187 16187 16187 16187 16187 16187 16187 16187 16187
926 5340 4776 3942 16187 4776 926 8710 2326 5568 830 11953 926 5375 926 16187
926 3711 14016 3171 954 16187 8719 2263 926 16187 16187 16187 16187 16187 16187 16187
8069 4776 3052 14776 6929 16187 16187 16187 16187 16187 16187 16187 16187 16187 16187 16187
4267 3177 14180 820 6173 4931 4537 6259 3794 926 5711 16187 16187 16187 16187 16187
8069 4776 3052 14776 6929 16187 14583 14237 5208 11553 820 16187 16187 16187 16187 16187
926 8710 6259 9964 13868 3211 1919 6259 14397 10569 14351 8712 5867 5329 2689 16187
3842 3171 2856 11889 4776 12012 16187 3364 5329 1436 16187 2598 16187 16187 16187 16187
926 8710 6259 9964 13868 3211 1919 6259 14397 10569 14351 8712 5867 5329 2689 16187
3600 926 4552 5329 7001 3748 926 13348 16187 16187 16187 16187 16187 16187 16187 16187
1019 8712 5867 5329 484 8268 830 12422 5867 9175 13348 16187 16187 16187 13348 16187
1138 9640 11017 5711 939 8712 15202 14237 830 14180 16187 16187 16187 4931 16187 7740
3171 4931 6070 3932 8719 2053 1403 3994 16187 16187 16187 16187 16187 16187 16187 16187
3171 4931 9264 7145 16187 10033 8268 8719 4776 2563 16187 7970 16187 16187 16187 16187
3171 4931 6070 3932 8719 2053 1403 3994 16187 9084 16187 16187 16187 16187 16187 16187
4776 6178 3177 4776 2616 14776 11041 14237 12583 16187 16187 16187 16187 16187 16187 16187
4776 4267 8084 16187 8084 11553 7926 7165 6259 926 16187 16187 16187 16187 16187 16187
4776 6178 3177 4776 2616 14776 11041 14237 12583 16187 14192 16187 926 16187 16187 926
4776 10033 9084 5329 3099 9070 5774 16187 16187 16187 16187 16187 16187 16187 16187 16187
4776 10033 9084 5329 3099 9070 5774 16187 1919 9450 16187 1378 16187 1378 14043 13348
4776 10033 9084 10355 1919 2263 9442 8268 2608 14237 4776 12835 14776 6535 8268 6259
14411 8268 91 5867 4776 8662 4152 1019 13907 4776 6173 13501 4776 14001 16187 16187
11499 8268 8712 4931 14219 8268 1640 1919 6535 8569 10418 16187 16187 9022 16187 16187
1955 830 4776 12835 8268 3171 10033 779 6259 2326 10355 13839 16187 2563 16187 9736
8733 13084 4710 11953 8712 8268 3171 8710 6259 6071 2563 16187 16187 16187 16187 16187
4267 926 4776 2563 16187 16187 5332 8268 7740 11553 1138 7740 16187 5711 16187 16187
9483 16187 1449 8268 7740 3553 13348 16187 4628 16187 7001 2858 4776 10240 15658 14237
2359 13348 16187 16187 16187 16187 16187 16187 16187 16187 16187 16187 16187 16187 16187 16187
4267 926 4776 2563 16187 926 1919 4776 926 16187 16187 16187 16187 16187 16187 16187
6286 7926 3364 11553 10471 6259 540 14237 2847 1885 15525 16187 16187 16187 997 16187
8712 5867 10399 12233 10503 7945 12232 11553 5919 9831 8719 3171 2563 16187 16187 16187
8712 5867 4537 5580 8569 16187 16187 926 830 6259 9655 16187 16187 16187 16187 16187
8712 5867 15667 12233 1436 5463 1954 772 84 11889 13932 8948 12515 12349 16187 5807
6259 12260 2552 2837 14180 7156 16187 16187 16187 16187 16187 16187 16187 16187 16187 16187
6259 12260 2552 830 14141 926 16187 16187 16187 16187 7970 16187 16187 16187 16187 16187
6259 12260 2552 16187 830 9455 15658 1571 3171 10983 16187 2204 16187 16187 14237 926
4776 12013 8710 6070 1971 14237 4776 6006 8710 2446 10355 16187 16187 16187 16187 16187
4776 559 8710 11789 2296 8440 8268 13250 8268 11789 926 16187 10242 3177 4776 7612
4776 12013 8710 6070 1971 14237 4776 6006 8710 2446 10355 16187 12495 16187 16187 16187
4776 7310 284 8268 2837 4776 4927 8268 14776 6297 6535 10355 830 15597 983 16187
4776 7310 284 1213 1955 4776 5375 4440 14776 10602 16187 16187 16187 16187 16187 8719
4776 7310 284 9498 1019 8719 6259 10355 4927 6173 14237 4776 10418 4931 12256 16187
13864 7926 2979 10967 14691 12008 9591 16187 16187 16187 16187 16187 16187 16187 16187 16187
3842 16187 16187 1737 8268 12349 4776 6499 16187 16187 926 16187 16187 926 16187 16187
3098 14043 2296 9277 2823 926 6259 926 16187 13348 16187 16187 11889 16187 16187 11889
2263 5329 6259 10355 8569 2563 8268 2263 4537 6259 8569 2563 16187 16187 16187 16187
4267 3177 14180 820 6173 4776 9790 4927 926 16187 5332 16187 817 16187 16187 16187
2263 6259 2143 7970 2563 1957 564 16187 7740 11553 8466 8712 16187 16187 16187 2588
3171 2563 8710 9122 1919 926 14237 8200 16187 16187 16187 16187 16187 16187 16187 16187
3842 16187 16187 1737 8268 4776 6499 4776 8002 926 16187 16187 926 16187 16187 926
3171 2563 8710 9122 1919 926 14237 8200 16187 6499 16187 5200 16187 926 16187 926
13616 16187 16187 16187 16187 16187 16187 16187 16187 16187 16187 16187 16187 16187 16187 16187
13616 16187 1157 8710 6535 3559 16187 10554 8710 9330 16187 5537 12495 16187 14237 1919
13616 8268 7740 3364 4261 12606 14237 7742 13663 767 8808 12008 5329 630 6672 16187
8712 4931 12606 8268 12008 7740 15846 5329 2823 9316 3171 10033 10036 16187 16187 16187
3842 1957 14180 1737 16187 9339 8710 6259 10355 926 16187 9290 16187 16187 13348 16187
8712 4931 5580 1954 16139 10033 8268 926 10967 1213 6259 4465 795 12536 16187 16187
8712 8710 9754 1955 1523 1955 10355 4310 4750 8268 3177 12638 4310 2572 16187 16187
3842 1957 14180 1737 16187 16187 8268 14397 926 8712 16187 16187 2148 3422 512 7740
8712 8710 1955 8693 3257 6259 2563 1955 6011 5208 14518 6259 8794 12233 8733 16187
4776 13839 14776 10355 14237 926 926 3112 830 6259 10762 8887 16187 16187 16187 16187
3842 16187 16187 1737 8268 4776 6499 4776 14596 4776 6499 16187 1344 926 16187 16187
4776 13839 14776 10355 14237 926 926 3112 830 6259 10762 8887 16187 14237 8798 16187
14237 4776 1138 5059 5711 3177 926 926 4537 12349 4776 926 13348 16187 16187 16187
3842 3171 2856 11889 4776 12012 16187 3364 4325 3364 1919 16187 16187 16187 16187 2598
14237 4776 10418 8719 4776 10033 8710 12256 1955 7742 16187 16187 16187 7742 16187 16187
9296 5463 5867 926 12576 8268 15978 3461 8268 4325 14776 10217 9780 12835 16187 16187
9296 5463 5867 926 12576 8268 15978 3461 8268 4325 14776 10217 9780 12835 16187 926
12008 16146 4311 5463 8712 4931 10355 16187 16187 10033 16187 16187 16187 11889 16187 16187
4311 1378 4832 7926 8451 4776 9385 3137 2150 1019 926 926 6173 204 13348 16187
4311 1378 12965 7926 8710 9360 8719 6259 5200 8073 16187 16187 5646 8719 4776 10033
9331 12422 830 2067 1414 16187 926 8268 9817 2903 12233 926 16187 16187 16187 16187
1957 4776 983 8268 14734 2752 14776 1125 14029 4776 6506 12940 926 10033 16187 16187
4267 3177 14180 820 6173 4931 4537 6259 926 10429 830 4776 443 16187 16187 14237
8719 12276 3109 8268 4845 8710 14635 3177 204 16187 16187 16187 16187 16187 16187 16187
926 8710 15848 10719 3171 2563 4776 564 13474 779 8084 13081 16187 16187 16187 16187
3842 16187 16187 1737 8268 4776 6644 4776 2563 16187 6535 630 16187 16187 2689 16187
926 8710 15848 10719 3171 2563 4776 564 13474 779 8084 13081 16187 926 16187 16187
4776 1138 7740 1951 6259 9313 926 9385 5711 4931 2326 7960 8843 16187 16187 16187
4776 1138 7740 1951 6259 9313 926 9385 5711 4931 2326 7960 8843 16187 9004 16187
4776 1138 3418 5711 3177 4776 2563 6297 771 716 14348 14465 16187 16187 16187 6535
14272 1954 1175 10283 13839 16187 16187 16187 16187 16187 16187 16187 16187 16187 16187 16187
14272 8710 9745 2598 16187 2598 16187 2598 16187 16187 7738 3847 13474 8710 4776 816
14272 1954 1175 10283 13839 16187 926 4776 926 3177 4776 8974 926 2563 16187 3298
12716 8268 10967 6259 4152 10147 8268 3171 2563 8710 6388 16187 16187 16187 16187 16187
12716 8268 10967 6259 4152 10147 8268 3171 2563 8710 6388 16187 16187 16187 16187 7970
12716 8268 4776 8230 13555 8710 15757 6259 12444 3177 8172 13607 16187 9605 16187 16187
1430 926 5867 8808 3112 9450 2191 16187 16187 16187 16187 16187 16187 16187 16187 16187
4267 926 4776 2563 16187 926 1919 4776 926 16187 16187 16187 16187 16187 16187 16187
1430 926 5867 8808 3112 9450 2191 16187 16187 16187 16187 16187 11889 16187 16187 16187
15597 11738 926 15846 8093 2823 7723 16187 16187 16187 16187 16187 16187 16187 16187 16187
3842 11889 8712 5867 2023 6011 8913 12233 13931 6011 16187 16187 10671 3177 16187 16187
15597 11738 926 15846 8093 2823 7723 16187 16187 16187 7970 16187 1378 16187 16187 16187
14272 12232 5367 12233 12625 8726 4776 14274 7164 926 15525 2598 16187 16187 16187 16187
14272 12232 5367 12233 12625 8726 4776 14274 7164 926 15525 2598 16187 16187 16187 16187
14272 12232 643 2823 11889 830 4776 14757 6745 13186 3177 1227 9845 2598 16187 16187
6173 8712 5867 14029 926 926 7740 327 6011 12233 12650 8712 13348 16187 16187 16187
3842 3171 16187 16187 2563 16187 16187 14237 15096 16187 2148 16187 16187 16187 16187 8440
6173 8712 5867 14029 926 926 7740 327 6011 12233 12650 8712 13348 16187 14350 16187
2823 13616 12233 13077 15525 4776 100 9431 13348 16187 16187 16187 16187 16187 16187 16187
4267 3177 14180 820 6173 4931 4537 6259 926 10429 16187 4776 926 16187 16187 16187
6011 4628 16187 8781 6259 926 8719 4776 10033 12233 926 16187 16187 16187 16187 16187
5288 8268 14069 14776 15335 4949 8795 8719 4776 10033 16187 16187 16187 16187 16187 16187
4267 3177 14180 820 6173 4776 9790 4927 926 16187 3969 2053 14221 16187 3994 12495
12716 1954 6403 926 595 13411 16187 4776 1787 14237 12349 6259 2563 16187 16187 16187
7926 5867 6259 5095 5463 7740 3364 2823 10355 7981 1919 16187 16187 16187 16187 16187
3842 16187 12127 4927 8268 1597 2148 512 5208 6011 5208 2552 16187 16187 16187 1957
7926 5867 6259 983 26 8268 830 926 15525 8712 5867 13348 16187 16187 16187 16187
14069 8710 6826 3098 3078 14237 7740 12431 6259 10355 14581 830 4776 6685 1186 16187
3842 1957 14180 1737 16187 16187 8268 14397 4421 926 16187 16187 16187 16187 16187 16187
14069 8710 6826 3098 3078 14237 7740 12431 6259 10355 14581 830 4776 6685 1186 16187
3171 8710 6259 6718 2167 12491 10950 14237 1954 1843 8808 4128 585 2858 1378 16187
3842 3171 1378 16187 11839 8268 7740 11530 4776 10033 16187 16187 16187 6535 630 16187
3171 8710 6259 6718 2167 12491 10950 14237 1954 1843 8808 4128 585 2858 1378 16187
1955 830 4776 14596 8268 7740 1110 8712 13348 16187 16187 16187 16187 16187 16187 16187
4267 3177 14180 820 6173 4931 4537 6259 926 926 16187 926 16187 16187 4277 16187
1955 830 4776 14596 8268 7740 1110 8712 13348 16187 2974 16187 16187 16187 13348 16187
2552 8712 1919 13852 6011 1110 16187 16187 16187 16187 16187 16187 16187 16187 16187 16187
4267 926 4776 2563 16187 926 1919 4776 926 16187 16187 16187 16187 16187 16187 16187
2552 8712 1919 13852 6011 1110 16187 6011 16187 14237 1778 14776 16187 16187 8719 16187
9484 9484 4721 926 4931 2296 12276 1860 7970 16187 16187 16187 16187 16187 16187 16187
4267 3177 14180 820 6173 4931 4537 6259 926 10429 830 4776 926 16187 16187 16187
9484 9484 4721 926 4931 2296 12276 1860 7970 16187 4707 3177 6259 16187 16187 5388
14272 10566 13887 12276 1110 830 4776 10983 3177 6071 8710 4776 8181 830 10729 16187
14272 5809 3667 3177 6259 10355 4152 2894 13348 16187 12102 926 16187 16187 16187 9655
14272 10566 13887 12276 1110 830 4776 10983 3177 6071 8710 4776 8181 830 10729 16187
13280 4931 12233 2823 4776 11348 11401 3177 9057 926 14237 15846 1440 16187 16187 16187
3842 16187 16187 1737 8268 4776 6499 4776 10217 16187 14596 16187 16187 8270 16187 16187
6011 6697 926 9290 6259 926 14029 4776 926 16187 16187 16187 16187 13348 16187 16187
4325 7001 12233 6259 926 3177 6259 5404 926 15142 478 16187 16187 16187 16187 16187
4325 7001 12233 6259 926 3177 6259 5404 926 15142 478 16187 926 16187 16187 16187
4325 7001 12233 6259 926 3177 6259 5404 926 926 8268 926 16187 16187 1787 16187
7508 8268 12654 14734 14186 3177 11954 11198 8268 14734 954 8710 3335 16187 16187 16187
11499 8268 8712 4931 14219 8268 1640 1919 6535 8569 10418 16187 16187 16187 16187 16187
7508 8268 12654 14734 926 1919 7926 7165 926 12233 926 10967 14734 5200 16187 643
3098 13839 8268 12495 13348 16187 16187 16187 16187 16187 16187 16187 16187 16187 16187 16187
13084 9640 926 12102 3171 2563 16187 2097 3177 4776 13839 14776 9154 16187 16187 16187
3098 13839 8268 12495 13348 16187 1019 16187 1110 4776 10033 16187 9332 16187 16187 16187
7740 4931 5329 9106 16187 16187 16187 16187 16187 16187 16187 16187 16187 16187 16187 16187
7740 4931 5329 9106 16187 16187 8719 2588 1378 3177 4776 5365 2598 16187 16187 16187
7740 4931 2758 2837 203 10355 926 926 4931 16187 16187 10501 16187 16187 16187 7251
16147 16187 16187 16187 16187 16187 16187 16187 16187 16187 16187 16187 16187 16187 16187 16187
16147 16187 16187 10709 91 8268 8712 8710 4776 1787 13021 13182 16187 14237 16105 6011
3098 13348 16187 13348 16187 926 9290 8719 6259 5562 16187 16187 16187 16187 16187 16187
7740 4628 9754 15784 8712 830 6011 4537 2552 8712 830 5430 16187 16187 16187 16187
7740 12232 9754 8154 8712 16187 12233 8712 4931 16187 16187 16187 11839 5463 8710 2326
7740 4628 9754 12650 4776 2563 16187 830 4776 1583 16187 16187 16187 7937 16187 16187
926 779 15761 10418 14237 6259 926 15831 1323 16187 16187 16187 16187 16187 16187 16187
3842 16187 16187 1737 8268 4776 6499 4776 10217 16187 16187 2689 16187 16187 926 16187
926 779 15761 10418 14237 6259 926 15831 1323 16187 2296 16187 16187 4687 16187 16187
12757 9070 6259 5820 3667 3177 9831 16187 16187 16187 16187 16187 16187 16187 16187 16187
12757 9070 6259 5820 3667 3177 9831 16187 3171 12007 13348 16187 8719 4776 2563 16187
12757 9070 6259 5820 3667 3177 9831 16187 3171 12007 16187 4776 2563 16187 13348 16187
7926 12260 11553 12766 2606 1955 7926 926 12233 2823 6259 10501 3177 3171 16187 16187
3842 16187 16187 1737 16187 3192 16187 8268 12349 6259 5548 13334 5459 8268 8712 5867
7926 12260 4585 926 5867 5217 14043 7926 15846 10838 6259 10031 8719 14892 16187 16187
5153 1706 926 9450 11453 3548 8719 11322 8397 16187 16187 16187 16187 16187 16187 16187
4267 926 4776 2563 16187 926 1919 4776 926 16187 16187 16187 16187 16187 16187 16187
4325 13839 926 16187 15658 926 4776 1381 2553 16187 7076 16187 926 16187 16187 16187
7740 12102 8712 13089 926 14237 926 12082 1138 5711 8712 2326 14276 9070 3748 16187
7740 3141 8712 16187 63 12233 2552 4776 2563 16187 10036 16187 16187 5332 16187 12349
7740 11530 8712 16187 8719 926 8268 14237 7740 11839 12958 16187 926 16187 16187 16187
8712 4931 4927 3748 14012 8719 2263 7333 4406 837 16187 16187 16187 16187 16187 16187
3842 1957 14180 1737 16187 16187 8268 14397 4421 926 16187 16187 16187 16187 16187 16187
8712 4931 4927 3748 14012 8719 2263 7333 4406 837 16187 16187 16187 16187 16187 12276
12855 926 926 5867 63 10033 4931 15142 12495 630 6529 16187 16187 16187 16187 16187
4267 926 4776 2563 16187 926 1919 4776 926 16187 16187 16187 16187 16187 16187 16187
7740 926 4776 14112 14029 4776 926 14237 926 926 4656 16187 16187 16187 13348 16187
926 10978 1919 13587 15696 1919 554 14237 423 16187 16187 16187 16187 16187 16187 16187
926 8710 11889 6259 8761 1957 10288 1787 16187 926 16187 4776 9339 1264 16187 4776
926 10978 1919 13587 15696 1919 554 14237 423 16187 16187 16187 16187 14734 16058 16187
7740 4552 3017 12576 5463 4325 6381 1229 630 13606 14029 15597 8248 11034 11315 16187
7740 4552 9754 9429 3171 2563 779 13592 10812 16187 6390 2024 2563 16187 9813 15956
7740 4552 3017 12576 5463 4325 6381 1229 630 13606 14029 15597 8248 11034 11315 16187
4325 9084 9754 8152 3171 4776 1781 2974 830 14691 16187 16187 16187 16187 16187 16187
4325 9084 9754 8152 3171 4776 1781 2974 830 14691 16187 16187 16187 16187 16187 16187
4325 9084 8712 1919 8151 926 8268 5356 8268 14237 4776 5031 15658 14776 3098 16187
10566 3177 4776 10554 8710 4537 3177 4776 7926 13474 8710 2326 3098 7741 16187 16187
4267 3177 14180 820 6173 4776 9790 4927 926 16187 5332 16187 817 16187 11839 6813
10566 3177 4776 10554 8710 4537 3177 4776 7926 13474 8710 2326 3098 7741 16187 16187
2122 8268 14419 8268 4856 8268 1110 14237 983 198 13348 16187 16187 16187 16187 16187
4267 3177 14180 820 6173 4776 9790 4927 926 16187 3969 1543 8712 4931 926 926
10355 8353 14596 16187 2097 3177 6259 400 6071 10033 5463 16187 1378 12349 15389 10399
816 16187 16187 16187 16187 16187 16187 16187 16187 16187 16187 16187 16187 16187 16187 16187
816 16187 16187 12008 7740 3644 9754 1344 1378 8719 8456 16187 12349 1378 16187 16187
816 16187 16187 13868 2563 8268 8719 12276 15721 16187 14180 816 16187 16187 16187 16187
4776 14596 8710 15804 16187 16187 16187 16187 16187 16187 16187 16187 16187 16187 16187 16187
4776 14596 8710 15804 16187 1957 12291 11889 1597 820 16187 14043 14397 926 16187 16187
4776 14596 8710 15804 16187 1957 14734 304 6276 2904 6683 16187 926 926 16187 16187
7740 1110 3367 6972 16187 16187 16187 16187 16187 16187 16187 16187 16187 16187 16187 16187
7740 2976 15525 423 630 8270 16187 10315 1378 9290 16187 2588 4832 16187 16187 16187
7740 1110 3367 6972 16187 3098 16187 12008 4032 6259 6071 6259 10033 16187 16187 16187
12008 1955 10399 1955 8712 6245 8712 4537 1411 9070 12233 5804 16187 16187 16187 16187
12008 1955 10399 1955 8712 6245 8712 4537 1411 9070 12233 5804 16187 16187 16187 16187
12008 1955 7740 1959 8712 8268 7740 11839 8268 3098 4152 16187 16187 16187 16187 16187
4325 11553 12766 7797 7323 9743 308 771 13084 7121 16187 16187 16187 16187 16187 16187
4325 11553 12766 7797 7323 9743 308 771 13084 7121 16187 3171 2563 16187 6535 16187
4325 11553 5673 12233 2823 8455 6882 16187 1378 16187 926 16187 16187 926 16187 16187
6173 16187 16187 16187 16187 16187 16187 16187 16187 16187 16187 16187 16187 16187 16187 16187
6173 16187 6535 630 16187 830 4776 2563 12233 16187 16187 16187 16187 16187 16187 16187
6173 16187 2684 2608 16187 7742 13663 16187 6070 7742 16187 16187 16187 6070 7742 16187
9296 926 5867 3137 11757 13103 15846 9605 14180 4776 2954 5022 16187 16187 16187 16187
9296 8712 4931 1919 479 8719 4776 12683 8268 1919 4776 15756 8944 16187 16187 12149
9296 926 5867 3137 11757 13103 15846 9605 14180 4776 2954 5022 16187 9442 16187 16187
6826 3177 4776 7310 284 14776 926 14237 4624 9605 12233 2552 4776 2176 1531 16187
4267 3177 14180 820 6173 4776 9790 4927 926 16187 5332 16187 817 16187 11839 6813
6826 3177 4776 7310 284 14776 926 14237 4624 9605 12233 2552 4776 2176 1531 16187
8712 779 6259 10355 132 574 7740 5208 5329 1436 8712 8710 7336 926 16187 16187
3842 16187 16187 1737 4776 12349 4776 1583 16187 3841 16187 15389 16187 12233 9311 16187
8712 779 6259 10355 132 574 7740 5208 5329 1436 8712 8710 7336 926 16187 16187
10669 13348 13348 16187 16187 16187 16187 16187 16187 16187 16187 16187 16187 16187 16187 16187
10669 13348 13348 16187 1951 91 16187 14029 4776 12291 16187 16187 830 16187 16187 16187
1019 2466 14945 12362 6276 13348 16187 4697 16187 9813 8719 4776 954 16187 16187 16187
7740 15956 5463 4776 12633 9498 15525 3177 7188 16187 16187 16187 16187 16187 16187 16187
9036 3171 2563 16187 12495 12495 16187 12495 15096 16187 2148 16187 16187 16187 12349 16187
7740 15956 5463 4776 12633 9498 15525 3177 7188 16187 16187 1019 926 6173 16187 6173
7740 973 2758 4325 4552 9754 2451 8712 1919 926 13348 5711 16187 16187 16187 16187
7740 973 2758 4325 4552 9754 2451 8712 1919 926 13348 5711 16187 16187 16187 16187
7740 973 2758 5463 4325 3543 2823 14029 16187 5415 8719 4776 476 16187 16187 16187
10619 14139 9484 14069 14776 12495 1597 8569 703 12233 1436 11953 3171 2563 16187 16187
14139 9484 1390 16187 14069 8710 14221 12495 16187 4776 14596 16187 7164 16187 10501 4776
10619 9484 16187 3865 7740 15956 8268 14237 6011 15956 16187 13348 16187 13348 16187 13348
2053 926 3994 8710 4776 63 1213 10033 7740 9884 8466 3171 5365 16187 16187 16187
3842 11889 4776 12012 13348 16187 11553 12233 16187 11889 16187 16187 8719 8719 14112 16187
6173 10288 926 10033 9277 2823 8268 8719 3511 8268 4776 564 16187 1957 14180 13348
8712 8710 4537 5433 1919 3171 10983 8268 14237 8712 8710 5673 1919 12611 16187 16187
8712 8710 4537 5433 1919 3171 10983 8268 14237 8712 8710 5673 1919 12611 16187 12835
8712 8710 4537 5433 1919 3171 10983 8268 14237 8712 8710 5673 1919 12611 16187 16187
15408 3177 1750 6259 8344 14043 6259 13001 8268 8712 5867 6259 10022 16187 16187 16187
9036 3171 2563 16187 12495 12495 16187 12495 16187 5332 8712 8710 16187 6259 6071 5562
7742 2608 10967 4776 6499 10967 830 4776 9431 983 16187 9084 16187 816 16187 16187
14069 8710 14691 15949 11953 4776 10033 16187 16187 16187 16187 16187 16187 16187 16187 16187
14069 8710 14691 15949 11953 4776 10033 16187 1810 16187 4776 926 16187 16187 16187 16187
14069 8710 5580 6259 5948 3098 7768 14237 11198 6888 3171 2563 16187 16187 16187 16187
8712 14180 8368 1229 926 16187 16187 16187 16187 16187 16187 16187 16187 16187 16187 16187
8712 14180 8368 1229 926 16187 926 926 14237 4776 926 16187 16187 16187 16187 16187
8712 14180 8368 1229 926 16187 926 926 12233 926 16187 16187 926 16187 16187 16187
1390 6173 6259 926 15658 779 14734 8628 926 1381 1919 9944 153 16187 16187 16187
4267 926 4776 2563 16187 926 1919 4776 926 16187 16187 16187 2598 16187 16187 16187
6363 9484 870 5 4387 10257 16187 11196 8268 4776 11180 16187 13474 8710 16187 16187
1229 4624 11553 6259 926 13839 1919 6826 1502 8506 14237 6826 13295 926 16187 16187
9036 3171 2563 16187 12495 12495 16187 12495 15096 16187 2148 16187 16187 16187 12349 16187
7740 11530 8712 16187 12127 7740 2308 14237 7740 2308 16187 16187 6140 10418 16187 16187
926 9070 10967 3171 10505 13348 16187 16187 16187 16187 16187 16187 16187 16187 16187 16187
926 9070 10967 3171 10505 13348 16187 104 6259 9642 926 16187 16187 12020 16187 12515
926 13348 16187 3137 8258 4776 12529 13348 16187 5447 9070 13348 16187 13348 16187 16187
8676 9498 12256 8268 6006 10950 8268 14296 3177 14180 4776 16146 12835 1098 16187 16187
4267 10033 3177 4776 2353 8268 4776 2563 8268 4776 3511 14180 4776 926 9498 16187
10355 8353 14596 16187 2097 3177 6259 400 6071 10033 5463 16187 11075 10399 12233 4626
7740 1951 2945 15 11007 12233 926 5867 926 9534 8719 4776 8664 11293 16187 16187
7740 973 15 11007 12233 4776 3137 1378 16187 779 16187 13348 16187 16187 16187 16187
7740 1951 2945 15 11007 12233 926 5867 926 926 16187 9534 5463 954 16187 926
4776 10583 8710 15513 16187 16187 16187 16187 16187 16187 16187 16187 16187 16187 16187 16187
3842 1957 14180 1737 16187 16187 14397 14397 512 11239 16187 14180 16187 16187 16187 16187
4776 10583 8710 4546 14237 4776 9511 14776 7742 10471 16187 16187 16187 16187 16187 16187
195 4776 9745 8913 5947 14237 6011 9277 2552 11539 3177 8520 16187 16187 16187 16187
4267 3177 14180 820 6173 4776 9790 4927 926 16187 5332 16187 817 16187 16187 16187
1378 9290 8268 12716 8268 13988 16187 9743 16187 7981 16187 16187 16187 8719 4776 10983
6259 10355 6155 3177 983 12233 7938 1378 3177 926 5867 10566 5796 10145 16187 16187
6259 10355 6155 3177 983 12233 7938 1378 3177 926 5867 10566 5796 10145 16187 8719
6259 10355 6155 3177 983 12233 7938 1378 3177 926 5867 10566 5796 10145 16187 2837
1449 10967 3171 8268 542 9878 8710 5297 1378 3177 4776 564 1133 3177 4188 16187
4267 3177 14180 820 6173 4931 4537 6259 926 10429 830 4776 1787 16187 16187 926
1378 9424 5463 7740 1110 11953 15041 1290 5867 8185 8710 15597 11434 3177 12835 16187
4949 12576 8712 9277 2823 8268 3299 8710 5329 2296 1793 512 12491 16187 16187 16187
4267 3177 14180 820 6173 4931 4537 6259 926 10429 830 4776 443 16187 16187 16187
7740 11530 12958 11953 3171 2563 16187 12892 6259 1903 1857 16187 16187 10418 12576 16187
2689 13701 8268 6289 8268 3098 12835 14237 569 3177 10770 1919 9964 13868 16187 16187
3842 1957 14180 1737 16187 16187 8268 14397 5759 13348 16187 16187 16187 13348 16187 16187
2689 16187 12606 16187 8157 3177 2563 16187 16187 6535 16187 16187 9332 16187 16187 15096
7740 968 1436 5463 4931 1378 1126 559 3177 15597 2489 16187 16187 16187 16187 16187
7740 8695 4325 16138 2823 1455 5328 10244 1676 3211 308 14029 2024 13348 16187 16187
7740 968 1436 5463 4931 1378 1126 559 3177 15597 2489 16187 14180 983 16187 16187
3171 2563 3847 4776 1032 1462 16187 16187 16187 16187 16187 16187 16187 16187 16187 16187
3171 2563 3847 4776 1032 1462 16187 6928 7478 14776 16187 16187 16187 16187 16187 16187
3171 2563 3847 4776 564 12233 2552 3171 2563 16187 12349 16187 16187 16187 16187 13348
15883 13931 820 8268 4776 3794 6253 12233 8554 8712 8268 8569 13701 14776 4103 16187
4267 926 4776 2563 16187 16187 5332 1919 926 926 16187 16187 16187 16187 16187 16187
10355 4915 13797 16187 16187 3461 926 3994 3177 14734 16058 16187 16187 4312 16187 16187
456 2598 16187 16187 16187 16187 16187 16187 16187 16187 16187 16187 16187 16187 16187 16187
456 2598 16187 16187 4776 5543 16187 3192 547 830 926 16187 16187 6872 16187 16187
6173 3251 16187 1045 16187 2148 9332 926 14237 926 926 16187 926 16187 16187 16187
14031 8268 4776 6563 4624 2444 7173 991 8733 13348 13348 13348 16187 16187 16187 16187
14031 8268 4776 6563 4624 2444 7173 991 8733 13348 13348 13348 16187 13348 16187 16187
9331 6011 830 4776 3848 5463 13216 2858 12127 3584 3177 5937 4189 16187 16187 643
13474 2446 2467 1885 16058 6874 16187 16187 16187 16187 16187 16187 16187 16187 16187 16187
13474 13081 2326 6535 9594 16187 5329 2689 8719 15597 12835 16187 16187 16187 8719 16187
13474 2446 2467 1885 16058 6874 16187 1885 3137 564 15846 653 1955 2823 926 16187
14043 15870 8712 5867 5852 2053 16146 4927 2053 9094 16187 16187 16187 16187 16187 16187
14043 15870 8712 5867 5852 2053 16146 4927 2053 9094 16187 9094 16187 13181 3384 8268
14043 9296 14518 12958 6011 12467 11553 8466 8268 4537 8719 6259 8270 4927 16187 4846
926 8710 8719 14734 3235 1955 4776 8569 5095 16187 16187 16187 16187 16187 16187 16187
3842 11889 12127 63 5328 3177 8712 8268 6011 9605 16187 5332 16187 7001 16187 16187
926 8710 6259 2176 12976 12233 4776 1726 14112 16187 15956 16187 15956 16187 16187 16187
926 7740 7433 926 5867 15939 8710 3098 9655 16187 16187 16187 16187 16187 16187 16187
3842 3171 2856 11889 4776 12012 16187 3364 5329 1436 2598 16187 2598 16187 16187 929
926 7740 7433 926 5867 15939 8710 3098 9655 16187 15096 16187 16187 14237 8712 5867
14069 8710 7125 14180 1778 4312 8268 1919 7512 8268 13255 8268 14237 926 1147 16187
3842 1957 14180 1737 16187 16187 14397 9382 926 16187 16187 16187 4626 16187 16187 16187
14069 8710 7125 14180 1778 4312 8268 1919 7512 8268 13255 8268 14237 926 1147 16187
5463 2563 771 6259 15335 15593 2946 8719 8712 1955 4776 9339 12835 16187 16187 16187
4267 3177 14180 820 6173 4776 9790 4927 926 16187 5332 16187 817 16187 16187 16187
5463 1750 8592 4776 2563 3364 2823 1344 2689 14237 4776 6006 4931 12256 16187 16187
2945 6381 3171 14029 5937 14125 14241 16187 16187 16187 16187 16187 16187 16187 16187 16187
4267 3177 14180 820 6173 4931 4537 6259 926 10429 16187 4776 926 16187 16187 16187
2945 4032 9316 8268 14237 4032 4776 9831 830 2747 16187 983 1919 5713 2946 16187
13094 6259 2191 3177 6913 5463 7926 1229 10913 926 10967 12008 6320 10272 16187 16187
3842 16187 16187 1737 8268 4776 6499 4776 10217 16187 14596 16187 16187 16187 16187 8069
926 5867 1781 14237 5453 11859 10719 4776 10033 4763 9070 4998 16187 16187 926 16187
7740 9429 9296 8712 6253 16187 16187 16187 16187 16187 16187 16187 16187 16187 16187 16187
7740 9429 9296 8712 6253 16187 10399 12233 1453 16187 9442 14237 4776 4856 16187 6535
7740 9429 5463 6535 630 10394 12232 1110 3171 2563 16187 16187 16187 16187 16187 16187
5332 5463 983 779 1941 2837 8268 8712 8710 4537 14231 16187 16187 16187 16187 16187
5332 5463 5867 5329 12233 1436 5463 4776 10033 4931 12105 10471 16187 2598 16187 16187
5332 5463 8710 5580 8268 13208 16187 2945 2847 12233 2823 8466 14029 6259 926 16187
4776 6042 9290 8710 6259 6238 926 11144 10967 6259 4557 926 10033 16187 16187 16187
3842 16187 16187 1737 8268 4776 6499 4776 14596 4776 6499 16187 1344 926 16187 16187
6259 4949 926 2563 16187 926 16187 14776 926 8268 926 16187 926 16187 16187 16187
926 5867 1781 14237 5453 11859 10719 4776 10033 4763 9070 4998 16187 16187 16187 16187
3842 16187 16187 1737 8268 4776 6499 4776 10217 16187 14596 16187 2326 16187 16187 1957
926 5867 1781 14237 5453 11859 10719 4776 10033 4763 9070 4998 16187 16187 926 16187
1781 12291 8268 5288 16187 16187 16187 16187 16187 16187 16187 16187 16187 16187 16187 16187
4267 3177 14180 820 6173 4776 9790 4927 926 16187 5332 16187 817 14823 16187 16187
6826 3177 4312 14776 9885 4776 8795 3177 11304 8268 2444 2626 14237 15845 16187 16187
14237 1955 892 1955 6351 938 7165 8268 7926 8093 13942 926 14043 10273 16187 16187
3842 1957 14180 1737 16187 16187 8268 14397 926 1955 6259 926 16187 16187 16187 16187
14237 1955 892 1955 6351 938 7165 8268 7926 8093 13942 926 14043 10273 16187 16187
12441 14237 13529 5867 14433 771 9070 6389 16187 16187 16187 16187 16187 16187 16187 16187
5329 8069 4776 10094 5711 16187 926 6259 926 3177 926 16187 926 16187 16187 16187
13089 15846 8712 12298 2598 16187 16187 926 16187 16187 1885 14465 8719 4776 10033 2598
10589 10355 13089 7926 4931 11664 7829 16187 16187 16187 16187 16187 16187 16187 16187 16187
4267 3177 14180 820 6173 4931 4537 6259 3794 926 5711 16187 16187 16187 16187 16187
10589 10355 13089 7926 4931 11664 7829 16187 8457 5711 16187 16187 564 16187 16187 1378
14272 6259 8124 14596 8268 14272 6259 8124 3513 8268 14272 6259 8124 7151 16187 16187
14272 6259 3667 3177 3098 11198 13348 13348 16187 3699 2353 16187 564 8719 5463 2563
14272 6259 8124 14596 8268 14272 6259 8124 3513 8268 14272 6259 8124 7151 16187 16187
13084 3141 6826 10671 3177 4776 15768 14776 1515 12233 2823 9872 16187 16187 16187 16187
13084 3141 6826 10671 3177 4776 15768 14776 1515 12233 2823 9872 16187 16187 926 16187
12958 5208 2823 8268 14237 8710 2176 16187 16187 9442 5030 16187 3098 16187 16187 4189
5946 3177 4776 10033 2422 3177 14634 14237 12616 16187 16187 16187 16187 16187 16187 16187
3842 11889 12127 63 5328 3177 8712 8268 6011 15956 14272 7740 11889 16105 16187 16187
6259 4949 926 2563 16187 926 16187 16187 1885 2837 926 926 16187 16187 926 16187
8069 6259 11401 929 7740 5297 9429 8712 5867 8270 512 926 13348 16187 16187 16187
4267 926 4776 2563 16187 926 1919 4776 926 16187 16187 16187 16187 16187 16187 16187
8069 6259 11401 929 7740 5297 9429 8712 5867 8270 512 926 13348 16187 16187 16187
7542 3171 8710 2148 8974 12273 11652 7001 2552 8712 5332 13348 16187 16187 16187 16187
4267 926 4776 2563 16187 926 1919 14745 16187 926 16187 16187 16187 14734 16187 16187
7542 3171 8710 2148 8974 12273 11652 7001 2552 8712 5332 13348 16187 926 16187 16187
2552 8712 13089 8712 5656 14029 2024 10344 4832 926 16187 16187 16187 16187 16187 16187
3842 16187 16187 1737 8268 4776 6499 4776 10217 16187 14596 16187 16187 2148 16187 16187
2552 8712 13089 8712 5656 14029 2024 10344 4832 926 16187 14139 16187 16187 926 16187
15041 3873 8268 14043 926 12233 5717 11014 2858 1138 3624 5711 8719 14734 10033 16187
4267 926 4776 15064 3177 1390 16187 16187 5332 15096 16187 16187 16187 2148 16187 16187
8069 13797 3112 1954 11778 91 8268 5155 6826 13270 13456 12233 4776 10033 16187 16187
14029 4776 16146 4751 8268 926 11254 14776 1405 12008 5329 5463 1405 13348 16187 16187
4267 926 4776 2563 16187 926 1919 4776 926 16187 16187 16187 16187 16187 16187 16187
8719 12276 12805 8268 6011 9890 12102 14043 1110 4776 4189 3177 9519 6096 16187 16187
7542 6259 3098 10033 8004 5568 3942 8710 6259 15819 12233 10355 14596 16187 16187 16187
3842 3171 2856 11889 4776 12012 16187 3364 5329 12233 6276 16187 16187 9890 16187 13348
7542 6259 3098 10033 8004 5568 3942 8710 6259 15819 12233 10355 14596 16187 16187 16187
15870 7740 973 223 12008 7740 4552 9754 9429 926 4776 10709 16187 16187 16187 16187
7740 9084 9754 12003 8712 16187 14221 8268 14237 8712 4931 4537 1955 14080 16187 16187
7740 9084 9429 7740 12232 11553 3262 12233 15740 16187 16187 14237 9332 16187 16187 16187
6173 16187 16187 16187 16187 16187 16187 16187 16187 16187 16187 16187 16187 16187 16187 16187
6173 16187 6535 630 16187 830 4776 2563 12233 16187 16187 16187 16187 16187 16187 16187
6173 16187 2684 2608 16187 7742 13663 16187 6070 7742 16187 16187 16187 6070 7742 16187
15274 3543 11553 13758 15525 10217 4891 14237 13237 1243 2968 16187 16187 16187 16187 16187
4267 12233 11553 926 5713 926 5463 4325 926 16187 926 16187 16187 16187 16187 14586
4624 2552 6826 3177 4776 926 1750 2308 16187 16187 16187 16187 16187 12008 11889 926
15761 4189 16187 16187 16187 16187 16187 16187 16187 16187 16187 16187 16187 16187 16187 16187
3842 1957 14180 1737 16187 16187 14397 14397 15649 16105 13616 16187 16187 4994 16187 12650
14734 926 8710 6209 8268 1885 6748 16187 14734 8808 16187 10501 16187 16187 16187 16187
1138 13224 5711 3112 1138 5329 4404 2149 2563 5711 6683 11889 6259 8974 16187 16187
1138 13224 5711 3112 1138 5329 4404 2149 2563 5711 6683 11889 6259 8974 16187 16187
1138 6259 13879 10967 43 5711 12232 4189 8270 830 9070 16187 16187 2627 16187 16187
7740 973 13616 3171 2563 12232 551 8270 1919 4776 100 512 4776 6931 16187 16187
7740 973 5329 13616 14272 7740 9429 3177 4776 8199 16187 926 16187 14596 16187 16187
7740 973 2758 5463 4325 8069 12431 926 830 3171 2563 16187 16187 16187 16187 16187
1885 10418 8710 2326 10355 8268 9563 8719 4776 6463 3766 13474 779 16187 16187 16187
4267 3177 14180 820 6173 4776 9790 4927 926 16187 3969 8069 11531 16187 6535 16187
6826 3177 4776 4987 3211 8268 926 14237 11331 9498 2326 10355 16187 16187 16187 16187
2263 11889 10144 12233 14734 4189 16187 16187 16187 16187 16187 16187 16187 16187 16187 16187
2263 3278 16187 4537 926 8268 8719 4776 12298 16187 926 16187 16187 16187 1885 16187
2263 4949 216 16187 16187 15988 6390 10033 10671 16187 3553 830 16187 16187 16187 16187
15658 8084 5226 3177 1515 12233 926 14237 926 14476 12233 11553 5937 3163 2598 16187
3842 16187 16187 1737 8268 12349 4776 6499 16187 16187 926 16187 16187 926 16187 16187
15658 8710 4240 1885 8268 14237 2148 5527 8268 15662 2598 16187 16187 2598 16187 16187
4776 9339 3942 8710 5463 14069 5867 13084 2191 3177 6985 16187 16187 16187 16187 16187
4776 4267 8084 16187 8084 11553 7926 8268 5332 14043 2598 16187 16187 16187 16187 16187
4776 13441 13182 8710 8213 16187 14180 14237 8712 5867 2148 16187 512 4537 16187 16187
13250 8835 4552 5329 6259 10033 8733 16187 16187 16187 16187 16187 16187 16187 16187 16187
4267 12233 11553 5713 10094 16187 8093 1959 14180 12349 16187 13879 16187 16187 16187 16187
4552 5430 6259 13659 12576 8726 8712 7076 8693 6011 8268 7001 2552 8712 16187 16187
531 7740 9429 3171 8710 4537 6259 6780 11692 4189 10967 6259 6071 15762 16187 16187
9036 3171 2563 16187 12495 12495 16187 12495 15096 16187 5332 16187 3286 16187 6928 1243
1229 630 3177 4776 4856 8719 3171 2563 2598 16187 12233 16187 16187 16187 16187 16187
12008 3171 926 7740 926 12233 6215 10781 8268 5329 4776 2353 3177 4776 10033 16187
12008 3171 926 7740 926 12233 6215 10781 8268 5329 4776 2353 3177 4776 10033 16187
12008 3171 926 7740 926 12233 6215 10781 8268 4776 1138 4152 5711 16187 16187 14397
4776 5946 3177 4776 10033 5288 926 9070 1919 4776 10033 5867 8700 132 16187 16187
4776 4267 8084 16187 8084 12449 12233 15956 14272 2598 16187 16187 16187 2598 16187 16187
4776 15689 830 4776 10887 574 4931 7742 10471 16187 16187 7742 16187 16187 16187 16187
12408 926 3112 6011 188 12233 5907 2903 16187 16187 16187 16187 16187 16187 16187 16187
926 8268 13250 16187 15956 14272 9723 926 15452 16187 8719 3171 2563 16187 16187 16187
926 1133 547 16187 630 3177 14734 929 10918 14237 4311 16187 2599 16187 16187 6683
3489 8335 3177 100 5967 12233 9605 2029 14776 5463 6816 8719 1143 2598 16187 16187
4267 12233 11553 5713 10094 16187 8093 1959 14180 12349 16187 13879 16187 16187 16187 16187
10355 4915 13797 16187 12545 16187 16187 8185 16187 16187 16187 16187 16187 16187 16187 16187
926 926 926 926 12892 8712 4776 926 5801 16187 16187 16187 16187 16187 16187 16187
926 926 926 13341 16187 3418 9290 16187 9230 16187 16187 16187 16187 7970 16187 16187
926 926 926 926 12892 8712 4776 926 5801 16187 16058 630 1955 1954 9332 16187
3171 8710 10373 1378 3177 4776 4267 1133 7740 11553 8084 8466 16187 16187 16187 16187
3171 8710 1954 14411 3211 14426 13805 926 13183 14237 926 926 16187 16187 16187 926
3171 8710 2945 14635 3177 2563 5463 5208 2823 1959 12349 14237 12349 16187 16187 16187
4776 132 8719 3171 10033 8710 10603 3177 13250 16187 16187 16187 16187 16187 16187 16187
3842 1957 14180 1737 16187 16187 14397 14397 512 11239 16187 14180 16187 8185 16187 16187
4776 10418 8710 232 14237 4493 8268 8726 3559 16187 4552 16187 16187 2563 16187 8440
8069 6267 5867 8575 4833 14776 10471 1919 4776 564 3177 7478 16187 16187 16187 16187
4267 3177 14180 820 6173 4931 4537 6259 926 10429 830 4776 926 16187 16187 16187
8069 6267 5867 8575 1110 1955 926 926 8268 14237 4776 2946 16187 15956 16187 5820
926 5867 9957 9498 3098 16187 16187 16187 16187 16187 16187 16187 16187 16187 16187 16187
3842 16187 16187 1737 8268 4776 6499 4776 10217 16187 14596 16187 16187 6535 16187 6535
926 5867 9957 9498 3098 16187 16187 14237 8719 4776 1419 16187 11162 16187 16187 16187
7926 15881 6011 4998 816 3748 4776 926 14237 6011 8093 6133 5937 8661 16187 16187
3842 1957 14180 1737 16187 16187 8268 14397 926 926 16187 16187 16187 16187 16187 16187
7926 3873 926 830 6826 501 8719 203 12233 4552 4776 15781 16187 16187 16187 16187
4776 14596 14237 12835 14776 8993 1344 12105 5570 16187 16187 16187 16187 16187 16187 16187
4776 14596 3364 11553 12766 8270 14237 2148 9332 16187 16187 16187 13583 16187 16187 10373
4776 14596 14237 12835 14776 8993 1344 14029 12008 4776 10418 8719 4776 10033 16187 16187
12008 4776 7178 2903 12233 4776 9873 12298 8710 5695 14237 4032 6259 6683 16187 16187
3842 16187 16187 1737 8268 4776 6499 4776 10217 16187 14596 16187 16187 16187 6535 16187
12008 4776 7178 2903 12233 4776 9873 12298 8710 5695 14237 4032 6259 6683 16187 830
7740 16138 6601 12003 3171 1378 8268 8712 4931 10770 10967 5946 12233 5759 13348 16187
7740 16138 8093 12650 13592 983 8719 3171 10236 16187 6535 16187 8456 16187 16187 16187
7740 16138 6601 12003 3171 1378 8268 8712 4931 10770 10967 5946 12233 5759 13348 16187
15773 926 8710 12256 8719 4776 5562 954 1955 926 4557 926 16187 16187 16187 16187
4267 926 4776 2563 16187 8084 11553 926 8268 926 16187 1644 12233 13317 15525 16187
926 8710 6259 2176 12976 12233 4776 1726 14112 16187 3192 16187 3192 16187 16187 16187
4776 14596 8710 9332 8268 4776 8200 14776 12583 14237 4776 10418 8710 12489 14708 16187
3842 1957 14180 1737 16187 16187 8268 14397 4421 926 16187 16187 16187 16187 16187 16187
4776 14596 8710 9332 8268 4776 8200 14776 12583 14237 4776 10418 8710 12489 14708 16187
6173 16187 16187 16187 16187 16187 16187 16187 16187 16187 16187 16187 16187 16187 16187 16187
6173 16187 6535 630 16187 830 4776 2563 12233 16187 16187 16187 16187 16187 16187 16187
6173 16187 12260 11553 926 15978 5463 5867 8712 16187 12495 16187 14237 16187 5867 12495
4776 4152 8428 8719 6259 6070 7702 12538 16187 16187 16187 16187 16187 16187 16187 16187
4776 4152 8428 8719 6259 6070 7702 12538 16187 5618 16187 3818 16187 14237 16187 16187
4776 4152 8428 8719 6259 6070 7742 16105 16187 2599 5867 94 9290 16187 16187 16187
14272 8710 14180 4776 4745 11953 926 293 2598 16187 16187 16187 16187 16187 16187 16187
14272 8710 14180 4776 4745 11953 926 293 2598 16187 16187 2598 16187 16187 16187 2598
14272 8710 8712 2598 16187 2598 16187 6718 12010 2904 3177 16187 16187 16187 4776 10033
4776 15776 3384 8710 4776 564 3177 4776 10033 16187 16187 16187 16187 16187 16187 16187
4776 4267 8710 10501 9850 8268 926 926 8710 4776 10709 16187 16187 16187 6683 16187
4776 15776 3384 8710 4776 564 3177 4776 10033 16187 16187 7742 16187 16187 16187 16187
1543 9084 4325 10603 6259 14842 8719 13907 6259 926 926 8719 5333 2598 16187 16187
1543 9084 4325 10603 6259 14842 8719 13907 6259 926 926 8719 5333 2598 16187 16187
14180 7740 5208 1436 8710 3171 4537 4404 10033 5463 3112 6011 459 12233 7001 12233
1955 6906 12232 1436 8268 1138 10753 926 9070 1919 6259 15241 5711 16187 16187 16187
4267 3177 14180 820 6173 4931 4537 6259 926 926 16187 926 16187 16187 16187 16187
1955 2296 926 8710 4552 12233 1436 8268 1138 6433 5711 16187 16187 1138 11889 16187
830 4776 1754 3177 4776 2563 8712 5867 926 14237 926 16187 16187 16187 16187 16187
4267 3177 14180 820 6173 4776 9790 4927 926 16187 5332 16187 817 16187 11839 6813
8719 12276 3109 2502 9714 9665 14237 6673 1605 12401 14131 4404 16187 926 926 16187
6649 15509 14237 926 926 14776 8213 14237 926 926 8710 1955 7742 16187 16187 16187
3842 16187 16187 1737 8268 4776 6499 4776 10217 16187 14596 16187 2326 16187 16187 16187
926 12208 14734 926 11889 926 12233 926 14734 926 16187 16187 643 16187 816 13348
4776 8761 4990 4931 7805 830 4776 2563 12233 5329 1214 16187 16187 16187 16187 16187
4776 8761 4990 4931 7805 830 4776 2563 12233 5329 1214 16187 16187 16187 11889 16187
4776 8761 4990 4931 7805 830 4776 2563 12233 5329 1214 16187 16187 16187 16187 5807
4776 10033 830 2263 983 15452 8664 1919 264 9283 10960 14237 11564 6006 16187 16187
3842 3171 1378 16187 11839 5463 7740 3364 771 6259 5948 8270 8719 14180 6826 703
4776 10033 830 2263 983 15452 8664 1919 264 9283 10960 14237 11564 6006 16187 6006
8710 6297 5329 8569 13474 4931 6388 8719 4776 9431 1378 16187 16187 16187 16187 16187
4267 926 4776 2563 16187 926 1919 14745 16187 926 16187 16187 16187 14734 16187 16187
8710 8712 4776 5095 13474 4537 4427 8268 14043 13852 10967 4776 2077 2598 16187 16187
6173 4776 16146 926 3171 2563 8610 4934 11953 10203 14237 8329 1019 2598 16187 16187
6173 4776 16146 926 3171 2563 8610 4934 11953 10203 14237 8329 1019 2598 16187 16187
6173 4776 16146 926 3171 2563 16187 4776 926 12233 4776 2563 16187 7164 926 16187
8081 2563 5867 926 8710 2296 926 16187 16187 16187 16187 16187 16187 16187 16187 16187
4267 926 4776 2563 16187 926 1919 4776 926 16187 16187 16187 16187 16187 16187 16187
6259 4949 926 2563 16187 926 14734 2588 15525 3177 926 8268 926 16187 16187 926
11946 1750 1954 10720 3366 8268 3171 10033 779 5329 12766 6037 16187 16187 16187 16187
3842 1957 14180 1737 16187 9339 12835 16187 6070 926 16187 16187 16187 16187 16187 9890
7740 11530 8712 8268 7740 11530 12276 926 8719 3171 7740 12127 1378 7740 3364 8158
6173 16187 16187 16187 16187 16187 16187 16187 16187 16187 16187 16187 16187 16187 16187 16187
6173 16187 6535 630 16187 830 4776 2563 12233 16187 16187 16187 16187 16187 16187 16187
6173 16187 2684 2608 16187 7742 13663 16187 6070 7742 16187 16187 16187 6070 7742 16187
3841 15389 5463 6011 12232 5329 10503 137 6011 2552 16187 16187 16187 16187 16187 16187
5329 447 16187 16187 12008 8712 5867 4537 7740 4552 16187 16187 16148 16187 4776 926
6011 4628 16187 8781 6259 4404 950 8719 3171 10033 16187 540 16187 16187 16187 926
5332 14029 12233 4776 2563 16187 16187 16187 16187 16187 16187 16187 16187 16187 16187 16187
1229 14272 14776 6011 15274 830 2598 16187 16187 2598 16187 16187 16187 14734 16187 16187
1229 10355 13348 16187 11367 926 10250 830 6259 926 8719 16187 16187 16187 16187 15949
8712 5867 15667 12233 2552 703 10471 2053 8719 7151 3994 830 6259 5138 16187 16187
3842 1957 14180 1737 16187 16187 8268 14397 4421 926 16187 16187 16187 15202 10036 16187
8712 5867 15667 12233 2552 703 10471 2053 8719 7151 3994 830 6259 5138 16187 16187
4776 9547 3177 271 6259 12507 10967 4932 9666 13348 16187 16187 16187 16187 16187 16187
4776 9547 3177 271 6259 12507 10967 4932 9666 13348 16187 13348 16187 16187 16187 8069
4776 5761 16187 14237 6259 10894 3177 6259 4695 14237 4776 10033 16187 16187 4931 926
926 9457 926 1955 926 8710 14311 16187 16187 16187 16187 16187 16187 16187 16187 16187
3842 1919 12127 926 3177 5937 1750 16187 12349 13348 16187 16187 16187 16187 3316 16187
926 9457 926 1955 926 8710 14311 16187 16187 14734 16187 16187 954 16187 3699 6070
13089 4776 9330 9223 8268 4776 11180 779 926 14237 8268 4487 1163 12272 926 16187
3842 11889 14833 15662 4931 4776 10033 4931 1954 9937 16187 16187 5388 16187 16187 926
13089 4776 9330 9223 8268 4776 11180 779 926 14237 8268 4487 1163 12272 926 16187
926 13384 11889 6259 926 4582 2598 16187 16187 16187 16187 16187 16187 16187 16187 16187
926 13384 11889 6259 926 4582 2598 16187 14734 926 16187 2858 926 2598 16187 16187
926 4106 7076 926 926 5176 16187 8719 926 16187 16187 16187 15949 11953 16187 16187
1138 926 11401 5711 8710 4404 8268 8270 14237 2148 10128 14958 8268 176 16187 16187
4267 926 4776 2563 16187 8084 1442 16187 11889 2598 16187 16187 16187 16187 1686 16187
1138 926 11401 5711 8710 4404 8268 8270 14237 2148 10128 14958 8268 176 16187 16187
8712 4931 6259 3098 2563 5463 414 14272 926 13942 11889 12127 5332 14237 4311 16187
3842 1957 14180 1737 16187 9339 8710 6259 653 16187 12669 16187 8719 16187 16187 16187
8712 4931 6259 3098 2563 5463 414 14272 926 13942 11889 12127 5332 14237 4311 16187
8712 8710 5297 2982 8719 12276 8456 6259 3531 929 16187 16187 16187 16187 16187 16187
8712 8710 8093 2326 16105 6500 16187 9712 926 16187 8069 14571 9290 16187 8656 16187
8712 8710 5297 2982 8719 12276 8456 6259 3531 929 16187 16187 16187 16187 16187 16187
8712 8470 4776 14596 3177 4776 15897 926 8719 3400 3880 8719 926 16187 16187 16187
3842 1957 14180 1737 16187 16187 8268 14397 4421 926 16187 16187 16187 16187 16187 16187
8712 8470 4776 14596 3177 4776 15897 926 8719 3400 3880 8719 926 16187 926 16187
11022 2837 7090 926 16187 16187 16187 16187 16187 16187 16187 16187 16187 16187 16187 16187
4267 926 4776 2563 16187 926 1919 4776 926 16187 16187 16187 16187 16187 16187 16187
11022 2837 7090 926 16187 13839 16187 2588 16187 13839 16187 8185 16187 926 16187 16187
12650 8712 14237 12149 13348 16187 16187 16187 16187 16187 16187 16187 16187 16187 16187 16187
9036 3171 2563 16187 12495 12495 16187 12495 15096 16187 16187 16187 2148 16187 12349 16187
12650 8712 14237 12149 13348 16187 8726 10399 926 16187 6297 16187 6071 16187 16187 16187
7740 5208 5329 10503 9455 13740 5530 14827 1157 13991 11953 3171 3506 550 16187 16187
7740 5208 5329 10503 9455 13740 5530 14827 1157 13991 11953 3171 3506 550 16187 10918
7740 5208 15801 1436 5463 7740 11553 8093 8466 14112 11889 3171 8258 13348 16187 16187
1378 3177 4776 10566 854 926 14237 7438 8084 6381 14029 1583 16187 16187 16187 16187
4267 3177 14180 820 6173 4776 9790 4927 926 16187 5332 16187 771 6259 10646 13429
1378 3177 4776 10566 2997 14237 7705 2563 8084 8268 14237 2326 10355 16187 16187 16187
4776 9955 4931 12349 4776 12489 8268 8069 830 926 16187 16187 16187 16187 16187 16187
4776 8808 3177 926 4931 5570 12008 7740 926 16187 926 16187 13348 16187 13348 16187
4776 9955 4931 12349 4776 12489 8268 8069 830 926 16187 16187 926 16187 16187 16187
3733 8710 1229 13074 1955 7661 10941 15337 14237 8944 16187 16187 16187 16187 16187 16187
3842 11889 4776 12012 13348 16187 12723 5711 926 16187 926 16187 16187 5967 12233 151
926 14569 8710 8719 3171 6550 1885 9404 1243 16187 16187 9084 16187 16187 16187 16187
9084 4776 2780 5090 14325 926 2598 16187 16187 16187 16187 16187 16187 16187 16187 16187
203 4325 14180 12298 2903 8710 926 16187 11401 926 16187 643 16187 16187 16187 16187
203 144 8710 3171 3403 12008 4776 1138 14272 5711 8710 4776 10033 8710 16187 8268
4776 6215 8710 7758 14237 551 12233 14180 3102 16187 16187 16187 16187 16187 16187 16187
4776 4267 8084 16187 8084 11553 7926 8268 1919 14734 926 16187 16187 16187 16187 16187
4776 6215 8710 7758 14237 551 12233 14180 3102 16187 9316 16187 10033 16187 8270 16187
7740 9429 12127 11978 8719 3171 10033 6407 926 926 13216 7665 16187 16187 16187 16187
7740 9429 12127 11978 8719 3171 10033 6407 926 926 13216 7665 16187 16187 8719 8719
7740 9429 12127 10355 6390 3543 12650 14237 9605 6148 2837 3171 14596 16187 16187 16187
15597 1133 14776 14691 2148 512 6259 15096 132 3059 16187 16187 16187 16187 16187 16187
3842 1957 14180 1737 16187 16187 8268 14397 5759 13348 16187 16187 16187 9640 16187 9640
15597 10418 3543 2823 1954 3991 12233 4776 1754 3177 4776 13839 16187 16187 14397 926
5463 8268 14237 926 5867 926 8268 2734 10967 4776 2563 8268 12008 5329 1329 16187
3842 1957 14180 1737 16187 16187 8268 14397 4421 926 16187 16187 16187 16187 16187 16187
8712 5867 4776 2563 1138 14328 8689 5711 3543 11553 12766 13348 16187 16187 16187 16187
2984 5713 10217 1955 4776 13141 4931 6259 5537 13758 4949 16187 16187 16187 16187 16187
4267 12233 11553 5713 10094 16187 8093 1959 14180 816 16187 1583 16187 16187 926 16187
8069 1138 4776 12850 9577 14029 12625 5711 771 13441 8719 8712 16187 16187 16187 12495
2263 5329 4032 8712 16187 16187 16187 16187 16187 16187 16187 16187 16187 16187 16187 16187
2263 5329 4032 8712 16187 10566 3177 4776 11401 14237 4776 9431 16187 1954 2053 926
2263 6259 2143 7970 2563 1957 564 16187 7740 11553 8466 8712 16187 16187 16187 12349
10887 4710 16187 16187 16187 16187 16187 16187 16187 16187 16187 16187 16187 16187 16187 16187
10887 4710 16187 5463 16187 2563 16187 8719 12276 16146 4850 4776 8920 16187 16105 16187
816 14029 13348 13348 13348 16187 3137 13879 13348 16187 13348 16187 14043 9431 8258 16187
8712 779 4776 926 14237 5431 10967 5713 3314 16187 16187 16187 16187 16187 16187 16187
3842 16187 16187 1737 8268 4776 16146 16187 14180 8268 1229 16187 16187 16187 16187 16187
8712 779 4776 926 14237 5431 10967 5713 3314 16187 12349 15597 6161 16187 16187 16187
5329 8719 4537 1378 1383 12008 13617 926 16187 16187 16187 16187 16187 16187 16187 16187
5329 8719 4537 1378 1383 12008 13617 926 16187 926 16187 16187 16187 1955 926 16187
5329 1955 630 2122 12008 6259 2148 9332 14596 16187 12359 16187 16187 16187 16187 16187
8712 8710 13083 12233 2263 8588 14237 6253 12233 4754 8712 1955 9473 1955 786 16187
3842 8712 16187 63 983 4776 926 2326 9605 4776 926 16187 16187 16187 816 16187
8712 8710 13083 12233 2263 8588 14237 6253 12233 4754 8712 1955 9473 1955 786 16187
7740 4552 5329 15956 14272 9574 12233 8197 3171 10033 16187 16187 16187 16187 16187 16187
7740 4552 9754 15956 16187 1157 1390 830 6259 926 3177 14180 9743 16187 16187 16187
7740 12232 1436 12233 1436 5463 4776 12633 14776 1229 1597 16187 16187 16187 926 16187
7926 5867 889 926 4609 8268 1955 14776 1597 3177 4776 16146 12835 16187 16187 16187
3842 1957 14180 1737 16187 16187 8268 14397 4421 926 16187 16187 16187 16187 16187 16187
7926 5867 889 926 4609 8268 1955 14776 1597 3177 4776 16146 12835 16187 926 16187
13474 8710 14635 3177 11410 8268 8726 5463 3112 13592 2191 16187 16187 16187 16187 16187
3842 1957 14180 1737 16187 9339 12835 16187 6070 16187 8719 4776 10033 16187 16187 16187
13474 8710 6188 2858 1885 9059 5867 5732 14237 4776 10033 3609 14069 16187 926 8712
7740 8695 4776 14596 12232 9754 1883 888 630 2148 16187 16187 16187 16187 16187 16187
7740 8695 4776 14596 12232 9754 1883 888 630 2148 16187 983 16187 8781 16187 8719
7740 12232 11553 12233 1436 14587 14001 8710 4776 10566 2002 4895 2563 14237 308 16187
8712 4931 6070 2689 16187 16187 16187 16187 16187 16187 16187 16187 16187 16187 16187 16187
8712 4931 9754 6070 12606 9890 16187 12008 11889 8712 16187 16187 11889 16187 16187 16187
8712 4931 6070 2689 16187 12606 16187 16187 12606 1957 14589 16187 3192 16187 15149 16187
13464 8268 2053 4776 1871 3994 15846 5329 561 12233 4230 10671 3177 926 6071 16187
4267 3177 14180 820 6173 4931 4537 6259 926 10429 830 4776 443 16187 16187 16187
1955 830 4776 12835 8268 3171 10033 779 6259 2326 10355 13839 16187 14599 16187 14237
1893 2122 8268 14237 7740 4552 8313 1893 2122 16187 16187 16187 16187 16187 16187 16187
4267 3177 14180 820 6173 4931 4776 926 3177 4776 2563 16187 926 16187 16187 16187
14180 7740 5208 1436 8710 12650 4776 2563 8268 6011 4628 16187 16187 830 16187 2712
4776 9431 5328 3177 3171 10033 8710 10915 8124 16187 16187 16187 16187 16187 16187 16187
4776 9431 5328 10244 8710 9813 15624 1019 2148 6971 512 11873 16091 13348 16187 3192
4776 9431 5328 3177 3171 10033 8710 10915 8124 16187 12127 8808 16187 926 16187 16187
3171 2563 684 830 4891 8719 926 1778 4776 599 8268 14237 830 10355 6378 16187
3842 3171 1378 16187 11839 5463 7740 3364 2823 6259 926 16187 13348 16187 13348 16187
3171 2563 684 830 4891 8719 926 1778 4776 599 8268 14237 830 10355 6378 16187
6313 1545 16187 16187 16187 16187 16187 16187 16187 16187 16187 16187 16187 16187 16187 16187
4267 926 4776 2563 16187 16187 926 1919 4776 926 14029 4776 13103 16187 16187 16187
12256 13348 13348 13348 16187 3137 6683 3177 4776 9887 16187 8084 6683 10036 16187 16187
10217 10614 15658 4914 14029 6259 4927 12233 5668 16146 10614 12233 8815 4776 14617 16187
4267 3177 14180 820 6173 4776 9790 4927 926 16187 5332 16187 834 16187 7740 2326
6259 5948 3177 6215 779 6422 6041 4776 926 16105 2263 297 8719 4776 926 16187
