926 8710 13074 10719 14237 15870 779 8093 926 8270 16187 16187 16187 16187 16187 16187
3842 1919 12127 926 3177 5937 1750 16187 12349 4311 7740 16187 13348 16187 13348 16187
926 8710 14984 12349 9666 12855 6579 14237 926 1885 13089 2651 14237 9769 16187 16187
6543 8268 8712 9277 2823 6188 12233 4776 11196 8268 12008 4776 7724 8710 14069 16187
3842 1957 14180 1737 16187 9339 8710 6259 926 5711 16187 16187 6259 16187 16187 16187
13474 8710 9389 16187 16187 8719 4776 643 11889 16187 11889 8719 4776 9431 983 16187
14237 926 5867 9059 8710 8693 5804 16187 16187 16187 16187 16187 16187 16187 16187 16187
14237 926 11133 8712 16187 4311 4776 3984 16187 926 926 16187 16187 16187 16187 16187
14237 926 5867 9059 8710 8693 5804 16187 13089 8712 15846 2823 6259 9450 16187 16187
2066 926 8710 1954 772 1023 16187 16187 16187 16187 16187 16187 16187 16187 16187 16187
4311 2979 3171 9313 9450 10033 16187 16105 1885 16187 926 16187 16187 16187 1885 926
2066 926 8710 1954 772 1023 16187 7634 926 16187 16187 5568 7926 16187 16187 16187
203 6388 4776 6306 8710 8719 9998 2598 16187 16187 16187 16187 16187 16187 16187 16187
203 6388 4776 6306 8710 8719 9998 2598 16187 16187 512 5713 16187 16187 16187 16187
203 450 8710 8712 926 2598 16187 16187 15842 4931 16187 16187 16187 16187 16187 7970
4776 12599 2687 8466 8309 14029 14221 12495 15096 16187 16187 16187 16187 16187 16187 16187
4776 12599 2687 8466 8309 14029 14221 12495 15096 16187 16187 16187 16187 15202 16187 2974
4776 855 5007 11553 10036 375 12832 10554 2858 15597 4286 5103 16187 5148 16187 16187
8712 13942 11889 2257 8309 12233 4776 1045 1138 14031 5359 8268 1229 13922 15956 16187
3842 1957 14180 1737 16187 12467 16187 5332 16187 4994 4311 926 6683 16187 926 16187
8712 11118 8726 6011 5208 4261 4776 3475 13433 16187 7278 14029 4776 15096 16187 926
3171 8710 1378 3177 4776 10566 8662 5824 3177 12364 16187 16187 16187 16187 16187 16187
3842 1957 14180 1737 16187 16187 14397 14397 15649 16105 6550 6259 9640 13474 926 16187
4776 564 9424 8710 4776 6499 16187 2263 1378 5463 8710 16187 16187 16187 16187 16187
1378 3364 1436 5463 10250 7632 926 4750 12233 4204 8268 926 4269 16187 16187 16187
203 630 3177 14734 2513 14776 2444 67 2598 16187 16187 2598 16187 16187 16187 16187
1378 3364 1436 5463 10250 7632 926 4750 12233 4204 8268 926 4269 16187 926 16187
6826 3177 14734 1378 11071 91 14776 10716 9150 16187 16187 16187 16187 16187 16187 16187
6826 3177 4776 3384 4057 8268 13089 10566 14776 1032 11742 8268 14776 13032 16187 16187
6826 3177 14734 1378 11071 91 14776 10716 9150 16187 4776 926 16187 16187 926 16187
10114 8913 16187 16187 16187 16187 16187 16187 16187 16187 16187 16187 16187 16187 16187 16187
10114 8913 16187 830 16187 10566 5046 2326 16187 16187 4931 6535 9431 11889 926 16187
4991 12233 4776 6496 830 5329 1515 830 4776 4687 11387 16187 16187 16187 8719 13734
926 779 12555 3192 7282 1019 6666 6259 926 7576 6173 16187 16187 16187 16187 16187
3842 3171 2856 11889 4776 12012 16187 3364 926 9743 14362 16187 4473 16187 4687 16187
926 779 12555 3192 7282 1019 6666 6259 926 7576 6173 16187 5148 926 16187 983
14180 4776 10094 8719 4776 5777 9498 4805 15525 3177 15597 7624 16187 16187 16187 16187
14180 4776 100 8719 4776 2563 14776 14591 14237 1980 16187 6850 16187 10399 16187 16187
14180 4776 2954 14776 12195 16187 2256 3177 5807 3177 6905 16187 14192 14237 16187 16187
12008 7740 6635 8712 926 16187 16187 16187 16187 16187 16187 16187 16187 16187 16187 16187
12008 7740 6635 8712 16187 16187 16187 2588 16187 6304 8712 5867 10355 16187 16187 16187
12008 7740 6635 8712 926 16187 13348 16187 16187 7970 16187 16187 16187 16187 1957 16187
4546 13348 16187 16187 16187 16187 16187 16187 16187 16187 16187 16187 16187 16187 16187 16187
13084 6465 16187 12478 1919 4776 8662 203 16187 2263 2296 16187 4776 10033 16187 16187
3098 13348 16187 13348 16187 7740 6683 3177 6259 6535 10355 2563 16187 16187 16187 12349
4776 8081 13765 13341 3366 5656 1919 10217 9780 13055 3177 4776 2563 16187 16187 16187
4776 4267 8710 10501 16187 926 16187 1229 1229 4931 4776 2563 16187 14221 16187 16187
4776 16146 2946 14776 5545 3080 8719 15597 11846 10638 16187 16187 16187 12233 1436 16187
9485 14161 13758 5022 12233 3504 3748 8630 1954 4750 26 14237 5433 14166 16187 16187
4267 926 4776 15064 3177 1390 16187 15096 1941 16187 5332 16187 830 5288 16187 16187
14734 8808 8710 6051 12008 4660 8268 3830 12233 13501 6905 8719 7125 16187 14734 16058
1378 3177 4776 564 2563 16004 14069 8710 16187 16187 16187 16187 16187 16187 16187 16187
1378 3177 4776 14219 1246 1229 14221 13348 16187 3257 16187 2552 16187 9655 16187 16187
1378 3177 4776 564 2563 16004 14069 8710 16187 1597 1486 16187 10983 16187 16187 16187
12008 5463 3644 9754 2823 816 16187 16187 16187 16187 16187 16187 16187 16187 16187 16187
12008 5463 3644 9754 2823 816 16187 926 16187 16187 8456 16187 16187 16187 16187 16187
12008 5463 12232 2823 11789 6868 14237 6070 2160 16187 16187 12187 8268 16187 16187 6535
1543 9084 5463 10400 13758 10967 2598 16187 16187 16187 16187 16187 16187 16187 16187 16187
1543 4552 4624 5946 2598 16187 2598 16187 14734 9059 16187 14734 8268 4325 5568 12233
14180 7740 5208 1436 8710 12233 2006 4776 626 16187 16187 16187 6259 926 16187 16187
4776 12334 3177 4776 12835 8710 6259 3398 10501 3177 4776 14596 16187 16187 16187 16187
4776 4267 8084 2563 8084 9605 16187 14237 1919 6259 5820 16187 5365 817 16187 16187
4776 564 950 8719 3171 2563 8710 10375 4776 926 16187 16187 926 16187 16187 16187
3098 6006 16187 16187 16187 16187 16187 16187 16187 16187 16187 16187 16187 16187 16187 16187
13084 1540 8268 13084 15180 16187 16187 834 16187 1787 16187 9316 16187 10033 14237 4311
3098 6006 16187 5948 16187 10335 8268 12008 8712 5867 12495 16187 16187 16187 16187 16187
13834 8710 4537 11889 5463 16187 16187 16187 16187 16187 16187 16187 16187 16187 16187 16187
9447 11889 1954 4231 4152 926 2598 16187 16187 3600 926 16187 16187 926 16187 926
9264 15762 8268 9264 12466 16187 14125 14734 1314 13264 16187 14734 926 16187 7970 16187
8719 5463 4927 8712 926 2263 9339 12835 3994 926 12233 3249 6348 11239 16187 16187
3842 1957 14180 1737 16187 12467 16187 5332 16187 4994 4311 926 6683 16187 926 16187
8719 5463 4927 8712 926 2263 9339 12835 3994 926 12233 3249 6348 11239 16187 13542
7740 1950 16187 16187 16187 16187 16187 16187 16187 16187 16187 16187 16187 16187 16187 16187
7740 1950 16187 6535 15174 16187 16187 16105 12276 11401 10036 16187 4776 14596 3177 4776
7740 1110 8712 6348 14180 6378 16187 926 16187 14237 926 16187 16187 16187 4537 16187
4776 14599 8268 15064 8268 13811 14237 7310 284 9498 12256 16187 16187 16187 16187 16187
4776 12835 9498 14029 4776 1627 830 5328 1954 10244 8258 4776 2122 8069 7164 16187
4776 12835 9498 8794 14237 12606 1955 836 16187 926 16187 8719 8719 6259 10033 16187
4142 12007 8710 2446 4032 3795 15525 16187 16187 16187 16187 16187 16187 16187 16187 16187
4267 926 4776 2563 16187 16187 3364 2823 7970 16187 16187 16187 16187 16187 7970 16187
4142 447 16187 9563 830 4776 2563 16187 12892 926 926 16187 16187 16187 926 16187
3171 6535 630 11842 4776 11859 830 4776 2601 2563 16187 16187 16187 16187 16187 16187
3171 4931 9754 6826 926 926 1543 14069 8710 1954 4269 12233 4776 12287 16187 926
3171 4931 1378 5646 14237 926 2353 16187 5545 10671 16187 7448 926 926 16187 16187
7926 3609 2903 5121 4776 6873 3177 926 5867 16003 16187 16187 16187 16187 16187 16187
3842 16187 16187 1737 8268 14180 8268 12349 2903 16187 816 16187 16187 16187 16187 9389
7926 684 6259 8871 3532 16187 574 16187 12364 16187 8268 14599 16187 926 8268 14237
3098 9577 16187 16187 16187 16187 16187 16187 16187 16187 16187 16187 16187 16187 16187 16187
13084 7448 12233 5397 5463 2903 10036 16187 4776 9431 16187 16187 16187 16187 16187 16187
3098 9577 16187 2115 3177 5414 2946 16187 15597 16058 16187 16187 926 16187 16187 16187
1229 2552 3171 2563 8268 8712 5867 3098 16187 16187 16187 16187 16187 16187 16187 16187
1229 630 3177 8712 8710 14221 10967 4776 11614 16187 10501 3177 4949 16187 16187 16187
1229 630 3177 8712 385 12013 16187 8124 16187 4537 4776 6006 16187 16187 16187 14397
926 14734 75 6689 15715 11191 2823 3435 2598 16187 16187 16187 16187 16187 16187 16187
3842 16187 16187 1737 4776 12349 4776 6499 16187 8268 1955 6259 3384 1919 4776 12835
926 3372 14237 4064 926 14776 410 15698 3962 12233 1885 16187 16187 1885 16187 16187
4325 9399 4776 8002 3177 4776 5738 8268 4776 2353 16187 16187 16187 16187 16187 16187
4325 9399 4776 14596 16187 10335 16187 9736 16187 3177 4776 10033 16187 926 16187 16187
4325 9399 4776 8002 3177 4776 5738 8268 4776 2353 16187 10272 16187 6535 13250 16187
4776 8440 5717 656 1407 9070 7740 11839 8712 4931 4776 5613 926 16187 16187 16187
4776 4267 10501 4931 5463 7909 3504 8268 7740 8313 8268 14272 4776 6286 2598 16187
4776 13811 14237 12013 14776 1971 14237 9526 13907 3760 14808 12233 11239 16187 16187 16187
14031 13084 14272 14776 4624 926 13086 4552 2598 16187 16187 16187 16187 16187 16187 16187
14031 13084 14272 14776 4624 926 13086 4552 2598 16187 16187 16187 16187 16187 16187 16187
14180 3177 15649 14776 4776 9237 16187 15649 4776 2326 3847 16187 926 16187 16187 16187
9084 7740 10827 5627 14139 12455 3177 12276 643 12233 12650 2598 16187 16187 16187 16187
4552 9754 3432 1919 3171 5251 8478 16187 9264 926 16187 16187 16187 5568 16187 16187
4552 12650 8712 16187 11401 16187 15525 3177 10033 7740 5148 16187 16187 16187 16187 16187
4776 9290 8710 6259 926 12233 4776 1787 16187 16187 16187 16187 16187 16187 16187 16187
3842 3171 2856 11889 4776 12012 16187 3364 926 9743 8760 16187 16187 16187 16187 16187
4776 9290 3873 8726 4624 13758 4240 12132 16187 926 8268 14237 926 11839 16187 16187
926 9070 6259 4320 16187 16187 16187 16187 16187 16187 16187 16187 16187 16187 16187 16187
926 9070 6259 4320 16187 12276 11401 16187 643 13089 4325 9498 13121 16187 16187 16187
926 13348 16187 1019 926 6173 4776 926 16187 6259 9139 16187 16187 16187 14164 16187
14272 7740 9084 9754 14518 4931 4776 14247 12233 13361 1957 4776 12298 3748 8712 16187
14272 7740 9084 9754 14518 4931 4776 14247 12233 13361 1957 4776 12298 3748 8712 16187
14272 7740 9084 15781 2598 16187 16187 4931 14734 926 8268 4776 14596 16187 16187 16187
926 5388 203 16187 16187 16187 16187 16187 16187 16187 16187 16187 16187 16187 16187 16187
926 13384 11889 6259 926 4582 2598 16187 14734 926 16187 16187 16187 16187 16187 16187
926 5388 203 16187 14237 2148 12717 16187 6011 16187 16187 16187 16187 16187 16187 12349
3171 2563 779 6259 1098 4152 14237 8124 1146 284 16187 16187 16187 16187 16187 16187
3171 2563 779 7594 3177 12958 16187 5463 14069 8710 16187 830 4776 16187 926 16187
3171 2563 779 16105 9070 6259 14230 3177 3034 16187 16187 2122 16187 16187 4311 16187
8796 8712 8710 12008 8712 11900 14855 12233 3171 1750 5568 4776 10077 10709 16187 16187
3842 1957 14180 1737 16187 9339 8710 6259 926 5711 16187 16187 6259 926 16187 16187
8796 8712 8710 12008 8712 11900 14855 12233 3171 1750 5568 4776 10077 10709 16187 16187
4152 8710 11789 2894 830 2894 13565 3177 12273 926 8719 926 16187 16187 16187 16187
3842 1957 14180 1737 16187 16187 14397 9382 926 16187 16187 16187 16187 1957 1378 16187
4776 2563 8710 7742 9575 14237 7742 602 16187 2148 16187 16187 16187 1957 8719 4776
13474 8309 4609 12233 13720 14237 15731 6259 926 11769 14029 4776 8687 16187 16187 16187
3842 1957 14180 1737 16187 9339 1098 16187 1378 16187 16187 1378 16187 2329 16187 308
13474 7165 4776 5453 13822 12233 14858 4624 12260 10888 13454 16187 2563 16187 16187 16187
7740 771 12233 1042 4776 8181 16187 16187 16187 16187 16187 16187 16187 16187 16187 16187
7740 771 12233 1042 4776 8181 16187 14230 16187 16187 16187 16187 16187 16187 816 4927
7740 11530 12958 11953 3171 2563 14237 7740 2308 6011 12233 2552 3171 16187 2563 16187
7740 9004 5020 14855 12233 4776 1258 14596 8268 14237 7587 10774 7151 4189 16187 16187
7740 9004 5020 14855 12233 4776 1258 14596 8268 14237 7587 10774 7151 4189 16187 16187
7740 9004 7926 684 14734 6120 2326 7742 14237 14734 10418 4931 1344 10355 16187 16187
7740 4931 6391 6259 10355 926 2563 1955 7926 8710 1954 10355 950 16187 16187 16187
4267 926 4776 15064 3177 1390 16187 15096 12467 16187 5332 16187 2689 16187 11889 9070
7740 4931 2758 2837 203 10355 926 926 4931 16187 16187 16187 16187 16105 8719 16187
4776 11998 8344 830 9070 4931 13529 7229 16187 16187 16187 16187 16187 16187 16187 16187
4776 11998 3942 1919 3171 10033 8710 4776 12364 14237 12013 16187 2563 8710 16187 16187
4776 564 9424 12233 4552 13089 15715 3171 2563 8710 4537 5463 16187 4032 15715 16187
9447 4687 8268 816 2598 16187 16187 16187 16187 16187 16187 16187 16187 16187 16187 16187
9447 16167 3559 926 2598 16187 16187 8781 16187 830 6259 16187 16187 16187 16187 16187
9447 4687 8268 816 2598 16187 926 8185 16187 11889 16187 7188 16187 16187 16187 16187
926 2598 16187 16187 16187 16187 16187 16187 16187 16187 16187 16187 16187 16187 16187 16187
926 2598 16187 10399 12233 1453 10967 6259 6492 3177 14734 14164 16187 16187 16187 16187
926 2598 16187 10399 12233 13317 15525 5328 6259 926 16187 15142 204 12416 16187 16187
7740 8069 771 6826 3356 14418 1778 4776 4811 16187 16187 16187 16187 16187 16187 16187
7740 8069 9084 9754 3950 926 91 1955 4776 1229 15142 14826 16187 11401 16187 16187
7740 11530 4776 315 6423 3171 10033 16187 16187 2148 16187 1110 16187 16187 16187 16187
9605 14272 6011 188 13348 16187 16187 16187 16187 16187 16187 16187 16187 16187 16187 16187
5329 8569 16187 1383 8719 15597 16058 4776 8456 16187 16187 16187 16187 16187 16187 16187
1138 129 10765 5711 3847 5463 12233 2904 16187 16187 16187 9290 16187 16187 16187 11889
926 5867 8620 3137 11331 2903 10217 926 16187 16187 16187 16187 16187 16187 16187 16187
3842 16187 16187 1737 8268 14180 8268 12349 4776 6499 16187 16187 16187 16187 16187 16187
926 5867 9957 9498 3098 16187 16187 8719 4776 157 926 16187 16187 16187 16187 16187
13221 8710 14029 4776 6856 14237 1750 926 2837 4776 9330 16187 16187 16187 16187 16187
4267 926 4776 15064 3177 1390 16187 15096 12467 16187 5332 16187 2689 16187 11889 16187
8710 7926 8069 11912 8268 14043 8710 7926 3037 6286 2598 16187 16187 16187 2598 16187
10501 5627 2780 779 5017 2903 132 8268 12008 4776 9790 14596 16187 16187 16187 16187
4267 926 4776 15064 3177 1390 16187 15096 12467 16187 5332 16187 2689 16187 11889 9070
1138 14834 5496 8457 5711 16187 6601 4776 817 14823 16187 926 8268 15978 4776 9577
12586 16187 16187 16187 16187 16187 16187 16187 16187 16187 16187 16187 16187 16187 16187 16187
10217 3177 4776 9339 12835 8710 6535 10355 16187 7926 926 16187 16187 5388 16187 16187
12586 16187 14596 926 8719 6259 926 3177 1954 15594 16187 12495 16187 12008 656 16187
11889 15662 9084 4325 2327 12233 15810 1778 8712 2598 16187 16187 16187 16187 16187 16187
14043 3847 7926 2598 16187 14734 8456 8476 8798 4776 2543 4325 926 4931 4776 12455
14043 1138 643 11889 5711 4931 4776 926 3177 1954 12298 3177 10033 16187 16187 16187
4776 8521 8268 4240 12958 7740 9884 926 8268 8710 5329 6070 11549 16187 16187 16187
4776 8521 4931 11300 16187 14237 2148 8344 16187 16187 7740 4537 4931 6297 10879 11953
4776 8521 8268 12233 9070 8268 9004 6259 10894 926 12233 1378 8808 5867 8075 16187
11889 4776 6801 926 8268 4776 2563 926 8710 1781 14237 9933 14237 4512 12690 16187
3842 11889 12127 63 3177 5463 8268 8712 5867 926 16187 2588 16187 16187 16187 16187
1138 9601 5711 15881 6259 6070 6140 10619 9484 10967 9070 16187 16187 16187 16187 16187
14043 13434 4169 10437 3543 15232 13592 12606 3460 2598 16187 16187 16187 16187 16187 16187
14043 13434 4169 10437 3543 15232 13592 12606 3460 2598 16187 16187 2598 16187 16187 16187
14043 14776 4325 4537 10217 2967 3177 4776 9790 6511 2598 16187 2598 16187 16187 6226
4776 5562 3388 3171 2563 6070 7742 16187 16187 16187 16187 16187 16187 16187 16187 16187
4776 5562 16187 3847 9754 11553 8712 8268 6070 14221 16187 16187 16187 16187 16187 8719
4776 5562 3388 3171 2563 6070 7742 16187 16187 9004 11889 1954 8172 2563 16187 16187
14069 5867 6259 9400 5257 3177 15433 8268 1781 8268 14237 2067 7558 16187 16187 16187
3842 1957 14180 1737 16187 12467 16187 9487 9938 8268 13474 11553 2296 926 16187 16187
14069 5867 6259 5948 3177 1191 10770 1957 4776 7314 1859 8719 11367 16187 4776 9431
8712 5867 1954 191 5075 16187 16187 16187 16187 16187 16187 16187 16187 16187 16187 16187
8712 5867 14635 3177 10399 12233 8537 15662 16187 8592 16187 3171 2563 4931 16187 16187
8712 5867 1954 191 5075 16187 926 8268 6011 983 16187 926 926 16187 16187 16187
703 5367 14237 12835 8855 1919 4312 16187 16187 16187 16187 16187 16187 16187 16187 16187
12114 16187 14180 13084 15721 16187 16187 11039 3177 4856 8719 11953 6259 926 16187 16187
703 5367 14237 12835 8855 1919 4312 16187 5820 820 16187 16187 16041 8712 16187 16187
4776 10418 8710 6826 3177 4776 564 7740 11553 8084 8466 16187 16187 16187 16187 16187
4776 10418 8710 6826 3177 4776 564 7740 11553 8084 8466 16187 16187 16187 16187 16187
4776 10418 8710 6826 3177 4776 564 7740 11553 8084 8466 16187 16187 16187 16187 16187
4776 10566 10401 14776 11306 12964 14237 5758 926 16187 16187 16187 16187 16187 16187 16187
4776 12835 14776 830 4776 10566 10501 8268 6070 630 16187 16187 830 4776 2563 16187
4776 10566 10401 14776 11306 12964 14237 5758 926 16187 7742 16187 16187 1813 16187 1919
4537 13216 12233 9577 5463 6011 3543 9754 2296 12904 6259 15939 2837 2263 15149 16187
4537 3644 9754 8467 12233 3249 14029 16187 14734 5415 1019 926 6173 16187 16187 16187
4537 1955 7742 7740 8093 6683 1957 12276 4125 5867 7981 13089 4325 9178 16187 16187
12008 3171 8710 1954 1138 926 5711 10033 8268 14237 3171 8710 12233 2823 12773 16187
3842 1957 14180 1737 16187 12467 16187 5332 16187 4994 4311 926 6683 16187 926 16187
12008 3171 8710 1954 1138 926 5711 10033 8268 14237 3171 8710 12233 2823 12773 16187
4776 564 2563 3177 4776 1747 2598 16187 16187 16187 16187 16187 16187 16187 16187 16187
4776 15024 14776 12958 6672 16187 16187 2823 15715 16187 16187 16187 11401 16187 16187 3249
4776 564 2563 3177 4776 1747 2598 16187 11239 16187 13542 16187 16187 4776 4990 3177
7740 2446 4531 4776 12455 13089 7954 1019 926 926 6173 4931 14029 4776 9577 16187
7740 2446 11889 4776 2946 16187 5174 14029 4776 5033 16187 16187 16187 16187 16187 16187
7740 2446 11889 4776 2946 16187 1344 630 1955 926 16187 16187 16187 16187 16187 16187
926 926 5867 132 8710 13893 1919 1954 3437 1380 3751 4263 8712 16187 16187 16187
3842 8712 11889 4776 12012 13348 16187 5447 6259 2563 1919 3192 16187 2598 16187 16187
926 926 5867 132 8710 13893 1919 1954 3437 1380 3751 4263 8712 16187 16187 16187
3098 10770 8268 13084 8438 203 4673 8712 6297 8710 16187 16187 16187 16187 16187 16187
13084 13474 926 1378 14237 9002 7587 16187 16187 1919 4776 2067 14237 7970 16187 16187
3098 10770 16187 14237 4624 10418 16187 1957 14180 16187 16187 16187 16187 16187 16187 16187
8710 15520 13276 4776 7306 3177 15520 12695 12233 5138 15520 5532 2598 16187 16187 16187
4267 926 4776 15064 3177 1390 16187 5329 830 4776 564 16187 16187 7740 16187 13348
6259 3745 9780 8344 16187 9442 8268 2608 16187 9813 9311 16187 926 16187 16187 8635
8712 8710 1378 3177 9743 703 5463 5208 926 820 10967 14180 12349 4776 1787 16187
3842 1957 14180 1737 16187 16187 16187 14397 4626 3177 4776 10033 16187 16187 16187 10501
8712 8710 1378 3177 9743 703 5463 5208 926 820 10967 14180 12349 4776 1787 16187
9498 4325 13830 4776 2946 2837 15721 926 2598 16187 16187 16187 16187 16187 16187 16187
10242 3177 9743 16187 15956 203 8712 8710 6259 10355 2563 16187 16187 16187 16187 16187
7661 12291 16187 15658 14237 4776 2353 8719 926 6253 12233 2823 926 16187 16187 16187
14180 3177 926 5867 1133 13422 12835 12300 12233 4776 926 10813 3177 1370 926 16187
3842 1957 14180 1737 16187 12467 16187 8584 12233 1378 4931 926 16187 16187 16187 1955
14180 3177 15649 926 4776 9438 15658 8710 13474 926 2598 2598 16187 2598 16187 16187
5780 14237 926 8733 6259 2689 1045 16187 16187 16187 16187 16187 16187 16187 16187 16187
3842 11889 4776 15064 8268 4552 9754 4537 15956 16187 16187 12467 16187 12349 16187 16187
5713 926 14776 8727 2062 1919 1885 16058 4776 926 16187 16187 16187 926 16187 16187
830 13616 8875 11536 14237 926 16187 16187 16187 16187 16187 16187 16187 16187 16187 16187
4267 3177 14180 4776 2946 926 4537 15956 16187 16187 16187 16187 8719 3171 16187 16187
830 13616 8875 11536 14237 926 16187 12349 1378 2837 926 16187 16187 16187 16187 9940
5341 926 8710 2446 9940 8719 4776 954 3177 4776 1235 9059 926 16187 16187 16187
4267 926 4776 15064 3177 1390 16187 5329 830 4776 564 16187 16187 16187 7740 11553
5341 926 2446 779 6259 10501 16187 926 14237 7742 926 16187 16187 926 16187 926
926 3177 859 12444 16187 16187 16187 16187 16187 16187 16187 16187 16187 16187 16187 16187
3842 3171 2856 11889 4776 12012 16187 3364 926 9743 8760 16187 16187 16187 16187 16187
926 3177 859 12444 16187 10033 8268 5288 16187 14125 4776 9790 16187 14237 5332 4776
3171 10033 4931 13060 2837 4776 9058 3177 8920 16187 16187 16187 16187 16187 16187 16187
3171 2563 4931 926 11063 14237 14231 16187 9264 16187 16187 16187 6070 15291 16187 16187
3171 2563 3006 1778 4776 13876 5463 16105 2903 926 14237 4931 6070 9473 761 16187
8069 13089 8712 7094 14029 4776 8858 14237 4776 4990 13348 16187 16187 16187 16187 16187
8069 13089 8712 7094 14029 4776 8858 14237 4776 4990 13348 16187 16187 16187 12349 4776
1955 7740 8592 4776 14596 4931 2053 5463 3994 8712 771 12495 6280 12233 15597 15781
4552 9754 2080 2903 5695 8185 10967 16146 926 16187 16187 16187 16187 16187 16187 16187
4552 9754 8069 2006 7196 8457 16187 13949 8719 3171 5365 6259 7612 16187 16187 16187
4552 9754 2080 2903 5695 8185 10967 16146 926 16187 16187 10983 16187 926 16187 16187
4776 14596 2894 4931 6140 14237 2689 16187 16187 16187 16187 16187 16187 16187 16187 16187
4776 14596 3364 11553 12766 8270 14237 2148 9332 16187 16187 16187 14426 3177 1954 4231
4776 14596 2894 4931 6140 14237 2689 16187 2689 16187 2689 16187 9332 16187 9332 16187
4776 8263 15093 14237 4776 10586 15531 5036 9534 14776 926 11923 16187 16187 16187 16187
4776 5031 684 15525 7742 16187 16187 10207 1885 16187 2903 12233 4776 926 16187 14163
4776 5031 684 6550 4776 5041 15093 8710 2684 14937 16187 16187 16187 15096 16187 6070
4776 63 2563 3025 3171 9955 16187 16187 16187 16187 16187 16187 16187 16187 16187 16187
4776 5041 3177 926 4931 12349 8719 3765 512 1954 10244 16187 16187 16187 16187 16187
4776 564 9424 11953 3171 2563 8710 4776 3398 1146 14457 16187 10033 16187 16187 6987
8712 13081 2326 7428 16187 16187 16187 16187 16187 16187 16187 16187 16187 16187 16187 16187
8712 13081 2326 7428 16187 4924 8719 4776 926 14043 4776 10033 16187 16187 16187 16187
8712 13081 2326 7428 16187 4924 8719 4776 926 16187 16187 5388 16187 16187 926 16187
10496 14237 12351 9498 926 15658 12178 4776 926 3177 926 16187 16187 16187 16187 16187
3842 11889 4776 12012 13348 16187 12723 6197 16187 4404 13811 16187 10418 16187 4776 16187
10496 14237 12351 9498 926 15658 12178 4776 926 3177 926 16187 16187 16187 16187 16187
4776 10033 8268 8726 6188 2837 10781 8268 4931 2326 10355 16187 16187 16187 16187 16187
4776 10033 10781 779 9754 2823 5463 6535 7740 8313 12233 4552 16187 16187 16187 16187
4776 10033 8268 8726 6188 2837 10781 8268 4931 2326 10355 16187 16187 16187 16187 16187
7740 12431 6259 3984 12233 2552 3171 2563 1957 6259 926 4544 16187 16187 16187 16187
7740 973 926 12233 14550 3171 1378 16187 13348 16187 13348 16187 12102 15715 16187 16187
7740 973 926 1597 12291 13089 4776 9577 8428 14237 4325 14241 4776 2385 2946 16187
4776 9431 2122 3384 8368 1957 4776 12050 1033 9715 16187 16187 16187 16187 16187 16187
4776 9431 4366 12028 3177 4776 10033 13422 13807 13592 8726 13592 6071 1957 14180 16187
4776 9431 14278 3177 14272 13411 2588 1747 13348 16187 2563 16187 830 4776 16187 16187
926 11957 4776 1045 12233 10419 926 8107 14237 4311 15217 8081 926 16187 16187 16187
3842 1919 4776 926 16187 8268 4776 10033 779 6259 10399 2441 6423 8712 16187 16187
926 11957 14745 1955 1954 817 5459 14237 3638 14745 14029 6259 13868 16187 643 16187
1935 8268 4776 10033 779 13758 8719 830 6826 112 10967 6870 16187 16187 16187 16187
3842 16187 16187 1737 8268 4776 6499 4776 14792 10603 15525 16187 16187 16187 16187 7740
8719 3171 9577 820 5208 10852 10628 15597 10768 14237 11436 1784 16187 9332 16187 16187
15 265 14237 6259 10602 5826 3177 7140 8268 2550 202 16187 16187 16187 16187 16187
5329 14571 16187 4537 6259 3211 16187 10033 16187 14221 16187 16187 2148 16187 16187 16187
7001 4697 16187 6071 10671 15956 16187 14237 7314 4032 15715 16187 16187 10671 3177 16187
4776 3078 14237 10960 9498 10471 6070 540 16187 16187 16187 16187 16187 16187 16187 16187
4776 6664 8710 10355 16187 16187 16187 4537 16187 9605 8712 16187 16187 16187 16187 2599
4776 6664 8710 10355 16187 16187 14237 8712 8710 4537 8719 4776 3532 16187 3177 4776
4776 1754 3177 4776 5763 8710 10967 926 5867 12349 10471 926 16187 16187 16187 16187
4776 1754 3177 4776 13839 8710 14030 16187 16187 16187 3364 11553 16187 8270 16187 16187
4776 1754 3177 4776 13839 8710 6070 10355 1955 7742 16187 16187 926 16187 16187 16187
4776 7926 926 2903 4776 14359 8268 487 8268 1138 7740 8955 13348 5711 16187 16187
4776 5186 13570 926 12233 549 12233 15520 469 16187 16187 16187 16187 16187 16187 16187
4776 7926 926 2903 4776 1787 8268 13089 12233 4776 926 8710 926 926 16187 16187
7740 14470 5329 11553 11763 15715 3171 1378 8726 5329 830 1885 8213 16187 16187 16187
7740 14470 5329 11553 11763 15715 3171 1378 8726 5329 830 16187 16187 16187 16187 16187
7740 4537 11763 15715 3171 2563 1919 12276 6215 13021 14237 4624 14180 4531 8712 16187
5238 4776 5121 13839 16048 1885 10719 16187 16187 16187 16187 16187 16187 16187 16187 16187
3842 1919 12127 926 3177 5937 1750 16187 12349 16187 15909 16187 12276 16187 16187 16187
8719 10025 4776 2946 14776 8213 16187 16187 1436 11953 3171 2563 16187 16187 16187 16187
1378 3177 9743 8185 5463 3112 6259 5695 13839 1019 14029 2256 6173 5580 6388 16187
1378 10293 7347 4609 10967 3171 13348 16187 13348 16187 926 16187 1750 6011 16187 6683
1378 3177 9743 8185 5463 3112 6259 5695 13839 1019 14029 2256 6173 5580 6388 16187
11889 6336 15221 8268 4776 4856 4598 14029 3098 5663 14237 12781 8268 5329 11735 16187
9036 3171 2563 16187 12495 12495 16187 12495 16187 5332 4776 11859 830 9070 16187 16187
7740 11530 4776 12835 8268 9563 13093 9022 5867 11914 14237 1446 926 5867 926 16187
4325 11031 5329 1213 10355 2155 830 6931 8268 9890 16187 16187 16187 16187 16187 16187
4325 11031 5329 1213 10355 2155 830 6931 8268 9890 16187 2326 16187 16187 16187 16187
4325 11031 14180 11788 14237 10401 16187 11273 16187 16187 16187 16187 16187 16187 16187 16187
14180 8719 14180 8712 4931 11889 6259 8569 476 3177 2977 15658 16187 16187 16187 16187
14272 5867 14219 8710 5463 13474 2446 926 2884 926 16187 16187 16187 16187 16146 16187
14180 8719 14180 8268 6070 7742 10471 16187 12008 1229 2296 16187 830 4776 14596 16187
14237 4776 132 13348 16187 16187 16187 16187 16187 16187 16187 16187 16187 16187 16187 16187
14237 4776 132 13348 16187 16187 7740 4931 16187 15090 14043 926 16187 16187 16187 16187
14237 4776 132 13348 16187 4103 8719 16187 926 4931 13348 16187 16187 8996 14482 16187
4776 4152 8268 6689 5329 8569 8268 8710 6535 11063 2780 16187 16187 16187 16187 16187
4776 4152 11331 15232 10160 12835 16187 2148 10217 16187 8466 16187 16187 2563 16187 16187
4776 4152 11331 16187 15982 13081 63 10566 16187 2563 11889 3171 4406 8185 16187 16187
8438 3177 3511 10394 9084 1957 14589 6259 10355 15781 3177 10418 16187 16187 16187 16187
4267 3177 14180 4776 2946 926 4537 15956 5713 820 16187 13141 16187 16187 16187 16187
1955 830 5713 8268 7742 8268 4325 11031 4776 2563 5867 1097 16187 11889 15715 16187
13570 8268 15335 820 5272 14745 8268 13943 1955 6259 9708 16187 16187 16187 16187 16187
13570 8268 15335 820 5272 14745 8268 13943 1955 6259 9708 16187 3257 8268 4949 16187
13089 12128 14237 51 12945 4776 926 1514 14776 926 10967 12276 9465 16187 9004 16187
14069 8710 13084 4152 8268 4537 3660 3078 16187 16187 16187 16187 16187 16187 16187 16187
14069 8710 13084 4152 8268 4537 3660 3078 16187 10960 14237 779 6259 14596 16187 16187
14069 8710 9332 6664 6028 2903 12233 1954 2657 8199 16187 4707 8268 926 16187 16187
3171 2563 8710 5906 8268 12092 8268 14237 14029 4776 2601 8268 8206 16187 16187 16187
3842 1957 14180 1737 16187 16187 14397 9382 926 16187 16187 16187 16187 16187 16187 16187
3171 2563 8710 6152 16187 7742 8268 7742 684 7742 13663 16187 10207 16187 9442 15840
9850 15525 14139 16187 16187 16187 16187 16187 16187 16187 16187 16187 16187 16187 16187 16187
9850 15525 14139 16187 8368 16187 5329 12495 16187 16187 8726 869 16187 14397 16187 16187
9850 15525 3177 14139 3418 13348 16187 6594 16187 16187 16187 2563 16187 10887 1583 16187
4776 10418 8710 5580 12328 16187 16187 16187 16187 16187 16187 16187 16187 16187 16187 16187
4776 10418 8710 1482 12008 7542 9196 16187 6535 16187 6535 16187 16187 9332 2563 16187
4776 10418 8710 5580 12328 16187 14180 4776 6499 16187 9154 14834 14237 3335 16187 16187
1592 13539 1955 926 5867 4125 14237 13474 3847 6259 10355 15781 16187 16187 16187 16187
3842 16187 16187 1737 8268 12349 4776 6499 16187 16187 926 16187 16187 926 16187 16187
13474 15881 3098 6276 10967 9457 926 14237 11615 3977 16187 16187 6692 16187 16187 16187
7740 9004 926 926 4931 3257 830 4776 954 3177 926 16187 16187 16187 16187 16187
7740 9004 5020 14855 12233 4776 1258 14596 8268 14237 7587 10774 7151 4189 16187 16187
7740 9004 926 926 4931 3257 830 4776 954 3177 926 16187 16187 16187 7749 926
3842 3171 2856 11889 4776 12012 16187 16187 16187 16187 16187 16187 16187 16187 16187 16187
3842 3171 2856 11889 4776 12012 16187 3364 926 9743 12233 926 16187 16187 16187 6635
926 5463 5867 4776 6378 9084 6259 926 5711 16187 926 16187 11889 8712 16187 16187
1378 14470 1436 1138 203 11953 1290 2598 5711 16187 16187 16187 16187 16187 16187 16187
1378 3644 9754 8069 10058 13907 1075 3748 14734 997 16187 7336 926 16187 16187 926
1378 14470 1436 1138 203 11953 1290 2598 5711 16187 14734 2563 7508 16187 14180 11953
7740 9429 4776 9339 3942 1919 3171 2563 8710 8712 5867 10686 16187 16187 16187 16187
7740 9429 4776 9339 3942 1919 3171 2563 8710 8712 5867 10686 16187 16187 5332 11889
7740 9429 4776 2563 8710 10571 7742 16105 16187 2974 14237 16187 16187 16187 8719 16187
13084 1378 12431 7491 8268 10879 14043 1157 16187 16187 16187 16187 16187 16187 16187 16187
13084 1378 12431 7491 8268 10879 14043 1157 16187 2148 16187 512 8719 11562 16187 16187
12958 11900 7393 8630 4776 926 926 2446 771 6070 5543 16187 16187 8719 16187 16187
7740 11553 1959 3171 10033 12825 12291 16187 16187 16187 16187 16187 16187 16187 16187 16187
7740 11553 13084 10400 203 4776 12459 12233 5993 14272 7740 4537 1442 16187 2563 16187
7740 11553 1959 3171 10033 12825 12291 16187 8781 16187 16187 8719 10571 12276 16187 15096
8486 926 15525 8719 6259 8564 13089 6826 14079 15173 1885 11218 16187 16187 16187 16187
3842 16187 16187 1737 8268 14180 4624 11553 1954 926 16187 11382 16187 16187 16187 16187
15846 6096 7076 6259 13640 8719 4776 5365 926 8719 11168 11215 10250 926 16187 13348
4727 8268 7740 1444 10324 8712 14180 16187 16187 16187 16187 16187 16187 16187 16187 16187
5297 15274 16187 11889 1138 4776 6801 926 5711 16187 16187 16187 16187 16187 16187 16187
5297 6070 630 6259 8974 14237 8712 5867 1919 6259 6535 9961 6120 16187 16187 12441
12008 13474 9084 6259 5695 15781 1919 14272 13474 4931 13532 16187 16187 16187 16187 16187
12008 13474 9084 6259 9290 8719 6259 10355 15781 16187 16187 16187 16187 14745 16187 14734
12008 13474 9084 6259 5695 15781 1919 14272 13474 4931 13532 16187 16187 16187 16187 16187
926 3082 8710 1098 16187 16187 16187 16187 16187 16187 16187 16187 16187 16187 16187 16187
926 6227 13592 8061 114 16187 926 1919 4776 3078 14237 4325 14776 4537 3908 14272
926 3082 8710 1098 16187 16187 1750 926 1919 1885 16187 789 16187 91 16187 16187
8712 4931 7145 13348 16187 16187 16187 16187 16187 16187 16187 16187 16187 16187 16187 16187
8712 4931 7145 13348 16187 926 16187 4656 1543 4776 16146 16187 1378 16187 16187 8781
8712 4931 1098 16187 16187 7740 9429 6011 16187 16187 12233 9577 4776 10036 16187 12650
8712 5867 6259 391 8521 1919 6826 3553 9296 9591 12233 2823 15376 9296 5329 16187
8712 5867 13084 14219 512 3278 16187 5086 8719 4776 2563 16187 16187 16187 12716 16187
8712 5867 6259 8752 12233 1654 4537 203 10355 7926 4931 16187 16187 16187 16187 16187
6041 14069 8710 13084 9438 8268 14069 8710 13084 10978 16187 16187 16187 16187 16187 16187
3842 1957 14180 1737 16187 12467 16187 7347 4776 1787 16187 16187 16187 16187 2148 16187
7742 10471 13348 16187 1781 8268 1919 5937 84 8710 16187 16187 16187 16187 16187 16187
8712 5867 6259 3886 1919 9313 710 3908 9313 703 16187 16187 16187 16187 16187 16187
3842 1957 14180 1737 16187 12467 16187 5332 16187 4994 4311 926 6683 16187 926 16187
8712 5867 6259 3886 1919 9313 710 3908 9313 703 16187 816 8719 15597 10638 8719
9296 14029 4776 7157 3171 656 16187 16187 16187 16187 16187 16187 16187 16187 16187 16187
9296 14029 4776 7157 3171 656 16187 9431 8268 14237 7740 9429 7740 15956 8712 16187
9296 14029 4776 7157 3171 656 16187 9431 8268 9563 6006 14237 7740 6601 10603 16187
15658 14352 16108 8712 4931 10355 14043 5329 2598 16187 16187 16187 16187 16187 16187 16187
15658 14352 13348 16187 15658 926 13348 16187 11889 13852 8710 16187 11889 2598 16187 16187
15658 14352 16108 8712 4931 10355 14043 5329 2598 16187 16187 2598 16187 16187 8781 16187
1919 926 8712 8710 1954 10136 6689 1919 926 8712 5867 1954 13459 16187 16187 16187
3842 1957 14180 1737 16187 9339 8710 6259 926 5711 16187 16187 6259 16187 16187 16187
926 5867 2588 926 8710 2684 9575 8268 10589 8719 8712 5867 5036 15814 16187 16187
14237 8069 4311 16187 16187 16187 16187 16187 16187 16187 16187 16187 16187 16187 16187 16187
14237 8069 4311 16187 12650 8712 16187 983 16187 2552 8712 16187 16187 6304 7926 10324
14237 5533 926 2598 16187 16187 2598 16187 8081 2598 16187 15810 9070 8719 4776 16187
14237 6011 15956 14272 6011 9605 13089 4325 14776 5022 14029 15389 16187 16187 16187 16187
14237 6011 15956 14272 6011 9605 13089 4325 14776 5022 14029 15389 16187 16187 2296 2598
14237 6011 11839 7926 4931 4537 11889 16187 2598 16187 16187 11889 16187 16187 16187 16187
5297 8268 8712 5867 5329 6259 3667 3177 983 16187 16187 16187 16187 16187 16187 16187
5297 8268 8712 5867 5329 6259 3667 3177 983 16187 9831 16187 16187 6011 16187 2598
5297 8268 8712 5867 15871 15391 8268 14237 3543 9754 2823 2329 16187 16187 16187 8139
8385 6259 7742 1957 14589 4776 132 16187 16187 16187 16187 16187 16187 16187 16187 16187
1957 14589 13084 926 16187 6390 14029 1138 4776 8858 1787 16187 1787 16187 16187 926
1957 14734 2521 16187 16105 16187 2296 7937 3177 14766 16187 16187 16187 8719 4776 2563
7926 5867 10918 14237 7926 5867 8270 4311 8084 13348 16187 16187 16187 16187 16187 16187
7926 5867 5329 2903 12233 4776 10822 16187 16187 14043 8069 16187 6535 10879 16187 16187
7926 5867 10918 14237 7926 5867 8270 4311 8084 13348 16187 16187 16187 16187 16187 11889
564 13103 8710 5568 4776 5946 3177 4776 11274 5463 3171 10033 5580 2847 16187 16187
3842 1957 14180 1737 16187 16187 16187 14397 4626 1957 6259 12298 16187 16187 12495 16187
1378 3177 4776 564 6593 3177 926 16187 929 8719 4776 4832 16187 12349 8719 926
12008 7740 9605 14272 7926 5867 487 16187 16187 16187 16187 16187 16187 16187 16187 16187
12008 7740 6635 8712 16187 16187 16187 6304 5867 2758 16187 816 16187 16187 16187 16187
12008 7740 6635 8712 926 16187 13348 16187 9431 8258 16187 9964 16187 14237 926 16187
14919 3177 9484 3418 16187 16187 16187 16187 16187 16187 16187 16187 16187 16187 16187 16187
14919 14139 9484 1889 13348 16187 7740 16187 3192 16187 13348 16187 7740 9429 3177 14180
14919 3177 9484 3418 16187 14069 8710 2148 830 6259 16187 16187 7970 954 16187 8719
8712 5867 5329 16187 16187 16187 16187 16187 16187 16187 16187 16187 16187 16187 16187 16187
8712 5867 5329 16187 8569 2563 16187 983 14237 4325 9498 16187 8455 16187 16187 16187
8712 5867 7314 11779 16187 9715 14029 4776 13734 16187 2563 16187 9887 16187 16187 16187
3842 1957 14180 1737 16187 16187 16187 16187 16187 16187 16187 16187 16187 16187 16187 16187
3842 1957 14180 1737 16187 9339 8710 6259 926 16187 16187 9311 8719 6259 926 16187
8712 8999 4372 14237 10918 8719 11859 8268 11039 3177 2165 4776 3449 2989 16187 16187
1955 14221 1955 4325 15956 7926 5867 926 13348 16187 16187 16187 16187 16187 16187 16187
1955 14221 1955 4325 15956 7926 5867 926 13348 16187 16187 16187 16187 16187 16187 16187
1955 14221 1955 4325 15956 7926 5867 926 13348 16187 16187 16187 16187 16187 16187 16187
10394 14352 15658 926 8710 8268 816 2598 16187 16187 16187 16187 16187 16187 16187 16187
13084 8438 14272 2598 16187 16187 8781 16187 16187 10418 16187 16187 16187 16187 16187 1957
10394 14352 15658 926 8710 8268 816 2598 16187 2598 16187 16187 16187 16187 16187 16187
3171 2563 3927 7367 8369 5463 7975 1919 6011 16187 16187 16187 16187 16187 16187 16187
3171 2563 10247 8569 13348 16187 926 16187 14822 8268 926 3994 16187 16187 16187 16187
3171 2563 771 10355 4302 1167 8268 12008 4776 4152 4931 10615 16187 16187 16187 16187
7740 771 6259 4660 983 16041 10324 4776 15939 9084 9754 8719 3511 16187 16187 16187
7740 771 6259 10355 983 16187 983 7740 1442 3171 2563 16187 16187 6683 1957 7740
7740 771 6259 10355 983 16187 4189 16187 643 2823 16105 16187 16187 5200 16187 15358
13348 16187 16187 16187 16187 16187 16187 16187 16187 16187 16187 16187 16187 16187 16187 16187
4552 9754 9605 9070 223 16187 9890 16187 2348 16187 3171 2563 8710 16187 16187 16187
1138 9776 820 5711 771 5463 9790 7724 14029 9070 16187 16187 16187 6011 6011 16187
6601 5329 16187 16187 16187 16187 16187 16187 16187 16187 16187 16187 16187 16187 16187 16187
13937 14069 8268 12576 8268 4325 9084 9754 16187 630 16187 16187 16187 16187 14734 5520
1955 2296 926 8710 5695 16187 16187 16187 91 16187 14237 926 16187 16187 8440 14745
8712 8710 6259 3098 12805 16187 16187 16187 16187 16187 16187 16187 16187 16187 16187 16187
3842 8712 16187 63 16187 13348 16187 2563 16187 7970 3177 4776 2563 16187 16187 15096
8712 8710 6259 3098 12805 16187 8268 14237 5937 4537 5332 16187 817 16187 6070 926
14776 4776 6 8719 926 8268 926 2326 4562 2598 16187 16187 16187 16187 16187 16187
4267 3177 14180 4776 2946 14237 4776 926 9498 16187 3098 16187 16187 16187 16187 926
5713 14776 703 7740 15846 2296 5272 16187 16187 1750 8719 4776 2563 1955 6259 14230
6259 6388 14599 8268 1954 13036 13811 8268 14760 11947 6664 16187 16187 16187 16187 16187
6259 6388 14599 8268 1954 13036 13811 8268 14760 11947 6664 16187 14237 4776 5286 3177
6259 4406 15939 16187 16187 926 16187 8719 4776 10033 16187 2997 16187 16187 16187 1954
14272 3112 8712 1229 12367 8710 5463 6011 2326 14776 1699 830 3171 5095 16187 16187
14272 14635 3177 443 8069 10092 11889 5463 2598 16187 14043 9431 926 16187 16187 2461
14272 3112 8712 1229 12367 8710 5463 6011 2326 14776 1699 830 3171 5095 16187 16187
4776 5121 13839 16105 4776 10566 3177 15597 10638 16187 16187 16187 16187 16187 16187 16187
3842 1919 12127 926 3177 5937 1750 16187 12349 16187 15909 16187 12276 9534 16187 16187
4776 5121 13839 16105 4776 10566 3177 15597 10638 16187 1229 16187 16187 7740 6432 2903
14180 4776 1136 13851 1019 926 6173 926 12409 926 9850 16187 16187 16187 16187 16187
203 6388 4776 6306 8710 8719 9998 2598 16187 16187 512 5713 16187 16187 16187 16187
14180 4776 1136 13851 1019 926 6173 926 926 10160 16187 9332 16187 6070 5947 7610
7740 2326 4552 9754 10503 3171 14826 9424 8268 830 176 8268 8710 13238 16187 16187
9036 3171 2563 16187 12495 1435 16187 14237 2148 926 830 9743 11658 16187 16187 16187
7740 11530 8712 8268 7740 973 9813 16041 4776 3366 13089 8712 5656 15525 13348 16187
5095 10758 779 8093 13081 2148 11889 11516 16187 16187 16187 16187 16187 16187 16187 16187
3634 16187 3098 15649 14776 3098 16187 2664 8719 4776 10983 16187 16187 16187 16187 16187
8069 5747 3364 5329 11553 10471 8270 16187 10315 63 1885 16187 16187 2308 16187 6259
8712 5867 5329 6231 15624 14043 6918 8268 4537 12105 12345 16187 16187 16187 16187 16187
8712 5867 5329 6231 15624 14043 6918 8268 4537 12105 12345 16187 14221 16187 16187 16187
8712 5867 2689 8268 8622 8268 6692 8268 14237 8796 8268 6148 16187 16187 16187 16187
3171 8710 7336 15525 3177 8808 830 3171 12518 84 16187 16187 16187 16187 16187 16187
13084 4927 16187 5807 11953 3171 2563 13436 4537 8197 6011 16187 16187 5947 14230 16187
3171 8710 1378 3177 9743 16038 8185 5463 6011 5208 2172 1229 630 10967 16187 16105
7004 926 8710 6259 6140 2122 7970 8719 4776 9222 16187 16187 16187 16187 16187 16187
4267 926 4776 15064 3177 1390 16187 15096 12467 16187 5332 16187 2689 16187 11889 9070
8069 7831 926 5867 4536 12233 1952 926 16187 4776 926 16187 16187 16187 16187 16187
4776 1334 15649 656 14029 926 16187 16187 16187 16187 16187 16187 16187 16187 16187 16187
4776 13849 14163 5463 6989 7401 11889 14745 2598 16187 14734 7157 16187 2296 16187 16187
4776 1334 15649 656 14029 926 16187 10272 6259 2563 16187 12349 4776 9790 16187 16187
6111 10485 14029 6259 1853 15806 3847 9754 2588 830 11582 6418 1243 16187 16187 16187
4267 926 4776 15064 3177 1390 16187 15096 1941 16187 16187 12349 16187 5947 2664 14237
1378 15975 11953 203 13436 14734 12362 5208 2823 16187 16187 16187 16187 16187 16187 16187
1229 9084 13769 12284 14237 11953 12127 16146 16112 3246 8719 4776 1787 16187 16187 16187
1229 203 9084 12276 14589 1860 14180 983 16187 8719 4776 2563 16187 2598 16187 16187
1229 9084 12276 6161 8268 8712 5867 12276 9869 5867 1860 10033 16187 16187 16187 4687
5359 8268 3171 2563 8710 15624 8268 15978 14691 8710 9015 830 11953 1378 10244 16187
9036 3171 2563 16187 12495 12495 16187 12495 14221 1919 4776 4994 16187 9431 16187 1033
8726 6011 11553 9754 8466 4776 10033 6011 16138 10751 15662 16187 816 16187 16187 16187
13560 8268 15096 983 8858 8710 5297 12606 8268 8069 8719 6259 5947 13182 16187 16187
4267 926 4776 15064 3177 1390 16187 15096 12467 16187 5332 16187 2689 16187 11889 9070
6259 4949 12444 16187 16187 4776 10033 10967 6259 926 16187 926 926 16187 926 16187
4776 4152 8710 6918 14237 9254 8268 630 11889 4776 12835 16187 16187 16187 16187 16187
4776 4152 8710 6918 14237 9254 8268 630 11889 4776 12835 16187 16187 16187 6535 16187
4776 13607 8710 6297 6070 15174 16187 16187 10941 830 926 16187 16187 14734 16187 16187
4776 5138 4931 926 16187 16187 16187 16187 16187 16187 16187 16187 16187 16187 16187 16187
4776 4267 8084 16187 11553 771 12233 6683 8781 12495 16187 830 9070 4931 16187 16187
4776 5138 4931 926 16187 1097 16187 10967 4776 10418 16187 6535 10355 16187 16187 16187
11943 16187 16187 16187 16187 16187 16187 16187 16187 16187 16187 16187 16187 16187 16187 16187
3842 1919 12127 926 3177 5937 1750 16187 12349 13348 16187 16187 16187 16187 2563 16187
4776 10418 8710 5695 2837 14180 4776 712 14237 4776 14596 8710 6070 13074 16187 16187
7740 926 8712 15978 4776 5033 3177 6259 1138 926 5711 5346 9070 16187 16187 16187
9036 3171 2563 16187 12495 1435 16187 12495 16187 12576 16187 12008 4776 8521 16187 16187
7740 926 8712 15978 4776 5033 3177 6259 1138 926 5711 5346 9070 16187 13348 16187
14272 4776 6286 9498 4325 7669 2598 16187 16187 16187 16187 16187 16187 16187 16187 16187
14272 4776 6286 9498 4325 7669 2598 16187 16187 8719 16187 2598 16187 16187 16187 2598
4776 284 14776 16139 16187 4406 15939 926 16187 8710 4776 3257 16187 16187 5358 16187
14776 6011 6259 12887 14043 6259 13720 15897 2598 16187 16187 16187 16187 16187 16187 16187
4552 5329 1453 10094 12233 2552 3171 10033 8268 8712 8710 8594 830 10094 16187 16187
7001 2552 16187 8712 8726 6011 11553 8712 15881 14635 3177 14029 16187 4832 16187 16187
11598 8268 926 8268 14237 4780 2451 15597 14465 16074 16187 16187 16187 16187 16187 16187
3842 1957 14180 1737 16187 16187 14397 9382 926 16187 16187 16187 15202 16187 16187 16187
4325 14776 7367 14237 14272 4325 1436 13216 16187 16187 8719 5463 4927 16187 16187 14518
7740 973 5329 4776 2494 14043 4776 2353 8268 12008 10501 3177 9070 11021 1229 16187
7740 973 5329 4776 2494 14043 4776 2353 8268 12008 10501 3177 9070 11021 1229 16187
7740 973 1378 3177 9743 15695 16187 2552 8719 6259 1583 8719 926 16187 13999 779
14069 5867 569 3177 11608 8726 6011 11889 5463 14634 3177 9424 16187 16187 16187 16187
14069 5867 569 3177 11608 8726 6011 11889 5463 14634 3177 9424 16187 779 12820 2894
5297 6070 630 6259 8974 14237 1860 3177 8457 8268 4240 14180 5713 1243 16187 16187
8712 8710 6748 6259 2049 3177 1110 830 14180 3010 16187 16187 16187 16187 16187 16187
3842 1957 14180 1737 16187 16187 8268 14397 926 16187 16187 16187 1954 2053 926 3994
8712 8710 6748 6259 2049 3177 1110 830 14180 3010 16187 926 16187 16187 16187 8069
16146 512 5463 8268 14069 8710 14691 1126 12233 1436 11953 3171 2563 16187 16187 16187
14411 8268 91 5867 4776 8662 4152 1019 13907 4776 6173 13501 4776 14001 16187 16187
6826 13181 14395 5463 6011 9884 2543 830 5430 2598 16187 16187 8719 9431 16187 16187
4776 8662 14596 8710 10710 16187 16187 16187 16187 16187 16187 16187 16187 16187 16187 16187
4776 4267 8084 16187 11553 771 15525 14180 5463 983 9084 15389 6672 12233 7925 16187
4776 8662 14596 8710 10710 16187 16187 14237 7740 1436 7740 15956 6173 16187 926 16187
1378 8268 8712 5867 6259 10355 10033 11953 4932 16187 16187 16187 16187 16187 16187 16187
4267 3177 14180 4776 2946 926 926 16187 16003 16187 12349 16187 15909 16187 16187 1885
1378 8268 8712 5867 6259 10355 10033 11953 4932 16187 16187 7558 13348 16187 3865 2053
8712 5867 12431 6826 15174 10211 7810 3491 3177 1378 926 926 16187 16187 16187 16187
8712 5867 11789 5433 12233 7975 1413 4240 9316 8712 16187 8093 16187 16187 6011 16187
8712 5867 12431 6826 15174 10211 7810 3491 3177 1378 926 926 16187 10033 16187 16187
14635 3177 6259 10887 14351 8268 4552 9754 6011 9429 2598 16187 16187 16187 16187 16187
203 1597 13720 1244 11553 6259 15897 12349 830 926 14237 6259 11715 2598 16187 16187
12276 1453 8719 11789 12127 4927 8268 6259 10833 8719 14112 6215 16187 16187 15096 4924
4537 15 1957 6826 3177 14734 10093 16105 9070 11728 16187 16187 16187 16187 16187 16187
4537 3644 9754 8467 12233 3249 14029 16187 14734 5415 1019 926 6173 16187 8796 16187
4537 1955 15096 1955 6011 14776 3562 9591 12233 10603 8712 16187 16187 830 4776 16187
6173 14237 3847 14691 16187 16187 16187 16187 16187 16187 16187 16187 16187 16187 16187 16187
6173 14237 3847 14691 16187 91 12233 4776 10894 16187 16187 16187 7740 4931 16187 16187
6173 16187 12260 11553 926 12233 4924 6259 926 14237 830 926 16187 16187 16187 926
15843 10566 1133 13280 8268 7926 3847 9754 926 8712 14237 9745 1120 16187 16187 16187
3842 1957 14180 1737 16187 9339 8710 6259 926 5711 16187 16187 9004 2563 16187 16187
8069 5747 3364 5329 11553 10471 8270 16187 10315 6259 6140 950 16187 12349 1378 16187
15662 8229 12233 195 14564 13603 2858 4994 2598 16187 16187 16187 16187 16187 16187 16187
15662 8229 12233 195 14564 13603 2858 4994 2598 16187 16187 16187 16187 9640 15658 7926
14180 3177 4312 9498 7877 10355 16187 16187 15890 2128 3171 1919 16187 8185 16187 16187
1543 4552 6011 9429 5463 12706 779 12766 2598 16187 16187 16187 16187 16187 16187 16187
1543 4552 6011 9429 5463 12706 779 12766 2598 16187 16187 2563 16187 16187 2563 11953
5332 8268 7740 9429 12233 13832 16187 4537 5867 8712 16187 3098 16187 16187 16187 4406
3171 10033 12181 12233 926 5463 10166 12436 16187 16187 16187 16187 16187 16187 16187 16187
3842 3171 16187 16187 2563 16187 3364 11553 16187 8270 16187 9925 13906 16187 16187 16187
3171 10033 12181 12233 926 5463 10166 12436 16187 12495 16187 16187 12233 9887 1919 4776
926 926 8268 720 1019 926 12296 13348 16187 16187 16187 16187 16187 16187 16187 16187
926 926 8268 720 1019 926 12296 13348 16187 13887 16187 6259 8344 16187 16187 16187
926 926 8268 720 1019 926 1019 926 6173 8710 926 16187 2598 16187 16187 16187
4776 834 1045 11558 1819 5463 15632 8467 12233 11889 14180 3171 3575 16187 16187 16187
4776 834 1045 11558 1819 5463 15632 8467 12233 11889 14180 3171 3575 16187 16187 11889
4776 834 1045 1778 5463 1865 4776 10033 8268 7740 11553 12233 926 16187 16187 16187
8712 5867 5329 7345 7810 8268 12008 8712 5867 10355 830 6011 16187 16187 16187 16187
8712 5867 5329 3554 12233 2823 6259 10024 2563 16187 16187 16187 16187 16187 16187 16187
8712 5867 4537 8213 16187 16187 1436 11953 8712 16187 9736 16187 16187 1378 16187 16187
14237 4311 7926 6253 12233 3940 1885 12233 6358 8630 926 16187 16187 16187 16187 16187
14237 4311 7926 6253 12233 3940 1885 12233 6358 8630 926 16187 16105 1885 2598 16187
14237 13089 6011 12650 8712 8268 6011 188 12233 9605 8712 16187 14043 15525 13348 16187
4776 11998 3942 1919 3171 10033 8710 4776 12364 14237 12013 16187 16187 16187 16187 16187
4776 11998 3942 1919 3171 10033 8710 4776 12364 14237 12013 16187 2563 16187 16187 16187
4776 564 9424 11953 3171 2563 8710 4776 3398 1146 14457 16187 16187 16187 16187 954
7740 15956 8268 15978 7740 3644 9754 4552 8712 16187 16187 16187 16187 16187 16187 16187
7740 15956 8268 15978 7740 3644 9754 4552 8712 16187 1229 630 5463 16187 2326 16187
7740 11530 8712 13348 16187 13348 16187 13348 16187 15202 10036 929 13348 16187 2526 7740
926 3927 6259 10566 13074 14237 11240 11434 3177 926 1440 16187 16187 16187 16187 16187
3842 1919 12127 926 3177 5937 1750 16187 12349 4311 8268 926 16187 14180 16187 16187
926 12046 12233 926 14237 4776 2687 8428 16187 7742 16187 16187 11839 16187 6535 16187
4776 149 14278 3366 3588 8710 10355 16187 16187 16187 16187 16187 16187 16187 16187 16187
4776 15024 14776 12958 6672 16187 16187 10373 3194 2858 13361 16187 16187 16187 16187 16187
4776 149 14278 3366 3588 8710 10355 16187 16187 6500 16187 16187 15096 14237 6683 6535
10941 665 9004 6070 926 8268 12008 7926 4931 15819 16187 16187 16187 16187 16187 16187
3842 11889 4776 15064 8268 4552 9754 4537 15956 16187 5948 16187 16187 16187 16187 16187
4776 10418 14237 926 3177 4776 9339 12835 8710 6535 10355 16187 16187 16187 16187 16187
3171 2563 8710 6070 8268 6070 10355 16187 16187 16187 16187 16187 16187 16187 16187 16187
3171 2563 8710 1378 3177 9743 8185 5463 8710 1229 8569 8712 5867 8569 16187 16187
3171 2563 8710 1378 3177 4312 16187 7742 8268 1955 4776 10501 16187 16187 2823 4776
12008 1955 6259 10033 8712 10716 8086 16187 16187 16187 16187 16187 16187 16187 16187 16187
12008 1955 6259 10033 8712 10716 8086 16187 16187 9884 10471 8719 15597 16058 16187 16187
12008 1955 6259 10033 8712 10716 8710 6297 16187 2837 4776 10442 16187 16187 4931 16187
6011 8270 5329 2823 11510 2903 5937 8181 13348 5711 16187 16187 16187 16187 16187 16187
6011 15956 8268 5937 5286 84 8157 16187 2615 3177 13244 5867 2148 16187 512 926
6011 4628 16187 8781 6259 830 8712 6888 14237 4776 2353 16187 926 16187 16187 16187
13942 5463 926 779 1138 6422 5711 16187 16187 16187 16187 16187 16187 16187 16187 16187
4267 926 4776 15064 3177 1390 16187 15096 12467 16187 5332 16187 2689 16187 11889 9070
14734 9313 4125 11657 16187 12233 4776 2563 16187 14350 16187 16187 16187 10571 16187 16187
4776 8569 1543 4552 7740 5522 16187 16187 16187 16187 16187 16187 16187 16187 16187 16187
4776 8569 1543 4552 7740 5522 16187 4776 9790 8258 4776 926 4927 16187 16187 926
4776 284 14776 16139 16187 4406 13839 16187 10355 16187 16187 16187 14397 9736 16187 16187
1138 11382 8268 3171 8710 6259 3098 2563 5711 8268 7926 8592 16187 16187 16187 16187
1138 8704 2225 4609 5711 4931 6259 926 16187 10770 16187 16187 9483 16187 12650 16187
1138 2907 926 926 5711 8710 6259 7613 11953 8794 2051 16187 14180 1778 16187 926
4776 10418 8719 8944 8428 8710 2446 11759 1126 16187 16187 16187 16187 16187 16187 16187
4776 10418 8719 3171 2563 8710 10913 926 8268 4776 2601 16187 6601 1378 8069 2148
4776 10418 8719 8944 8428 8710 2446 11759 1126 16187 926 16187 7740 16187 16187 16187
4776 2309 3513 8710 5462 926 2837 1948 6155 3177 12916 14237 7949 16187 16187 16187
4776 4267 8084 2563 8084 16105 16187 11401 8268 14237 8712 6683 1229 926 16187 12349
4776 8213 12286 14237 4776 6730 1919 5092 14237 926 14776 13178 16187 16187 16187 16187
14139 6363 9484 16187 16187 16187 16187 16187 16187 16187 16187 16187 16187 16187 16187 16187
14139 16187 5329 8569 16187 8268 2689 8268 2689 14237 5388 6011 16187 643 16187 16187
14139 6363 9484 16187 6535 8268 10418 1019 12276 926 8710 16187 5543 16187 13429 16187
7742 8268 4032 6259 6683 2552 9563 830 9743 6685 926 13348 13348 13348 16187 16187
9036 3171 2563 16187 12495 1435 16187 14237 2148 11273 16187 8710 5297 926 16187 16187
7742 8268 5463 5867 4776 926 5867 830 6011 16187 16187 16187 11889 16187 16187 7970
8710 926 8270 13348 16187 16187 16187 16187 16187 16187 16187 16187 16187 16187 16187 16187
8710 926 1390 1079 3335 2598 16187 3435 2598 16187 643 16187 2598 16187 16187 16187
8710 926 8270 13348 16187 3137 10887 8656 16187 16187 16187 16187 16187 16187 16187 16187
13825 13461 12233 1453 12349 4776 1787 1919 6259 16067 202 16187 16187 16187 16187 16187
1209 16187 393 12233 10751 8268 11889 12273 926 926 16187 16187 16187 16148 16187 16187
4624 2552 6826 3177 4776 926 926 8712 14237 779 12233 2823 926 16187 16187 16187
926 9964 12233 10497 1383 1019 11087 6173 9491 926 926 1375 16187 16187 16187 16187
3842 11889 4776 12012 13348 16187 12723 6197 16187 4404 8719 6259 2563 16187 91 16187
926 9964 12233 10497 1383 1019 11087 6173 9491 926 926 1375 16187 1019 926 6173
1229 7926 12260 2823 6170 8268 7248 9107 6306 1919 926 16187 16187 16187 16187 16187
5329 8268 12008 13989 16187 9813 8630 4776 2563 16187 16187 16187 1957 4776 6070 10442
1229 7926 14352 1543 926 8710 10299 10967 16187 16187 16187 16187 16187 16187 16187 16187
4776 2550 4440 14776 6259 10862 16113 6259 4019 16187 16187 16187 16187 16187 16187 16187
4776 4267 8084 16187 8084 11553 7926 8268 1919 3908 2598 16187 16187 2598 16187 16187
4776 8794 877 14776 8727 14043 7661 926 8710 4537 4537 4537 1955 926 16187 16187
13616 8268 4325 7661 8855 1919 14680 15217 8268 12008 5463 5867 11953 8712 16187 16187
8726 4325 9084 8268 4325 13710 8712 16187 450 8268 8719 13592 10501 3177 4776 10033
8726 5808 3364 15002 6826 13164 4311 926 12187 7740 6635 8712 13348 13348 16187 926
7001 926 13348 13348 13348 16187 16187 16187 16187 16187 16187 16187 16187 16187 16187 16187
7001 13317 16187 15358 16187 14237 4537 6683 2148 12233 9178 1919 14734 10033 16187 16187
7001 926 13348 13348 13348 16187 1449 16187 16187 16187 11889 16187 8456 11889 888 16187
7740 4931 15 830 15389 12606 14237 926 9743 1957 4776 2588 1033 16187 16187 16187
9036 3171 2563 16187 12495 12495 15096 16187 12349 10288 5388 16187 926 16187 926 16187
7740 973 1378 3177 4776 15335 15658 6297 4531 3171 12007 16187 16187 2326 16187 16187
1229 7740 1959 4776 1754 1919 5328 1954 10211 8268 15649 4931 9591 16187 16187 16187
9036 3171 2563 16187 12495 12495 15096 16187 2148 5332 1955 12349 7740 9429 16187 3609
1229 7740 5476 1885 13988 830 4776 2616 8719 3171 2563 16187 16187 6535 16187 14237
4776 7310 284 14776 2446 6259 10602 14237 5218 4189 13907 9604 16187 16187 16187 16187
4776 7310 284 4552 4776 2563 6527 16187 10918 8719 14734 926 16187 16187 16187 16187
4776 7310 284 14776 2446 6259 10602 14237 5218 4189 13907 9604 16187 16187 16187 11953
3171 8710 6259 8882 13811 12008 5332 7740 2552 15096 9029 16187 16187 16187 16187 16187
3171 8710 4776 14635 3177 10033 5463 5208 926 5293 926 16187 16105 16187 9887 8719
3171 8710 6259 11041 7178 3177 5326 16187 9264 5326 14237 12092 3766 16187 14237 4776
6011 5208 9036 3171 1378 8719 15165 9850 9484 16187 16187 16187 16187 16187 16187 16187
6011 5208 9036 3171 1378 8719 15165 9850 9484 16187 12349 16187 15202 10036 16187 16187
6011 11530 926 14237 5713 9577 12835 14776 7742 8268 1955 7742 16187 16187 16187 16187
5463 5867 816 7740 8592 8712 16187 16187 16187 16187 16187 16187 16187 16187 16187 16187
5463 5867 816 9155 5530 13348 16187 3286 6259 4779 4931 2446 14069 3112 1954 9332
5463 5867 816 7740 8592 8712 16187 1110 16187 16187 16187 10471 2563 16187 16187 2500
7740 9004 10501 3177 4776 3384 14237 2479 12276 12224 1919 9743 3177 4776 2946 16187
7740 9004 9625 16187 7168 1955 6259 10033 8719 926 16187 16187 16187 16187 16187 16187
7740 11530 4776 12835 16187 1344 1750 3177 4776 10033 16187 16187 16187 16187 16187 16187
7740 4552 5329 2552 8712 14237 6011 820 926 9070 13348 16187 16187 16187 16187 16187
8726 6011 188 12233 2552 4404 8157 3177 84 8268 4311 12650 3171 10033 16187 5580
7740 4552 16187 12008 8719 5463 8712 4931 1954 1138 6011 15956 5711 16187 16187 15096
8712 4931 6259 10770 2563 14237 4531 8712 16187 16187 16187 16187 16187 16187 16187 16187
8712 4931 6056 16187 16187 2719 8268 6011 15956 16187 16187 10671 16187 926 16187 16187
8712 4931 6259 5948 3177 10770 16187 4537 6259 3098 2563 8268 16187 16187 16187 16187
7740 9884 7807 14180 12276 13988 830 14745 16187 16187 16187 16187 16187 16187 16187 16187
7740 9884 7807 14180 12276 13988 830 14745 16187 16187 14734 8456 16187 16187 926 16187
7740 9884 7902 6259 13199 1919 14634 5867 4189 16187 16187 16187 16187 5329 16187 16187
7926 15046 12233 2186 5463 1430 8710 8858 16187 16187 16187 16187 16187 16187 16187 16187
7926 3847 5329 188 12233 9085 13592 2148 16187 512 1157 6672 16187 16187 16187 16187
7926 15881 6011 4998 816 3748 4776 926 14237 6011 8093 6133 5937 8661 16187 16187
8712 4537 11921 12233 11553 6826 8846 8719 14069 16187 16187 16187 16187 16187 16187 16187
8712 4537 11921 12233 11553 6826 8846 8719 14069 16187 6683 630 12233 4409 16187 10918
8712 4537 243 1515 14237 1515 14237 1515 137 8712 9063 14000 16187 16187 10967 4776
4624 2552 1885 8360 1919 10299 2858 1885 16058 6550 4776 5949 12291 3177 9665 16187
4624 14180 11553 14966 11953 203 8712 5867 12601 14029 4776 8588 771 16187 308 16187
4624 2552 14734 7764 8268 14734 11700 8268 14734 5505 8268 14734 3848 16187 14745 16187
4776 12529 3384 14539 7586 6355 3177 926 5001 926 8719 10988 16187 16187 16187 16187
4776 4267 8084 16187 11553 771 1954 10915 926 4776 477 8719 12276 10442 16187 16187
4776 14046 14776 9563 926 2837 3171 6152 6238 16187 4537 16187 16187 1138 926 5711
7740 2446 3017 3117 1133 830 4776 10566 10501 16187 16187 16187 16187 16187 16187 16187
7740 8313 8268 8710 5463 10518 12233 2823 4776 10878 926 14043 14272 2598 16187 16187
7740 2446 3017 3117 1133 830 4776 10566 10501 16187 7742 16187 16187 16187 7742 16105
12 8710 15525 3177 12538 16187 16187 16187 16187 16187 16187 16187 16187 16187 16187 16187
3842 16187 16187 1737 8268 4776 6499 4776 14792 10603 16187 8185 16187 8270 16187 12495
1378 15525 3177 14255 8710 11953 14255 12291 12495 3192 16187 8974 16187 2563 16187 2296
9450 4552 4325 15956 5463 6259 5548 10072 1627 8710 926 15274 12233 10951 5530 16187
3842 16187 16187 1737 8268 14180 8268 12349 4776 6499 16187 16187 926 16187 16187 16187
13089 15846 8712 12298 2598 16187 16187 12717 2598 16187 830 6071 2598 16187 16187 14734
5463 8710 13250 926 16187 16187 16187 16187 16187 16187 16187 16187 16187 16187 16187 16187
5463 8710 13250 926 16187 8712 16187 10373 3194 2858 926 16187 16187 6304 16187 10036
5463 8710 13250 926 16187 8712 5867 1954 817 9290 16187 16187 11401 16187 16187 16187
926 926 14776 4776 10217 12314 15907 830 15597 4949 2560 3177 6259 9766 11897 16187
926 4776 8656 8858 8936 8719 926 5867 10397 9498 6535 13178 16187 16187 16187 16187
926 4776 8656 8858 1787 4776 8368 926 12233 926 4585 1597 16187 16187 16187 926
8712 8710 1954 926 12233 4776 2285 173 3177 14766 14237 14769 16187 16187 16187 16187
3842 1957 14180 1737 16187 16187 16187 14397 4626 1957 6259 12298 16187 16187 16187 12495
8712 8710 1954 11707 8974 14237 779 14180 14069 5867 6070 9450 12233 16187 16187 5942
8213 6161 10033 5463 14180 5208 12149 1903 1919 6850 14237 10710 12899 16187 16187 16187
3842 16187 16187 1737 8268 4776 6499 4776 14792 10603 16187 16187 16187 16187 16187 16187
3098 10418 10967 10394 7248 4776 5121 13839 16187 15819 10418 16187 16187 16187 16187 16187
4776 6664 10036 8268 13084 12732 8268 8712 5867 7742 13663 16187 16187 16187 16187 16187
4776 6664 8710 4537 7594 16187 14237 8712 9447 12349 6259 9450 10894 16187 16187 16187
4776 6664 10036 8268 13084 12732 8268 8712 5867 7742 13663 16187 12835 16187 11889 16187
9484 9484 3171 8710 8162 15480 16187 16187 16187 16187 16187 16187 16187 16187 16187 16187
9036 3171 2563 16187 12495 12495 15096 16187 12349 16187 7740 9429 16187 16187 12349 6259
9484 9484 3171 8710 8162 15480 16187 14237 6259 9450 16187 6140 16187 16187 16187 16187
4776 13607 8710 8268 12233 6381 8712 926 8268 14231 16187 16187 16187 16187 16187 16187
4776 13607 8710 11692 16187 5568 14734 1378 8808 16187 15840 11401 16187 16187 926 16187
4776 13607 8710 8268 12233 6381 8712 926 8268 11075 926 16187 16187 16187 5543 16187
6011 11553 9754 8466 6915 926 14029 1583 137 6011 12650 3171 2563 16187 16187 16187
6011 11553 12766 11409 16187 9872 8726 6011 11031 16187 9890 5711 16187 16187 16187 16187
6011 11465 16187 6259 13129 926 12233 4776 926 14237 1597 926 13839 16187 3908 2837
4325 14180 9577 4776 6722 3177 926 14237 2446 8139 1167 16187 16187 16187 16187 16187
4325 9084 9754 8069 2327 12233 13099 2903 14180 4776 7812 3609 16187 926 16187 16187
4325 14180 9577 4776 6722 3177 926 14237 2446 8139 1167 16187 16187 16187 16187 16187
1378 3177 4776 10566 15010 14237 11530 6120 8084 8719 4776 8185 16187 16187 16187 16187
1378 3177 4776 4267 1133 7740 9884 8084 8466 16187 16187 16105 16187 16187 8719 643
1378 3177 4776 10566 854 926 14237 7438 8084 6381 14029 1583 16187 16187 926 16187
7740 8309 2858 4776 8213 1909 9290 8268 14237 8712 926 12276 12362 16187 16187 16187
7740 8309 2858 4776 10033 5329 13616 14272 12233 14518 16187 16187 16187 10373 3194 2858
7740 11530 4776 315 6423 3171 10033 16187 16187 4949 16187 926 16187 926 16187 16187
7740 2326 6635 3171 2563 16187 16187 16187 16187 16187 16187 16187 16187 16187 16187 16187
7740 2326 9084 11889 4776 817 10397 8268 12716 16187 2823 1378 3177 4776 2365 16187
7740 2326 6635 3171 2563 16187 926 16187 926 16187 926 16187 16187 16187 1957 14734
5713 9288 13081 11889 5820 15272 14237 684 15597 14465 1344 3917 16187 16187 16187 16187
5713 14776 9339 12835 8268 7740 14470 11870 16187 4776 2563 16187 8270 16187 16187 16187
5713 14776 5176 5570 12835 5463 1378 5208 2326 5407 11953 16187 16187 16187 16187 16187
8712 8710 4776 6384 11238 15658 13549 4776 10566 9643 9534 9689 4776 2175 12738 16187
3842 1957 14180 1737 16187 16187 14397 14397 15649 9290 16187 16187 13348 16187 16187 16187
8712 8710 4776 6384 11238 15658 13549 4776 10566 9643 9534 9689 4776 2175 12738 16187
7740 5297 11553 9754 2308 15525 16187 16187 16187 16187 16187 16187 16187 16187 16187 16187
7740 5297 11553 9754 2308 15525 16187 13616 8712 14069 16187 14691 8719 4776 9431 16187
7740 5297 3644 9754 7001 12233 12650 4312 14029 16187 14029 16187 16187 16187 16187 16187
3171 8710 203 6259 1747 3460 8710 16105 2598 16187 16187 16187 16187 16187 16187 16187
3171 4931 9754 4949 16187 16187 9563 9780 16187 12291 8719 4776 2563 16187 926 13348
3171 4931 10770 8268 14237 5906 16187 6601 4776 10566 8662 10686 16187 16187 8268 926
4776 6683 3177 4776 10033 8710 8692 16187 16187 16187 16187 16187 16187 16187 16187 16187
4776 6683 3177 4776 10033 8710 8692 16187 795 16187 16187 10373 12650 16187 12669 6259
4776 3384 1957 926 5867 10397 8710 8124 16187 16187 11772 6259 5217 16187 10373 3194
9264 12198 12478 16187 16187 16187 16187 16187 16187 16187 16187 16187 16187 16187 16187 16187
9264 2856 1919 13084 7314 11779 16187 16187 16187 16187 16187 2002 16187 16187 10418 14237
9264 16187 14237 9264 9540 16187 8268 14237 15 830 6259 14217 16187 14635 3177 3282
4776 3187 14237 926 926 4851 9450 4536 12233 4776 926 926 16187 16187 16187 16187
3842 1919 12127 926 3177 5937 1750 16187 12349 13348 16187 16187 16187 16187 13348 16187
4776 8226 1138 5602 14237 14164 5711 2765 926 4776 13103 16187 8270 14237 16187 5217
7345 1398 14113 14237 14834 12387 8719 4464 3177 926 926 16187 16187 16187 16187 16187
4267 926 4776 15064 3177 1390 16187 15096 12467 16187 5332 16187 2689 16187 11889 9070
8069 6259 11401 929 7740 5297 9429 8712 5867 8270 512 926 13348 16187 16187 16187
926 10077 12233 12102 926 926 11179 8719 15597 8185 4537 12233 9605 2148 926 16187
3842 11889 8712 5867 2023 6011 8913 12233 13931 6011 16187 16187 6011 16187 16187 16187
926 10077 12233 12102 926 926 11179 8719 15597 8185 4537 12233 9605 2148 926 16187
7926 5867 144 16187 16187 16187 16187 16187 16187 16187 16187 16187 16187 16187 16187 16187
7926 5867 5329 14069 8798 16187 14734 10026 12233 830 4776 1583 16187 16187 16187 16187
7926 5867 144 16187 3098 10344 926 926 8268 14237 926 926 12233 926 16187 16187
14237 5463 8710 13089 8712 15881 2148 5906 16187 16187 16187 16187 16187 16187 16187 16187
14237 5463 5867 7401 14272 11921 16187 6713 16187 4325 16187 816 16187 16187 9442 16187
14237 5463 5138 5208 13758 6070 12767 926 12349 4832 8719 6826 10469 16187 14745 16187
14029 4776 12990 8311 4776 2221 8710 1175 16187 16187 16187 16187 16187 16187 16187 16187
10242 3177 15041 14426 5867 11331 14093 8200 16187 4537 8719 4776 5358 16187 1167 16187
8719 12276 10442 16187 6259 1110 8268 12716 8268 7740 926 16187 16187 16187 9591 16187
7740 973 5568 11169 8712 1954 10619 15978 7740 9429 4776 9955 8309 2554 16187 16187
7740 973 5329 13616 4776 10033 15846 4552 4776 9790 16187 926 16187 16187 926 16187
7740 973 14364 4776 12616 4931 6259 6140 8808 16187 8084 16187 5358 14237 10336 14237
8712 8710 6259 6070 9332 4779 8268 15649 8710 7456 12233 13229 9455 16187 16187 16187
3842 1957 14180 1737 16187 16187 8268 14397 926 14237 926 11553 16187 16187 16187 16187
8712 8710 6259 6070 9332 4779 8268 15649 8710 7456 12233 13229 9455 16187 16187 16187
4325 8733 3171 10033 6826 14272 2148 5812 9850 15525 3177 9484 16187 16187 16187 16187
3842 16187 16187 1737 8268 14180 8268 12349 4776 6499 16187 16187 16187 16187 16187 16187
6173 6011 771 12233 11553 9594 582 2451 13546 15358 16187 14043 13501 16187 926 8719
6011 7433 13348 16187 16187 16187 16187 16187 16187 16187 16187 16187 16187 16187 16187 16187
6011 7433 13348 16187 6070 15174 16187 9178 16187 926 16187 16187 16187 10471 13348 16187
6011 7433 13348 16187 6070 15174 16187 1383 12127 14596 3177 926 5867 16187 16187 16187
8712 8710 2326 6259 13129 10033 5084 1955 1954 5052 4219 16187 16187 16187 16187 16187
8712 8710 5329 4776 14635 3177 2563 5463 15846 10669 14180 15472 16187 16187 16187 5820
8712 8710 2326 14029 4776 1787 13021 13182 16187 14230 14237 2176 16187 16187 16187 16187
926 9084 11553 1378 2148 15427 926 3177 6259 9534 12576 16187 16187 16187 16187 16187
3842 16187 16187 1737 8268 14180 8268 12349 4776 6499 16187 16187 16187 16187 16187 926
926 9084 11553 1378 2148 15427 926 3177 6259 9534 12576 16187 16187 16187 11889 16187
12459 4537 6381 9170 8719 926 14397 4311 2984 4312 2196 2903 11889 8440 3168 16187
3842 1957 14180 1737 16187 12467 16187 8584 12233 4776 308 16187 16187 16187 16187 16187
14180 7740 5208 1436 8710 5463 7740 4931 6070 16187 16187 16187 16187 7742 11889 16187
