8796 8268 4311 6259 5 5365 13720 8268 4311 7288 3177 926 8500 12135 16187 16187
3842 3171 2856 11889 4776 1383 16187 7981 14237 14069 8710 13084 16146 16187 5217 16187
7740 11530 8712 16187 8719 12276 11021 5463 926 8710 6297 6259 1948 16187 16187 16187
1133 11889 3171 4325 4537 4552 9754 8733 6713 16187 16187 16187 16187 16187 16187 16187
3842 3171 2856 11889 4776 1383 16187 12349 4776 10217 16187 2563 16187 1954 817 16187
7740 11530 8712 16187 8719 12276 11021 5463 926 8710 6297 6259 1948 16187 16187 16187
6011 9137 830 8712 16187 16187 16187 16187 16187 16187 16187 16187 16187 16187 16187 16187
3842 3171 2856 11889 4776 1383 16187 926 8710 6259 6071 6259 8974 16187 10770 16187
7740 11530 8712 16187 8719 12276 11021 5463 926 8710 6297 6259 1948 16187 16187 16187
2115 3575 16187 16187 16187 16187 16187 16187 16187 16187 16187 16187 16187 16187 16187 16187
3842 3171 2856 11889 4776 1383 16187 7981 14237 14069 8710 13084 16146 16187 5217 16187
4776 10418 8710 14691 14426 3177 4858 16187 16187 817 16187 16187 16187 10953 16187 9442
1909 9290 12431 4776 9790 11401 16187 16187 16187 16187 16187 16187 16187 16187 16187 16187
3842 3171 2856 11889 4776 1383 16187 926 8710 6259 6071 6259 8974 16187 10770 16187
7740 11530 4776 11773 8268 800 13094 3177 4776 14596 91 16187 4687 16187 926 13348
926 779 6535 10355 926 5509 830 6259 10518 16187 16187 16187 16187 16187 16187 16187
3842 3171 2856 11889 4776 1383 16187 7981 14237 14069 8710 13084 16146 16187 5217 16187
926 16187 11916 16187 4776 5568 1955 4776 926 14596 16187 16187 8781 16187 16187 12349
3774 926 7733 4776 9577 1919 14734 10567 8268 7134 14237 4381 2033 16187 16187 16187
3842 3171 2856 11889 4776 1383 16187 12349 4776 10217 16187 2563 16187 13141 16187 16187
926 16187 11916 16187 4776 5568 1955 4776 926 14596 16187 16187 8781 16187 16187 10217
7926 5867 11788 15978 7926 926 12233 1750 6259 2199 1020 16187 16187 16187 16187 16187
3842 3171 2856 11889 4776 1383 16187 12349 4776 10217 16187 2563 16187 13141 16187 16187
7926 8710 4868 8719 3171 2563 16187 12852 16187 6259 926 16187 16187 14125 16187 816
8719 3511 8712 3847 8719 6259 4927 3951 12233 4776 7377 3177 4776 308 16187 16187
3842 3171 2856 11889 4776 1383 16187 12349 4776 10217 16187 2563 16187 1954 817 16187
12008 4776 10418 8710 926 16187 15982 14237 4776 12835 8710 13074 16187 16187 4142 13074
1019 9450 9030 3177 7443 8268 4776 926 6173 16187 16187 16187 16187 16187 16187 16187
3842 3171 2856 11889 4776 1383 16187 12349 4776 10217 16187 2563 16187 13141 16187 16187
7740 11530 4776 11773 8268 800 13094 3177 4776 14596 91 16187 4687 16187 926 13348
9574 6363 16187 16187 16187 16187 16187 16187 16187 16187 16187 16187 16187 16187 16187 16187
3842 3171 2856 11889 4776 1383 16187 7981 14237 14069 8710 13084 16146 16187 5217 16187
6173 16187 63 9296 8712 2326 8710 6259 9450 10033 16187 6280 771 12233 926 16187
15662 3847 7751 14716 8719 4776 2563 2598 16187 16187 16187 16187 16187 16187 16187 16187
3842 3171 2856 11889 4776 1383 16187 7981 14237 14069 8710 13084 16146 16187 5217 16187
4776 10418 8710 14691 14426 3177 4858 16187 16187 817 16187 16187 16187 10953 16187 9442
6664 14237 2122 3785 11289 8268 1919 7596 926 4776 16146 16187 16187 16187 16187 16187
3842 3171 2856 11889 4776 1383 16187 926 16187 779 12766 1954 12349 4776 2221 16187
4776 10418 8710 5580 12328 16187 16187 5509 16187 926 16187 16187 16187 15840 14237 926
8726 6011 3841 926 8268 6011 6407 8712 16187 16187 16187 16187 16187 16187 16187 16187
3842 3171 2856 11889 4776 1383 16187 12349 4776 10217 16187 2563 16187 13141 16187 16187
12008 8712 5867 5297 4032 9316 16187 14237 8712 10671 16187 5329 6259 6071 16187 983
10566 3177 4776 2563 8710 10827 5967 12233 13317 15525 15658 5341 1866 8710 16187 16187
3842 3171 2856 11889 4776 1383 16187 7981 14237 14069 8710 13084 16146 16187 5217 16187
4776 10418 8710 12489 14708 16187 11772 12739 7003 2894 3177 4776 2563 16187 16187 16187
1955 830 5713 8268 7742 8268 4325 11031 4776 2563 5867 1097 16187 16187 16187 16187
3842 3171 2856 11889 4776 1383 16187 7981 14237 14069 8710 13084 16146 16187 5217 16187
12008 4776 10418 8710 926 16187 8069 7076 3177 4776 926 16187 16187 926 16187 926
91 8710 1543 5937 8456 4931 926 926 16187 16187 16187 16187 16187 16187 16187 16187
3842 3171 2856 11889 4776 1383 16187 926 8710 6259 6071 6259 8974 16187 926 16187
13474 8710 2176 8268 5463 8710 11273 16187 16187 16187 16187 9576 14237 684 2837 5836
1138 4776 9181 5711 8710 6259 10355 2563 11953 4776 5225 3177 926 7405 16187 16187
3842 3171 2856 11889 4776 1383 16187 7981 14237 14069 8710 13084 16146 16187 5217 16187
6173 16187 63 9296 8712 2326 8710 6259 9450 10033 16187 6280 771 12233 926 16187
14139 3418 13348 16187 16187 16187 16187 16187 16187 16187 16187 16187 16187 16187 16187 16187
3842 3171 2856 11889 4776 1383 16187 7981 14237 14069 8710 13084 16146 16187 5217 16187
7740 11530 8712 16187 8719 12276 11021 1229 8712 8710 6297 8270 16187 16187 16187 16187
8712 12232 11553 12766 2148 13929 13348 13348 13348 16187 16187 16187 16187 16187 16187 16187
3842 3171 2856 11889 4776 1383 16187 8733 8712 6683 2148 5812 16187 12349 9484 16187
8712 5867 6259 10355 9203 16187 12008 8268 12008 8712 5867 5297 6535 16187 16187 16187
4776 4152 2326 3112 4776 4472 91 8268 7740 8592 16187 16187 16187 16187 16187 16187
3842 3171 2856 11889 4776 1383 16187 7981 14237 14069 8710 13084 16146 16187 5217 16187
4776 926 8710 10770 12495 16187 12008 10941 665 8719 4776 10501 3177 4776 10033 16187
1750 14069 8710 6259 6070 15147 10033 12805 16187 16187 16187 16187 16187 16187 16187 16187
3842 3171 2856 11889 4776 1383 16187 12349 4776 10217 16187 2563 16187 13141 16187 16187
7740 1110 8712 6348 14180 6378 16187 926 16187 16187 16187 16187 11889 16187 16187 16187
3364 9754 13852 10709 14745 12233 6259 13684 2598 16187 16187 16187 16187 16187 16187 16187
3842 3171 2856 11889 4776 1383 16187 7981 14237 14069 8710 13084 16146 16187 5217 16187
7740 11530 8712 16187 8719 12276 11021 5463 926 8710 6297 6259 1948 16187 16187 16187
12232 9754 6011 2598 16187 16187 16187 16187 16187 16187 16187 16187 16187 16187 16187 16187
3842 3171 2856 11889 4776 1383 16187 8733 8712 6683 2148 5812 16187 12349 9484 16187
12008 8712 5867 5297 4032 9316 16187 14237 8712 16187 2296 16187 830 16187 7612 13348
4776 10418 8710 1482 12008 7542 9196 16187 16187 16187 16187 16187 16187 16187 16187 16187
3842 3171 2856 11889 4776 1383 16187 7981 14237 14069 8710 13084 16146 16187 5217 16187
4776 10418 8710 12489 14708 16187 11772 12739 7003 2894 3177 4776 2563 16187 16187 16187
4776 564 9424 8710 4776 6499 16187 16187 16187 16187 16187 16187 16187 16187 16187 16187
3842 3171 2856 11889 4776 1383 16187 12349 4776 10217 16187 2563 16187 1954 817 16187
4776 10418 8710 12489 14708 16187 11772 12739 7003 2894 3177 4776 2563 16187 16187 16187
4537 5272 12233 8733 6259 926 4240 15715 8712 16187 16187 16187 16187 16187 16187 16187
3842 3171 2856 11889 4776 1383 16187 926 8710 6259 6071 6259 8974 16187 6071 16187
12008 8712 5867 5297 4032 9316 16187 14237 8712 10671 16187 5329 6259 6071 16187 983
6006 4931 12256 16187 16187 16187 16187 16187 16187 16187 16187 16187 16187 16187 16187 16187
3842 3171 2856 11889 4776 1383 16187 926 16187 779 12766 1954 12349 4776 2221 16187
4776 10418 8710 5580 12328 16187 16187 5509 16187 926 16187 16187 16187 15840 14237 926
9084 7740 11889 8712 2598 16187 16187 16187 16187 16187 16187 16187 16187 16187 16187 16187
3842 3171 2856 11889 4776 1383 16187 12349 4776 10217 16187 2563 16187 13141 16187 16187
12008 7740 11553 12233 1436 4776 5393 4776 7970 16187 12650 16187 16187 926 16187 16187
6826 3766 3364 9884 2326 6724 1954 11954 574 16187 16187 16187 16187 16187 16187 16187
3842 3171 2856 11889 4776 1383 16187 7981 14237 14069 8710 13084 16146 16187 5217 16187
4776 10418 8710 14691 14426 3177 4858 16187 16187 817 16187 16187 16187 10953 16187 9442
14180 5867 7742 512 3609 7428 16187 16187 16187 16187 16187 16187 16187 16187 16187 16187
3842 3171 2856 11889 4776 1383 16187 926 8710 6259 6071 6259 8974 16187 926 16187
12008 8712 5867 5297 4032 9316 16187 14237 8712 10671 16187 5329 6259 6071 16187 983
4776 8866 14281 779 6259 14673 14237 6259 926 1019 15658 2446 7076 3405 6173 16187
3842 3171 2856 11889 4776 1383 16187 8733 8712 6683 2148 5812 16187 3356 16187 3108
926 16187 11916 16187 4776 5568 10583 8719 4776 3078 16187 2446 4931 8270 16187 16187
9084 7926 2458 14029 9666 14734 12717 8268 14043 4931 8712 1188 2598 16187 16187 16187
3842 3171 2856 11889 4776 1383 16187 12349 4776 10217 16187 2563 16187 13141 16187 16187
12008 4776 10033 3847 11553 6259 899 8268 8726 10355 284 16187 10355 10418 16187 16187
5332 1919 4776 10355 6826 2122 4440 14776 12256 16187 16187 16187 16187 16187 16187 16187
3842 3171 2856 11889 4776 1383 16187 926 8710 6259 6071 6259 8974 16187 926 16187
12008 4776 10418 8710 926 16187 8069 7076 3177 4776 926 16187 16187 926 16187 6133
4776 8811 8710 14180 3169 16187 16187 16187 16187 16187 16187 16187 16187 16187 16187 16187
3842 3171 2856 11889 4776 1383 16187 12349 4776 10217 16187 2563 16187 13141 16187 16187
4776 926 8710 10770 12495 16187 14237 4776 10418 8710 6070 5543 16187 830 16187 16187
926 8710 7897 3177 9666 6259 5095 12044 14745 8719 4776 10918 16187 16187 16187 16187
3842 3171 2856 11889 4776 1383 16187 12349 4776 10217 16187 2563 16187 13141 16187 16187
926 16187 11916 16187 4776 5568 10583 8719 4776 2563 16187 10104 16187 4776 926 16187
7740 3644 9754 5272 4776 2588 983 7740 1959 6259 10033 11889 3171 1378 16187 16187
3842 3171 2856 11889 4776 1383 16187 926 8710 6259 6071 6259 8974 16187 6071 16187
7740 11530 8712 16187 8719 12276 11021 1229 8712 8710 6297 8270 16187 16187 16187 6011
6259 15335 12028 929 13474 8710 926 4776 10825 5095 16187 16187 16187 16187 16187 16187
3842 3171 2856 11889 4776 1383 16187 7981 14237 14069 8710 13084 16146 16187 5217 16187
4776 10418 8710 14691 14426 3177 4858 16187 16187 817 16187 16187 16187 10953 16187 9442
8719 6259 3384 926 8710 9612 926 16187 16187 16187 16187 16187 16187 16187 16187 16187
3842 3171 2856 11889 4776 1383 16187 926 8710 6259 6071 6259 8974 16187 6071 16187
4776 10418 8710 12489 14708 16187 11772 12739 7003 2894 2563 8268 5906 16187 16187 16187
14069 14776 13084 13991 8776 13943 830 4776 10335 2954 15649 9498 5329 2215 16187 16187
3842 3171 2856 11889 4776 1383 16187 7981 14237 14069 8710 13084 16146 16187 5217 16187
8712 5867 6259 15655 3177 12531 8268 11889 4776 1383 10781 16187 9084 16187 6535 14237
7740 11553 15096 12766 1954 926 3177 926 926 8268 10324 926 14237 926 9563 16187
3842 3171 2856 11889 4776 1383 16187 7981 14237 14069 8710 13084 16146 16187 5217 16187
7740 11530 8712 16187 8719 12276 11021 5463 926 8710 6297 6259 1948 16187 16187 16187
12008 8712 8710 983 14237 9831 6011 4628 9754 2823 16041 10918 16187 16187 16187 16187
3842 3171 2856 11889 4776 1383 16187 12349 4776 10217 16187 2563 16187 1954 817 16187
12008 8712 8710 6259 15493 5916 6011 15846 4261 8268 1549 14237 15349 16187 926 16187
926 8710 6259 1659 926 14237 7926 14237 9653 11553 6259 8888 16187 16187 16187 16187
3842 3171 2856 11889 4776 1383 16187 7981 14237 14069 8710 13084 16146 16187 5217 16187
926 8710 6259 2176 12976 12233 4776 1726 14112 16187 3192 16187 3192 9577 16187 16187
15978 13089 7740 1959 3171 4311 326 1959 4776 926 16187 16187 16187 16187 16187 16187
3842 3171 2856 11889 4776 1383 16187 926 8710 6259 6071 6259 8974 16187 6071 16187
7740 11530 8712 16187 8719 12276 11021 5463 926 8710 6297 6259 1948 16187 16187 16187
4776 9405 284 14776 10355 8268 12008 4776 9405 8710 5329 2519 16187 16187 16187 16187
3842 3171 2856 11889 4776 1383 16187 7981 14237 14069 8710 13084 16146 16187 5217 16187
4776 926 8710 10770 12495 16187 14237 4776 10418 8710 6070 5543 16187 830 16187 16187
7347 5358 13136 16187 16187 16187 16187 16187 16187 16187 16187 16187 16187 16187 16187 16187
3842 3171 2856 11889 4776 1383 16187 12349 4776 10217 16187 2563 16187 1954 817 16187
926 5867 9957 9498 3098 16187 12008 8719 15597 983 2446 14397 9067 10324 8712 16187
8069 16076 926 3644 9754 8467 12233 926 4776 817 926 5867 1592 16187 16187 16187
3842 3171 2856 11889 4776 1383 16187 12349 4776 10217 16187 2563 16187 13141 16187 16187
7740 11530 8712 16187 8719 12276 11021 14237 926 8710 4776 3137 2563 16187 564 16187
7926 8710 5332 5580 6148 16187 16187 16187 16187 16187 16187 16187 16187 16187 16187 16187
3842 3171 2856 11889 4776 1383 16187 8733 8712 6683 2148 5812 16187 3356 16187 3108
8712 5867 6259 10355 9203 16187 12008 8268 12008 8712 5867 5297 6535 10355 16187 16187
3482 779 118 6259 9138 3177 926 16187 16187 16187 16187 16187 16187 16187 16187 16187
3842 3171 2856 11889 4776 1383 16187 7981 14237 14069 8710 13084 16146 16187 5217 16187
7740 11530 8712 16187 8719 12276 11021 1229 926 8268 14237 926 926 16187 16187 7740
7542 8268 6259 100 2563 5463 6245 12233 2823 12233 8172 14237 9084 9754 4189 16187
3842 3171 2856 11889 4776 1383 16187 926 8710 6259 6071 6259 8974 16187 10770 16187
6173 16187 63 983 13348 13348 13348 16187 8081 8556 16187 6070 9431 16187 16187 16187
14237 13474 13539 4776 3491 2837 8349 14734 1315 8503 2858 926 14029 6259 12153 16187
3842 3171 2856 11889 4776 1383 16187 12349 4776 10217 16187 2563 16187 13141 16187 16187
8712 5867 6259 14485 8719 5349 16187 6259 14397 11889 5463 6259 8081 926 16187 2563
1957 4776 7712 8268 9723 771 6259 1710 14237 14823 9925 4963 16187 16187 16187 16187
3842 3171 2856 11889 4776 1383 16187 12349 4776 10217 16187 2563 16187 1954 817 16187
7740 11530 8712 16187 8719 12276 11021 1229 8712 8710 6297 8270 16187 16187 16187 16187
3364 4776 8521 771 12766 14491 14237 630 2148 2598 16187 16187 16187 16187 16187 16187
3842 3171 2856 11889 4776 1383 16187 12349 4776 10217 16187 2563 16187 13141 16187 16187
6173 16187 12260 2823 10399 12233 8152 3171 4776 10033 830 11247 16187 16187 15949 16187
11267 2359 926 5867 5257 3177 9911 8710 2176 8268 11622 16187 16187 16187 16187 16187
3842 3171 2856 11889 4776 1383 16187 12349 4776 10217 16187 2563 16187 1954 817 16187
926 5867 9957 9498 3098 16187 12008 8719 15597 983 2446 14397 926 16187 16187 16187
4776 6664 8710 4537 7594 16187 16187 16187 16187 16187 16187 16187 16187 16187 16187 16187
4776 4152 8710 5329 6852 16187 8719 4776 2563 16187 16187 16187 12127 5328 16187 2664
4776 926 8710 10770 12495 16187 12008 10941 665 8719 4776 10501 3177 4776 10033 16187
5022 1919 6259 15298 2664 8268 3171 12232 11553 12766 6259 5820 926 12518 8974 16187
3842 3171 2856 11889 4776 1383 16187 926 8710 6259 6071 6259 8974 16187 10770 16187
6173 16187 63 983 13348 13348 13348 16187 3137 12507 10967 2837 4776 926 16187 656
14237 830 4776 10566 10501 8268 8712 11900 6070 7742 16187 16187 16187 16187 16187 16187
3842 3171 2856 11889 4776 1383 16187 7981 14237 14069 8710 13084 16146 16187 5217 16187
12008 4776 10418 8710 926 16187 15982 14237 4776 12835 8710 13074 16187 16187 4142 232
4776 8794 9746 9240 8719 6259 5753 7937 3177 14766 16187 16187 16187 16187 16187 16187
3842 3171 2856 11889 4776 1383 16187 7981 14237 14069 8710 13084 16146 16187 5217 16187
4776 10418 8710 12489 14708 16187 11772 12739 7003 2894 3177 4776 2563 16187 16187 16187
1597 10501 3177 11179 15814 9498 4537 1175 16187 16187 16187 16187 16187 16187 16187 16187
3842 3171 2856 11889 4776 1383 16187 8733 8712 6683 2148 5812 16187 12349 9484 16187
4776 10418 8710 14691 14426 3177 4858 16187 16187 817 16187 16187 16187 10953 16187 9442
12650 3171 2563 13348 16187 16187 16187 16187 16187 16187 16187 16187 16187 16187 16187 16187
3842 3171 2856 11889 4776 1383 16187 7981 14237 14069 8710 13084 16146 16187 5217 16187
6173 16187 12260 2823 10399 12233 8152 3171 4776 10033 16187 16187 7970 16187 16187 16187
12650 3171 13089 6011 5208 16187 16187 16187 16187 16187 16187 16187 16187 16187 16187 16187
3842 3171 2856 11889 4776 1383 16187 7981 14237 14069 8710 13084 16146 16187 5217 16187
7740 11530 926 926 8719 3171 16187 13474 16167 926 16187 16187 16187 16187 16187 5568
11719 8268 1954 9332 926 3177 4776 817 14596 14237 4032 9316 16187 16187 16187 16187
3842 3171 2856 11889 4776 1383 16187 7981 14237 14069 8710 13084 16146 16187 5217 16187
7740 11530 8712 16187 8719 12276 11021 5463 926 8710 6297 6259 1948 16187 16187 16187
4776 9594 8719 13546 1873 8710 5329 3257 12008 6259 13736 5810 16187 16187 16187 16187
3842 3171 2856 11889 4776 1383 16187 7981 14237 14069 8710 13084 16146 16187 5217 16187
4776 926 8710 10770 12495 16187 12008 10941 665 8719 4776 10501 3177 4776 10033 16187
14237 8268 6423 4312 5656 6259 9405 16187 16187 16187 16187 16187 16187 16187 16187 16187
3842 3171 2856 11889 4776 1383 16187 7981 14237 14069 8710 13084 16146 16187 5217 16187
14237 7740 9429 7926 15621 16187 16187 8719 4776 2563 16187 9311 16187 16187 16187 16187
4776 443 15658 233 4776 10660 926 8710 4317 10967 5463 4832 5867 926 926 16187
3842 3171 2856 11889 4776 1383 16187 8733 8712 6683 2148 5812 16187 3356 16187 3108
4776 926 14237 926 14776 14370 1957 3098 3369 16187 16187 6535 630 16187 14237 9332
5329 5463 8712 5867 8569 12576 8268 9332 3335 3575 4552 5367 16187 16187 16187 16187
3842 3171 2856 11889 4776 1383 16187 12349 4776 10217 16187 2563 16187 13141 16187 16187
12008 8712 8710 6259 15493 5916 6011 15846 4261 8268 1549 14237 15349 16187 926 16187
1019 8811 926 14192 16187 16187 16187 16187 16187 16187 16187 16187 16187 16187 16187 16187
3842 3171 2856 11889 4776 1383 16187 12349 4776 10217 16187 2563 16187 13141 16187 16187
7740 11530 4776 11773 8268 800 13094 3177 4776 14596 91 16187 4687 16187 10887 9790
3171 2563 8710 6929 12233 4776 10560 8268 12008 5568 13237 1243 929 16187 16187 16187
3842 3171 2856 11889 4776 1383 16187 926 8710 6259 6071 6259 8974 16187 6071 16187
3171 8710 6259 6070 10355 2563 16187 12650 16187 16187 2712 13348 16187 16187 3249 16187
926 1644 14691 12233 4552 1919 14734 2458 1229 926 13959 14745 1919 926 16187 16187
3842 3171 2856 11889 4776 1383 16187 7981 14237 14069 8710 13084 16146 16187 5217 16187
926 16187 11916 16187 4776 5568 1955 4776 926 14596 16187 16187 8781 16187 13904 16187
5002 3171 2563 14029 5430 16187 16187 16187 16187 16187 16187 16187 16187 16187 16187 16187
3842 3171 2856 11889 4776 1383 16187 7981 14237 14069 8710 13084 16146 16187 5217 16187
6173 16187 63 9296 8712 2326 8710 6259 9450 10033 16187 6280 771 12233 926 16187
12778 14776 7805 7926 926 16187 16187 16187 16187 16187 16187 16187 16187 16187 16187 16187
3842 3171 2856 11889 4776 1383 16187 8733 8712 6683 2148 5812 16187 12349 9484 16187
7926 5867 7664 8268 6626 14237 6705 12233 14192 14734 926 16187 16187 16187 926 16187
4776 132 2837 926 10516 8710 6259 6741 7645 12233 4776 2563 16187 16187 16187 16187
3842 3171 2856 11889 4776 1383 16187 7981 14237 14069 8710 13084 16146 16187 5217 16187
4776 926 8710 10770 12495 16187 14237 8855 1919 3171 1378 16187 16187 16187 16187 16187
16108 14043 5329 6011 16138 12149 3171 2563 4598 14029 5937 16058 643 14237 6489 16187
3842 3171 2856 11889 4776 1383 16187 8733 8712 6683 2148 5812 16187 3356 16187 3108
4776 12835 14776 7742 10316 4487 8710 14043 14237 13074 16187 16187 16187 16187 16187 16187
6011 16138 2823 14364 6011 9084 16187 16187 16187 16187 16187 16187 16187 16187 16187 16187
3842 3171 2856 11889 4776 1383 16187 12349 4776 10217 16187 2563 16187 13141 16187 16187
7740 11530 8712 16187 8719 12276 11021 5463 926 8710 6297 6259 1948 16187 16187 16187
5329 1955 926 1955 6826 16003 6011 12233 10503 16187 16187 16187 16187 16187 16187 16187
3842 3171 2856 11889 4776 1383 16187 926 8710 6259 6071 6259 8974 16187 10770 16187
12008 8712 8710 6259 15493 5916 6011 15846 4261 8268 1549 14237 15349 16187 926 16187
1889 1430 8268 6011 16105 1138 4750 8858 5711 14237 1138 926 5711 16187 16187 16187
3842 3171 2856 11889 4776 1383 16187 926 8710 6259 6071 6259 8974 16187 6071 16187
7740 11530 8712 16187 8719 12276 11021 5463 926 8710 6297 6259 1948 16187 16187 16187
10716 1378 3177 4776 4267 10973 3177 8503 3667 8084 16105 16187 16187 16187 16187 16187
3842 3171 2856 11889 4776 1383 16187 12349 4776 10217 16187 2563 16187 13141 16187 16187
4776 10418 8710 12489 14708 16187 11772 12739 7003 2894 3177 4776 2563 16187 16187 16187
3171 14596 8710 11953 6259 14217 15658 8710 1922 2837 1885 5602 16187 16187 16187 16187
3842 3171 2856 11889 4776 1383 16187 7981 14237 14069 8710 13084 16146 16187 5217 16187
4776 926 8710 10770 12495 16187 12008 10941 665 8719 4776 10501 3177 4776 10033 16187
1885 8808 4931 9754 6070 15174 8268 12008 13474 13616 4931 6535 16187 16187 16187 16187
3842 3171 2856 11889 4776 1383 16187 12349 4776 10217 16187 2563 16187 13141 16187 16187
4776 10418 8710 1344 10355 8719 10566 13298 16187 16187 16187 15649 14776 4776 3299 16187
1955 5084 8268 3171 926 8710 926 14237 12307 13267 16187 16187 16187 16187 16187 16187
3842 3171 2856 11889 4776 1383 16187 7981 14237 926 926 6259 926 16187 12349 14237
12008 4776 10033 3847 11553 6259 899 8268 8726 10355 284 16187 1222 16187 16187 16187
926 4340 7979 9563 8710 6070 10355 16187 16187 16187 16187 16187 16187 16187 16187 16187
3842 3171 2856 11889 4776 1383 16187 926 8710 6259 6071 6259 8974 16187 6071 16187
926 16187 11916 16187 4776 5568 1955 4776 926 14596 16187 16187 8781 16187 13904 11008
4325 926 6259 7345 10033 7970 15658 5086 8630 4776 820 15658 16105 1885 6545 16187
3842 3171 2856 11889 4776 1383 16187 8733 8712 6683 2148 5812 16187 12349 9484 16187
926 16187 11916 16187 4776 5568 1955 4776 926 14596 16187 16187 8781 16187 16187 12349
7926 6738 3171 2199 2478 5425 8938 9424 1955 6259 11836 16187 16187 16187 16187 16187
3842 3171 2856 11889 4776 1383 16187 12349 4776 10217 16187 2563 16187 13141 16187 16187
7926 8710 4868 8719 3171 2563 16187 12852 16187 4776 926 16187 16187 16187 926 16187
9687 2904 16187 16187 16187 16187 16187 16187 16187 16187 16187 16187 16187 16187 16187 16187
3842 3171 2856 11889 4776 1383 16187 7981 14237 14069 8710 13084 16146 16187 5217 16187
6011 15846 11728 16187 6259 10894 3748 12233 16187 15096 16187 12349 1378 2563 16187 1229
8710 8712 4776 1787 5463 8710 13894 1778 14745 2598 16187 16187 16187 16187 16187 16187
3842 3171 2856 11889 4776 1383 16187 7981 14237 14069 8710 13084 16146 16187 5217 16187
4776 10418 8710 6535 10355 1955 7742 16187 16187 926 926 16187 16187 16187 2599 4776
1229 6070 9780 16187 16187 16187 16187 16187 16187 16187 16187 16187 16187 16187 16187 16187
3842 3171 2856 11889 4776 1383 16187 926 8710 6259 6071 6259 8974 16187 6071 16187
12008 8712 8710 6259 15493 5916 6011 15846 4261 8268 1549 14237 15349 16187 926 16187
14237 8499 926 8710 7742 14069 8710 9754 1157 12233 1436 11953 14745 16187 16187 16187
3842 3171 2856 11889 4776 1383 16187 7981 14237 14069 8710 13084 16146 16187 5217 16187
14237 4776 10033 2945 2847 8116 830 5463 16187 16187 16187 8712 16187 16187 16187 16187
1955 7740 1959 8712 8268 7740 4931 8719 6254 16187 16187 16187 16187 16187 16187 16187
3842 3171 2856 11889 4776 1383 16187 926 8710 6259 6071 6259 8974 16187 6071 16187
7740 11530 8712 16187 8719 12276 11021 5463 926 8710 6297 6259 1948 16187 16187 16187
13807 8064 9706 7926 779 4537 2823 258 830 14734 926 16187 16187 16187 16187 16187
3842 3171 2856 11889 4776 1383 16187 8733 8712 6683 2148 5812 16187 3356 16187 3108
6011 15846 11728 16187 9442 14237 1778 4776 926 5867 926 16187 16187 16187 16187 16187
15043 5867 1105 8710 6259 4241 3011 9139 15658 8744 2858 6259 926 9290 16187 16187
3842 3171 2856 11889 4776 1383 16187 7981 14237 14069 8710 13084 16146 16187 5217 16187
4776 10418 8710 1344 10355 8719 10566 13298 16187 16187 16187 15649 14776 4776 3299 16187
8712 5867 6259 10602 14599 14237 4530 3847 7742 2837 8712 16187 16187 16187 16187 16187
3842 3171 2856 11889 4776 1383 16187 8733 8712 6683 2148 5812 16187 3356 16187 3108
8712 5867 6259 10355 9203 16187 12008 8268 12008 8712 5867 5297 6535 10355 16187 16187
4776 6120 7926 5388 13089 7926 926 5463 6649 8710 14734 875 14776 6070 7367 16187
3842 3171 2856 11889 4776 1383 16187 926 16187 779 12766 1954 12349 4776 2221 16187
4776 926 8710 10770 12495 16187 12008 10941 665 8719 4776 10501 3177 4776 10033 16187
14031 5359 8268 13474 5867 2446 4776 5555 3235 16187 16187 16187 16187 16187 16187 16187
3842 16187 16187 1737 8268 12008 8719 3366 16187 926 16187 15096 16187 16187 11889 16187
7740 11530 8712 16187 8719 12276 11021 5463 926 8710 6297 6259 1948 16187 16187 16187
8712 14470 9745 1348 12008 4776 14596 8710 6070 4687 12233 14192 16187 16187 16187 16187
3842 3171 2856 11889 4776 1383 16187 7981 14237 14069 8710 13084 16146 16187 5217 16187
8712 5867 6259 10355 9203 16187 12008 8268 12008 8712 5867 5297 6535 16187 16187 16187
12008 4776 795 14596 779 2263 16058 6140 10709 16187 16187 16187 16187 16187 16187 16187
3842 3171 2856 11889 4776 1383 16187 12349 4776 10217 16187 2563 16187 13141 16187 16187
12008 8712 8710 6259 15493 5916 6011 15846 4261 8268 1549 14237 15349 16187 926 16187
16002 15191 13549 1954 16139 9534 1955 9802 5266 16187 16187 16187 16187 16187 16187 16187
3842 3171 2856 11889 4776 1383 16187 8733 8712 6683 2148 5812 16187 13341 16187 12349
7740 11530 8712 16187 8719 12276 11021 1229 8712 8710 6297 8270 16187 16187 16187 16187
7740 9605 8712 7345 10880 6824 16187 16187 16187 16187 16187 16187 16187 16187 16187 16187
3842 3171 2856 11889 4776 1383 16187 926 8710 6259 6071 6259 8974 16187 10770 16187
7740 11530 8712 16187 8719 12276 11021 1229 8712 8710 6297 8270 16187 16187 16187 6011
4776 2470 8268 4776 2255 8268 4776 11913 14457 16187 16187 16187 16187 16187 16187 16187
3842 3171 2856 11889 4776 1383 16187 12349 4776 10217 16187 2563 16187 13141 16187 16187
4776 926 8710 10770 12495 16187 12008 10941 665 8719 4776 10501 3177 4776 10033 16187
4776 11680 3177 4776 2400 5629 926 14237 926 8710 6794 16187 16187 16187 16187 16187
3842 3171 2856 11889 4776 1383 16187 8733 8712 6683 2148 5812 16187 12349 9484 16187
4776 926 8710 10770 12495 16187 14237 4776 10418 8710 6070 5543 16187 830 16187 16187
3171 8710 6259 10033 15649 9957 2263 11338 16187 16187 16187 16187 16187 16187 16187 16187
3842 3171 2856 11889 4776 1383 16187 7981 14237 14069 8710 13084 16146 16187 5217 16187
4776 926 8710 10770 12495 16187 14237 8855 1919 3171 1378 16187 16187 16187 16187 16187
3171 3543 11553 12766 6259 8974 16187 16187 16187 16187 16187 16187 16187 16187 16187 16187
3842 3171 2856 11889 4776 1383 16187 7981 14237 14069 8710 13084 16146 16187 5217 16187
3171 8710 6259 6070 10355 9577 16187 643 16187 9442 8268 14237 4776 10418 8710 4776
4776 10686 4931 6535 10355 14237 9332 830 6259 9442 5030 1398 14251 16187 16187 16187
3842 3171 2856 11889 4776 1383 16187 926 8710 6259 6071 6259 8974 16187 6071 16187
4776 926 8710 10770 12495 16187 12008 10941 665 8719 4776 10501 3177 4776 10033 16187
7742 8268 13474 8710 2438 14237 14180 16187 16187 16187 16187 16187 16187 16187 16187 16187
3842 1957 14180 1737 16187 1110 14237 6259 2563 16187 6259 9290 16187 13348 16187 13348
7740 9429 8712 8710 14734 10418 6021 8808 16187 926 1919 14745 16187 16187 926 16187
14691 11889 14734 9442 12545 13193 10115 8808 10967 4776 9431 2563 16187 16187 16187 16187
3842 3171 2856 11889 4776 1383 16187 7981 14237 14069 8710 13084 16146 16187 5217 16187
6173 16187 63 983 13348 13348 13348 16187 8081 8556 16187 9431 16187 16187 1246 16187
2945 5329 830 9070 16187 16187 16187 16187 16187 16187 16187 16187 16187 16187 16187 16187
3842 3171 2856 11889 4776 1383 16187 7981 14237 14069 8710 13084 16146 16187 5217 16187
12008 8712 5867 5297 4032 9316 16187 14237 8712 10671 16187 5329 6259 6071 16187 4832
1138 926 5711 8710 8093 10035 14237 15846 4024 5937 2689 8312 16187 16187 16187 16187
3842 3171 2856 11889 4776 1383 16187 7981 14237 14069 8710 13084 16146 16187 5217 16187
6173 16187 63 983 13348 13348 13348 16187 8081 8556 16187 6070 9431 16187 16187 16187
4776 16146 15611 10373 2858 6259 643 3177 13664 16187 16187 16187 16187 16187 16187 16187
3842 3171 2856 11889 4776 1383 16187 12349 4776 10217 16187 2563 16187 1954 817 16187
4776 10418 8710 12489 14708 16187 11772 12739 7003 2894 3177 4776 2563 16187 16187 16187
12149 13348 16187 16187 16187 16187 16187 16187 16187 16187 16187 16187 16187 16187 16187 16187
3842 3171 2856 11889 4776 1383 16187 7981 14237 14069 8710 13084 16146 16187 5217 16187
7740 11530 8712 16187 8719 12276 11021 14237 926 8710 4776 3137 2563 16187 564 16187
8712 5867 6259 14596 5463 2326 1029 1919 6011 830 1243 16187 16187 16187 16187 16187
3842 3171 2856 11889 4776 1383 16187 7981 14237 14069 8710 13084 16146 16187 5217 16187
8712 5867 6259 10355 9203 16187 12008 8268 12008 8712 5867 5297 6535 10355 16187 16187
8719 5838 926 1649 926 11669 6259 630 2148 16119 14237 7855 9301 16187 16187 16187
3842 3171 2856 11889 4776 1383 16187 7981 14237 14069 8710 13084 16146 16187 5217 16187
4776 10418 8710 12489 14708 16187 11772 12739 7003 2894 3177 4776 2563 16187 16187 16187
2263 5580 10950 8268 1919 9736 5041 4440 5463 14776 668 2115 16187 16187 16187 16187
3842 3171 2856 11889 4776 1383 16187 7981 14237 14069 8710 13084 16146 16187 5217 16187
4776 10418 8710 6535 10355 8268 12495 16187 12233 2823 16187 16187 830 1885 16187 16187
3171 8710 4776 3257 10033 830 11247 16187 16187 16187 16187 16187 16187 16187 16187 16187
3842 3171 2856 11889 4776 1383 16187 7981 14237 14069 8710 13084 16146 16187 5217 16187
4776 926 8710 10770 12495 16187 14237 8855 1919 3171 1378 16187 16187 16187 16187 16187
6173 14069 8710 2296 6259 2191 3177 13501 8719 14734 1133 16187 16187 16187 16187 16187
3842 3171 2856 11889 4776 1383 16187 7981 14237 14069 8710 13084 16146 16187 5217 16187
6173 16187 63 9296 926 13348 16187 9431 14263 16187 6259 5947 2664 6071 2563 16187
7740 12431 6259 4030 8719 4776 10442 816 8258 4776 2223 8309 8913 16187 16187 16187
3842 3171 2856 11889 4776 1383 16187 7981 14237 14069 8710 13084 16146 16187 5217 16187
7740 11530 8712 16187 8719 12276 11021 1229 8712 8710 6297 8270 16187 16187 16187 16187
3171 10033 5137 12233 2823 6259 9685 3177 8712 13411 1378 4832 16187 16187 16187 16187
3842 3171 2856 11889 4776 1383 16187 12349 4776 10217 16187 2563 16187 1954 817 16187
4776 926 8710 10770 12495 16187 14237 8855 1919 3171 1378 16187 16187 16187 16187 16187
926 926 4931 4868 16187 16187 16187 16187 16187 16187 16187 16187 16187 16187 16187 16187
3842 3171 2856 11889 4776 1383 16187 7981 14237 926 926 6259 926 16187 12349 14237
926 926 8710 3098 14237 4776 1378 1378 16187 15658 9290 16187 16187 16187 1957 9431
7740 2296 12149 15715 10799 15924 16187 16187 16187 16187 16187 16187 16187 16187 16187 16187
3842 16187 16187 1737 8268 12008 8719 3366 16187 926 16187 15096 16187 16187 11889 16187
7740 11530 8712 16187 8719 12276 11021 14237 926 8710 4776 3137 2563 16187 564 16187
3171 13795 779 2148 15181 512 926 8719 4776 8230 13879 3177 926 16187 16187 16187
3842 3171 2856 11889 4776 1383 16187 12349 4776 10217 16187 2563 16187 13141 16187 16187
8712 5867 6259 10355 9203 16187 12008 8268 12008 8712 5867 5297 6535 10355 16187 16187
582 14776 14180 4776 9790 8268 2326 16187 16187 16187 16187 16187 16187 16187 16187 16187
3842 3171 2856 11889 4776 1383 16187 7981 14237 14069 8710 13084 16146 16187 5217 16187
7740 11530 8712 16187 8719 12276 11021 14237 926 8710 4776 3137 2563 16187 564 16187
7740 4537 9429 926 8710 6259 10275 13886 16187 16187 16187 16187 16187 16187 16187 16187
3842 3171 2856 11889 4776 1383 16187 12349 4776 10217 16187 2563 16187 13141 16187 16187
7740 11530 8712 16187 8719 12276 11021 5463 926 8710 6297 6259 1948 16187 16187 16187
2080 9070 5463 6661 3108 8568 8268 7740 973 926 13086 926 16187 16187 16187 16187
3842 3171 2856 11889 4776 1383 16187 926 8710 6259 6071 6259 8974 16187 6071 16187
7740 11530 8712 16187 8719 12276 11021 5463 926 8710 6297 6259 1948 16187 16187 16187
223 13348 16187 16187 16187 16187 16187 16187 16187 16187 16187 16187 16187 16187 16187 16187
223 16187 11553 6259 5820 926 14029 8712 16187 16187 16187 5332 16187 983 16187 11889
7740 11530 8712 16187 8719 12276 11021 5463 926 8710 6259 926 16187 14125 6133 16187
4776 114 8719 4776 5777 4931 5329 926 8268 8712 4931 4776 2563 16187 16187 16187
3842 3171 2856 11889 4776 1383 16187 926 16187 779 12766 1954 12349 4776 2221 16187
4776 926 8710 10770 12495 16187 14237 4776 10418 8710 6070 5543 16187 830 16187 16187
926 8268 15751 8268 14237 13176 4552 6259 15174 15781 16187 16187 16187 16187 16187 16187
3842 3171 2856 11889 4776 1383 16187 12349 4776 10217 16187 2563 16187 1954 817 16187
926 16187 11916 16187 4776 5568 1955 4776 926 14596 16187 16187 8781 16187 13904 11008
14237 1229 4776 1378 15658 684 1885 11382 16187 16187 16187 16187 16187 16187 16187 16187
3842 3171 2856 11889 4776 1383 16187 7981 14237 14069 8710 13084 16146 16187 5217 16187
12008 8712 8710 6259 15493 5916 6011 15846 4261 8268 1549 14237 15349 16187 926 16187
7740 4537 4552 9754 9429 4624 385 8712 8798 16187 16187 16187 16187 16187 16187 16187
3842 16187 16187 1737 8268 12008 8719 3366 16187 6535 10355 16187 5350 15096 16187 9085
7740 11530 8712 16187 8719 12276 11021 5463 926 8710 6259 926 16187 14125 6133 16187
6683 7740 973 2326 391 11953 3171 10033 16187 16187 16187 16187 16187 16187 16187 16187
3842 3171 2856 11889 4776 1383 16187 12349 4776 10217 16187 2563 16187 13141 16187 16187
7740 11530 8712 16187 8719 12276 11021 1229 8712 8710 6297 8270 16187 16187 16187 6011
926 8268 6070 8569 2563 8268 5288 16187 16187 16187 16187 16187 16187 16187 16187 16187
3842 3171 2856 11889 4776 1383 16187 926 8710 6259 6071 6259 8974 16187 6071 16187
926 16187 11916 16187 4776 5568 1955 4776 926 14596 16187 16187 8781 16187 13904 11008
4776 8676 14776 2176 14237 14691 13942 4470 16187 16187 16187 16187 16187 16187 16187 16187
3842 3171 2856 11889 4776 1383 16187 7981 14237 14069 8710 13084 16146 16187 5217 16187
4776 926 8710 10770 12495 16187 14237 4776 10418 8710 6070 5543 16187 830 16187 16187
4776 1138 4152 5711 8710 6719 926 8268 1955 14776 4776 1229 15142 12835 16187 16187
3842 3171 2856 11889 4776 1383 16187 7981 14237 14069 8710 13084 16146 16187 5217 16187
4776 926 8710 10770 12495 16187 12008 10941 665 8719 4776 10501 3177 4776 10033 16187
2016 14237 4776 4369 3177 4776 14274 8710 6259 1405 8268 15624 14237 15096 4922 16187
3842 3171 2856 11889 4776 1383 16187 7981 14237 14069 8710 13084 16146 16187 5217 16187
6173 16187 63 983 13348 13348 13348 16187 8081 8556 16187 6070 9431 16187 16187 16187
15337 4497 4776 12945 1374 16187 16187 16187 16187 16187 16187 16187 16187 16187 16187 16187
3842 3171 2856 11889 4776 1383 16187 12349 4776 10217 16187 2563 16187 1954 817 16187
6173 16187 63 9296 926 13348 16187 8901 16187 16187 2148 3177 6259 653 16187 16187
4552 9754 6407 8712 13348 16187 16187 16187 16187 16187 16187 16187 16187 16187 16187 16187
3842 3171 2856 11889 4776 1383 16187 7981 14237 14069 8710 13084 16146 16187 5217 16187
12008 4776 10418 8710 926 16187 8069 7076 3177 4776 926 16187 16187 926 16187 6133
8726 6011 12650 3171 6070 926 3356 10033 6011 15846 10603 15525 16187 16187 16187 16187
3842 3171 2856 11889 4776 1383 16187 8733 8712 6683 2148 5812 16187 12349 9484 16187
7740 11530 8712 16187 8719 12276 11021 1229 8712 8710 6297 8270 16187 16187 16187 6011
830 7460 8268 926 14823 4776 11008 10033 3177 14180 983 16187 16187 16187 16187 16187
3842 3171 2856 11889 4776 1383 16187 12349 4776 10217 16187 2563 16187 13141 16187 16187
7740 11530 8712 16187 8719 12276 11021 1229 8712 8710 6297 8270 16187 16187 16187 16187
3171 10033 779 6259 2664 8268 7377 10418 8268 14237 6259 15819 14599 16187 16187 16187
3842 3171 2856 11889 4776 1383 16187 12349 4776 10217 16187 2563 16187 13141 16187 16187
8712 8710 6259 10355 3701 4750 14596 3177 10950 11287 16187 16105 16187 13904 10894 16187
8847 8268 926 5867 926 2558 12478 8719 11179 8710 9612 13178 16187 16187 16187 16187
3842 3171 2856 11889 4776 1383 16187 926 8710 6259 6071 6259 8974 16187 10770 16187
7740 11530 8712 16187 8719 12276 11021 14237 926 8710 4776 3137 2563 16187 564 16187
3171 2563 8710 6259 2122 9618 12149 16187 16187 16187 16187 16187 16187 16187 16187 16187
3842 3171 2856 11889 4776 1383 16187 7981 14237 14069 8710 13084 16146 16187 5217 16187
3171 8710 6259 6070 10355 2563 16187 12233 6259 9332 16187 16187 16187 1378 9736 16187
1378 3177 4776 564 5852 14373 5388 15525 14069 13348 16187 16187 16187 16187 16187 16187
3842 3171 2856 11889 4776 1383 16187 8733 8712 6683 2148 5812 16187 12349 9484 16187
4776 10418 8710 14691 14426 3177 4858 16187 16187 817 16187 16187 16187 10953 16187 9442
2858 6259 8081 9470 684 2837 1430 6336 15658 7076 6259 1138 3794 5095 5711 16187
3842 3171 2856 11889 4776 1383 16187 7981 14237 14069 8710 13084 16146 16187 5217 16187
7740 11530 4776 11773 8268 800 13094 3177 4776 14596 91 16187 4687 16187 10887 9790
4776 11608 4931 8423 10355 8268 12008 5462 9449 16187 16187 16187 16187 16187 16187 16187
3842 3171 2856 11889 4776 1383 16187 7981 14237 14069 8710 13084 16146 16187 5217 16187
4776 926 8710 10770 12495 16187 14237 4776 10418 8710 6070 5543 16187 830 16187 16187
7926 5867 6259 9290 15658 13345 14237 10092 11889 13592 16146 926 6619 443 16187 16187
3842 3171 2856 11889 4776 1383 16187 12349 4776 10217 16187 2563 16187 1954 817 16187
7926 8710 4868 8719 3171 2563 16187 12852 16187 6259 926 16187 16187 14125 16187 816
7740 6635 13956 14237 926 5867 9964 13868 16187 16187 16187 16187 16187 16187 16187 16187
3842 3171 2856 11889 4776 1383 16187 7981 14237 14069 8710 13084 16146 16187 5217 16187
7740 11530 8712 16187 8719 12276 11021 5463 926 8710 6259 926 16187 14125 6133 16187
15857 926 13592 4473 2191 3177 2053 4994 3994 2024 16187 16187 16187 16187 16187 16187
3842 3171 2856 11889 4776 1383 16187 7981 14237 926 926 6259 926 16187 12349 14237
7740 11530 8712 16187 8719 12276 11021 1229 8712 8710 6297 8270 16187 16187 16187 16187
3171 2563 4931 6259 5948 8270 512 14272 7740 4931 6391 16187 16187 16187 16187 16187
3842 3171 2856 11889 4776 1383 16187 7981 14237 14069 8710 13084 16146 16187 5217 16187
3171 8710 6259 6070 10355 2563 16187 12233 6259 9332 16187 16187 16187 10355 16187 16187
3171 11434 3177 4312 2837 1954 12663 649 8710 10571 2309 16187 16187 16187 16187 16187
3842 3171 2856 11889 4776 1383 16187 926 8710 6259 6071 6259 8974 16187 926 16187
4776 926 8710 10770 12495 16187 14237 8855 1919 3171 1378 16187 16187 16187 16187 16187
14237 4311 4624 11031 10918 12233 9642 8747 13348 16187 16187 16187 16187 16187 16187 16187
3842 3171 2856 11889 4776 1383 16187 12349 4776 10217 16187 2563 16187 13141 16187 16187
12008 8712 5867 5297 4032 9316 16187 14237 8712 10671 16187 5329 6259 6071 16187 983
6689 14749 15751 14237 926 926 4537 14038 14069 8268 5227 926 16187 16187 16187 16187
3842 3171 2856 11889 4776 1383 16187 12349 4776 10217 16187 2563 16187 13141 16187 16187
926 8268 6011 9605 4776 926 926 14237 926 926 830 14734 15949 14237 4776 10033
7542 8268 7740 5297 8197 8712 6259 14139 16187 16187 16187 16187 16187 16187 16187 16187
3842 3171 2856 11889 4776 1383 16187 7981 14237 14069 8710 13084 16146 16187 5217 16187
7740 11530 8712 16187 8719 12276 11021 14237 926 8710 4776 3137 2563 16187 564 16187
5341 1599 5867 10496 4451 12232 11553 8093 13267 8712 3171 4927 16187 16187 16187 16187
3842 3171 2856 11889 4776 1383 16187 926 8710 6259 6071 6259 8974 16187 6071 16187
7740 11530 8712 16187 8719 12276 11021 5463 926 8710 6297 6259 1948 16187 16187 16187
15369 14069 8710 8069 6259 10065 8759 12233 3249 8719 14029 14734 3504 4325 4552 16187
3842 3171 2856 11889 4776 1383 16187 12349 4776 10217 16187 2563 16187 13141 16187 16187
7740 11530 8712 16187 8719 12276 11021 14237 926 8710 4776 3137 2563 16187 564 16187
13474 5208 14125 4776 3192 15246 13907 10435 14237 13907 9852 926 16187 16187 16187 16187
3842 3171 2856 11889 4776 1383 16187 12349 4776 10217 16187 2563 16187 13141 16187 16187
7926 5867 7664 8268 6626 14237 6705 12233 14192 14734 926 16187 16187 16187 926 16187
9431 8268 6011 11553 3066 926 8268 14858 4776 4152 3006 1778 16187 16187 16187 16187
3842 3171 2856 11889 4776 1383 16187 12349 4776 10217 16187 2563 16187 13141 16187 16187
7740 11530 4776 11773 8268 800 13094 3177 4776 14596 91 16187 4687 16187 10887 9790
6259 10894 6929 12233 1138 5711 3211 1138 926 13348 16187 16187 16187 16187 16187 16187
3842 3171 2856 11889 4776 1383 16187 12349 4776 10217 16187 2563 16187 13141 16187 16187
4776 10418 8710 14691 14426 3177 4858 16187 16187 817 16187 16187 16187 10953 16187 9442
4776 10418 10283 3177 4776 4369 8710 11643 13348 16187 16187 16187 16187 16187 16187 16187
3842 3171 2856 11889 4776 1383 16187 926 8710 6259 6071 6259 8974 16187 6071 16187
4776 10418 8710 12489 14708 16187 11772 12739 7003 2894 3177 4776 2563 16187 16187 16187
8712 8710 6259 7643 2148 512 6259 14596 8268 11789 16187 16187 16187 16187 16187 16187
3842 3171 2856 11889 4776 1383 16187 8733 8712 6683 2148 5812 16187 12349 9484 16187
8712 8710 6259 10355 3701 4750 14596 3177 10950 11287 16187 16105 16187 8656 10894 16187
14043 3847 8712 2598 16187 16187 16187 16187 16187 16187 16187 16187 16187 16187 16187 16187
3842 3171 2856 11889 4776 1383 16187 7981 14237 14069 8710 13084 16146 16187 5217 16187
12008 7740 11553 12233 1436 4776 5393 4776 7970 16187 12650 16187 16187 926 16187 16187
14272 6259 14834 2563 16187 16187 16187 16187 16187 16187 16187 16187 16187 16187 16187 16187
3842 3171 2856 11889 4776 1383 16187 7981 14237 14069 8710 13084 16146 16187 5217 16187
4776 10418 8710 6535 10355 8268 12495 16187 12233 2823 16187 16187 830 1885 16187 16187
7740 12232 2945 11553 6635 12233 11553 8466 2148 8831 11953 926 16187 16187 16187 16187
3842 3171 2856 11889 4776 1383 16187 926 8710 6259 6071 6259 8974 16187 10770 16187
7740 11530 8712 16187 8719 12276 11021 5463 926 8710 6297 6259 1948 16187 16187 16187
5046 4776 9431 3177 8712 5867 14635 12233 2823 16105 14029 3171 222 16187 16187 16187
3842 3171 2856 11889 4776 1383 16187 12349 4776 10217 16187 2563 16187 1954 817 16187
6173 16187 63 983 13348 13348 13348 16187 8081 8556 16187 6070 9431 16187 16187 16187
12338 13837 12233 8815 4776 11401 16187 16187 16187 16187 16187 16187 16187 16187 16187 16187
3842 3171 2856 11889 4776 1383 16187 12349 4776 10217 16187 2563 16187 13141 16187 16187
7740 11530 4776 11773 8268 800 13094 3177 4776 14596 91 16187 4687 16187 10887 9790
15408 8712 5867 6837 1955 6259 7702 10011 3211 5463 15846 6280 2823 7723 16187 16187
3842 3171 2856 11889 4776 1383 16187 12349 4776 10217 16187 2563 16187 1954 817 16187
12008 8712 8710 5297 3545 3594 1919 2204 14237 3938 16187 14237 926 16187 16187 795
4776 9349 8710 1750 926 2837 12414 2598 16187 16187 16187 16187 16187 16187 16187 16187
3842 3171 2856 11889 4776 1383 16187 12349 4776 10217 16187 2563 16187 13141 16187 16187
4776 926 8710 10770 12495 16187 14237 4776 10418 8710 6070 5543 16187 830 16187 16187
7740 12232 9754 1436 13084 12233 11868 3171 8268 15978 6011 14470 12149 8712 16187 16187
3842 3171 2856 11889 4776 1383 16187 12349 4776 10217 16187 2563 16187 13141 16187 16187
7740 11530 8712 16187 8719 12276 11021 5463 926 8710 6297 6259 1948 16187 16187 16187
6173 16187 16187 16187 16187 16187 16187 16187 16187 16187 16187 16187 16187 16187 16187 16187
3842 3171 2856 11889 4776 1383 16187 7981 14237 14069 8710 13084 16146 16187 5217 16187
6173 16187 63 9296 926 13348 16187 8901 16187 16187 2148 3177 6259 653 16187 16187
14069 14776 13084 15721 830 5463 9534 16187 16187 16187 16187 16187 16187 16187 16187 16187
3842 3171 2856 11889 4776 1383 16187 7981 14237 14069 8710 13084 16146 16187 5217 16187
8712 5867 6259 14485 8719 5349 16187 6259 14397 11889 5463 6259 8081 926 16187 2563
1378 10236 8808 5867 4550 14325 12213 7336 13907 13592 6007 6378 16187 16187 16187 16187
3842 3171 2856 11889 4776 1383 16187 7981 14237 14069 8710 13084 16146 16187 5217 16187
1378 3177 9743 1133 5463 7698 4776 10026 16187 14221 16187 16187 16187 16187 16187 16187
4776 5568 9424 11698 11953 5713 10154 4931 15597 1694 16187 16187 16187 16187 16187 16187
3842 3171 2856 11889 4776 1383 16187 926 8710 6259 6071 6259 8974 16187 926 16187
4776 926 8710 10770 12495 16187 14237 4776 10418 8710 6070 5543 16187 830 16187 16187
4776 12529 926 7949 8710 6259 11947 926 12233 1138 4776 5891 2191 5711 16187 16187
3842 3171 2856 11889 4776 1383 16187 926 16187 779 12766 1954 12349 4776 10217 16187
4776 926 8710 10770 12495 16187 14237 4776 10418 8710 6070 5543 16187 16187 16187 16187
12008 7542 4776 926 2563 4931 3098 14237 7740 11530 4776 8455 1694 16187 16187 16187
3842 3171 2856 11889 4776 1383 16187 7981 14237 14069 8710 13084 16146 16187 5217 16187
12008 8712 8710 6259 15493 5916 6011 15846 4261 8268 1549 14237 15349 16187 926 16187
14180 7740 5208 1436 8710 5463 7740 4931 6070 2758 16187 16187 16187 16187 16187 16187
3842 3171 2856 11889 4776 1383 16187 926 8710 6259 6071 6259 8974 16187 10770 16187
12008 4776 10418 8710 926 16187 8069 7076 3177 4776 926 16187 16187 926 16187 6133
6569 1019 5174 2122 6173 4776 10400 6423 2053 6569 3994 8710 14397 10355 16187 16187
3842 3171 2856 11889 4776 1383 16187 7981 14237 14069 8710 13084 16146 16187 5217 16187
7740 11530 4776 11773 8268 800 13094 3177 4776 14596 91 16187 4687 16187 10887 9790
7926 7076 6259 15126 12008 8710 8719 7188 3177 4776 1676 16187 16187 16187 16187 16187
3842 3171 2856 11889 4776 1383 16187 8733 8712 6683 2148 5812 16187 12349 9484 16187
7926 8710 4868 8719 3171 2563 16187 12852 16187 4776 926 16187 16187 16187 926 16187
1229 630 1229 5463 4776 15900 7151 1958 10324 11692 643 11004 6011 12233 5804 16187
3842 3171 2856 11889 4776 1383 16187 12349 4776 10217 16187 2563 16187 1954 817 16187
7740 11530 8712 16187 8719 12276 11021 1229 8712 8710 6297 8270 16187 16187 16187 16187
5627 16187 16187 16187 16187 16187 16187 16187 16187 16187 16187 16187 16187 16187 16187 16187
5627 16187 5329 8569 12008 7740 8313 12268 16187 14180 4776 926 16187 4931 926 926
6173 16187 63 9296 8712 2326 8710 6259 9450 10033 16187 6280 771 12233 926 16187
7926 4015 1597 820 10967 4776 926 14237 2446 12515 2895 8264 14642 16187 16187 16187
3842 3171 2856 11889 4776 1383 16187 926 8710 6259 6071 6259 8974 16187 6071 16187
8712 5867 6259 10355 9203 16187 12008 8268 12008 8712 5867 5297 6535 10355 16187 16187
4776 926 14776 6122 8719 4776 2037 3177 4776 9666 3177 926 2685 16187 16187 16187
3842 3171 2856 11889 4776 1383 16187 7981 14237 926 926 6259 926 16187 12349 14237
4776 926 8710 10770 12495 16187 14237 8855 1919 3171 1378 16187 16187 16187 16187 16187
4776 2588 13756 12028 14043 1229 14776 6535 13178 16187 16187 16187 16187 16187 16187 16187
4776 10418 8710 14691 14426 3177 4858 16187 16187 817 16187 16187 9813 16187 6535 7742
4776 10418 8710 12489 14708 16187 11772 12739 7003 2894 3177 4776 2563 16187 16187 16187
8630 926 9337 926 6179 4776 9831 7829 12233 9577 14734 14164 16187 16187 16187 16187
3842 3171 2856 11889 4776 1383 16187 7981 14237 14069 8710 13084 16146 16187 5217 16187
7926 8710 6259 4446 11761 13640 16187 14237 2823 6259 926 16187 10033 16187 16187 16187
4776 10187 12233 926 8794 643 15846 16003 12233 1948 2755 13348 16187 16187 16187 16187
3842 3171 2856 11889 4776 1383 16187 7981 14237 14069 8710 13084 16146 16187 5217 16187
4776 926 8710 10770 12495 16187 14237 4776 10418 8710 6070 5543 16187 830 16187 16187
3171 8710 4776 5568 1138 11899 14251 5711 7740 5208 12650 16187 16187 16187 16187 16187
3842 3171 2856 11889 4776 1383 16187 926 8710 6259 6071 6259 8974 16187 6071 16187
4776 926 8710 10770 12495 16187 14237 8855 1919 3171 1378 16187 16187 16187 16187 16187
8726 6011 11889 2066 14237 188 14734 564 3366 5867 9605 4776 926 14237 2588 16187
3842 3171 2856 11889 4776 1383 16187 8733 8712 6683 2148 5812 16187 3356 16187 3108
6011 15846 11728 16187 6259 10894 3748 12233 16187 15096 16187 1954 12349 1378 16187 926
2446 8268 4325 2326 9084 9754 8537 203 7265 14823 1229 7367 16187 16187 16187 16187
3842 3171 2856 11889 4776 1383 16187 8733 8712 6683 2148 5812 16187 3356 16187 3108
926 8268 6011 9605 4776 926 926 14237 926 926 830 14734 15949 14237 4776 10033
15662 5329 2598 16187 16187 16187 16187 16187 16187 16187 16187 16187 16187 16187 16187 16187
3842 3171 2856 11889 4776 1383 16187 12349 4776 10217 16187 2563 16187 13141 16187 16187
8712 5867 6259 10355 9203 16187 12008 8268 12008 8712 5867 5297 6535 16187 16187 16187
4776 9534 3177 11191 12727 15233 16187 16187 16187 16187 16187 16187 16187 16187 16187 16187
3842 3171 2856 11889 4776 1383 16187 926 8710 6259 6071 6259 8974 16187 926 16187
4776 926 8710 10770 12495 16187 14237 4776 10418 8710 6070 5543 16187 830 16187 16187
8712 15881 14635 3177 8440 1957 12291 8268 12008 7542 7740 8154 8712 16187 16187 16187
3842 3171 2856 11889 4776 1383 16187 926 8710 6259 6071 6259 8974 16187 926 16187
8712 5867 6259 10355 9203 16187 12008 8268 12008 8712 5867 5297 6535 10355 16187 16187
6872 8268 6011 14776 6259 4949 10358 926 8268 14237 7740 14247 6011 10355 15393 16187
3842 3171 2856 11889 4776 1383 16187 12349 4776 10217 16187 2563 16187 1954 817 16187
7740 11530 8712 16187 8719 12276 11021 5463 926 8710 6297 6259 1948 16187 16187 16187
1213 15761 10418 10967 6259 8556 5365 817 16187 16187 16187 16187 16187 16187 16187 16187
3842 3171 2856 11889 4776 1383 16187 7981 14237 926 926 6259 926 16187 12349 14237
4776 10418 8710 1344 10355 8719 10566 13298 16187 16187 16187 15649 14776 4776 3299 16187
4776 3384 1750 2543 15202 10036 830 4776 3137 8268 8069 2148 4941 10501 16187 16187
3842 3171 2856 11889 4776 1383 16187 926 8710 6259 6071 6259 8974 16187 926 16187
4776 10418 8710 14691 14426 3177 4858 16187 16187 817 16187 16187 16187 10953 16187 9442
4776 10709 8710 7652 820 11889 926 14237 14272 4552 6011 14518 8719 5736 2598 16187
3842 3171 2856 11889 4776 1383 16187 12349 4776 10217 16187 2563 16187 13141 16187 16187
4776 926 8710 10770 12495 16187 14237 4776 10418 8710 6070 5543 16187 830 16187 16187
14237 5463 4931 4776 2588 983 7740 11839 5463 16187 16187 16187 16187 16187 16187 16187
3842 3171 2856 11889 4776 1383 16187 7981 14237 14069 8710 13084 16146 16187 5217 16187
8712 5867 6259 10355 9203 16187 12008 8268 12008 8712 5867 5297 6535 16187 6423 16187
14043 8069 2148 512 5463 2598 16187 16187 16187 16187 16187 16187 16187 16187 16187 16187
3842 3171 2856 11889 4776 1383 16187 12349 4776 10217 16187 2563 16187 1954 817 16187
7740 11530 8712 16187 8719 12276 11021 14237 926 8710 4776 3137 2563 16187 564 16187
5627 16187 16187 16187 16187 16187 16187 16187 16187 16187 16187 16187 16187 16187 16187 16187
5627 16187 9850 16187 12529 983 779 926 16187 8268 7740 16187 16187 16187 16187 16187
6173 16187 63 9296 8712 2326 8710 6259 9450 10033 16187 6280 771 12233 926 16187
8502 1138 2327 7674 2598 5711 16187 16187 16187 16187 16187 16187 16187 16187 16187 16187
3842 3171 2856 11889 4776 1383 16187 12349 4776 10217 16187 2563 16187 1954 817 16187
7740 11530 4776 315 6423 3171 10033 16187 2326 16187 16187 10953 16187 15096 16187 16187
13089 15597 926 8554 2837 8712 5867 10770 10770 10770 16187 16187 16187 16187 16187 16187
3842 3171 2856 11889 4776 1383 16187 926 8710 6259 6071 6259 8974 16187 10770 16187
7740 11530 8712 16187 8719 12276 11021 14237 926 8710 4776 3137 2563 16187 564 16187
2599 4312 7001 820 8268 8712 5867 5568 6259 2024 9577 16187 16187 16187 16187 16187
3842 3171 2856 11889 4776 1383 16187 7981 14237 14069 8710 13084 16146 16187 5217 16187
7740 11530 8712 16187 8719 12276 11021 5463 926 8710 6297 6259 1948 16187 16187 16187
12958 11953 4776 3513 13304 10781 14237 3171 14823 6070 11783 12233 12650 16187 16187 16187
3842 3171 2856 11889 4776 1383 16187 8733 8712 6683 2148 5812 16187 12349 9484 16187
4776 13811 8710 14652 13348 16187 5332 16187 6535 15174 16187 14230 3177 4312 16187 16187
1019 926 2598 16187 16187 16187 16187 16187 16187 16187 16187 16187 16187 16187 16187 16187
3842 3171 2856 11889 4776 1383 16187 12349 4776 10217 16187 2563 16187 13141 16187 16187
7740 11530 4776 11773 8268 800 13094 3177 4776 14596 91 16187 4687 16187 10887 9790
5820 13250 16187 16187 16187 16187 16187 16187 16187 16187 16187 16187 16187 16187 16187 16187
3842 3171 2856 11889 4776 1383 16187 12349 4776 10217 16187 2563 16187 13141 16187 16187
4776 10418 8710 14691 14426 3177 4858 16187 16187 817 16187 16187 16187 2588 16187 16187
7740 11889 926 7883 16187 16187 16187 16187 16187 16187 16187 16187 16187 16187 16187 16187
7740 4552 9754 15956 16187 8712 8710 1954 1138 2122 5711 8710 16187 926 16187 16187
7740 11530 8712 16187 8719 12276 11021 1229 8712 8710 6297 8270 16187 16187 16187 6011
4776 5145 926 14237 5332 4421 14827 7926 3644 9754 5174 1919 6905 13348 13348 16187
3842 3171 2856 11889 4776 1383 16187 926 8710 6259 6071 6259 8974 16187 926 16187
4776 926 14237 926 14776 14370 1957 3098 3369 16187 16187 6535 630 16187 14237 9332
5463 8710 15662 1138 7360 204 15531 5711 8710 6259 3098 14125 16187 16187 16187 16187
3842 3171 2856 11889 4776 1383 16187 926 8710 6259 6071 6259 8974 16187 926 16187
8712 5867 6259 14485 8719 5349 16187 16187 10272 1954 3865 14237 16187 6535 630 6070
2326 8268 7740 9429 6011 968 11889 8712 16187 16187 16187 16187 16187 16187 16187 16187
3842 3171 2856 11889 4776 1383 16187 12349 4776 10217 16187 2563 16187 1954 817 16187
6173 16187 12260 2823 10399 12233 8152 3171 4776 10033 16187 16187 7970 16187 16187 2563
3520 8712 14029 16187 16187 16187 16187 16187 16187 16187 16187 16187 16187 16187 16187 16187
3842 3171 2856 11889 4776 1383 16187 12349 4776 10217 16187 2563 16187 1954 817 16187
926 5867 9957 9498 3098 16187 12008 8719 15597 983 2446 14397 926 16187 16187 16187
12788 12892 5463 4169 12233 3171 10033 16187 16187 16187 16187 16187 16187 16187 16187 16187
3842 3171 2856 11889 4776 1383 16187 7981 14237 14069 8710 13084 16146 16187 5217 16187
7740 11530 8712 16187 8719 12276 11021 5463 926 8710 6297 6259 1948 16187 16187 16187
14325 4776 926 4552 9754 5946 853 1778 14745 14237 3171 926 926 16187 16187 16187
3842 3171 2856 11889 4776 1383 16187 7981 14237 14069 8710 13084 16146 16187 5217 16187
7740 11530 8712 16187 8719 12276 11021 1229 8712 8710 6297 8270 16187 16187 16187 6011
4776 6499 14776 12256 16187 16187 16187 16187 16187 16187 16187 16187 16187 16187 16187 16187
3842 3171 2856 11889 4776 1383 16187 12349 4776 10217 16187 2563 16187 1954 817 16187
4776 926 8710 10770 12495 16187 14237 4776 10418 8710 6070 5543 16187 830 16187 16187
9483 16187 16187 16187 16187 16187 16187 16187 16187 16187 16187 16187 16187 16187 16187 16187
3842 3171 2856 11889 4776 1383 16187 12349 4776 10217 16187 2563 16187 1954 817 16187
6173 16187 63 9296 8712 2326 8710 6259 9450 10033 16187 6280 771 12233 926 16187
8712 14156 6259 3398 2087 14029 203 14180 4776 1146 284 9498 3251 6173 16187 16187
3842 3171 2856 11889 4776 1383 16187 8733 8712 6683 2148 5812 16187 12349 9484 16187
8712 5867 6259 10355 9203 16187 12008 8268 12008 8712 5867 5297 6535 10355 16187 16187
11477 926 779 2122 8268 3938 8268 14237 8710 12606 16187 16187 16187 16187 16187 16187
3842 3171 2856 11889 4776 1383 16187 7981 14237 14069 8710 13084 16146 16187 5217 16187
926 8710 6259 9290 6470 8719 6259 9450 9138 15142 643 16187 16187 2598 16187 16187
1229 4776 2563 4818 1094 10217 14596 11331 16187 16187 16187 16187 16187 16187 16187 16187
3842 3171 2856 11889 4776 1383 16187 7981 14237 14069 8710 13084 16146 16187 5217 16187
6173 16187 12260 2823 10399 12233 8152 3171 4776 10033 830 11247 16187 16187 8466 16187
926 8268 8712 12767 8494 4609 10967 1750 6259 10710 5011 3177 5463 8974 14596 16187
3842 3171 2856 11889 4776 1383 16187 926 8710 6259 6071 6259 8974 16187 10770 16187
926 16187 11916 16187 4776 14596 3177 4776 926 926 16187 10983 926 926 16187 16187
11910 6601 4931 4776 11046 10566 7367 12999 8719 4776 10288 4302 16187 16187 16187 16187
3842 3171 2856 11889 4776 1383 16187 7981 14237 14069 8710 13084 16146 16187 5217 16187
926 8710 6259 2176 12976 12233 4776 1726 14112 16187 3192 16187 3192 9577 16187 16187
8712 4931 477 8719 926 8268 14237 926 8710 6363 12291 14919 16187 16187 16187 16187
3842 3171 2856 11889 4776 1383 16187 926 8710 6259 6071 6259 8974 16187 6071 16187
8712 8710 6259 10355 3701 4750 14596 3177 10950 11287 16187 2308 3826 16187 816 16187
6259 15335 4891 5086 2858 9487 1243 14237 7416 779 12209 14734 2285 643 16187 16187
3842 3171 2856 11889 4776 1383 16187 7981 14237 14069 8710 13084 16146 16187 5217 16187
4776 10418 8710 12489 14708 16187 11772 12739 7003 2894 3177 4776 2563 16187 16187 16187
4776 4440 11078 4776 12945 3177 4776 926 5867 14776 7742 5606 14237 13436 16187 16187
3842 3171 2856 11889 4776 1383 16187 7981 14237 926 926 6259 926 16187 12349 14237
4776 10418 8710 14691 14426 3177 4858 16187 16187 817 16187 16187 16187 10953 16187 9442
7508 8268 4776 10709 8710 9330 779 5332 6259 5309 830 926 2858 4776 1419 16187
3842 3171 2856 11889 4776 1383 16187 926 16187 779 12766 1954 12349 4776 2221 16187
7740 11530 8712 16187 8719 12276 11021 5463 926 8710 6297 6259 926 16187 16187 926
5463 13411 12233 9070 16187 16187 16187 16187 16187 16187 16187 16187 16187 16187 16187 16187
3842 3171 2856 11889 4776 1383 16187 7981 14237 14069 8710 13084 16146 16187 5217 16187
8712 5867 6259 10355 9203 16187 12008 8268 12008 8712 5867 5297 6535 16187 6423 16187
8712 8710 11789 3803 1243 817 8268 12008 8712 5297 15452 1229 8455 16187 16187 16187
3842 3171 2856 11889 4776 1383 16187 7981 14237 14069 8710 13084 16146 16187 5217 16187
8712 5867 6259 10355 9203 16187 12008 8268 12008 8712 5867 5297 6535 10355 16187 16187
3171 779 12766 1378 3177 12276 16058 14180 983 1860 1133 16187 16187 16187 16187 16187
3842 3171 2856 11889 4776 1383 16187 926 8710 6259 6071 6259 8974 16187 6071 16187
8712 5867 6259 10355 9203 16187 12008 8268 12008 8712 5867 5297 6535 16187 16187 16187
12008 7740 12294 6011 4487 4931 487 8712 8719 926 9563 1919 5463 926 16187 16187
3842 3171 2856 11889 4776 1383 16187 926 8710 6259 6071 6259 8974 16187 10770 16187
7740 11530 8712 16187 8719 12276 11021 5463 926 8710 6297 6259 1948 16187 16187 16187
8719 4776 10918 3177 12276 13034 7740 11839 3177 1245 12008 14029 4624 8309 16187 16187
3842 3171 2856 11889 4776 1383 16187 7981 14237 14069 8710 13084 16146 16187 5217 16187
6173 16187 63 9296 926 13348 16187 8901 16187 16187 2148 3177 6259 653 16187 16187
12008 4776 5820 7970 3177 3171 2563 8710 4776 14599 16187 16187 16187 16187 16187 16187
3842 3171 2856 11889 4776 1383 16187 926 8710 6259 6071 6259 8974 16187 6071 16187
12008 4776 564 9534 8710 10967 926 926 16187 926 16187 16187 5200 16187 16187 16187
447 830 8200 16187 16187 16187 16187 16187 16187 16187 16187 16187 16187 16187 16187 16187
3842 3171 2856 11889 4776 1383 16187 7981 14237 14069 8710 13084 16146 16187 5217 16187
7740 11530 4776 11773 8268 800 13094 3177 4776 14596 91 16187 4687 13348 16187 6173
7926 4311 8368 9389 6259 16059 643 1919 926 13089 14462 10003 16187 16187 16187 16187
3842 3171 2856 11889 4776 1383 16187 926 8710 6259 6071 6259 8974 16187 926 16187
7926 8710 4868 8719 3171 2563 16187 12852 16187 4776 926 16187 16187 16187 926 16187
8726 6011 11553 9754 8466 4776 10033 6011 16138 10751 15662 16187 16187 16187 16187 16187
3842 3171 2856 11889 4776 1383 16187 926 8710 6259 6071 6259 8974 16187 10770 16187
7740 11530 8712 16187 8719 12276 11021 5463 926 8710 6297 6259 1948 16187 16187 16187
3171 8268 3177 1245 8268 3112 4776 2563 12669 1955 2541 16187 16187 16187 16187 16187
3842 3171 2856 11889 4776 1383 16187 7981 14237 14069 8710 13084 16146 16187 5217 16187
4776 926 14237 926 14776 14370 1957 3098 3369 16187 16187 6535 630 16187 14237 7742
15662 8710 8712 8726 4325 11031 6390 14180 4325 188 8710 13782 14237 2550 2598 16187
3842 3171 2856 11889 4776 1383 16187 12349 4776 10217 16187 2563 16187 13141 16187 16187
6173 16187 12260 2823 10399 12233 8152 3171 4776 10033 16187 16187 7970 16187 16187 2563
8712 5867 7393 12345 1919 6826 1735 8213 5358 16187 16187 16187 16187 16187 16187 16187
3842 3171 2856 11889 4776 1383 16187 7981 14237 926 926 6259 926 16187 12349 14237
8712 5867 6259 10355 9203 16187 12008 8268 12008 8712 5867 5297 6535 10355 16187 16187
1954 16146 3942 4931 4776 9330 14596 16187 16187 16187 16187 16187 16187 16187 16187 16187
3842 3171 2856 11889 4776 1383 16187 926 16187 779 12766 1954 12349 4776 2221 16187
4776 10418 8710 1344 10355 8719 10566 13298 16187 16187 16187 15649 14776 4776 3299 16187
4776 926 3177 4776 14596 8710 12307 13267 16187 16187 16187 16187 16187 16187 16187 16187
3842 3171 2856 11889 4776 1383 16187 7981 14237 14069 8710 13084 16146 16187 5217 16187
4776 926 8710 10770 12495 16187 14237 4776 10418 8710 6070 5543 16187 830 16187 16187
7926 4537 15452 9313 1019 12233 6826 6173 16187 16187 16187 16187 16187 16187 16187 16187
3842 3171 2856 11889 4776 1383 16187 926 8710 6259 6071 6259 8974 16187 926 16187
7926 5867 2689 8268 7926 5867 4537 5329 3098 16187 16187 16187 16105 16187 16187 14237
1954 10211 15776 12805 16187 16187 16187 16187 16187 16187 16187 16187 16187 16187 16187 16187
3842 3171 2856 11889 4776 1383 16187 12349 4776 10217 16187 2563 16187 13141 16187 16187
4776 10418 8710 1344 10355 8719 10566 13298 16187 16187 16187 15649 14776 4776 3299 16187
14237 5463 5138 5208 13758 6070 12767 926 12349 4832 8719 6826 10469 16187 16187 16187
3842 3171 2856 11889 4776 1383 16187 926 8710 6259 6071 6259 8974 16187 10770 16187
8712 5867 6259 10355 9203 16187 12008 8268 12008 8712 5867 5297 6535 16187 6423 16187
7740 3553 12233 2552 5713 2946 8719 2148 1133 6826 11401 16187 16187 16187 16187 16187
7740 4552 9754 9429 5463 1873 2326 10207 1885 16187 16187 1885 16187 926 16187 16187
7740 11530 8712 16187 8719 12276 11021 1229 8712 8710 6297 8270 16187 16187 16187 6011
7926 14352 15389 8710 164 223 12008 7926 5867 4614 12233 4707 8712 1957 9431 16187
3842 3171 2856 11889 4776 1383 16187 926 8710 6259 6071 6259 8974 16187 10770 16187
7926 8710 6259 4446 11761 13640 16187 14237 2823 6259 926 16187 10033 16187 16187 16187
926 830 4312 8268 6259 9349 8710 1515 12233 9605 4312 10918 1919 15597 7987 16187
3842 3171 2856 11889 4776 1383 16187 12349 4776 10217 16187 2563 16187 1954 817 16187
926 16187 11916 16187 4776 5568 1955 4776 926 14596 16187 16187 8781 16187 16187 12349
15662 2196 4776 8846 2903 12233 6683 11889 926 2598 16187 16187 16187 16187 16187 16187
3842 3171 2856 11889 4776 1383 16187 926 8710 6259 6071 6259 8974 16187 6071 16187
4776 10418 8710 14691 14426 3177 4858 16187 16187 817 16187 16187 16187 10953 16187 9442
13474 15452 3639 14029 4776 1583 8719 4776 9431 10244 3177 4776 10033 16187 16187 16187
3842 3171 2856 11889 4776 1383 16187 926 8710 6259 6071 6259 8974 16187 926 16187
7926 8710 4868 8719 3171 2563 16187 12852 16187 4776 926 16187 16187 16187 16187 16187
14596 8710 10602 12008 6070 405 16187 16187 16187 16187 16187 16187 16187 16187 16187 16187
3842 3171 2856 11889 4776 1383 16187 12349 4776 10217 16187 2563 16187 1954 817 16187
4776 10418 8710 6535 10355 8268 12495 16187 12233 2823 16187 16187 830 1885 16187 16187
4776 2563 8710 11115 2837 4776 12256 2053 3994 5036 2373 2837 926 16187 16187 16187
3842 3171 2856 11889 4776 1383 16187 926 16187 779 12766 1954 12349 4776 2221 16187
4776 10418 8710 12489 14708 16187 11772 12739 7003 2894 3177 4776 2563 16187 16187 16187
643 8710 5329 1229 6535 9689 4776 2176 820 16187 16187 16187 16187 16187 16187 16187
3842 3171 2856 11889 4776 1383 16187 12349 4776 10217 16187 2563 16187 13141 16187 16187
7926 8710 4868 8719 3171 2563 16187 12852 16187 4776 926 16187 16187 16187 16187 16187
1229 630 3177 8712 385 12013 16187 16187 16187 16187 16187 16187 16187 16187 16187 16187
3842 3171 2856 11889 4776 1383 16187 12349 4776 10217 16187 2563 16187 13141 16187 16187
12008 8712 8710 5297 3545 3594 1919 2204 14237 3938 16187 14237 926 16187 16187 3335
13221 926 9534 8710 10716 4394 16187 16187 16187 16187 16187 16187 16187 16187 16187 16187
3842 3171 2856 11889 4776 1383 16187 7981 14237 14069 8710 13084 16146 16187 5217 16187
926 8710 6259 2176 12976 12233 4776 1726 14112 16187 3192 16187 3192 9577 16187 16187
8710 9389 830 6259 10810 1955 6259 6545 443 8710 4032 8712 2598 16187 16187 16187
3842 3171 2856 11889 4776 1383 16187 7981 14237 926 926 6259 926 16187 12349 14237
4776 10418 8710 14691 14426 3177 4858 16187 16187 817 16187 16187 16187 10953 16187 9442
14325 13474 926 2903 13474 8710 8719 6259 11855 12233 6276 1885 1919 1885 9769 16187
3842 8712 16187 63 16187 8268 8712 5867 6259 10355 2563 16187 4776 6499 16187 16187
13474 5867 10917 1957 2165 1885 926 772 10397 8719 4269 16187 16187 11889 16187 16187
4325 11031 3908 4776 9790 9424 4325 9884 12766 3908 830 4776 2588 8656 8185 16187
3842 3171 2856 11889 4776 1383 16187 7981 14237 14069 8710 13084 16146 16187 5217 16187
6173 16187 63 983 13348 13348 13348 16187 8081 8556 16187 6070 9431 16187 16187 16187
3171 8710 5580 1378 6286 3177 6259 6071 6801 13348 16187 16187 16187 16187 16187 16187
3842 3171 2856 11889 4776 1383 16187 12349 4776 10217 16187 2563 16187 13141 16187 16187
4776 10418 8710 6535 10355 8268 12495 16187 12233 2823 16187 16187 830 1885 16187 16187
7740 12475 8712 2903 14069 1919 4776 12167 14237 6731 14826 419 16187 16187 16187 16187
3842 3171 2856 11889 4776 1383 16187 12349 4776 10217 16187 2563 16187 13141 16187 16187
7740 11530 8712 16187 8719 12276 11021 5463 926 8710 6297 6259 1948 16187 16187 16187
14237 2383 14272 2598 16187 16187 16187 16187 16187 16187 16187 16187 16187 16187 16187 16187
3842 3171 2856 11889 4776 1383 16187 12349 4776 10217 16187 2563 16187 1954 817 16187
12008 8712 5867 5297 4032 9316 16187 14237 8712 10671 16187 5329 6259 6071 16187 983
4776 2365 1378 8710 4776 7199 3177 14734 11220 643 16187 16187 16187 16187 16187 16187
3842 3171 2856 11889 4776 1383 16187 8733 8712 6683 2148 5812 16187 3356 16187 3108
4776 926 8710 10770 12495 16187 14237 4776 10418 8710 6070 5543 16187 830 16187 16187
1138 15658 14776 6011 2598 5711 16187 16187 16187 16187 16187 16187 16187 16187 16187 16187
3842 3171 2856 11889 4776 1383 16187 12349 4776 10217 16187 2563 16187 13141 16187 16187
6173 16187 63 983 13348 13348 13348 16187 3137 9534 16187 16187 8913 926 16187 16187
14031 7742 8268 15658 5682 16187 16187 16187 16187 16187 16187 16187 16187 16187 16187 16187
3842 16187 16187 1737 8268 12008 8719 3366 16187 9084 16187 14518 16187 16187 16187 16187
7740 11530 8712 16187 8719 12276 11021 5463 926 8710 6259 926 16187 14125 6133 16187
4776 14281 7740 1442 4931 13872 8719 15909 16187 16187 16187 16187 16187 16187 16187 16187
3842 3171 2856 11889 4776 1383 16187 12349 4776 10217 16187 2563 16187 1954 817 16187
4776 926 8710 10770 12495 16187 14237 4776 10418 8710 6070 5543 16187 830 16187 16187
4776 2891 91 8710 5463 14180 8656 3177 4312 6665 8719 6259 926 10240 16187 16187
3842 3171 2856 11889 4776 1383 16187 926 8710 6259 6071 6259 8974 16187 6071 16187
4776 926 8710 10770 12495 16187 14237 8855 1919 3171 1378 16187 16187 16187 16187 16187
8726 6011 5568 2552 1378 2563 3171 5365 8268 3171 8710 4776 1378 12233 2552 16187
3842 3171 2856 11889 4776 1383 16187 8733 8712 6683 2148 5812 16187 13341 16187 12349
7740 11530 8712 16187 8719 12276 11021 5463 926 8710 6297 6259 1948 16187 16187 16187
