4325 11553 5627 2780 8995 2024 926 5463 6011 11553 7188 3177 16187 16187 16187 16187
3842 3171 2856 11889 4776 1383 14237 6259 10355 12233 16187 16187 157 16187 16187 16187
926 16187 15721 3177 14734 16058 9450 1620 8404 14776 4776 926 16187 926 16187 16187
4776 10033 10781 8710 9754 3098 16187 16187 16187 16187 16187 16187 16187 16187 16187 16187
3842 3171 2856 11889 4776 1383 14237 6259 10355 12233 16187 16187 157 16187 16187 16187
4776 10033 8710 6259 10358 7643 10967 10442 12233 12298 16187 16187 405 16187 16187 9264
15846 2066 10603 15525 7831 8710 1909 9290 2598 16187 16187 16187 16187 16187 16187 16187
3842 3171 2856 11889 4776 1383 14237 6259 10355 12233 16187 16187 157 16187 16187 16187
926 16187 3841 926 6826 3177 4776 12850 2946 15956 12495 16187 5208 2823 16187 16187
8712 5867 11075 1405 14237 13170 6070 8268 6070 13170 16187 16187 16187 16187 16187 16187
3842 3171 2856 11889 4776 1383 14237 6259 10355 12233 16187 16187 157 16187 16187 16187
8712 5867 6259 10355 8704 830 9070 16187 3329 16187 3177 4776 10033 16187 10918 16187
1955 14221 1955 10315 4776 8268 926 13942 12233 11553 6826 12917 16187 16187 16187 16187
3842 3171 2856 11889 4776 1383 14237 6259 10355 12233 16187 16187 157 16187 16187 16187
4776 2563 8710 7742 9575 14237 7742 602 16187 926 16187 7742 16187 16187 16187 15096
6259 14139 10619 9484 2598 16187 16187 16187 16187 16187 16187 16187 16187 16187 16187 16187
3842 3171 2856 11889 4776 1383 14237 6259 10355 12233 16187 16187 157 16187 16187 16187
4776 2563 8710 7742 9575 14237 7742 602 16187 926 16187 7742 16187 16187 16187 16187
6390 14029 926 6011 16138 9786 830 3171 13348 16187 16187 16187 16187 16187 16187 16187
3842 3171 2856 11889 4776 1383 14237 6259 10355 12233 16187 16187 157 16187 16187 16187
926 16187 3841 926 6826 3177 4776 12850 2946 15956 12495 16187 5208 2823 16187 16187
7926 779 1378 3177 4776 4267 9511 8719 4776 6215 3177 7345 16187 16187 16187 16187
3842 3171 2856 11889 4776 1383 14237 6259 10355 12233 16187 16187 157 16187 16187 16187
8712 5867 6259 10355 8704 830 9070 16187 3329 16187 3177 4776 10033 16187 926 16187
12654 3177 5463 8268 4624 5297 9605 12233 2552 15389 14311 16187 16187 16187 16187 16187
3842 3171 2856 11889 4776 1383 16187 7981 14237 926 926 6259 926 16187 5431 16187
7740 11530 8712 16187 8719 12276 11021 5463 8712 15846 2823 16187 16187 16187 16187 16187
7740 11553 2696 926 5867 926 14237 2446 926 16187 16187 16187 16187 16187 16187 16187
3842 3171 2856 11889 4776 1383 16187 7981 14237 926 926 6259 926 16187 5431 16187
7740 11530 8712 13348 16187 10953 10036 14237 7740 9084 11728 8268 6011 16138 12149 8712
8796 8268 7740 6635 8712 8268 12008 8712 11744 9754 14180 5463 16187 16187 16187 16187
3842 3171 2856 11889 4776 1383 16187 7981 14237 926 926 6259 926 16187 12349 4776
7740 11530 8712 16187 8719 12276 643 16187 4832 16187 12349 16187 3192 16187 16187 16187
16167 12208 6011 5807 10355 9288 5759 2588 16187 16187 16187 16187 16187 16187 16187 16187
3842 3171 2856 11889 4776 1383 16187 8733 8710 6259 10355 10033 16187 10762 16187 13141
7740 11530 8712 13348 16187 10953 10036 14237 7740 9084 11728 8268 6011 16138 12149 8712
7740 11789 12773 6259 11728 9544 13348 16187 16187 16187 16187 16187 16187 16187 16187 16187
3842 3171 2856 11889 4776 1383 16187 7981 14237 926 926 6259 926 16187 5431 16187
7740 11530 8712 16187 8719 12276 643 16187 4832 16187 16187 5568 16187 16187 5074 16187
7740 4552 9754 11889 4776 4927 15597 10490 15452 8268 12576 16187 16187 16187 16187 16187
3842 3171 2856 11889 4776 1383 16187 7981 14237 926 926 6259 926 16187 5431 16187
7740 11530 8712 13348 16187 10953 10036 14237 7740 9084 12892 8712 16187 8270 16187 16187
14180 8719 14180 8268 6259 10770 2765 3177 2103 1957 4776 8185 16187 16187 16187 16187
3842 3171 2856 11889 4776 1383 14237 6259 10355 12233 16187 16187 157 16187 16187 16187
4776 2563 8710 7742 9575 14237 7742 602 16187 926 16187 7742 16187 16187 16187 15096
10710 4152 8268 12008 7997 284 16187 16187 16187 16187 16187 16187 16187 16187 16187 16187
3842 3171 2856 11889 4776 1383 14237 6259 10355 12233 16187 16187 157 16187 16187 16187
4776 10033 8710 6259 10358 7643 10967 10442 12233 12298 16187 16187 405 16187 16187 9264
7926 4089 6905 1955 6259 3098 2353 1919 3171 10033 1093 16187 16187 16187 16187 16187
3842 3171 2856 11889 4776 1383 14237 6259 10355 12233 16187 16187 157 16187 16187 16187
4776 926 8710 10770 12495 16187 12576 8268 1955 3257 16187 8719 15597 2037 16187 16187
3171 16038 10033 8710 6259 12260 12233 2552 8726 6011 14776 6259 926 3082 14230 16187
3842 3171 2856 11889 4776 1383 14237 6259 10355 12233 16187 16187 157 16187 16187 8185
6173 16187 63 9296 926 13348 16187 8901 16187 16187 2097 3177 8811 16187 1378 16187
7740 9084 9754 12003 8712 16187 16187 16187 16187 16187 16187 16187 16187 16187 16187 16187
3842 3171 2856 11889 4776 1383 16187 7981 14237 926 926 6259 926 16187 12349 4776
7740 11530 8712 16187 8719 12276 643 16187 4832 16187 16187 5568 16187 16187 5074 16187
926 926 5867 9534 4931 1258 16187 16187 16187 16187 16187 16187 16187 16187 16187 16187
3842 3171 2856 11889 4776 1383 14237 6259 10355 12233 16187 16187 157 16187 16187 16187
926 926 8710 4776 9790 4927 16187 7926 8710 16187 16187 16187 16187 16187 1957 16187
16108 14043 5329 6011 14776 10743 3847 5329 8438 16187 16187 16187 16187 16187 16187 16187
3842 3171 2856 11889 4776 1383 16187 7981 14237 926 926 6259 926 16187 12349 4776
4776 2563 4931 3335 13348 16187 11530 16187 15731 820 12233 2121 1885 12298 2903 16187
5390 6714 8710 10915 8124 8719 4776 16187 16187 16187 16187 16187 16187 16187 16187 16187
3842 3171 2856 11889 4776 1383 14237 6259 10355 12233 16187 16187 157 16187 16187 16187
926 16187 5332 16187 1098 8719 6259 8657 1857 16187 5695 16187 16187 16187 8719 926
14457 1955 4776 12489 3177 4776 13021 6173 16187 16187 16187 16187 16187 16187 16187 16187
3842 3171 2856 11889 4776 1383 14237 6259 10355 12233 16187 16187 157 16187 16187 16187
4776 10418 8710 12489 14708 16187 11772 12739 7003 2894 3177 926 16187 16187 926 16187
137 8712 8710 9754 16187 16187 16187 16187 16187 16187 16187 16187 16187 16187 16187 16187
3842 3171 2856 11889 4776 1383 16187 8733 8710 6259 10355 10033 16187 10762 16187 13141
7740 11530 8712 16187 8719 12276 11021 5463 8712 15846 2823 16187 16187 16187 16187 16187
8712 2446 779 16139 5200 2687 4440 16187 16187 16187 16187 16187 16187 16187 16187 16187
3842 3171 2856 11889 4776 1383 14237 6259 10355 12233 16187 16187 157 16187 16187 16187
8712 8710 6259 9940 12805 16187 3559 16187 983 1919 4776 926 16187 16187 16187 926
7001 12650 10485 8106 16187 16187 16187 16187 16187 16187 16187 16187 16187 16187 16187 16187
3842 3171 2856 11889 4776 1383 16187 7981 14237 926 926 6259 926 16187 5431 16187
7740 11530 8712 13348 16187 10953 10036 14237 7740 9084 12892 8712 16187 8270 16187 16187
7740 968 8154 3171 830 4776 6434 14237 5329 13533 8712 5867 14596 16187 16187 16187
3842 3171 2856 11889 4776 1383 16187 12349 4776 10217 16187 926 16187 16187 16187 8069
7740 11530 8712 16187 8719 12276 643 16187 4832 16187 16187 5568 16187 16187 5074 16187
4776 4924 14237 2687 4440 9498 1344 13181 16187 16187 16187 16187 16187 16187 16187 16187
3842 3171 2856 11889 4776 1383 14237 6259 10355 12233 16187 16187 157 16187 16187 16187
4776 926 8710 10770 12495 16187 12576 8268 1955 3257 16187 8719 15597 16187 16187 16187
926 8808 8710 1213 6259 926 926 13348 16187 16187 16187 16187 16187 16187 16187 16187
3842 3171 2856 11889 4776 1383 14237 6259 10355 12233 16187 16187 157 16187 16187 16187
926 16187 5332 16187 1098 8719 6259 8657 8268 12576 16187 4776 14596 16187 16187 1344
6259 1138 5329 8798 5711 16187 16187 16187 16187 16187 16187 16187 16187 16187 16187 16187
3842 3171 2856 11889 4776 1383 14237 6259 10355 12233 16187 16187 157 16187 16187 16187
4776 10033 8710 6259 10358 7643 10967 10442 12233 12298 16187 16187 405 16187 16187 9264
4776 3246 779 12233 7001 10918 12233 14272 8084 7926 4931 3908 8258 9222 1133 16187
3842 3171 2856 11889 4776 1383 14237 6259 10355 12233 16187 16187 157 16187 16187 16187
926 16187 15721 3177 14734 16058 9450 1620 8404 14776 4776 926 16187 926 16187 16187
12008 1955 1954 13926 13474 8710 7594 16187 16187 16187 16187 16187 16187 16187 16187 16187
3842 8712 16187 4776 926 16187 6259 7815 13348 16187 13348 16187 16187 1737 16187 16187
12008 8712 8710 6259 15493 5916 6011 15846 4261 8268 1549 14237 15349 16187 16187 5208
4991 12233 4776 12303 14237 12233 5157 8268 15658 3009 5823 91 16187 16187 16187 16187
3842 3171 2856 11889 4776 1383 14237 6259 10355 12233 16187 16187 157 16187 16187 16187
926 16187 5447 6259 10355 950 12232 11553 12233 926 1919 5463 16187 16187 284 16187
7926 2079 14734 8520 8719 4776 10330 14220 16187 16187 16187 16187 16187 16187 16187 16187
3842 3171 2856 11889 4776 1383 14237 6259 10355 12233 16187 16187 157 16187 16187 16187
4776 926 8710 10770 12495 16187 12576 8268 1955 3257 16187 8719 15597 16187 16187 16187
3171 8710 1378 3177 9743 1133 5463 8093 15881 817 16187 16187 16187 16187 16187 16187
3842 3171 2856 11889 4776 1383 14237 6259 10355 12233 16187 16187 157 16187 16187 16187
4776 10033 8710 6259 10358 7643 10967 10442 12233 12298 16187 16187 405 16187 16187 9264
8712 771 4537 11953 12958 6011 7448 8719 6259 3098 10033 16187 16187 16187 16187 16187
3842 3171 2856 11889 4776 1383 14237 6259 10355 12233 16187 16187 157 16187 16187 16187
8712 8710 6259 9940 12805 16187 3559 16187 983 1919 4776 926 16187 16187 926 16187
5341 926 13549 6259 3098 5121 954 16187 16187 16187 16187 16187 16187 16187 16187 16187
3842 3171 2856 11889 4776 1383 14237 6259 10355 12233 16187 16187 157 16187 16187 16187
4776 10418 8710 12489 14708 16187 11772 12739 7003 2894 3177 926 16187 16187 926 16187
3171 8857 9872 9070 16187 16187 16187 16187 16187 16187 16187 16187 16187 16187 16187 16187
3842 3171 2856 11889 4776 1383 14237 6259 10355 12233 16187 16187 157 16187 16187 16187
4776 10033 8710 6259 10358 7643 10967 10442 12233 12298 16187 16187 405 16187 16187 9264
3171 983 15520 7981 7001 12233 3676 1543 6179 13501 12825 601 16187 16187 16187 16187
3842 3171 2856 11889 4776 1383 14237 6259 10355 12233 16187 16187 157 16187 16187 16187
4776 10033 8710 6259 10358 7643 10967 10442 12233 12298 16187 16187 405 16187 16187 9264
4776 16146 582 14237 15358 11553 12233 8855 1919 5713 6149 16187 16187 16187 16187 16187
4776 2563 8710 5329 7594 8268 8719 3511 8712 8710 7742 10471 16187 7742 16187 16187
4776 926 8710 10770 12495 16187 12576 8268 1955 3257 16187 8719 15597 16187 16187 16187
3171 2122 3594 2563 8710 593 6521 7178 5463 8093 15881 1507 14043 15624 16187 16187
3842 3171 2856 11889 4776 1383 14237 6259 10355 12233 16187 16187 157 16187 16187 16187
4776 10033 8710 6259 10358 7643 10967 10442 12233 12298 16187 16187 405 16187 16187 9264
12338 12835 11889 10684 12569 14237 3367 926 16187 16187 16187 16187 16187 16187 16187 16187
3842 3171 2856 11889 4776 1383 16187 12349 4776 10217 16187 926 16187 16187 16187 8069
7740 11530 8712 16187 8719 12276 643 16187 4832 16187 16187 5568 16187 16187 5074 16187
4776 10583 8710 4546 14237 4776 9511 14776 7742 10471 16187 16187 16187 16187 16187 16187
3842 3171 2856 11889 4776 1383 14237 6259 10355 12233 16187 16187 157 16187 16187 16187
4776 926 8710 10770 12495 16187 12576 8268 1955 3257 16187 8719 15597 16187 16187 16187
4776 926 14776 10355 14237 1229 8710 4776 14599 16187 16187 16187 16187 16187 16187 16187
3842 3171 2856 11889 4776 1383 14237 6259 10355 12233 16187 16187 157 16187 16187 16187
4776 926 8710 10770 12495 16187 12576 16187 4776 14599 16187 10501 16187 15096 1941 16187
7596 4552 4325 6699 6826 3087 8268 5335 4552 4325 14581 1222 16187 16187 16187 16187
3842 3171 2856 11889 4776 1383 16187 8733 8710 6259 10355 10033 16187 10762 16187 13141
4776 10418 8710 6535 10355 8268 12495 16187 12233 2823 16187 16187 16187 16187 9442 5030
2486 11704 3112 1954 11778 8719 8712 1955 6259 6087 3788 10193 926 16187 16187 16187
3842 3171 2856 11889 4776 1383 14237 6259 10355 12233 16187 16187 157 16187 16187 16187
4776 10418 8710 6535 10355 8268 12495 16187 12233 2823 16187 16187 830 1885 16187 16187
11789 12401 14237 12127 3384 4931 11022 8719 11179 16187 16187 16187 16187 16187 16187 16187
3842 3171 2856 11889 4776 1383 14237 6259 10355 12233 16187 16187 157 16187 16187 16187
926 5867 14405 14776 7661 10915 10915 15848 16187 16187 1919 926 16187 16187 16187 16187
14884 3112 1133 11889 5568 14884 3112 1133 16187 16187 16187 16187 16187 16187 16187 16187
3842 3171 2856 11889 4776 1383 16187 8733 8710 6259 10355 10033 16187 10762 16187 13141
4776 10418 8710 12489 14708 16187 11772 12739 7003 2894 3177 926 16187 16187 926 16187
14043 1138 12276 8620 926 5711 2598 16187 16187 16187 16187 16187 16187 16187 16187 16187
3842 3171 2856 11889 4776 1383 16187 12349 4776 10217 16187 926 16187 16187 16187 8069
7740 11530 8712 13348 16187 10953 10036 14237 7740 9084 12892 8712 16187 8270 16187 16187
5359 8268 816 16187 16187 16187 16187 16187 16187 16187 16187 16187 16187 16187 16187 16187
3842 3171 2856 11889 4776 1383 16187 8733 8712 6683 2148 5812 16187 12349 4776 1583
7740 11530 8712 16187 8719 12276 11021 5463 8712 15846 2823 16187 16187 16187 16187 16187
6011 4552 9754 10503 9070 2598 16187 16187 16187 16187 16187 16187 16187 16187 16187 16187
3842 3171 2856 11889 4776 1383 16187 7981 14237 926 926 6259 926 16187 12349 14237
7740 11530 8712 13348 16187 10953 10036 14237 7740 9084 11728 8268 6011 16138 12149 8712
1378 176 8710 4776 15842 5738 5122 16187 16187 16187 16187 16187 16187 16187 16187 16187
3842 3171 2856 11889 4776 1383 14237 6259 10355 12233 16187 16187 157 16187 16187 16187
4776 10418 8710 6535 10355 1955 7742 16187 16187 926 926 16187 16187 16187 16187 2148
3171 2563 8710 5329 10355 16187 16187 16187 16187 16187 16187 16187 16187 16187 16187 16187
3842 3171 2856 11889 4776 1383 14237 6259 10355 12233 16187 16187 157 16187 16187 16187
4776 10033 8710 6259 10358 7643 10967 10442 12233 12298 16187 16187 405 16187 16187 9264
6297 8268 3171 8710 9754 1229 8569 8268 8712 8710 4537 1482 2598 16187 16187 16187
3842 3171 2856 11889 4776 1383 16187 8733 8710 6259 10355 10033 16187 10762 16187 13141
6173 16187 63 983 13348 13348 13348 16187 926 16187 1737 16187 6500 16187 6070 13074
14272 315 4552 7740 9605 15525 3177 3171 2563 2598 16187 16187 16187 16187 16187 16187
3842 3171 2856 11889 4776 1383 14237 6259 10355 12233 16187 16187 157 16187 16187 16187
4776 2563 8710 7742 9575 14237 7742 602 16187 5332 16187 1957 15096 16187 926 14237
926 5340 4776 3942 16187 16187 16187 16187 16187 16187 16187 16187 16187 16187 16187 16187
3842 3171 2856 11889 4776 1383 14237 6259 10355 12233 16187 16187 157 16187 16187 16187
926 16187 5447 6259 3098 950 16187 16187 12233 12650 16187 16187 16187 16187 7970 16187
8069 4776 3052 14776 6929 16187 16187 16187 16187 16187 16187 16187 16187 16187 16187 16187
3842 3171 2856 11889 4776 1383 14237 6259 10355 12233 16187 16187 157 16187 16187 16187
4776 10418 8710 12489 14708 16187 11772 12739 7003 2894 3177 926 16187 16187 926 16187
926 8710 6259 9964 13868 3211 1919 6259 14397 10569 14351 8712 5867 5329 2689 16187
3842 3171 2856 11889 4776 1383 14237 6259 10355 12233 16187 16187 157 16187 16187 16187
926 16187 11916 16187 1229 8268 14237 8712 5867 5463 4776 14596 16187 5580 16187 16187
3600 926 4552 5329 7001 3748 926 13348 16187 16187 16187 16187 16187 16187 16187 16187
3842 3171 2856 11889 4776 1383 14237 6259 10355 12233 16187 16187 157 16187 16187 16187
926 16187 15721 3177 14734 16058 9450 1620 8404 14776 4776 926 16187 2446 926 16187
3171 4931 6070 3932 8719 2053 1403 3994 16187 16187 16187 16187 16187 16187 16187 16187
3842 3171 2856 11889 4776 1383 14237 6259 10355 12233 16187 16187 157 16187 16187 16187
4776 10033 8710 6259 10358 7643 10967 10442 12233 12298 16187 16187 405 16187 16187 9264
4776 6178 3177 4776 2616 14776 11041 14237 12583 16187 16187 16187 16187 16187 16187 16187
3842 3171 2856 11889 4776 1383 14237 6259 10355 12233 16187 16187 157 16187 16187 16187
4776 926 8710 10770 12495 16187 12576 8268 1955 3257 16187 8719 15597 16187 16187 16187
4776 10033 9084 5329 3099 9070 5774 16187 16187 16187 16187 16187 16187 16187 16187 16187
3842 3171 2856 11889 4776 1383 14237 6259 10355 12233 16187 16187 157 16187 16187 16187
4776 10033 8710 6259 10358 7643 10967 10442 12233 12298 16187 16187 405 16187 16187 9264
14411 8268 91 5867 4776 8662 4152 1019 13907 4776 6173 13501 4776 14001 16187 16187
3842 3171 2856 11889 4776 1383 16187 12349 4776 10217 16187 926 16187 16187 16187 8069
7740 11530 8712 16187 8719 12276 11021 5463 8712 15846 2823 16187 16187 16187 16187 16187
8733 13084 4710 11953 8712 8268 3171 8710 6259 6071 2563 16187 16187 16187 16187 16187
3842 3171 2856 11889 4776 1383 14237 6259 10355 12233 16187 16187 157 16187 16187 16187
4776 10033 8710 6259 10358 7643 10967 10442 12233 12298 16187 16187 405 16187 16187 9264
2359 13348 16187 16187 16187 16187 16187 16187 16187 16187 16187 16187 16187 16187 16187 16187
3842 3171 2856 11889 4776 1383 16187 8733 8710 6259 10355 10033 16187 10762 16187 13141
7740 11530 8712 16187 8719 12276 11021 5463 8712 15846 2823 16187 16187 16187 16187 16187
8712 5867 10399 12233 10503 7945 12232 11553 5919 9831 8719 3171 2563 16187 16187 16187
3842 3171 2856 11889 4776 1383 16187 12349 4776 10217 16187 926 16187 16187 13141 12233
8712 5867 6259 10355 8704 830 9070 16187 12555 15593 16187 14373 1588 14237 2946 16187
6259 12260 2552 2837 14180 7156 16187 16187 16187 16187 16187 16187 16187 16187 16187 16187
3842 3171 2856 11889 4776 1383 14237 6259 10355 12233 16187 16187 157 16187 16187 16187
4776 10033 8710 6259 10358 7643 10967 10442 12233 12298 16187 16187 405 16187 16187 9264
4776 12013 8710 6070 1971 14237 4776 6006 8710 2446 10355 16187 16187 16187 16187 16187
4776 4152 8710 8423 2148 15513 12008 15658 5682 2598 16187 16187 7157 16187 16187 830
4776 926 8710 10770 12495 16187 12576 8268 1955 3257 16187 8719 15597 16187 16187 16187
4776 7310 284 8268 2837 4776 4927 8268 14776 6297 6535 10355 830 15597 983 16187
3842 3171 2856 11889 4776 1383 14237 6259 10355 12233 16187 16187 157 16187 16187 8185
4776 10033 8710 6259 6070 4091 11032 3177 4776 8588 3177 926 16187 16187 926 16187
13864 7926 2979 10967 14691 12008 9591 16187 16187 16187 16187 16187 16187 16187 16187 16187
3842 3171 2856 11889 4776 1383 14237 6259 10355 12233 16187 16187 157 16187 16187 16187
926 16187 11916 16187 1229 8268 14237 8712 5867 5329 16187 926 16187 16187 16187 1378
2263 5329 6259 10355 8569 2563 8268 2263 4537 6259 8569 2563 16187 16187 16187 16187
3842 3171 2856 11889 4776 1383 14237 6259 10355 12233 16187 16187 157 16187 16187 16187
4776 2563 8710 7742 9575 14237 7742 602 16187 5332 16187 1957 15096 16187 926 14237
3171 2563 8710 9122 1919 926 14237 8200 16187 16187 16187 16187 16187 16187 16187 16187
3842 3171 2856 11889 4776 1383 14237 6259 10355 12233 16187 16187 157 16187 16187 16187
4776 10033 8710 6259 10358 7643 10967 10442 12233 12298 16187 16187 405 16187 16187 9264
13616 16187 16187 16187 16187 16187 16187 16187 16187 16187 16187 16187 16187 16187 16187 16187
3842 3171 2856 11889 4776 1383 16187 8733 8710 6259 10355 10033 16187 10762 16187 13141
7740 11530 8712 16187 8719 12276 11021 5463 8712 15846 2823 16187 16187 16187 16187 16187
8712 4931 12606 8268 12008 7740 15846 5329 2823 9316 3171 10033 10036 16187 16187 16187
3842 3171 2856 11889 4776 1383 14237 6259 10355 12233 16187 16187 157 16187 16187 16187
8712 8710 6259 12260 2552 16187 830 5820 2563 16187 4776 9431 16187 7937 3177 16187
8712 8710 9754 1955 1523 1955 10355 4310 4750 8268 3177 12638 4310 2572 16187 16187
3842 3171 2856 11889 4776 1383 14237 6259 10355 12233 16187 16187 157 16187 16187 16187
8712 8710 6259 9940 12805 16187 8081 8268 4776 926 2563 8710 4776 926 16187 926
4776 13839 14776 10355 14237 926 926 3112 830 6259 10762 8887 16187 16187 16187 16187
3842 3171 2856 11889 4776 1383 14237 6259 10355 12233 16187 16187 157 16187 16187 16187
4776 926 8710 10770 12495 16187 12576 16187 4776 14599 16187 10501 16187 15096 1941 16187
14237 4776 1138 5059 5711 3177 926 926 4537 12349 4776 926 13348 16187 16187 16187
3842 3171 2856 11889 4776 1383 14237 6259 10355 12233 16187 16187 157 16187 16187 16187
6173 16187 63 9296 926 13348 16187 8901 16187 16187 14125 11889 4776 10033 16187 16187
9296 5463 5867 926 12576 8268 15978 3461 8268 4325 14776 10217 9780 12835 16187 16187
3842 3171 2856 11889 4776 1383 16187 8733 8710 6259 10355 10033 16187 10762 16187 13141
7740 11530 8712 16187 8719 12276 11021 5463 8712 15846 2823 16187 16187 16187 16187 16187
4311 1378 4832 7926 8451 4776 9385 3137 2150 1019 926 926 6173 204 13348 16187
3842 3171 2856 11889 4776 1383 14237 6259 10355 12233 16187 16187 157 16187 16187 16187
926 16187 15721 3177 14734 16058 13186 5867 3298 926 3644 9754 926 16187 16187 16187
1957 4776 983 8268 14734 2752 14776 1125 14029 4776 6506 12940 926 10033 16187 16187
3842 3171 2856 11889 4776 1383 14237 6259 10355 12233 16187 16187 157 16187 16187 16187
4776 2563 8710 7742 9575 14237 7742 602 16187 926 16187 7742 16187 16187 16187 15096
926 8710 15848 10719 3171 2563 4776 564 13474 779 8084 13081 16187 16187 16187 16187
3842 3171 2856 11889 4776 1383 14237 6259 10355 12233 16187 16187 157 16187 16187 16187
926 16187 5447 6259 3098 950 16187 16187 12233 12650 16187 16187 16187 16187 7970 16187
4776 1138 7740 1951 6259 9313 926 9385 5711 4931 2326 7960 8843 16187 16187 16187
4776 926 4931 2446 14635 3177 14125 5463 8268 2563 16187 6535 8268 2326 11921 16187
4776 926 926 13094 8710 8664 14237 4776 12835 15940 8268 8726 6259 9450 9082 16187
14272 1954 1175 10283 13839 16187 16187 16187 16187 16187 16187 16187 16187 16187 16187 16187
3842 3171 2856 11889 4776 1383 14237 6259 10355 12233 16187 16187 157 16187 16187 16187
4776 2563 8710 7742 9575 14237 7742 602 16187 926 16187 7742 16187 16187 16187 16187
12716 8268 10967 6259 4152 10147 8268 3171 2563 8710 6388 16187 16187 16187 16187 16187
3842 3171 2856 11889 4776 1383 16187 12349 4776 10217 16187 926 16187 16187 16187 8069
7740 11530 8712 16187 8719 12276 11021 5463 8712 15846 2823 16187 16187 16187 16187 16187
1430 926 5867 8808 3112 9450 2191 16187 16187 16187 16187 16187 16187 16187 16187 16187
3842 3171 2856 11889 4776 1383 14237 6259 10355 12233 16187 16187 157 16187 16187 16187
4776 10033 8710 6259 10358 7643 10967 10442 12233 12298 16187 16187 405 16187 16187 9264
15597 11738 926 15846 8093 2823 7723 16187 16187 16187 16187 16187 16187 16187 16187 16187
3842 3171 2856 11889 4776 1383 14237 6259 10355 12233 16187 16187 157 16187 16187 16187
4776 10033 8710 6259 10358 7643 10967 10442 12233 12298 16187 16187 405 16187 16187 9264
14272 12232 5367 12233 12625 8726 4776 14274 7164 926 15525 2598 16187 16187 16187 16187
3842 3171 2856 11889 4776 1383 14237 6259 10355 12233 16187 16187 157 16187 16187 16187
4776 10033 8710 6259 10358 7643 10967 10442 12233 12298 16187 16187 405 16187 16187 9264
6173 8712 5867 14029 926 926 7740 327 6011 12233 12650 8712 13348 16187 16187 16187
3842 3171 2856 11889 4776 1383 14237 6259 10355 12233 16187 16187 157 16187 16187 16187
6173 16187 63 9296 926 13348 16187 8901 16187 16187 2097 3177 8811 16187 16187 14237
2823 13616 12233 13077 15525 4776 100 9431 13348 16187 16187 16187 16187 16187 16187 16187
3842 3171 2856 11889 4776 1383 16187 7981 14237 926 926 6259 926 16187 5431 16187
7740 11530 8712 16187 8719 12276 11021 5463 8712 15846 2823 16187 16187 16187 16187 16187
5288 8268 14069 14776 15335 4949 8795 8719 4776 10033 16187 16187 16187 16187 16187 16187
3842 3171 2856 11889 4776 1383 16187 7981 14237 926 926 6259 926 16187 12349 4776
7740 11530 8712 16187 8719 12276 11021 5463 8712 15846 2823 16187 16187 16187 16187 16187
7926 5867 6259 5095 5463 7740 3364 2823 10355 7981 1919 16187 16187 16187 16187 16187
3842 3171 2856 11889 4776 1383 14237 6259 10355 12233 16187 16187 157 16187 16187 16187
8712 5867 6259 10355 8704 830 9070 16187 12555 15593 16187 14373 1588 14237 2946 16187
14069 8710 6826 3098 3078 14237 7740 12431 6259 10355 14581 830 4776 6685 1186 16187
3842 3171 2856 11889 4776 1383 14237 6259 10355 12233 16187 16187 157 16187 16187 16187
926 16187 5332 16187 1098 8719 6259 8657 8268 12576 16187 4776 14596 16187 16187 1344
3171 8710 6259 6718 2167 12491 10950 14237 1954 1843 8808 4128 585 2858 1378 16187
3842 3171 2856 11889 4776 1383 14237 6259 10355 12233 16187 16187 157 16187 16187 16187
4776 10033 8710 6259 10358 7643 10967 10442 12233 12298 16187 16187 405 16187 16187 9264
1955 830 4776 14596 8268 7740 1110 8712 13348 16187 16187 16187 16187 16187 16187 16187
3842 3171 2856 11889 4776 1383 14237 6259 10355 12233 16187 16187 157 16187 16187 16187
4776 2563 8710 7742 9575 14237 7742 602 16187 5332 16187 1957 15096 16187 926 3929
2552 8712 1919 13852 6011 1110 16187 16187 16187 16187 16187 16187 16187 16187 16187 16187
3842 3171 2856 11889 4776 1383 16187 7981 14237 926 926 6259 926 16187 12349 4776
7740 11530 8712 13348 16187 10953 10036 14237 7740 9084 11728 8268 6011 16138 12149 8712
9484 9484 4721 926 4931 2296 12276 1860 7970 16187 16187 16187 16187 16187 16187 16187
3842 3171 2856 11889 4776 1383 14237 6259 10355 12233 16187 16187 157 16187 16187 16187
6173 16187 63 9296 926 13348 16187 8901 16187 16187 7336 926 16187 16187 6070 15291
14272 10566 13887 12276 1110 830 4776 10983 3177 6071 8710 4776 8181 830 10729 16187
3842 3171 2856 11889 4776 1383 14237 6259 10355 12233 16187 16187 157 16187 16187 8185
4776 2563 8710 7742 9575 14237 7742 602 16187 5332 16187 1957 15096 16187 926 14237
13280 4931 12233 2823 4776 11348 11401 3177 9057 926 14237 15846 1440 16187 16187 16187
3842 3171 2856 11889 4776 1383 14237 6259 10355 12233 16187 16187 157 16187 16187 16187
926 16187 3841 926 6826 3177 4776 12850 2946 15956 12495 16187 5208 2823 16187 16187
4325 7001 12233 6259 926 3177 6259 5404 926 15142 478 16187 16187 16187 16187 16187
3842 3171 2856 11889 4776 1383 14237 6259 10355 12233 16187 16187 157 16187 16187 16187
926 16187 3841 926 6826 3177 4776 12850 2946 15956 12495 16187 5208 2823 16187 16187
7508 8268 12654 14734 14186 3177 11954 11198 8268 14734 954 8710 3335 16187 16187 16187
3842 3171 2856 11889 4776 1383 16187 12349 4776 10217 16187 926 16187 16187 13141 12233
7740 11530 8712 16187 8719 12276 11021 5463 8712 15846 2823 16187 16187 16187 16187 16187
3098 13839 8268 12495 13348 16187 16187 16187 16187 16187 16187 16187 16187 16187 16187 16187
3842 3171 2856 11889 4776 1383 14237 6259 10355 12233 16187 16187 157 16187 16187 16187
4776 926 8710 10770 12495 16187 12576 8268 1955 3257 16187 8719 15597 16187 16187 16187
7740 4931 5329 9106 16187 16187 16187 16187 16187 16187 16187 16187 16187 16187 16187 16187
3842 3171 2856 11889 4776 1383 16187 8733 8712 6683 2148 5812 16187 12349 4776 1583
7740 11530 8712 13348 16187 10953 10036 14237 7740 9084 12892 8712 16187 8270 16187 16187
16147 16187 16187 16187 16187 16187 16187 16187 16187 16187 16187 16187 16187 16187 16187 16187
3842 3171 2856 11889 4776 1383 14237 6259 10355 12233 16187 16187 157 16187 16187 16187
4776 10033 8710 6259 10358 7643 10967 10442 12233 12298 16187 16187 405 16187 16187 9264
7740 4628 9754 15784 8712 830 6011 4537 2552 8712 830 5430 16187 16187 16187 16187
3842 3171 2856 11889 4776 1383 16187 7981 14237 926 926 6259 926 16187 12349 4776
7740 11530 8712 13348 16187 10953 10036 14237 7740 9084 11728 8268 6011 16138 12149 8712
926 779 15761 10418 14237 6259 926 15831 1323 16187 16187 16187 16187 16187 16187 16187
3842 3171 2856 11889 4776 1383 14237 6259 10355 12233 16187 16187 157 16187 16187 16187
926 16187 11916 16187 1229 8268 14237 8712 5867 5463 4776 14596 16187 5580 6259 9001
12757 9070 6259 5820 3667 3177 9831 16187 16187 16187 16187 16187 16187 16187 16187 16187
3842 3171 2856 11889 4776 1383 16187 7981 14237 926 926 6259 926 16187 5431 16187
7740 11530 8712 16187 8719 12276 11021 5463 8712 15846 2823 16187 16187 16187 16187 16187
7926 12260 11553 12766 2606 1955 7926 926 12233 2823 6259 10501 3177 3171 16187 16187
3842 3171 2856 11889 4776 1383 14237 6259 10355 12233 16187 16187 157 16187 16187 16187
926 16187 11916 16187 1229 8268 14237 8712 5867 5463 4776 14596 16187 5580 16187 16187
5153 1706 926 9450 11453 3548 8719 11322 8397 16187 16187 16187 16187 16187 16187 16187
3842 3171 2856 11889 4776 1383 16187 12349 4776 10217 16187 926 16187 16187 16187 8069
926 16187 11916 16187 1229 8268 14237 8712 5867 5463 4776 926 16187 16187 16187 16187
7740 12102 8712 13089 926 14237 926 12082 1138 5711 8712 2326 14276 9070 3748 16187
3842 3171 2856 11889 4776 1383 14237 6259 10355 12233 16187 16187 157 16187 16187 16187
7740 11530 8712 16187 8719 12276 643 16187 4832 16187 16187 5568 16187 16187 5074 16187
8712 4931 4927 3748 14012 8719 2263 7333 4406 837 16187 16187 16187 16187 16187 16187
3842 3171 2856 11889 4776 1383 14237 6259 10355 12233 16187 16187 157 16187 16187 16187
8712 8710 6259 9940 12805 16187 8081 8268 4776 10033 5867 926 16187 926 16187 684
12855 926 926 5867 63 10033 4931 15142 12495 630 6529 16187 16187 16187 16187 16187
3842 3171 2856 11889 4776 1383 14237 6259 10355 12233 16187 16187 157 16187 16187 16187
926 16187 11916 16187 1229 8268 14237 8712 5867 5463 4776 14596 16187 5580 16187 16187
926 10978 1919 13587 15696 1919 554 14237 423 16187 16187 16187 16187 16187 16187 16187
3842 3171 2856 11889 4776 1383 14237 6259 10355 12233 16187 16187 157 16187 16187 16187
926 16187 5332 16187 1098 8719 6259 8657 8268 12576 16187 1344 7742 16187 5398 16187
7740 4552 3017 12576 5463 4325 6381 1229 630 13606 14029 15597 8248 11034 11315 16187
3842 3171 2856 11889 4776 1383 14237 6259 10355 12233 16187 16187 157 16187 16187 16187
7740 11530 8712 16187 8719 12276 11021 5463 8712 15846 2823 16187 16187 16187 16187 16187
4325 9084 9754 8152 3171 4776 1781 2974 830 14691 16187 16187 16187 16187 16187 16187
3842 3171 2856 11889 4776 1383 16187 7981 14237 926 926 6259 926 16187 12349 4776
6173 16187 63 983 13348 13348 13348 16187 3137 9534 16187 3400 3880 16187 16187 16187
10566 3177 4776 10554 8710 4537 3177 4776 7926 13474 8710 2326 3098 7741 16187 16187
3842 3171 2856 11889 4776 1383 14237 6259 10355 12233 16187 16187 157 16187 16187 16187
4776 2563 8710 7742 9575 14237 7742 602 16187 926 16187 7742 16187 16187 16187 16187
2122 8268 14419 8268 4856 8268 1110 14237 983 198 13348 16187 16187 16187 16187 16187
3842 3171 2856 11889 4776 1383 14237 6259 10355 12233 16187 16187 157 16187 16187 16187
6173 16187 63 983 13348 13348 13348 16187 926 16187 1737 16187 6500 16187 6070 6140
816 16187 16187 16187 16187 16187 16187 16187 16187 16187 16187 16187 16187 16187 16187 16187
3842 3171 2856 11889 4776 1383 14237 6259 10355 12233 16187 16187 157 16187 16187 16187
4776 2563 8710 7742 9575 14237 7742 602 16187 926 16187 7742 16187 16187 16187 15096
4776 14596 8710 15804 16187 16187 16187 16187 16187 16187 16187 16187 16187 16187 16187 16187
4776 4152 8710 5329 10589 2002 14237 7094 14029 4776 10646 513 3177 8353 16187 16187
4776 926 8710 10770 12495 16187 12576 16187 4776 14599 16187 10501 16187 15096 1941 16187
7740 1110 3367 6972 16187 16187 16187 16187 16187 16187 16187 16187 16187 16187 16187 16187
7740 4552 9754 15956 14272 14180 4776 14678 14776 9316 16187 16187 14237 4032 15715 16187
7740 11530 8712 13348 16187 10953 10036 14237 7740 9084 11728 8268 6011 16138 2526 13348
12008 1955 10399 1955 8712 6245 8712 4537 1411 9070 12233 5804 16187 16187 16187 16187
3842 8712 16187 4776 926 16187 6259 7815 13348 16187 13348 16187 16187 1737 16187 16187
12008 8712 8710 6259 15493 5916 6011 15846 4261 8268 1549 14237 15349 16187 16187 5208
4325 11553 12766 7797 7323 9743 308 771 13084 7121 16187 16187 16187 16187 16187 16187
3842 3171 2856 11889 4776 1383 16187 12349 4776 10217 16187 926 16187 16187 16187 8069
7740 11530 8712 16187 8719 12276 643 16187 4832 16187 12349 16187 3192 16187 16187 16187
6173 16187 16187 16187 16187 16187 16187 16187 16187 16187 16187 16187 16187 16187 16187 16187
3842 3171 2856 11889 4776 1383 14237 6259 10355 12233 16187 16187 157 16187 16187 16187
6173 16187 12260 2823 10399 12233 11553 926 8268 4776 14596 16187 2326 16187 16187 630
9296 926 5867 3137 11757 13103 15846 9605 14180 4776 2954 5022 16187 16187 16187 16187
3842 3171 2856 11889 4776 1383 14237 6259 10355 12233 16187 16187 157 16187 16187 16187
926 16187 15721 3177 14734 16058 13186 5867 3298 926 3644 9754 926 16187 16187 16187
6826 3177 4776 7310 284 14776 926 14237 4624 9605 12233 2552 4776 2176 1531 16187
3842 3171 2856 11889 4776 1383 14237 6259 10355 12233 16187 16187 157 16187 16187 8185
8712 5867 6259 10355 8704 830 9070 16187 3329 16187 3177 4776 10033 16187 10918 16187
8712 779 6259 10355 132 574 7740 5208 5329 1436 8712 8710 7336 926 16187 16187
3842 3171 2856 11889 4776 1383 14237 6259 10355 12233 16187 16187 157 16187 16187 16187
8712 8710 6259 12260 2552 16187 830 5820 2563 16187 4776 9431 16187 7937 16187 16187
10669 13348 13348 16187 16187 16187 16187 16187 16187 16187 16187 16187 16187 16187 16187 16187
3842 3171 2856 11889 4776 1383 16187 8733 8712 6683 2148 5812 16187 12349 4776 1583
7740 11530 8712 13348 16187 10953 10036 14237 7740 9084 11728 8268 6011 16138 12149 8712
7740 15956 5463 4776 12633 9498 15525 3177 7188 16187 16187 16187 16187 16187 16187 16187
3842 3171 2856 11889 4776 1383 16187 12349 4776 10217 16187 926 16187 16187 16187 8069
7740 11530 8712 13348 16187 10953 10036 14237 7740 9084 11728 8268 6011 16138 12149 8712
7740 973 2758 4325 4552 9754 2451 8712 1919 926 13348 5711 16187 16187 16187 16187
3842 3171 2856 11889 4776 1383 16187 7981 14237 926 926 6259 926 16187 5431 16187
7740 11530 8712 16187 8719 12276 643 16187 4832 16187 16187 5568 16187 16187 5074 16187
10619 14139 9484 14069 14776 12495 1597 8569 703 12233 1436 11953 3171 2563 16187 16187
7740 4552 9754 5638 4312 16187 8440 8268 9290 1750 6259 9405 2563 13348 16187 16187
7740 11530 8712 13348 16187 10953 10036 14237 7740 9084 11728 8268 6011 16138 12149 8712
2053 926 3994 8710 4776 63 1213 10033 7740 9884 8466 3171 5365 16187 16187 16187
3842 3171 2856 11889 4776 1383 14237 6259 10355 12233 16187 16187 157 16187 16187 16187
6173 16187 63 9296 926 13348 16187 8901 16187 16187 14125 11889 4776 10033 16187 16187
8712 8710 4537 5433 1919 3171 10983 8268 14237 8712 8710 5673 1919 12611 16187 16187
3842 3171 2856 11889 4776 1383 14237 6259 10355 12233 16187 16187 157 16187 16187 16187
8712 8710 6259 12260 2552 16187 830 5820 2563 16187 4776 9431 16187 7937 16187 16187
15408 3177 1750 6259 8344 14043 6259 13001 8268 8712 5867 6259 10022 16187 16187 16187
3842 3171 2856 11889 4776 1383 16187 8733 8710 6259 10355 10033 16187 10762 16187 13141
7740 11530 8712 16187 8719 12276 11021 5463 8712 15846 2823 16187 16187 16187 16187 16187
14069 8710 14691 15949 11953 4776 10033 16187 16187 16187 16187 16187 16187 16187 16187 16187
3842 3171 2856 11889 4776 1383 16187 8733 8710 6259 10355 10033 16187 10762 16187 13141
926 16187 11916 16187 1229 8268 14237 8712 5867 5463 4776 14596 16187 5580 16187 16187
8712 14180 8368 1229 926 16187 16187 16187 16187 16187 16187 16187 16187 16187 16187 16187
3842 3171 2856 11889 4776 1383 14237 6259 10355 12233 16187 16187 157 16187 16187 16187
8712 8710 6259 9940 12805 16187 3559 16187 983 1919 4776 926 16187 16187 926 16187
1390 6173 6259 926 15658 779 14734 8628 926 1381 1919 9944 153 16187 16187 16187
3842 3171 2856 11889 4776 1383 14237 6259 10355 12233 16187 16187 157 16187 16187 16187
6173 16187 63 9296 926 13348 16187 8901 16187 16187 7336 926 16187 16187 6070 15291
1229 4624 11553 6259 926 13839 1919 6826 1502 8506 14237 6826 13295 926 16187 16187
3842 3171 2856 11889 4776 1383 16187 7981 14237 926 926 6259 926 16187 5431 16187
7740 11530 8712 16187 8719 12276 643 16187 4832 16187 14237 1957 14589 16187 16187 16187
926 9070 10967 3171 10505 13348 16187 16187 16187 16187 16187 16187 16187 16187 16187 16187
3842 3171 2856 11889 4776 1383 14237 6259 10355 12233 16187 16187 157 16187 16187 16187
926 16187 15721 3177 14734 16058 9450 1620 8404 14776 4776 926 16187 2446 926 16187
8676 9498 12256 8268 6006 10950 8268 14296 3177 14180 4776 16146 12835 1098 16187 16187
3842 3171 2856 11889 4776 1383 14237 6259 10355 12233 16187 16187 157 16187 16187 16187
926 16187 11916 16187 1229 8268 14237 8712 5867 5463 4776 14596 16187 5580 16187 16187
7740 1951 2945 15 11007 12233 926 5867 926 9534 8719 4776 8664 11293 16187 16187
3842 3171 2856 11889 4776 1383 16187 12349 4776 10217 16187 926 16187 16187 13141 12233
7740 11530 8712 16187 8719 12276 643 16187 4832 16187 16187 5568 16187 16187 5074 16187
4776 10583 8710 15513 16187 16187 16187 16187 16187 16187 16187 16187 16187 16187 16187 16187
3842 3171 2856 11889 4776 1383 14237 6259 10355 12233 16187 16187 157 16187 16187 16187
4776 926 8710 10770 12495 16187 12576 8268 1955 3257 16187 8719 15597 16187 16187 16187
195 4776 9745 8913 5947 14237 6011 9277 2552 11539 3177 8520 16187 16187 16187 16187
3842 3171 2856 11889 4776 1383 14237 6259 10355 12233 16187 16187 157 16187 16187 8185
4776 10418 8710 12489 14708 16187 11772 12739 7003 2894 3177 926 16187 16187 926 16187
6259 10355 6155 3177 983 12233 7938 1378 3177 926 5867 10566 5796 10145 16187 16187
3842 3171 2856 11889 4776 1383 14237 6259 10355 12233 16187 16187 157 16187 16187 16187
4776 10033 8710 6259 10358 7643 10967 10442 12233 12298 16187 16187 405 16187 16187 9264
1449 10967 3171 8268 542 9878 8710 5297 1378 3177 4776 564 1133 3177 4188 16187
3842 3171 2856 11889 4776 1383 16187 12349 4776 10217 16187 926 16187 16187 16187 8069
4776 2563 8710 7742 9575 14237 7742 602 16187 926 16187 7742 16187 16187 16187 16187
4949 12576 8712 9277 2823 8268 3299 8710 5329 2296 1793 512 12491 16187 16187 16187
3842 3171 2856 11889 4776 1383 16187 12349 4776 10217 16187 926 16187 16187 16187 8069
7740 11530 8712 16187 8719 12276 11021 5463 8712 15846 2823 16187 16187 16187 16187 16187
2689 13701 8268 6289 8268 3098 12835 14237 569 3177 10770 1919 9964 13868 16187 16187
3842 3171 2856 11889 4776 1383 16187 7981 14237 926 926 6259 926 16187 12349 4776
926 16187 5332 16187 1098 8719 6259 8657 8268 12576 16187 1344 4776 926 16187 16187
7740 968 1436 5463 4931 1378 1126 559 3177 15597 2489 16187 16187 16187 16187 16187
3842 3171 2856 11889 4776 1383 16187 12349 4776 10217 16187 926 16187 16187 926 16187
7740 11530 8712 16187 8719 12276 643 16187 4832 16187 16187 5568 16187 16187 5074 16187
3171 2563 3847 4776 1032 1462 16187 16187 16187 16187 16187 16187 16187 16187 16187 16187
3842 3171 2856 11889 4776 1383 14237 6259 10355 12233 16187 16187 157 16187 16187 16187
4776 10033 8710 6259 10358 7643 10967 10442 12233 12298 16187 16187 405 16187 16187 9264
15883 13931 820 8268 4776 3794 6253 12233 8554 8712 8268 8569 13701 14776 4103 16187
3842 3171 2856 11889 4776 1383 14237 6259 10355 12233 16187 16187 157 16187 16187 8185
6173 16187 63 983 13348 13348 13348 16187 926 16187 1737 16187 16187 13436 16187 2540
456 2598 16187 16187 16187 16187 16187 16187 16187 16187 16187 16187 16187 16187 16187 16187
3842 3171 2856 11889 4776 1383 16187 8733 8710 6259 10355 10033 16187 10762 16187 13141
6173 16187 12260 2823 10399 12233 8152 3171 4776 10033 830 6259 926 16187 16187 16187
14031 8268 4776 6563 4624 2444 7173 991 8733 13348 13348 13348 16187 16187 16187 16187
3842 3171 2856 11889 4776 1383 16187 7981 14237 926 926 6259 926 16187 5431 16187
7740 11530 8712 16187 8719 12276 11021 5463 8712 15846 2823 16187 16187 16187 16187 16187
13474 2446 2467 1885 16058 6874 16187 16187 16187 16187 16187 16187 16187 16187 16187 16187
3842 3171 2856 11889 4776 1383 14237 6259 10355 12233 16187 16187 157 16187 16187 16187
8712 5867 6259 14485 8719 5349 16187 6259 1813 16187 926 926 16187 308 16187 16187
14043 15870 8712 5867 5852 2053 16146 4927 2053 9094 16187 16187 16187 16187 16187 16187
3842 3171 2856 11889 4776 1383 16187 7981 14237 926 926 6259 926 16187 12349 4776
7740 11530 8712 16187 8719 12276 11021 5463 8712 15846 2823 16187 16187 16187 16187 16187
926 8710 8719 14734 3235 1955 4776 8569 5095 16187 16187 16187 16187 16187 16187 16187
3842 3171 2856 11889 4776 1383 14237 6259 10355 12233 16187 16187 157 16187 16187 16187
4776 10033 8710 6259 10358 7643 10967 10442 12233 12298 16187 16187 405 16187 16187 9264
926 7740 7433 926 5867 15939 8710 3098 9655 16187 16187 16187 16187 16187 16187 16187
3842 3171 2856 11889 4776 1383 14237 6259 10355 12233 16187 16187 157 16187 16187 16187
926 16187 5447 6259 3098 950 16187 16187 11839 3177 1976 16187 16187 9701 16187 16187
14069 8710 7125 14180 1778 4312 8268 1919 7512 8268 13255 8268 14237 926 1147 16187
3842 3171 2856 11889 4776 1383 14237 6259 10355 12233 16187 16187 157 16187 16187 16187
8712 8710 6259 9940 12805 16187 3559 16187 983 1919 4776 926 16187 16187 16187 926
5463 2563 771 6259 15335 15593 2946 8719 8712 1955 4776 9339 12835 16187 16187 16187
3842 3171 2856 11889 4776 1383 14237 6259 10355 12233 16187 16187 157 16187 16187 16187
8712 5867 6259 10355 8704 830 9070 16187 12555 15593 16187 14373 16187 12233 1138 6441
2945 6381 3171 14029 5937 14125 14241 16187 16187 16187 16187 16187 16187 16187 16187 16187
3842 3171 2856 11889 4776 1383 16187 8733 8710 6259 10355 10033 16187 10762 16187 13141
4776 2563 8710 7742 9575 14237 7742 602 16187 5332 16187 1957 15096 16187 8270 16187
13094 6259 2191 3177 6913 5463 7926 1229 10913 926 10967 12008 6320 10272 16187 16187
3842 3171 2856 11889 4776 1383 14237 6259 10355 12233 16187 16187 157 16187 16187 16187
926 16187 5332 16187 1098 8719 6259 8657 8268 12576 16187 4776 14596 16187 16187 1344
7740 9429 9296 8712 6253 16187 16187 16187 16187 16187 16187 16187 16187 16187 16187 16187
7740 9429 7740 1959 3171 2563 1957 6259 3257 11656 16187 2176 16187 16187 6683 3177
7740 9429 7740 15956 15662 16187 8185 2097 3177 14734 14186 3177 14734 11180 1885 100
5332 5463 983 779 1941 2837 8268 8712 8710 4537 14231 16187 16187 16187 16187 16187
3842 3171 2856 11889 4776 1383 16187 12349 4776 10217 16187 926 16187 16187 16187 8069
8712 5867 6259 10355 8704 830 9070 16187 13341 16187 13021 1133 15167 926 16187 926
4776 6042 9290 8710 6259 6238 926 11144 10967 6259 4557 926 10033 16187 16187 16187
3842 3171 2856 11889 4776 1383 14237 6259 10355 12233 16187 16187 157 16187 16187 16187
4776 926 8710 10770 12495 16187 12576 8268 1955 3257 16187 8719 15597 16187 16187 16187
926 5867 1781 14237 5453 11859 10719 4776 10033 4763 9070 4998 16187 16187 16187 16187
3842 3171 2856 11889 4776 1383 14237 6259 10355 12233 16187 16187 157 16187 16187 16187
926 16187 5447 6259 10355 950 12232 11553 12233 926 16187 6041 1378 16187 926 16187
1781 12291 8268 5288 16187 16187 16187 16187 16187 16187 16187 16187 16187 16187 16187 16187
3842 3171 2856 11889 4776 1383 16187 12349 4776 10217 16187 926 16187 16187 16187 16187
7740 11530 8712 16187 8719 12276 11021 5463 8712 15846 2823 16187 16187 16187 16187 16187
14237 1955 892 1955 6351 938 7165 8268 7926 8093 13942 926 14043 10273 16187 16187
3842 3171 2856 11889 4776 1383 14237 6259 10355 12233 16187 16187 157 16187 16187 16187
926 16187 5332 16187 1098 8719 6259 8657 8268 12576 16187 1344 4776 926 16187 16187
12441 14237 13529 5867 14433 771 9070 6389 16187 16187 16187 16187 16187 16187 16187 16187
3842 3171 2856 11889 4776 1383 16187 7981 14237 926 926 6259 926 16187 5431 16187
7740 11530 8712 16187 8719 12276 643 16187 4832 16187 14237 1957 1378 16187 16187 16187
10589 10355 13089 7926 4931 11664 7829 16187 16187 16187 16187 16187 16187 16187 16187 16187
3842 3171 2856 11889 4776 1383 16187 8733 8710 6259 10355 10033 16187 10762 16187 13141
7740 11530 8712 13348 16187 10953 10036 14237 7740 9084 12892 8712 16187 8270 16187 16187
14272 6259 8124 14596 8268 14272 6259 8124 3513 8268 14272 6259 8124 7151 16187 16187
3842 3171 2856 11889 4776 1383 14237 6259 10355 12233 16187 16187 157 16187 16187 16187
4776 10033 8710 6259 10358 7643 10967 10442 12233 12298 16187 16187 405 16187 16187 9264
13084 3141 6826 10671 3177 4776 15768 14776 1515 12233 2823 9872 16187 16187 16187 16187
3842 3171 2856 11889 4776 1383 14237 6259 10355 12233 16187 16187 157 16187 16187 16187
4776 10033 8710 6259 10358 7643 10967 10442 12233 12298 16187 16187 405 16187 16187 9264
5946 3177 4776 10033 2422 3177 14634 14237 12616 16187 16187 16187 16187 16187 16187 16187
3842 3171 2856 11889 4776 1383 14237 6259 10355 12233 16187 16187 157 16187 16187 16187
4776 2563 8710 7742 9575 14237 7742 602 16187 5332 16187 1957 15096 16187 926 14237
8069 6259 11401 929 7740 5297 9429 8712 5867 8270 512 926 13348 16187 16187 16187
3842 3171 2856 11889 4776 1383 14237 6259 10355 12233 16187 16187 157 16187 16187 16187
4776 10033 8710 6259 10358 7643 10967 10442 12233 12298 16187 16187 405 16187 16187 9264
7542 3171 8710 2148 8974 12273 11652 7001 2552 8712 5332 13348 16187 16187 16187 16187
3842 3171 2856 11889 4776 1383 14237 6259 10355 12233 16187 16187 157 16187 16187 16187
926 16187 15721 3177 14734 16058 13186 5867 3298 926 3644 9754 926 16187 16187 16187
2552 8712 13089 8712 5656 14029 2024 10344 4832 926 16187 16187 16187 16187 16187 16187
3842 3171 2856 11889 4776 1383 16187 7981 14237 926 926 6259 926 16187 12349 4776
926 16187 11916 16187 1229 8268 14237 8712 5867 5329 16187 926 16187 16187 16187 1378
15041 3873 8268 14043 926 12233 5717 11014 2858 1138 3624 5711 8719 14734 10033 16187
3842 3171 2856 11889 4776 1383 14237 6259 10355 12233 16187 16187 157 16187 16187 16187
7740 11530 8712 16187 8719 12276 643 16187 4832 16187 16187 5568 16187 16187 5074 16187
14029 4776 16146 4751 8268 926 11254 14776 1405 12008 5329 5463 1405 13348 16187 16187
3842 3171 2856 11889 4776 1383 14237 6259 10355 12233 16187 16187 157 16187 16187 16187
4776 10033 8710 6259 10358 7643 10967 10442 12233 12298 16187 16187 405 16187 16187 9264
7542 6259 3098 10033 8004 5568 3942 8710 6259 15819 12233 10355 14596 16187 16187 16187
3842 3171 2856 11889 4776 1383 14237 6259 10355 12233 16187 16187 157 16187 16187 16187
926 16187 15721 3177 14734 16058 13186 5867 3298 926 3644 9754 926 16187 16187 16187
15870 7740 973 223 12008 7740 4552 9754 9429 926 4776 10709 16187 16187 16187 16187
3842 3171 2856 11889 4776 1383 16187 12349 4776 10217 16187 926 16187 16187 13141 12233
7740 11530 8712 16187 8719 12276 11021 5463 8712 15846 2823 16187 16187 16187 16187 16187
6173 16187 16187 16187 16187 16187 16187 16187 16187 16187 16187 16187 16187 16187 16187 16187
3842 3171 2856 11889 4776 1383 14237 6259 10355 12233 16187 16187 157 16187 16187 16187
6173 16187 12260 2823 10399 12233 11553 926 8268 4776 14596 16187 926 16187 16187 16187
15274 3543 11553 13758 15525 10217 4891 14237 13237 1243 2968 16187 16187 16187 16187 16187
3842 3171 2856 11889 4776 1383 14237 6259 10355 12233 16187 16187 157 16187 16187 16187
4776 10033 8710 6259 6070 4091 11032 3177 4776 8588 3177 926 16187 926 16187 16187
15761 4189 16187 16187 16187 16187 16187 16187 16187 16187 16187 16187 16187 16187 16187 16187
3842 3171 2856 11889 4776 1383 14237 6259 10355 12233 16187 16187 157 16187 16187 16187
4776 10418 8710 6535 10355 1955 7742 16187 16187 926 926 16187 16187 16187 16187 2148
1138 13224 5711 3112 1138 5329 4404 2149 2563 5711 6683 11889 6259 8974 16187 16187
3842 3171 2856 11889 4776 1383 14237 6259 10355 12233 16187 16187 157 16187 16187 16187
6173 16187 63 9296 926 13348 16187 8901 16187 16187 14125 11889 4776 10033 16187 16187
7740 973 13616 3171 2563 12232 551 8270 1919 4776 100 512 4776 6931 16187 16187
3842 3171 2856 11889 4776 1383 16187 8733 8710 6259 10355 10033 16187 10762 16187 13141
7740 11530 8712 16187 8719 12276 643 16187 4832 16187 16187 5568 16187 16187 5074 16187
1885 10418 8710 2326 10355 8268 9563 8719 4776 6463 3766 13474 779 16187 16187 16187
3842 3171 2856 11889 4776 1383 14237 6259 10355 12233 16187 16187 157 16187 16187 16187
4776 10033 8710 6259 10358 7643 10967 10442 12233 12298 16187 16187 405 16187 16187 9264
2263 11889 10144 12233 14734 4189 16187 16187 16187 16187 16187 16187 16187 16187 16187 16187
3842 3171 2856 11889 4776 1383 14237 6259 10355 12233 16187 16187 157 16187 16187 16187
4776 2563 8710 7742 9575 14237 7742 602 16187 5332 16187 1957 15096 16187 926 14237
15658 8084 5226 3177 1515 12233 926 14237 926 14476 12233 11553 5937 3163 2598 16187
3842 3171 2856 11889 4776 1383 16187 12349 4776 10217 16187 926 16187 16187 16187 8069
926 16187 5332 16187 1098 8719 6259 8657 8268 12576 16187 1344 4776 926 16187 16187
4776 9339 3942 8710 5463 14069 5867 13084 2191 3177 6985 16187 16187 16187 16187 16187
3842 3171 2856 11889 4776 1383 14237 6259 10355 12233 16187 16187 157 16187 16187 16187
4776 926 8710 10770 12495 16187 12576 8268 1955 3257 16187 8719 15597 16187 16187 16187
13250 8835 4552 5329 6259 10033 8733 16187 16187 16187 16187 16187 16187 16187 16187 16187
3842 3171 2856 11889 4776 1383 14237 6259 10355 12233 16187 16187 157 16187 16187 16187
4776 2563 8710 7742 9575 14237 7742 602 16187 5332 16187 1957 15096 16187 926 14237
531 7740 9429 3171 8710 4537 6259 6780 11692 4189 10967 6259 6071 15762 16187 16187
3842 3171 2856 11889 4776 1383 16187 12349 4776 10217 16187 926 16187 16187 16187 8069
6173 16187 12260 2823 10399 12233 8152 3171 4776 10033 830 6259 926 16187 16187 16187
12008 3171 926 7740 926 12233 6215 10781 8268 5329 4776 2353 3177 4776 10033 16187
3842 3171 2856 11889 4776 1383 14237 6259 10355 12233 16187 16187 157 16187 16187 15096
6173 16187 63 9296 926 13348 16187 8901 16187 16187 2097 3177 8811 16187 1378 16187
4776 5946 3177 4776 10033 5288 926 9070 1919 4776 10033 5867 8700 132 16187 16187
3842 3171 2856 11889 4776 1383 14237 6259 10355 12233 16187 16187 157 16187 16187 16187
4776 926 8710 10770 12495 16187 12576 8268 1955 3257 16187 8719 15597 16187 16187 16187
12408 926 3112 6011 188 12233 5907 2903 16187 16187 16187 16187 16187 16187 16187 16187
3842 3171 2856 11889 4776 1383 14237 6259 10355 12233 16187 16187 157 16187 16187 16187
926 16187 15721 3177 14734 16058 6140 15781 8268 6070 926 16187 16187 16187 16187 16187
3489 8335 3177 100 5967 12233 9605 2029 14776 5463 6816 8719 1143 2598 16187 16187
3842 3171 2856 11889 4776 1383 16187 7981 14237 926 926 6259 926 16187 5431 16187
6173 16187 12260 2823 10399 12233 8152 3171 4776 10033 830 6259 926 16187 16187 16187
926 926 926 926 12892 8712 4776 926 5801 16187 16187 16187 16187 16187 16187 16187
3842 3171 2856 11889 4776 1383 14237 6259 10355 12233 16187 16187 157 16187 16187 16187
926 926 8710 4776 9374 4183 830 1138 899 5711 14043 1138 3562 5711 16187 926
3171 8710 10373 1378 3177 4776 4267 1133 7740 11553 8084 8466 16187 16187 16187 16187
3842 3171 2856 11889 4776 1383 14237 6259 10355 12233 16187 16187 157 16187 16187 16187
4776 10033 8710 6259 10358 7643 10967 10442 12233 12298 16187 16187 405 16187 16187 9264
4776 132 8719 3171 10033 8710 10603 3177 13250 16187 16187 16187 16187 16187 16187 16187
3842 3171 2856 11889 4776 1383 14237 6259 10355 12233 16187 16187 157 16187 16187 16187
4776 10033 8710 6259 10358 7643 10967 10442 12233 12298 16187 16187 405 16187 16187 9264
8069 6267 5867 8575 4833 14776 10471 1919 4776 564 3177 7478 16187 16187 16187 16187
3842 3171 2856 11889 4776 1383 14237 6259 10355 12233 16187 16187 157 16187 16187 16187
4776 10418 8710 12489 14708 16187 11772 12739 7003 2894 3177 926 16187 16187 926 16187
926 5867 9957 9498 3098 16187 16187 16187 16187 16187 16187 16187 16187 16187 16187 16187
3842 3171 2856 11889 4776 1383 14237 6259 10355 12233 16187 16187 157 16187 16187 16187
926 16187 5447 6259 3098 950 16187 16187 11839 3177 1976 16187 16187 9701 16187 8719
7926 15881 6011 4998 816 3748 4776 926 14237 6011 8093 6133 5937 8661 16187 16187
3842 3171 2856 11889 4776 1383 14237 6259 10355 12233 16187 16187 157 16187 16187 16187
8712 8710 6259 9940 12805 16187 3559 16187 983 1919 4776 926 16187 16187 16187 926
4776 14596 14237 12835 14776 8993 1344 12105 5570 16187 16187 16187 16187 16187 16187 16187
3842 3171 2856 11889 4776 1383 14237 6259 10355 12233 16187 16187 157 16187 16187 16187
4776 926 8710 10770 12495 16187 12576 8268 1955 3257 16187 8719 15597 16187 16187 16187
12008 4776 7178 2903 12233 4776 9873 12298 8710 5695 14237 4032 6259 6683 16187 16187
3842 3171 2856 11889 4776 1383 14237 6259 10355 12233 16187 16187 157 16187 16187 16187
926 16187 5332 16187 1098 8719 6259 8657 1857 13348 16187 926 16187 926 16187 16187
7740 16138 6601 12003 3171 1378 8268 8712 4931 10770 10967 5946 12233 5759 13348 16187
3842 3171 2856 11889 4776 1383 16187 7981 14237 926 926 6259 926 16187 5431 16187
7740 11530 8712 13348 16187 10953 10036 14237 7740 9084 11728 8268 6011 16138 12149 8712
15773 926 8710 12256 8719 4776 5562 954 1955 926 4557 926 16187 16187 16187 16187
3842 3171 2856 11889 4776 1383 14237 6259 10355 12233 16187 16187 157 16187 16187 16187
926 16187 11916 16187 1229 8268 14237 8712 5867 5463 4776 14596 16187 5580 16187 16187
4776 14596 8710 9332 8268 4776 8200 14776 12583 14237 4776 10418 8710 12489 14708 16187
4776 4152 8710 5329 10589 2002 14237 7094 14029 4776 10646 513 3177 8353 16187 16187
4776 926 8710 10770 12495 16187 12576 16187 4776 14599 16187 10501 16187 15096 1941 16187
6173 16187 16187 16187 16187 16187 16187 16187 16187 16187 16187 16187 16187 16187 16187 16187
3842 3171 2856 11889 4776 1383 14237 6259 10355 12233 16187 16187 157 16187 16187 16187
6173 16187 12260 2823 10399 12233 11553 926 8268 4776 14596 16187 2326 16187 16187 630
4776 4152 8428 8719 6259 6070 7702 12538 16187 16187 16187 16187 16187 16187 16187 16187
4776 4152 8710 5329 10589 2002 14237 7094 14029 4776 10646 513 3177 8353 16187 16187
4776 10033 8710 6259 10358 7643 10967 10442 12233 12298 16187 16187 817 16187 1229 16187
14272 8710 14180 4776 4745 11953 926 293 2598 16187 16187 16187 16187 16187 16187 16187
3842 3171 2856 11889 4776 1383 14237 6259 10355 12233 16187 16187 157 16187 16187 16187
4776 10033 8710 6259 10358 7643 10967 10442 12233 12298 16187 16187 405 16187 16187 9264
4776 15776 3384 8710 4776 564 3177 4776 10033 16187 16187 16187 16187 16187 16187 16187
4776 2563 8710 5329 7594 8268 8719 3511 8712 8710 7742 10471 16187 7742 16187 16187
4776 926 8710 10770 12495 16187 12576 8268 1955 3257 16187 8719 15597 16187 16187 16187
1543 9084 4325 10603 6259 14842 8719 13907 6259 926 926 8719 5333 2598 16187 16187
3842 3171 2856 11889 4776 1383 14237 6259 10355 12233 16187 16187 157 16187 16187 16187
6173 16187 12260 2823 10399 12233 8152 3171 4776 10033 830 6259 926 16187 16187 16187
1955 6906 12232 1436 8268 1138 10753 926 9070 1919 6259 15241 5711 16187 16187 16187
3842 3171 2856 11889 4776 1383 14237 6259 10355 12233 16187 16187 157 16187 16187 16187
4776 10033 8710 6259 10358 7643 10967 10442 12233 12298 16187 16187 405 16187 16187 9264
830 4776 1754 3177 4776 2563 8712 5867 926 14237 926 16187 16187 16187 16187 16187
3842 3171 2856 11889 4776 1383 14237 6259 10355 12233 16187 16187 157 16187 16187 16187
6173 16187 63 9296 926 13348 16187 8901 16187 16187 1378 3177 4776 8185 16187 16187
6649 15509 14237 926 926 14776 8213 14237 926 926 8710 1955 7742 16187 16187 16187
3842 3171 2856 11889 4776 1383 14237 6259 10355 12233 16187 16187 157 16187 16187 16187
4776 926 8710 10770 12495 16187 12576 8268 1955 3257 16187 8719 15597 16187 16187 16187
4776 8761 4990 4931 7805 830 4776 2563 12233 5329 1214 16187 16187 16187 16187 16187
3842 3171 2856 11889 4776 1383 14237 6259 10355 12233 16187 16187 157 16187 16187 16187
4776 926 8710 10770 12495 16187 12576 16187 4776 14599 16187 10501 16187 15096 1941 16187
4776 10033 830 2263 983 15452 8664 1919 264 9283 10960 14237 11564 6006 16187 16187
3842 3171 2856 11889 4776 1383 14237 6259 10355 12233 16187 16187 157 16187 16187 16187
4776 10033 8710 6259 10358 7643 10967 10442 12233 12298 16187 16187 405 16187 16187 9264
8710 6297 5329 8569 13474 4931 6388 8719 4776 9431 1378 16187 16187 16187 16187 16187
3842 3171 2856 11889 4776 1383 14237 6259 10355 12233 16187 16187 157 16187 16187 16187
4776 2563 8710 7742 9575 14237 7742 602 16187 926 16187 7742 16187 16187 16187 16187
6173 4776 16146 926 3171 2563 8610 4934 11953 10203 14237 8329 1019 2598 16187 16187
3842 3171 2856 11889 4776 1383 14237 6259 10355 12233 16187 16187 157 16187 16187 16187
6173 16187 63 9296 926 13348 16187 8901 16187 16187 2097 3177 8811 16187 16187 14237
8081 2563 5867 926 8710 2296 926 16187 16187 16187 16187 16187 16187 16187 16187 16187
3842 3171 2856 11889 4776 1383 14237 6259 10355 12233 16187 16187 157 16187 16187 16187
4776 10418 8710 12489 14708 16187 11772 12739 7003 2894 3177 926 16187 16187 926 16187
11946 1750 1954 10720 3366 8268 3171 10033 779 5329 12766 6037 16187 16187 16187 16187
3842 3171 2856 11889 4776 1383 14237 6259 10355 12233 16187 16187 157 16187 16187 16187
7740 11530 8712 16187 8719 12276 643 16187 4832 16187 16187 5568 16187 16187 5074 16187
6173 16187 16187 16187 16187 16187 16187 16187 16187 16187 16187 16187 16187 16187 16187 16187
3842 3171 2856 11889 4776 1383 14237 6259 10355 12233 16187 16187 157 16187 16187 16187
6173 16187 63 9296 926 13348 16187 8901 16187 16187 2097 3177 8811 16187 16187 14237
3841 15389 5463 6011 12232 5329 10503 137 6011 2552 16187 16187 16187 16187 16187 16187
3842 3171 2856 11889 4776 1383 14237 6259 10355 12233 16187 16187 157 16187 16187 16187
6173 16187 12260 2823 10399 12233 8152 3171 4776 10033 830 6259 926 16187 16187 16187
5332 14029 12233 4776 2563 16187 16187 16187 16187 16187 16187 16187 16187 16187 16187 16187
3842 3171 2856 11889 4776 1383 16187 7981 14237 926 926 6259 926 16187 5431 16187
6173 16187 63 983 13348 13348 13348 16187 926 16187 1737 16187 6500 16187 6070 6140
8712 5867 15667 12233 2552 703 10471 2053 8719 7151 3994 830 6259 5138 16187 16187
3842 3171 2856 11889 4776 1383 16187 12349 4776 10217 16187 926 16187 16187 926 16187
926 16187 11916 16187 1229 8268 14237 8712 5867 5329 16187 630 16187 16187 12008 8712
4776 9547 3177 271 6259 12507 10967 4932 9666 13348 16187 16187 16187 16187 16187 16187
3842 3171 2856 11889 4776 1383 14237 6259 10355 12233 16187 16187 157 16187 16187 16187
4776 926 8710 10770 12495 16187 12576 8268 1955 3257 16187 8719 15597 16187 16187 16187
926 9457 926 1955 926 8710 14311 16187 16187 16187 16187 16187 16187 16187 16187 16187
3842 3171 2856 11889 4776 1383 14237 6259 10355 12233 16187 16187 157 16187 16187 16187
926 16187 15721 3177 14734 16058 9450 1620 8404 14776 4776 926 16187 926 16187 16187
13089 4776 9330 9223 8268 4776 11180 779 926 14237 8268 4487 1163 12272 926 16187
3842 3171 2856 11889 4776 1383 14237 6259 10355 12233 16187 16187 157 16187 16187 16187
926 16187 15721 3177 14734 16058 9450 1620 8404 14776 4776 926 16187 926 16187 16187
926 13384 11889 6259 926 4582 2598 16187 16187 16187 16187 16187 16187 16187 16187 16187
3842 3171 2856 11889 4776 1383 14237 6259 10355 12233 16187 16187 157 16187 16187 16187
926 16187 11916 16187 1229 8268 14237 8712 5867 5463 4776 14596 16187 5580 6259 9001
1138 926 11401 5711 8710 4404 8268 8270 14237 2148 10128 14958 8268 176 16187 16187
3842 3171 2856 11889 4776 1383 14237 6259 10355 12233 16187 16187 157 16187 16187 16187
4776 10033 8710 6259 10358 7643 10967 10442 12233 12298 16187 16187 405 16187 16187 9264
8712 4931 6259 3098 2563 5463 414 14272 926 13942 11889 12127 5332 14237 4311 16187
3842 3171 2856 11889 4776 1383 14237 6259 10355 12233 16187 16187 157 16187 16187 8185
8712 5867 6259 10355 8704 830 9070 16187 13341 16187 13021 1133 15167 926 16187 3192
8712 8710 5297 2982 8719 12276 8456 6259 3531 929 16187 16187 16187 16187 16187 16187
3842 3171 2856 11889 4776 1383 14237 6259 10355 12233 16187 16187 157 16187 16187 16187
8712 8710 6259 9940 12805 16187 8081 8268 4776 10033 5867 926 16187 926 16187 684
8712 8470 4776 14596 3177 4776 15897 926 8719 3400 3880 8719 926 16187 16187 16187
3842 3171 2856 11889 4776 1383 14237 6259 10355 12233 16187 16187 157 16187 16187 16187
8712 8710 6259 9940 12805 16187 3559 16187 983 1919 4776 926 16187 16187 16187 926
11022 2837 7090 926 16187 16187 16187 16187 16187 16187 16187 16187 16187 16187 16187 16187
3842 3171 2856 11889 4776 1383 14237 6259 10355 12233 16187 16187 157 16187 16187 16187
926 16187 11916 16187 1229 8268 14237 8712 5867 5463 4776 14596 16187 5580 16187 16187
12650 8712 14237 12149 13348 16187 16187 16187 16187 16187 16187 16187 16187 16187 16187 16187
3842 3171 2856 11889 4776 1383 16187 8733 8710 6259 10355 10033 16187 10762 16187 13141
926 16187 11916 16187 1229 8268 14237 8712 5867 5463 4776 14596 16187 5580 16187 16187
7740 5208 5329 10503 9455 13740 5530 14827 1157 13991 11953 3171 3506 550 16187 16187
3842 3171 2856 11889 4776 1383 16187 7981 14237 926 926 6259 926 16187 12349 4776
7740 11530 8712 16187 8719 12276 643 16187 4832 16187 16187 5568 16187 16187 5074 16187
1378 3177 4776 10566 854 926 14237 7438 8084 6381 14029 1583 16187 16187 16187 16187
3842 3171 2856 11889 4776 1383 14237 6259 10355 12233 16187 16187 157 16187 16187 16187
4776 10418 8710 12489 14708 16187 11772 12739 7003 2894 3177 926 16187 16187 926 16187
4776 9955 4931 12349 4776 12489 8268 8069 830 926 16187 16187 16187 16187 16187 16187
3842 3171 2856 11889 4776 1383 14237 6259 10355 12233 16187 16187 157 16187 16187 16187
4776 926 8710 10770 12495 16187 12576 16187 4776 14599 16187 10501 16187 15096 1941 16187
3733 8710 1229 13074 1955 7661 10941 15337 14237 8944 16187 16187 16187 16187 16187 16187
3842 3171 2856 11889 4776 1383 14237 6259 10355 12233 16187 16187 157 16187 16187 16187
926 16187 15721 3177 14734 16058 6140 15781 8268 6070 926 16187 16187 16187 16187 16187
9084 4776 2780 5090 14325 926 2598 16187 16187 16187 16187 16187 16187 16187 16187 16187
3842 3171 2856 11889 4776 1383 16187 12349 4776 10217 16187 926 16187 16187 16187 8069
6173 16187 12260 2823 10399 12233 8152 3171 4776 10033 830 6259 926 16187 16187 16187
4776 6215 8710 7758 14237 551 12233 14180 3102 16187 16187 16187 16187 16187 16187 16187
3842 3171 2856 11889 4776 1383 14237 6259 10355 12233 16187 16187 157 16187 16187 16187
4776 926 8710 10770 12495 16187 12576 16187 4776 14599 16187 10501 16187 15096 1941 16187
7740 9429 12127 11978 8719 3171 10033 6407 926 926 13216 7665 16187 16187 16187 16187
3842 3171 2856 11889 4776 1383 16187 7981 14237 926 926 6259 926 16187 12349 4776
7740 11530 8712 13348 16187 10953 10036 14237 7740 9084 16187 12008 14691 3364 9085 16187
15597 1133 14776 14691 2148 512 6259 15096 132 3059 16187 16187 16187 16187 16187 16187
3842 3171 2856 11889 4776 1383 14237 6259 10355 12233 16187 16187 157 16187 16187 16187
4776 10033 8710 6259 10358 7643 10967 10442 12233 12298 16187 16187 405 16187 16187 9264
5463 8268 14237 926 5867 926 8268 2734 10967 4776 2563 8268 12008 5329 1329 16187
3842 3171 2856 11889 4776 1383 14237 6259 10355 12233 16187 16187 157 16187 16187 16187
6173 16187 12260 2823 10399 12233 8152 3171 4776 10033 830 6259 926 16187 16187 16187
2984 5713 10217 1955 4776 13141 4931 6259 5537 13758 4949 16187 16187 16187 16187 16187
3842 3171 2856 11889 4776 1383 14237 6259 10355 12233 16187 16187 157 16187 16187 16187
7740 11530 8712 13348 16187 10953 10036 14237 7740 9084 12892 8712 16187 8270 16187 16187
2263 5329 4032 8712 16187 16187 16187 16187 16187 16187 16187 16187 16187 16187 16187 16187
3842 3171 2856 11889 4776 1383 14237 6259 10355 12233 16187 16187 157 16187 16187 16187
4776 2563 8710 7742 9575 14237 7742 602 16187 926 16187 7742 16187 16187 16187 16187
10887 4710 16187 16187 16187 16187 16187 16187 16187 16187 16187 16187 16187 16187 16187 16187
3842 3171 2856 11889 4776 1383 14237 6259 10355 12233 16187 16187 157 16187 16187 8185
6259 3098 10033 16187 9154 14834 8268 14237 14180 1344 2997 16187 16187 16187 9332 16187
8712 779 4776 926 14237 5431 10967 5713 3314 16187 16187 16187 16187 16187 16187 16187
3842 3171 2856 11889 4776 1383 14237 6259 10355 12233 16187 16187 157 16187 16187 16187
8712 8710 6259 12260 2552 16187 830 5820 2563 16187 4776 9431 16187 7937 16187 16187
5329 8719 4537 1378 1383 12008 13617 926 16187 16187 16187 16187 16187 16187 16187 16187
3842 3171 2856 11889 4776 1383 14237 6259 10355 12233 16187 16187 157 16187 16187 16187
8712 5867 6259 10355 8704 830 9070 16187 3329 16187 3177 4776 10033 16187 10918 16187
8712 8710 13083 12233 2263 8588 14237 6253 12233 4754 8712 1955 9473 1955 786 16187
3842 3171 2856 11889 4776 1383 14237 6259 10355 12233 16187 16187 157 16187 16187 8185
8712 8710 6259 12260 2552 16187 830 5820 2563 16187 4776 9431 16187 16187 11889 16187
7740 4552 5329 15956 14272 9574 12233 8197 3171 10033 16187 16187 16187 16187 16187 16187
3842 3171 2856 11889 4776 1383 16187 7981 14237 926 926 6259 926 16187 12349 4776
7740 11530 8712 13348 16187 10953 10036 14237 7740 9084 11728 8268 6011 16138 12149 8712
7926 5867 889 926 4609 8268 1955 14776 1597 3177 4776 16146 12835 16187 16187 16187
3842 3171 2856 11889 4776 1383 14237 6259 10355 12233 16187 16187 157 16187 16187 16187
8712 5867 6259 10355 8704 830 9070 16187 3329 16187 3177 4776 10033 16187 10918 16187
13474 8710 14635 3177 11410 8268 8726 5463 3112 13592 2191 16187 16187 16187 16187 16187
3842 3171 2856 11889 4776 1383 14237 6259 10355 12233 16187 16187 157 16187 16187 16187
4776 926 8710 10770 12495 16187 12576 8268 1955 3257 16187 8719 15597 2037 16187 16187
7740 8695 4776 14596 12232 9754 1883 888 630 2148 16187 16187 16187 16187 16187 16187
3842 3171 2856 11889 4776 1383 16187 8733 8710 6259 10355 10033 16187 10762 16187 13141
7740 11530 8712 16187 8719 12276 11021 5463 8712 15846 2823 16187 16187 16187 16187 16187
8712 4931 6070 2689 16187 16187 16187 16187 16187 16187 16187 16187 16187 16187 16187 16187
3842 3171 2856 11889 4776 1383 14237 6259 10355 12233 16187 16187 157 16187 16187 16187
8712 8710 6259 9940 12805 16187 3559 16187 983 1919 4776 926 16187 16187 926 16187
13464 8268 2053 4776 1871 3994 15846 5329 561 12233 4230 10671 3177 926 6071 16187
3842 3171 2856 11889 4776 1383 14237 6259 10355 12233 16187 16187 157 16187 16187 8185
8712 5867 6259 10355 8704 830 9070 16187 13341 16187 13021 1133 15167 926 16187 3192
1893 2122 8268 14237 7740 4552 8313 1893 2122 16187 16187 16187 16187 16187 16187 16187
3842 3171 2856 11889 4776 1383 16187 8733 8710 6259 10355 10033 16187 10762 16187 13141
7740 11530 8712 16187 8719 12276 11021 5463 8712 15846 2823 16187 16187 16187 16187 16187
4776 9431 5328 3177 3171 10033 8710 10915 8124 16187 16187 16187 16187 16187 16187 16187
4776 2563 8710 5329 7594 8268 8719 3511 8712 8710 7742 10471 16187 7742 16187 16187
4776 10033 8710 6259 10358 7643 10967 10442 12233 12298 16187 16187 817 16187 1229 16187
3171 2563 684 830 4891 8719 926 1778 4776 599 8268 14237 830 10355 6378 16187
3842 3171 2856 11889 4776 1383 14237 6259 10355 12233 16187 16187 157 16187 16187 16187
6173 16187 63 9296 926 13348 16187 8901 16187 16187 7336 926 16187 16187 6070 15291
6313 1545 16187 16187 16187 16187 16187 16187 16187 16187 16187 16187 16187 16187 16187 16187
3842 3171 2856 11889 4776 1383 14237 6259 10355 12233 16187 16187 157 16187 16187 16187
926 8710 6259 2176 13501 14237 4776 926 926 14776 8213 9890 16187 6133 16187 16187
10217 10614 15658 4914 14029 6259 4927 12233 5668 16146 10614 12233 8815 4776 14617 16187
4776 2601 16041 926 830 6259 10607 3679 12576 8710 9754 6070 10355 16187 16187 16187
4776 926 8710 10770 12495 16187 12576 8268 1955 3257 16187 8719 15597 16187 16187 16187
