4776 3513 8719 4776 2563 8710 1810 16187 16187 16187 16187 16187 16187 16187 16187 16187
4776 4267 8084 16187 8084 1442 2903 2598 16187 926 8268 7970 16187 13081 16187 15840
4776 10033 8710 6070 7742 16105 8719 3171 2563 16187 9625 16187 10033 16187 7367 12495
15662 2598 16187 16187 16187 16187 16187 16187 16187 16187 16187 16187 16187 16187 16187 16187
15662 2598 16187 13852 8710 2148 2598 16187 16187 8457 10967 2598 16187 16187 16187 16187
15662 2598 16187 13852 8710 2148 12717 2598 16187 16187 2598 16187 2598 16187 16187 16187
15846 3171 4981 2823 14734 2588 2598 16187 16187 16187 16187 16187 16187 16187 16187 16187
3842 3171 2856 11889 4776 12012 16187 3364 2823 6912 4338 16187 16187 16187 16187 16187
6259 12260 2552 16187 830 9455 15658 779 2122 8268 12008 4776 926 16187 16187 16187
14237 4311 3177 1245 4624 11553 6259 13839 3177 12489 9736 2946 16187 16187 16187 16187
3842 1957 14180 1737 16187 926 16187 9339 12835 16187 6259 926 16187 16187 16187 16187
14237 4311 3177 1245 4624 11553 6259 13839 3177 12489 9736 2946 16187 8185 16187 16187
6500 8268 9573 8268 6140 16187 16187 16187 16187 16187 16187 16187 16187 16187 16187 16187
3842 1957 14180 1737 16187 12467 16187 8268 926 14237 926 16187 16187 16187 8719 16187
7740 11530 8712 16187 8719 12276 11021 5463 926 8710 6297 6259 926 16187 16187 16187
4776 12337 926 8710 13852 15658 779 684 6826 16150 926 8569 9288 14029 1583 16187
4776 4267 8084 16187 8084 1442 2903 2598 16187 926 8268 7926 4931 4537 816 16187
4776 14596 2894 2446 8309 2858 6695 13868 4440 5463 7740 9004 9498 4537 12204 16187
7740 11553 2296 10957 1378 3384 1919 926 14237 926 16187 16187 16187 16187 16187 16187
7740 9884 8093 12766 1229 2599 8913 8719 12276 643 16187 16187 1229 1229 1229 8712
7740 9429 7697 8710 5297 4776 564 8719 12276 3109 16187 16187 926 16187 16187 16187
8796 8268 7740 9084 16187 16187 16187 16187 16187 16187 16187 16187 16187 16187 16187 16187
2476 16187 4537 6259 3098 9450 15093 8268 12654 4776 12894 3177 926 16187 16187 16187
7740 9429 8712 10399 12233 12349 11274 3171 2563 16187 16187 6535 16187 10373 9085 16187
3364 1799 1612 11553 16105 4776 12337 926 2122 10033 2598 16187 16187 16187 16187 16187
3842 1957 14180 1737 16187 926 16187 9339 12835 16187 6259 926 16187 16187 16187 16187
12008 4776 10418 8710 926 16187 6297 4776 12349 14237 12349 6259 926 16187 16187 926
14069 14776 6826 703 11953 4776 2563 5463 14776 4949 16187 16187 16187 16187 16187 16187
3842 1957 14180 1737 16187 12467 16187 8268 926 14237 926 16187 16187 16187 8719 4776
14237 10644 8710 13306 5867 8081 11798 15658 4537 13384 7708 16187 10315 9642 1138 926
14030 16187 16187 16187 16187 16187 16187 16187 16187 16187 16187 16187 16187 16187 16187 16187
14030 16187 926 16187 2588 3177 4776 1588 14237 9084 16187 2598 16187 16187 2598 16187
14030 16187 926 16187 4776 926 4931 4776 14599 16187 926 926 16187 926 16187 926
7740 6011 4628 9754 2823 926 13348 16187 16187 16187 16187 16187 16187 16187 16187 16187
7740 4552 9754 15956 8268 7740 4537 9084 9754 11889 8712 16187 8719 926 16187 16187
7740 11530 926 13348 16187 16187 8719 16187 6683 8719 1378 16187 6381 16187 16187 16187
1955 4776 10033 4815 8268 7740 5551 8268 13474 9160 1644 12233 12650 6259 2563 16187
3842 1957 14180 1737 16187 926 16187 8268 9487 9938 8268 14237 11553 6259 983 16187
4776 10418 8268 8712 5867 10355 14237 10710 14237 4776 10418 4931 10355 16187 16187 16187
4311 926 771 12233 13317 15525 15658 4931 4776 16020 16187 16187 16187 16187 16187 16187
3842 1957 14180 1737 16187 926 16187 9339 12835 16187 6259 926 16187 16187 16187 16187
926 5867 3809 6006 3112 9425 731 16187 12008 8712 5867 6259 15626 16187 926 16187
15300 145 926 10918 7829 14237 1372 5463 13474 5867 6259 926 3177 14734 10026 16187
3842 1957 14180 1737 16187 926 16187 8268 9487 9938 8268 14237 11553 6259 983 16187
4776 10418 8710 3098 16187 12820 16187 4776 9290 1919 10217 2563 3177 4776 16187 16187
8796 16187 16187 16187 16187 16187 16187 16187 16187 16187 16187 16187 16187 16187 16187 16187
14237 8798 5297 6011 3644 9754 8158 16187 6011 9085 16187 14237 2148 16187 9085 16187
8796 8268 8712 5867 2548 926 13348 13348 16187 3192 16187 3192 16187 13348 5711 16187
1955 8719 14180 8164 8268 643 13216 14029 16187 16187 16187 16187 16187 16187 16187 16187
3842 1957 14180 1737 16187 926 16187 9339 12835 16187 6259 926 16187 16187 16187 16187
14180 8719 14180 8268 6259 3098 14237 6987 9577 16187 1019 926 16187 2067 926 16187
7740 8313 15658 9084 9754 1110 1885 8719 1138 926 5711 2598 16187 16187 16187 16187
7740 8313 8268 1329 16187 4537 4776 926 926 16187 39 926 830 4776 926 16187
7740 11530 8712 16187 8719 12276 11021 5463 926 8710 6297 6259 926 16187 16187 16187
14304 15669 15658 926 4977 8712 2598 13348 16187 16187 16187 16187 16187 16187 16187 16187
3842 8712 11889 4776 12012 13348 16187 5447 4776 2563 16187 6259 6304 1955 6259 926
926 9084 6259 1117 15781 1955 6259 926 16187 16187 1919 14734 2974 16187 16187 16187
3171 9424 8710 4776 12450 16187 16187 16187 16187 16187 16187 16187 16187 16187 16187 16187
3171 4931 9754 6259 6071 10033 16187 14237 2847 630 16187 6297 16187 16187 16187 16187
3171 8710 4776 564 2563 16187 2263 11953 4776 12298 16187 926 16187 16187 16187 16187
14237 4311 4624 8093 13637 11953 8712 10036 16187 16187 16187 16187 16187 16187 16187 16187
14237 4311 4624 8093 13637 11953 8712 10036 16187 16187 16187 11889 3171 1378 1919 16187
14237 7740 9429 7926 15621 16187 1229 630 16187 983 16187 16187 16187 16187 16187 16187
4776 11646 8710 5297 6535 10355 8719 5713 4440 16187 16187 16187 16187 16187 16187 16187
4776 4267 8084 16187 8084 1442 2903 2598 16187 16187 816 16187 16187 786 16187 16187
4776 6006 4931 10302 14237 7556 10719 16187 3109 8268 14237 4776 8230 2500 8710 16187
6173 14470 14581 4325 11031 4098 3171 1378 16187 16187 16187 16187 16187 16187 16187 16187
3842 3171 2856 11889 4776 12012 16187 3364 2823 6912 4338 16187 16187 16187 16187 16187
6173 16187 12260 2823 10399 12233 8152 3171 16187 15525 3177 16187 9085 16187 926 16187
8712 8093 15881 817 16187 16187 16187 16187 16187 16187 16187 16187 16187 16187 16187 16187
8712 5867 5329 16187 8569 8712 8268 12008 4624 4931 14180 11953 16187 16187 643 16187
8712 5867 5329 2689 6713 13348 16187 12008 9450 3177 14272 5867 14272 2598 16187 16187
5516 2946 14237 6259 5948 2148 5010 10583 16187 16187 16187 16187 16187 16187 16187 16187
3842 1957 14180 1737 16187 12467 16187 8268 926 1955 926 16187 5863 16187 16187 16187
10355 13348 16187 7777 926 16187 16187 926 16187 16187 16187 4311 16187 4311 16187 9222
13089 12128 8746 2903 1919 926 7926 1865 1955 8726 7926 8710 5329 1229 8344 16187
3842 1957 14180 1737 16187 926 16187 9339 12835 16187 6259 926 16187 16187 16187 16187
7740 11530 8712 8268 7740 973 9813 16041 4776 3366 13089 8712 5656 15525 13348 16187
7740 2665 3367 926 1019 4776 2494 6173 12233 5243 1213 6259 3098 14599 16187 16187
7740 926 1919 926 16187 1208 16187 10967 1378 16187 15096 16187 308 16187 1957 926
7740 15846 926 3171 2563 5867 6178 2837 4927 3177 8506 16187 16187 926 16187 3192
11719 4624 11031 4537 8719 4776 1781 8268 14237 13876 14776 2148 14043 3765 6089 16187
3842 1957 14180 1737 16187 926 16187 9339 12835 16187 6259 926 16187 16187 16187 16187
7740 11530 8712 16187 8719 12276 8455 4924 4440 8719 4776 10983 16187 12233 16187 16187
11720 14029 3171 10571 101 14237 6070 7742 2608 16187 16187 16187 16187 16187 16187 16187
3842 1957 14180 1737 16187 926 16187 8268 9723 926 16187 16187 16187 16187 16187 16187
2552 8712 13348 16187 327 6011 12233 2563 16187 816 4927 16187 16187 16187 4311 16187
1919 926 926 12125 8268 12576 5329 1955 8569 1955 926 16187 16187 16187 16187 16187
3842 1957 14180 1737 16187 926 16187 9339 12835 16187 6259 926 16187 16187 16187 16187
926 5867 3809 6006 3112 9425 731 16187 12008 8712 5867 12495 16187 12233 13429 16187
12298 3384 4312 2311 2858 4776 926 8143 16187 16187 16187 16187 16187 16187 16187 16187
3842 3171 2856 11889 4776 12012 16187 3364 2823 6912 4338 16187 16187 16187 16187 16187
6259 12260 2552 16187 830 9455 15658 779 2122 926 16187 5804 16187 16187 16187 926
7740 14263 8712 6877 16187 16187 16187 16187 16187 16187 16187 16187 16187 16187 16187 16187
7740 11553 13084 2467 11953 8712 16187 6546 11889 7740 16187 4552 16187 16187 6011 16187
7740 11530 926 926 8719 3171 16187 13474 5867 13474 4931 16187 16187 16187 16187 16187
4776 16146 10887 12723 8710 4776 926 3177 6259 8081 7913 926 16187 16187 16187 16187
4776 4267 8084 16187 8084 1442 2903 2598 16187 926 8268 7970 16187 13081 16187 926
4776 10566 854 10810 4931 4776 7269 4924 8719 4776 11306 3177 10607 16187 16187 16187
6011 16138 12149 8712 16187 16187 16187 16187 16187 16187 16187 16187 16187 16187 16187 16187
6011 16138 2823 14364 6011 9084 9890 16187 11889 14745 8719 926 16187 8264 16187 5297
6011 16138 12149 8712 16187 8719 5463 8726 8712 5867 926 16187 16187 16187 16187 16187
1750 6500 14069 8710 9754 6259 3356 1390 9938 8719 926 10967 5946 12233 5759 16187
3842 1957 14180 1737 16187 12467 16187 8268 926 14237 926 16187 16187 16187 16187 16187
7740 11530 8712 16187 8719 12276 8455 4924 4440 8719 4776 10983 16187 12233 16187 16187
5341 3994 3942 2598 16187 16187 16187 16187 16187 16187 16187 16187 16187 16187 16187 16187
3842 16187 16187 1737 8268 14180 8719 4776 16146 16187 14180 3112 16187 8185 16187 16187
14734 926 6862 4125 926 1019 926 12938 6173 5297 4628 9754 2599 14745 8719 16187
5463 5867 5433 13348 16187 16187 16187 16187 16187 16187 16187 16187 16187 16187 16187 16187
3842 1957 14180 1737 16187 12467 16187 8268 926 14237 926 16187 16187 16187 16187 16187
5463 5867 8712 16187 1110 15715 8712 16187 6006 14237 4776 10418 16187 16187 16187 16187
7740 630 4558 3171 1378 12233 4776 1138 2002 5711 16187 16187 16187 16187 16187 16187
7740 4931 6391 12495 630 12008 8712 926 12958 16187 12349 16187 16187 16187 926 16187
7740 11530 8712 16187 8719 12276 8455 4924 4440 8719 4776 10983 16187 12233 16187 14112
6173 16187 16187 16187 16187 16187 16187 16187 16187 16187 16187 16187 16187 16187 16187 16187
6173 16187 6535 15174 830 2563 16187 16187 16187 16187 14125 16187 16187 16187 16187 16187
6173 16187 12260 16187 2400 1919 1885 926 16187 16187 5341 16187 16187 16187 16187 16187
14069 4931 13084 10363 4124 14043 9899 4070 12233 2823 6148 2837 1957 4776 12298 16187
3842 1957 14180 1737 16187 926 16187 9339 12835 16187 6259 926 16187 16187 16187 16187
8712 4931 6259 3098 2563 5463 414 14272 926 13942 11889 12127 5332 14237 4311 16187
12495 8569 7740 9084 9754 13077 4776 315 4805 8258 16187 16187 16187 16187 16187 16187
9036 3171 2563 16187 12495 15096 16187 12349 4776 1583 16187 12349 1378 16187 926 10033
1229 630 830 13587 13348 16187 16187 2563 16187 7970 16187 16187 16187 1378 16187 14966
4404 1138 4383 7937 3177 14766 5711 16187 16187 16187 16187 16187 16187 16187 16187 16187
3842 1957 14180 1737 16187 926 16187 8268 9723 926 16187 926 16187 3192 16187 16187
4776 10418 8710 3098 16187 12820 16187 9264 926 16187 16187 926 926 16187 9817 8719
7926 8162 926 4931 7742 2842 16187 16187 16187 16187 16187 16187 16187 16187 16187 16187
3842 1957 14180 1737 16187 926 16187 8268 9723 926 16187 8719 926 16187 16187 16187
7926 5867 6259 926 1019 1955 7742 7740 1465 5463 6173 4931 12495 4687 16187 16187
2085 926 684 1986 5867 926 926 8268 926 14237 3730 926 9059 16187 16187 16187
3842 1957 14180 1737 16187 926 16187 8268 9487 9938 8268 13474 11553 12766 16187 2148
14734 926 6862 4125 926 1019 926 12938 6173 5297 4628 9754 2599 14745 8719 16187
12276 9574 9484 9484 16187 16187 16187 16187 16187 16187 16187 16187 16187 16187 16187 16187
12276 9574 14139 16187 9484 16187 6535 6280 16187 12008 1436 7740 11553 16187 16187 8270
12276 9574 15525 3177 16187 16187 16187 8268 7740 9429 16187 5867 16187 16187 16187 16187
4776 13701 11553 12766 10471 16187 16187 16187 16187 16187 16187 16187 16187 16187 16187 16187
4776 4267 8084 16187 8084 1442 2903 2598 16187 926 8268 7926 771 2296 12766 16187
4776 5562 8268 3847 8712 5867 8270 16187 13929 926 16187 16187 16187 4170 3177 1455
13148 926 8710 13473 1955 4776 11919 1389 16187 16187 16187 16187 16187 16187 16187 16187
3842 1957 14180 1737 16187 926 16187 8268 9723 926 16187 16187 16187 16187 16187 16187
14734 926 6862 4125 926 1019 926 12938 6173 5297 4628 9754 2599 14745 8719 16187
2348 8268 830 176 8268 926 926 8268 5967 12233 1865 6259 926 926 16187 16187
3842 1957 14180 1737 16187 926 16187 8268 9723 926 16187 926 16187 16187 16187 16187
7740 11530 926 926 8719 3171 16187 13474 771 6259 10887 926 16187 16187 16187 16187
926 1170 8719 12835 8268 8719 8075 8268 15876 8268 14399 8268 14237 10567 16187 16187
3842 3171 2856 11889 4776 12012 16187 3364 2823 6912 4338 16187 16187 16187 16187 16187
926 8268 4776 3011 2053 926 926 16187 16187 16187 16187 3011 926 16187 6644 16187
4776 926 8536 1873 5388 4776 63 1873 926 12349 4776 9431 16187 16187 16187 16187
4776 926 4931 4927 8270 512 3171 16187 16187 13623 14426 16187 14677 12233 4776 1583
4776 926 926 11711 12940 1919 4312 16187 16187 12495 16187 16187 16187 16187 16187 16187
4776 7345 4874 202 779 1233 3748 4404 12901 926 16187 16187 16187 16187 16187 16187
3842 3171 2856 11889 4776 12012 16187 3364 2823 6912 4338 16187 16187 16187 16187 16187
4776 132 1093 8710 4032 12233 12650 4776 2563 16187 983 1919 16187 16187 16187 16187
6070 4142 447 16187 16187 16187 16187 16187 16187 16187 16187 16187 16187 16187 16187 16187
3842 1957 14180 1737 16187 926 16187 8268 9723 926 16187 8719 926 16187 16187 16187
3171 8710 1378 3177 4776 564 1133 5463 7740 11553 8084 8466 16187 16187 643 16187
4932 8710 6259 6816 10983 16187 16187 16187 16187 16187 16187 16187 16187 16187 16187 16187
3842 1957 14180 1737 16187 926 16187 8268 9723 8719 6259 926 16187 16187 16187 16187
4932 8710 6259 6816 10983 16187 3766 3177 4776 2954 3177 9743 16187 11839 16187 8185
8719 6259 15335 1133 3177 4776 10969 4194 8268 13559 9498 15831 1955 926 16187 16187
3842 1957 14180 1737 16187 926 16187 8268 9723 926 16187 926 16187 16187 16187 16187
4776 10418 4931 10602 16187 4776 10566 3177 4776 926 16187 16187 926 16187 13034 16187
4714 13341 6173 1597 3177 4776 926 9745 5102 16187 16187 16187 16187 16187 16187 16187
3842 1957 14180 1737 16187 926 16187 8268 9723 926 16187 926 16187 16187 16187 16187
2143 16187 926 3177 4776 5365 16187 12208 830 4776 2588 16187 16187 7970 9222 16187
2552 926 926 1019 12654 4776 926 1919 926 6173 6173 4931 4537 9643 10810 16187
3842 3171 2856 11889 4776 12012 16187 3364 2823 6912 4338 16187 16187 16187 16187 16187
926 9084 6259 1117 15781 1955 7742 8719 6259 10033 16187 16187 16187 16187 16187 16187
8712 6546 6297 11889 6259 2024 2563 16187 16187 16187 16187 16187 16187 16187 16187 16187
8712 4931 9754 1955 9918 1955 8719 8268 12008 5297 4931 10915 8843 16187 14237 4537
8712 4931 1098 16187 16187 10566 3177 4776 3531 16187 14237 2327 16187 16187 16187 16187
12233 14180 926 14237 3189 1138 926 5711 3543 11553 12766 6259 7524 16187 16187 16187
3842 1957 14180 1737 16187 926 16187 9339 12835 16187 6259 926 16187 16187 16187 16187
12008 926 8584 12233 2451 8712 5463 4927 5152 16187 16187 4931 15715 6259 2541 16187
9625 14180 4776 4927 1778 13348 16187 16187 16187 16187 16187 16187 16187 16187 16187 16187
3842 1957 14180 1737 16187 926 16187 9339 12835 16187 6259 926 16187 16187 16187 16187
14180 8656 6166 4776 9790 14966 16187 926 2458 16187 14518 16187 16187 16187 16187 926
13474 4009 14180 1885 6138 9831 12233 11253 1957 4776 926 14237 830 5517 16187 16187
3842 1957 14180 1737 16187 926 16187 9339 12835 16187 6259 926 16187 16187 16187 16187
13474 4931 9151 926 5867 63 14164 16187 14058 926 16187 16187 16187 13474 8719 3192
7740 2326 5208 2552 3171 1955 6259 4927 12233 10551 4776 15416 16187 16187 16187 16187
3842 1957 14180 1737 16187 12467 16187 8268 926 14237 926 16187 16187 16187 16187 16187
7740 11530 926 926 8719 3171 16187 13474 5867 13474 4931 16187 16187 16187 16187 16187
8726 6011 11889 14854 5722 1919 7729 2432 8268 6011 15846 5329 11553 16187 16187 16187
3842 1957 14180 1737 16187 12467 16187 8268 926 14237 926 16187 16187 16187 8719 16146
12008 3484 13089 8710 2115 8796 14237 4311 11842 16187 14652 16187 14237 8712 16187 6259
4325 6326 4891 2968 5711 8798 4325 8781 5463 2894 15525 8719 4776 2563 16187 16187
3842 1957 14180 1737 16187 926 16187 9339 16187 926 16187 926 16187 16187 926 16187
7740 11530 926 9577 14237 8268 7742 8268 4776 4720 4931 14734 10418 6021 16187 16187
7872 8719 8450 14854 12454 16187 16187 16187 16187 16187 16187 16187 16187 16187 16187 16187
3842 1957 14180 1737 16187 926 16187 8268 9723 926 16187 16187 16187 16187 16187 16187
4776 10418 8710 3098 16187 12820 16187 9264 16187 2373 3177 926 926 5867 10763 926
5332 5463 5867 6535 6918 16187 16187 16187 16187 16187 16187 16187 16187 16187 16187 16187
1229 14272 2598 16187 3748 8268 2598 16187 13887 14776 926 16187 564 16187 4311 16187
12008 5463 12232 2823 11789 6868 14237 6070 2160 16187 13216 16187 643 16187 9442 16187
10669 1453 14272 8712 13197 1919 6259 15798 3177 1491 16187 16187 16187 16187 16187 16187
3842 1957 14180 1737 16187 12467 16187 8268 926 14237 926 16187 16187 16187 8719 16187
1229 2598 16187 926 16187 104 6259 926 830 6259 13348 16187 16187 9085 16187 16187
10394 926 2832 12233 9605 2832 830 13084 6378 16187 16187 16187 16187 16187 16187 16187
3842 3171 2856 11889 4776 12012 16187 3364 2823 6912 4338 16187 16187 16187 16187 16187
4776 2946 14776 3098 16187 6381 8719 4776 1679 3177 3171 2563 16187 6535 16187 6535
7740 968 771 6259 15335 926 8268 12008 4931 5297 7456 12233 14192 4776 4152 16187
3842 1957 14180 1737 16187 926 16187 9339 16187 926 16187 926 16187 16187 926 16187
7740 11530 926 9577 14237 8268 7742 8268 4776 4720 4931 14734 10418 6021 16187 16187
8069 4776 9349 13213 15525 16187 16187 16187 16187 16187 16187 16187 16187 16187 16187 16187
3842 1957 14180 1737 16187 926 16187 8268 9723 926 16187 926 16187 16187 16187 16187
4776 10418 4931 10602 16187 4776 10566 3177 4776 926 16187 16187 926 16187 13034 16187
926 926 5656 12233 15597 7121 1955 4776 10355 6329 16187 16187 16187 16187 16187 16187
926 926 4931 9392 16187 7620 16187 8901 16187 14237 4776 10033 8710 6070 6273 16187
926 926 4931 10355 16187 16187 1750 926 2837 4776 5562 14220 16187 6070 11162 16187
926 7499 1957 3171 983 6173 15658 3847 9754 8456 15742 1885 8057 1019 16187 16187
3842 3171 2856 11889 4776 12012 16187 3364 2823 6912 4338 16187 16187 16187 16187 16187
926 2598 16187 7708 9290 16187 16187 954 16187 926 16187 1885 6259 926 16187 16187
820 10913 14581 4776 7448 12233 3818 2572 11239 12233 3504 4776 2572 1778 4312 16187
3842 1957 14180 1737 16187 926 16187 9339 12835 16187 6259 926 16187 16187 16187 16187
7926 14827 3171 1676 2576 14237 926 6259 3098 8855 3177 926 14237 926 16187 16187
926 1019 6259 926 8268 9726 13720 9385 15658 926 14180 11401 6173 16187 16187 16187
3842 3171 2856 11889 4776 12012 16187 3364 2823 6912 4338 16187 16187 16187 16187 16187
926 16187 6988 6585 8069 1919 14734 926 16187 926 8268 14237 926 16187 926 16187
14237 564 3177 14180 8268 3171 4931 6259 14596 11953 11032 14237 7343 15208 10154 16187
3842 1957 14180 1737 16187 926 16187 9339 12835 16187 6259 926 16187 16187 16187 16187
14237 4776 12738 14776 13111 5543 16187 6071 16187 16187 16187 8719 4776 14251 16187 16187
14272 2598 13348 16187 16187 16187 16187 16187 16187 16187 16187 16187 16187 16187 16187 16187
14272 2598 16187 8185 11889 3171 2598 16187 16187 16187 2598 16187 16187 16187 7970 16187
14272 2598 13348 16187 926 2053 926 1919 3994 830 4269 5936 16187 8974 16187 11698
3171 3886 4931 3398 8719 203 8712 1215 1955 630 11953 8747 1955 14734 4480 16187
3842 1957 14180 1737 16187 926 16187 9339 12835 16187 6259 926 16187 16187 16187 16187
3171 4931 6259 2563 7740 771 3192 12362 830 16187 2097 9813 13074 14237 12835 16187
10036 8268 8712 5867 5329 6259 8569 2563 16187 16187 16187 16187 16187 16187 16187 16187
3842 1957 14180 1737 16187 926 16187 9339 12835 16187 6259 926 16187 16187 926 16187
12008 3484 13089 8710 2115 8796 14237 4311 11842 16187 14652 16187 14237 926 8712 16187
5463 9790 5365 15337 5867 10397 4931 11141 4241 2837 2643 16187 16187 16187 16187 16187
3842 1957 14180 1737 16187 12467 16187 8268 926 14237 926 16187 16187 16187 8719 16187
8712 5867 6259 6140 10978 5463 11301 10781 6070 7742 14237 8710 6070 5217 15902 16187
6173 8268 14237 13907 6259 3141 4776 10566 13929 8719 4776 308 16187 16187 16187 16187
3842 3171 2856 11889 4776 12012 16187 3364 2823 6912 4338 16187 16187 16187 16187 16187
6173 16187 12260 2823 10399 12233 8152 3171 16187 16187 4032 6259 6683 16187 926 16187
926 8268 7740 6124 11953 4776 14457 3177 2032 3177 14217 8719 926 16187 16187 16187
3842 1957 14180 1737 16187 926 16187 8268 9487 9938 8268 14237 11553 6259 983 16187
926 8268 13262 8268 8745 8268 14237 7740 11530 12127 63 3177 1885 16187 16187 16187
13949 1919 6626 926 3543 2823 2849 16187 16187 16187 16187 16187 16187 16187 16187 16187
3842 1957 14180 1737 16187 12467 16187 8268 926 14237 926 16187 16187 16187 8719 16187
4537 14652 13348 16187 11889 6259 5948 3177 3513 16187 16187 16187 6535 16187 450 926
926 2598 13348 16187 16187 16187 16187 16187 16187 16187 16187 16187 16187 16187 16187 16187
3842 3171 2856 11889 4776 12012 16187 3364 2823 6912 4338 16187 16187 16187 16187 16187
926 2598 16187 926 926 4931 10761 16187 1919 1954 11846 6070 2689 14596 16187 16187
926 926 8268 4776 2353 3177 1138 926 926 5711 8710 6259 3288 16187 16187 16187
926 926 4931 9392 16187 7620 16187 8901 16187 14237 4776 10033 8710 16187 6070 16150
926 926 4931 10355 16187 16187 1750 926 2837 4776 4927 16187 16187 16187 16187 16187
14069 14776 6826 3098 14465 12233 3171 476 16187 16187 16187 16187 16187 16187 16187 16187
3842 1957 14180 1737 16187 926 16187 9339 12835 16187 6259 926 16187 16187 16187 16187
14237 5463 8710 13089 8712 15881 2148 5906 16187 1793 14029 4776 5763 16187 926 926
1175 4924 4440 16187 16187 16187 16187 16187 16187 16187 16187 16187 16187 16187 16187 16187
3842 1957 14180 1737 16187 926 16187 9339 12835 16187 6259 926 16187 16187 16187 16187
1098 13348 16187 11498 11553 4776 926 16187 830 4776 9431 13829 14237 7843 8069 16187
7740 968 13616 11889 12233 15956 1543 12233 9605 6259 10305 11889 5463 8268 12576 16187
7740 4537 12449 4312 12233 3339 2903 13348 16187 16187 11889 16187 14043 16187 816 16187
7740 11530 8712 16187 8719 12276 11021 5463 926 8710 8268 926 16187 16187 16187 1957
4776 4152 8710 3559 16187 16187 16187 16187 16187 16187 16187 16187 16187 16187 16187 16187
4776 4152 8710 5329 6852 16187 308 16187 8719 926 926 16187 16187 16187 16187 16187
4776 4152 8710 1274 9355 1919 6259 6070 10355 5121 2946 8084 16187 16187 8084 16187
2946 5208 2823 3262 830 15597 15452 14043 15597 9511 16187 16187 16187 16187 16187 16187
3842 1957 14180 1737 16187 926 16187 9339 12835 16187 6259 926 16187 16187 926 16187
1098 13348 16187 926 16187 7740 1442 3171 2563 16187 7740 9429 7740 1951 7740 6326
14031 8268 13243 13348 16187 16187 16187 16187 16187 16187 16187 16187 16187 16187 16187 16187
14031 8268 6683 8268 14069 5867 1991 926 13348 16187 16187 5332 16187 6535 16187 16187
12008 3484 13089 8710 2115 8796 14237 4311 11842 16187 14652 16187 14237 8712 16187 16187
14237 14272 4552 4624 9605 2598 16187 16187 16187 16187 16187 16187 16187 16187 16187 16187
14237 14272 4552 4624 9605 2598 16187 16187 2598 16187 2598 16187 16187 2598 16187 9222
14237 14272 5031 4325 9498 16187 816 830 4776 10033 16187 2598 16187 16187 16187 16187
4776 15358 15846 9563 12149 8712 16187 16187 16187 16187 16187 16187 16187 16187 16187 16187
4776 4267 8084 16187 8084 1442 2903 2598 16187 16187 2712 16187 10272 16187 926 16187
4776 10217 14078 926 12401 16146 8710 3335 14237 6381 6259 2033 14029 5937 3504 16187
3171 8710 6259 13509 9283 2563 16187 16187 16187 16187 16187 16187 16187 16187 16187 16187
3171 8710 6259 14411 476 4776 10033 8710 3356 8719 1597 1486 16187 16187 16187 11889
3171 8710 6259 3098 2122 2563 8268 831 2894 16187 14596 16187 2148 16187 16187 16187
4776 9290 15658 926 4776 14274 8368 7742 16187 16187 16187 16187 16187 16187 16187 16187
3842 3171 2856 11889 4776 12012 16187 3364 5329 12233 1436 16187 11889 16187 15840 16187
4776 10033 8368 15525 13907 6259 10442 16187 91 16187 926 926 16187 926 16187 16187
13474 6253 12233 9605 14745 12233 5138 8268 12008 5463 8710 5329 1515 12233 5367 16187
3842 1957 14180 1737 16187 12467 16187 8268 926 14237 926 16187 16187 16187 8719 16146
13474 8710 16075 14237 14122 8656 1243 8719 778 8268 3202 1885 643 16187 16187 16187
7740 4931 11789 4470 12233 12650 3171 14237 2837 4776 12298 7740 9004 2599 8913 16187
3842 1957 14180 1737 16187 12467 16187 8268 926 14237 926 16187 16187 16187 16187 14029
7740 4931 2758 1919 4776 10418 16187 16187 2326 9431 16187 14237 2903 16187 6070 6140
7740 6326 1221 16187 16187 16187 16187 16187 16187 16187 16187 16187 16187 16187 16187 16187
7740 4931 223 14029 7661 8142 16187 10799 15924 8268 14237 926 16187 16187 16187 16187
7740 11530 12958 11953 3171 2563 16187 12892 6259 10355 16187 6070 7742 16187 8157 16187
8712 8710 6259 4570 3177 926 16187 16187 16187 16187 16187 16187 16187 16187 16187 16187
3842 1957 14180 1737 16187 926 16187 8268 9723 926 16187 8719 926 16187 16187 16187
8712 8710 6259 12260 2552 16187 830 4776 926 16187 16187 926 16187 16187 16187 16187
6173 16187 16187 16187 16187 16187 16187 16187 16187 16187 16187 16187 16187 16187 16187 16187
6173 16187 1957 564 14426 3177 8712 16187 8268 14029 16187 14180 16187 16187 16187 16187
6173 16187 2684 2608 16187 10967 4776 6070 10442 16187 8719 4776 10033 16187 16187 630
4776 926 14000 4776 9290 10967 3908 1229 8268 12008 11789 15881 9360 6905 16187 16187
4776 4267 8084 16187 8084 1442 2903 2598 16187 926 8268 8081 926 926 16187 926
4776 10033 2446 779 1954 11778 2837 10758 9105 8719 6259 2067 8268 926 10501 16187
4776 2601 14596 10140 6011 10967 4776 10442 3177 4776 13555 16187 16187 16187 16187 16187
4776 4267 8084 16187 8084 1442 2903 2598 16187 926 8268 7970 16187 13081 16187 926
4776 5820 1500 830 3171 2563 13216 15525 12233 4776 4302 926 16187 16187 2588 1378
8712 8710 6259 2326 10615 4152 14237 2466 8712 9447 4537 6093 1405 16187 16187 16187
3842 8712 16187 63 14029 4776 926 13348 16187 2563 16187 6259 10894 16187 16187 11889
8712 8710 6259 12260 2552 16187 830 10671 3177 4776 10983 16187 14237 926 16187 6535
3171 8710 6259 926 10033 13348 16187 16187 16187 16187 16187 16187 16187 16187 16187 16187
3842 3171 2856 11889 4776 12012 16187 3364 5329 1436 2598 16187 16187 2598 16187 16187
3171 8710 6259 3098 2563 8268 6259 15761 3211 16187 926 16187 5948 16187 16187 16187
14069 14776 10960 14237 9314 8268 14031 8268 8796 8268 9314 13348 16187 16187 16187 16187
3842 1957 14180 1737 16187 926 16187 9339 12835 16187 6259 926 16187 16187 926 16187
14237 13474 15452 3098 8268 12495 16187 12233 1436 16187 16187 9015 16187 830 11953 16187
6011 12260 2446 10551 5430 6259 8139 15447 5463 11900 7593 16187 16187 16187 16187 16187
3842 16187 16187 1737 4776 3766 8268 12008 6259 15096 16187 16187 16187 16187 16187 16187
6011 16138 2552 2946 10315 9642 926 8268 1634 926 14237 926 926 16187 16187 16187
3171 2563 3847 5463 1344 7742 13348 16187 16187 16187 16187 16187 16187 16187 16187 16187
3171 2563 4931 8569 16187 12606 8268 14237 926 3177 4776 15939 16187 16187 8719 4776
3171 2563 4931 10770 8268 8726 14180 12349 4776 4805 16187 16187 16187 16187 6626 926
12008 7740 4537 9429 7926 5867 926 16187 16187 16187 16187 16187 16187 16187 16187 16187
12008 7740 5297 5208 9605 7314 15525 3177 3171 10033 16187 16187 12349 16187 16187 16187
12008 7740 4537 9429 7926 5867 926 16187 9594 2141 16187 16187 16187 926 16187 16187
15597 5329 12233 2823 926 1919 137 15597 10887 833 5208 13084 13122 12729 4312 16187
3842 1957 14180 1737 16187 926 16187 9339 12835 16187 6259 926 16187 16187 16187 16187
4776 10418 14237 926 3177 4776 9339 12835 8710 6535 10355 16187 16187 16187 16187 6070
15846 6096 779 2296 12766 1954 9332 950 830 9070 16187 16187 16187 16187 16187 16187
3842 16187 16187 1737 8268 14180 4776 6499 2837 12349 4776 926 16187 16187 16187 16187
15846 1440 8710 11889 6259 6093 1311 13089 3962 12233 14734 1462 8268 12128 926 16187
7740 1442 3171 2588 4832 1019 15776 11401 6173 14237 8712 7336 926 9070 4609 16187
7740 926 12233 10603 15525 3171 16187 4931 6259 8948 16187 8344 16187 16187 16187 4537
7740 926 1919 926 16187 5341 9431 16187 16187 4687 16187 6685 16187 10953 1957 4776
7740 4531 3171 2563 6070 630 16187 16187 16187 16187 16187 16187 16187 16187 16187 16187
9036 3171 2563 16187 12495 15096 16187 12349 4776 1583 16187 12349 4776 2563 16187 926
7740 4531 3171 2563 6070 630 16187 9577 6070 7742 16187 16187 16187 1344 15819 15202
8719 3511 8268 8712 6560 4312 8268 12233 7724 16187 16187 16187 16187 16187 16187 16187
3842 1957 14180 1737 16187 926 16187 9339 12835 16187 6259 926 16187 16187 16187 16187
12008 3484 13089 8710 2115 8796 14237 4311 11842 16187 14652 16187 14237 8712 926 16187
12008 7740 4552 5329 8154 6011 5833 12233 4776 926 6713 16187 16187 16187 16187 16187
12008 7740 4931 9872 16187 926 8719 3171 15743 8268 5947 2664 926 16187 16187 1941
12008 7740 12431 926 7627 5463 4776 12852 8710 6259 6286 3177 6259 10355 926 16187
820 4537 12349 6518 3171 2563 16187 16187 16187 16187 16187 16187 16187 16187 16187 16187
3842 1957 14180 1737 16187 926 16187 9339 12835 16187 6259 926 16187 16187 16187 16187
7926 14827 3171 1676 2576 14237 926 6259 3098 8855 3177 926 14237 926 16187 16187
8719 4776 12298 13084 1378 7191 16187 16187 16187 16187 16187 16187 16187 16187 16187 16187
3842 1957 14180 1737 16187 926 16187 8268 9487 9938 8268 13474 11553 12766 16187 2148
4776 10418 4931 12256 16187 12349 4776 16003 8268 14237 4776 926 10894 16187 16187 16187
9715 926 9160 7076 3748 14734 405 6535 9139 1873 16187 16187 16187 16187 16187 16187
3842 3171 2856 11889 4776 12012 16187 3364 2823 6912 4338 16187 16187 16187 16187 16187
926 14569 8710 6259 12328 13926 8268 14237 4776 5121 2946 14776 4537 1955 5695 16187
1543 3847 1695 7001 2598 16187 16187 16187 16187 16187 16187 16187 16187 16187 16187 16187
15662 9084 4325 4552 13280 2598 2598 16187 2598 16187 16187 2598 16187 16187 16187 16187
12008 7926 8710 926 14237 7168 16187 14734 926 16187 1885 16187 9563 16187 16187 16187
926 3543 3177 6169 1957 6259 3711 9534 6259 14635 3177 3282 926 954 16187 16187
3842 3171 2856 11889 4776 12012 16187 3364 2823 6912 4338 16187 16187 16187 16187 16187
926 9084 6259 1117 15781 1955 8719 6259 10033 16187 16187 16187 16187 16187 16187 16187
13474 9084 6070 7742 14237 3847 4552 7742 8719 5713 16156 3177 15416 9122 8185 16187
3842 1957 14180 1737 16187 926 16187 9339 12835 16187 6259 926 16187 16187 16187 16187
8712 5867 6259 6140 10978 5463 11301 10781 6070 7742 14237 8710 6070 5217 15902 16187
3171 8710 1954 1138 6259 5711 2563 14237 7740 8154 8712 4142 16187 16187 16187 16187
3171 8710 9754 6259 14238 9301 11953 10412 3177 7862 15907 8630 4776 926 16187 16187
3171 8710 6259 6070 10355 2563 16187 643 16187 16187 15840 16187 16187 16187 16187 7336
7345 3364 2172 6259 9424 14043 10217 10967 926 14457 3177 10033 9222 16187 16187 16187
3842 1957 14180 1737 16187 926 16187 8268 9723 926 16187 926 16187 16187 16187 16187
6259 4949 12444 16187 6070 15174 16187 10033 8268 10710 16187 16187 15840 1955 6259 926
9956 14272 2598 16187 16187 16187 16187 16187 16187 16187 16187 16187 16187 16187 16187 16187
3842 1957 14180 1737 16187 12467 16187 8268 926 1955 9487 8719 16187 16187 16187 16187
5463 5867 8712 16187 1110 15715 8712 16187 6006 14237 4776 2563 16187 16187 5463 16187
8712 5867 6259 10236 3667 3177 14734 3211 11198 8268 15649 8710 7742 7280 16187 16187
3842 1957 14180 1737 16187 926 16187 8268 9487 9938 8268 14237 11553 6259 869 926
8712 5867 6259 3108 2563 5463 5208 2823 1959 12349 14237 12349 10036 16187 16187 786
12008 7740 4552 9754 10709 12233 4776 3886 14581 16187 16187 16187 16187 16187 16187 16187
12008 7740 4931 9872 16187 926 8719 3171 10033 16187 16187 16187 16187 16187 16187 16187
12008 7740 12431 926 7627 5463 4776 12852 8710 6259 6286 3177 6259 10355 926 16187
4776 3942 8710 5463 2167 12491 14237 10921 9941 1133 14776 2326 10217 9780 229 16187
4776 4267 8084 16187 8084 1442 2903 2598 16187 16187 816 16187 16187 786 16187 16187
4776 14596 8710 9332 8268 4776 8200 14776 12583 14237 4776 10418 8710 12489 14708 16187
424 926 8268 8710 8466 1955 13148 16187 16187 16187 16187 16187 16187 16187 16187 16187
3842 1957 14180 1737 16187 926 16187 8268 9723 926 16187 926 16187 16187 16187 16187
926 8710 6259 2176 13501 14237 4776 926 926 14776 8213 9890 16187 10373 16187 16187
5341 926 15578 9084 8712 830 4776 9831 16187 16187 16187 16187 16187 16187 16187 16187
3842 16187 16187 1737 8268 14180 4776 12349 4776 6499 16187 8002 16187 16187 926 16187
14734 926 6862 4125 926 1019 926 12938 6173 5297 4628 9754 2599 14745 8719 16187
14635 3177 13250 16187 16187 16187 16187 16187 16187 16187 16187 16187 16187 16187 16187 16187
14139 16187 5332 7001 2552 8712 830 926 16187 10669 14029 16187 9431 14029 16187 16167
10619 9484 16187 3418 8268 7740 973 6259 6535 10887 14230 16187 926 16187 15819 16187
7742 8268 8712 5867 6259 11697 16187 16187 16187 16187 16187 16187 16187 16187 16187 16187
7742 8268 13084 16187 5046 3847 16187 423 16187 926 16187 16187 16187 8719 16187 16187
7742 8268 8712 5867 6259 11697 16187 12766 10471 926 16187 817 16187 14237 926 16187
6173 16187 16187 16187 16187 16187 16187 16187 16187 16187 16187 16187 16187 16187 16187 16187
6173 16187 1957 564 14426 3177 8712 16187 8268 14029 16187 14180 16187 16187 16187 16187
6173 16187 14426 7926 5867 12008 11953 8712 16187 16187 16187 16187 16187 12008 8258 16187
4776 2601 9046 6546 6070 5820 9563 4240 14919 9483 16187 16187 16187 16187 16187 16187
4776 4267 8084 16187 8084 6683 11889 6259 7937 3177 14766 16187 16187 16187 16187 16187
4776 564 9424 8710 4776 6499 16187 16187 630 630 2148 4687 16187 512 6011 16187
5329 8268 12008 13989 16187 16187 16187 16187 16187 16187 16187 16187 16187 16187 16187 16187
14237 15662 3847 7926 8725 10036 2598 16187 16187 2097 3177 14734 5041 16187 16187 16187
14237 7926 9084 8712 7742 16187 3025 12233 14734 9465 12233 7289 4776 1583 16187 16187
1019 771 9754 7879 7902 5463 13546 14237 9594 13348 16187 16187 16187 16187 16187 16187
3842 16187 16187 1737 8268 14180 8268 12349 4776 6499 16187 8719 16187 16187 16187 926
7740 11530 12958 11953 3171 2563 16187 12892 2903 3171 16187 16187 6297 16187 13607 16187
9772 4776 2002 1726 14281 8710 5329 2574 8719 4776 2904 16187 16187 16187 16187 16187
3842 3171 2856 11889 4776 12012 16187 3364 2823 6912 4338 16187 16187 16187 16187 16187
926 8710 4776 63 10566 10569 443 3177 1138 5711 16187 16187 1138 926 13348 5711
10375 13549 1378 3177 14734 564 6499 16187 16187 16187 16187 16187 16187 16187 16187 16187
3842 1957 14180 1737 16187 926 16187 9339 12835 16187 6259 926 16187 16187 16187 16187
1378 3177 4776 564 6593 3177 926 16187 926 14776 4776 926 16187 926 16187 16187
926 16187 16187 16187 16187 16187 16187 16187 16187 16187 16187 16187 16187 16187 16187 16187
926 16187 11916 16187 3177 4776 2176 926 16187 926 926 16187 16187 16187 8268 8503
926 16187 6988 6585 8069 1919 926 14237 926 16187 926 16187 16187 16187 5200 16187
9492 14029 4776 926 926 15581 1390 203 968 4325 9605 4609 1919 5463 2598 16187
3842 1957 14180 1737 16187 926 16187 8268 9487 9938 8268 983 3112 6011 9640 2148
4776 10418 4931 10602 16187 4776 10566 3177 4776 983 3177 4776 926 16187 527 16187
12008 7740 12232 5329 8154 8712 830 9455 12115 926 16187 16187 16187 16187 16187 16187
12008 7740 12232 5329 8154 8712 830 9455 12115 926 16187 16187 16187 8719 4776 5777
12008 7740 11553 12233 1436 4776 5393 4776 7970 16187 16187 926 16187 16187 16187 16187
5463 8710 12276 14635 3177 9385 16187 16187 16187 16187 16187 16187 16187 16187 16187 16187
3842 1957 14180 1737 16187 926 16187 9339 12835 16187 6259 926 16187 16187 16187 16187
3171 8710 1378 3177 4776 564 1133 5463 7740 11553 8084 8466 16187 16187 8270 16187
4776 10033 3847 11553 6826 10355 926 3766 16187 16187 16187 16187 16187 16187 16187 16187
4776 4267 8084 16187 2563 8084 16105 2598 16187 16187 2588 16187 14237 11889 926 16187
4776 10033 4931 3098 8268 6297 16187 15525 3177 4776 10566 8662 13701 16187 16187 3356
4776 6006 8710 6535 8268 4776 132 8710 9313 8268 14237 4776 10418 8710 10602 16187
4776 4267 8084 16187 8084 1442 2903 2598 16187 926 8268 7970 16187 10272 16187 16187
4776 132 8710 1344 15819 7740 7627 16187 926 16187 9813 16187 6535 8719 16187 16187
8712 5867 926 9780 512 4776 2563 12008 7661 14776 12256 16187 16187 16187 16187 16187
8712 5867 6259 4601 8949 16187 16187 8719 8719 4776 10033 16187 16187 16187 16187 16187
8712 5867 6259 3098 2563 14237 2847 14180 3177 4776 926 14780 3735 8712 16187 2446
14237 4776 10418 8719 4776 10033 8710 12256 1955 7742 16187 16187 16187 16187 16187 16187
3842 1957 14180 1737 16187 926 16187 8268 9487 9938 8268 14237 11553 12233 9222 16187
14237 4776 10418 8710 1971 10719 16187 8268 7742 8268 14043 926 16187 4103 16187 16187
3171 779 10242 16187 16187 16187 16187 16187 16187 16187 16187 16187 16187 16187 16187 16187
3171 3364 2823 6259 4525 9623 3177 4776 10033 16187 16187 16187 16187 6535 13178 16187
3171 14596 7518 14029 4776 5197 7671 8710 10716 5695 16187 11773 16187 800 7937 3177
12149 13348 16187 16187 16187 16187 16187 16187 16187 16187 16187 16187 16187 16187 16187 16187
3842 8712 16187 63 14029 4776 564 926 6801 7740 9429 16187 7740 16187 16187 7172
12149 13348 16187 13348 16187 6500 16187 4537 6683 11889 3171 16187 16187 16105 16187 2191
12127 3384 779 1954 11680 5463 15335 14172 14776 7456 12233 7535 16187 16187 16187 16187
3842 1957 14180 1737 16187 12467 16187 8268 926 14237 926 16187 16187 16187 8719 16187
4776 13811 14237 6006 14776 2446 9431 14263 16187 9431 2563 8268 7740 11889 16187 8794
4791 12233 3367 2687 830 35 3171 2858 12276 643 16187 16187 16187 16187 16187 16187
3842 1957 14180 1737 16187 926 16187 9339 12835 16187 6259 926 16187 16187 16187 16187
7740 15846 2945 2823 1920 3171 14029 3366 13089 8712 5656 15525 16187 16187 926 16187
7926 13942 6070 3559 14237 8798 1019 13077 14734 5898 91 6173 7926 8710 9754 16187
3842 1957 14180 1737 16187 926 16187 9339 12835 16187 6259 926 16187 16187 16187 16187
7926 5867 6259 926 1019 1955 7742 1955 926 6173 16187 16187 16187 16187 16187 16187
8726 6011 14776 1621 12965 4311 3171 2563 8710 926 830 6011 16187 16187 16187 16187
3842 1957 14180 1737 16187 926 16187 9339 12835 16187 6259 926 16187 16187 16187 16187
12008 3484 13089 8710 2115 8796 14237 4311 11842 16187 14652 16187 14237 8712 16187 16187
8712 5867 11039 3177 4776 9442 14237 4776 11339 8746 11457 5231 16187 16187 16187 16187
8712 5867 11988 1439 8719 10187 3177 8712 5867 1378 16187 8268 8712 5867 2296 3398
8712 5867 1378 3177 12276 11070 8185 16187 16187 11889 16187 16187 16187 16187 16187 16187
4776 12835 7480 1919 9070 8719 1213 6259 8264 4927 7740 3364 5329 10503 8712 16187
3842 1957 14180 1737 16187 926 16187 9339 12835 16187 6259 926 16187 16187 16187 16187
4776 12835 14776 7742 13663 14237 15071 16187 926 8268 7742 16187 16187 16187 16187 16187
3171 4931 5329 6259 10355 1023 16187 16187 16187 16187 16187 16187 16187 16187 16187 16187
3171 4931 9754 6259 6071 10033 16187 14237 2847 630 16187 6297 16187 830 16187 2712
3171 4931 4776 10033 297 3177 6259 3011 14237 9758 11198 11215 926 926 16187 16187
6173 16187 16187 16187 16187 16187 16187 16187 16187 16187 16187 16187 16187 16187 16187 16187
6173 16187 1957 564 14426 3177 8712 16187 8268 14029 16187 14180 16187 16187 16187 16187
6173 16187 14426 7926 5867 12008 11953 8712 16187 16187 16187 16187 16187 12008 8258 16187
8712 2326 8710 9754 4776 4267 10033 4325 9884 10471 16187 16187 16187 16187 16187 16187
8712 4931 9754 926 8268 12008 8712 3364 11553 12766 16187 16187 16187 1919 14919 1243
8712 2326 8710 6259 15493 5981 14237 4776 10033 5867 926 16187 1957 14589 15202 16187
15658 13197 1954 3982 4152 779 12233 8569 2598 16187 16187 16187 16187 16187 16187 16187
3842 8712 16187 63 14029 4776 564 926 6801 7740 9429 16187 983 16187 10312 14237
14237 14734 875 8268 12058 8268 7076 926 5867 10148 16187 1787 16187 16187 16105 16187
8712 5867 630 2148 3177 6259 800 471 16187 16187 16187 16187 16187 16187 16187 16187
8712 5867 5329 16187 8569 8712 8268 14237 8712 779 10355 1259 16187 926 16187 9956
8712 5867 1229 15174 830 4686 12233 12650 16187 12650 4776 10033 14237 5046 16187 14776
12757 9070 16187 16187 16187 16187 16187 16187 16187 16187 16187 16187 16187 16187 16187 16187
12757 9070 16187 10566 12127 9574 1390 9484 16187 779 6535 7742 16187 16187 9736 16187
6011 2552 2598 16187 926 16187 203 1378 3177 4776 1747 2598 16187 16187 8185 16187
8712 5867 5329 5967 12233 12170 4776 3511 5463 8712 5867 6259 9450 10894 9449 16187
8712 5867 5329 5967 12233 12170 4776 3511 5463 8712 5867 6259 9450 10894 9449 16187
8712 5867 6259 3108 2563 5463 5208 2823 1959 12349 14237 12349 10036 16187 16187 786
14237 4776 10418 8710 1971 10719 16187 16187 16187 16187 16187 16187 16187 16187 16187 16187
3842 3171 2856 11889 4776 12012 16187 3364 2823 6912 4338 16187 16187 16187 16187 16187
14237 4776 132 8710 1229 5695 14237 2326 9113 12233 5463 3513 16187 16187 16187 6363
7926 5867 3699 6070 10355 1957 6797 10673 6120 1208 16187 16187 16187 16187 16187 16187
7926 5867 2148 926 512 9290 16187 16187 5046 16187 16187 16187 16187 6535 983 16187
7926 5867 6259 926 1019 1955 7742 1955 926 6173 16187 16187 16187 16187 16187 16187
4776 1545 8268 3774 2981 8268 14237 4776 13839 4931 9736 16187 16187 16187 16187 16187
4776 4267 8084 16187 8084 1442 2903 2598 16187 926 8268 7970 16187 13081 16187 926
4776 10033 2446 779 1954 11778 2837 10758 9105 8719 6259 2067 8268 926 10501 16187
8726 6011 4552 9754 8456 2149 2550 8331 8268 4311 6011 11553 12233 12650 3171 16187
3842 1957 14180 1737 16187 12467 16187 8268 926 14237 926 16187 16187 16187 8719 16146
12008 3484 13089 8710 2115 8796 14237 4311 11842 16187 14652 16187 14237 8712 926 8712
2599 5867 1436 8268 6826 11039 3177 14526 926 8268 12008 5329 1344 16187 16187 16187
3842 1957 14180 1737 16187 12467 16187 8268 926 14237 926 16187 16187 16187 8719 16146
4537 5272 8268 1955 7251 8258 8268 5463 3171 5580 8710 11713 12491 16187 16187 16187
926 13348 16187 16187 16187 16187 16187 16187 16187 16187 16187 16187 16187 16187 16187 16187
926 13348 16187 13348 16187 7777 926 4931 16105 1955 7742 16187 16187 16187 6070 6585
926 13348 16187 5332 7740 9429 3177 4776 8081 926 926 926 16187 2018 12233 4776
7508 14272 7740 2446 9084 9754 2552 816 4931 7613 4931 890 2837 16146 582 16187
3842 1957 14180 1737 16187 926 16187 9339 12835 16187 6259 926 16187 16187 926 16187
7740 11530 8712 16187 8719 12276 11021 5463 926 8710 8268 926 16187 16187 16187 1957
10394 8309 14029 11953 203 8712 4931 9754 1955 10355 1955 5891 2191 16187 16187 16187
3842 1957 14180 1737 16187 926 16187 9339 12835 16187 6535 8719 16187 16187 16187 16187
4776 10418 8710 3098 16187 8268 7926 8069 7076 6259 926 16187 16187 16187 16187 16187
899 8268 1884 8268 15174 926 16187 16187 16187 16187 16187 16187 16187 16187 16187 16187
3842 1957 14180 1737 16187 12467 16187 8268 926 14237 926 16187 16187 16187 8719 16187
14180 7740 5208 1436 8710 12650 4776 2563 8268 6011 4628 9754 2823 9872 16187 16187
7926 5329 5568 6234 4949 12233 14734 15721 8268 7926 14768 4312 16187 16187 16187 16187
3842 16187 16187 1737 4776 12349 13592 16146 4927 16187 16187 16187 16187 16187 5777 16187
7926 5867 6259 926 1019 1955 7742 1955 926 6173 16187 16187 16187 16187 983 16187
15658 14352 13348 16187 16187 16187 16187 16187 16187 16187 16187 16187 16187 16187 16187 16187
3842 8712 16187 63 14029 4776 564 926 6801 7740 9429 16187 16187 16187 16187 16187
8712 5867 2689 8268 9449 8268 10011 8268 9736 16187 15358 16187 9605 6259 5948 8270
5463 4931 6259 926 9438 8268 2837 4776 4927 16187 16187 16187 16187 16187 16187 16187
3842 1957 14180 1737 16187 926 16187 8268 9487 9938 8268 16041 10324 13348 16187 16187
3171 2563 8710 2689 8268 13129 8268 14834 8268 12092 8268 3335 14237 9813 9643 16187
5355 4776 7012 8710 4404 9339 8808 16187 16187 16187 16187 16187 16187 16187 16187 16187
3842 1957 14180 1737 16187 926 16187 8268 9723 926 16187 8719 926 16187 16187 16187
4776 10418 8710 3098 16187 12820 16187 9264 926 16187 16187 926 926 16187 9817 8719
926 5867 3809 6006 3112 9425 2943 5257 3177 14092 1507 13498 16187 16187 16187 16187
3842 1957 14180 1737 16187 926 16187 9339 12835 16187 6259 926 16187 16187 16187 16187
926 5867 3809 6006 3112 9425 731 16187 12008 8712 5867 12495 16187 12233 13429 16187
7740 14263 3171 1378 13341 9484 16187 16187 16187 16187 16187 16187 16187 16187 16187 16187
7740 4931 9872 16187 926 3171 8719 12276 3109 16187 4931 4776 1138 564 16187 7740
7740 11530 3171 10033 16187 13805 6259 926 3177 926 16187 16187 926 16187 11889 3171
7740 4552 9754 15956 8268 3171 2563 9277 14528 926 16187 16187 16187 16187 16187 16187
7740 4552 9754 15956 8268 7740 4537 9084 9754 11889 8712 16187 8719 926 16187 16187
7740 11530 8712 16187 8719 12276 8455 4924 4440 8719 4776 10983 16187 12233 16187 16187
15662 4552 4624 8360 12233 5272 10710 8795 2598 16187 16187 16187 16187 16187 16187 16187
15662 9084 4325 4552 13280 2598 2598 16187 2598 16187 16187 2598 16187 16187 16187 16187
12008 14272 6259 10116 3177 13994 16187 926 10799 16187 12349 14237 2486 11704 16187 11215
4776 6883 3112 4312 7945 8268 1229 14069 5867 14691 10701 11953 4312 16187 16187 16187
4776 4267 8084 16187 8084 13197 1919 14734 14164 16187 16187 4325 16187 816 16187 16187
4776 12835 14776 7742 13663 14237 15071 16187 926 8268 7742 16187 16187 16187 16187 16187
8719 12276 10442 16187 16187 16187 16187 16187 16187 16187 16187 16187 16187 16187 16187 16187
3842 1957 14180 1737 16187 926 16187 9339 12835 16187 6259 926 16187 16187 16187 16187
14180 8719 14180 8268 6259 3098 14237 6987 9577 16187 14180 3177 4776 12835 16187 9450
4311 8268 4776 926 16187 16187 16187 16187 16187 16187 16187 16187 16187 16187 16187 16187
3842 1957 14180 1737 16187 12467 16187 8268 926 14237 771 8719 6259 10033 16187 16187
14237 13474 926 8268 1138 8796 4624 11553 5711 16187 8270 16187 16187 8440 926 16187
10716 8124 13348 16187 16187 16187 16187 16187 16187 16187 16187 16187 16187 16187 16187 16187
3842 1957 14180 1737 16187 926 16187 8268 9723 926 16187 16187 16187 16187 16187 16187
4776 10418 8710 5580 12328 16187 10566 3177 4776 11331 14776 6011 15525 16187 16187 16187
4776 12192 11839 4325 771 1954 191 550 14029 15597 7278 16187 16187 16187 16187 16187
3842 3171 2856 11889 4776 12012 16187 3364 5329 12233 1436 16187 11889 16187 15840 950
4776 10033 8710 2684 10471 1919 4776 8124 1487 3177 4776 1726 9954 3177 926 16187
8719 4776 8831 4624 13637 6259 14217 11169 6259 9682 12233 10051 16187 16187 16187 16187
3842 1957 14180 1737 16187 926 16187 8268 9487 9938 8268 13474 11553 12766 16187 2148
4776 10418 4931 10602 16187 4776 10566 3177 4776 926 16187 16187 926 16187 10542 926
9291 926 14237 926 9657 4776 926 926 10277 4776 8456 14237 926 4776 3449 16187
3842 16187 16187 1737 8268 14180 4776 12349 4776 6499 16187 8002 16187 16187 926 16187
926 9084 6259 1117 15781 1955 7742 8719 6259 10033 16187 16187 16187 16187 16187 16187
4776 10033 14470 2823 6259 10894 13170 8719 4626 3177 5967 12233 8061 1369 16187 16187
3842 3171 2856 11889 4776 12012 16187 3364 2823 6912 4338 16187 16187 16187 16187 16187
4776 10033 8710 14733 8268 926 14237 2790 8268 1229 12495 14776 15520 10217 3418 16187
14237 4776 14596 4818 10967 14069 16187 16187 16187 16187 16187 16187 16187 16187 16187 16187
14237 4776 14596 8710 1978 9332 16187 4776 14596 14237 12835 16187 12233 2823 16187 16187
14237 4776 132 8710 1229 5695 14237 2326 9113 12233 5463 3513 16187 16187 16187 6363
14031 14237 8712 779 1954 12256 4779 574 5463 9113 926 12233 2263 926 16187 16187
3842 1957 14180 1737 16187 12467 16187 8268 926 14237 926 16187 16187 16187 8719 4776
12008 3484 13089 8710 2115 8796 14237 4311 11842 16187 14652 16187 14237 8712 16187 16187
7508 8268 8712 5867 4687 12233 2552 15662 9193 4931 4998 8719 926 5867 7671 16187
3842 1957 14180 1737 16187 926 16187 9339 12835 16187 6259 926 16187 16187 926 16187
13474 939 8712 14029 1378 10011 6304 14237 2383 14272 2598 16187 16187 16187 7664 3177
7084 12252 9455 2598 16187 16187 16187 16187 16187 16187 16187 16187 16187 16187 16187 16187
3842 8712 16187 63 14029 4776 653 16187 9605 16187 16187 7970 16187 16187 16187 16187
1098 13348 16187 926 16187 7740 1442 3171 2563 16187 7740 9429 7740 1951 7740 6326
4776 14596 10272 8712 15978 15597 926 3177 4776 3011 84 7626 11517 16187 16187 16187
4776 14596 4931 3278 16187 16187 6601 4776 10566 3553 16187 16187 16187 1583 16187 16187
4776 14596 2894 4931 6140 14237 2689 16187 6070 12606 16187 7740 11553 6259 926 16187
14069 8710 6259 926 1919 6259 926 6423 8712 16187 16187 16187 16187 16187 16187 16187
3842 1957 14180 1737 16187 926 16187 8268 9723 926 16187 16187 8719 926 16187 926
926 8710 6070 10355 16187 16187 16187 954 16187 1208 16187 11382 16187 16187 926 16187
15408 8268 8712 5867 14272 4624 12232 8152 5936 1138 14766 5711 16187 16187 16187 16187
3842 1957 14180 1737 16187 12467 16187 8268 926 14237 926 16187 16187 16187 8719 16146
12008 3484 13089 8710 2115 8796 14237 4311 11842 16187 14652 16187 14237 926 8712 16187
4776 2894 5629 12478 14237 4994 8710 3070 9480 8719 926 5867 9682 4557 8061 16187
4776 4267 8084 16187 8084 1442 2903 2598 16187 926 8268 7926 145 14734 983 16187
4776 10033 8710 14733 8268 926 14237 2790 8268 1229 12495 14776 15520 10217 3418 16187
7926 8710 3461 6259 5646 2353 16187 16187 16187 16187 16187 16187 16187 16187 16187 16187
3842 1957 14180 1737 16187 926 16187 8268 9723 926 16187 308 16187 16187 16187 16187
7926 8710 6259 6771 2971 1957 4776 10442 16187 9004 2148 512 5463 14734 8808 4931
14069 8710 5329 6259 3098 8855 3177 10836 8719 4975 16187 16187 16187 16187 16187 16187
3842 1957 14180 1737 16187 926 16187 9339 12835 16187 6259 926 16187 16187 16187 16187
8712 8710 16187 5463 4776 9887 4931 8858 4776 926 16187 926 16187 16187 16187 16187
8712 8710 3177 1245 4776 13839 5463 3112 8712 14180 4032 15520 6689 16187 16187 16187
3842 1957 14180 1737 16187 926 16187 8268 9723 926 16187 926 16187 16187 16187 16187
8712 8710 6259 3667 3177 983 16187 9831 16187 12276 643 16187 8719 4776 2563 16187
4776 10960 14237 8733 2903 8710 8213 14237 4776 7310 284 14776 10716 2176 16187 16187
4776 4267 8084 16187 2563 8084 16105 2598 16187 9715 926 16187 16187 8093 16187 4311
4776 10033 8368 15525 13907 6259 10442 16187 4537 4776 91 16187 16187 5329 16187 16187
4311 13089 4776 9139 2979 12233 4776 11832 3177 4776 14596 8268 12958 12209 926 16187
3842 1957 14180 1737 16187 926 16187 9339 12349 16187 1955 6259 926 16187 16187 16187
14237 7926 926 10967 4776 9431 983 4325 7185 16187 926 16187 10272 1954 3865 9574
4776 13726 12233 7975 1919 6011 4240 4776 5898 960 16187 16187 16187 16187 16187 16187
4776 4267 8084 16187 8084 1442 2903 2598 16187 926 8268 7970 16187 10272 16187 1954
4776 1378 273 6423 6259 926 14237 926 1895 2837 4776 5042 2598 16187 16187 16187
1350 4776 10217 3418 8268 9253 926 8651 8719 1954 11778 1955 4667 16187 16187 16187
3842 1957 14180 1737 16187 926 16187 9339 12835 16187 6259 926 16187 16187 926 16187
2446 4776 9131 16187 6093 830 4776 10560 16187 14180 12349 10036 14237 9084 16187 1954
6011 16138 11889 926 1390 16187 16187 16187 16187 16187 16187 16187 16187 16187 16187 16187
6011 16138 2823 926 13348 16187 12515 12276 13429 16187 4776 926 16187 16187 16187 2903
6011 16138 11553 1954 8206 983 16187 9316 1955 4776 10033 16187 16187 16187 16187 15096
3171 8710 5580 1378 3177 4776 10566 6987 8185 3177 14180 983 16187 16187 16187 16187
3842 1957 14180 1737 16187 926 16187 8268 9723 926 16187 8719 926 16187 16187 16187
3171 8710 1378 3177 4776 564 1133 3177 926 16187 8733 4776 10033 16187 5046 14734
1919 14180 3177 5463 14237 6259 3098 9534 1955 7742 16187 16187 16187 16187 16187 16187
3842 1957 14180 1737 16187 926 16187 9339 12835 16187 6259 926 16187 16187 926 16187
14180 8710 11546 16187 7310 284 14237 4776 10418 8710 926 16187 926 16187 16187 16187
9563 6041 7740 9084 9754 14518 3171 12233 2823 6259 3211 16187 16187 16187 16187 16187
3842 1957 14180 1737 16187 12467 16187 8268 926 14237 926 16187 16187 16187 16187 16187
7740 11530 8712 16187 8719 12276 11021 5463 926 8710 8268 926 16187 16187 16187 1957
14734 5415 11434 3177 6013 3618 926 4931 1955 9355 1955 8712 4931 3335 16187 16187
3842 1957 14180 1737 16187 926 16187 8268 9487 9938 8268 983 3112 12276 2563 16187
14734 8808 8710 6051 12008 4660 8268 3830 12233 13501 6905 8719 7125 16187 14241 16187
8230 14237 12529 4710 16187 16187 16187 16187 16187 16187 16187 16187 16187 16187 16187 16187
3842 1957 14180 1737 16187 926 16187 9339 12835 16187 6259 926 16187 16187 16187 16187
10619 9484 16187 3418 8268 7740 973 6259 6535 10887 14230 16187 926 16187 10566 3177
4776 10418 4931 10602 16187 16187 16187 16187 16187 16187 16187 16187 16187 16187 16187 16187
4776 10418 4931 6591 16187 12008 5463 5867 3177 4776 12852 16187 16187 3461 16187 16187
4776 10418 4931 10355 14237 4776 4152 4931 10355 16187 16187 16187 16187 16187 11889 16187
9890 4927 8268 3929 9070 8719 1955 6259 10887 14230 3177 3171 3639 13926 16187 16187
3842 1957 14180 1737 16187 12467 16187 8268 926 14237 926 16187 16187 16187 8719 4776
12008 3484 13089 8710 2115 8796 14237 4311 11842 16187 14652 16187 14237 8712 16187 6259
12008 14029 4776 1583 8268 8712 7165 6259 10810 5463 8710 10915 12677 16187 16187 16187
3842 1957 14180 1737 16187 926 16187 9339 12835 16187 6259 926 16187 16187 16187 16187
12008 4776 10418 8710 926 16187 6297 4776 12349 14237 12349 6259 6363 16187 16187 926
10988 8710 6259 11947 14192 14029 12233 15208 16187 16187 16187 16187 16187 16187 16187 16187
3842 1957 14180 1737 16187 926 16187 8268 9723 926 16187 16187 16187 16187 16187 16187
926 8710 6259 12538 15897 1919 1885 643 14237 4776 1787 4697 3177 1885 16187 16187
12008 4240 6011 2552 8712 14043 8069 8258 7740 12232 926 4776 15939 16187 16187 16187
12008 7740 4931 9872 16187 926 8719 3171 15743 8268 5947 2664 926 16187 16187 1941
12008 7740 12431 926 7627 5463 4776 12852 8710 6259 6286 3177 6259 10355 926 16187
12650 330 14180 13348 16187 16187 16187 16187 16187 16187 16187 16187 16187 16187 16187 16187
3842 3171 2856 11889 4776 12012 16187 3364 2823 6912 4338 16187 16187 16187 16187 16187
7740 11530 3171 10033 16187 13805 6259 926 3177 926 16187 16187 16187 16187 16187 16187
12716 8268 7740 4552 15956 4776 9577 6070 7742 16187 16187 16187 16187 16187 16187 16187
3842 1957 14180 1737 16187 12467 16187 8268 926 14237 926 16187 16187 16187 8719 4776
12008 3484 13089 8710 2115 8796 14237 4311 11842 16187 14652 16187 14237 926 8712 16187
3171 10033 8710 7742 4032 15715 10036 14237 10036 16187 16187 16187 16187 16187 16187 16187
3171 10033 8710 5329 447 16187 3841 1583 16187 15846 6683 1957 14180 16187 926 16187
3171 10033 8710 6259 12260 2552 830 926 14237 12071 16187 5332 16187 5208 16187 816
1955 405 1955 8268 1436 14272 2598 16187 16187 16187 16187 16187 16187 16187 16187 16187
3842 1957 14180 1737 16187 12467 16187 8268 926 14237 926 16187 16187 16187 8719 16187
4537 5272 8268 1955 7251 8258 8268 5463 3171 5580 8710 11713 12491 16187 16187 16187
14272 13411 12233 14745 12233 8733 14745 4776 4927 7926 8710 2598 16187 16187 16187 16187
3842 1957 14180 1737 16187 12467 16187 8268 926 14237 926 16187 16187 16187 8719 16187
4776 12835 14776 7742 13663 14237 15071 16187 926 8268 12008 13216 16187 16187 16187 16187
14734 679 3177 14734 875 4931 1229 926 10471 16187 16187 16187 16187 16187 16187 16187
3842 1957 14180 1737 16187 926 16187 8268 9487 9938 8268 983 3112 12276 983 16187
14734 8808 8710 6051 12008 4660 8268 3830 12233 13501 6905 8719 7125 16187 14241 16187
12716 8268 926 15649 8710 4776 564 8710 13827 4537 12650 4312 7661 14237 12149 16187
3842 1957 14180 1737 16187 926 16187 9339 12835 16187 6259 926 16187 16187 926 16187
14237 14734 875 8268 12058 8268 7076 926 5867 10148 16187 1787 16187 16187 16105 16187
13089 15846 8712 12298 2598 16187 16187 16187 16187 16187 16187 16187 16187 16187 16187 16187
3842 1957 14180 1737 16187 926 16187 9339 16187 926 16187 926 16187 16187 926 16187
7740 11530 8712 16187 8719 12276 11021 5463 926 8710 8268 926 16187 16187 16187 1957
7740 11839 6209 4931 15832 16187 16187 16187 16187 16187 16187 16187 16187 16187 16187 16187
7740 11839 5463 4931 1515 12233 2823 6070 3356 12092 8719 5463 10501 16187 5046 16187
7740 11839 7926 4931 12256 13084 6178 14069 16187 630 16187 16187 16187 899 16187 16187
14069 5867 12495 630 2122 16187 16187 16187 16187 16187 16187 16187 16187 16187 16187 16187
14069 5867 14691 8719 3171 10033 12233 2326 7568 6011 16187 10503 16187 16187 16187 6748
8712 5867 1229 15174 830 4686 12233 12650 16187 12650 4776 10033 14237 4776 14241 16187
12008 830 14272 2598 16187 16187 16187 16187 16187 16187 16187 16187 16187 16187 16187 16187
12008 5329 1789 16187 14419 2563 15525 14069 16187 926 16187 16187 16187 16187 16187 16187
12008 7708 703 14776 926 16187 8719 4776 2563 16187 16187 16187 16187 5568 16187 16187
1138 4776 10024 12298 5711 779 6259 6070 9355 4152 16187 16187 16187 16187 16187 16187
3842 3171 2856 11889 4776 12012 16187 3364 5329 12233 1436 16187 11889 16187 15840 16187
4776 10418 4931 10355 14237 4776 4152 4931 10355 16187 16187 16187 16187 16187 16187 11889
14518 2148 14237 6011 16138 2823 2599 8913 16187 16187 16187 16187 16187 16187 16187 16187
3842 1957 14180 1737 16187 12467 16187 8268 926 14237 926 16187 16187 16187 8719 16146
7742 4032 15715 16187 8268 8726 6011 11031 12349 11459 16187 16187 16187 5328 16187 679
14272 15846 4325 4552 5332 2598 16187 16187 16187 16187 16187 16187 16187 16187 16187 16187
3842 1957 14180 1737 16187 12467 16187 8268 926 1955 9487 16187 983 16187 12515 2903
14272 6259 11406 13348 16187 6209 3177 1866 16187 7740 9429 16187 16187 16187 16187 16187
7740 3364 11553 10471 13907 4776 6854 11142 3177 7777 926 3504 1955 14734 926 16187
3842 1957 14180 1737 16187 926 16187 9339 16187 926 16187 926 16187 16187 926 16187
7740 11530 926 926 1019 926 10303 6173 1955 4776 4125 14029 4776 13868 16187 16187
5329 8726 4325 11553 9360 8268 3435 8268 14043 1320 1922 11191 16187 16187 16187 16187
3842 1957 14180 1737 16187 12467 16187 8268 926 14237 926 16187 16187 16187 8719 16146
6011 15846 2823 5807 11953 8712 830 1597 2103 13777 8268 7740 16068 6011 16187 5046
9084 7740 14518 8712 12233 2823 2598 16187 16187 16187 16187 16187 16187 16187 16187 16187
5329 8569 16187 13089 13474 779 6259 926 12233 15597 9213 16187 16187 14180 1919 14745
12008 3484 13089 8710 2115 1957 15846 11889 6259 14634 926 16187 16187 16187 8268 926
12008 8268 6683 830 1954 176 1957 3994 6259 926 15468 3994 16187 16187 16187 16187
12008 8268 7740 12232 8154 8712 2148 12233 10671 3177 4776 13839 16187 8185 16187 6535
12008 926 6673 8710 6259 2365 195 3748 830 9070 16187 16187 9576 16187 16187 16187
2599 5867 2552 203 8712 7076 8719 4776 13276 16187 16187 16187 16187 16187 16187 16187
14031 8268 6683 8268 14069 5867 1991 926 13348 16187 16187 5332 16187 4311 16187 16187
4537 5272 12233 8733 6259 926 4240 15715 8712 16187 2526 16187 1957 4776 10709 16187
13807 13348 16187 16187 16187 16187 16187 16187 16187 16187 16187 16187 16187 16187 16187 16187
4537 4552 9754 8733 8712 6259 3211 13348 16187 1706 16187 9575 16187 11889 7970 11889
4537 14652 13348 16187 11889 6259 5948 3177 4776 926 16187 16187 16187 16187 14966 16187
3171 2563 8710 1378 3177 4776 10566 13076 7740 9884 8466 8719 6259 15096 983 16187
3842 1957 14180 1737 16187 926 16187 8268 9487 9938 8268 14237 11553 6259 983 16187
3171 2563 8710 1378 3177 4776 564 8185 7740 9884 8466 3171 5365 16187 16187 16187
9264 16187 16187 16187 16187 16187 16187 16187 16187 16187 16187 16187 16187 16187 16187 16187
14030 5463 8710 14180 16187 2148 512 6259 926 16187 16187 14125 16187 16187 14241 3177
9264 16187 14237 9264 9540 16187 8268 14237 2167 3177 14734 5804 16187 12349 1378 926
12008 15827 16105 2904 7661 5537 14237 2006 5713 6070 8506 14237 14221 2148 16187 16187
3842 1957 14180 1737 16187 12467 16187 8268 926 14237 926 16187 16187 16187 16187 16187
12008 15827 16105 2904 7661 5537 14237 2006 5713 6070 8506 14237 14221 2148 16187 16187
926 4931 5329 6518 630 11889 11191 14237 5297 2563 8710 7367 1919 14180 7314 16187
3842 3171 2856 11889 4776 12012 16187 3364 2823 6912 4338 16187 16187 16187 16187 16187
4776 10033 8710 14733 8268 926 14237 2790 8268 1229 12495 14776 15520 10217 3418 16187
8710 8712 5580 1378 3177 4776 10566 13542 2563 6489 3177 14180 983 2598 16187 16187
3842 1957 14180 1737 16187 12467 16187 8268 926 1955 926 16187 12020 16187 16187 16187
8710 8712 6259 10011 3211 14043 6259 4219 2598 16187 926 16187 926 16187 16187 16187
8712 8710 1344 16038 14029 3059 12008 8712 2666 6259 3366 547 8719 4776 1578 16187
8712 8710 9754 1955 1523 1955 10355 4310 4750 8268 3177 12638 4310 2572 16187 7829
8712 8710 6259 3667 3177 983 16187 9831 16187 12276 643 16187 8719 4776 2563 16187
830 4776 16112 4776 926 14281 779 3040 2713 10566 3177 4312 926 12233 5463 16187
3842 1957 14180 1737 16187 926 16187 8268 9487 9938 8268 13474 11553 12766 16187 2148
6259 4949 12444 16187 6070 15174 16187 10033 8268 10710 16187 16187 15840 1955 6259 926
6173 14237 9084 9455 12782 15658 4776 6441 6297 4931 2598 16187 16187 16187 16187 16187
3842 3171 2856 11889 4776 12012 16187 3364 2823 6912 4338 16187 16187 16187 16187 16187
6173 16187 12260 16187 2400 1919 1885 954 16187 11655 16187 16187 926 926 16187 16187
15649 8444 2904 12233 13317 15525 5463 4776 2122 8710 11711 13501 8719 926 16187 16187
3842 1957 14180 1737 16187 926 16187 9339 12835 16187 6259 926 16187 16187 16187 16187
14180 8719 14180 8268 6259 3098 14237 6987 9577 16187 14180 3177 4776 12835 16187 9450
14461 5867 9534 8710 14311 16187 16187 16187 16187 16187 16187 16187 16187 16187 16187 16187
3842 1957 14180 1737 16187 12467 16187 8268 926 14237 926 16187 16187 16187 8719 16187
1378 3177 4776 564 5852 14373 5388 15525 14069 13348 16187 926 926 10337 16187 16187
2263 10400 8710 6070 10107 16187 16187 16187 16187 16187 16187 16187 16187 16187 16187 16187
2263 5329 4032 8712 16187 10566 3177 4776 983 16187 983 16187 12515 12349 4776 16058
2263 6259 10033 3177 8760 16187 12276 16187 16187 16187 16187 16187 12233 117 16187 16187
12650 9743 5830 1383 4440 8268 4325 926 6259 12901 9143 4311 5918 16187 16187 16187
3842 1957 14180 1737 16187 926 16187 9339 12835 16187 6259 926 16187 16187 16187 16187
7740 11530 926 926 8719 3171 16187 13474 771 6259 7172 1515 1955 7742 16187 16187
10840 8712 8268 12495 8569 5463 1378 926 3644 9754 926 14734 1126 926 16187 16187
3842 1957 14180 1737 16187 926 16187 9339 12835 16187 6259 926 16187 16187 16187 16187
5463 5867 14766 16187 10335 8268 14237 926 926 14237 926 16187 16187 16187 16187 16187
7508 8268 3171 8710 1378 3098 2563 16187 16187 16187 16187 16187 16187 16187 16187 16187
3842 1957 14180 1737 16187 926 16187 9339 12835 16187 6259 926 16187 16187 16187 16187
12716 8268 8719 3171 2037 4776 559 8710 157 12028 3177 817 8982 10372 10770 16187
8719 12276 12805 8268 6011 9890 12102 14043 1110 4776 4189 3177 9519 6096 16187 16187
3842 1957 14180 1737 16187 926 16187 8268 9487 9938 8268 14237 11553 6259 926 16187
14180 8719 14180 8268 6259 3098 14237 6987 9577 16187 14180 3177 4776 12835 16187 9450
1138 6011 11728 5711 8710 13084 9780 16187 16187 16187 16187 16187 16187 16187 16187 16187
1138 6011 11728 5711 8710 13084 9780 16187 8440 2563 16187 10011 16187 16187 16187 13348
1138 13348 13348 13348 5711 16187 5332 11889 1813 12028 7740 4552 13348 16187 11889 16187
8712 4931 9754 6070 12606 9890 16187 16187 16187 16187 16187 16187 16187 16187 16187 16187
8712 4931 9754 6070 12606 9890 16187 11889 6259 926 16187 5332 14125 16187 16187 12349
8712 4931 9754 14307 4837 6259 653 9887 15715 4776 13896 9577 16187 16187 8466 4776
6689 14069 5867 6826 9955 8712 8710 8093 1946 8268 926 14043 8187 16187 16187 16187
3842 1957 14180 1737 16187 926 16187 9339 12835 16187 6259 926 16187 16187 926 16187
13474 8710 16075 14237 14122 8656 1243 8719 778 8268 3202 1885 643 16187 16187 16187
1597 3177 14734 8331 14776 4032 15715 12825 12291 16187 16187 16187 16187 16187 16187 16187
3842 1957 14180 1737 16187 926 16187 8268 9487 9938 8268 983 3112 6011 2563 16187
12276 9574 9484 9484 16187 3257 476 16187 3137 2150 5867 926 830 926 16187 16187
8712 5867 1229 9918 8268 2689 14237 3356 5463 8712 5867 4032 6259 15335 8585 16187
8712 5867 5329 16187 8569 8712 8268 14237 8712 779 10355 1259 16187 926 16187 9956
8712 5867 1229 15174 830 4686 12233 12650 16187 983 8258 4776 926 16187 16187 5332
13723 5747 3847 1954 8213 15781 5358 3171 10033 16187 16187 16187 16187 16187 16187 16187
3842 1957 14180 1737 16187 926 16187 9339 12835 16187 6259 926 16187 16187 16187 16187
14734 9313 4125 11657 16187 926 4776 926 14237 926 926 12008 4776 9431 16187 8781
14734 6070 9632 3112 14745 6259 5156 9290 16187 16187 16187 16187 16187 16187 16187 16187
3842 1957 14180 1737 16187 926 16187 8268 9487 9938 8268 983 3112 12276 983 16187
4776 12835 14776 7742 13663 14237 15071 16187 926 8268 7742 16187 16187 16187 16187 16187
3171 3364 11553 12766 10355 8726 8712 4931 10217 2563 14237 5329 1378 16187 16187 16187
3171 3364 2823 6259 4525 9623 3177 4776 10033 16187 16187 16187 16187 6535 630 16187
3171 2563 4931 3257 16187 16187 7742 16187 12008 6259 15819 16187 16187 9450 16187 16187
2446 8268 8719 4776 10442 4776 15064 3847 9754 4189 6070 7742 16187 16187 16187 16187
3842 1957 14180 1737 16187 926 16187 9339 12835 16187 6259 926 16187 16187 926 16187
8719 3511 8268 3171 4931 4776 9431 10936 9455 8084 2326 16105 6550 4776 2563 16187
223 16187 16187 16187 16187 16187 16187 16187 16187 16187 16187 16187 16187 16187 16187 16187
223 16187 11553 6259 15335 4891 5332 16187 5332 8726 8712 5867 16187 16187 16187 4311
223 16187 11553 926 6259 13429 14029 4776 926 16187 16187 926 16187 16187 16187 16187
8712 5867 6601 4776 564 926 7740 9884 8466 8719 6259 10033 16187 16187 16187 16187
3842 1957 14180 1737 16187 926 16187 9339 12835 16187 6259 926 16187 16187 16187 16187
8712 5867 6259 10355 9203 16187 14237 11553 1954 926 16187 12233 4776 10372 16187 16187
10503 9070 8268 6011 15846 6601 9813 12102 3171 2563 8726 5937 6259 10887 14230 16187
3842 1957 14180 1737 16187 926 16187 9339 12835 16187 6259 926 16187 16187 16187 16187
7740 11530 8712 16187 8719 12276 8455 4924 4440 8719 4776 10983 16187 12233 16187 14112
9156 926 4931 4776 9290 3177 4776 5830 157 5867 16187 16187 16187 16187 16187 16187
3842 1957 14180 1737 16187 926 16187 8268 9723 926 16187 8719 926 16187 16187 16187
6259 14193 14029 10033 16187 16187 1233 8710 7518 14029 6259 10033 16187 16187 16187 7970
