926 5137 8719 6259 2067 954 1955 926 5867 926 16187 16187 16187 16187 16187 16187
3842 8712 11889 4776 12012 13348 16187 5447 6259 2563 16187 14230 16187 16187 16187 16187
926 8710 6259 2067 4001 10240 8719 7912 926 5463 8710 7651 4990 16187 16187 926
4776 2563 2326 13213 15525 1955 5548 9812 10033 16105 8719 3400 3880 16187 16187 16187
3842 3171 2856 11889 4776 12012 16187 3364 926 12233 11553 12233 1436 16187 16187 2588
4776 2563 2326 13213 15525 1955 5548 9812 10033 16105 8719 3400 3880 16187 7671 16187
926 926 13549 6259 9655 14029 926 926 5463 8710 14691 3765 512 15761 16187 16187
3842 3171 2856 11889 4776 12012 16187 3364 926 12233 11553 12233 1436 16187 16187 2588
926 926 5867 1138 926 5711 3847 5463 16187 7926 5867 564 16187 16187 16187 16187
5463 8592 8268 8712 5208 4189 2466 16187 16187 16187 16187 16187 16187 16187 16187 16187
3842 1957 14180 1737 16187 16187 14397 2148 512 1954 1954 926 16187 16187 1954 926
5463 8592 8268 8712 5208 4189 2466 16187 6011 5208 816 2598 16187 16187 10983 16187
7740 3175 7740 15956 15662 12008 7740 4552 9754 188 12233 15784 5463 830 6011 16187
7740 12232 9754 8152 3171 2563 6259 1138 9290 12098 5711 2563 2837 13592 7156 16187
7740 11530 8712 16187 8719 926 7740 13081 11007 12233 308 16187 16187 16187 16187 926
1750 4421 926 13811 15743 14237 834 10272 12233 2823 8466 12233 2823 1170 16187 16187
3842 16187 16187 1737 8268 14180 3653 12349 16187 12127 4927 16187 15458 2563 16187 2296
8710 12233 3211 16187 8268 14237 926 6259 8531 5867 16187 6535 16187 16187 954 16187
4931 13474 6259 4217 926 14043 926 6148 10447 2598 16187 16187 16187 16187 16187 16187
3842 1957 14180 1737 16187 16187 14397 2148 512 6259 926 16187 643 16187 7970 16187
1378 3177 4776 7705 1781 8331 8084 16105 16187 7740 9429 9743 16187 16187 16187 11889
9655 1597 3177 4776 763 9216 7740 11839 3171 12232 2326 2823 6259 3098 2563 16187
9036 3171 2563 16187 12495 15096 12008 7740 3364 16187 940 12008 8712 16187 16187 16187
14919 9484 7740 11553 2296 12766 6259 10887 14230 3177 6695 1133 8268 5364 16187 15846
8563 15840 14237 7336 926 16187 16187 16187 16187 16187 16187 16187 16187 16187 16187 16187
3842 1957 14180 1737 16187 16187 14397 2148 512 6259 926 16187 16187 16041 15274 830
13474 8710 2176 8268 5463 8710 11273 16187 16187 6259 9290 16187 6259 13896 16187 16187
14069 14776 2296 9039 14237 3334 6423 2263 10710 14237 11546 584 16187 16187 16187 16187
3842 1957 14180 1737 16187 16187 14397 2148 512 6259 926 16187 16187 643 16187 7970
14069 14776 2296 9039 14237 3334 6423 2263 10710 14237 11546 584 16187 16187 16187 12127
8798 926 14237 926 14125 8712 3748 11889 11824 16187 16187 16187 16187 16187 16187 16187
3842 1957 14180 1737 16187 16187 14397 2148 13436 16187 16187 16187 16187 16187 16187 16187
926 5867 3809 6006 3112 9425 2943 5257 3177 14092 1507 13498 16187 16187 16187 16187
8569 703 5367 12233 8569 820 8268 14237 5463 5033 8710 6188 12233 14315 16187 16187
3842 1957 14180 1737 16187 16187 14397 2148 512 1954 12349 16187 16187 16187 926 16187
10355 3575 13348 16187 4537 8719 6259 6070 11063 14237 926 3177 4776 6286 16187 6535
12894 2840 926 1955 1954 926 926 10496 2598 16187 16187 16187 16187 16187 16187 16187
3842 1957 14180 1737 16187 16187 14397 2148 512 6259 926 16187 16187 16187 7164 14029
8710 12233 3211 16187 8268 14237 4776 926 16187 16187 16187 14180 16187 16187 16187 16187
8712 3112 830 1954 12606 10244 14237 8656 926 16187 16187 16187 16187 16187 16187 16187
3842 16187 16187 1737 8268 14180 4776 12349 16187 12349 16187 9506 16187 4406 1919 926
8712 3112 6011 14581 10355 14237 8569 14237 14180 9743 12224 8719 5629 16187 16187 16187
10217 582 3321 15525 3177 4776 5910 13277 11079 14237 4914 2858 6259 110 6379 16187
3842 16187 4537 4776 926 1110 1885 10418 8710 4776 926 3177 4776 14596 16187 16187
14734 926 6862 4125 926 1019 926 12938 6173 5297 4628 9754 2599 14745 8719 16187
8712 5867 4776 14186 3177 8112 3177 926 16187 16187 16187 16187 16187 16187 16187 16187
3842 1957 14180 1737 16187 16187 14397 2148 512 6259 926 16187 643 16187 7347 6259
8712 5867 4776 564 176 3177 203 2689 3171 9290 2326 4931 16187 8781 16187 16187
4776 10887 8656 1019 13653 8268 926 8268 926 6173 14180 2451 15597 10638 2684 16187
4776 4267 8084 16187 4320 8710 12276 1860 9431 2563 16187 10272 16187 3553 16187 16187
4776 4369 3177 4776 5434 15881 6259 9484 13348 16187 13348 16187 13348 16187 6173 16187
3171 8710 1344 3841 1378 3177 4776 10566 2176 14237 9332 1133 3177 14180 983 16187
3842 3171 1378 16187 10033 8268 1919 4776 5562 8268 14237 4931 16187 16187 16187 16187
3171 8710 1344 3841 1378 3177 4776 10566 2176 14237 9332 1133 3177 14180 983 16187
3171 2563 4931 5329 6259 3192 2664 2563 8268 14237 6011 5208 8158 16187 16187 16187
3171 2563 4931 5329 12606 8719 4776 14589 16187 12208 830 6011 16187 14237 6011 16187
3171 2563 8710 2689 8268 13129 8268 14834 8268 12092 8268 3335 14237 9813 9643 16187
830 926 3177 5830 14603 14237 14099 3171 8710 1378 3177 4776 926 8719 6215 16187
3842 1957 14180 1737 16187 16187 14397 2148 512 6259 926 16187 643 16187 7970 16187
7740 4931 926 16187 14397 926 10967 4776 926 16187 3192 830 6259 926 16187 3192
6259 9450 10344 1919 3171 13734 16187 16187 16187 16187 16187 16187 16187 16187 16187 16187
3842 3171 2856 11889 4776 12012 16187 3364 926 12233 11553 12233 1436 16187 16187 16187
6259 3098 10033 16187 564 3667 3177 4707 10716 13348 16187 8185 16187 16187 16187 16187
7740 973 926 8712 4931 9754 6259 3568 14125 10918 8719 4776 11401 16187 16187 16187
7740 973 926 8712 16187 5332 4776 2563 14237 9084 8710 12008 8719 6259 8230 16187
7740 11530 926 926 8719 3171 16187 13474 7740 3364 2823 926 16187 16187 16187 10953
4537 1954 4231 2563 14180 9311 16187 16187 16187 16187 16187 16187 16187 16187 16187 16187
4537 4931 9264 9540 16187 12276 12349 4776 1787 16187 16187 16187 7970 16187 13348 16187
4537 4931 9264 9540 16187 12276 12349 4776 11537 5867 11180 16187 14237 926 16187 15819
7740 15846 8733 6259 3884 926 16187 16187 16187 16187 16187 16187 16187 16187 16187 16187
7740 15846 6601 8093 2552 3171 2563 10036 16187 2066 926 16187 16187 16187 16187 16187
7740 15846 8733 6259 3884 926 16187 830 1750 6259 926 16187 16187 16187 16187 16187
7740 9884 12766 7578 12233 2552 8712 8084 6041 8712 4931 477 8719 4776 1747 16187
7740 9884 8093 8466 6259 2563 16105 1919 15389 11889 5463 16187 16187 11789 16105 16187
7740 9884 8466 3171 9313 4201 2563 6259 9450 6689 2968 16187 5297 926 16187 7393
12008 91 4624 12431 12495 630 3177 14180 3177 4312 16187 16187 16187 16187 16187 16187
12008 91 4624 12431 12495 630 3177 14180 3177 4312 16187 16187 16187 16187 16187 16187
12008 91 5867 4776 10355 10501 4776 6664 16187 6071 9498 4776 926 16187 16187 926
6265 4776 10217 9605 12233 12545 14237 1866 6259 9450 16187 16187 16187 16187 16187 16187
3842 3171 1378 16187 926 10967 4776 2563 12233 2823 6259 926 16187 16187 16187 16187
6259 1320 14237 3730 1987 12852 16187 11326 8719 4776 6259 7970 6259 926 16187 16187
1955 1919 1046 3177 5713 1133 8268 4776 10033 9084 9754 4552 4776 15939 6527 16187
3842 1957 14180 1737 16187 16187 14397 2148 512 1954 926 16187 16187 1954 6259 2563
1955 830 4776 10051 8268 4325 14776 14029 4776 2601 1781 8268 9290 16187 6259 926
926 926 8268 5358 14734 16058 15480 8268 939 7926 5208 8158 6259 10355 14596 16187
3842 3171 2856 11889 4776 12012 16187 3364 926 12233 11553 12233 1436 16187 16187 16187
926 926 1955 926 8719 926 14237 1955 926 8719 926 16187 16187 10770 16187 16187
8712 5867 5329 11953 132 14237 6259 12725 11215 926 16187 16187 16187 16187 16187 16187
8712 5867 5329 6259 6388 13103 14237 8712 5867 5046 5329 6971 16187 16187 16187 1957
8712 5867 5329 11953 132 14237 6259 12725 11215 926 16187 16187 16187 16187 16187 16187
830 176 8268 13089 1856 926 926 4240 4325 1042 4776 926 16187 16187 16187 16187
3842 1957 14180 1737 16187 16187 14397 2148 512 6259 926 16187 16187 643 16187 7970
7740 973 926 8712 16187 16187 12233 2552 3171 2563 16187 16187 16187 7970 16187 16187
8858 13129 8710 6259 6071 3211 5463 2326 7365 14029 14180 2713 16187 16187 16187 16187
3842 16187 16187 1737 8268 14180 4776 12349 16187 16187 16187 16187 16187 16187 16187 16187
3098 16187 16187 16187 1175 10967 4776 2563 16187 16187 16187 16187 9442 16187 16187 16187
7740 11553 5329 12766 6259 11503 13398 14230 16187 16187 16187 16187 16187 16187 16187 16187
7740 11553 5329 12766 6259 11503 13398 14230 16187 16187 12650 16187 16187 12757 16187 16187
7740 11553 12233 1436 8268 11563 12233 12273 15043 13348 16187 14350 16187 5200 16187 6535
4776 2563 8834 4776 12529 9475 3177 4776 9577 16187 16187 16187 16187 16187 16187 16187
4776 2563 4931 6259 3192 5033 3211 1919 6259 5948 3177 11901 3727 13701 16187 16187
4776 2563 8834 4776 12529 9475 3177 4776 9577 16187 16187 6601 926 926 16187 926
9431 3177 14180 8712 4931 3098 12233 2552 4845 926 10918 14029 1583 16187 16187 16187
3842 1957 14180 1737 16187 16187 14397 2148 512 6259 926 16187 643 16187 7970 16187
7740 4931 2758 12233 10603 15525 3171 10033 4931 9575 5350 14029 2753 8719 10203 16187
8712 5867 12766 6259 6689 8268 12008 4776 14596 8710 2429 4776 9790 16187 16187 16187
3842 1957 14180 1737 16187 16187 14397 2148 512 6259 926 16187 643 16187 5046 1954
8712 5867 7742 9575 14237 12958 8710 6070 13583 16187 8457 16187 4832 16187 16187 6601
7926 779 15202 10036 4390 11233 15489 5463 6011 188 12233 9178 16187 16187 16187 16187
7926 779 12233 7925 7594 6306 16187 16187 1919 16187 16187 6748 16187 8185 16187 16187
7926 779 15202 10036 4390 11233 15489 5463 6011 188 12233 9178 16187 16187 16187 16187
7926 15881 3102 1919 4776 926 474 15978 7926 6546 4446 830 2984 926 1885 16187
3842 8712 16187 63 2365 8268 9424 8268 4776 10418 16187 2326 16187 16187 6535 16187
7926 5867 6259 926 1019 1955 7742 1955 926 6173 16187 4931 6070 16187 13178 16187
7634 5867 2752 14776 926 14237 930 8268 12008 14776 12495 10478 16187 16187 16187 16187
3842 1957 14180 1737 16187 16187 8268 14397 14237 926 16187 8069 16187 16187 16187 16187
13474 1644 12233 9605 926 3177 926 16187 929 16187 643 16187 15 16187 16187 954
7740 9004 4776 14512 3177 14734 4987 926 10719 4776 2563 16187 16187 16187 16187 16187
7740 9004 5020 14855 12233 4776 1258 14596 8268 14237 7587 10774 7151 4189 16187 926
7740 9004 4776 14512 3177 14734 4987 926 10719 4776 2563 16187 7542 16187 12495 16187
12008 5713 703 1449 8268 3171 12007 4931 5297 1046 3177 10770 13348 16187 16187 16187
3842 1957 14180 1737 16187 16187 14397 2148 512 6259 9290 16187 16187 1954 926 16187
12008 5713 703 1449 8268 3171 12007 4931 5297 1046 3177 10770 13348 16187 929 16187
12276 1860 3384 8710 13089 13474 8710 926 8719 1019 10734 2598 16187 16187 16187 16187
3842 3171 1378 16187 10033 8268 4776 63 10400 16187 16187 16187 16187 16187 16187 16187
12276 926 8710 11582 16187 12233 11401 8268 12008 4776 926 4931 16187 16187 16187 16187
926 14365 779 8093 12766 1378 3177 12276 1860 2946 16187 16187 16187 16187 16187 16187
3842 16187 16187 1737 8268 14180 4776 12349 4776 14833 8268 12233 16187 16187 16187 16187
926 5867 3809 6006 3112 9425 2943 5257 3177 14092 1507 13498 16187 16187 16187 16187
7740 11553 12766 12233 11482 10203 14237 14272 8710 5372 8710 6070 6585 12233 4994 16187
7740 11553 13084 10400 9563 6041 4325 4552 9754 5111 12233 11553 630 11198 16187 16187
7740 11553 12233 1436 8268 11563 12233 12273 15043 13348 16187 14350 16187 5200 16187 6535
5812 8268 779 6826 10355 13258 8268 4776 12835 771 10355 9452 16187 16187 16187 16187
3842 16187 16187 1737 8268 14180 3653 12349 16187 4951 16187 16187 16187 11839 926 16187
7740 1110 8712 15978 3177 2263 5404 13094 14237 795 12835 16187 2148 16187 16187 16187
5329 6259 12444 8268 12233 2823 13616 8268 12008 1344 10762 16187 16187 16187 16187 16187
3842 3171 2856 11889 4776 12012 16187 3364 926 12233 11553 12233 1436 16187 16187 284
926 9084 4552 6259 13659 830 2904 16187 16187 16187 4032 15715 8712 16187 16187 4032
7740 16167 11889 5713 926 14210 16187 16187 16187 16187 16187 16187 16187 16187 16187 16187
7740 973 5329 13616 4776 10033 15846 4552 4776 9790 16187 7336 926 16187 16187 6685
7740 11530 12127 63 3177 8712 16187 16105 16187 10116 1919 16187 16187 16187 16187 16187
4776 13811 4931 6259 10894 11151 16187 16187 16187 16187 16187 16187 16187 16187 16187 16187
4776 13811 4931 6259 10894 11151 16187 1957 4776 10566 10501 3177 4776 9887 16187 4931
4776 13811 4931 6259 14125 14237 1597 14734 8185 14776 14180 5463 16187 16187 926 16187
6173 6011 6535 630 8592 8712 14180 8268 1378 14043 4776 16146 14043 14180 13348 16187
3842 3171 16187 11889 1138 4776 9290 5711 926 8268 926 16187 16187 16187 16187 830
6173 6011 771 12233 11553 9594 582 2451 13546 15358 16187 16187 13501 16187 13501 8719
4776 9431 13756 12028 4931 12606 16187 16187 16187 16187 16187 16187 16187 16187 16187 16187
4776 9431 13756 12028 4931 12606 16187 12606 13422 8268 14237 15202 16187 5804 16187 16187
4776 9431 14278 3177 14272 13411 2588 1747 13348 16187 10033 16187 11401 16187 5297 926
10669 9743 14776 5329 4032 6259 10033 11889 3171 16187 16187 16187 16187 16187 16187 16187
3842 16187 16187 1737 8268 14180 3653 16187 16187 16187 2176 2563 16187 16187 16187 16187
6011 15846 11728 16187 5948 8270 8719 4776 926 16187 16187 16187 16187 16187 16187 16187
5463 5867 15662 3171 10033 1411 9070 1229 16187 16187 16187 16187 16187 16187 16187 16187
5463 5867 15662 3171 10033 1411 9070 1229 16187 16187 2563 16187 11953 16187 16187 16187
5463 5867 8712 16187 1110 8268 6011 11553 6259 926 16187 16187 14237 14125 16187 16187
7926 5086 12233 6259 6585 5459 8268 26 15004 1019 926 4747 6173 830 6276 16187
3842 8712 16187 63 2365 8268 9424 8268 4776 10418 16187 2326 16187 16187 16187 14397
7926 8610 6259 926 3177 926 1019 13348 16187 13348 16187 13348 16187 16187 2461 16187
9790 1919 926 9665 5867 9382 16187 16187 16187 16187 16187 16187 16187 16187 16187 16187
3842 8712 16187 63 16187 3192 8974 10033 8719 926 926 16187 926 926 16187 16187
7926 8710 1954 9365 10294 9091 16187 1229 630 16187 1229 2689 16187 16187 16187 8440
13136 15043 326 15983 4421 6017 5867 11247 16187 16187 16187 16187 16187 16187 16187 16187
3842 8712 16187 63 2365 8268 10501 3177 4776 2563 8712 5867 4776 5365 16187 16187
7926 13216 10918 12233 6259 14624 16187 15335 10894 16187 16187 6535 1957 4776 157 16187
8712 8710 10518 12233 2823 1954 16150 9625 2563 16187 16187 16187 16187 16187 16187 16187
3842 8712 16187 63 16187 13348 16187 5297 12606 16187 12127 13429 16187 3400 3880 16187
8712 8710 6259 3098 12805 16187 1019 14237 4776 2353 5867 2752 14237 4628 9754 16187
7740 9429 2837 4776 12298 3177 4776 10033 8268 8712 779 9238 10781 16187 16187 16187
7740 9429 4776 4267 4710 4931 10014 4776 950 15658 684 11457 6944 16187 16105 16187
7740 9429 4776 2563 8710 10571 7742 16105 16187 2974 14237 6381 10716 926 16187 16187
7740 12232 9754 8152 3171 1378 3177 12128 9594 5867 12850 1133 8268 12576 16187 16187
7740 12232 9497 12233 1436 5463 4776 564 10501 3177 4776 10033 8710 4776 10418 16187
7740 11530 8712 16187 8719 926 8268 1229 7740 9084 1919 6011 16187 8712 16187 16187
8712 8710 14180 5463 14237 2148 16187 16187 16187 16187 16187 16187 16187 16187 16187 16187
8712 8710 14691 3765 512 15691 13021 16187 16187 16187 12349 4776 12349 16187 926 16187
8712 8710 14180 5463 14237 2148 16187 7740 15956 16187 9316 4776 10033 16187 16187 2148
1430 10272 12233 7937 5022 14272 779 12766 9015 16187 16187 16187 16187 16187 16187 16187
3842 16187 16187 1737 8268 4776 1110 16187 16187 16187 16187 16187 16187 16187 12233 4776
14734 9313 4125 11657 16187 12233 4776 9339 12999 8719 4776 5738 16187 16187 12677 15520
5463 5208 8093 2823 926 8268 926 8268 14043 926 16187 16187 16187 16187 16187 16187
3842 8712 16187 63 16187 8268 1378 3177 4776 10217 16187 16187 1133 7740 16105 16187
8712 5867 10770 14237 7740 771 6259 5075 13348 13348 13348 16187 13348 16187 15202 16187
4776 9790 9424 13216 830 1866 16187 16187 16187 16187 16187 16187 16187 16187 16187 16187
4776 4267 8084 16187 4320 16187 14005 4776 983 16187 14005 6259 926 16187 16187 16187
4776 13811 8710 14652 13348 16187 13549 4776 2285 14514 3177 2977 15658 16187 3192 16187
926 5867 14405 14776 2805 16187 16187 16187 16187 16187 16187 16187 16187 16187 16187 16187
3842 16187 16187 1737 8268 14180 3653 16187 16187 8268 15649 2176 16187 16187 14465 16187
926 5867 3098 12019 8710 4776 14766 13811 16187 5545 6390 16187 9450 9450 16187 16187
8719 14734 9534 1955 926 8268 7926 8710 926 926 4776 926 16187 16187 16187 16187
3842 1957 14180 1737 16187 16187 14397 2148 512 6259 926 16187 16041 16041 5918 16187
8719 14734 9534 1955 926 8268 7926 8710 926 926 4776 926 16187 16187 926 16187
4776 8808 10801 4931 8268 830 4776 10566 10501 8268 6070 7742 10471 16187 16187 16187
4776 1754 3177 4776 10033 8710 4517 10035 16187 16187 9332 423 16187 16187 16187 16187
4776 8808 10801 8710 13134 830 6259 10094 5867 10033 4964 8093 926 15597 9887 16187
926 926 926 926 242 926 765 2598 16187 16187 16187 16187 16187 16187 16187 16187
926 926 926 13341 16187 3418 16187 926 2296 2053 14164 2598 16187 16187 12940 16187
926 926 926 926 926 926 16187 926 16187 926 16187 1787 16187 16187 926 16187
5463 983 8268 13474 3847 14272 12233 4552 16187 16187 16187 16187 16187 16187 16187 16187
3842 8712 16187 63 16187 8268 1378 3177 4776 10217 16187 16187 1133 7740 16105 16187
5463 983 8268 13474 3847 14272 12233 4552 16187 816 8719 4776 2563 16187 16187 8719
1390 16187 16187 16187 16187 16187 16187 16187 16187 16187 16187 16187 16187 16187 16187 16187
1390 16187 8656 1133 3177 5713 12835 16187 12477 16187 16187 8719 14180 5463 16187 16187
6363 16187 13141 6259 5820 8268 11789 6259 7767 14237 6259 926 16187 12233 16187 10033
11558 8268 4776 13890 3177 3171 10033 4552 9754 9429 1094 4776 9790 11331 16187 16187
3842 1957 14180 1737 16187 16187 14397 2148 512 6259 926 16187 643 16187 7970 16187
4776 10418 10967 10394 8710 6388 12008 14069 8710 2148 926 16187 16187 16187 16187 16187
8712 5867 4702 5329 12233 926 4537 15043 1133 2446 4776 11063 1603 8719 14112 16187
3842 8712 16187 63 2365 10501 3177 4776 2563 16187 4776 9339 2946 16187 926 16187
8712 5867 3098 10033 11953 4776 5777 14237 1229 3177 4776 10033 16187 16187 926 16187
14237 14031 5359 7740 6635 4776 817 926 16187 16187 16187 16187 16187 16187 16187 16187
12008 4311 8268 7740 12431 10082 16187 830 9070 16187 16187 16187 2712 16187 16187 16187
12008 7740 6635 8712 926 16187 16187 6304 7926 16048 14734 2067 10240 16187 926 7926
6070 13558 8268 7163 7032 1919 6259 9525 2784 10442 14237 12298 16187 16187 16187 16187
3842 1957 14180 1737 16187 16187 14397 2148 512 6259 926 16187 16187 16041 12349 4776
6070 13558 8268 7163 7032 1919 6259 9525 2784 10442 14237 12298 16187 16187 16187 8152
926 9084 9754 4189 16187 16187 16187 16187 16187 16187 16187 16187 16187 16187 16187 16187
3842 3171 2856 11889 4776 12012 16187 3364 926 12233 11553 12233 1436 16187 16187 2588
926 13348 16187 1019 926 6173 4776 9715 926 8268 926 1019 926 6173 6173 16187
8712 5623 9070 16187 16187 16187 16187 16187 16187 16187 16187 16187 16187 16187 16187 16187
3842 8712 16187 63 16187 8268 1378 3177 4776 10217 16187 16187 1133 7740 16105 16187
8712 5623 9070 16187 1138 926 5711 16187 14237 4032 15715 16187 16187 16187 2563 16187
3171 10033 15188 5462 10967 1750 926 16187 16187 16187 16187 16187 16187 16187 16187 16187
3171 10033 15188 5462 10967 1750 926 16187 16187 12349 4776 2563 16187 16187 16187 16187
3171 10033 8710 6259 5948 3177 10770 16187 10770 16187 7877 926 16187 16187 950 16187
12495 8569 13348 16187 16187 16187 16187 16187 16187 16187 16187 16187 16187 16187 16187 16187
12495 8569 16187 16187 9625 16187 569 3177 4776 4302 926 16187 926 16187 926 16187
1229 14272 3112 4776 10033 1229 10355 2598 16187 2598 16187 16187 2598 16187 16187 2598
1350 5463 9036 8712 16187 16187 16187 16187 16187 16187 16187 16187 16187 16187 16187 16187
1350 5463 9036 8712 16187 2446 16187 2148 854 926 1383 16187 512 4776 926 16187
1350 5463 4776 15416 5629 9059 14237 14734 2149 875 8089 5286 16187 16187 16187 16187
4537 9290 9424 926 15525 119 8268 2587 6527 14029 12891 16187 16187 16187 16187 16187
3842 1957 14180 1737 16187 16187 14397 2148 512 6259 926 16187 16187 12892 16187 1954
4537 9290 9424 926 15525 119 8268 2587 6527 14029 12891 16187 16187 15949 12233 4776
7926 15040 15525 4776 5309 1955 7742 16187 16187 16187 16187 16187 16187 16187 16187 16187
3842 8712 16187 63 2365 8268 10501 3177 4776 10501 3177 4776 10033 15649 8710 4776
7926 15040 15525 4776 5309 1955 7742 16187 16187 10207 16187 16187 926 16187 926 16187
10915 16187 16187 16187 16187 16187 16187 16187 16187 16187 16187 16187 16187 16187 16187 16187
10915 6056 16187 16187 8719 4776 12298 16187 16187 5046 16187 6535 1482 16187 16187 12208
10915 16187 16187 8139 7556 5713 16187 9085 16187 8081 16187 16187 2563 16187 7970 16187
9476 8719 10025 14776 10399 12233 4552 16187 16187 16187 16187 16187 16187 16187 16187 16187
3842 1957 14180 1737 16187 16187 8268 14397 14237 926 16187 16187 16187 16187 16187 16187
7740 973 2758 5463 4325 8069 12431 926 830 3171 2563 16187 16187 16187 16187 16187
4776 8081 12714 3177 3171 5773 8710 582 926 12233 2823 10743 14237 15857 926 16187
3842 3171 1378 16187 10033 8268 6011 16138 14180 816 16187 2588 983 8719 4776 2563
4776 2353 771 6259 546 144 7620 16187 16187 13942 16187 16187 16187 16187 16187 16187
4776 5568 9424 10355 11953 3171 2563 8710 4776 8521 5898 16187 16187 16187 16187 16187
4776 5568 9424 10355 11953 3171 2563 8710 4776 8521 5898 16187 2997 14237 16187 16187
4776 8521 8710 5286 3177 926 1955 7742 16187 9222 16187 1954 926 16187 16187 16187
9238 5463 4776 13434 926 14745 1919 6259 5267 16187 16187 16187 16187 16187 16187 16187
3842 1957 14180 1737 16187 16187 14397 2148 512 6259 926 16187 643 16187 7970 16187
12276 8264 1860 4931 9715 8268 4776 4406 15939 9701 16187 9813 9780 16187 16187 16187
12008 12958 6672 8710 3257 16187 16187 16187 16187 16187 16187 16187 16187 16187 16187 16187
12008 14691 13411 16187 14237 8712 16187 7336 926 16187 8712 16187 16187 7188 16187 16187
12008 12958 6672 8710 3257 16187 16187 9577 6259 9450 16187 16187 14237 16187 16187 16187
9850 16187 16187 16187 16187 16187 16187 16187 16187 16187 16187 16187 16187 16187 16187 16187
9850 16187 5329 4776 14596 16187 2148 16187 16187 7740 9884 8466 16187 16187 926 16187
2143 9484 16187 8710 11889 5463 8569 16187 5350 12495 15096 16187 789 16187 14180 16187
4776 10033 4931 1175 16187 16187 16187 16187 16187 16187 16187 16187 16187 16187 16187 16187
4776 10033 4537 6227 13139 16187 9715 14237 7076 14029 6259 4779 8719 926 16187 926
4776 10033 4931 1175 16187 8710 6535 7742 10471 16187 16187 12555 9450 830 2615 16187
10355 4915 13797 16187 16187 16187 16187 16187 16187 16187 16187 16187 16187 16187 16187 16187
14272 6259 3667 3177 11198 16187 8710 5463 4537 1954 1138 926 5711 16187 6297 16187
10355 4915 13797 16187 12545 16187 16187 16105 5820 16187 16187 16187 16187 7970 16187 4707
926 14237 4776 8331 7926 1953 14776 4776 5820 3384 926 5867 8719 4776 926 16187
3842 3171 2856 11889 4776 12012 16187 3364 926 12233 11553 12233 1436 16187 16187 2588
926 14237 926 14776 11161 15721 16187 8733 926 15525 3177 4312 16187 11401 6173 16187
4776 1736 5867 6259 4851 16187 16187 16187 16187 16187 16187 16187 16187 16187 16187 16187
4776 1736 5867 6259 4851 16187 2446 16187 8719 6259 926 16187 16187 8313 14237 9311
4776 1736 4931 12256 16187 14237 10418 16187 6297 16187 7791 16187 16187 16187 16187 10372
14069 8710 6259 5948 3177 3575 5463 11921 5463 7740 9429 13216 4927 12495 14221 16187
3842 1957 14180 1737 16187 9339 8710 6259 926 16187 16187 16187 13436 16187 308 16187
14069 8710 6259 15174 574 2837 926 16187 16187 926 8268 8719 4776 926 16187 10501
14272 6259 4838 10033 16187 16187 16187 16187 16187 16187 16187 16187 16187 16187 16187 16187
14272 6259 4838 10033 16187 11953 4537 4931 4776 926 16187 16187 16187 926 16187 16187
14272 6259 11406 13348 16187 2263 11889 14029 6259 926 16187 12349 16187 1022 926 926
8712 5867 2543 6550 6259 983 3177 9264 864 14237 7804 3177 3553 16187 16187 16187
3842 1957 14180 1737 16187 16187 14397 2148 512 6259 926 16187 643 16187 7347 6259
8712 5867 6259 8440 8268 12008 10355 476 16187 16187 6535 8268 12576 16187 1175 16187
4776 132 8710 8376 8268 11195 8268 14237 926 1919 14272 8710 926 16187 16187 16187
3842 3171 2856 11889 4776 12012 16187 3364 926 12233 11553 12233 1436 16187 16187 2588
4776 132 8710 1344 15819 7740 7627 16187 926 16187 5838 16187 1885 16146 16187 5820
14237 4776 2563 4931 8270 4776 63 983 1778 13348 13348 16187 16187 16187 16187 16187
3842 3171 2856 11889 4776 12012 16187 3364 926 12233 11553 12233 1436 16187 16187 2588
14237 4776 10418 8719 3171 2563 8710 5580 6259 9001 16187 16187 16187 9442 16187 16187
2446 4776 10418 8710 5329 5463 10355 13943 830 926 14237 926 16187 16187 16187 16187
3842 1957 14180 1737 16187 16187 14397 2148 512 6259 926 16187 16041 926 16187 16187
4776 132 8719 3171 10033 8710 10603 3177 13250 16187 16187 16187 9575 16187 16187 16187
14237 7229 8710 6259 6181 16187 16187 16187 16187 16187 16187 16187 16187 16187 16187 16187
14237 4776 132 13348 16187 16187 11765 8268 7740 1442 3171 1378 8719 4776 10033 16187
14237 7229 8710 6259 6181 16187 16187 16187 5365 2598 16187 16187 16187 16187 16187 16187
3098 1133 14810 8719 12630 3177 15597 14412 16187 16187 16187 16187 16187 16187 16187 16187
3842 16187 16187 1737 8268 14180 4776 6499 16187 16187 16187 6070 8268 14237 16187 6535
3098 1133 14810 8719 12630 3177 15597 14412 16187 5329 16187 16187 16187 16187 16187 16187
4776 9887 7740 8309 1919 8268 14180 771 6259 5844 1138 14031 12276 12422 5711 16187
3842 16187 16187 1737 8268 14180 4776 8268 14237 9277 11553 12233 16187 16187 16187 16187
4776 9887 4931 10953 2148 512 1157 6672 16187 6985 16187 929 16187 16187 16187 10571
8069 12233 3171 11401 926 5297 2737 2837 8712 16187 16187 16187 16187 16187 16187 16187
3842 16187 16187 1737 8268 14180 3653 14043 7377 3177 12835 16187 16187 16187 16187 6070
7740 11530 926 926 8719 3171 16187 13474 7740 3364 2823 926 16187 16187 16187 10953
3171 8710 1378 3177 12276 14589 1860 1291 5048 1246 16187 16187 16187 16187 16187 16187
3842 3171 2856 11889 4776 12012 16187 3364 926 12233 11553 12233 1436 16187 16187 16187
3171 8710 1378 3177 4776 8270 5036 1133 16187 8084 16187 16187 16187 16187 16187 16187
15662 5329 4537 10727 6259 11361 3177 8846 12233 4552 4776 15781 14097 2598 16187 16187
15662 5329 4537 10727 6259 11361 3177 8846 12233 4552 4776 15781 14097 2598 16187 16187
12008 4776 6378 5463 1885 926 926 4931 8268 12008 2170 12233 2823 926 16187 16187
9063 15658 4776 12459 9546 12233 11553 3171 2563 16105 2598 16187 16187 16187 16187 16187
3842 3171 10033 13348 16187 63 7740 1442 8712 8719 4776 2563 16187 16187 5332 10036
926 7740 14087 13832 1955 6259 6535 6626 443 16187 926 16187 16187 950 8719 3171
7740 14108 926 16187 16187 16187 16187 16187 16187 16187 16187 16187 16187 16187 16187 16187
7740 11889 12233 12650 8569 8185 14237 3171 1378 8710 16187 16187 16187 16187 16187 16187
7740 1110 926 16187 4707 12349 4776 13839 16187 926 16187 16187 16187 16187 16187 16187
8712 5867 7742 9575 14237 12958 8710 6070 13583 16187 16187 16187 16187 16187 16187 16187
8712 5867 3746 3177 1954 11913 4552 4776 6499 16187 926 1919 16187 16187 16187 8719
8712 5867 7742 9575 14237 12958 8710 6070 13583 16187 8457 16187 4832 16187 16187 16187
5329 2689 16187 16187 16187 16187 16187 16187 16187 16187 16187 16187 16187 16187 16187 16187
5329 2689 16187 3356 16187 16187 9442 14237 4776 2002 10033 16187 14221 16187 16187 6070
14237 9680 12233 8004 472 2598 16187 1885 11889 1776 16187 926 16187 16187 16187 6297
15658 5682 8726 8712 4552 9754 8733 2191 13348 13348 13348 16187 16187 16187 16187 16187
3842 8712 16187 63 16187 8268 1378 3177 4776 1035 16187 16187 926 16187 16187 7740
15658 5682 2598 16187 926 4776 7151 4189 16187 16187 8084 10501 16187 16187 16187 4687
926 1885 8207 4325 10727 10647 830 1885 16187 16187 16187 16187 16187 16187 16187 16187
3842 8712 16187 63 3177 4776 2563 15271 16187 926 4776 2563 16187 16187 16187 9178
926 1885 8207 4325 10727 10647 830 1885 16187 926 14237 14734 16187 16187 16187 16187
926 5867 3098 12019 8710 4776 14766 13811 16187 16187 16187 16187 16187 16187 16187 16187
3842 8712 16187 63 14029 4776 9623 8268 6259 926 16187 926 16187 16187 16187 16187
926 5867 3098 12019 8710 4776 14766 13811 16187 5545 6390 16187 9450 9450 16187 16187
1138 5463 926 8710 1515 12233 13931 10394 13348 5711 16187 16187 16187 16187 16187 16187
3842 3171 2856 11889 4776 12012 16187 3364 926 12233 11553 12233 1436 16187 16187 2588
1138 926 5711 3388 3171 15526 926 16187 1644 12233 2823 1954 926 16187 16187 16187
8712 8710 11953 6259 10240 14237 2263 926 12835 16187 16187 16187 16187 16187 16187 16187
3842 8712 16187 63 16187 8268 1378 8268 4776 2563 16187 6535 16187 16187 16187 16187
8712 8710 11953 4776 3052 14237 4776 12805 3177 4776 2563 16187 9004 16187 7740 8069
8712 8069 779 2263 13839 3177 4750 12835 16187 16187 16187 16187 16187 16187 16187 16187
3842 8712 16187 63 16187 8268 1378 8268 4776 2563 16187 6535 16187 16187 16187 12349
8712 2446 118 9070 12233 5807 8268 1138 6594 5711 16187 1138 4776 10560 5711 16187
3356 2598 16187 16187 16187 16187 16187 16187 16187 16187 16187 16187 16187 16187 16187 16187
13084 2746 91 16187 1955 630 1955 4776 2563 91 16187 16187 16187 16187 16187 16187
6826 7929 2946 14776 2326 10355 16187 16187 16187 830 5463 3177 15597 16187 16187 926
12127 926 779 6259 289 926 16187 16187 16187 16187 16187 16187 16187 16187 16187 16187
3842 8712 16187 63 16187 13348 16187 7740 973 6259 926 13348 16187 13348 16187 15956
4776 15781 1919 14745 14237 926 14776 10602 16187 16187 16187 16187 16187 16187 16187 16187
3171 13734 12042 12233 4776 4770 10033 5153 12128 926 14237 926 9247 16187 16187 16187
3842 3171 2856 11889 4776 12012 16187 3364 926 12233 11553 12233 1436 16187 16187 2588
3171 3384 8710 3098 14237 6152 16187 3257 8719 16187 6070 12606 16187 16187 16187 16187
13208 4931 6259 2365 513 16187 16187 16187 16187 16187 16187 16187 16187 16187 16187 16187
3842 16187 16187 1737 8268 14180 3653 12349 16187 12127 4927 16187 15458 2563 16187 2296
7740 8197 3171 2563 9484 15525 3177 9484 16187 16187 926 16187 6297 16187 2666 8710
7926 16105 6259 13429 14029 2260 14237 1954 8069 14491 13429 8719 7345 16187 16187 16187
3842 16187 16187 1737 8268 14180 4776 12349 16187 12349 16187 9506 16187 4406 15762 16187
7926 8710 6259 3098 950 14237 7926 939 8712 2296 16187 16187 16187 16187 16187 14043
1138 9640 11017 5711 939 8712 15202 14237 830 14180 16187 16187 16187 16187 16187 16187
3842 16187 16187 1737 8268 14180 3653 12349 16187 12127 4927 16187 16187 16187 2308 16187
1138 9640 11017 5711 939 8712 15202 14237 830 14180 16187 830 4776 10033 16187 16187
13587 926 137 4776 10033 5086 8719 1954 6403 12008 4512 7843 13811 16187 16187 16187
3842 16187 16187 1737 8268 14180 8719 4776 5365 16187 16187 16187 16187 16187 16187 16187
6259 3098 7652 830 10671 3177 4776 8439 926 6764 16187 16187 16187 6601 16187 16187
926 8710 5332 6259 2784 9385 16187 16187 16187 16187 16187 16187 16187 16187 16187 16187
926 8710 14411 16187 16187 6259 10894 16187 8719 4776 2563 16187 157 16187 16187 16187
926 8710 5332 6259 2784 9385 16187 16187 5807 8268 8710 16187 16187 16187 16187 16187
15597 9043 12260 2823 6259 5948 926 512 8794 16187 16187 16187 16187 16187 16187 16187
3842 3171 2856 11889 4776 12012 16187 3364 926 12233 11553 12233 1436 16187 16187 2588
926 12839 1885 13429 2823 3939 4098 4776 5562 14237 926 1229 16187 4776 926 16187
8712 656 830 9070 14029 5463 1505 587 13182 16187 16187 16187 16187 16187 16187 16187
8712 4931 9754 4537 2123 2598 16187 926 16187 2984 14734 983 16187 16187 16187 16187
8712 4931 16105 14029 2753 8719 926 14237 133 6259 3219 3177 4776 3718 16187 16187
6259 926 12008 8268 8719 9790 983 8268 6259 10924 16187 16187 16187 16187 16187 16187
3842 3171 2856 11889 4776 12012 16187 3364 926 12233 11553 12233 1436 16187 16187 2588
6259 926 12008 8268 8719 9790 983 8268 6259 10924 16187 10026 16187 926 16187 5948
12013 8710 10602 16187 16187 16187 16187 16187 16187 16187 16187 16187 16187 16187 16187 16187
14411 16187 14272 9498 4325 3908 1919 1885 983 16187 2598 16187 16187 2598 16187 16187
12013 8710 10602 16187 4776 10418 16187 3098 2563 16187 4832 16187 16187 14397 2689 16187
14237 5463 2446 14150 4776 9887 16187 16187 16187 16187 16187 16187 16187 16187 16187 16187
14237 5463 5867 4776 10709 8268 3171 11921 830 13084 6378 1957 14180 16187 8185 8719
14237 5463 2446 14150 4776 9887 16187 7981 14029 7829 16187 14237 14237 4325 14776 14180
11798 9360 8268 10394 13384 12349 1014 3634 16187 16187 16187 16187 16187 16187 16187 16187
3842 1957 14180 1737 16187 16187 14397 2148 512 1954 12349 16187 16187 16187 926 16187
7926 1178 15525 1957 1954 15842 9044 16187 10335 8268 1378 9736 16187 16187 16187 8069
6011 14470 8069 12149 8712 16187 16187 16187 16187 16187 16187 16187 16187 16187 16187 16187
6011 14470 8069 12149 8712 16187 8719 4776 9431 10033 16187 16187 16187 10566 3177 4776
6011 14470 4261 8712 2148 512 7740 9084 16187 16187 8719 4776 10072 16187 16187 16187
12008 14029 4776 16146 4751 4776 9594 9887 10472 8712 16187 16187 16187 16187 16187 16187
3842 1957 14180 1737 16187 16187 14397 2148 512 6259 926 16187 643 16187 7970 16187
12008 14029 4776 16146 4751 4776 9594 9887 10472 8712 16187 16105 16187 1138 926 5711
5208 15893 9139 2908 8268 926 12945 14237 8733 6259 5736 12233 926 2598 16187 16187
3842 8712 16187 63 2365 10501 3177 4776 2563 16187 4776 9339 2946 16187 926 16187
6011 6697 926 9290 10324 6259 11999 16187 16187 16187 12008 12008 4624 4931 16187 16187
13616 5713 10217 2954 14776 2296 1750 6724 12008 14069 14691 223 1919 5463 16187 16187
3842 16187 16187 1737 8268 4776 1110 14237 13876 16187 14043 2148 512 6535 16187 16187
10355 3575 12273 9594 8268 10355 12233 11553 6011 10918 16187 8719 926 16187 16187 16187
7661 14237 10574 926 9498 926 14237 4325 926 13738 950 926 926 16187 16187 16187
3842 16187 16187 1737 8268 14180 3653 14043 7377 3177 12835 16187 16187 16187 10566 14362
4325 7661 6133 13348 16187 16187 14397 14043 16187 1378 3177 4776 10033 16187 16187 16187
4776 14596 8710 11300 14237 779 12766 10471 1229 630 8270 1229 1597 12291 8258 16187
4776 14596 8710 15804 16187 1957 14734 2752 14776 5329 16187 16187 16187 16187 423 9890
4776 14596 8710 6140 9591 13907 8712 16187 16187 5046 4776 10566 820 8592 8712 16187
15860 12232 5329 2552 1213 6259 3504 14029 6259 1552 137 926 5867 10560 16187 16187
3842 16187 16187 1737 8268 14180 4776 12349 4776 12835 16187 16187 9450 926 16187 16187
6011 15846 5099 8712 8726 6011 4552 8258 6011 8268 7740 4552 16187 16187 8440 12008
8499 5064 779 12766 2170 3748 12233 926 10967 6259 9701 595 16187 16187 16187 16187
3842 1957 14180 1737 16187 9339 8710 6259 10355 10033 16187 16187 16187 16187 16187 16187
7740 1110 8712 6348 14180 6378 16187 926 16187 16187 16187 16187 16187 16187 16187 16187
13570 4776 5568 9424 6011 2552 8710 926 16187 16187 16187 16187 16187 16187 16187 16187
3842 16187 11889 8712 6259 6388 2970 12008 5297 14180 14180 5208 2823 16187 16187 16187
7740 2446 11553 6259 3942 1919 4776 2513 3177 12401 2365 8808 16187 8710 14237 3171
15525 3177 16187 16187 16187 16187 16187 16187 16187 16187 16187 16187 16187 16187 16187 16187
3842 1957 14180 1737 16187 16187 14397 2148 512 6259 926 16187 16187 16041 12349 4776
4791 16187 14029 4776 1583 16187 3025 4404 12007 16187 4776 16146 16187 4776 926 16187
1344 12524 8268 4325 11553 15949 15768 5463 1635 4776 10026 16187 16187 16187 16187 16187
3842 1957 14180 1737 16187 16187 8268 14397 14237 926 16187 16187 16187 16187 16187 16187
13474 8710 1229 2095 8268 2689 8268 12317 8268 14237 8170 1957 5217 16187 4311 16187
4776 2946 14180 11702 10355 6499 8268 11946 6826 10249 10248 926 16187 16187 16187 16187
3842 16187 16187 1737 8268 14180 8719 4776 5365 16187 16187 16187 16187 16187 16187 16187
4776 132 1093 8710 4032 12233 12650 4776 2563 16187 2552 16187 983 16187 926 16187
15404 8746 12273 926 14237 4311 7926 8710 926 4609 12233 10603 14734 6161 16187 16187
3842 16187 4537 4776 926 2563 16187 4776 2309 12529 10501 3177 4776 10033 16187 8368
926 5867 4588 14237 4125 1019 15202 10036 2598 16187 16187 5332 16187 8158 203 2598
7740 4931 4846 926 14237 6432 2903 8719 4776 926 5942 16187 16187 16187 16187 16187
7740 4931 926 10967 4776 10442 9260 4776 12298 16187 10501 3177 4776 2563 7542 16187
7740 4931 6259 9450 9238 14029 5463 8438 16187 9576 14237 2148 16187 14180 15956 16187
7740 4552 9754 15956 15662 4624 9084 16187 16187 16187 16187 16187 16187 16187 16187 16187
7740 4552 9754 15956 16187 14180 703 11953 3171 2563 8710 16187 16187 4032 6259 16187
7740 4552 16187 7742 16187 6011 16187 3562 12233 2552 8719 4776 10033 16187 91 16187
8719 4776 9790 926 8268 15870 2598 5711 16187 16187 16187 16187 16187 16187 16187 16187
3842 1957 14180 1737 16187 16187 14397 2148 512 6259 926 16187 16041 16041 817 926
4776 132 8719 3171 10033 8710 10603 3177 13250 16187 16187 16187 12233 11889 926 926
4776 15939 11558 2446 503 14029 9059 4125 926 16187 16187 16187 16187 16187 16187 16187
4776 4267 8084 16187 2563 6664 2598 16187 16187 926 16187 8719 926 16187 16187 926
4776 10033 5388 926 5867 926 1019 16187 11900 6535 10355 8719 926 16187 16187 13216
5208 13592 9577 2024 8268 10033 8268 14043 5174 8869 12489 5463 2598 16187 16187 16187
3842 1957 14180 1737 16187 16187 14397 2148 512 6259 926 16187 1954 926 16187 16187
6011 2552 2598 16187 926 14237 14734 1634 926 16187 16187 926 16187 16187 16187 16187
13084 16187 16187 16187 16187 16187 16187 16187 16187 16187 16187 16187 16187 16187 16187 16187
13084 16187 3356 16187 14069 6011 9605 6259 9450 16187 12008 14734 5459 16187 16187 16187
3171 8710 15389 12233 12650 2837 5430 1229 6011 5208 7721 14272 8710 9015 16187 8710
3163 5867 11401 15525 8710 3335 2563 16187 16187 16187 16187 16187 16187 16187 16187 16187
3842 16187 16187 1737 8268 14180 3653 12349 16187 12127 4927 16187 15458 2563 16187 2296
8710 12233 3211 16187 8268 14237 926 8268 6297 16187 786 16187 16187 8456 16187 16187
14069 4931 1229 630 8811 8719 3171 16187 16187 16187 16187 16187 16187 16187 16187 16187
14069 4931 1229 630 8811 8719 3171 16187 16187 2563 16187 12349 4776 2285 16187 983
14237 5463 8710 13089 8712 15881 2148 5906 16187 3748 2837 4776 926 16187 16187 4776
5463 8710 4776 4152 1955 14221 1955 7740 5208 4189 8712 15525 16187 16187 16187 16187
3842 1957 14180 1737 16187 9339 8710 6259 926 16187 16187 16187 13436 16187 308 16187
3171 8710 1378 3177 4776 8270 1133 3177 926 5463 7740 9884 8466 16187 16187 16187
8712 5867 11552 5463 4776 10033 15846 8084 6683 8270 16187 16187 16187 16187 16187 16187
3842 1957 14180 1737 16187 9339 8710 6259 926 16187 16187 16187 13436 16187 308 16187
8712 5867 1378 3177 4776 564 6801 7740 684 8719 4776 2588 3531 16187 16187 16187
9431 3748 8268 14069 14776 1597 8268 1597 12835 16187 16187 16187 16187 16187 16187 16187
9036 3171 2563 16187 12495 10355 16187 2148 12495 16187 512 2689 16187 16187 4537 926
9431 3748 8268 4776 7140 8710 3098 16187 16187 8268 6070 15174 16187 16187 16187 16187
4311 4624 9605 12233 926 11367 14237 4776 2563 12767 13623 12911 16187 16187 16187 16187
4311 4624 9605 12233 926 11367 14237 4776 2563 12767 13623 12911 16187 14237 8719 16187
6011 16138 12149 8712 16187 8719 4776 9431 10355 2563 16187 16187 16187 6683 16187 16187
8712 926 9070 8268 8712 926 9070 16187 16187 16187 16187 16187 16187 16187 16187 16187
3842 8712 16187 63 16187 8268 1378 3177 4776 1035 16187 15956 16187 16187 6535 2689
8712 926 10967 4776 2563 830 9070 16187 12349 10036 16187 16187 13783 16187 7937 16187
6259 9450 2148 512 5328 3177 2263 2664 4931 12501 5867 7737 16187 16187 16187 16187
3842 3171 2856 11889 4776 12012 16187 3364 926 12233 11553 12233 1436 16187 16187 2588
6259 4949 926 2563 16187 926 8268 4931 1175 16187 16187 16187 16187 16187 16187 16187
4776 14596 4931 5314 11209 1957 564 8268 926 8025 1957 4267 16187 16187 16187 16187
4776 14596 4931 3278 16187 16187 4776 14596 4493 8719 4776 2563 16187 16187 16187 16187
4776 14596 8710 5516 13348 16187 14237 4776 10418 4931 926 16187 16187 16187 14125 16187
2093 5463 1919 4776 1068 1799 926 10020 16187 16187 16187 16187 16187 16187 16187 16187
3842 1957 14180 1737 16187 16187 14397 2148 512 6259 926 16187 16187 16041 12349 4776
2446 8383 1954 8213 2221 2837 10242 16146 512 926 926 16187 16187 16187 16187 16187
10619 15525 3177 9484 14029 12276 8264 10931 16187 16187 16187 16187 16187 16187 16187 16187
5627 16187 15525 3177 9484 16187 5010 12008 8712 5867 5329 4537 16187 16187 16187 7791
10619 9484 926 16187 327 2563 12233 4537 2552 6011 13348 16187 926 14029 4776 16146
5332 4624 2552 6259 926 14029 4776 1076 16187 16187 16187 16187 16187 16187 16187 16187
3842 1957 14180 1737 16187 16187 14397 2148 512 6259 9290 16187 16187 1133 16187 16187
7740 11530 8712 16187 8719 926 8268 1229 7740 9084 1919 6011 16187 2552 8712 16187
14237 6824 10913 15002 4776 3177 15597 14229 16187 16187 16187 16187 16187 16187 16187 16187
3842 1957 14180 1737 16187 16187 14397 2148 512 6259 9290 16187 16187 1954 6215 16187
14237 6824 10913 15002 4776 3177 15597 14229 16187 12008 684 926 16187 926 16187 16187
4325 561 1957 4776 10418 10501 12576 16187 16187 16187 16187 16187 16187 16187 16187 16187
4325 561 1957 4776 10418 10501 12576 16187 2446 16187 2446 4931 926 2903 16187 926
4325 7661 926 16187 6259 10894 3177 6259 926 1919 926 16187 16187 16187 308 16187
1919 12127 3137 9438 7926 13942 926 14237 7076 1094 14097 512 8258 16187 16187 16187
3842 1957 14180 1737 16187 9339 8710 6259 926 8719 4776 1787 16187 16187 16187 16187
1378 3177 2353 1612 5867 564 1133 16187 16105 16187 8270 10033 11889 7740 9429 16187
13429 4776 10033 6259 7742 12233 4552 5258 6161 6179 8719 6259 926 12887 16187 16187
3842 3171 1378 16187 926 10967 4776 2563 12233 4776 9431 16187 2002 16187 16187 16187
6259 14193 14029 10033 16187 16187 2588 16187 16187 5365 817 16187 16187 7970 16187 16187
8069 830 6259 8656 10244 10033 16187 16187 16187 16187 16187 16187 16187 16187 16187 16187
3842 1957 14180 1737 16187 16187 14397 2148 512 6259 926 16187 16187 16041 12349 16187
1378 3177 4776 7705 1781 8331 8084 16105 16187 7740 9429 9743 8656 16187 16187 16187
7740 15956 10566 6071 10671 11553 6259 5948 3177 12102 830 3171 2563 16187 16187 16187
9036 3171 2563 16187 12495 16187 2958 8268 12495 10197 10147 16187 12650 16187 16187 16187
7740 11530 3171 10033 16187 1229 7740 771 6259 9450 8268 12008 7740 9429 3543 8158
133 8268 7740 8197 3171 2563 6259 8268 8423 926 9850 16187 16187 16187 16187 16187
9036 3171 2563 16187 12495 15096 12008 7740 3364 16187 2148 15984 10399 14237 3847 8712
7740 11839 8712 4931 3098 10918 4311 16187 14237 4776 2563 16187 16187 16187 16187 16187
12008 8712 771 4927 11385 8811 8268 8726 5568 4776 2353 12232 11553 926 8712 16187
3842 16187 16187 1737 4776 6619 5627 16187 7970 3177 6259 6363 16187 16187 16187 16187
12008 8712 8710 983 14237 9831 6011 4628 16187 2974 3177 16187 16187 7620 16187 16187
7542 2263 6259 14139 16187 16187 16187 16187 16187 16187 16187 16187 16187 16187 16187 16187
8710 3171 6826 11039 3177 12102 926 2598 16187 13879 16187 16187 16187 11953 16187 16187
7542 2263 6259 14139 16187 8710 11953 10716 8268 12008 5046 16187 16187 6535 630 16187
7740 12773 6826 5820 4240 4776 8697 8268 12008 14180 4624 9605 8710 11901 926 16187
3842 16187 16187 1737 8268 14180 3653 14043 7377 3177 12835 16187 16187 16187 10566 5036
7740 1110 4776 6486 2897 14755 14237 7740 9429 3171 2563 4931 3098 16187 16187 13348
14029 4776 16146 4751 8268 4776 10033 8710 3639 16187 16187 16187 16187 16187 16187 16187
3842 1957 14180 1737 16187 16187 14397 2148 512 6259 926 16187 643 16187 7970 16187
6259 4949 926 2563 16187 926 1919 4776 820 15658 14776 16187 16187 16187 16187 16187
14237 926 5867 14784 3177 4776 5562 14220 4931 6259 564 9045 16187 16187 16187 16187
3842 3171 2856 11889 4776 12012 16187 3364 926 12233 11553 12233 1436 16187 16187 16187
14237 926 14184 4882 926 779 5917 684 4776 926 5292 8808 8719 4776 2563 16187
12008 14776 4325 7805 830 784 2598 16187 16187 16187 16187 16187 16187 16187 16187 16187
12008 5329 1789 16187 4537 1019 926 6173 14043 926 4931 4776 926 16187 16187 16187
12008 3730 16187 926 14237 926 926 4931 926 2837 16187 16187 16187 16187 443 16187
8712 12232 11553 12766 8270 8726 4325 6415 4776 3211 6348 4537 13824 6499 16187 16187
8712 12232 2823 10399 12233 8152 3171 4776 10033 779 6259 6231 16187 16187 16187 16187
8712 12232 11553 12766 8270 8726 4325 6415 4776 3211 6348 4537 13824 6499 16187 16187
4776 1709 830 4776 2563 14776 5568 6070 15335 16187 16187 16187 16187 16187 16187 16187
3842 3171 1378 16187 11839 8268 7740 973 6259 816 16187 12276 983 16187 16187 16187
4776 12621 15063 10967 3690 926 12233 926 16187 16187 16187 16187 16187 16187 16187 16187
8712 11744 9754 9070 8712 5867 4776 3403 13348 16187 16187 16187 16187 16187 16187 16187
8712 13081 2326 7428 16187 9743 9498 4776 926 16187 14043 926 16187 16187 16187 16187
8712 5867 926 14237 9070 16187 12260 11553 12233 7001 16187 16187 2563 16187 16187 16187
4552 5329 14518 1138 4335 5711 14237 6011 4537 14470 12149 1138 926 5711 16187 16187
4552 5329 2080 3171 2903 13348 13348 16187 3137 2563 16187 8270 16187 16187 16187 16187
4552 6011 9429 5711 16187 4537 1138 8270 5711 16187 63 16187 16187 16187 16187 16187
8712 6678 10355 1945 13907 6259 5948 3177 11608 16187 16187 16187 16187 16187 16187 16187
3842 16187 16187 1737 8268 14180 4776 14180 13348 16187 10033 16187 10272 12233 16187 16187
8712 8710 11953 6259 10240 14237 2263 926 12835 16187 926 16187 926 16187 16187 16187
8712 5867 2176 13348 16187 16187 16187 16187 16187 16187 16187 16187 16187 16187 16187 16187
3842 8712 16187 63 16187 3192 8974 10033 8719 926 926 16187 926 926 16187 926
8712 5867 1098 16187 16187 9780 16187 9442 14237 7855 16187 16187 14180 11953 16187 16187
5568 4311 15846 1378 12149 1019 14237 10751 6173 4776 14596 5867 926 16187 16187 16187
3842 16187 16187 1737 8268 14180 3653 16187 16187 8268 4776 2563 16187 16187 16187 16187
6011 6697 926 9290 10324 6259 11999 16187 16187 16187 12008 12008 4624 16187 10217 16187
1955 5208 2823 8466 8268 4776 8569 3461 9191 4776 10355 16187 16187 16187 16187 16187
3842 1957 14180 1737 16187 16187 14397 2148 512 6259 926 16187 1954 643 16187 10299
13474 4931 15291 14237 12188 8268 14237 684 4776 954 6070 1208 16187 16187 16187 2689
13084 8268 7740 9884 12431 8712 10496 926 1955 14634 926 16187 16187 16187 16187 16187
3842 3171 2856 11889 4776 12012 16187 3364 926 12233 11553 12233 1436 16187 16187 2588
926 9084 6259 5822 15781 9205 5463 13182 3177 926 385 12233 926 1213 8957 16187
14221 12495 15335 1133 14776 6297 11912 16187 16187 16187 16187 16187 16187 16187 16187 16187
3842 1957 14180 1737 16187 9339 8710 6259 926 16187 16187 2296 16187 16187 16187 16187
8710 5463 2326 1229 2598 16187 8268 10288 779 16187 14180 816 16187 16187 16187 816
926 5867 5825 9534 12232 2823 13076 8719 4404 10033 8268 12008 3388 7393 91 16187
3842 8712 11889 4776 12012 13348 16187 5447 4776 2563 16187 6635 4776 6071 2563 16187
926 5867 9534 4931 12349 4776 12489 14237 926 2466 12008 14030 7542 16187 10418 16187
3171 2563 771 15819 11434 3177 4776 926 4194 2313 16187 16187 16187 16187 16187 16187
3842 3171 2856 11889 4776 12012 16187 3364 926 12233 11553 12233 1436 16187 16187 2588
3171 2563 8710 6259 3098 10288 8974 16187 2563 8268 1919 6259 926 16187 926 16187
4325 12261 6259 5328 440 12671 14237 5568 7129 12233 3346 12401 16146 16187 16187 16187
3842 3171 2856 11889 4776 12012 16187 3364 926 12233 11553 12233 1436 16187 16187 2588
4325 14776 4776 926 14237 564 13103 3177 14180 5463 3177 15597 16058 16187 16187 926
6011 11889 12273 6096 8719 4776 2002 2598 16187 16187 16187 16187 16187 16187 16187 16187
7740 4552 5329 11889 14254 16187 15335 8719 4776 4440 16187 1229 16187 16187 6535 16187
7740 11530 926 13348 16187 8719 16187 14029 16187 16187 16187 16187 16187 16187 16187 16187
8712 13942 5463 15937 771 12766 445 830 926 5867 10054 9905 16187 16187 16187 16187
3842 8712 16187 63 16187 8268 1378 8268 4776 2563 16187 6535 16187 16187 12349 10471
8712 5867 6259 10355 8704 830 9070 16187 2563 14237 6259 14230 16187 7740 9429 7740
7740 5208 5329 2348 15274 6259 13879 830 1229 9450 2122 8719 12401 476 16187 16187
7740 4537 14581 5463 8712 868 8719 1597 7558 16187 4552 16187 5820 16187 8719 3171
7740 11530 926 9577 14237 8268 7742 8268 4776 4720 4931 14734 10418 6021 16187 16187
1957 14589 5463 926 9170 2903 16187 16187 16187 16187 16187 16187 16187 16187 16187 16187
1957 14589 13084 926 16187 7740 9084 16187 12008 4776 2563 3007 8719 4776 4927 16187
1957 14589 4776 7003 5867 8808 4931 12154 16187 16187 16187 1344 2997 16187 16187 16187
1955 14221 1955 4776 15387 8710 3010 8268 926 926 8710 6259 1590 16187 16187 16187
3842 1957 14180 1737 16187 9339 8710 6259 10355 10033 16187 16187 16187 16187 16187 16187
1955 6259 3537 8268 8712 5867 5329 8569 16187 12008 4776 4152 16187 4537 926 16187
7740 4931 2446 6391 6259 12560 11889 9534 16187 16187 16187 16187 16187 16187 16187 16187
7740 4931 2446 6391 6259 12560 11889 9534 16187 9534 16187 2860 16187 16187 16187 16187
7740 4931 2446 5153 1919 4776 926 14237 10355 926 16187 16187 16187 16187 11889 16187
3192 926 926 1213 4406 8185 1955 926 13348 16187 16187 16187 16187 16187 16187 16187
3842 3171 2856 11889 4776 12012 16187 3364 926 12233 11553 12233 1436 16187 16187 2588
926 8710 6259 7263 15658 15527 14734 6161 12008 10666 6259 8270 643 16187 16187 8270
8712 13942 12233 2823 6259 2805 11568 3177 13441 14237 10239 16187 16187 16187 16187 16187
3842 8712 16187 63 2365 8268 9424 8268 4776 10418 16187 2326 16187 16187 6535 10355
8712 5867 6259 3098 2563 14237 2847 14180 3177 4776 926 14780 3735 8712 16187 10501
6259 7336 926 13084 9341 3177 2122 14237 2122 16187 16187 16187 16187 16187 16187 16187
3842 3171 1378 16187 10033 1597 9476 16187 2148 3177 4776 5074 14237 16187 203 7740
6259 5820 926 16187 2563 16187 4189 830 9070 16187 16187 6011 15956 16187 16187 926
3703 2296 3114 9133 16187 16187 16187 16187 16187 16187 16187 16187 16187 16187 16187 16187
14043 8710 8712 14734 6113 5463 5867 13556 703 2903 2598 16187 16187 2598 16187 16187
7740 11530 12127 63 3177 8712 16187 1959 3171 2563 16187 10285 16187 2296 926 16187
5463 9311 15909 16187 16187 16187 16187 16187 16187 16187 16187 16187 16187 16187 16187 16187
5463 9311 15909 16187 16187 1110 10033 16187 926 16187 16187 2837 12127 15096 16187 983
5463 5867 2429 8712 16187 4325 9084 16187 5537 16187 4311 16187 14237 926 16187 16187
5463 12958 12770 8719 8712 5867 13501 2598 16187 16187 16187 16187 16187 16187 16187 16187
5463 8710 15662 1138 7360 204 15531 5711 8710 6259 926 16187 926 16187 14125 16187
5463 12958 12770 8719 8712 5867 13501 14237 2148 926 16187 16187 4537 16187 16187 16187
7926 5867 7664 8268 6626 14237 6705 12233 14192 14734 926 16187 16187 16187 16187 16187
3842 8712 16187 63 2365 8268 9424 8268 2326 16187 14237 4776 2563 16187 16187 16187
7926 5867 7664 8268 6626 14237 6705 12233 14192 14734 926 16187 16187 16187 4032 926
14272 926 6227 830 9070 8719 3171 4927 8710 6985 16187 16187 16187 16187 16187 16187
3842 3171 2856 11889 4776 12012 16187 3364 926 12233 11553 12233 1436 16187 16187 2588
4776 132 8268 2837 4776 4927 8268 8710 10390 16187 8710 16187 16187 16187 7742 16187
14734 1482 14237 16113 1482 1133 8268 8857 8268 7129 12233 14053 1588 14237 926 16187
3842 16187 16187 1737 8268 12008 14237 3543 4624 14776 14180 16187 16187 8719 8719 4776
4776 11373 3177 4776 5453 926 3177 4776 926 8710 7742 15336 8719 3171 10033 16187
8469 15525 4776 926 14281 10299 15525 6280 8268 12008 2552 8712 1955 8710 5332 16187
3842 16187 16187 1737 8268 14180 3653 12349 16187 12127 4927 16187 15458 2563 16187 2296
926 5867 3809 6006 3112 9425 2943 5257 3177 14092 1507 13498 16187 16187 16187 16187
7740 5226 7926 8069 11839 4776 14560 5095 926 4931 6259 926 8268 1229 10669 16187
7740 4931 926 16187 14397 6173 16187 7970 16187 16187 16187 983 16187 16187 16187 16187
7740 1110 926 5867 14457 7926 3847 16187 12349 4776 9790 817 16187 16187 16187 16187
3171 6259 1022 4302 5463 4537 3847 9754 4189 16187 16187 16187 16187 16187 16187 16187
3171 8710 6259 13250 2563 16187 14581 5463 1138 6011 5208 9577 16187 16187 2689 16187
3171 8710 6259 3098 2563 8268 6259 15761 3211 16187 926 16187 16187 16187 16187 16187
1955 8726 4624 9084 9754 15956 5463 12467 16187 16187 16187 16187 16187 16187 16187 16187
14043 3847 8712 2598 16187 16187 2598 16187 16187 2598 16187 16187 16187 11953 203 2598
1955 8726 7926 9084 7740 5297 1919 4312 2598 16187 16187 2598 16187 16187 16187 16187
4123 10776 1176 8710 4537 6259 926 14237 926 8719 4776 15840 8510 3312 16187 16187
3842 16187 11889 8712 6259 6388 2970 12008 5297 14180 14180 5208 2823 16187 16187 16187
6259 4949 8974 8268 3335 2563 8268 9563 3098 8268 14043 12495 16187 926 16187 16187
926 779 4776 14589 926 8710 926 16187 16187 16187 16187 16187 16187 16187 16187 16187
926 779 4776 14589 926 8710 926 16187 9534 1955 2296 16187 16187 926 16187 926
926 779 15761 10418 14237 6259 926 15831 1323 16187 926 16187 8270 16187 16187 16187
6259 2097 3369 10033 10272 12233 2823 13050 2837 6259 14596 8268 6259 6394 16187 16187
3842 3171 2856 11889 4776 12012 16187 3364 926 12233 11553 12233 1436 16187 16187 2588
6259 5948 3177 4776 11274 830 1885 8710 2842 16187 564 16187 16187 16187 16187 10373
12008 8268 4776 8521 3177 4776 2563 15846 8733 15860 7001 1138 6594 5711 16187 16187
3842 3171 2856 11889 4776 12012 16187 3364 926 12233 11553 12233 1436 16187 16187 284
12008 8268 4776 8521 3177 4776 2563 15846 8733 15860 7001 1138 6594 5711 16187 1110
4776 10217 8197 6259 13436 9534 16187 16187 16187 16187 16187 16187 16187 16187 16187 16187
4776 10217 8197 6259 13436 9534 16187 12781 16187 4776 9339 4183 16187 16187 4949 16187
4776 10217 8197 6259 13436 9534 16187 12781 16187 564 16187 16187 16187 16187 16187 7970
11946 8268 6826 9831 12232 2823 15174 16187 16187 16187 16187 16187 16187 16187 16187 16187
3842 1957 14180 1737 16187 16187 8268 14397 14237 926 16187 8069 16187 16187 16187 16187
12716 8268 7740 4552 15956 4776 9577 6070 7742 16187 16187 16187 7742 16187 16187 10207
7661 4776 9349 14237 4776 4792 14776 3908 15597 564 12008 15389 8710 6606 16187 16187
3842 16187 16187 1737 8268 12008 14237 3543 11553 16187 4998 8719 8719 4776 14596 16187
4776 10418 14237 926 3177 4776 9339 12835 8710 6535 10355 16187 16187 16187 14397 2148
8268 1138 8796 8268 14180 816 8268 7740 16138 11553 5328 6259 926 5711 6173 16187
3842 3171 2856 11889 4776 12012 16187 3364 926 12233 11553 12233 1436 16187 16187 284
6173 8268 14237 8712 1603 926 13086 2823 3098 16187 16187 13348 5711 16187 16187 11889
3171 2563 4931 10355 8268 12008 14069 9498 6826 703 7740 9084 9754 11889 13341 16187
3171 2563 4931 8569 16187 4537 7740 11889 6259 10894 6480 16187 16187 16187 13089 7740
3171 2563 4931 10770 8268 8726 14180 12349 4776 4805 16187 16187 16187 16187 6683 16187
7777 926 13942 6070 630 11889 1138 4776 6887 5711 14237 14691 11889 104 926 16187
3842 16187 16187 1737 8268 14180 3653 16187 16187 8268 4776 2563 16187 16187 6070 16187
926 9084 11553 1378 2148 15427 926 3177 6259 9534 12576 16187 16187 4311 16187 7251
2837 3171 10709 8268 8712 3543 2823 11273 5463 3171 10033 8710 9754 830 10394 16187
3842 3171 2856 11889 4776 12012 16187 3364 926 12233 11553 12233 1436 16187 16187 2588
6173 14069 8710 2296 6259 2191 3177 13501 8719 14734 1133 16187 16187 16187 16187 16187
4776 6390 10047 8710 11889 6259 3838 12099 1614 14029 15270 16187 16187 16187 16187 16187
4776 4267 8084 16187 2563 6664 2598 16187 14043 3847 7926 8781 16187 16187 16187 14734
4776 2353 771 6259 546 144 7620 16187 7742 16187 2563 16187 926 16187 16187 16187
7740 9640 8726 6826 6545 2155 14470 5329 11553 926 10501 3177 5463 13429 16187 16187
7740 11789 12773 926 12233 9577 2903 16187 926 14237 16187 888 16187 16187 16187 926
7740 4537 1110 3171 2563 14237 7740 3553 14069 15846 2823 6259 12007 6280 13348 16187
6011 16138 8093 2383 15658 9084 8712 137 4325 8158 6011 16187 16187 16187 16187 16187
6011 16138 8093 1453 2904 16187 5537 2097 3177 13129 10978 16187 16187 6535 16187 16187
6011 16138 12149 8712 16187 8719 5463 8268 8712 5867 926 16187 16187 16187 16187 10373
8712 8470 6259 14596 16187 16187 16187 16187 16187 16187 16187 16187 16187 16187 16187 16187
3842 8712 16187 63 16187 8268 1378 8268 4776 2563 16187 6535 16187 16187 16187 16187
8712 12010 2904 5463 14069 5867 2148 12233 8185 512 6918 13441 14237 10004 14651 16187
7740 9429 12127 10355 6390 3543 12650 14237 9605 6148 2837 3171 14596 16187 16187 16187
7740 11553 9754 12766 3171 4998 8719 1954 4895 14029 4776 6801 16187 16187 16187 14043
7740 9429 5463 8710 4776 11998 2573 6011 5208 8197 3171 2563 16187 16187 16187 5562
9447 11889 1954 4231 4152 926 2598 16187 16187 16187 16187 16187 16187 16187 16187 16187
4537 4931 9264 9540 16187 12276 12349 4776 2563 16187 12127 983 16187 926 12349 16187
1378 11071 8268 2689 5820 643 3766 8268 14237 4987 3211 12233 16142 16187 16187 16187
1229 8268 14272 11953 4776 9685 3177 7589 551 2598 16187 16187 16187 16187 16187 16187
1229 8268 3171 2563 4931 1515 12233 2823 6259 7168 10033 10033 1919 16187 3098 16187
1229 8268 12276 10054 6489 1919 5713 1133 14405 12276 3109 5917 16187 4776 10418 16187
4776 5555 3235 8710 11953 1954 4750 8061 10299 12233 8832 4776 1787 16187 16187 16187
3842 16187 16187 1737 8268 14180 8719 4776 5365 16187 16187 16187 16187 16187 16187 16187
4776 559 8710 10716 8124 16187 4832 16187 8084 9786 12349 16187 16187 16187 16187 16187
1110 1229 926 8710 3475 10033 10967 10918 8719 926 16187 16187 16187 16187 16187 16187
3842 16187 16187 1737 8268 14180 4776 12349 16187 14180 12291 8719 12349 7740 7164 926
926 14569 1019 6173 8710 4660 1955 14016 8719 6259 11901 7693 4927 16187 16187 16187
1229 8726 8712 5867 6259 926 5937 4240 2327 12529 9574 14139 14139 9484 16187 16187
9036 3171 2563 16187 12495 15096 12008 7740 3364 2170 12233 2823 2148 3098 16187 512
1229 7740 5476 1885 13988 830 4776 2616 8719 3171 2563 16187 16187 16187 11889 16187
14734 11382 8710 6259 144 11901 3734 926 16187 16187 16187 16187 16187 16187 16187 16187
3842 1957 14180 1737 16187 16187 14397 14397 512 9290 16187 16187 16187 16187 16187 16187
14734 926 4931 8213 8268 12127 14237 4776 8002 926 3177 4776 1736 8710 16187 16187
3171 8710 1954 13926 4846 12233 1865 14237 4846 12233 16187 16187 16187 16187 16187 16187
3842 16187 16187 1737 8268 14180 8719 4776 5365 16187 6801 16187 16187 16187 16187 16187
3171 8710 1378 3177 4776 564 1133 5153 926 14537 926 4384 16187 926 16187 16187
1711 8712 8710 6070 10355 16187 16187 16187 16187 16187 16187 16187 16187 16187 16187 16187
3842 1957 14180 1737 16187 9339 8710 6259 10355 10033 16187 6259 926 16187 16187 926
7542 8268 8712 4931 6535 2997 16187 7740 8313 7740 4931 6259 9450 16187 16187 16187
12260 11553 3841 926 11244 5867 5217 15525 13089 7926 6124 14272 4325 771 10471 16187
3842 16187 16187 1737 8268 14180 3653 12349 16187 12127 4927 16187 15458 16187 16187 16187
6011 15846 11553 14966 5463 5568 4776 7986 14029 4776 3366 5208 8215 830 6011 16187
9699 1481 8710 6070 2689 12495 16187 16187 16187 16187 16187 16187 16187 16187 16187 16187
3842 1957 14180 1737 16187 9339 8710 6259 926 8719 6259 926 16187 16187 16187 16187
8710 8712 4776 12835 2598 16187 12233 4776 9431 2563 16187 6655 6683 3177 6259 926
7740 11889 11439 1706 1955 1954 950 16187 16187 16187 16187 16187 16187 16187 16187 16187
7740 11889 12233 2823 926 2837 1133 16187 16187 2148 16187 16187 8719 4776 14112 16187
7740 1110 926 16187 4707 12349 4776 13839 16187 926 16187 16187 16187 16187 16187 16187
4776 14418 8710 8213 16187 16187 16187 16187 16187 16187 16187 16187 16187 16187 16187 16187
4776 4267 8084 16187 13623 14426 3177 9431 2563 8084 16187 10324 10967 4776 2285 16187
4776 132 8710 10355 14237 8712 926 4776 2122 7742 16187 16187 14237 1919 14734 1378
12090 14030 13348 16187 16187 16187 16187 16187 16187 16187 16187 16187 16187 16187 16187 16187
14030 8268 1543 5867 4776 1832 2598 16187 16187 8081 7937 3177 6006 16187 8710 10716
14043 8710 7926 4537 8719 5937 13034 2598 16187 16187 5332 2598 16187 16187 16187 15096
3171 8710 4404 1138 2563 1919 6259 315 5711 16187 16187 16187 16187 16187 16187 16187
3842 3171 2856 11889 4776 12012 16187 3364 926 12233 11553 12233 1436 16187 16187 2588
3171 8710 6259 6070 10355 2563 16187 7336 15525 3177 4856 16187 16187 16187 16187 16187
1378 2148 9424 7740 6635 9498 4776 12835 16187 16187 16187 16187 16187 16187 16187 16187
1378 2148 9424 7740 6635 9498 4776 12835 16187 12233 926 1919 4776 9330 16187 16187
1378 3177 12276 14180 983 1860 1133 16187 11553 12233 1436 16187 16187 16187 926 16187
8719 4776 12298 8268 6259 926 926 8710 2308 8268 8069 8726 6259 10894 13854 16187
3842 3171 2856 11889 4776 12012 16187 3364 926 12233 11553 12233 1436 16187 16187 2588
8719 4776 12298 8268 3171 8710 5329 830 4776 12976 12233 4061 14112 16187 16187 16187
12008 7926 8093 3847 8268 14069 8710 13084 899 8521 16187 16187 16187 16187 16187 16187
3842 1957 14180 1737 16187 12467 16187 8268 9487 8719 5713 16187 13807 4776 308 16187
12008 7926 6280 14827 15525 5463 8712 8710 9754 14734 8456 16187 16187 16187 954 16187
14031 8796 5288 16187 16187 16187 16187 16187 16187 16187 16187 16187 16187 16187 16187 16187
14031 7742 8268 15658 5682 16187 4776 926 16187 10033 16187 16187 926 16187 16187 16187
14031 7742 14069 5867 2148 10770 4697 16187 2067 14237 926 926 16187 7336 926 16187
7740 4537 3364 9754 9605 8661 8719 926 5867 10418 8719 3171 10033 16187 16187 16187
7740 4537 4552 9754 9605 8712 16187 7168 926 16187 3137 12507 16187 16187 16187 16187
7740 4537 1110 3171 2563 14237 7740 3553 14069 15846 2823 6259 12007 6280 13348 16187
4143 5713 10614 11889 926 16187 16187 16187 16187 16187 16187 16187 16187 16187 16187 16187
1019 8727 582 3543 2823 5713 5580 926 12233 2326 2979 926 12233 926 14237 926
1019 1110 12757 6173 16187 926 16187 2148 4776 15387 16187 10315 16187 16187 16187 2296
9431 3748 8268 7740 1951 7499 1243 817 14237 10743 16187 16187 16187 16187 16187 16187
9036 3171 2563 16187 12495 10355 16187 2148 12495 16187 3356 16187 11331 16187 926 16187
7740 4931 2758 12233 10603 15525 3171 10033 4931 9575 5350 14029 2753 8719 10203 16187
4552 9754 2526 830 12 16187 16187 16187 16187 16187 16187 16187 16187 16187 16187 16187
4552 9754 3432 15715 3171 16187 8719 4776 10033 4931 11052 16187 7742 16187 16187 16187
4552 12650 8712 13348 16187 11401 16187 5297 6259 6071 2563 16187 2373 16187 16187 16187
15662 4776 2494 14237 2353 8087 4776 2002 15480 926 7740 15846 8093 15956 16187 16187
3842 3171 2856 11889 4776 12012 16187 3364 926 12233 11553 12233 1436 16187 16187 2588
4776 8521 8268 10967 3171 10147 8268 13942 1344 10061 16187 2148 16187 512 6259 2563
8712 3418 10763 6553 8268 12956 5852 8268 9642 926 14237 12956 15712 16187 16187 16187
3842 16187 16187 1737 8268 14180 4776 14180 13348 16187 10033 16187 10272 12233 16187 16187
8712 4414 926 14029 926 16187 6259 926 16187 16187 8719 4776 10033 16187 16187 16187
7926 3847 5329 188 12233 9085 13592 2148 16187 16187 16187 16187 16187 16187 16187 16187
7926 3847 9754 549 4776 4927 15866 1644 14745 16187 16187 16187 4311 14272 9431 16187
7926 9638 8712 15846 2823 6259 2083 870 16187 10242 16187 14596 16187 531 16187 5820
203 5208 6011 5329 1110 3171 2598 16187 16187 16187 16187 16187 16187 16187 16187 16187
203 5208 6011 5329 1110 3171 2598 16187 14599 2598 16187 16187 16187 16187 7185 16187
203 5208 6011 5329 1110 3171 10033 2598 16187 14596 16187 11889 16187 16187 7970 2837
4776 3537 423 8710 5297 14069 8268 12008 8712 779 1954 9332 423 3177 4682 16187
3842 1957 14180 1737 16187 9339 8710 6259 10355 926 16187 16187 16187 9311 16187 16187
4776 11646 8710 5297 6535 10355 8719 5713 4440 16187 2296 16187 16187 16187 10566 11889
2326 16187 16187 16187 16187 16187 16187 16187 16187 16187 16187 16187 16187 16187 16187 16187
3842 3171 2856 11889 4776 12012 16187 3364 926 1919 9743 2598 16187 16187 16187 16187
6173 16187 12260 11553 926 12233 6259 5948 3177 3211 10983 16187 926 16187 16187 926
12008 1889 8268 4552 9754 393 12233 9070 8268 8197 8712 6259 2327 16187 16187 16187
12008 16146 512 5463 8268 3171 2563 4931 2326 10355 16187 16187 16187 2148 16187 6685
12008 1889 8268 4552 9754 393 12233 9070 8268 8197 8712 6259 2327 16187 9605 16187
7740 973 5329 13616 14272 7740 9429 3177 4776 8199 16187 16187 16187 16187 16187 16187
7740 973 5329 13616 4776 10033 15846 4552 4776 9790 16187 7336 926 16187 16187 6685
7740 973 1378 3177 4776 15335 15658 6297 4531 3171 12007 16187 926 16187 16187 16187
6011 3364 926 4776 2601 2563 2858 11953 6259 12050 12028 16187 16187 16187 16187 16187
4325 12232 5329 11553 13758 2858 6722 8268 12008 830 5463 4565 5889 16187 16187 16187
6011 3364 926 4776 2601 2563 2858 11953 6259 12050 12028 16187 477 1919 16187 16187
9484 9484 16187 16187 16187 16187 16187 16187 16187 16187 16187 16187 16187 16187 16187 16187
9036 3171 2563 16187 4302 5463 13929 8268 12233 2823 2148 16187 16187 16187 16187 16187
9484 9484 16187 2296 8710 6535 8719 4404 16187 10887 1583 16187 16187 12349 2588 7740
4776 12298 3177 4776 2563 7165 1954 5945 12233 9632 16187 16187 16187 16187 16187 16187
4776 12298 16187 6070 2997 14237 1420 16187 7740 11839 8719 4776 926 16187 16187 16187
4776 12529 8230 8268 7090 8651 8712 14180 5022 14237 3927 6527 12233 4776 1816 16187
2563 926 8093 12208 2313 8268 926 13216 15408 16187 16187 16187 16187 16187 16187 16187
3842 16187 16187 1737 8268 14180 4776 12349 4776 6499 16187 8268 10566 16187 16187 15096
7740 11839 8712 4931 3098 10918 4311 16187 10217 16187 16187 2563 16187 5777 16187 16187
4776 10023 14482 8710 1954 14311 10033 14069 5867 13084 11053 5463 16187 16187 16187 16187
4776 4267 8084 16187 13623 14426 4931 1229 817 16187 14237 12349 16187 16187 16187 16187
4776 10023 14482 8710 1954 14311 10033 14069 5867 13084 11053 5463 16187 5341 16187 16187
926 16113 13348 13348 13348 16187 16187 16187 16187 16187 16187 16187 16187 16187 16187 16187
3842 3171 2856 11889 4776 12012 16187 3364 926 12233 11553 12233 1436 16187 16187 16187
926 13348 16187 1019 926 6173 4776 3776 16187 6259 8858 443 16187 16187 926 16187
4311 7001 2552 4776 2521 3177 4776 7589 13348 16187 16187 16187 16187 16187 16187 16187
4311 7001 830 4776 6854 14069 8268 12008 8712 8710 5332 14069 16187 16187 16187 16187
6011 12431 5430 1954 13434 4169 7524 926 926 16187 16187 16187 7970 16187 16187 16187
7740 16138 9605 10918 12233 5463 929 16187 16187 16187 16187 16187 16187 16187 16187 16187
7740 16138 8093 12650 3171 10036 14237 8712 2326 8710 16187 16187 16187 10566 3177 4776
7740 16138 7347 15715 16187 12650 8712 10036 14237 10036 16187 16187 16187 12349 16187 4832
