1138 26 3177 4776 571 5711 9084 5329 8033 9070 8719 3171 4927 16187 16187 16187
1138 26 3177 4776 571 5711 9084 5329 8033 9070 8719 3171 4927 16187 10114 16187
1138 4776 6406 5711 8710 1378 3177 4776 5365 5867 564 16187 5365 16187 13348 16187
4552 9754 9605 9070 223 16187 16187 16187 16187 16187 16187 16187 16187 16187 16187 16187
4552 9754 9605 9070 223 16187 816 8456 8719 6259 2563 16187 2598 16187 16187 16187
4552 12650 8712 13348 16187 11401 16187 2588 1588 16187 10918 16187 16187 16187 5332 4776
7926 4931 4537 816 830 4776 954 16187 16187 16187 16187 16187 16187 16187 16187 16187
7926 4931 4537 816 830 4776 954 16187 16187 16187 16187 14734 16058 16187 16187 4763
7926 4931 4537 816 830 4776 954 16187 16187 16187 14734 16058 4776 9534 16187 16187
7926 926 926 8268 926 14237 14180 926 16187 16187 16187 16187 16187 16187 16187 16187
3842 13474 926 8268 926 8268 1138 926 926 5711 16187 16187 9009 16187 6683 1229
7926 926 926 8268 926 14237 14180 926 16187 12767 16187 16187 16187 16187 16187 16187
10217 2598 16187 16187 16187 16187 16187 16187 16187 16187 16187 16187 16187 16187 16187 16187
10217 2598 16187 13720 15658 4931 14734 12545 11953 16187 16187 2598 16187 16187 2598 16187
14734 7083 6441 8710 12256 16187 3257 16187 4707 6905 16187 16187 16187 16187 16187 16187
4240 326 15715 4776 10033 7740 2308 10915 13084 983 8578 16187 16187 16187 16187 16187
9036 3171 2563 16187 15978 12495 15096 16187 12349 4776 926 16187 16187 16187 926 16187
7740 1110 926 5867 14457 7926 3847 16187 1436 2598 16187 16187 8270 2598 16187 16187
4776 11998 8770 8719 14180 3171 10842 8710 4776 11434 3177 11632 16187 16187 16187 16187
4776 11998 8770 8719 14180 3171 10842 8710 4776 11434 3177 11632 16187 16187 16187 16187
4776 564 9424 11953 3171 2563 8710 4776 3398 1146 14457 16187 16187 16187 16187 16187
1957 3171 10709 4776 12303 11553 2904 2989 6259 9450 16187 16187 16187 16187 16187 16187
9036 3171 2563 16187 15978 12495 15096 16187 12349 4776 16146 8710 1954 926 16187 16187
6070 7742 10471 16187 7742 6259 5948 3177 16146 16187 16187 16187 16187 2097 10638 16187
1378 3177 12276 14180 983 1860 1133 16187 16187 16187 16187 16187 16187 16187 16187 16187
1378 3177 4312 8710 2148 11889 5463 512 14734 16146 16187 16187 16187 16187 2296 16187
1378 3177 12276 14180 983 1860 1133 16187 926 16187 16187 16187 10373 3194 2858 16187
14272 7401 8710 14734 15781 2598 16187 16187 16187 16187 16187 16187 16187 16187 16187 16187
14272 7401 8710 14734 15781 2598 16187 16187 2598 16187 16187 16187 2598 16187 16187 16187
14272 8810 3847 8710 13134 16187 14237 926 5867 564 16187 4707 8719 4776 16187 16187
7740 1959 8712 6259 63 983 4776 3137 11401 14237 5297 2326 6635 8712 16187 16187
9036 3171 2563 16187 15978 12495 15096 16187 12349 4776 2563 16187 10953 16187 16187 16187
7740 1959 8712 6259 63 983 4776 3137 11401 14237 5297 2326 6635 8712 16187 16187
5875 16187 16187 16187 16187 16187 16187 16187 16187 16187 16187 16187 16187 16187 16187 16187
4267 10033 3177 4776 5365 2598 16187 16187 12515 12276 16058 1787 16187 16187 16187 816
5713 6178 14776 9817 16039 12349 12233 4776 2563 13055 16187 2326 16187 16187 16187 16187
3611 2122 8719 10032 16187 16187 16187 16187 16187 16187 16187 16187 16187 16187 16187 16187
4267 3177 14180 820 6173 4931 4537 6259 15174 926 16187 16105 16187 4447 926 16187
447 830 8200 16187 3504 10719 8268 14734 15846 16187 16187 16187 16187 16187 16187 16187
6011 14776 926 8719 3171 2563 10967 5946 12233 5759 8268 8712 3927 1955 4979 16187
6011 14776 9160 4776 13316 6488 12233 12333 4776 15480 8994 12233 6011 16187 16187 10913
6011 14776 926 8719 3171 2563 10967 5946 12233 5759 8268 8712 3927 1955 4979 16187
5335 4931 8712 6500 14272 13411 12233 4776 926 926 16187 16187 16187 16187 16187 16187
1955 8726 4624 9084 9754 15956 5463 12467 16187 3364 2696 16187 10036 16187 16187 16187
1955 830 4776 132 9484 9484 16187 3098 2221 16187 8569 16187 13348 16187 13348 16187
7740 11889 14734 5830 11900 11889 2053 5678 7949 3994 4776 564 16187 16187 16187 16187
7740 9004 5020 14855 12233 4776 1258 14596 8268 14237 7587 10774 7151 4189 16187 9442
7740 9004 926 926 4931 3257 830 4776 954 3177 926 16187 16187 16187 16187 7749
16041 15525 3177 5937 11692 14237 6038 643 16187 16187 16187 16187 16187 16187 16187 16187
5329 15291 1957 14180 16187 16187 7740 8313 10719 4776 10033 16187 4409 16187 11022 16187
5329 15291 1957 14180 16187 16187 926 10967 4776 10033 16187 16187 926 16187 16187 926
12276 11998 3942 1919 3171 10033 8710 926 16187 16187 16187 16187 16187 16187 16187 16187
12276 11998 3942 1919 3171 10033 8710 926 16187 16187 16187 16105 2615 3177 4776 9339
12276 1860 10501 3177 4776 476 926 10315 8657 8268 2884 8268 1111 16187 8676 14776
1378 2765 8368 10274 14237 13216 2903 8268 4776 16146 8368 10762 14237 13216 8913 16187
1378 2765 8368 10274 14237 13216 2903 1919 4776 12835 16187 16187 16187 16187 16187 16187
1378 3177 4776 7705 1781 8331 8084 16105 16187 7740 9429 9743 15658 11953 4776 5095
5153 2016 926 8268 12940 3410 8268 926 3436 14237 15846 926 16187 16187 16187 16187
4325 7129 12233 8733 4776 5738 6683 926 6152 16187 16187 16187 16187 16187 16187 16187
4624 926 4776 10217 10739 10036 16187 8719 4776 10033 3177 11953 16187 16187 16187 16187
4776 4152 13942 1229 10710 8798 8712 8710 1098 14237 11900 7393 16187 16187 16187 16187
4776 4152 13942 1229 9238 8268 14237 8712 3543 2823 16187 16187 16187 16187 16187 16187
4776 13607 7661 6585 2903 14237 7765 9498 12256 16187 16187 16187 16187 16187 16187 6535
7740 9004 9625 16187 16187 16187 16187 16187 16187 16187 16187 16187 16187 16187 16187 16187
7740 9004 9625 16187 5462 926 8719 12276 14208 16187 6535 630 4404 16187 16187 16187
7740 9004 11889 4325 13883 15978 3177 1885 2974 5568 16187 16187 16187 16187 16187 16187
4776 10583 6179 13501 6601 12052 7499 1243 4240 4776 9431 1378 9084 16187 16187 16187
3842 1919 12127 926 3177 5937 1750 16187 12349 6683 14029 926 16187 12276 2285 9431
4776 12835 14776 12477 8719 5350 8081 1486 14237 4776 926 14776 7484 11622 16187 512
12008 7740 11553 12233 1436 4776 5393 4776 7970 16187 16187 16187 16187 16187 16187 16187
12008 7740 11553 8466 14219 16187 926 926 8710 4776 926 14029 4776 3137 2563 16187
12008 7740 11553 12233 1436 4776 5393 4776 7970 16187 16187 16187 16187 16187 16187 16187
14237 8268 1398 10671 9605 12583 3177 926 14237 569 3177 10298 6611 16187 16187 16187
14237 4325 1436 4776 4152 8710 8569 13663 5359 8268 13616 16187 16187 16187 16187 16187
14237 8268 14029 4776 8311 8268 12233 926 10603 6259 15358 8268 12495 16187 13141 16187
9439 926 8710 8124 8719 3171 2563 954 16187 16187 16187 16187 16187 16187 16187 16187
3842 1919 12127 926 3177 5937 1750 16187 12349 12291 16187 3137 2563 16187 16187 16187
11457 926 5086 8719 4776 564 9534 3177 4776 10033 16187 926 16187 16187 16187 16187
8712 779 15389 12233 1436 8268 14237 8712 2446 3927 6259 5948 3177 8200 16187 16187
3842 1957 14180 1737 16187 16187 14397 8268 7740 11553 15096 16187 16187 16187 16187 16187
8712 779 15389 12233 1436 8268 14237 8712 2446 3927 6259 5948 3177 8200 16187 16187
7740 2308 13832 1411 12233 1514 16187 16187 16187 16187 16187 16187 16187 16187 16187 16187
7740 2308 13832 1411 12233 1514 16187 929 16187 16187 5332 16187 16187 12767 16187 16187
7740 2308 13832 6259 15174 11401 5463 12232 8733 14745 4776 6071 2563 16187 16187 14237
7740 4552 9754 9429 13837 5867 8808 12232 11553 8592 13084 12233 11632 16187 16187 16187
7740 4552 9754 9429 13837 5867 8808 12232 11553 8592 13084 12233 11632 16187 16187 16187
7740 4552 1110 8268 12008 1229 7740 11553 2842 8712 16187 16187 16187 1955 8719 4776
4404 9840 3177 926 15649 926 16146 13607 5388 8710 4776 7377 3177 4776 3052 16187
4267 3177 4776 8697 14180 4776 926 13942 5405 16187 16187 2148 16187 16187 16187 16187
1378 8710 4776 926 5186 830 2263 7855 11434 3177 3080 3192 12135 10051 16187 16187
4776 2601 2563 12576 8710 11953 926 10315 4776 9867 14237 6070 4876 1957 5463 16187
4776 4267 10501 4931 5463 7909 3504 8268 7740 8313 8268 14272 4776 6286 2598 16187
4776 2601 2563 12576 8710 11953 926 10315 4776 926 16187 16187 16187 16187 16187 16187
6683 1957 4776 11760 3177 4776 1787 13089 1138 15827 5711 4931 477 16187 16187 16187
4267 12233 11553 926 5406 8268 926 926 1138 14180 5711 16187 11039 3177 926 14029
1955 6259 3537 8268 8712 5867 5329 8569 16187 12008 6011 4628 16187 16187 2148 11889
926 14569 8710 6259 12328 13926 8268 14237 4776 5121 2946 14776 4537 1955 5695 16187
3842 11889 4776 12012 13348 16187 12723 5711 16187 926 6259 926 3177 4776 2563 16187
926 14569 8710 6259 12328 13926 8268 14237 4776 5121 2946 14776 4537 1955 5695 16187
6640 6011 4552 8268 4552 5329 3865 1603 14373 5090 12233 1138 6441 8164 5711 16187
8726 6011 5208 13943 3171 8268 4311 6011 5208 10751 12276 9484 9574 16187 16187 16187
6011 4628 16187 10373 12650 8712 14237 15846 926 2823 16187 16187 3192 16187 16187 16187
3171 10033 8710 926 10355 1919 16139 10355 7310 284 16187 16187 16187 16187 16187 16187
3842 3171 2856 11889 4776 12012 16187 3364 5329 12233 2823 16187 16187 9591 16187 15715
3171 10033 8710 6259 13242 10314 16187 16187 5332 779 11553 12233 16187 16187 16187 16187
7740 771 11016 8712 12232 2823 6259 12444 16187 16187 16187 16187 16187 16187 16187 16187
7740 771 13084 10400 14272 3171 4931 1515 12233 2823 16187 16187 16187 16187 11953 16187
7740 771 11016 8712 12232 2823 6259 12444 16187 16187 16187 14237 2326 926 16187 16187
3098 16187 16187 16187 16187 16187 16187 16187 16187 16187 16187 16187 16187 16187 16187 16187
13084 7448 12233 5397 5463 2903 10036 16187 4776 6006 8710 6535 16187 16187 16187 16187
3098 16187 16187 10770 16187 2588 1378 14237 7740 9004 11889 16187 6535 16187 16187 8719
926 8710 5024 12233 4776 3676 7926 9883 12008 7926 3847 5329 2296 926 10540 16187
3842 1919 12127 926 16187 5804 16187 7740 1442 16187 2563 16187 16187 16187 16187 10957
926 8710 5024 12233 4776 3676 7926 9883 12008 7926 3847 5329 2296 926 10540 16187
983 14595 8268 14237 926 7165 6259 10887 7970 1919 14734 6269 9221 12233 870 16187
4267 926 4776 926 2353 8268 3177 4776 5777 16187 1019 926 16187 6173 16187 16187
13474 3927 12958 6011 12232 8152 3171 2563 16187 2148 7970 16187 16187 16187 16187 4707
926 2710 13348 16187 16187 16187 16187 16187 16187 16187 16187 16187 16187 16187 16187 16187
926 2710 13348 16187 13348 16187 3257 16187 1442 8712 5867 8719 4776 2563 16187 16187
926 13348 16187 1019 926 5390 6173 16187 2326 926 16187 16187 926 16187 16187 16187
4776 926 12120 12006 3177 4856 926 8710 2148 2035 16010 512 1157 6672 16187 16187
4776 4267 8084 16187 8084 11553 7926 8268 1919 6259 926 2598 16187 16187 16187 16187
4776 926 7185 8712 1919 13208 14237 3938 16187 16187 8521 16187 16187 14180 16187 16187
14272 6259 11406 13348 16187 16187 16187 16187 16187 16187 16187 16187 16187 16187 16187 16187
14272 6259 6303 7740 4931 16187 16187 11839 8268 14043 926 16187 16187 16187 16187 16187
14272 6259 11406 13348 16187 100 13348 16187 8268 2176 16187 16187 16187 16187 16187 14237
2446 1378 2588 9424 8710 15568 14237 4172 16187 16187 16187 16187 16187 16187 16187 16187
4267 926 4776 926 3177 2353 16187 14221 16187 926 16187 816 16187 16187 16187 16187
2446 1378 2588 9424 8710 15568 14237 4172 16187 13089 926 16187 16187 16187 16187 16187
7740 2383 4776 2974 3177 926 8710 8858 16187 16187 16187 16187 16187 16187 16187 16187
7740 2383 4776 2974 3177 926 8710 8858 16187 16187 16187 16187 16187 16187 16187 16187
7740 11530 926 13348 16187 8719 16187 16187 16187 16187 16187 16187 16187 16187 16187 16187
8712 5084 6259 1787 5463 4931 869 926 8268 8798 11345 786 16187 16187 16187 16187
3842 1957 14180 1737 16187 9339 2946 16187 8084 16105 1954 10211 8268 12716 16187 771
8712 5084 6259 1787 5463 4931 869 926 8268 8798 11345 786 16187 16187 16187 16187
4776 132 8268 2837 4776 4927 8268 8710 10390 16187 16187 16187 16187 16187 16187 16187
10242 3177 8712 10889 16187 779 771 16187 3841 1378 11239 16187 12233 14180 16187 7289
4776 132 8268 2837 4776 4927 8268 8710 10390 16187 16187 16187 10217 16187 16187 16187
4776 10418 8710 9431 14263 14237 4776 12835 8268 12477 16187 16187 16187 16187 16187 16187
10242 3177 4776 12835 14776 2002 7596 11788 16187 16187 1436 11953 6259 10399 10033 16187
4776 10418 8710 9431 14263 14237 4776 12835 8268 12477 16187 11331 16187 16187 16187 8719
9084 926 6276 4776 926 2837 926 14043 151 4312 2598 16187 16187 16187 16187 16187
5329 1955 8569 1955 926 8268 12008 7594 10242 4776 3765 16187 16187 830 6071 16187
1138 11789 926 5711 16187 2148 3177 4750 926 16187 14237 926 926 16187 926 16187
12008 7740 14581 5463 3171 2563 4931 8423 6259 4710 830 14745 16187 16187 16187 16187
12008 7740 14581 5463 3171 2563 4931 8423 6259 4710 830 14745 16187 926 16187 16187
12008 7740 14581 5463 3171 2563 8710 1378 10709 16187 643 16187 16187 2148 16187 512
8719 926 8268 926 8268 311 8268 5548 1919 15909 2291 16187 16187 16187 16187 16187
3842 1919 12127 926 3177 5937 1750 16187 12349 13348 16187 16187 16187 13348 16187 13348
8719 926 8268 4776 926 6316 2837 11253 16187 926 8268 926 14237 926 16187 16187
926 926 8719 926 16187 16187 16187 16187 16187 16187 16187 16187 16187 16187 16187 16187
926 926 10967 10418 8719 15208 14023 12233 3171 2598 16187 16187 16187 16187 16187 16187
926 926 8719 926 16187 6259 926 3934 926 5867 8069 926 16187 926 16187 16187
3171 14588 12515 9070 6348 13592 14599 8268 10418 8268 14043 8069 6980 15180 16187 16187
3842 16187 16187 1737 16187 12349 1378 3177 1954 7970 16187 2563 16187 1747 16187 16187
4776 100 14776 14180 816 8710 6259 7393 926 10033 16187 14125 14237 6011 16187 816
7740 1442 10056 926 8719 9367 3177 10531 14237 11839 13474 2608 5463 7742 16187 16187
9036 3171 2563 16187 15978 3177 2263 16146 16187 2148 926 1955 926 16187 16187 16187
7740 1442 10056 926 8719 9367 3177 10531 14237 11839 13474 2608 5463 7742 16187 16187
7740 11889 4776 6683 3177 4776 10988 1919 926 16187 16187 16187 16187 16187 16187 16187
7740 11889 4776 6683 3177 4776 10988 1919 926 16187 16187 4537 16187 16187 10770 16187
7740 1114 4776 10148 10967 1138 926 10497 5711 16187 16187 14583 926 14029 16187 1787
13474 1958 7651 1778 487 1138 926 8268 8710 9455 14069 2598 5711 16187 16187 16187
13474 9084 9754 15466 1885 12233 926 8712 16187 16187 4325 16187 4537 4750 16187 16187
13474 3873 6259 630 8719 4776 926 8268 12233 14221 5629 926 16187 16187 16187 16187
4776 11453 10397 8710 5332 8719 3366 16187 16187 16187 16187 16187 16187 16187 16187 16187
3842 1957 14180 1737 16187 16187 9339 9339 10501 16187 16187 16187 653 16187 16187 16187
4776 9534 3177 926 1955 4776 8887 8710 14652 16187 16187 14263 16187 16187 6070 3192
12128 11598 8710 16139 8719 3171 10033 16187 16187 16187 16187 16187 16187 16187 16187 16187
3842 1919 12127 926 16187 8712 5867 13852 6683 16187 16187 5332 16187 830 16187 16187
926 5867 13811 4931 15778 4776 10566 3177 4776 9290 16187 14237 4776 10418 12495 16187
8726 6011 4552 9754 8456 4776 2943 15231 3384 8712 4931 9754 5463 8569 16187 16187
8726 6011 14776 11889 9070 8268 4552 9754 12451 13348 16187 3137 13348 16187 13348 16187
8726 6011 14776 1621 12965 4311 3171 2563 8710 926 830 6011 16187 16187 16187 16187
1378 12233 12650 926 14029 6259 5296 1186 5867 4832 16187 16187 16187 16187 16187 16187
1378 12233 3842 16187 6304 16187 926 8268 12441 5867 11789 16187 16187 16187 1378 16187
1378 12233 12650 926 830 6259 926 8268 7926 5867 926 13348 16187 16187 16187 16187
7542 14237 232 3356 2563 5463 3644 9754 8276 4776 15180 3177 2263 8440 2764 16187
9036 3171 2563 16187 12495 12495 15096 16187 12349 6259 13565 3177 4776 2563 16187 926
7542 8268 5329 1954 2997 12518 8268 12233 1436 7740 15956 11953 16187 16187 16187 16187
6259 3011 8268 10355 15 7831 926 3418 8719 3171 7340 10033 16187 16187 16187 16187
4267 926 4776 2563 16187 926 11553 12233 2823 8466 1919 4776 14029 16187 16187 16187
6259 11143 14237 13134 10164 12233 11457 388 16187 16187 16187 16187 16187 16187 16187 16187
7740 10603 8712 10399 12233 10503 5463 4776 5820 15841 3710 4931 1955 4 8958 16187
9036 3171 2563 16187 12495 12495 15096 16187 12349 6259 13565 3177 4776 2563 16187 926
7740 1110 7909 15768 14237 7740 6601 8093 1442 6259 10894 630 8270 16187 12767 16187
7740 9084 5329 188 1597 3177 4312 12233 9085 8268 9563 14258 2726 16187 16187 16187
7740 9084 9754 10603 4776 2563 6231 12606 16187 16187 16187 14237 1378 16187 926 13348
7740 9084 11728 14237 2033 14403 8268 12008 5329 5148 16187 16187 16187 16187 2552 14272
4325 2446 1042 12583 3177 8181 830 6259 12007 16187 16187 16187 16187 16187 16187 16187
4325 11031 11499 7761 16187 443 15525 16187 5867 10033 16187 14457 16187 926 14237 16187
4325 2446 1042 12583 3177 8181 830 6259 12007 16187 4776 1138 5711 16187 16187 14966
4776 926 16105 9070 9289 8643 14237 9139 8268 4931 8712 2689 2598 16187 16187 16187
3842 4776 13182 16187 4624 14125 4776 9887 1919 4776 10072 1603 13000 4932 16187 16187
4776 926 926 11711 12940 1919 4312 16187 16187 12495 16187 16187 16187 16187 16187 16187
7740 9563 6635 12272 15748 16187 16187 16187 16187 16187 16187 16187 16187 16187 16187 16187
7740 11889 926 7883 16187 10967 10418 16187 14221 16187 1955 10646 926 16187 16187 16187
7740 9563 6635 12272 15748 16187 6738 12127 10566 3177 4776 9577 16187 16187 16187 11889
926 14827 6905 1455 12233 1044 8913 12008 13084 1378 15846 1453 14745 16187 16187 16187
3842 4311 13084 8268 4776 926 779 12233 926 12233 926 16187 16187 16187 16187 16187
926 12753 5463 7926 926 14180 4776 3889 5463 13474 2170 12233 1885 875 926 16187
3171 8710 6259 5516 9450 10033 16187 16187 16187 16187 16187 16187 16187 16187 16187 16187
3842 3171 2856 11889 4776 12012 16187 3364 926 1919 4776 6276 2598 16187 16187 16187
3171 8710 6259 3098 6071 471 13348 13348 13348 16187 8081 16187 1864 16187 12022 926
14043 926 5937 84 1138 4172 926 926 5711 16187 16187 16187 16187 16187 16187 16187
14043 926 5937 84 1138 4172 926 926 5711 16187 9004 8710 11889 16187 16187 16187
14043 926 5937 84 1138 4172 926 926 5711 16187 1110 14237 1951 926 16187 16187
12008 8268 6011 11553 12233 8197 8116 1543 2263 14855 16187 16187 16187 16187 16187 16187
12008 8268 6011 11553 12233 8197 8116 1543 2263 14855 16187 16187 16187 16187 16187 16187
12008 7740 6635 8712 926 16187 13348 16187 9431 7937 3177 16187 16187 16187 16187 16187
7145 16187 16187 16187 16187 16187 16187 16187 16187 16187 16187 16187 16187 16187 16187 16187
4267 926 4776 2563 16187 926 1919 7926 8069 8719 4776 926 16187 16187 16187 16187
1110 8712 8268 12102 8712 8268 6011 11031 8093 926 13086 10080 8712 16187 16187 16187
7740 5580 2665 3171 10033 8268 14237 4142 8154 8712 12233 10394 16187 16187 16187 16187
9036 3171 2563 16187 12495 12495 15096 16187 12349 6259 13565 3177 4776 2563 16187 926
7740 1110 7909 15768 14237 7740 6601 8093 1442 6259 10894 630 8270 16187 12767 16187
926 14569 1019 6173 8710 4660 1955 14016 8719 6259 11901 7693 4927 16187 16187 16187
3842 11889 4776 12012 13348 16187 12723 5711 16187 926 16187 1737 4776 2563 16187 816
926 14569 1019 6173 8710 4660 1955 14016 8719 6259 11901 7693 4927 16187 16187 12820
7831 926 8710 1778 12233 8733 4776 926 6259 926 8268 13089 7805 16187 16187 16187
4267 926 4776 926 2353 12232 1442 8719 4776 816 16187 16187 16187 13081 16187 6685
5341 926 779 6259 4473 926 830 6259 926 15658 926 16187 16187 983 16187 5332
926 926 1019 12844 5867 5179 6173 4931 1378 3177 4312 16187 16187 16187 16187 16187
926 926 1019 926 6173 4931 14231 16187 16187 8270 16187 16187 16187 5286 8268 1955
926 926 1019 12844 5867 5179 6173 4931 1378 3177 4312 16187 16187 16187 16187 16187
14237 14069 8710 6259 5516 926 6550 4776 12298 5898 13805 926 926 16187 16187 16187
3842 1957 14180 1737 16187 16187 14397 14397 14192 16187 16187 16187 16187 16187 16187 16187
14237 3177 1245 926 12232 11553 926 4776 10501 3177 4776 926 9988 16187 4776 926
4624 3543 14180 2823 1229 3562 8719 643 16187 16187 16187 16187 16187 16187 16187 16187
4624 14776 1260 16187 12233 2823 13710 830 9070 16187 16187 8719 14180 15956 16187 16187
4624 3543 14180 2823 1229 3562 8719 643 16187 9316 3171 10033 16187 926 16187 926
14734 9534 8710 4546 12008 2025 4776 7619 3177 14734 15063 16187 16187 16187 16187 16187
14734 9869 8710 7931 14237 926 8268 14237 8069 779 2550 1919 14745 16187 926 8808
14734 9534 8710 4546 12008 2025 4776 7619 3177 14734 15063 16187 10501 16187 16187 16187
5463 5867 1543 12958 13216 223 830 4776 8992 16187 16187 16187 16187 16187 16187 16187
5463 5867 1543 771 12766 3094 12233 1138 6856 15525 830 1378 16187 16003 5711 16187
5463 5867 1378 13181 5202 14237 6259 6655 10602 950 12233 16142 16187 16187 16187 16187
4776 10560 779 14180 3177 5713 13909 8719 926 14237 2446 7165 14766 16187 16187 16187
3842 1919 12127 926 3177 5937 1750 16187 12349 12291 16187 3137 2563 16187 16187 13348
4776 10560 779 14180 3177 5713 13909 8719 926 14237 2446 7165 14766 16187 16187 16187
4776 2353 771 6259 546 144 7620 16187 16187 16187 16187 16187 16187 16187 16187 16187
4776 4267 8084 16187 11553 771 1954 926 6826 983 16187 16187 9004 16187 16187 16187
4776 2353 771 6259 546 144 7620 16187 16187 385 12349 16187 16187 16187 926 16187
4776 559 8710 6259 5695 10033 8268 4660 8268 10399 2340 5944 16187 16187 16187 16187
4776 4267 8084 2563 16187 12449 6259 8974 6071 2563 16187 11889 16187 2689 16187 6259
4776 31 14457 8710 8818 10719 569 3177 9431 443 8506 3177 15740 16187 5759 8268
6259 3011 653 8710 4776 5568 926 3177 6259 6161 15718 16187 16187 16187 16187 16187
4267 926 4776 926 3177 2353 6173 16187 926 8808 10801 16187 15842 10719 4776 16146
6259 3257 12645 3177 1110 14237 4779 8268 10978 14237 5036 8268 3211 14237 926 16187
4776 4927 4776 7542 14596 4818 4537 8710 9754 5463 9332 14237 10913 12495 405 16187
4776 4267 8084 16187 11553 7926 12449 12233 6259 2563 16187 8270 16187 16187 11839 16187
4776 4927 4776 2223 926 2858 4776 13546 10397 4931 8213 16187 6601 16187 16187 16187
3171 2563 8710 6259 3098 10288 8974 16187 16187 16187 16187 16187 16187 16187 16187 16187
3171 2563 8710 6259 12260 8268 8710 6259 7945 4189 3177 14766 13348 16187 16187 16187
3171 2563 8710 6259 3098 10288 8974 16187 100 2563 8084 16187 16187 816 16187 16187
4932 13348 16187 16187 16187 16187 16187 16187 16187 16187 16187 16187 16187 16187 16187 16187
13084 1378 779 2148 1957 4993 512 13474 3847 16187 926 16187 16187 16187 16187 16187
4932 13348 16187 13348 16187 14581 13089 15846 6096 16187 2115 574 16187 5804 16187 8084
8680 7740 1110 5463 8268 12008 7740 2383 14069 14776 12825 820 15658 4552 9754 16187
14411 8268 7740 5208 2552 1543 820 5208 11553 15180 1919 3171 10033 16187 16187 9450
8680 7740 1110 5463 8268 12008 7740 2383 14069 14776 12825 820 15658 4552 9754 16187
6826 820 1110 3171 10033 14237 11191 12102 8712 16187 16187 16187 16187 16187 16187 16187
4267 12233 11553 926 5406 10566 3177 4776 2563 8268 7740 6635 4931 926 16187 16187
6826 13181 14395 5463 6011 9884 2543 830 5430 2598 16187 16187 16187 16187 8719 1378
926 5867 6683 3177 8344 14237 14637 1453 2326 9113 12233 4776 7724 16187 16187 16187
3842 1919 12127 926 3177 5937 1750 16187 12349 12291 16187 16187 14180 816 16187 16187
926 5867 9059 1019 7729 14237 2689 15167 926 6173 926 926 3177 926 16187 16187
6173 16187 16187 16187 16187 16187 16187 16187 16187 16187 16187 16187 16187 16187 16187 16187
6173 16187 6535 630 4537 1019 8719 4776 2563 16187 16187 16187 10217 16187 16187 16187
6173 16187 16187 3257 8719 14734 1378 3177 4776 2563 16187 10918 16187 16187 16187 16187
3766 1919 191 11738 20 13089 12545 11953 1146 3211 16187 16187 16187 16187 16187 16187
4267 926 4776 2563 16187 926 926 8069 4776 926 16187 16187 16187 8069 2148 16187
1954 6680 14999 7154 8268 5463 5867 7962 12233 6683 1957 16187 16187 16187 16187 16187
9484 9484 6259 3257 9484 16187 16187 16187 16187 16187 16187 16187 16187 16187 16187 16187
4267 926 4776 2563 16187 926 926 8069 4776 926 16187 16187 16187 16187 16187 16187
9484 9484 6259 3257 9484 16187 830 6259 10918 830 4776 10887 1583 16187 14029 4776
926 8710 1954 8213 2563 16187 16187 16187 16187 16187 16187 16187 16187 16187 16187 16187
3842 16187 16187 1737 8268 12349 4776 1787 16187 16187 8456 16187 16187 16187 16187 16187
926 8710 1954 8213 2563 16187 2847 8270 950 16187 12349 16187 12349 1885 16187 16187
8712 5867 3098 5463 3171 9450 14362 2615 8710 5332 2574 14029 3366 16187 16187 16187
3842 1957 14180 1737 16187 16187 9339 3942 16187 4776 10418 4931 12349 14180 16187 16187
8712 5867 3098 5463 3171 9450 14362 2615 8710 5332 2574 14029 3366 16187 16187 16187
926 16187 16187 16187 16187 16187 16187 16187 16187 16187 16187 16187 16187 16187 16187 16187
926 16187 13250 16187 15956 16187 643 6173 16187 12008 5568 9084 16187 16187 6423 4776
926 16187 15721 3177 14734 564 5459 8268 1955 7742 16187 16187 926 16187 16187 16187
8712 8710 15389 4624 11553 12233 420 8268 5329 12149 16187 16187 16187 16187 16187 16187
8712 8710 15389 4624 11553 12233 420 8268 5329 12149 16187 16187 16187 16187 16187 10033
8712 8710 15389 4032 9316 14029 2263 16058 16187 16187 16187 6011 16187 16187 10671 16187
10355 10400 13348 16187 16187 16187 16187 16187 16187 16187 16187 16187 16187 16187 16187 16187
14691 7310 8268 12008 3847 11553 6826 10355 10418 16187 16187 16187 16187 16187 12115 4776
10355 10400 13348 16187 15658 3364 4189 5867 8719 4776 13501 8719 4269 16187 2598 16187
3171 4931 1954 14030 2563 13348 16187 16187 16187 16187 16187 16187 16187 16187 16187 16187
3171 4931 1378 1543 4325 9084 4325 4325 3364 4325 11031 6381 8719 15597 16058 16187
3171 4931 1378 5646 14237 926 2353 16187 13839 14776 5545 4776 2211 8719 4776 10033
926 8368 12233 926 4776 1538 1019 1378 2837 1378 2598 16187 16187 16187 16187 16187
3842 11889 4776 12012 13348 16187 3364 1919 6259 653 3177 4776 2563 16187 16187 16187
926 11490 926 14237 8368 1125 1955 4776 7903 8719 6259 926 9030 16187 926 16187
11191 5711 15662 9504 6259 926 2598 5711 16187 16187 16187 16187 16187 16187 16187 16187
3842 16187 16187 1737 8268 12349 4776 6499 16187 16187 926 16187 16187 16187 16187 954
7926 8610 6259 926 3177 926 1019 13348 16187 13348 16187 13348 16187 13348 16187 16187
8712 5867 8069 7259 830 4776 10566 10501 16187 16187 16187 16187 16187 16187 16187 16187
3842 1957 14180 1737 16187 16187 14397 14397 14192 16187 16187 16187 16187 7740 10503 16187
13474 4931 15291 14237 12188 8268 14237 684 4776 954 6070 1208 16187 16187 16187 16187
4776 14599 8710 16150 1001 1919 1597 1138 2689 5711 11331 5463 10114 14350 16187 16187
4776 4267 8084 16187 8084 12449 12233 15956 14272 4776 2563 2598 16187 16187 16187 16187
4776 14599 8710 5176 13663 8268 14237 14069 8710 1344 15438 8093 6259 6918 10810 16187
3171 8710 7664 3211 14237 7740 5476 2263 368 8719 12127 6112 4296 3584 16187 16187
3842 3171 16187 6535 630 6259 13587 16187 12008 6259 1866 16187 16187 7742 16187 8270
3171 8710 7664 3211 14237 7740 5476 2263 368 8719 12127 6112 4296 3584 16187 308
4776 559 8710 10716 8124 16187 16187 16187 16187 16187 16187 16187 16187 16187 16187 16187
4776 559 14029 4776 1583 8710 11273 16187 16187 11075 926 16187 16187 16187 16187 16187
4776 559 8710 10716 8124 16187 4832 16187 4832 16187 1865 14237 9332 16187 14180 16187
7740 12020 7926 771 696 14734 2946 14237 14596 12233 2543 4776 4963 11859 16187 16187
9036 3171 2563 16187 15978 3177 2263 16146 16187 2148 16187 12349 16187 16187 16187 5777
7740 1951 8268 3177 1245 8268 1750 9783 16187 926 2837 926 16187 16187 16187 16187
4776 4496 9498 1955 4142 1940 1955 4776 4189 10967 15597 4169 3653 6854 9365 16187
3842 1919 12127 926 3177 5937 1750 16187 12349 8920 16187 16187 13348 16187 16187 16187
4776 4496 9498 1955 4142 1940 1955 4776 4189 10967 15597 4169 3653 6854 9365 16187
12489 14708 10418 14237 13811 8268 1954 4493 4152 8268 13436 3078 16187 16187 16187 16187
4267 3177 4776 8697 14180 4776 6499 9498 6535 13181 16187 16187 15597 11711 13501 16187
4776 10418 8710 232 14237 4493 8268 8726 3559 16187 4552 16187 16187 16187 16187 16187
13474 3364 5633 14745 3765 7926 779 16105 1885 14734 1787 14237 6378 3177 10326 16187
13474 9084 9754 8268 1229 4325 9084 9754 8268 1229 8712 5867 5329 16187 16187 16187
13474 9084 1954 8213 15781 1919 4776 5328 926 15480 13532 12233 1885 16187 6053 926
13341 7970 16187 16187 16187 16187 16187 16187 16187 16187 16187 16187 16187 16187 16187 16187
13341 7970 16187 4297 14029 12276 10887 11401 16187 16187 12276 16187 16187 16187 16187 16187
12276 574 5627 1019 15525 3177 9484 6173 15167 4530 8710 5148 2461 16187 16187 16187
14237 4325 14776 6070 11273 16187 16187 16187 16187 16187 16187 16187 16187 16187 16187 16187
14237 4325 14776 6070 11273 16187 8719 4776 12298 16187 16187 16187 7740 4537 11889 3171
14237 4325 14776 6070 11273 16187 4776 926 16187 16187 16187 2563 16187 16187 16187 16187
5148 8268 9594 1133 14776 1344 2689 16187 16187 16187 16187 16187 16187 16187 16187 16187
4267 12233 11553 926 5406 10566 8268 926 926 16187 13141 12233 15881 816 16187 16187
14776 9154 3335 16187 2446 4537 1955 13348 16187 16187 10503 8710 3171 16187 16187 10373
10635 14237 983 198 926 1778 1919 12401 16146 8719 1954 2997 12008 4853 10834 16187
3842 1919 12127 2191 3177 14255 16187 14397 926 16187 7740 11553 926 13348 16187 3409
14734 8808 8710 13074 14237 6011 5208 926 1919 14745 1344 14108 16187 16187 16187 16187
14180 3177 5713 12835 2451 11106 10638 8719 4776 10583 16187 16187 16187 16187 16187 16187
14180 3177 14734 1133 14776 14029 4776 12489 926 684 15649 13213 15525 16187 16187 16187
14180 3177 5713 12835 2451 11106 10638 8719 4776 10583 16187 7981 8719 4776 2563 16187
4776 9745 9544 4931 3257 1955 8710 12127 9745 9544 5463 9715 926 3247 16187 16187
4776 4267 8084 16187 8084 12449 12233 11553 12233 6683 11889 630 630 16187 16187 16187
4776 9745 3177 4776 7269 1093 4931 3356 16187 11889 820 16187 10077 1378 16187 4311
14691 16187 16187 16187 16187 16187 16187 16187 16187 16187 16187 16187 16187 16187 16187 16187
14691 16187 1957 4776 983 14237 3847 16187 12008 8712 16187 9004 16187 6535 16187 16187
10355 9577 16187 2097 3177 14180 820 16187 14237 2599 9743 9085 16187 9085 16187 16187
11711 14029 1954 10571 16038 8759 12233 11803 6905 16187 16187 16187 16187 16187 16187 16187
4267 12233 11553 926 5406 10566 8268 926 926 16187 13141 12233 15881 816 16187 16187
1378 11071 8268 2689 5820 643 3766 8268 14237 4987 3211 12233 16142 16187 16187 16187
6173 2673 1138 926 5711 926 1019 926 2687 6173 8710 1957 8712 10036 16187 16187
1138 926 5711 8710 8093 10035 14237 15846 4024 5937 2689 8312 16187 7125 16187 16187
6173 12233 4776 5405 15433 926 7458 16187 926 926 16187 8069 4776 926 16187 926
8712 6179 1954 9332 1019 8726 869 11135 6173 5033 14237 5853 926 8712 15525 16187
3842 1957 14180 1737 16187 16187 14397 7740 11553 8466 13348 16187 13348 16187 13348 16187
8712 6090 12233 12937 8733 10770 3177 10566 2211 13422 2563 11063 1603 16187 16187 15096
13474 5867 12766 7669 8084 6041 13474 4931 5855 8268 11946 4487 14352 11953 8712 16187
13474 5867 7069 14029 1957 12135 14237 8710 2697 5314 11209 1957 7829 16187 926 16187
13474 5867 5046 3098 11953 4776 4932 16187 16187 4537 1138 926 5711 16187 16187 16187
14272 14635 3177 926 3656 5463 9424 12030 2598 16187 16187 16187 16187 16187 16187 16187
14272 14635 3177 926 3656 5463 9424 12030 2598 16187 7926 8710 4537 6259 926 16187
4776 2563 4537 4342 14237 4776 12760 3384 7740 15846 8093 10080 8712 13348 16187 13348
8268 12008 926 3847 9754 3238 1213 926 9216 16187 16187 16187 16187 16187 16187 16187
3842 11889 8712 5867 2023 6011 8913 12233 13931 6011 16187 16187 6011 16187 16187 13348
1955 7740 926 8258 16187 8268 7740 1951 7740 11839 5463 3171 1378 16187 4931 16187
8084 8466 926 2598 16187 16187 16187 16187 16187 16187 16187 16187 16187 16187 16187 16187
4267 926 4776 2563 16187 926 926 8069 4776 926 16187 16187 16187 16187 16187 16187
8084 8466 926 2598 16187 16187 11434 3177 4776 926 16187 16187 16187 16187 16187 16187
7740 4931 15202 10036 926 203 1597 3177 12276 1860 1133 14776 10967 16187 16187 16187
9036 3171 2563 16187 12495 12495 15096 16187 2148 5812 16187 12349 16187 12349 2588 16187
7740 4931 15202 10036 926 203 1597 3177 12276 1860 1133 14776 10967 16187 1787 16187
7513 2446 779 6259 8761 14237 7740 11553 13084 10400 1543 7926 2979 10967 16187 16187
4267 926 4776 926 2353 8268 3177 4776 5777 16187 1019 926 16187 926 16187 16187
1378 12149 4776 10033 1955 6259 4406 11656 1955 7742 16187 16187 16187 7740 9429 16187
12233 8158 6011 4776 3299 8268 5742 3994 9534 8511 9070 6259 5948 16187 16187 16187
8726 5329 8268 4776 14217 8710 926 14237 7926 8710 1378 16187 16187 16187 16187 16187
8726 6011 11889 926 6854 4189 8268 8712 9277 7347 6011 926 16187 16187 6173 16187
12716 4325 14776 5329 926 8719 13592 4927 16187 16187 16187 16187 16187 16187 16187 16187
15408 8268 4325 9605 6259 3179 14237 6259 5804 12020 1955 926 13539 16187 16187 16187
12716 4325 14776 5332 10299 3177 2974 14237 926 12911 16187 16187 14734 8719 4776 10033
6826 11553 3962 3171 926 12233 3925 5867 14241 16187 16187 16187 16187 16187 16187 16187
4267 12233 11553 926 5406 10566 3177 4776 926 8268 4325 14776 16187 926 16187 16187
6826 13181 14395 5463 6011 9884 2543 830 5430 2598 16187 16187 16187 16187 16187 4311
1019 4552 5329 8069 3432 12233 9429 4795 14222 16187 16187 16187 16187 16187 16187 16187
1019 4552 5329 8069 3432 12233 9429 4795 14222 16187 16187 16187 10671 3177 16187 16187
1019 4552 6011 2543 8719 4776 8081 6390 14470 9577 9431 10036 16187 4776 926 3177
4776 5186 13570 926 12233 549 12233 15520 469 16187 16187 16187 16187 16187 16187 16187
4776 5186 13570 926 12233 549 12233 15520 469 16187 16187 16187 16187 5820 16187 16187
4776 12778 9605 926 12233 4776 8404 2837 4776 817 926 14237 1885 926 16187 16187
5463 1750 8592 4776 2563 3364 2823 1344 2689 14237 4776 6006 4931 12256 16187 16187
3842 1957 14180 1737 16187 16187 14397 8268 7740 11553 15096 16187 16187 16187 16187 16187
8719 5463 4927 8712 5867 6601 2148 7664 3177 6259 10033 16187 16187 3192 16187 16187
9264 2856 1919 13084 7314 11779 16187 16187 16187 16187 16187 16187 16187 16187 16187 16187
9264 2856 1919 13084 7314 11779 16187 16187 16187 16187 10983 16187 10501 3177 4776 10033
9264 12198 12478 16187 14180 4776 14596 16187 13726 16187 926 16187 926 16187 926 16187
926 8710 6259 2053 15174 3994 10033 16187 16187 16187 16187 16187 16187 16187 16187 16187
926 8710 6259 13428 6825 684 2837 6259 15624 13334 13912 16187 4776 10418 16187 16187
926 8710 6259 2053 15174 3994 10033 16187 1787 830 16187 16187 16187 10272 16187 16187
9450 12128 8268 4776 11500 8710 1213 6259 3384 926 16187 16187 16187 16187 16187 16187
3842 11889 12127 63 5328 3177 8712 8268 3171 13348 16187 3422 8268 14043 2563 16187
8069 5747 3364 10603 3171 10033 2837 926 5867 9534 8719 2263 16058 16187 16187 16187
9311 11953 2705 8268 926 2598 16187 16187 16187 16187 16187 16187 16187 16187 16187 16187
9311 11953 2705 8268 926 2598 16187 16187 16187 11039 3177 16187 16187 16187 16187 16187
4537 830 10671 3177 4776 10983 16187 14237 926 8712 5867 926 16187 926 16187 926
4776 7247 4189 8269 5946 1075 13274 12233 6259 10607 12546 9405 5463 8337 7711 16187
4776 7247 4189 8269 5946 1075 13274 12233 6259 10607 12546 9405 5463 8337 7711 16187
4776 12623 12709 926 8115 10033 6201 8733 4776 2563 5580 5695 16187 16187 16187 16187
926 8577 12233 8815 14734 2332 2837 926 14029 6905 14237 7165 6259 498 4095 16187
3842 4311 13084 8268 4776 926 779 926 926 12233 4776 16187 15142 9431 16187 16187
926 8648 15866 14237 926 926 5111 1955 926 14237 2962 16187 16187 16187 16187 16187
13084 13474 926 1378 14237 9002 7587 16187 16187 16187 16187 16187 16187 16187 16187 16187
13084 13474 926 1378 14237 9002 7587 16187 4707 4609 8719 4776 10033 16187 16187 16187
3098 15781 2837 3825 779 4776 8397 16187 830 4776 10033 16187 16187 926 16187 16187
5448 2148 10988 5836 8794 2761 16187 16187 16187 16187 16187 16187 16187 16187 16187 16187
4267 12233 11553 926 5406 10566 8268 926 926 16187 13141 12233 12945 16187 16187 16187
14776 9160 1957 14734 4433 16187 14043 16187 1138 7360 1019 926 1019 6259 5007 5711
11499 8268 8712 4931 14219 8268 1640 1919 6535 8569 10418 16187 16187 16187 16187 16187
11499 8268 8712 4931 14219 8268 1640 1919 6535 8569 10418 16187 16187 15840 16187 2148
1955 15036 8268 12272 926 3847 12256 4189 16187 5415 16187 564 16187 16187 16187 16187
8712 5867 4776 3168 14237 5042 3701 4776 4750 13546 9290 8798 10036 16187 16187 16187
3842 1957 14180 1737 16187 16187 14397 14397 14192 16187 926 16187 16187 16187 16187 16187
8712 5867 4776 3168 14237 5042 3701 4776 4750 13546 9290 8798 10036 16187 2598 16187
12008 4098 14180 8268 8712 5867 13093 926 15658 7336 7733 4776 9577 16187 16187 16187
3842 1957 14180 1737 16187 16187 14397 2148 512 7740 9429 16187 9311 16187 16187 16187
12008 3484 13089 8712 15846 9605 8710 4776 926 3177 4776 926 16187 16187 16187 16187
10242 3177 4776 926 12892 4609 4776 8521 830 9070 16187 16187 16187 16187 16187 16187
3842 11889 4776 12012 13348 16187 12723 5711 926 16187 926 16187 16187 16187 16187 16187
4776 10418 14237 926 3177 4776 9339 12835 8710 6535 10355 16187 16187 16187 16187 16187
14237 8712 14180 7164 1229 7742 16187 16187 16187 16187 16187 16187 16187 16187 16187 16187
14237 15662 8710 4776 1138 4994 5711 11908 12127 15571 1229 2444 15832 2598 16187 7165
14237 8712 14180 7164 1229 7742 16187 308 16187 16187 16187 1957 16187 16187 16187 1957
8656 926 4152 12233 13136 6259 4330 8719 6259 2067 10240 16187 16187 16187 16187 16187
3842 11889 4776 12012 13348 16187 3364 14581 8268 12716 16187 6535 630 6259 1793 16187
14734 926 14470 8467 10710 12008 4325 14776 926 14237 4776 11331 14776 10599 3262 16187
6585 5867 4707 9447 13754 926 91 16187 16187 16187 16187 16187 16187 16187 16187 16187
91 5867 12276 926 16187 2446 6683 1955 630 1955 926 16187 16187 16187 16187 16187
91 5867 12276 926 16187 2446 6683 3177 4776 13839 16187 8185 16187 926 16187 16187
12008 8268 1955 4776 15388 2894 13197 8268 1138 6683 15754 5711 16187 16187 16187 16187
12008 8268 4776 12715 14599 5208 1453 4776 10566 3177 4776 5638 16187 983 8268 8069
12008 8268 1955 4776 15388 2894 13197 8268 1138 6683 15754 5711 16187 11889 6259 2563
4776 501 6124 10967 3171 10033 14776 4853 14237 13792 12233 1436 4776 14589 16187 16187
3842 11889 12127 63 5328 3177 8712 8268 3171 13348 16187 10501 16187 4776 2588 9475
4776 1632 14237 4776 6215 3177 926 14237 14734 7981 14776 2326 6680 16187 16187 16187
926 8268 4325 11031 5329 6070 10850 16187 16187 16187 16187 16187 16187 16187 16187 16187
926 8268 4325 11031 5329 6070 10850 16187 16187 16187 954 16187 16187 16187 16187 16187
926 8268 4624 9605 1954 9332 1453 14029 4776 926 684 2837 926 926 16187 16187
926 8710 11499 6909 8268 1229 1597 11404 12298 1919 14745 16041 151 16187 16187 16187
3842 1919 12127 926 16187 8712 5867 5937 1860 3177 5713 926 16187 16187 16187 16187
926 8710 14984 12349 9666 12855 6579 14237 926 1885 13089 2651 14237 9769 16187 16187
14272 4776 12459 2598 16187 16187 16187 16187 16187 16187 16187 16187 16187 16187 16187 16187
14272 4776 12459 2598 16187 2598 16187 2598 16187 16187 5197 2598 16187 16187 1885 16187
4776 284 14776 16139 16187 4406 13839 16187 6070 10355 16187 16187 16187 16187 10373 16187
11457 8746 1919 4776 4792 5867 9059 8268 6259 2365 926 8719 4776 5942 16187 16187
4267 926 4776 926 3177 2353 16187 14221 16187 16187 816 13348 16187 16187 16187 16187
1378 11401 926 6218 14237 926 926 12233 1453 14029 3171 2037 16187 16187 16187 16187
8712 5867 10710 14237 12495 4776 10709 16187 16187 16187 16187 16187 16187 16187 16187 16187
8712 5867 3746 3177 1245 16187 16187 15347 16187 14043 8270 16187 16187 16187 12654 8712
8712 5867 10710 14237 12495 4776 10709 16187 16187 16187 2148 16187 16187 5942 16187 16187
9084 5452 926 5867 8808 926 15597 7624 8630 1954 777 14217 2598 16187 16187 16187
7594 10418 16187 3098 16187 4858 16187 11846 16187 10501 16187 8719 4776 12894 16187 16187
9743 12052 926 16187 16187 14397 7931 12008 4776 1378 8710 16187 7742 16187 16187 16187
6173 8719 4269 12233 1138 7812 14180 14734 926 5711 2598 16187 16187 16187 16187 16187
3842 3171 2856 11889 4776 12012 16187 3364 926 1919 4776 8353 16187 16187 2563 1919
6173 8719 4269 12233 1138 7812 14180 14734 926 5711 2598 16187 6011 16187 2598 16187
7740 1442 8712 830 12440 1957 13720 16187 16187 16187 16187 16187 16187 16187 16187 16187
7740 1442 8712 830 12440 1957 13720 16187 15232 926 5104 926 14237 926 16187 16187
7740 1442 8712 14029 4776 10887 1583 13089 8712 2979 15525 16187 16187 16187 16187 16187
1866 8710 684 830 4776 9431 983 2837 4370 5498 16187 16187 16187 16187 16187 16187
4267 926 4776 926 3177 2353 6173 16187 5297 12449 12233 16187 11889 16187 16187 16187
5713 4232 1133 3177 12855 926 926 2326 14776 2326 9431 14263 926 16187 929 16187
12008 8712 13942 4776 9349 8710 14069 12495 16187 16187 16187 16187 16187 16187 16187 16187
12008 8268 4311 8268 7740 4552 9754 15956 16187 4776 9450 16187 16187 16187 16187 16187
12008 7926 6280 14827 15525 5463 8712 8710 9754 14734 8456 16187 16187 16187 16187 16187
7740 12232 7433 5463 12385 12233 12107 926 3171 1747 14855 12233 3171 10033 16187 16187
9036 3171 2563 16187 12495 12495 15096 16187 12349 7740 7433 16187 926 16187 9178 16187
7740 12232 7433 5463 12385 12233 12107 926 3171 1747 14855 12233 3171 10033 16187 16187
6826 13181 14395 5463 6011 9884 2543 830 5430 2598 16187 16187 16187 16187 16187 16187
6826 3543 11553 12766 14156 8719 4776 2563 16187 2308 16187 16187 16187 16187 16187 16187
6826 13181 14395 5463 6011 9884 2543 830 5430 2598 16187 16187 16187 16187 8719 1378
6826 14776 4512 6054 8268 4404 15626 16187 16187 16187 16187 16187 16187 16187 16187 16187
6826 14776 4512 6054 8268 4404 15626 16187 15335 5713 9288 14776 10077 12233 15597 14465
6826 14776 4512 6054 8268 4404 15626 16187 15335 5713 10217 10501 16187 16187 16187 5820
7508 8268 7740 973 1515 4927 3748 5225 91 16187 16187 16187 16187 16187 16187 16187
7508 8268 7740 973 1515 4927 3748 5225 91 16187 13216 16187 1381 16187 16187 16187
7508 8268 7740 5297 13631 3171 10033 12233 2823 1954 12256 1378 8268 12008 1872 16187
2552 8712 8268 11192 1094 8268 14581 10355 16187 16187 16187 16187 16187 16187 16187 16187
3842 16187 16187 1737 16187 3192 16187 16187 7970 16187 4776 2563 16187 16187 16187 16187
2552 8712 8268 11192 1094 8268 14581 10355 16187 16187 3356 2598 16187 16187 7151 14237
14069 14776 2148 13700 8936 512 8084 16187 16187 16187 16187 16187 16187 16187 16187 16187
14069 14776 2148 13700 8936 512 8084 16187 16187 16187 5176 16187 4624 15096 16187 308
14069 14776 2148 13178 601 8719 3171 2563 13348 13348 13348 16187 13348 16187 15202 16187
6070 15884 12233 10751 4776 9793 16187 16187 16187 16187 16187 16187 16187 16187 16187 16187
4267 3177 14180 820 6173 4776 9790 4927 926 5711 16187 2296 16187 16187 7740 973
6070 15884 12233 10751 4776 9793 16187 10571 10355 16187 16187 16187 16187 16187 16187 16187
926 926 8710 1954 8685 16187 16187 16187 16187 16187 16187 16187 16187 16187 16187 16187
926 926 8710 2148 16187 3356 16187 643 16187 9442 16187 9442 16187 9442 16187 16187
926 926 8710 12256 16187 10394 15658 7926 771 11340 16187 1787 16187 16187 1019 14237
4776 4036 5463 926 5388 830 4776 2761 14237 15597 4686 8710 5217 926 7367 16187
3842 1919 12127 926 3177 5937 1750 16187 12349 12291 16187 3137 14351 8712 3364 6011
4776 4036 5463 926 5388 830 4776 2761 14237 15597 4686 8710 5217 926 7367 16187
1955 13474 810 10967 4776 9669 8268 14069 8710 1954 11273 9540 8719 1885 8311 16187
1955 15036 8268 12272 926 3847 8093 15956 4776 9577 16187 7076 16187 16187 16187 16187
1955 13474 810 10967 4776 9669 8268 14069 8710 1954 11273 9540 8719 1885 8311 16187
4325 6280 5946 926 820 14237 15021 15597 12982 926 8719 10052 16187 16187 16187 16187
4325 4311 14337 12233 5094 14745 12233 13317 15525 4537 16187 9311 16187 16187 16187 16187
4325 3641 14976 926 926 926 926 14237 3204 926 2823 8790 12233 12729 1885 16187
7740 8781 4282 16187 16187 16187 16187 16187 16187 16187 16187 16187 16187 16187 16187 16187
7740 7448 9754 11553 1535 16187 926 926 8719 3171 16187 16187 151 16187 16187 16187
7740 8781 4282 16187 8719 6259 6070 3192 2563 12904 6259 926 16187 16187 16187 13348
14429 926 8710 9150 1955 4776 12349 4776 12489 926 926 16187 16187 16187 16187 16187
3842 1919 12127 926 3177 5937 1750 16187 12349 3735 926 16187 1787 16187 16187 16187
14734 926 8268 6259 2163 14217 8268 15202 11644 2903 4404 14217 16187 1885 16187 926
7542 8268 9964 12233 15952 8710 5580 6259 1552 8974 7937 3177 14112 16187 16187 16187
9036 3171 2563 16187 12495 12495 15096 16187 12349 817 16187 9431 16187 16187 16187 926
7740 1442 3171 2563 8719 12544 14029 4776 926 926 13089 7740 4931 14919 16187 16187
1229 12276 11916 16187 16187 16187 16187 16187 16187 16187 16187 16187 16187 16187 16187 16187
1229 12276 11916 16187 8712 16187 11039 3177 4776 9577 16187 16187 926 16187 16187 16187
1229 12276 11916 16187 8712 5867 1138 926 13348 5711 16187 16187 10619 9484 16187 16187
2522 15475 8710 2446 3098 13348 16187 16187 16187 16187 16187 16187 16187 16187 16187 16187
4267 926 1885 16058 15064 9498 6535 10355 16187 16187 16187 16187 16187 16187 2823 16187
2522 15475 8710 2446 3098 13348 16187 6500 15658 7926 15881 10967 4776 12349 16187 12349
15152 13348 16187 16187 16187 16187 16187 16187 16187 16187 16187 16187 16187 16187 16187 16187
15152 16187 12767 16187 2148 13348 16187 13348 16187 926 16187 5200 16187 4687 16187 983
15152 13348 16187 12529 8888 1919 926 926 8268 6259 926 16187 16187 16187 16187 6070
4325 14776 4776 926 14237 564 9424 2837 14221 11953 4776 2563 16187 16187 16187 16187
4325 14776 4776 9465 14237 4776 8574 3177 4776 10240 16187 926 14237 16187 16187 16187
4325 14776 4776 926 14237 564 9424 2837 14221 11953 4776 2563 16187 16187 16187 16187
203 8710 3171 2563 2689 2598 16187 16187 16187 16187 16187 16187 16187 16187 16187 16187
203 8710 3171 2563 2689 2598 16187 16187 4473 16187 11889 14043 14043 2615 16187 16187
12276 8456 8710 3382 16187 16187 14237 7740 9884 2296 16187 16187 16187 16187 16187 16187
5562 14220 4931 10355 12495 16187 16187 16187 16187 16187 16187 16187 16187 16187 16187 16187
4267 926 4776 1138 12723 5711 16187 1138 6259 926 16187 477 16187 5711 16187 2563
1019 4776 10941 3082 10501 6173 16187 1711 14237 13474 7668 4776 9431 1781 8719 4776
4537 5820 820 16187 16187 16187 16187 16187 16187 16187 16187 16187 16187 16187 16187 16187
4537 15 1957 6826 3177 14734 10093 16105 9070 11728 16187 16187 16187 5200 16187 10887
4537 5820 820 16187 3644 7001 12233 4776 10033 14221 1919 4776 63 16187 16187 16187
7740 14581 5463 9574 8710 6535 3777 6297 16187 16187 16187 16187 16187 16187 16187 16187
9036 3171 2563 16187 15978 12495 15096 16187 12349 4776 16146 16187 1954 926 16187 16187
7740 14581 5463 9574 8710 6535 4687 12233 12650 16187 16187 16187 16187 6297 16187 16187
8712 779 3171 14237 400 3513 12495 8268 12256 13348 16187 16187 16187 16187 16187 16187
3842 1957 14180 1737 16187 16187 14397 2148 512 1954 13926 16187 6535 16187 16187 10887
8712 779 3171 14237 400 3513 12495 8268 12256 13348 16187 7140 16187 16187 6070 15291
8712 5867 1213 6259 4929 14237 2002 419 5463 12187 13907 11711 10781 12495 1329 16187
3842 1957 14180 1737 16187 16187 14397 8268 7740 12892 2903 3171 16187 16187 10033 6173
8712 5867 1213 6259 4929 14237 2002 419 5463 12187 13907 11711 10781 12495 1329 16187
14237 14180 4776 8270 830 8712 16187 16187 16187 16187 16187 16187 16187 16187 16187 16187
14237 6748 8268 4776 2946 16187 1213 6259 630 8270 14237 830 16187 16187 16187 16187
14237 14180 4776 8270 830 8712 4931 13348 16187 16187 16187 16187 16187 1378 16187 16187
4776 10355 16187 16187 16187 16187 16187 16187 16187 16187 16187 16187 16187 16187 16187 16187
4776 8569 9288 14776 9754 8069 3070 8569 16187 16187 8268 16187 16187 16187 16187 830
4776 10355 16187 16187 5580 8710 6259 7742 6259 926 10033 16187 16187 9736 16187 1383
6173 8719 926 4288 8268 9101 1919 4355 8719 14734 16058 795 4927 16187 16187 16187
3842 3171 2856 11889 4776 12012 16187 3364 926 1919 4776 8353 16187 16187 2563 16187
6173 8719 926 4288 8268 9101 1919 4355 8719 14734 16058 795 4927 16187 16187 16187
8726 6011 188 1954 8215 12233 3171 9438 8268 4537 7001 12650 13644 7576 16187 16187
8726 6011 188 6259 15819 4994 7518 9577 8268 7740 4142 8154 15725 16187 16187 4183
8726 6011 14776 1621 12965 4311 3171 2563 8710 926 830 6011 16187 16187 16187 16187
11000 5867 8808 8710 3765 231 926 16187 16187 16187 16187 16187 16187 16187 16187 16187
3842 91 16187 2689 16187 9264 9450 16187 16187 16105 830 10372 3115 10671 16187 15956
13474 8710 1954 4785 14217 8268 12008 2326 4931 14180 816 16187 16187 16187 16187 1957
4776 2601 16041 926 830 6259 10607 3679 12576 8710 9754 6070 10355 16187 16187 16187
4776 4267 8084 16187 8084 12449 12233 11553 12233 6683 11889 630 16187 630 16187 16187
4776 10887 7345 4302 6377 11553 7723 4776 14766 3098 2563 9222 16187 16187 16187 9431
14272 4931 10955 8719 3511 8268 12008 926 14237 6156 16187 16187 16187 16187 16187 16187
14272 4931 1515 10324 817 13529 5867 8456 13089 7926 9084 5463 2598 16187 16187 16187
14272 4931 10955 8719 3511 8268 12008 926 14237 6156 16187 926 16187 16187 16187 16187
4404 10887 12238 12233 4776 10033 8710 926 926 1955 926 16187 16187 16187 16187 16187
4267 12233 11553 926 5406 10566 3177 4776 2563 8268 4325 6407 926 16187 16187 16187
1378 926 4832 8710 4537 10355 8268 817 8982 10770 16187 16187 16187 16187 16167 3356
8712 8710 1954 2053 7149 3994 10355 10033 5463 2847 6809 16187 16187 16187 16187 16187
3842 1957 14180 1737 16187 16187 14397 2148 512 7740 9429 16187 12495 15096 16187 16187
8712 8710 1954 2053 7149 3994 10355 10033 5463 2847 6809 16187 830 14734 8719 4776
14069 14776 12583 3177 10355 703 12233 1436 11953 3171 2563 16187 16187 16187 16187 16187
5329 8798 423 12233 4776 9431 10244 3177 4776 1726 926 16187 14180 16187 16187 16187
14069 14776 12583 3177 10355 703 12233 1436 11953 3171 2563 16187 2296 16187 6535 8719
4776 14599 926 16187 16187 16187 16187 16187 16187 16187 16187 16187 16187 16187 16187 16187
4776 14599 926 16187 6297 7970 2837 4776 8185 16187 16187 926 16187 16187 16187 16187
4776 14599 926 16187 3818 6297 6259 9001 16187 16187 6297 11196 8268 12008 4776 926
926 16187 16187 16187 16187 16187 16187 16187 16187 16187 16187 16187 16187 16187 16187 16187
926 16187 13250 16187 15956 16187 643 6173 16187 12008 5568 9084 16187 16187 6423 4776
926 16187 1787 6545 8710 6259 9961 4776 1235 13186 16187 16187 16187 16187 15715 16187
4776 5041 3177 926 4931 12349 8719 3765 512 1954 10244 16187 16187 16187 16187 16187
4776 5041 3177 926 4931 12349 8719 3765 512 1954 10244 16187 8954 926 16187 16187
4776 13811 14237 6006 14776 2446 9431 14263 16187 9431 16187 6070 16187 16187 1813 12028
4776 2563 779 6259 716 5646 13839 16187 16187 16187 16187 16187 16187 16187 16187 16187
3842 1957 14180 1737 16187 16187 14397 2148 512 8719 4776 10033 16187 16187 16187 926
4776 2563 779 6259 716 5646 13839 16187 6173 16187 540 16187 16187 926 16187 16187
5463 8710 4404 14902 9840 3177 4776 2563 16187 16187 16187 16187 16187 16187 16187 16187
4267 3177 14180 820 6173 4931 4537 6259 926 926 16187 11401 16187 16187 1110 5711
5463 8710 4776 564 4927 12233 5993 8712 16187 16187 16187 6152 16187 16187 16187 16187
3171 4931 3774 926 5867 2588 3098 14237 7367 954 16187 16187 16187 16187 16187 16187
3842 3171 1378 16187 11839 5463 4931 4776 926 16187 14426 2563 5463 16187 16187 1229
3171 1378 779 6259 869 8270 13839 16187 14029 15731 1919 926 926 16187 16187 1865
8712 8710 14180 12900 12115 4776 7687 16187 16187 16187 16187 16187 16187 16187 16187 16187
3842 1957 14180 1737 16187 16187 14397 14397 14192 16187 16187 16187 10503 14043 16187 16187
8712 8710 14180 12900 12115 4776 7687 16187 5867 12495 16187 16187 926 16187 16187 926
5046 5329 8268 14069 14776 14221 14219 8185 15525 14069 16187 16187 16187 16187 16187 16187
3842 1957 14180 1737 16187 16187 14397 8268 8084 16187 16187 16187 16187 16187 16187 983
5332 7926 8710 1125 830 14634 13529 14237 14734 582 16187 926 16187 16187 16187 16187
13474 8710 14030 8719 3171 2563 16187 16187 16187 16187 16187 16187 16187 16187 16187 16187
13474 8710 14030 8719 3171 2563 16187 12208 14237 926 16187 12233 2823 10915 16187 16187
13474 8710 6188 2858 1885 9059 5867 5732 14237 4776 10033 3609 14069 16187 8093 926
7740 3553 14489 4552 9754 8157 13839 14745 12233 1750 6259 9514 16187 16187 16187 16187
7740 10866 926 926 16187 929 8719 771 1378 3177 14734 8196 16187 16187 16187 16187
7740 3553 4325 4628 9754 10610 8712 1919 2588 13555 13348 16187 13348 16187 3192 16187
15624 8268 5064 16187 16187 16187 16187 16187 16187 16187 16187 16187 16187 16187 16187 16187
3634 16187 5329 91 16187 779 6826 3177 4776 10887 1583 16187 16187 16187 16187 16187
11719 16187 4949 6826 926 820 10967 4776 5946 10953 1381 16187 16187 16187 16187 16187
4776 15416 91 8710 2466 2148 3177 14272 3847 9754 5367 4311 14272 3847 16187 16187
4776 9405 8710 1344 2002 830 6259 5138 16187 9772 16187 16187 926 16187 5967 12233
4776 15416 3177 4776 14596 15881 2148 14237 2148 2694 4837 4776 12298 16187 16187 9332
9290 14029 2643 779 6259 10355 9332 4152 16187 16187 16187 16187 16187 16187 16187 16187
3842 11889 12127 63 5328 3177 8712 8268 3171 13348 16187 11461 1885 5459 16187 16187
6259 12260 2552 830 10394 15264 10671 14043 5329 13348 16187 15662 16187 9084 16187 816
4776 3366 15149 8383 4776 6767 1378 5444 2885 830 4776 10033 16187 16187 16187 16187
4776 4267 8710 10501 9850 8268 2837 14221 16187 16187 16187 16187 16187 1919 16187 16187
4776 3366 14150 7661 4776 8063 14237 6390 13055 3177 926 16187 926 16187 926 16187
7740 8313 8268 1329 16187 16187 16187 16187 16187 16187 16187 16187 16187 16187 16187 16187
7740 8313 8268 1329 16187 4537 4776 2601 2563 16187 2148 16187 8719 3171 16187 16187
7740 11530 14180 983 14237 2552 9487 3177 12291 13089 929 3171 2563 16187 8270 16187
12008 4776 10033 3847 11553 6259 15335 854 5804 4440 16187 16187 16187 16187 16187 16187
3842 1957 14180 1737 16187 16187 14397 2148 512 7740 771 16187 16187 16187 16187 16187
12008 4776 10033 3847 11553 6259 10355 10501 16187 16187 16187 16187 6683 1957 4776 10418
2903 8719 4776 15933 13348 16187 16187 16187 16187 16187 16187 16187 16187 16187 16187 16187
4267 926 4776 1138 12723 5711 16187 1138 6259 13316 16187 4776 2365 13429 16187 16187
5498 145 6259 6070 13129 12709 12233 1866 16187 14237 4325 9605 16187 14237 926 16187
3171 10033 8710 1954 191 926 16187 16187 16187 16187 16187 16187 16187 16187 16187 16187
3842 3171 1378 16187 11839 5463 7740 4931 4776 1138 926 5711 16187 16187 16187 16187
3171 10033 8710 1954 191 926 16187 8656 926 926 8268 12654 14734 926 16187 16187
13084 8268 8712 5867 1222 16187 16187 16187 16187 16187 16187 16187 16187 16187 16187 16187
13084 8268 926 926 2858 15597 1787 14237 9546 4776 2148 13501 8719 8712 6215 16187
13084 8268 926 926 2858 15597 1787 14237 9546 4776 2148 13501 16187 926 16187 16187
14043 15846 4087 3286 5463 13474 8710 5568 4998 8719 582 2598 16187 16187 16187 16187
14043 15846 4087 3286 5463 13474 8710 5568 4998 8719 582 2598 16187 16187 16187 16187
1019 10840 8268 15658 4552 7740 11889 8270 2598 16187 16187 2097 9574 16187 16187 16187
3364 2823 226 830 4776 4267 3177 926 14241 16187 16187 16187 16187 16187 16187 16187
5329 14043 4776 4152 4931 6297 8438 4931 232 16187 11889 771 6259 8264 14642 16187
8726 6011 14776 2858 926 10768 8268 6011 15846 6070 8064 14581 4776 9790 4927 16187
8069 6456 5656 9657 2148 9332 16187 16187 16187 16187 16187 16187 16187 16187 16187 16187
8069 11267 2257 4552 12233 10114 16187 10503 1919 16187 6683 16187 16187 2148 16187 16187
8069 6456 5656 9657 2148 9332 16187 16187 1957 12291 16187 11393 16187 11393 1138 7742
1243 929 4325 5736 7829 5568 12233 10603 5463 6259 12012 771 14125 15597 926 16187
9036 3171 2563 16187 15978 12495 15096 16187 12349 4776 12349 4776 10033 16187 926 16187
7740 16138 12003 4776 926 8268 14237 5463 5867 6259 16068 12276 5459 16187 16187 16187
14272 5867 4776 315 2598 16187 16187 16187 16187 16187 16187 16187 16187 16187 16187 16187
14272 5867 4776 315 2598 16187 16187 2598 16187 16187 2598 16187 16187 8719 1885 2598
14272 5867 4776 315 2598 16187 16187 950 16187 6173 8719 1885 2598 16187 16187 16187
5463 5867 4776 4927 8712 3543 7001 16187 16187 16187 16187 16187 16187 16187 16187 16187
3842 1957 14180 1737 16187 16187 14397 2148 512 1954 13926 16187 6535 16187 16187 10887
5463 5867 4776 9431 10355 7500 5463 7740 12431 8268 1711 16187 4776 10033 16187 16187
4776 926 3384 10417 6259 4156 1873 3177 9770 13021 9594 6581 16187 16187 16187 16187
3842 1919 12127 926 3177 5937 1750 16187 12349 512 9290 16187 16187 16187 16187 16187
4776 926 926 4931 2446 2296 16187 830 4776 926 926 16187 16187 926 16187 16187
14069 5867 2148 13348 16187 16187 16187 16187 16187 16187 16187 16187 16187 16187 16187 16187
14069 5867 6349 830 6011 16187 16187 830 9890 16187 16187 16187 16187 16187 16187 16187
14069 5867 6349 830 6011 16187 1436 1138 6011 5711 16187 9890 16187 6011 16187 2598
4776 132 8710 14231 16187 16187 16187 16187 16187 16187 16187 16187 16187 16187 16187 16187
4776 132 8710 14231 16187 14237 4776 10418 8710 6535 10355 16187 16187 16187 16187 16187
4776 132 8710 5695 2837 7810 16187 14237 2608 16187 6313 10418 16187 10418 16187 15819
14069 14776 6259 2373 3177 15180 1919 3171 2563 16187 16187 16187 16187 16187 16187 16187
3842 1957 14180 1737 16187 16187 14397 2148 512 4776 2221 16187 6535 16187 16187 16187
14069 14776 6259 5948 3177 16146 926 16187 15658 926 4776 926 14237 16187 16187 16187
10566 3177 4776 892 4440 9498 10967 4776 2400 10978 5463 4931 15840 16187 16187 16187
3842 1919 12127 926 3177 5937 1750 16187 12349 6683 14029 926 16187 16187 8719 12276
10566 3177 4776 892 4440 9498 10967 4776 2400 10978 5463 4931 15840 16187 6070 12690
5463 7165 6259 1222 10501 3177 5937 2563 12805 16187 16187 16187 16187 16187 16187 16187
3842 1957 14180 1737 16187 16187 16187 14397 7740 2308 16187 16187 16187 16187 16187 16187
6070 13844 16187 4302 16187 4537 7076 8712 8268 7740 4537 4628 16187 16187 91 8712
9431 3748 4776 2601 9496 9424 16187 16187 16187 16187 16187 16187 16187 16187 16187 16187
9431 3748 4776 2601 9496 9424 16187 16187 1138 1110 2837 926 926 16187 13348 16187
9431 3748 8268 4776 7140 8710 3098 16187 9222 16187 9442 8268 4776 926 16187 16187
831 2894 5329 447 16187 16187 16187 16187 16187 16187 16187 16187 16187 16187 16187 16187
831 2894 5329 447 16187 3098 2122 2563 16187 15846 16187 10373 12650 16187 5200 16187
6259 5948 3177 15538 14237 550 15669 16187 14393 14180 816 16187 816 16187 5200 16187
4776 2122 8710 5462 7742 13267 16187 16187 16187 16187 16187 16187 16187 16187 16187 16187
4776 2122 8710 4923 14237 12467 6546 14255 1243 817 16187 5777 14237 11839 16187 926
4776 2122 8710 5462 7742 13267 16187 14237 4776 10033 16187 926 16187 16187 16187 16187
15662 3432 2598 16187 16187 16187 16187 16187 16187 16187 16187 16187 16187 16187 16187 16187
5329 4776 8569 16187 1138 4776 12850 9577 5711 2563 8084 16187 16187 16187 16187 16187
6173 9084 7740 11393 4776 926 2598 16187 16187 5332 16187 16187 16187 16187 16187 16187
12233 984 6011 15525 3177 4776 15433 5711 16187 16187 16187 16187 16187 16187 16187 16187
5329 14043 8069 16041 6259 10382 8268 8423 926 15387 15525 1378 16187 16187 16187 16187
6011 11031 6070 926 12233 4776 2563 16187 16187 12008 1229 16187 16187 16187 16187 16187
13588 10372 582 15408 16187 16187 16187 16187 16187 16187 16187 16187 16187 16187 16187 16187
8093 13411 16187 14237 13474 15846 2823 16187 7970 16187 16187 16187 5095 16187 16187 16187
13588 10372 582 15408 16187 6070 8268 14237 14596 10355 16187 16187 16187 16187 16187 11889
6597 1230 13348 16187 16187 16187 16187 16187 16187 16187 16187 16187 16187 16187 16187 16187
6597 1230 13348 16187 643 16187 14350 16187 16187 16187 15819 16187 16187 16187 8455 926
14966 5946 16041 9062 16187 926 14237 4776 3192 9577 16187 8270 16187 16187 16187 16187
14734 1127 14319 6525 3177 11339 8719 1138 10372 582 5711 16187 16187 16187 16187 16187
14734 1127 14319 6525 3177 11339 8719 1138 10372 582 5711 16187 12825 5820 16187 2148
14734 3283 926 8710 9809 8268 926 12008 2516 8268 2837 12479 8224 16187 16187 16187
926 926 5867 1900 5804 8268 4776 926 15093 10862 8719 1919 12825 8697 16187 16187
3842 1919 12127 926 3177 5937 1750 16187 12349 3735 16187 16187 16187 8268 926 16187
926 926 3112 6259 3098 926 11901 1373 8268 14020 14237 7749 16187 16187 2689 16187
7740 3644 9754 2348 6259 2563 11889 3171 1750 16105 13280 16187 16187 16187 16187 16187
7740 3644 9754 2348 6259 2563 11889 3171 1750 16105 13280 16187 926 16187 11889 2598
7740 3644 9754 9137 12233 9178 926 13348 16187 16187 16187 16187 16187 16187 16187 10036
5463 4931 6259 4565 7937 3177 5889 16187 16187 16187 16187 16187 16187 16187 16187 16187
5463 4931 6259 4565 7937 3177 5889 16187 16187 16187 8268 16187 8268 14237 2823 6259
5463 4931 6259 10355 5801 16187 954 16187 10207 1885 16187 3818 16187 16187 16187 16187
4776 10033 6245 12233 10399 12233 8733 926 6259 4660 5095 1019 5605 6173 16187 16187
3842 11889 4776 12012 13348 16187 12723 5711 926 16187 926 16187 16187 816 16187 14237
4776 10033 7393 13923 4776 926 926 3177 15597 10285 6492 13907 15914 10978 16187 16187
3171 8710 6535 1507 14237 15624 16187 16187 16187 16187 16187 16187 16187 16187 16187 16187
3171 8710 1954 14411 3211 14426 13805 926 13183 14237 926 926 16187 16187 16187 16187
3171 8710 1954 9332 476 16187 12650 16187 14237 4776 9290 16187 16187 16187 16187 16187
9790 11039 3177 13216 830 3171 2563 16187 16187 16187 16187 16187 16187 16187 16187 16187
4267 12233 11553 926 5406 10566 8268 926 926 16187 13141 12233 4776 10887 16187 16187
1378 3177 4312 8710 2148 11953 5463 1750 16105 3177 2191 16187 643 16187 8831 16187
14237 4325 14776 2684 10471 16187 16187 16187 16187 16187 16187 16187 16187 16187 16187 16187
4325 9498 9754 14709 16187 16187 16187 8719 926 8719 4776 16187 16187 16187 16187 16187
14237 4325 14776 2684 10471 16187 926 14237 4776 926 5629 926 16187 16187 16187 16187
7740 11839 1515 8719 5463 7740 12232 8554 4776 2563 14237 3249 14029 16187 16187 16187
9036 3171 2563 16187 15978 12495 15096 16187 12349 8781 246 16187 15740 3177 2563 16187
7740 11530 4776 926 11178 3727 5655 16187 15597 926 4776 926 16187 16187 926 16187
2476 13348 16187 16187 16187 16187 16187 16187 16187 16187 16187 16187 16187 16187 16187 16187
2476 13348 16187 2053 6259 7970 16187 4707 12349 4776 2563 16187 16187 12349 16187 1583
1019 926 13348 16187 13348 16187 13887 16187 1138 6390 14029 5711 16187 14596 16187 16187
4776 10418 4931 10355 14237 4776 4152 4931 10355 16187 16187 16187 16187 16187 16187 16187
4776 10418 4931 2435 1957 564 12008 8712 4931 4776 14599 15649 2326 14397 8069 2148
4776 10418 4931 10355 14237 4776 4152 4931 10355 16187 16187 16187 16187 9890 16187 6683
926 8710 6259 9290 6470 8719 6259 9450 9138 15142 643 16187 16187 16187 16187 16187
3842 11889 4776 12012 13348 16187 12723 5711 926 16187 926 16187 16187 16187 16187 16187
926 8710 6259 9290 3177 4776 11401 8004 9941 14776 6070 2549 16187 16187 16187 16187
8712 5867 9355 8268 450 14237 7855 16187 16187 16187 16187 16187 16187 16187 16187 16187
8712 5867 10285 8268 11789 14380 16187 794 16187 10879 830 630 2148 12291 16187 16187
8712 5867 9355 8268 450 14237 7855 16187 14237 13074 12835 16187 6259 11897 16187 926
5463 5867 1543 3171 2563 4111 16187 16187 16187 16187 16187 16187 16187 16187 16187 16187
5463 5867 1543 3171 2563 4111 16187 8719 926 16187 6683 11889 1954 4269 16187 3841
5463 5867 4776 7610 12233 4776 10033 16187 16187 16187 16187 2148 11889 2847 10879 16187
7742 8712 8309 11482 14237 6535 9442 16187 16187 16187 16187 16187 16187 16187 16187 16187
9036 3171 2563 16187 12495 12495 15096 16187 12349 6259 9404 16187 16187 16187 16187 16187
7742 8712 8309 11482 14237 6535 9442 16187 9442 5804 16187 954 16187 926 16187 16187
3171 2563 3348 779 8712 5867 3766 16187 16187 16187 16187 16187 16187 16187 16187 16187
3842 3171 16187 6535 630 12276 9577 16187 8719 12276 16058 16187 8456 16187 16187 16187
3171 2563 3348 779 8712 5867 3766 16187 12008 8712 7336 926 16187 16187 16187 16187
14069 8710 13084 11130 14043 6378 12233 8712 14180 16187 16187 16187 16187 16187 16187 16187
3842 1957 14180 1737 16187 16187 14397 2148 512 7345 16187 16187 16187 16187 16187 16187
14069 8710 6259 10150 12782 16187 6259 926 8268 4776 11644 11953 926 926 16187 16187
14596 8710 10355 14237 4152 8710 10336 14237 1098 16187 16187 16187 16187 16187 16187 16187
3842 1957 14180 1737 16187 16187 14397 14397 14192 14734 10026 16187 6683 16187 9564 16187
6070 2176 3078 1919 4546 7188 3177 926 16187 5148 926 16187 16187 16187 16187 16187
14272 4552 6011 14518 830 6259 12007 12233 6259 11300 926 9918 15525 3211 2598 16187
203 1597 6071 8185 11553 14069 8710 8781 12958 830 12401 16146 16187 4440 8719 4776
203 1597 6071 8185 11553 6011 8466 2543 8719 13709 599 2598 16187 16187 9431 3177
9036 3171 10033 8268 15978 983 8710 12495 7613 12233 3667 16187 16187 16187 16187 16187
9036 3171 2563 16187 12495 12495 15096 16187 12349 7740 9429 16187 12495 630 16187 16187
7740 14581 3171 10033 14221 926 4776 2002 16187 5777 14237 8270 16187 16187 16187 16187
6173 16187 16187 16187 16187 16187 16187 16187 16187 16187 16187 16187 16187 16187 16187 16187
6173 16187 6535 630 4537 1019 8719 4776 2563 16187 16187 16187 10217 16187 16187 16187
6173 16187 16187 3257 8719 14734 1378 3177 4776 2563 16187 10918 16187 16187 16187 16187
12431 6826 349 14275 10967 4776 926 3957 1342 926 14043 15389 16187 16187 16187 16187
4267 12233 11553 926 5406 10566 8268 926 926 16187 13141 12233 15597 9278 16187 2823
1378 11071 8268 2689 5820 643 3766 8268 14237 4987 3211 12233 16142 16187 16187 16187
4776 14596 4931 2429 10355 8268 14237 4776 10418 4931 5329 14180 5463 8569 16187 16187
4776 14596 4931 2429 10355 8268 14237 4776 10418 4931 5329 14180 5463 8569 16187 16187
4776 14596 4931 3098 8268 14237 4776 10418 4931 15597 12835 8268 14237 926 16187 2446
7740 9429 15520 4194 779 10024 15180 1919 12224 14237 15532 14237 11211 16187 16187 16187
7740 9884 7807 14180 12276 13988 830 14745 16187 16187 16187 16187 16187 16187 16187 16187
7740 9884 2296 12766 6259 10887 14230 3177 926 926 5867 9442 8268 6692 6664 16187
8712 5867 12495 8569 1781 13226 4931 9754 1344 14180 14069 16187 16187 16187 16187 16187
8712 5867 12495 8569 1781 13226 4931 9754 1344 14180 14069 16187 12892 8712 16187 16187
8712 5867 12495 3698 14237 4265 14237 2176 12233 2823 15369 6672 16187 16187 9015 16187
4776 14397 2067 13839 8710 12256 16187 16187 16187 16187 16187 16187 16187 16187 16187 16187
4776 4267 8710 10501 9850 8268 2837 14221 16187 16187 16187 16187 8781 16187 16187 16187
4776 14349 14776 15696 1549 8268 14237 4776 13094 8710 15848 16187 16187 16187 1919 16187
10763 926 8710 2446 10355 8268 7926 243 4776 3211 1957 926 16187 16187 16187 16187
3842 1919 12127 926 3177 5937 1750 16187 12349 12291 16187 16187 12349 14180 16187 16187
926 1378 6988 6585 14808 16187 12260 10036 16187 16187 16187 16187 14734 1919 1885 5459
