4624 11031 8270 3748 1919 926 8268 7508 16187 16187 16187 16187 16187 16187 16187 16187
4624 14776 9754 91 12233 15105 8268 4624 14776 91 12233 1654 14237 14581 16187 16187
4624 11031 10471 16187 6070 926 14237 5084 8719 4776 10033 16187 16187 16187 1344 834
861 104 830 14272 8712 8710 8268 7740 2383 16187 16187 16187 16187 16187 16187 16187
3842 1957 14180 1737 16187 16187 8268 9487 9938 8268 15846 926 16187 816 16187 16187
7740 11530 12958 11953 3171 2563 16187 12892 9070 6259 1903 16187 7336 8719 8719 16187
14691 2326 926 15525 1957 9070 10967 4776 6331 16187 16187 16187 16187 16187 16187 16187
14691 16187 1957 9070 16187 9859 14237 443 5867 16187 9084 7740 4628 9754 926 14745
10355 13348 16187 16105 13348 16187 5200 16187 6259 9290 10315 2903 16187 16187 16187 16187
929 8268 12058 6253 12233 13931 926 2837 3853 14745 2903 16187 16187 16187 16187 16187
13570 8268 7926 9084 9754 15956 1543 12233 7001 1919 8712 16187 5388 16187 16187 16187
7740 7926 13345 8719 5463 1919 14180 3177 5463 8712 4931 2997 16187 7740 2326 16187
15658 15846 8155 137 4776 12298 3177 15597 9682 2598 16187 16187 16187 16187 16187 16187
3842 16187 16187 1737 8268 14180 8268 12349 16187 983 16187 16187 1957 12291 16187 6133
926 5082 12233 1597 16187 8268 14043 8268 9563 11553 4776 926 16187 16187 926 16187
1138 7926 16138 8093 9605 12349 4776 11146 13348 5711 16187 16187 16187 16187 16187 16187
1138 7926 5867 12766 5816 2837 4776 926 5711 3171 2563 8710 16139 16187 16187 2627
1138 7926 16138 8093 9605 12349 4776 11146 13348 5711 16187 16187 16187 6535 16187 6683
5713 10217 582 684 7742 3748 12401 16146 16187 16187 16187 16187 16187 16187 16187 16187
10217 10614 15658 4914 14029 6259 4927 12233 5668 16146 10614 12233 8815 4776 14617 16187
5713 10217 582 684 7742 3748 12401 16146 16187 16187 16105 8719 12276 16187 16187 16187
2780 7740 4537 9084 9754 9605 203 2066 4537 6635 926 1019 926 6173 16187 16187
3842 1957 14180 1737 16187 16187 9339 926 16187 6297 16187 926 16187 16187 16187 16187
8726 6011 14776 2858 926 10768 8268 6011 15846 6070 8064 14581 4776 9790 4927 16187
551 9591 16187 16187 16187 16187 16187 16187 16187 16187 16187 16187 16187 16187 16187 16187
3842 1957 14180 1737 16187 16187 9339 926 16187 6297 16187 16187 16187 16187 16187 8719
13474 779 10471 630 8270 8719 16146 1133 16187 16187 926 16187 16187 16187 16187 16187
3171 1233 2903 1954 2403 11453 14359 830 9070 4776 9431 983 7740 1959 3171 16187
3842 3171 1378 16187 10033 8268 1919 4776 5562 14220 8268 14043 8268 16187 816 16187
3171 1378 771 13671 3177 12192 1402 14237 4931 926 2837 2263 6496 16187 926 16187
7926 926 6905 830 2984 118 8712 10918 10967 1919 14745 16187 16187 16187 16187 16187
3842 8712 16187 63 16187 8268 8712 5867 4776 2563 16187 16187 5463 4776 14596 16187
7926 926 6905 830 2984 118 8712 10918 10967 1919 14745 16187 643 16187 16187 16187
7926 9084 5329 12709 14734 9059 4863 830 6276 16187 16187 16187 16187 16187 16187 16187
7926 9084 9754 4552 1157 830 1885 13348 16187 7651 4325 4609 1919 14734 14164 16187
7926 9084 1954 11643 15781 8719 3171 960 16187 9890 16187 10503 8719 5852 6259 10033
1612 1955 11846 13942 12233 718 10727 14457 14237 15416 14237 4690 16187 16187 16187 16187
3842 1957 14180 1737 16187 16187 9339 926 16187 6297 16187 926 16187 16187 16187 16187
14734 8808 8710 13074 14237 6011 5208 926 1919 14745 1344 14108 16187 4311 16187 9229
6011 15846 11728 16187 16187 16187 16187 16187 16187 16187 16187 16187 16187 16187 16187 16187
6011 15846 11728 15525 8376 16187 8798 6071 2563 16187 6535 16187 7740 9429 8712 5867
6011 15846 11728 16187 5948 8270 16187 512 1885 10418 16187 4679 16187 926 16187 5148
926 14664 4776 926 3177 926 4827 8710 4776 14596 3177 926 4827 16187 16187 16187
3842 1957 14180 1737 16187 16187 8268 14397 926 16187 926 16187 926 926 16187 3192
926 5867 9534 1955 4776 5424 926 8710 14311 14237 8700 16187 8710 1344 1344 16187
12008 5463 4325 16105 8712 16187 16187 16187 16187 16187 16187 16187 16187 16187 16187 16187
12008 5463 5867 1543 4776 11274 3609 16187 926 14237 14734 926 16187 16187 926 926
12008 5463 4325 16105 8712 16187 926 8268 14237 4776 926 16187 1229 7740 4931 816
8712 4931 1229 15624 5463 5627 10437 3177 15520 7612 2976 15525 16187 16187 16187 16187
8712 4931 1229 15624 5463 5627 10437 3177 15520 7612 2976 15525 16187 16187 16187 16187
8712 5867 14180 6070 13074 14237 2229 12233 5522 1919 16187 16187 16187 16187 16187 16187
203 1435 8712 12515 15597 926 12233 6276 1885 9737 2903 16187 16187 16187 16187 16187
3842 1957 14180 1737 16187 16187 8268 14397 926 16187 926 16187 926 16187 3192 16187
7926 4931 4537 816 830 4776 954 16187 926 16187 14734 926 16187 16187 14734 926
12008 8712 4931 2997 830 16146 14833 8268 12495 16187 16187 16187 16187 16187 16187 16187
12008 8712 5867 2148 512 5463 16187 13411 16187 14237 12127 1378 3177 4776 10033 16187
12008 8712 5867 2148 16187 512 6259 10033 5463 8710 16187 7740 1444 10324 14237 4776
9264 15762 8268 9264 12466 16187 16187 16187 16187 16187 16187 16187 16187 16187 16187 16187
9447 9332 9591 16187 926 5208 6683 830 1885 14237 1750 16187 16187 16187 16187 16187
9264 15762 8268 9264 12466 16187 14125 14734 7188 4776 14217 16187 926 6259 9450 16187
12008 1955 4776 14596 8242 6011 10603 15525 15662 16187 16187 16187 16187 16187 16187 16187
12008 1955 1954 13926 13474 8710 4776 926 10781 16187 16187 10480 14237 16187 3827 16187
12008 1955 4776 14596 8242 6011 10603 15525 15662 16187 8185 14776 16187 9431 16187 16187
16076 926 779 6259 3098 9534 14237 1229 3847 4523 16187 16187 16187 16187 16187 16187
3842 16187 16187 1737 8268 14180 8268 12349 16187 2588 16187 16187 16187 16187 16187 16187
6259 2067 926 926 8712 5867 926 12233 8712 5867 5182 2903 12489 16187 16187 16187
4325 16105 15597 926 2563 5022 10918 8719 926 6259 10033 15142 204 12416 16187 16187
9036 3171 2563 16187 12349 4776 12349 4776 2563 16187 4409 16187 926 926 16187 926
4325 16105 10355 5257 3177 8712 16187 15597 16058 643 16187 16187 8268 14237 2823 1378
4325 13081 14691 14657 16187 16187 16187 16187 16187 16187 16187 16187 16187 16187 16187 16187
4325 9498 6882 16187 6070 630 12495 16187 830 4776 2601 16187 16187 16187 16187 830
4325 2446 11553 2819 16187 6070 926 14237 7032 4776 10033 5463 16187 3177 8712 16187
4776 9047 3177 8794 11399 2598 16187 16187 16187 16187 16187 16187 16187 16187 16187 16187
4776 4267 8084 16187 12545 5629 4776 2563 16187 16187 16187 16187 8069 2148 7970 16187
4776 6928 14826 3177 4776 9960 2598 16187 12233 4776 926 3847 12233 2326 8084 16187
13931 9070 8268 7740 188 6011 12233 16187 16187 16187 16187 16187 16187 16187 16187 16187
6011 3644 9754 8069 14670 8712 10372 2167 8268 8712 5867 1229 6186 16187 9442 16187
6011 11031 13965 12233 926 16187 6826 926 16187 8719 4776 2563 16187 5046 16187 16187
13474 8298 926 12233 13758 1094 1919 1885 14029 4776 9964 13868 16187 16187 16187 16187
13474 13942 12233 2823 13681 14745 8268 8726 5463 5867 14272 8712 6179 16187 16187 11889
13474 3873 16187 12233 14734 12233 14734 15781 8268 4776 5358 1885 1019 926 2598 16187
5568 14043 9743 15658 1110 11608 16187 16187 16187 16187 16187 16187 16187 16187 16187 16187
5329 14043 16187 6276 13089 926 926 8268 7740 2979 15525 13348 16187 3137 10887 926
12008 5713 14776 6680 16187 14180 5463 926 4931 6535 2997 16187 2563 16187 16187 5332
4776 14287 14776 5820 8268 4776 9447 14776 13618 8268 14237 4776 2122 8710 15048 16187
4776 4267 8084 16187 4320 2903 203 3847 4776 14589 16187 8270 16187 12349 4776 1583
4776 14596 4931 3098 8268 14237 11953 132 816 16187 6070 16187 16187 954 16187 16187
15662 12232 13474 4552 5463 2598 16187 16187 16187 16187 16187 16187 16187 16187 16187 16187
15662 5329 2598 16187 9253 8268 926 2598 16187 926 16187 2598 16187 16187 2598 16187
12008 15662 14776 6011 4325 4628 830 4776 926 3177 4776 2563 16187 2598 16187 16187
8719 3171 10033 12716 13474 5867 5329 2444 449 8268 13474 5867 4537 6153 16187 16187
3842 1957 14180 1737 16187 16187 8268 15274 6259 11401 16187 16187 779 1941 16187 16187
8719 3171 9577 820 5208 10852 10628 15597 10768 14237 11436 1784 16187 926 16187 16187
4776 10298 11139 8710 9450 12495 1120 9449 12233 2823 5820 16187 16187 16187 16187 16187
4776 3942 8710 5463 8712 5867 15510 14237 15624 16187 2326 16187 16187 16187 7740 8313
4776 13811 14237 6006 14776 2446 9431 14263 16187 9431 3177 926 2837 926 16187 16187
4325 2326 15956 203 12233 8733 6259 13103 10770 830 10394 13348 13348 16187 16187 16187
4325 12232 9754 11553 12233 11553 9594 284 11953 4776 926 3177 4776 14596 16187 16187
6173 6011 11553 6826 14966 16187 2148 16187 16187 16187 16187 4628 16187 4311 16187 4628
6694 8710 7578 5967 12233 10603 14272 12422 8710 487 1919 5713 6089 8569 13876 16187
3842 1957 14180 1737 16187 16187 8268 9487 9938 8268 15846 926 16187 6856 10967 926
1378 11071 8268 2689 5820 643 3766 8268 14237 4987 3211 12233 16142 16187 16187 16187
7740 1951 14364 7740 1442 8712 16187 16187 16187 16187 16187 16187 16187 16187 16187 16187
7740 1951 5329 630 3559 1919 4776 11954 5414 6590 3177 4250 3416 16187 16187 16187
7740 1951 15178 16187 16187 12008 7740 9429 3543 7926 8710 8712 16187 16187 16187 16187
7003 7513 3112 926 1957 15096 2588 8268 1919 12940 8279 830 14745 16187 16187 16187
3842 1957 14180 1737 16187 16187 8268 9487 9938 3177 15846 926 16187 16187 16187 16187
14734 13726 12233 926 9442 5030 471 10033 3537 8710 1338 14029 3257 16187 16187 16187
5463 1686 11211 13623 12233 926 926 16187 16187 16187 16187 16187 16187 16187 16187 16187
3842 1957 14180 1737 16187 16187 8268 14397 926 16187 926 16187 926 16187 16187 16187
5463 5867 4776 16167 926 7740 1951 16187 16187 16187 4311 16187 16187 16187 16187 16187
9063 14069 5867 926 8268 15658 7076 6259 926 12852 830 4421 14237 2141 16187 16187
3842 1957 14180 1737 16187 16187 8268 9487 9938 3177 15846 926 16187 10328 1229 16187
926 7740 7433 926 5867 15939 8710 2263 2002 9591 16187 2002 14237 8712 16187 8710
8712 14180 16105 4776 10033 587 16187 16187 16187 16187 16187 16187 16187 16187 16187 16187
8712 4931 10275 4311 8268 14237 8712 5867 8069 14219 5332 14029 7829 3059 16187 5332
8712 4931 10275 4311 8268 14237 8712 5867 8069 7805 16187 16187 830 3171 16187 16187
4776 15197 8710 3935 14237 12154 10967 10442 12233 12298 16187 16187 16187 16187 16187 16187
4776 4267 8084 16187 13623 14426 926 8710 5463 2563 16187 15096 14237 2148 16187 16187
4776 15197 8710 3935 14237 12154 10967 10442 12233 12298 16187 16187 16187 7740 6683 16187
14596 8710 10355 8268 12008 9449 1957 12291 16187 16187 16187 16187 16187 16187 16187 16187
3842 1957 14180 1737 16187 16187 8268 9487 9938 8268 15846 926 16187 816 1378 16187
6070 4142 447 13348 16187 16187 15649 14677 16187 12233 4776 6683 14237 1919 16187 16187
7740 9429 13474 8710 2176 8268 7664 8268 14237 3335 16187 16187 16187 16187 16187 16187
7740 9429 11789 14069 16187 12233 9605 12233 4776 5777 14237 9070 16187 16187 13348 16187
7740 9429 15520 4194 779 10024 15180 1919 12224 14237 15532 14237 11211 16187 7742 16187
2263 14596 926 1778 6259 7708 13317 15142 10232 926 16187 16187 16187 16187 16187 16187
3842 1957 14180 1737 16187 16187 8268 9487 9938 8268 15846 926 16187 816 16187 16187
4776 1754 3177 8712 8710 12491 8268 14237 9296 8712 14180 8710 16187 16187 16187 16187
926 8268 14237 3699 12233 9070 8268 3171 8710 5329 6259 2563 830 10094 16187 16187
3842 3171 16187 11889 1138 926 13348 5711 16187 8081 2563 16187 4776 9431 15096 16187
926 8268 14237 3699 12233 9070 8268 3171 8710 926 16187 16187 16187 16187 9131 16187
6259 2092 3177 7948 643 10781 14029 6259 8858 1787 16187 16187 16187 16187 16187 16187
3842 3171 2856 11889 4776 12012 16187 3364 926 12233 6276 5711 16187 16187 16187 16187
6259 3098 7652 830 10671 3177 4776 8439 926 6764 16187 8185 16187 11889 16187 16187
4776 1787 9277 8093 15956 16187 16187 16187 16187 16187 16187 16187 16187 16187 16187 16187
4776 3942 1919 3171 5463 8710 1229 1597 820 15658 926 16187 4776 926 16187 16187
4776 6801 5388 14272 6259 12007 3543 2823 16187 1955 4776 10501 3177 4776 10033 16187
8712 4931 1435 12576 16187 16187 16187 16187 16187 16187 16187 16187 16187 16187 16187 16187
8712 4931 1435 12576 16187 1320 14237 15881 817 16187 16187 16187 954 16187 16187 12349
8712 4931 1435 12576 16187 1320 14237 4776 5820 9311 5463 16187 643 16187 16187 926
6011 16138 2823 926 13348 16187 16187 16187 16187 16187 16187 16187 16187 16187 16187 16187
6011 16138 8554 15 16187 9790 16187 8719 4776 2285 643 16187 16187 16187 16187 16187
6011 16138 2823 926 13348 16187 12515 12276 13429 16187 4776 926 16187 16187 16187 16187
4325 3641 10158 1777 3177 12401 16187 16187 16187 16187 16187 16187 16187 16187 16187 16187
4325 14776 4311 8637 2837 15597 10566 7594 6949 8268 15649 8710 11121 12233 6826 16187
4325 3641 10158 1777 3177 12401 16187 16187 6259 10894 16187 16187 16187 1957 4776 4927
7740 973 14272 6011 968 8152 6259 6111 14230 3177 4776 926 12835 16187 16187 16187
7740 973 5329 13616 13474 779 13592 16146 954 12233 2451 16187 16187 8719 4776 983
7740 973 14364 7740 9084 16187 1229 630 2148 16187 4447 16187 926 16187 8831 11953
12222 5867 926 5104 5463 13474 779 1954 6897 11198 830 926 14237 2167 16187 16187
3842 1957 14180 1737 16187 16187 9339 926 16187 6297 16187 16187 16187 16187 16187 8719
13474 779 10471 5777 14237 11153 8719 3098 926 16187 8719 4776 5777 16187 16187 8719
14272 15669 8710 4776 10566 3335 3384 8084 12233 2823 8466 8719 4776 8185 16187 16187
3842 1957 14180 1737 16187 16187 8268 9487 9938 8268 15846 926 16187 6856 10967 926
4776 2563 15249 1919 15 2858 1419 12008 5350 8271 10967 983 198 8185 16187 16187
14031 8268 14237 926 5867 1110 8661 8268 6070 4687 14029 4776 9465 16187 16187 16187
14031 8268 14237 4776 4707 3177 1237 10247 16187 4325 2598 16187 16187 16187 16187 16187
14031 8268 14237 7661 13422 2903 14237 10299 3418 16187 6259 926 16187 16187 16187 16187
9484 8506 16187 16187 16187 16187 16187 16187 16187 16187 16187 16187 16187 16187 16187 16187
9036 3171 2563 16187 12349 4776 12349 4776 2563 16187 2053 926 3994 16187 16187 926
9484 8506 16187 2148 512 4776 4152 16187 6297 4776 14596 14237 830 1954 11596 16187
2263 1954 2122 14419 10033 14237 8712 3112 13084 11293 11953 8712 16187 16187 16187 16187
3842 1957 14180 1737 16187 16187 8268 9487 9938 8268 15846 926 16187 6856 10967 926
2263 4949 216 16187 1213 6259 926 16187 15649 10033 12233 16187 16187 16187 14125 16187
1957 12291 5713 2946 9160 645 15525 4923 11331 8268 5556 203 1405 4325 9745 16187
3842 1957 14180 1737 16187 16187 8268 9487 9938 8268 15846 926 16187 816 16187 16187
1957 14734 2521 16187 7926 16138 11553 12233 2823 8466 1919 926 16187 16187 16187 16187
4776 10033 8710 3545 3594 1919 6685 8339 12233 6276 9605 4776 926 385 16187 16187
3842 3171 2856 11889 4776 12012 16187 3364 926 12233 6276 5711 16187 16187 16187 16187
4776 10033 8710 11953 1097 3177 4776 8794 13828 16187 6635 16187 2994 16187 16187 9817
5463 7165 3932 7800 16187 16187 16187 16187 16187 16187 16187 16187 16187 16187 16187 16187
3842 1957 14180 1737 16187 16187 8268 14397 926 16187 926 16187 926 16187 16187 10957
5463 5867 14766 16187 8569 2563 16187 4189 8719 13592 3177 15740 16187 16187 16187 16187
14069 14776 1597 16146 10923 3177 3171 10719 4776 10033 8268 12495 14796 12233 13429 16187
3842 1957 14180 1737 16187 16187 8268 9487 9938 8268 15846 926 16187 816 1378 16187
14069 14776 6826 5580 2689 4440 8719 3171 10033 16187 926 16187 16187 926 16187 16187
4776 10033 4311 1229 8268 14823 926 5692 14237 926 16187 16187 16187 16187 16187 16187
3842 3171 2856 11889 4776 12012 16187 3364 926 8268 12233 11553 12233 3286 16187 16187
4776 10033 2446 779 6259 2684 926 2221 11214 2837 4776 1098 4421 5742 16187 1670
12307 16187 16187 16187 16187 16187 16187 16187 16187 16187 16187 16187 16187 16187 16187 16187
12307 16187 14237 9311 16187 5537 16187 16187 14237 5328 16187 926 16187 926 16187 8719
1175 12013 13348 16187 12256 16187 16187 13583 16187 5176 3177 4189 5867 10418 16187 16187
4325 5174 15597 7987 9680 12233 4776 5824 3177 15597 3312 16187 16187 16187 16187 16187
3842 16187 16187 1737 4776 3766 13348 16187 8084 6683 16187 9429 10036 16187 816 16187
4325 5174 15597 7987 9680 12233 4776 5824 3177 15597 3312 16187 16187 926 16187 16187
3171 8710 6259 1117 10033 16187 16187 16187 16187 16187 16187 16187 16187 16187 16187 16187
3171 8710 9754 6259 14238 9301 11953 10412 16187 10978 1919 926 582 16187 16187 816
3171 8710 6259 1117 10033 16187 3098 14596 8268 14237 1954 2122 3098 2122 3098 2122
8710 5463 4863 12495 630 10967 4776 13590 14237 13799 2598 16187 16187 16187 16187 16187
3842 1957 14180 1737 16187 16187 8268 9487 9938 8268 15846 926 16187 6856 10967 926
6070 447 16187 12008 7740 4628 16187 2823 6259 6535 9450 16187 16187 16187 9887 16187
3842 3171 10033 13348 16187 16187 16187 16187 16187 16187 16187 16187 16187 16187 16187 16187
3842 3171 16187 11889 1138 4776 926 13348 16187 5711 16187 1378 13348 16187 13348 16187
926 16187 11916 16187 4776 5568 10583 16187 4776 9887 12233 4776 11719 16187 14581 2689
14183 2598 2598 16187 16187 16187 16187 16187 16187 16187 16187 16187 16187 16187 16187 16187
10242 3177 9743 16187 4628 9754 4552 5463 12008 8712 16187 16187 16187 16187 16187 16187
5713 14776 14180 1133 5463 2842 8866 547 16187 2997 2598 16187 16187 16187 7314 16187
4776 13915 8733 3171 2563 6683 7594 8268 4552 5329 12757 4312 16187 16187 16187 16187
3842 3171 16187 9264 16187 10770 16187 14426 16187 2689 14596 16187 14180 926 16187 16187
4776 3673 9277 5329 2823 11889 926 14043 926 16187 14734 9465 16187 11839 16187 16187
4776 11998 9940 9089 8710 4776 14186 3177 1954 8521 16187 16187 16187 16187 16187 16187
4776 4267 10501 4931 5463 7909 3504 8268 7740 8313 8268 14272 4776 6286 2598 16187
4776 564 9424 11953 3171 2563 8710 4776 3398 1146 14457 16187 10033 9222 16187 7937
13341 16187 16187 16187 16187 16187 16187 16187 16187 16187 16187 16187 16187 16187 16187 16187
13341 16187 5332 8268 7740 5208 2552 3171 14029 14237 1954 1378 5463 8712 16187 16187
4776 2563 4931 8270 1919 4776 2002 8268 630 630 8270 16187 15043 10983 16187 4832
2494 12940 4797 14827 6259 926 926 8719 15649 12233 5946 1885 8081 7671 16187 16187
3842 1957 14180 1737 16187 16187 8268 9487 9938 8268 15846 926 16187 816 16187 16187
7740 973 2758 5463 4325 8069 12431 926 830 3171 2563 16187 16187 16187 16187 16187
63 8268 8712 5867 5329 6070 7742 2608 14237 4776 12835 14776 6070 1311 16187 16187
3842 1957 14180 1737 16187 16187 9339 926 16187 6297 16187 8440 14237 16187 16187 16187
14180 8719 14180 8268 6259 6070 2997 2563 16187 12650 16187 16187 6297 16187 16187 6297
12260 2552 3171 2563 16187 16187 16187 16187 16187 16187 16187 16187 16187 16187 16187 16187
3842 16187 16187 1737 8268 14180 8268 12349 4776 6499 16187 16187 926 16187 16187 926
6011 16138 9605 8712 8719 3171 2563 12495 13348 16187 12839 1885 10671 16187 16041 7401
4776 13182 3177 7345 1334 8710 3748 4776 926 16187 16187 16187 16187 16187 16187 16187
4776 4267 8710 10501 9850 8268 2837 14221 16187 16187 16187 16187 16187 16187 16187 16187
4776 564 9424 11953 3171 2563 8710 2326 16187 16187 6635 16187 16187 16187 16187 8781
8726 3171 10140 5937 8661 8268 6011 9277 188 12233 8197 8712 6259 2327 16187 16187
3842 1957 14180 1737 16187 16187 8268 9487 9938 8268 15846 926 16187 816 1378 16187
8726 6011 188 12233 2552 4404 8157 3177 84 8268 4311 12650 3171 10033 16187 5580
820 3543 9754 8069 393 12233 8712 13089 4325 2696 4776 15939 16187 16187 16187 16187
3842 1957 14180 1737 16187 16187 8268 9487 9938 8268 15846 926 16187 816 1378 16187
4624 1110 6011 16187 14237 926 16187 10918 16187 4707 16187 16187 16187 13089 16187 926
7740 12232 5329 1436 3171 8710 6259 3511 7518 10033 16187 16187 16187 16187 16187 16187
9036 3171 2563 16187 12349 4776 12349 4776 2563 16187 3192 16187 16187 926 1919 4776
7740 12232 11553 12233 1436 14587 14001 8710 4776 10566 2002 4895 2563 14237 308 16187
4776 2563 8710 5329 15624 1957 14180 8268 1957 13592 12291 16187 16187 16187 16187 16187
4776 2563 8710 1229 9625 16187 7740 7001 16187 13348 16187 13348 16187 16187 16187 16187
4776 2563 8710 6070 1507 12008 8710 6070 11773 2446 16187 16187 16187 16187 16187 4949
7821 3177 4751 8268 1955 8712 9498 16187 16187 16187 16187 16187 16187 16187 16187 16187
11499 8268 8712 9084 5329 16187 1407 9070 3177 4776 9431 16187 6304 16187 10036 14237
6826 3177 14734 1378 11071 91 14776 10716 9150 16187 4776 926 16187 16187 926 16187
1543 4552 4624 5946 2598 16187 16187 16187 16187 16187 16187 16187 16187 16187 16187 16187
4552 9754 2599 5463 6303 6011 16187 1019 1229 16187 9084 16187 9872 16187 926 16187
14043 16108 14043 5329 4776 15335 5463 14776 14776 8268 14043 4776 11889 16187 2598 16187
3171 8710 2176 7742 11022 14237 2608 1919 6259 6313 132 574 16187 16187 16187 16187
3842 1957 14180 1737 16187 16187 8268 9487 9938 3177 15846 926 16187 16187 16187 16187
3171 8710 1954 12256 10033 1919 6259 3098 14596 8268 14237 12256 10418 16187 16187 16187
7742 7740 2383 5463 14407 4776 12894 3177 3643 15333 10036 16187 16187 16187 16187 16187
7742 7740 2383 5463 14407 4776 12894 3177 3643 15333 10036 16187 16187 16187 16187 16187
7742 4032 5937 983 16187 3531 929 16187 16187 983 16187 8719 4776 10033 16187 16187
7740 973 5329 13616 4776 10033 15846 4552 4776 9790 16187 16187 16187 16187 16187 16187
7740 973 5329 13616 14272 7740 9429 3177 4776 8199 16187 926 16187 926 16187 7542
7740 973 14631 5463 12127 2563 2847 12233 2823 8466 14029 2263 16058 16187 16187 16187
7508 8268 5463 5867 13089 7926 15881 2170 3748 12233 926 926 12135 16187 16187 16187
13570 8268 8712 13942 12233 2823 1378 3177 9743 7723 926 16187 16187 16105 16187 3177
5297 8268 8712 13942 4776 8974 5463 15846 926 1919 4776 14596 16187 16187 16187 16187
3171 8710 4537 6259 6388 8268 6388 10033 8268 1919 10440 6499 14180 1778 16187 16187
3842 1957 14180 1737 16187 16187 8268 14397 926 16187 926 16187 926 16187 3192 16187
3171 8710 4537 830 6259 2563 16187 16187 10373 9085 10399 12233 4776 9577 16187 16187
6826 3177 4776 12835 14776 1229 8569 6011 3553 8459 15846 9605 1378 3177 4312 16187
3842 1957 14180 1737 16187 16187 8268 9487 9938 8268 15846 926 16187 6856 10967 926
6826 3177 4776 1246 1919 5537 15814 9605 11789 12233 4776 5777 3177 4776 11602 16187
5329 1597 1133 11553 10471 5463 12233 9070 14237 3171 8710 1378 3177 4776 15335 16187
5329 447 16187 16187 12008 8712 5867 4537 14180 11953 8712 16187 16187 16187 11889 16187
5329 447 16187 16187 12008 8712 5867 4537 16187 8455 16187 16187 16187 11889 13348 16187
1842 12233 4776 820 16187 16187 16187 16187 16187 16187 16187 16187 16187 16187 16187 16187
3842 1957 14180 1737 16187 16187 8268 14397 926 8268 15649 8710 4776 9290 16187 926
14734 13726 12233 6507 4856 2858 6259 14397 1781 4152 8710 6070 6273 16187 16187 16187
15401 926 4641 8116 830 3171 8038 3177 6259 12518 16187 16187 16187 16187 16187 16187
3842 3171 2856 11889 4776 12012 16187 7981 8268 12008 8712 5867 6259 9450 16187 16187
6259 10682 12536 8268 16139 10418 8268 9122 1919 5695 3766 14237 8664 503 16187 7032
4776 14596 3364 11553 12766 8270 14237 2148 9332 16187 16187 16187 16187 16187 16187 16187
4776 14596 16187 13982 7518 14029 4776 14596 926 16187 2373 16187 2563 16187 6259 6070
4776 14596 2894 15846 7347 9455 13022 12233 4776 2563 16187 4776 926 16187 10272 16187
3098 3384 8268 12008 1378 5463 8710 6070 4687 12233 7535 16187 16187 16187 16187 16187
3842 1957 14180 1737 16187 16187 8268 14397 926 16187 926 16187 926 16187 3192 16187
3098 476 1919 1684 14237 5086 14237 12583 3177 10355 3766 16187 14237 12606 16187 16187
12349 14180 3098 2563 16187 16187 16187 16187 16187 16187 16187 16187 16187 16187 16187 16187
9036 3171 2563 16187 12349 4776 12349 4776 2563 16187 2053 926 16187 926 16187 13089
1175 12013 13348 16187 4103 16187 6140 926 5867 10418 16187 6535 16187 16187 16187 5867
4776 926 14237 12633 14776 6070 7664 14237 3335 16187 16187 16187 16187 16187 16187 16187
3842 3171 2856 11889 4776 12012 16187 3364 926 8268 12233 11553 12233 3286 16187 16187
4776 926 14237 12633 14776 6070 7664 14237 3335 16187 16187 11839 16187 9442 16187 6535
5463 9277 14043 9277 5329 2823 6259 6421 10709 12233 6011 16187 16187 16187 16187 16187
3842 1957 14180 1737 16187 16187 8268 14397 926 8268 14237 926 926 16187 12208 2903
5463 9277 14043 9277 5329 2823 6259 6421 10709 12233 6011 16187 16187 15096 4311 16187
9484 9484 13348 16187 16187 16187 16187 16187 16187 16187 16187 16187 16187 16187 16187 16187
9036 3171 2563 16187 12349 4776 12349 4776 2563 16187 926 16187 16187 16187 7740 926
9484 9484 16187 8710 2296 6535 1957 564 16187 16187 2588 3177 12276 9577 16187 16187
14237 14069 8710 6535 630 7945 926 5463 5627 8710 9754 6070 10355 16187 16187 16187
14069 14776 13084 5714 8719 14734 10033 16187 10887 12495 16187 16187 14237 1919 4776 10033
14237 14069 8710 2148 3098 888 10967 13023 926 5867 926 13741 14237 926 16187 16187
7740 16138 8093 12650 3171 10036 13348 16187 16187 16187 16187 16187 16187 16187 16187 16187
7740 16138 8093 12650 3171 10036 13348 16187 11401 10036 16187 6535 16187 9577 16187 16187
7740 16138 8158 6011 16187 3562 9591 12233 926 2263 15939 16187 16187 630 16187 16187
7542 6259 3098 10033 8004 5568 3942 8710 6259 15819 12233 10355 14596 16187 16187 16187
3842 3171 2856 11889 4776 12012 16187 3364 926 12233 11553 12233 16187 16187 16187 16187
6259 2062 13839 8710 13532 6259 1676 14237 8712 7076 15525 16187 16187 926 16187 10033
9743 1919 1954 8661 8719 4776 13540 3177 6215 15846 10603 3171 6259 12260 2552 16187
3842 1957 14180 1737 16187 16187 8268 9487 9938 3177 15846 926 16187 16187 16187 16187
14734 13726 12233 6507 4856 2858 6259 14397 1781 4152 8710 6070 6273 16187 16187 16187
14237 7416 926 8710 5580 1098 16187 16187 16187 16187 16187 16187 16187 16187 16187 16187
3842 1957 14180 1737 16187 16187 8268 14397 14237 926 16187 16187 16187 16187 16187 16187
14237 7416 926 8710 5580 1098 16187 15096 8268 7740 11553 6259 15819 16187 16187 16187
7740 12773 630 14219 16187 16187 16187 16187 16187 16187 16187 16187 16187 16187 16187 16187
7740 12773 630 11788 3137 2563 16187 8270 16187 16187 16187 16187 14362 16187 16187 16187
7740 1110 13089 7740 2563 3847 5463 16187 1781 2974 16187 16187 16187 16187 16187 830
7926 9638 8712 15846 2823 6259 2083 870 16187 16187 16187 16187 16187 16187 16187 16187
7926 9084 5329 12709 14734 9059 4863 830 6276 16187 16187 16187 16187 16187 16187 16187
7926 9638 8712 15846 2823 6259 2083 870 16187 10242 16187 7740 12495 16187 16187 2997
6481 8744 2903 4512 1272 14237 10612 16187 16187 16187 16187 16187 16187 16187 16187 16187
2599 16187 2823 6070 2689 14237 8712 2979 2858 4776 2309 3513 16187 16187 16187 16187
6481 8744 2903 4512 1272 14237 10612 16187 9059 926 16187 16187 16187 1957 14734 16146
13474 6837 1954 16139 9534 16187 16187 16187 16187 16187 16187 16187 16187 16187 16187 16187
13474 5867 2148 926 15387 512 12616 3177 4776 926 16187 16187 9070 16187 16187 16187
13474 6837 1954 16139 9534 16187 1229 8268 8719 4776 10033 16187 16187 12495 16187 16187
7740 9430 630 12233 2552 3171 14029 3366 16187 16187 16187 16187 16187 16187 16187 16187
7740 9430 630 12233 2552 3171 14029 9890 13182 16187 6011 1110 16187 8185 8069 8719
7740 1951 15 11007 12233 14180 2263 9476 16187 926 16187 16187 926 16187 16187 16187
5329 6070 6580 1957 14180 16187 16187 16187 16187 16187 16187 16187 16187 16187 16187 16187
5329 6070 6580 1957 14180 16187 9339 12835 16187 5022 16187 926 16187 16187 16187 16187
5329 6070 6580 1957 14180 8268 12721 6259 926 16187 16187 16187 16187 16187 16187 16187
14069 8710 13084 6985 12233 5713 820 8268 8712 5867 14180 4537 7687 16187 16187 16187
3842 1957 14180 1737 16187 16187 9339 926 16187 6297 16187 16187 16187 16187 16187 4990
14069 8710 630 8781 12233 4776 10026 11953 12401 3177 5713 12835 16187 11788 14237 16187
4776 8521 8710 1378 3177 4776 8185 11998 4710 16187 16187 16187 16187 16187 16187 16187
4776 2563 5867 926 13254 10967 2263 3052 15408 3177 1750 9809 2837 4312 16187 16187
4776 8521 8710 6070 10355 8268 14237 8712 12208 6011 423 1903 16187 16187 16187 16187
14237 7926 7365 16187 16187 16187 16187 16187 16187 16187 16187 16187 16187 16187 16187 16187
14237 7926 7365 16187 13348 16187 8719 4776 10033 16187 8993 16187 16187 16187 6070 16187
14237 7926 7365 16187 13348 16187 12008 3748 4776 9290 9032 926 16187 16187 16187 12349
14776 9754 4325 7661 1955 10053 1955 12401 16146 2598 16187 16187 16187 16187 16187 16187
4624 14776 1260 16187 12233 2823 926 926 8268 926 926 16187 16003 16187 16187 16187
4624 1110 6011 16187 14237 926 10671 3177 4776 10983 16187 16187 8520 16187 16187 926
6259 1781 14237 8405 8521 12233 4776 10728 16187 16187 16187 16187 16187 16187 16187 16187
3842 1957 14180 1737 16187 16187 8268 9487 9938 8268 13216 16187 983 16187 5498 16187
6259 5948 3177 4776 11274 830 1885 8710 2842 16187 8733 16187 926 16187 10770 16187
14237 5463 8710 2326 1175 13089 6259 2563 5208 11553 5463 7724 14029 13852 16187 16187
3842 1957 14180 1737 16187 16187 8268 15274 6259 983 16187 3520 16187 165 8719 14138
8712 5867 6259 471 8268 14237 6259 13587 10033 14237 6259 10978 1919 7591 2954 16187
6011 16138 11889 926 12740 820 2451 16187 16187 16187 16187 16187 16187 16187 16187 16187
6011 16138 8093 1453 2904 16187 16187 929 16187 6011 16187 16187 16187 16187 16187 16187
6011 16138 2823 14364 6011 9084 16187 1453 2904 12233 16187 16187 16187 16187 15715 16187
7740 973 5329 13616 8726 13474 15846 7127 8268 12008 7740 12232 926 1885 16187 16187
7740 973 5329 13616 13474 779 13592 16146 954 12233 2451 16187 16187 8719 4776 983
7740 973 14631 5463 12127 2563 2847 12233 2823 8466 14029 2263 16058 16187 16187 16187
7740 11530 4776 12835 8268 9563 13093 9022 5867 11914 14237 1446 926 5867 926 16187
9036 3171 2563 16187 12349 4776 12349 4776 2563 16187 4409 1957 926 926 16187 926
7740 11530 4776 315 6423 3171 10033 16187 16187 2148 830 4776 10033 16187 16187 9770
4776 3098 2353 8710 4421 4417 16187 16187 16187 16187 16187 16187 16187 16187 16187 16187
4776 4267 8084 16187 4320 4776 2563 8710 1810 16187 16187 16187 16187 16187 12650 16187
4776 3098 2353 8710 4421 4417 16187 772 16187 6713 8268 14237 926 16187 16187 5580
14237 926 3748 7812 3609 3847 5329 11712 9666 820 8719 12276 15939 16187 16187 16187
3842 3171 16187 12606 8268 7740 6635 8712 569 16187 926 16187 16187 5867 2563 16187
14237 926 3748 7812 3609 3847 14734 13429 8710 926 16187 16187 16187 1957 14734 11537
7740 5208 4537 11953 10751 10164 12897 8268 4325 8733 2191 16187 16187 16187 16187 16187
5359 8268 816 16187 1138 926 5711 16187 926 14237 926 16187 10033 16187 16187 2689
7740 4537 1110 8712 11953 3171 16187 926 8719 4776 2563 16187 16187 16187 16187 16187
6011 11465 16187 16187 16187 16187 16187 16187 16187 16187 16187 16187 16187 16187 16187 16187
6011 14470 7742 6166 14272 11921 137 4311 16187 983 16187 9431 16187 7740 2296 16187
6011 11465 16187 16187 831 3177 4776 13839 14776 10355 16187 16187 16187 16187 2997 3177
12604 9257 9511 12128 926 14237 7926 8710 10602 16187 16187 16187 16187 16187 16187 16187
3842 1957 14180 1737 16187 16187 8268 14397 926 16187 926 16187 926 16187 3192 16187
7926 13216 10918 2858 4776 2814 16187 4776 1736 4931 6259 817 16187 16187 12349 16187
7740 8154 3171 10710 9618 16187 16187 16187 16187 16187 16187 16187 16187 16187 16187 16187
7740 8154 15715 3171 1957 14589 15202 8726 6011 11553 4776 3984 16187 8466 16187 9577
7740 8154 3171 10710 9618 16187 12650 16187 12650 16187 12757 16187 15096 16187 308 16187
8712 5867 1378 10887 114 11889 9170 6266 4931 1229 926 1955 4624 14776 5936 16187
3842 1957 14180 1737 16187 16187 9339 926 16187 6297 16187 926 16187 16187 16187 16187
8712 5867 1378 3177 4776 564 6801 7740 684 8719 4776 2588 3531 16187 16187 16187
12008 14470 8467 8871 12008 2006 5463 926 8710 6535 630 6259 1793 16187 16187 16187
12008 8726 6011 11031 11711 3171 10033 1329 6011 11031 6606 4776 10709 16187 12233 4776
12008 8726 6011 11031 11711 3171 10033 1329 6011 11031 16187 4311 12233 9085 16187 926
6173 16187 16187 16187 16187 16187 16187 16187 16187 16187 16187 16187 16187 16187 16187 16187
6173 16187 7742 10471 16187 926 1919 6259 5820 1378 16187 16187 16187 16187 16187 6535
6173 16187 12260 11553 12766 14069 16187 14029 4776 5286 3177 4776 926 16187 926 16187
926 1138 14031 5711 4776 3137 11401 16187 16187 16187 16187 16187 16187 16187 16187 16187
3842 3171 2856 11889 4776 12012 16187 3364 926 8268 12233 11553 12233 3286 16187 16187
926 16187 11916 16187 4776 14596 3177 4776 15731 16187 926 926 926 16187 926 16187
10967 3171 2494 8268 12868 2903 13348 16187 16187 16187 16187 16187 16187 16187 16187 16187
9036 3171 2563 16187 12349 4776 4302 5463 7740 3364 2823 16187 16187 16187 8496 2974
2143 16187 926 10671 16187 4776 9431 1378 8710 8268 7742 926 16187 15202 16187 16187
12008 926 13126 779 3818 6259 12919 8268 16038 9618 8719 7345 16187 16187 16187 16187
3842 1957 14180 1737 16187 16187 9339 926 16187 6297 16187 926 16187 16187 16187 16187
12008 926 13126 779 3818 6259 12919 8268 16038 9618 8719 7345 16187 8719 16187 16187
1229 8197 7416 9484 6259 3984 16187 16187 16187 16187 16187 16187 16187 16187 16187 16187
9036 3171 2563 16187 12349 4776 12349 4776 2563 16187 926 16187 16187 16187 7740 926
1229 8197 7416 9484 6259 3984 16187 926 5937 14029 4776 14596 16187 16187 15819 16187
7740 9084 9754 5407 830 3171 2563 16187 16187 16187 16187 16187 16187 16187 16187 16187
7740 9084 9754 12003 8712 16187 630 2148 983 7740 9084 16187 15956 16187 16187 16187
7740 9084 2552 3171 2563 1955 6259 3984 12233 2552 3171 2563 16187 8270 16187 16187
15438 8268 7740 11839 7740 4931 15715 484 16187 16187 16187 16187 16187 16187 16187 16187
1955 7740 8592 4776 14596 4931 11300 16187 4269 12233 926 16187 16187 5297 16187 16187
1955 7740 8592 8268 3171 1378 8710 226 12233 3818 6259 8974 16187 5463 16187 16187
4776 5257 3177 12387 8719 926 8710 13519 14237 1098 16187 16187 16187 16187 16187 16187
3842 16187 16187 1737 8268 14180 8268 12349 7723 16187 16187 16187 16187 16187 16187 16187
4776 6161 3177 13176 5867 808 9070 12276 6161 16187 16187 16187 2563 16187 16187 2148
1138 7001 5711 8710 6259 3098 926 10033 2945 1378 12233 12782 13348 16187 16187 16187
1138 6011 458 2552 6259 4644 14029 4776 926 3177 6259 6944 10397 13348 5711 16187
1138 6011 458 2552 6259 11401 5711 16187 4311 10036 16187 16187 16187 2148 6011 16187
10250 10785 16187 16187 16187 16187 16187 16187 16187 16187 16187 16187 16187 16187 16187 16187
3842 1957 14180 1737 16187 16187 8268 14397 926 8268 15649 8710 4776 9290 16187 926
7926 7076 4776 10501 926 16187 16187 6535 8268 7740 5476 16187 6535 10355 16187 16187
14272 5867 8213 11953 3171 2563 8710 5463 7926 11789 2135 8712 3748 16187 16187 16187
3842 1957 14180 1737 16187 16187 9339 926 16187 6297 16187 926 16187 16187 16187 16187
8712 5867 6259 6692 9577 1919 9332 13298 16187 16187 926 16187 7742 16187 16187 16187
12716 7740 926 8712 771 12766 13122 8268 12990 6259 9450 10894 2148 16187 16187 16187
13570 8268 8712 13942 12233 2823 1378 3177 9743 7723 926 16187 16187 16105 16187 3177
12716 8268 7740 9429 4325 7069 6259 10355 950 12233 2451 14745 16187 16187 16187 16187
3171 8710 6259 10336 6161 10978 8268 14596 11953 6259 7087 9155 9385 16187 16187 16187
3842 3171 2856 11889 4776 12012 16187 3364 926 8268 12233 11553 12233 3286 16187 16187
3171 8710 6259 6070 715 10033 16187 14180 2451 2263 16058 16187 16187 16187 16187 16187
7542 4776 5033 8710 1175 8268 4776 14596 8710 3098 8268 4776 8521 4931 5822 16187
3842 3171 2856 11889 4776 12012 16187 3364 926 12233 5329 12233 9257 16187 8226 16187
3171 2563 8710 6259 593 6521 7178 3177 6120 8268 2204 13587 16187 16187 16187 16187
3171 8710 14180 7740 11553 12233 1436 830 5332 16187 16187 16187 16187 16187 16187 16187
3171 8710 9754 5937 8491 2053 7937 3177 9433 3994 6071 10033 16187 7931 16187 16187
3171 8710 14180 7740 11553 12233 1436 830 5332 16187 8185 926 16187 9442 8268 11778
1019 7926 9084 9754 8069 11553 14734 6801 3504 14029 16187 16187 16187 16187 16187 16187
1019 7926 9084 9754 8069 11553 14734 6801 3504 14029 16187 9431 16187 16187 9431 16187
1019 7926 8781 12353 5867 12135 3177 132 14237 10978 8258 8069 926 6173 16187 9332
8099 8268 926 8268 14237 11191 12260 10603 1486 12233 926 15165 14237 3553 16187 16187
3842 16187 16187 1737 8268 14180 8268 12349 16187 2588 16187 16187 16187 16187 16187 16187
4325 13839 4776 3257 13926 16187 926 16187 3257 8719 16187 16187 16187 16187 16187 9311
926 5867 5732 3177 4776 926 5033 926 14854 5463 926 4776 599 16187 16187 16187
3842 16187 16187 1737 8268 14180 8268 12349 4776 6499 16187 16187 926 16187 16187 926
926 5867 5732 3177 4776 926 5033 926 14854 5463 926 4776 599 16187 16187 16187
4776 14596 779 13084 2447 10801 14043 4472 16187 16187 16187 16187 16187 16187 16187 16187
4776 14596 779 13084 2447 10801 14043 4472 16187 14043 14180 13074 4776 8808 10801 16187
4776 14596 779 6070 15174 8268 6070 15174 5288 16187 926 1919 926 16187 16187 16187
8719 14180 14465 3177 4776 4302 3171 8710 10762 4189 16187 16187 16187 16187 16187 16187
3842 1957 14180 1737 16187 16187 9339 926 16187 6297 16187 16187 16187 16187 16187 8719
8719 14180 14465 3177 4776 4302 3171 8710 10762 4189 16187 16187 16187 7740 11553 16187
4776 10267 11436 3744 926 8719 4776 100 14776 14180 816 8710 5350 9056 16187 16187
4776 4267 8084 16187 4320 2903 203 3847 4776 14589 16187 8270 16187 12349 1919 16187
4776 5820 3048 12233 15300 4931 12233 2599 926 13348 16187 16187 16187 6535 10887 16187
4142 447 16187 16187 16187 16187 16187 16187 16187 16187 16187 16187 16187 16187 16187 16187
4142 447 16187 9563 830 4776 2563 6070 2002 16187 16187 1919 1885 4406 11656 1955
4142 447 16187 9563 830 4776 10418 16187 3177 4776 12835 16187 6535 16187 2563 16187
14069 8710 13084 13698 91 8268 14043 8069 6259 7708 14418 8268 15641 14043 9745 16187
3842 1957 14180 1737 16187 16187 9339 926 16187 6297 16187 16187 16187 16187 16187 8719
14069 8710 6259 5948 3177 926 4837 14745 8268 15978 3177 14734 926 6215 16187 16187
7740 2326 4531 3171 2563 16187 16187 16187 16187 16187 16187 16187 16187 16187 16187 16187
9036 3171 2563 16187 12495 12349 4776 4302 16187 16187 16187 1378 16187 14411 1919 16187
7740 2326 4531 3171 2563 16187 12606 1957 9431 16187 926 16187 9431 16187 1442 4776
5332 5463 8710 4776 5537 3177 10566 3192 12135 10051 16187 16187 16187 16187 16187 16187
3842 1957 14180 1737 16187 16187 8268 9487 9938 8268 15846 926 16187 816 16187 16187
6070 7742 10471 16187 7742 6259 5948 3177 16146 16187 16187 16187 926 16187 16187 16187
5329 14029 6259 7433 16187 16187 16187 16187 16187 16187 16187 16187 16187 16187 16187 16187
5329 447 16187 16187 12008 8712 5867 4537 16187 10566 3177 16187 8185 16187 16187 16187
5329 447 16187 16187 12008 7740 2296 2053 10503 8719 3171 10033 16187 16187 7740 9429
13084 14691 13348 16187 16187 16187 16187 16187 16187 16187 16187 16187 16187 16187 16187 16187
13084 14691 13348 16187 11553 12766 926 8719 4776 2563 16187 16187 1229 16187 16187 16187
13084 16187 3356 16187 14069 6011 11553 6259 9450 16187 2148 12233 926 16187 16187 16187
14237 8712 3847 1229 8719 1954 10401 14237 12606 4927 16187 16187 16187 16187 16187 16187
14237 8712 3847 1229 8719 1954 10401 16187 9577 16187 7336 926 1919 4776 926 16187
14237 8712 3847 1229 8719 1954 10401 14237 12606 4927 16187 12606 16187 16187 16187 2552
14272 2148 3364 7740 6166 830 8719 6259 10033 2598 16187 16187 16187 16187 16187 16187
14272 3847 9754 4189 6260 4152 16187 5329 16187 1793 16187 1957 14180 16187 16187 16187
14272 3847 5463 11553 12233 4552 1919 6011 2598 16187 16187 16187 2598 16187 16187 2598
6826 926 14776 6606 8719 4776 10583 4837 4776 12298 16187 16187 16187 16187 16187 16187
3842 1957 14180 1737 16187 16187 8268 14397 926 16187 926 16187 926 16187 3192 16187
6826 3177 4776 11331 9498 16074 2689 16187 16187 926 926 16187 16187 926 16187 16187
7740 4537 11763 15715 3171 2563 1919 12276 6215 13021 14237 4624 14180 4531 8712 16187
9036 3171 2563 16187 12349 4776 12349 4776 2563 16187 4776 926 16187 16187 926 16187
7740 4537 11763 15715 3171 2563 1919 12276 6215 13021 14237 4624 14180 4531 8712 16187
15208 4931 14778 3650 14237 10545 13587 14237 771 15819 10418 16187 16187 16187 16187 16187
3842 1957 14180 1737 16187 16187 8268 9487 9938 8268 15846 926 16187 6856 10967 926
1175 12013 13348 16187 4103 16187 15649 4776 9450 926 8710 16187 5084 3177 4776 10033
6826 3177 4776 2233 8710 9154 5427 16187 16187 16187 16187 16187 16187 16187 16187 16187
6826 3177 4776 15480 8710 3559 16187 4447 4836 2858 4776 643 16187 16187 16187 926
6826 3177 4776 2233 8710 9154 5427 16187 10967 4776 10442 16187 16187 16187 16153 16187
3171 8710 1954 176 3177 853 1378 5867 926 13348 13348 16187 16187 16187 16187 16187
3842 3171 2856 11889 4776 12012 16187 3364 926 8268 12233 11553 12233 3286 16187 16187
3171 8710 1378 3177 4776 564 1133 3177 926 16187 926 16187 926 16187 16187 16187
14237 4776 14109 12232 5329 7347 9808 8726 8712 4931 11061 16187 16187 16187 16187 16187
3842 3171 16187 11889 1138 926 926 5711 16187 1138 926 5711 16187 16187 16187 2326
14237 4776 2296 12256 926 926 14005 6259 5801 3177 13021 1955 926 10763 16187 926
6173 8268 12008 12654 5463 14180 4776 5 12893 14776 13134 14237 5115 3098 10836 16187
3842 3171 16187 9264 16187 10770 16187 10033 2837 13616 16187 16187 14237 2689 16187 1378
6173 8268 12008 12654 5463 14180 4776 5 12893 14776 13134 14237 5115 3098 10836 16187
315 1138 643 8710 11889 5463 5711 16187 16187 16187 16187 16187 16187 16187 16187 16187
9036 3171 2563 16187 12349 4776 12349 4776 2563 16187 4409 1957 926 16187 926 16187
9484 9484 14272 5208 7740 1436 12818 5463 1799 4969 3847 8712 10036 16187 926 16187
4325 4552 14237 926 9612 145 8913 4776 10397 1778 4312 16187 16187 16187 16187 16187
4325 4552 9754 15956 15662 4325 4552 3171 8268 8712 8710 10716 8719 15597 584 16187
4325 4552 14237 7926 5867 52 1094 1919 342 926 16187 16187 16187 16187 16187 16187
8719 4776 9790 3384 926 13023 11789 926 1378 1453 12233 4776 12974 926 16187 16187
3842 1957 14180 1737 16187 16187 8268 9487 9938 3177 15846 926 16187 16187 16187 16187
8719 4776 9790 3384 926 7740 9884 8084 8466 16187 16187 5332 14043 8084 16187 16187
4776 4477 14237 926 926 1865 4776 9790 8157 3177 8808 14237 15840 12825 2819 16187
3842 1957 14180 1737 16187 16187 8268 14397 926 16187 926 16187 926 16187 3192 16187
4776 13839 8710 10355 926 13992 6259 10894 3177 9321 12233 4776 2943 926 16187 6259
8712 8710 926 16187 16187 16187 16187 16187 16187 16187 16187 16187 16187 16187 16187 16187
8712 8710 5329 4776 12233 1207 16187 16187 16187 10586 3177 13876 16187 6071 16187 16187
8712 8710 926 16187 15658 12260 2823 926 16187 16187 16187 16187 16187 14241 16187 14237
7740 4142 12814 5463 8726 6011 6635 926 8268 6011 15846 1110 926 8715 16187 16187
9036 3171 2563 16187 12349 4776 12349 4776 2563 16187 4409 16187 926 16187 926 16187
7740 4142 12814 5463 8726 6011 6635 926 8268 6011 15846 1110 926 8715 16187 16187
15597 10739 8710 926 2837 6259 13250 1330 14029 6259 6606 9385 16187 16187 16187 16187
3842 16187 16187 1737 8268 14180 8268 12349 4776 6499 16187 16187 926 16187 16187 926
4776 12835 14776 7742 926 14237 4512 4618 16187 4537 926 16187 16187 926 16187 16187
12300 12233 2552 8712 10036 13348 16187 16187 16187 16187 16187 16187 16187 16187 16187 16187
3842 1957 14180 1737 16187 16187 8268 9487 9938 15846 5174 8719 16187 6683 16187 16187
6011 15846 2823 3745 2758 16187 5225 16187 16187 16187 2296 926 16187 16187 16187 16187
14237 5533 926 2598 16187 16187 16187 16187 16187 16187 16187 16187 16187 16187 16187 16187
14237 9139 3847 8712 9786 3748 16187 16187 16187 8268 4325 11031 12349 16187 926 16187
14237 5533 926 2598 16187 2598 16187 9059 926 16187 9715 926 16187 3748 16187 16187
14272 6259 3984 12233 10610 6259 2110 16187 16187 16187 16187 16187 16187 16187 16187 16187
14272 6259 3667 3177 983 13348 16187 11401 16187 11401 10036 16187 10036 16187 16187 16187
4776 2563 3847 9754 7566 13592 14029 4776 3384 16187 16187 6683 1229 16187 16187 16187
7740 973 15 11007 12233 8712 12467 16187 16187 16187 16187 16187 16187 16187 16187 16187
7740 973 15 11007 12233 8712 12467 16187 3137 12507 2837 926 16187 16187 16187 2296
7740 973 14631 5463 12127 2563 2847 12233 2823 8466 14029 2263 16058 16187 16187 16187
1955 4808 2837 4776 3384 3177 14745 2950 8913 4776 15392 9119 16187 16187 16187 16187
3842 1957 14180 1737 16187 16187 9339 926 16187 6297 16187 926 16187 16187 16187 16187
14734 8808 14827 4776 8139 7556 5942 8268 14237 15040 49 8719 16187 16187 16187 10217
4776 3527 926 4931 9230 14237 926 16187 16187 16187 16187 16187 16187 16187 16187 16187
4776 5568 3942 2598 16187 2373 4931 1229 5627 9431 10355 2598 16187 13879 5462 684
4776 14596 16185 8268 14237 4776 926 8710 2148 15048 16187 16187 1110 16187 16187 16187
4776 15180 1919 926 926 5867 926 6978 926 14776 1597 16187 16187 16187 16187 16187
4776 4267 8084 16187 4320 2903 203 3847 4776 14589 16187 926 16187 16187 16187 12349
4776 8199 2432 8710 4776 564 7740 11553 8466 13348 16187 13348 16187 14426 3177 4776
7740 4931 2758 2837 203 10355 926 926 4931 16187 16187 16187 16187 16187 16187 16187
7740 4931 6391 6826 16187 7661 13811 14237 14069 4931 8719 6259 926 16187 16187 16187
7740 4931 2758 2837 203 10355 926 926 4931 16187 16187 8719 16187 16187 16187 16187
926 8710 14411 16187 16187 16187 16187 16187 16187 16187 16187 16187 16187 16187 16187 16187
3842 8712 16187 63 16187 8268 8712 4931 4776 926 16187 817 16187 2768 12233 10603
926 8710 15848 16187 16187 926 8268 8719 4776 1419 16187 14776 16187 16187 16187 16187
12716 8268 3171 476 8383 13057 8268 5831 3766 10967 4776 7991 6161 16187 16187 16187
3842 1957 14180 1737 16187 16187 9339 926 16187 6297 16187 16187 16187 16187 16187 8719
12716 8268 3171 476 8383 13057 8268 5831 3766 10967 4776 7991 6161 16187 16187 16187
8712 8710 4776 12135 14933 14237 14069 8710 10915 14691 1957 4776 8185 16187 16187 16187
3842 1957 14180 1737 16187 16187 8268 9487 9938 8268 15846 926 16187 6856 10967 926
8712 8710 14180 6070 6695 14237 926 16187 926 16187 16187 16187 9290 16187 10259 16187
3171 2563 8710 1378 3177 9743 8185 5463 8710 1229 8569 8712 5867 8569 16187 16187
3842 1957 14180 1737 16187 16187 8268 9487 9938 8268 15846 926 16187 6856 10967 926
3171 8710 1378 3177 4776 564 1133 5463 7740 11553 8084 8466 16187 929 16187 5332
2239 926 5104 6259 9780 4927 3177 643 14237 2327 12233 12727 15597 16058 10326 16187
3842 1957 14180 1737 16187 16187 8268 9487 9938 3177 15846 926 16187 16187 16187 16187
4624 2552 4776 9790 570 9385 12008 1919 6259 9780 13429 16187 14237 4776 2285 13429
7740 2308 3171 2563 12233 2823 6070 12606 16187 16187 16187 16187 16187 16187 16187 16187
9036 3171 2563 16187 12349 4776 4302 5463 7740 9429 4969 6297 4531 16187 16187 16187
7740 2308 3171 2563 12233 2823 6070 12606 16187 16105 8719 6259 4927 16187 16187 16187
4317 830 5332 8268 4776 270 926 14272 13942 6259 10710 2458 16187 16187 16187 16187
3842 1957 14180 1737 16187 16187 8268 9487 9938 8268 15846 926 16187 6856 10967 926
830 15202 8268 7740 188 12233 2552 15389 2002 16187 8719 5946 16187 6259 926 16187
8712 5867 12431 926 2823 14734 564 2563 1229 14221 16187 16187 16187 16187 16187 16187
8712 5867 5329 3554 12233 2823 6259 10024 2563 16187 16187 16187 16187 16187 16187 16187
8712 5867 9780 16187 16187 2689 512 4776 2326 926 16187 16187 3194 2858 16187 983
7740 8667 2903 8719 12276 467 6259 2765 12291 16187 16187 16187 16187 16187 16187 16187
7740 1951 5329 6070 3559 1919 4776 4949 14596 3177 926 926 16187 8290 6152 16187
7740 1951 5040 830 926 16187 8710 16187 830 16187 91 16187 16187 16187 16187 16187
1229 12650 15525 12683 7796 5183 16187 16187 16187 16187 16187 16187 16187 16187 16187 16187
1229 16187 16187 10957 4776 2563 16187 16187 9575 16187 8069 8719 4776 308 16187 16187
1229 12650 15525 12683 7796 5183 16187 14237 7829 16187 14237 1919 16187 14426 926 926
926 14237 2977 926 2687 4776 1750 1094 4776 4832 16187 16187 16187 16187 16187 16187
3842 3171 2856 11889 4776 12012 16187 7981 8268 12008 13474 12232 10272 12233 2823 16187
926 14237 2977 926 2687 4776 1750 1094 4776 4832 16187 13216 16187 49 14237 2837
4624 1381 14029 1954 4069 926 5463 13216 6231 223 16187 16187 16187 16187 16187 16187
4624 14776 9754 91 12233 15105 8268 4624 14776 91 12233 1654 14237 14581 16187 926
4624 11031 10471 16187 6070 926 14237 5084 8719 4776 10033 16187 16187 16187 1344 12606
4325 8093 8069 9605 12233 7925 16187 16187 16187 16187 16187 16187 16187 16187 16187 16187
4325 8093 7388 4240 5542 16187 16187 16187 4537 10967 10953 13348 16187 16187 16187 16187
4325 808 2904 14272 8712 8710 11889 12233 2823 6259 653 10036 16187 16187 16187 16187
12883 11453 926 10298 8368 12233 926 10967 1885 11180 926 14180 9743 8712 503 16187
3842 1957 14180 1737 16187 16187 9339 926 16187 6297 16187 926 16187 16187 16187 16187
7926 7076 6259 15126 12008 8710 8719 7188 3177 4776 1676 16187 16187 5297 16187 16187
8712 6280 7165 3220 2903 8719 4776 1405 4152 16187 16187 16187 16187 16187 16187 16187
8712 5867 12766 6259 6689 8268 12008 4776 14596 8710 2429 4776 9790 16187 16187 16187
8712 5867 1344 3398 16187 16187 5332 13474 11553 8719 4776 983 3177 6259 2222 5867
13937 14069 8268 12576 8268 7926 926 16187 16187 16187 16187 16187 16187 16187 16187 16187
3842 1957 14180 1737 16187 16187 9339 926 16187 6297 16187 926 16187 16187 16187 16187
13474 3873 16187 12233 14734 12233 14734 15781 8268 4776 5358 1885 1019 926 2598 16187
8093 8268 830 6259 63 8268 4552 6011 10503 8719 3171 926 3384 1957 14180 16187
3842 1957 14180 1737 16187 16187 9339 926 16187 6297 16187 8440 14237 16187 16187 16187
7742 8268 7926 8577 12233 4585 6259 10983 16187 11889 6259 830 16187 16187 16187 16187
926 2446 5388 14734 6140 13726 8719 4776 12894 15526 16187 16187 16187 16187 16187 16187
3842 1957 14180 1737 16187 16187 8268 9487 9938 3177 15846 926 16187 14108 16187 7001
926 2446 5388 14734 6140 13726 8719 4776 12894 15526 16187 6259 926 16187 10033 16187
1378 5046 12350 2148 6259 5948 2148 10967 3774 926 16187 16187 16187 16187 16187 16187
1378 2148 9424 7740 6635 9498 4776 12835 16187 926 1919 4776 926 16187 16187 16187
1378 9424 5463 7740 1110 11953 15041 1290 5867 8185 8710 15597 11434 3177 12835 16187
926 4451 4931 6259 9684 12576 16187 16187 16187 16187 16187 16187 16187 16187 16187 16187
3842 3171 2856 11889 4776 12012 16187 3364 926 12233 6276 5711 16187 16187 16187 16187
926 4931 926 16187 8719 4776 2563 12233 7812 1885 643 16187 16187 926 12233 16187
4971 13084 8268 14775 926 10967 983 12233 983 16187 16187 16187 16187 16187 16187 16187
3842 1957 14180 1737 16187 16187 8268 14397 926 16187 926 1955 6259 10033 16187 16187
2552 8712 1919 13852 6011 1110 16187 8185 16187 14043 2148 16187 512 4537 16187 16187
4776 14921 9498 4927 12495 8313 12233 15597 9059 16187 16187 16187 16187 16187 16187 16187
4776 16146 9424 7740 4931 926 12233 4931 8268 6748 8268 5375 198 16187 16187 16187
4776 8199 2432 8710 4776 564 7740 11553 8466 13348 16187 16187 16187 16187 13348 16187
3171 8710 6259 6070 10088 10033 8268 15649 2571 2263 12573 1955 12099 1614 16187 16187
3842 3171 2856 11889 4776 12012 16187 3364 926 8268 12233 11553 12233 3286 16187 16187
3171 8710 6259 6070 10355 14237 10336 10033 16187 9736 16187 4421 926 16187 926 16187
4776 3384 1919 4776 8710 11953 1955 6585 1955 926 15881 12233 4473 15416 16187 16187
3842 1957 14180 1737 16187 16187 8268 14397 926 16187 926 16187 926 16187 3192 16187
4776 564 950 8719 3171 2563 8710 10375 4776 926 16187 16187 926 16187 16187 926
14069 8710 2326 630 12233 11889 8719 3171 10033 16187 16187 16187 16187 16187 16187 16187
14069 8710 14691 5545 6390 8719 4776 10033 1957 14180 16187 16187 2148 16187 4994 16187
14069 8710 2326 630 12233 11889 8719 3171 10033 16187 16187 8719 16187 16187 16187 8719
4776 4707 8268 4776 7095 8268 6011 15956 816 4609 13089 7926 8710 5823 16187 16187
4776 8569 4776 4924 4440 16187 8913 16187 9332 16187 16187 9332 16187 16187 7742 2296
4776 8199 2432 8710 4776 564 7740 11553 8466 13348 16187 13348 16187 14426 3177 12276
10619 14139 9484 7740 15438 1951 2599 8913 1344 6259 10894 2837 3171 10033 16187 16187
14139 15525 3177 9484 9574 7156 16113 1482 12233 1482 16187 16187 16187 16187 14397 7740
10619 9484 7740 2006 13832 1378 3177 4776 11247 2563 5867 11998 10671 16187 16187 926
2446 8268 12852 5999 8719 12233 6276 926 13554 14237 1453 5407 3177 1885 8503 16187
3842 1957 14180 1737 16187 16187 9339 926 16187 6297 16187 926 16187 16187 16187 16187
13474 3873 16187 12233 14734 12233 14734 15781 8268 4776 926 926 4776 926 4931 16187
8712 5867 12958 5463 15452 15525 3177 13501 10299 5022 16187 16187 16187 16187 16187 16187
8712 5867 13084 14219 512 3278 16187 16187 91 16187 5297 12606 16187 16187 10887 1583
8712 5867 1378 3177 9743 1038 4315 1133 5463 15846 7975 1919 6011 830 1273 16187
14272 5208 7740 1436 16187 16187 16187 16187 16187 16187 16187 16187 16187 16187 16187 16187
14272 5208 7740 1436 2598 16187 8268 9084 16187 8270 11953 2598 16187 14599 2598 16187
14272 5208 7740 1436 16187 2598 16187 16187 2598 16187 2598 16187 16187 2598 16187 16187
5678 1853 7740 4552 9754 2326 5407 630 11953 14734 4189 16187 16187 16187 16187 16187
3842 1957 14180 1737 16187 16187 9339 926 16187 6297 16187 926 16187 16187 16187 16187
5713 14776 8974 3766 3177 4776 8455 14112 8268 1955 4776 10033 10781 13348 16187 16187
4624 13637 6259 5948 3177 11798 12351 4523 8268 12495 16187 16187 16187 16187 16187 16187
4624 14776 9754 91 12233 15105 8268 4624 14776 91 12233 1654 14237 14581 16187 926
4624 1110 6011 16187 14237 926 16187 10918 14237 926 16187 16187 16187 16187 16187 16187
6390 216 8710 9122 1919 10571 9961 6120 16187 16187 16187 16187 16187 16187 16187 16187
9036 3171 2563 16187 12349 4776 12349 4776 2563 16187 4409 16187 926 926 16187 926
7740 1110 2167 12491 8268 12008 3171 4931 4537 2689 1957 6826 8506 16187 16187 16187
8712 8710 3171 3826 5463 3112 1138 10691 10785 4776 12529 12455 5711 15147 16187 16187
8712 8710 14691 3765 512 15691 13021 16187 16187 16187 12349 4776 9887 16187 12349 4776
8712 8710 6259 6535 13929 2563 12233 2823 13631 6259 9155 2563 16187 16187 16187 16187
6259 15624 13792 10033 5463 4931 12495 10399 12233 188 12233 14192 16187 16187 16187 16187
3842 1957 14180 1737 16187 16187 8268 9487 9938 8268 15846 926 16187 6856 10967 926
6259 5948 3177 6215 779 6422 6041 4776 926 16105 2263 297 8719 4776 926 16187
2780 926 926 16187 16187 16187 16187 16187 16187 16187 16187 16187 16187 16187 16187 16187
3842 1957 14180 1737 16187 16187 8268 14397 926 16187 926 16187 926 16187 3192 16187
7926 7076 6259 926 3827 926 10921 9941 14237 926 16187 926 16187 16187 16187 16187
7740 1110 5463 16187 16187 16187 16187 16187 16187 16187 16187 16187 16187 16187 16187 16187
7740 6326 10219 14237 14043 11133 5713 15493 4189 3177 14766 8719 16176 16187 16187 16187
7740 1110 5463 16187 14180 7740 4189 16187 926 16187 16187 11889 16187 16187 16187 16187
7926 929 882 4776 9784 14237 6179 14734 13501 16187 16187 16187 16187 16187 16187 16187
3842 8712 16187 63 2365 10501 8268 4776 2563 16187 4776 926 16187 16187 5388 16187
7926 929 882 4776 9784 14237 6179 14734 13501 16187 926 8719 4776 16187 16187 16187
4776 10418 8710 8124 8268 926 926 2148 10801 16187 16187 16187 16187 16187 16187 16187
4776 10418 8710 1482 12008 7542 9196 16187 6535 16187 6535 630 16187 9332 830 4776
4776 10418 8710 8124 8268 926 926 2148 10801 16187 4098 6259 10033 16187 16187 16187
1138 926 3994 15525 5711 8710 6297 6259 8270 14237 926 5562 926 16187 16187 16187
3842 3171 2856 11889 4776 12012 16187 3364 926 12233 6276 5711 16187 16187 16187 16187
1138 926 5711 8710 6070 6987 13348 16187 13348 16187 4320 16187 13348 16187 12441 926
926 16187 16187 16187 16187 16187 16187 16187 16187 16187 16187 16187 16187 16187 16187 16187
3842 3171 2856 11889 4776 12012 16187 3364 926 8268 12233 11553 12233 3286 16187 16187
926 16187 6988 6585 8069 1919 926 926 16187 5200 16187 5314 16187 16187 16187 2296
12008 926 13555 8710 1750 6259 5948 3177 12958 11711 3748 13651 830 4776 926 16187
3842 1957 14180 1737 16187 16187 8268 14397 926 16187 926 14237 13081 1955 6259 926
12008 926 13555 8710 1750 6259 5948 3177 12958 11711 3748 13651 830 4776 926 16187
4776 2588 1873 1019 4776 926 6173 8144 4776 10033 816 2858 9484 9484 6659 16187
4776 4267 8084 16187 4320 2903 203 3847 4776 14589 16187 8712 16187 16187 16187 16187
4776 2588 1873 1019 4776 926 6173 8144 4776 10033 816 2858 9484 9484 6659 16187
8710 5463 10915 7805 2598 16187 16187 16187 16187 16187 16187 16187 16187 16187 16187 16187
8710 5463 10915 7805 2598 16187 926 2598 16187 16187 6306 16187 8719 16187 2598 16187
8710 5463 10915 7805 2598 16187 16187 12529 2598 16187 16187 3356 16187 16187 16187 8719
6259 9290 15658 9084 14272 7926 9084 14237 8719 1213 6259 14426 983 2847 8270 16187
3842 3171 2856 11889 4776 12012 16187 3364 926 12233 11553 12233 16187 16187 16187 16187
6259 12260 2552 830 14180 10671 3177 4776 10983 16187 14237 926 16187 16187 16187 16187
7740 4552 9754 15956 8268 12008 4624 4552 16187 16187 16187 16187 16187 16187 16187 16187
7740 4552 9754 16187 816 16187 4776 4927 16187 14237 926 926 16187 16187 5153 8719
7740 4552 16187 7742 16187 6011 16187 12008 2006 4776 7151 16187 16187 6931 16187 926
13474 4931 2326 1222 8268 14237 16105 14180 4776 100 12233 11889 926 14184 4882 16187
3842 1957 14180 1737 16187 16187 8268 15274 6259 11401 16187 16187 779 1941 16187 16187
8712 5867 4776 8391 12233 203 4776 9577 779 12209 16187 4589 2681 16187 13539 16187
7542 8268 3171 2563 4931 2326 10355 16187 16187 16187 16187 16187 16187 16187 16187 16187
9036 3171 2563 16187 12349 4776 4302 5463 7740 8680 16187 8158 7740 8197 8712 15525
7542 8268 3171 2563 12892 2904 1954 12606 8268 10434 8268 6304 16187 3257 16187 926
11531 6006 8268 4812 8719 926 926 2837 6356 926 16187 16187 16187 16187 16187 16187
3842 1957 14180 1737 16187 16187 9339 926 16187 6297 16187 16187 16187 16187 16187 4990
2446 4776 9131 16187 6093 830 4776 2601 16187 7336 15090 1919 4776 626 16187 16187
7926 5867 13084 13122 4537 6259 9708 16187 16187 16187 16187 16187 16187 16187 16187 16187
7926 5867 5329 11516 5463 5867 830 13616 16187 16187 9511 16187 16187 16187 10566 16187
7926 5867 10355 11953 16187 5095 14237 14734 8808 9498 16187 926 16187 16187 16187 16187
4776 7310 284 14776 4032 8712 1093 16187 16187 16187 16187 16187 16187 16187 16187 16187
4776 4267 8084 16187 4320 2903 4931 4776 2563 16187 16187 16187 3098 16187 16187 16187
4776 7310 284 14776 6535 10355 830 4776 983 8712 4931 16105 16187 16187 16187 16187
15828 5867 926 7909 8710 5297 14483 4867 14734 926 4792 16187 16187 16187 16187 16187
3842 1957 14180 1737 16187 16187 8268 9487 9938 3177 15846 926 16187 16187 16187 16187
1378 11071 8268 2689 5820 643 3766 8268 14237 4987 3211 12233 16142 16187 16187 16187
12233 1110 14745 8268 926 16187 16187 16187 16187 16187 16187 16187 16187 16187 16187 16187
3842 16187 16187 1737 8268 14180 3653 12349 16187 1954 926 16187 16187 16187 16187 16187
4325 11031 14180 11788 14237 10401 16187 6070 12690 16187 16187 16187 8719 11953 16187 16187
1799 926 14237 13529 13940 8197 15597 5286 10762 6499 16187 16187 16187 16187 16187 16187
3842 16187 16187 1737 8268 14180 8268 12349 16187 2588 16187 14591 16187 2563 16187 16187
926 1133 547 16187 630 3177 4776 926 16187 16187 16187 830 16187 10501 16187 16187
8002 5530 16187 16187 16187 16187 16187 16187 16187 16187 16187 16187 16187 16187 16187 16187
3842 1957 14180 1737 16187 16187 8268 9487 9938 8268 15846 926 16187 816 16187 16187
13474 6837 1954 16139 9534 16187 1229 8268 8719 4776 10033 16187 16187 12495 16187 16187
12008 8268 4776 2563 6179 10781 1229 1329 5463 2689 8710 5329 6259 926 14620 16187
12008 8268 4776 2563 6179 10781 1229 1329 5463 2689 8710 5329 6259 926 14620 16187
12008 8268 6259 12007 2598 16187 2598 16187 16187 926 16187 13501 16187 8719 14734 2563
13077 8712 15525 8726 6011 14776 2858 4772 6071 16187 16187 16187 16187 16187 16187 16187
5329 447 16187 16187 12008 8712 4537 2446 13348 16187 16187 2097 16187 9813 3177 16146
6011 15956 5713 8404 14776 8719 5074 14237 6280 9591 4325 15956 8712 12495 16187 16187
7740 8197 3171 2563 13341 7970 15525 3177 9484 16187 16187 16187 16187 16187 16187 16187
9036 3171 2563 16187 12349 4776 12349 4776 2563 16187 4409 16187 926 926 16187 9450
7740 8197 3171 2563 9484 15525 3177 9484 16187 16187 926 16187 6297 16187 7970 16187
2945 1378 3177 4776 564 4756 3177 3171 3531 8268 8726 5329 8084 16187 16187 16187
3842 1957 14180 1737 16187 16187 8268 9487 9938 8268 15846 926 16187 816 1378 16187
2945 1378 3177 4776 564 4756 3177 3171 3531 8268 8726 5329 8084 16187 16187 16187
1449 10967 5463 8268 7740 15438 3644 9754 2326 8154 3171 2563 16187 16187 16187 16187
8726 5463 5867 5329 8569 9591 8268 1885 13046 926 1885 2148 512 1885 9059 16187
8680 8268 7740 2308 3171 2563 12233 2823 1344 13181 14237 11553 4409 8712 926 16187
8712 8710 5453 5463 4776 176 9084 5329 12782 14029 16187 16187 16187 16187 16187 16187
8712 8710 10518 12233 2823 1954 16150 9625 2563 16187 1378 16187 15096 16187 16187 16187
8712 8710 14180 5463 14237 2148 16187 512 7740 9004 11889 4931 6535 926 16187 16187
7740 973 5329 13616 203 9455 4409 3171 2563 12349 6259 6363 16187 16187 16187 16187
7740 973 5329 13616 13474 779 13592 16146 954 12233 2451 16187 16187 8719 4776 983
7740 973 14631 5463 12127 2563 2847 12233 2823 8466 14029 2263 16058 16187 16187 16187
4537 14272 4776 6286 4931 4776 10033 10518 12233 2823 2598 16187 16187 16187 16187 16187
7594 2563 16187 15874 16187 2148 3177 12276 16058 2053 12507 3994 16187 16187 10671 16187
4537 5272 12233 8733 6259 926 4240 15715 8712 16187 8081 8268 14237 4776 926 16187
7740 9429 6011 16063 8712 12233 5430 12233 15956 14272 13216 2858 5937 11180 16187 16187
7740 9884 8093 12766 1229 2599 8913 8719 12276 643 16187 16187 1229 1229 5332 16187
7740 9429 7740 4537 9084 16187 2552 4312 1919 5463 12276 4269 12233 926 16187 16187
8712 5867 6259 9264 7314 8268 14237 1954 1175 10164 12233 7345 5867 113 2974 16187
8712 5867 13084 9640 4776 9290 5867 1954 13628 16187 1957 14180 16187 16187 16187 926
8712 5867 6259 15655 3177 817 3701 8081 16187 2563 8268 4776 926 16187 16187 2689
8712 3847 9754 2326 5946 14237 3847 9754 2326 12298 16187 16187 16187 16187 16187 16187
8712 3847 9754 11870 1157 12233 4776 12835 14043 4152 14043 14596 16187 11261 16187 16187
8712 3847 16187 8781 16187 830 1885 16187 16187 926 3177 4776 10033 16187 926 16187
10967 8712 5867 4302 7589 8268 12233 8712 5867 5332 8230 6223 10918 547 1212 16187
3842 1957 14180 1737 16187 16187 8268 14397 926 8268 14237 926 16187 926 16187 16187
8726 8712 4931 10471 8719 15597 16058 9422 16187 1019 12825 12291 16187 9084 16187 16187
14237 2326 8268 14272 2148 5208 6011 6166 2598 16187 16187 16187 16187 16187 16187 16187
14237 5329 8069 926 16187 8456 16187 16187 7740 11839 11953 3171 2563 16187 3098 16187
14237 8712 14180 7164 1229 7742 16187 308 16187 16187 16187 16187 16187 16187 16187 16187
14272 6259 6181 13348 16187 16187 16187 16187 16187 16187 16187 16187 16187 16187 16187 16187
14272 6259 3667 3177 983 13348 16187 11401 16187 11401 10036 14237 6011 5208 16187 16187
14272 6259 3098 8344 13348 16187 16187 6011 11889 6011 7001 16187 2552 16187 16187 4311
9388 8710 6259 599 5463 779 3251 1597 1098 12303 16187 16187 16187 16187 16187 16187
3842 1957 14180 1737 16187 16187 8268 9487 9938 8268 15846 926 16187 6856 10967 926
6259 3011 14217 8710 2308 14483 926 8719 4776 13546 10397 16187 5036 16187 16187 16187
926 6173 9113 6259 1948 657 16187 16187 16187 16187 16187 16187 16187 16187 16187 16187
926 16187 13250 16187 15956 16187 643 10967 4776 926 3177 16187 16187 16187 16187 16187
926 16187 11916 16187 4776 14596 3177 4776 15731 16187 926 926 926 16187 926 16187
8719 12276 3109 2502 9714 9665 14237 6673 1605 12401 14131 4404 16187 16187 16187 16187
3842 1957 14180 1737 16187 16187 8268 9487 9938 8268 13216 16187 817 16187 16187 16187
830 6259 9431 7346 8268 7926 14043 3298 926 14164 1955 6259 926 16187 9290 16187
14069 14776 12825 15217 7740 10603 11085 8719 3171 14251 16187 16187 16187 16187 16187 16187
3842 1957 14180 1737 16187 16187 9339 926 16187 6297 16187 8440 14237 16187 16187 16187
14069 14776 10217 703 7740 2308 1238 14237 795 8719 3171 10033 16187 2326 16187 16187
7740 12449 12233 2526 6550 4776 12529 4924 16187 16187 16187 16187 16187 16187 16187 16187
7740 9084 9754 10603 4776 2563 6231 12606 16187 16187 12606 16105 16187 10372 703 11953
7740 11530 4776 315 6423 3171 10033 16187 2326 16187 16187 16187 16187 16187 8719 4776
7740 15846 8268 12716 8268 926 4776 5858 567 8719 4776 10033 5867 5562 16187 16187
9036 3171 2563 16187 12349 4776 12349 4776 2563 16187 4409 16187 926 926 16187 9450
7740 1110 13089 8081 5388 14776 2689 13348 16187 14237 4776 10418 4931 4537 12495 16187
15658 5867 926 14858 2598 16187 16187 16187 16187 16187 16187 16187 16187 16187 16187 16187
5329 1955 8569 1955 6826 820 1436 16187 8185 16187 14043 16187 16187 3908 16187 8719
13474 3873 16187 12233 14734 15781 1919 4776 10501 3177 4776 926 16187 16187 16187 16187
5463 8710 9591 8258 7740 9605 2053 3994 7740 8313 926 16187 16187 16187 16187 16187
3842 1957 14180 1737 16187 16187 8268 9487 9938 8268 15846 926 16187 6856 10967 926
8712 8710 1954 10950 5946 12233 6259 10728 16187 16187 16187 926 16187 16187 16187 16187
8719 16153 8268 2053 7607 14237 267 3994 8710 15389 6011 3543 3842 16187 16187 16187
3842 1957 14180 1737 16187 16187 9339 926 16187 6297 16187 926 16187 16187 16187 16187
8719 3511 8268 13474 1644 13797 12233 15466 5629 1885 14043 14734 9869 16187 7620 8719
4776 13094 4776 6 16187 16187 16187 16187 16187 16187 16187 16187 16187 16187 16187 16187
4776 4267 8084 16187 4320 16187 14005 4776 983 16187 8719 4776 2563 16187 6535 16187
4776 14596 4931 3098 8268 4776 132 14237 4776 10418 4931 10915 8213 13348 16187 16187
1954 9332 2719 471 15649 13464 3847 5329 5120 16187 16187 16187 16187 16187 16187 16187
3842 1957 14180 1737 16187 16187 8268 9487 9938 8268 15846 926 16187 6856 10967 926
6826 3098 5358 16187 9859 14237 8712 6683 3177 926 16187 5820 443 16187 16187 16187
14324 8268 1750 926 10967 12135 8710 4776 564 9424 830 1885 16187 16187 16187 16187
3842 1957 14180 1737 16187 16187 9339 926 16187 6297 16187 926 16187 16187 16187 16187
14324 8268 1750 926 10967 12135 8710 4776 564 9424 830 1885 16187 16187 1885 16187
4776 3384 1957 926 5867 10397 8710 8124 16187 16187 16187 16187 16187 16187 16187 16187
3842 1957 14180 1737 16187 16187 8268 14397 926 16187 926 16187 926 16187 3192 16187
4776 564 5656 1919 926 14237 6764 16187 2148 9332 16187 16187 2296 9332 16187 16187
6011 11553 13084 10400 8726 4776 2494 1019 11144 2598 16187 16187 16187 16187 16187 16187
6011 5208 5329 8733 6259 2563 13280 13907 1382 15389 3748 13348 16187 13083 12233 6215
6011 5208 14581 14734 9540 14237 15926 1543 8084 8710 2860 16187 16187 16187 7740 9429
