1138 12431 12233 9605 9070 1378 3177 9743 5711 16187 16187 16187 16187 16187 16187 16187
3842 11889 8712 5867 2023 6011 8913 12233 13931 6011 16187 16187 16187 7742 16187 16187
1138 8704 2225 4609 5711 4931 6259 3211 16187 16187 16187 3211 16187 16187 16187 7970
8258 926 9964 8268 9715 6995 5867 12805 779 12766 5462 132 10020 16187 16187 16187
3842 3171 2856 11889 4776 12012 16187 3364 3364 2823 6912 4338 16187 16187 16187 16187
926 8268 1138 926 926 5711 8710 6259 471 1919 6259 926 16187 16187 16187 926
7740 4552 9754 5099 11169 8712 6259 3984 16187 16187 16187 16187 16187 16187 16187 16187
7740 4552 9754 15956 15662 4776 9216 9498 8913 14029 3171 2563 16187 16187 16187 16187
7740 11530 8712 16187 8719 926 16187 4779 8268 8719 926 14237 8712 16187 16187 16187
8063 6620 645 14029 1885 8268 8152 1885 1932 14237 8993 7652 1885 6070 12105 16187
3842 1919 12127 926 3177 5937 1750 16187 8268 7740 9004 11889 926 16187 16187 16187
13474 8710 6188 2858 1885 9059 5867 5732 14237 4776 10033 3609 14069 16187 926 8712
4776 16146 3098 297 4931 5463 3177 926 926 16187 16187 16187 16187 16187 16187 16187
4776 16146 9424 7740 4931 926 12233 4931 8268 6748 8268 5375 198 16187 1229 16187
4776 16146 15611 10373 2858 6259 643 3177 13664 16187 16187 16187 91 16187 8719 3171
13922 13922 5693 8710 1378 16187 16187 16187 16187 16187 16187 16187 16187 16187 16187 16187
11499 8268 8712 4931 14219 8268 1640 1919 6535 8569 10418 16187 16187 14397 926 16187
1378 11071 8268 2689 5820 643 3766 8268 14237 4987 3211 12233 16142 16187 16187 16187
8712 968 2823 15174 8726 6011 5208 1453 13529 734 1919 6011 12495 16187 16187 16187
3842 16187 16187 1737 4776 6619 5627 16187 11498 830 4776 308 16187 16187 16187 16187
8712 5867 5329 8213 14237 8712 5867 5329 3047 16187 929 16187 1957 4776 9790 4927
14031 8268 8796 8268 1138 926 5711 8719 3994 14687 16187 16187 16187 16187 16187 16187
7740 4537 4552 9754 9605 8712 16187 10107 8719 12127 4927 16187 926 16187 16187 2296
7740 11530 8712 16187 8719 926 16187 4779 8268 8719 926 14237 8712 16187 16187 16187
7926 8710 926 926 12233 6276 8719 4776 1330 16187 16187 16187 16187 16187 16187 16187
3842 8712 11889 4776 12012 13348 16187 5447 4776 2563 16187 6259 6304 2858 12467 16187
7926 8710 926 926 12233 6276 8719 4776 1330 16187 8719 6259 4927 16187 643 16187
14180 12276 10185 14029 4776 15149 3177 1378 3366 16187 16187 16187 16187 16187 16187 16187
203 1597 12291 9498 9145 14237 15091 8389 8719 4776 10033 2598 16187 16187 16187 16187
14180 12276 6949 9498 16187 14635 3177 3171 10033 16187 16187 1919 16187 6535 16187 6535
926 8710 6259 13783 7937 8268 2543 8719 926 14237 926 16187 16187 16187 16187 16187
3842 1919 12127 926 3177 5937 1750 16187 12349 4311 7740 16187 13348 16187 3192 16187
926 8710 6259 2176 13501 14237 4776 926 926 14776 8213 9890 16187 926 16187 16187
926 14237 926 7001 15525 12233 8815 4776 4341 16187 16187 16187 16187 16187 16187 16187
926 16187 11916 16187 10336 14237 2608 16187 5820 14217 16187 9786 3748 16187 16187 16187
926 14237 926 5867 3098 132 8710 4776 7121 3177 3171 15827 2563 16187 16187 16187
6286 8268 7740 973 9528 5713 820 9498 7456 12233 5174 13740 4776 926 16187 16187
11499 8268 8712 9084 5329 16187 1407 9070 15978 3177 4776 9450 926 10709 16187 16187
7740 11530 8712 16187 8719 12276 8081 9290 8268 8712 5867 926 16187 3098 16187 16187
12128 11598 779 8093 12766 1229 10273 8268 5335 8084 1955 8569 16187 16187 16187 16187
3842 1919 12127 926 3177 5937 1750 16187 12349 4311 7740 16187 13348 16187 3192 16187
13474 8710 3011 8268 12247 14237 15430 16187 643 16187 16187 15096 16187 16187 16187 16187
10375 8710 926 14237 2254 12233 4330 9891 16187 16187 16187 16187 16187 16187 16187 16187
3842 1919 12127 926 3177 5937 1750 16187 12349 4311 7740 16187 13348 16187 3192 16187
1378 926 6253 12233 4320 4776 1926 2837 14803 14734 16058 5889 16187 16187 16187 16187
5780 779 4776 10822 3177 3155 4776 15769 16187 16187 16187 16187 16187 16187 16187 16187
3842 1919 12127 926 3177 5937 1750 16187 12349 4311 7740 16187 13348 16187 3192 16187
6259 14193 14029 10033 16187 16187 16187 5365 8268 14237 7740 9605 16187 7970 16187 16187
8268 14776 4776 12303 10967 2313 14043 6826 13501 6672 8719 13537 2598 16187 16187 16187
3842 1957 14180 1737 16187 16187 8268 14397 14237 926 16187 16187 16187 16187 16187 16187
14180 7740 5208 1436 8710 3171 4537 2552 8712 16187 8710 16187 16187 16187 16187 14237
12338 4421 926 8268 6259 15658 5867 926 8580 6259 8081 2457 14029 4776 926 16187
3842 11889 8712 5867 2023 6011 8913 12233 13931 6011 16187 10671 16187 16187 9577 16187
926 10497 3418 1430 926 13148 926 8268 7777 926 14237 2085 926 16187 16187 16187
8569 1111 8710 6259 1378 1450 8268 4 8958 8268 15624 3667 3177 983 16187 16187
3842 1957 14180 1737 16187 16187 8268 14397 14237 926 16187 16187 16187 16187 16187 16187
14180 7740 5208 1436 8710 3171 4537 2552 8712 16187 8710 16187 16187 16187 16187 16187
6259 926 779 10545 2903 14734 304 15995 10324 12920 5889 8774 16187 16187 16187 16187
3842 3171 2856 11889 4776 12012 16187 3364 3364 2823 6912 4338 16187 16187 16187 16187
6259 926 10894 8268 15174 16187 1955 10315 1919 8712 16187 16187 13348 16187 16187 16187
14294 3171 4931 6259 14901 3748 3177 4776 10033 8268 4776 2588 9475 16187 16187 16187
3842 3171 2856 11889 4776 12012 16187 3364 3364 2823 6912 4338 16187 16187 16187 16187
8719 3171 1378 4624 12467 14581 4624 15956 5713 12835 14237 5208 6300 12233 4312 16187
7740 4552 9754 9429 1229 7740 9429 7926 5867 6259 9313 14237 6692 8761 16187 16187
7740 4552 9754 15956 15662 4624 9084 16187 2326 5407 16187 16187 8185 16187 16187 16187
7740 11530 8712 16187 8719 12276 643 1919 926 16187 16187 16187 16187 16187 16187 16187
8712 4931 6259 10894 9625 8726 6011 6166 9070 16187 16187 16187 16187 16187 16187 16187
3842 8712 11889 4776 12012 13348 16187 5447 4776 2563 16187 15335 4776 7310 16187 14180
8712 4931 6259 3098 2563 8268 14237 4931 5329 4776 14589 10894 4853 16187 16187 10887
3098 5646 950 16187 16187 16187 16187 16187 16187 16187 16187 16187 16187 16187 16187 16187
3842 16187 16187 1737 8268 14180 8719 4776 5365 16187 14237 7970 16187 16187 14397 16187
3098 5646 950 16187 6259 2353 1919 3171 16187 926 16187 1750 12233 4776 12008 16187
3171 10240 8710 5462 5424 12233 7377 14237 10355 15768 16187 16187 16187 16187 16187 16187
3842 16187 16187 1737 8268 14180 8719 4776 5365 16187 14237 7970 16187 16187 14397 7970
3171 4931 1378 5646 14237 926 2353 16187 1750 926 16187 926 16187 926 16187 926
1957 14734 8148 3892 1778 12497 16187 16187 16187 16187 16187 16187 16187 16187 16187 16187
3842 1957 14180 1737 16187 16187 8268 14397 14237 926 16187 16187 16187 16187 16187 16187
1957 14734 2521 16187 16105 16187 1138 926 5711 3177 1138 926 5711 16187 1138 926
4776 16003 954 16187 16187 16187 16187 16187 16187 16187 16187 16187 16187 16187 16187 16187
4776 4267 8084 16187 12545 5629 4776 2563 16187 16187 2148 1957 16187 16187 16187 16187
4776 6499 14776 12256 16187 6140 10978 8268 15649 8710 4776 6070 14596 16187 16187 14397
5329 3746 9706 14272 7926 5867 12766 10324 8268 12008 6070 14218 16187 16187 16187 16187
3842 1957 14180 1737 16187 16187 9339 926 1957 12291 16187 8069 8719 6259 15096 16187
8726 6011 1110 926 8268 7001 12650 8712 16187 929 3171 2563 16187 1433 16187 3748
6826 3177 4776 564 4440 8719 3171 2296 12606 2563 10057 1778 15597 926 16187 16187
3842 1957 14180 1737 16187 16187 8268 14397 14237 926 16187 8069 2148 16187 16187 16187
4776 13811 14237 6006 14776 2446 9431 14263 16187 6070 4687 16187 5947 7610 16187 16187
4325 7185 1919 12825 10072 926 15658 926 10967 4776 5332 5875 6033 5738 16187 16187
3842 1919 12127 926 3177 5937 1750 16187 12349 4311 7740 16187 13348 16187 3192 16187
4325 2446 10603 6826 926 16187 6259 926 8719 3171 10033 16187 16187 16187 16187 16187
15285 926 8710 6259 4853 7937 3177 4189 16187 16187 16187 16187 16187 16187 16187 16187
3842 1919 12127 926 3177 5937 1750 16187 12349 4311 7740 16187 13348 16187 3192 16187
926 5867 10963 8710 926 10967 14734 13322 6489 16187 16187 16187 16187 926 16187 16187
4776 3942 1919 3171 8710 5463 4776 4152 14237 13811 14776 1229 9782 14237 10011 16187
3842 16187 16187 1737 8268 14180 8719 4776 5365 16187 6070 11162 16187 16187 16187 16187
4776 1754 3177 4776 10033 926 1094 8719 6929 14237 9780 12538 16187 11162 16187 16187
14272 4931 1515 10324 817 13529 5867 8456 13089 7926 9084 5463 2598 16187 16187 16187
14272 5867 14219 8710 8712 4931 14180 2326 926 1919 6826 14348 5807 16187 16187 16187
14272 5867 1229 7310 2598 16187 16187 100 4931 11889 16187 4302 16187 16187 16187 16187
9770 12625 8710 4776 3257 9605 4609 830 10083 13066 16187 16187 16187 16187 16187 16187
3842 1919 12127 926 3177 5937 1750 16187 12349 4311 7740 16187 13348 16187 3192 16187
1378 11071 8268 2689 5820 643 3766 8268 14237 4987 3211 12233 16142 16187 16187 16187
4776 2563 779 10217 630 14491 14412 4776 653 13926 14237 4776 5358 16187 16187 16187
3842 1957 14180 1737 16187 16187 8268 14397 14237 926 6259 2024 2563 16187 7310 16187
4776 2563 779 10217 630 14491 14412 4776 653 13926 14237 4776 5358 16187 8846 16187
1955 7740 8592 9404 8268 7740 1951 1229 15984 5463 13474 5867 8858 16187 16187 16187
11499 8268 8712 4931 14219 8268 1640 1919 6535 8569 10418 16187 16187 14397 926 16187
7740 11530 8712 16187 8719 926 8268 1229 7740 9084 1919 6011 16187 16187 16187 816
4776 2285 13839 8710 6259 2563 15480 14237 8710 3908 6259 2148 512 15819 15781 16187
4776 4267 8710 10501 9850 8268 2837 14221 16187 16187 16187 16187 16187 16187 16187 16187
4776 2601 2563 8710 6535 630 10545 14029 6341 926 16187 16187 16187 1954 12349 1955
10669 4552 13077 8712 15525 8726 6011 9605 4776 3984 16187 16187 16187 16187 16187 16187
5329 8569 16187 13089 13474 4931 2176 16187 15662 16187 1885 16187 16187 16187 16187 16187
6011 11465 16187 11889 5568 5296 5867 2400 8268 926 8268 14237 13573 16187 16187 16187
12008 9084 7740 11393 11788 2598 16187 16187 16187 16187 16187 16187 16187 16187 16187 16187
12008 4552 9754 2823 1407 2837 4776 9138 16187 16187 10442 16187 16187 16187 11953 16187
12008 3730 16187 926 14237 15096 12233 11553 6259 12917 16187 16187 1919 3192 16187 16187
12233 5759 15525 3171 2563 3543 2823 1959 830 4776 2176 926 926 16187 16187 16187
3842 16187 16187 1737 8268 14180 8719 12349 16187 12349 12127 2563 16187 13348 16187 16187
6011 6697 926 9290 10324 6259 926 16187 830 3171 308 16187 16187 16187 16187 16187
9296 4325 9498 926 8268 8115 2598 16187 16187 16187 16187 16187 16187 16187 16187 16187
12008 7740 12232 5329 8154 8712 830 9455 12115 926 16187 16187 8719 4776 5777 16187
12008 7740 11530 12276 9290 8268 8712 8710 8270 12233 12650 926 14237 7740 16187 13348
7740 11553 9754 926 6041 929 3171 8901 3994 16187 16187 16187 16187 16187 16187 16187
7740 11553 13084 926 3994 5189 16187 5297 926 16187 926 16187 16187 16187 16187 16187
7740 11553 12233 2552 8712 14029 4776 10887 1583 13348 16187 8796 16187 1390 16187 16187
14237 926 2598 16187 16187 16187 16187 16187 16187 16187 16187 16187 16187 16187 16187 16187
14237 926 8815 2904 10967 7605 13348 16187 3286 3177 6215 16187 926 7740 6173 16187
14237 926 2598 16187 16187 12495 15096 12504 14016 13348 16187 16187 16187 15731 14217 1919
14237 15662 3847 7926 8725 10036 2598 16187 16187 16187 16187 16187 16187 16187 16187 16187
14237 15662 3847 7926 8725 10036 2598 16187 16187 2598 16187 16187 16187 16187 16187 16187
14237 7926 9084 8712 7742 16187 2598 16187 16187 2097 3177 14734 1634 11648 13501 16187
11553 12233 5243 2148 16187 16187 16187 16187 16187 16187 16187 16187 16187 16187 16187 16187
3842 16187 16187 1737 8268 14180 8719 12349 16187 16058 16187 16187 16187 8456 16187 16187
6011 11465 16187 11889 5568 5296 5867 2400 8268 926 8268 14237 13573 926 16187 16187
12008 8712 5867 14180 9577 14237 8710 630 12495 10399 12233 10503 16187 16187 16187 16187
12008 8712 5867 2148 512 5463 16187 14180 7740 5208 2552 8719 6259 5256 16187 7970
12008 8712 5867 5297 4032 9316 16187 16187 830 4776 2285 6161 16187 14237 926 16187
8712 4931 1229 11063 2780 9122 14237 4776 10418 4931 6388 16187 16187 16187 16187 16187
8712 4931 9754 8569 12008 8712 4931 9754 3098 16187 16187 1957 1885 15721 16187 926
8712 4931 7742 10471 14237 4776 10418 1019 8245 1449 6173 4931 6535 10355 16187 16187
926 4647 7740 4628 9754 10838 983 2585 4859 8719 12051 16187 16187 16187 16187 16187
3842 3171 2856 11889 4776 12012 16187 3364 3364 2823 6912 4338 16187 16187 16187 16187
926 4647 7740 4628 9754 10838 983 2585 4859 8719 12051 16187 16187 8440 8719 16187
12008 14069 8710 1378 9425 731 5463 3543 2823 926 15525 16187 16187 16187 16187 16187
12008 14069 14776 8069 2148 5044 12233 3171 10033 16187 2326 16187 7740 16187 11953 12127
12008 8712 8710 5297 3545 3594 1919 2204 14237 3938 16187 14237 4776 132 16187 6535
12008 5463 5867 1955 14221 1955 8712 13216 16187 16187 16187 16187 16187 16187 16187 16187
12008 5463 5867 4537 6259 11716 926 7926 3847 9754 926 14029 8712 16187 16187 16187
12008 5463 5867 1955 14221 1955 8712 13216 16187 830 4776 10033 16187 16187 16187 926
14031 8268 203 4624 1110 8268 8719 5530 8268 926 10211 830 1954 10211 8353 16187
8726 6011 188 12233 2552 4404 8157 3177 84 8268 4311 12650 3171 10033 16187 926
8726 6011 11889 5520 6801 926 7740 8154 3171 16187 16187 7970 16187 2563 16187 16187
4776 14599 4931 1229 1229 14237 4776 8521 4931 1980 16187 16187 16187 16187 16187 16187
4776 14599 4931 8569 14237 4776 13811 4931 926 16187 8069 2148 16187 16187 16187 16187
4776 2563 4931 12510 14029 1885 13508 14237 12124 12233 1695 16187 16187 16187 16187 16187
6259 4832 12233 5272 3994 8710 2945 4776 8270 3177 4776 10217 16187 16187 16187 16187
3842 3171 2856 11889 4776 12012 16187 3364 3364 2823 6912 4338 16187 16187 16187 16187
6259 12444 2598 16187 10033 16187 929 1243 16187 4311 7740 12431 2858 4776 467 16187
5463 4931 1344 6259 15667 5138 16187 16187 16187 16187 16187 16187 16187 16187 16187 16187
5463 4931 9754 4776 2037 91 16187 8712 5867 12495 16187 16187 16187 16187 16187 12349
8712 4931 6070 232 16187 15347 16187 10399 1713 9204 830 16187 16187 16187 16187 6535
926 3177 4776 7807 7453 8710 4297 14029 12276 12489 14255 1860 1133 16187 16187 16187
3842 3171 2856 11889 4776 12012 16187 3364 3364 2823 6912 4338 16187 16187 16187 16187
926 830 926 13197 7740 16187 13089 14069 16187 16187 16187 6985 16187 16187 16187 16187
13570 8712 5867 4537 5329 10471 10589 7742 8719 3171 2563 16187 16187 16187 16187 16187
3842 1957 14180 1737 16187 12467 16187 8268 926 8719 4776 2563 16187 16187 16187 4311
7742 8268 8712 8710 16187 12495 14080 16187 830 6259 10501 16187 16187 16187 16187 16187
3171 10810 9591 16105 9070 1453 1138 926 5711 2148 1329 16187 16187 16187 16187 16187
3842 3171 2856 11889 4776 12012 16187 3364 3364 1919 16187 16187 6912 16187 5807 2598
3171 4931 6259 10770 476 10967 3137 14514 5867 564 13555 16187 16187 11889 13348 16187
926 8710 5675 1955 1799 8268 4776 10042 13157 14734 8036 1842 16187 16187 16187 16187
3842 1919 12127 926 3177 5937 1750 16187 12349 4311 7740 16187 13348 16187 3192 16187
926 8710 5675 1955 1799 8268 4776 10042 13157 14734 8036 1842 16187 16187 9015 8268
11921 12233 2823 926 3177 12276 926 16187 16187 16187 16187 16187 16187 16187 16187 16187
3842 16187 16187 1737 8268 14180 8268 12349 16187 5537 16187 16187 16187 16187 16187 16187
6011 15846 11728 15525 1955 630 6672 16187 4656 16187 14043 2148 16187 512 4537 16187
12008 8268 1955 830 4776 2563 10781 8268 8712 3847 9754 4189 6070 7742 16187 16187
12008 8268 7740 4931 223 16187 6070 926 1957 3171 16187 16187 1110 16187 2997 16187
12008 8268 8719 12276 3109 16187 926 16187 1138 7740 4931 4776 1138 5711 16187 16187
1019 12825 13784 5031 3177 4776 4194 13422 14029 4776 2221 6173 16187 16187 16187 16187
3842 1919 12127 926 3177 5937 1750 16187 8268 7740 9884 16105 9640 16187 926 16187
1019 5415 13348 16187 8710 4776 9431 8656 13839 10437 16187 926 16187 9197 16187 16187
4776 2563 8368 1919 6259 14426 2387 3177 12401 1383 14237 12401 3163 16187 16187 16187
3842 3171 2856 11889 4776 12012 16187 3364 3364 2823 6912 4338 16187 16187 16187 16187
4776 2563 4931 12510 14029 1885 13508 14237 12124 12233 1695 16187 16187 16187 16187 16187
12276 926 8710 3803 16187 16187 16187 16187 16187 16187 16187 16187 16187 16187 16187 16187
3842 3171 2856 11889 4776 12012 16187 3364 3364 2823 6912 4338 16187 16187 16187 16187
12276 926 8710 8704 16187 16187 926 8268 12008 7740 11553 6259 926 16187 16187 16187
4776 926 8808 1019 926 8346 6173 4931 8093 5570 16187 16187 16187 16187 16187 16187
3842 3171 2856 11889 4776 12012 16187 3364 3364 2823 6912 4338 16187 16187 16187 16187
4776 926 14776 10355 14237 1229 8710 4776 2176 2563 16187 8710 14397 926 16187 16187
15555 8268 1955 4776 6140 6076 9385 10967 4776 16146 8311 3177 4776 926 13348 16187
3842 1919 12127 926 3177 5937 1750 16187 12349 4311 7740 16187 13348 16187 3192 16187
14734 8808 8710 6051 12008 4660 8268 3830 12233 13501 6905 8719 7125 16187 16187 16187
15662 2598 16187 16187 16187 16187 16187 16187 16187 16187 16187 16187 16187 16187 16187 16187
15662 2598 16187 13852 8710 15221 16187 13549 4312 16187 3137 16187 16187 10373 16187 16187
15662 2598 16187 2598 16187 14734 7083 16187 14734 7981 6683 16187 1919 1885 16187 16187
14734 2752 5568 5164 8287 14745 12008 4325 8093 11644 14745 16187 16187 16187 16187 16187
3842 1919 12127 926 3177 5937 1750 16187 12349 4311 16187 4311 16187 1383 16187 16187
14734 8808 14827 4776 8139 7556 5942 8268 14237 15040 49 8719 16187 16187 16187 926
10355 13348 16187 16187 16187 16187 16187 16187 16187 16187 16187 16187 16187 16187 16187 16187
14272 6259 4838 10033 16187 16187 7740 11553 12233 16187 16187 16187 16187 16187 16187 16187
14272 6259 11406 13348 16187 2263 11889 14029 4776 15939 16187 16187 16187 16187 10770 16187
5463 11900 12495 16187 16187 16187 16187 16187 16187 16187 16187 16187 16187 16187 16187 16187
5463 8710 487 15389 16187 9780 16187 15043 2563 16187 5545 6390 16187 7970 16187 926
5463 8710 487 15389 16187 16187 2148 9332 1684 14237 2148 16187 512 8457 16187 14029
15597 63 10033 8268 1138 6276 13348 5711 16187 16187 16187 16187 16187 16187 16187 16187
3842 3171 2856 11889 4776 12012 16187 3364 3364 2823 6912 4338 16187 16187 16187 16187
4776 5628 14237 926 4440 9498 7661 10336 14237 10770 16187 16187 16187 16187 11889 16187
1229 4624 14192 14745 5807 15658 14237 203 7926 1644 12233 135 16187 16187 16187 16187
7740 4552 9754 15956 15662 820 11553 12233 2121 12958 12911 16187 16187 10207 3177 16187
7740 11530 8712 16187 8719 12276 8081 9290 8268 8712 5867 926 16187 7970 16187 16187
9653 8710 8268 13907 6259 3141 8268 4776 10566 13076 8808 8084 16187 16187 16187 16187
3842 1919 12127 926 3177 5937 1750 16187 12349 4311 7740 16187 13348 16187 3192 16187
4776 10418 8710 8268 2837 10566 8268 12256 16187 14237 10336 16187 5948 16187 16187 16187
1229 7740 118 926 16187 16187 16187 16187 16187 16187 16187 16187 16187 16187 16187 16187
9036 3171 2563 16187 12495 12495 15096 16187 12349 9484 16187 926 16187 16187 817 16187
7740 11530 8712 16187 8719 12276 8081 9290 15846 7740 9084 6011 16187 12149 8712 16187
1378 3177 4776 8270 14549 10033 5867 4484 1919 6259 1019 6070 6173 5947 2664 16187
3842 1919 12127 926 3177 5937 1750 16187 12349 4311 7740 16187 13348 16187 3192 16187
6259 4949 12444 16187 2263 2689 8268 6140 14237 8710 6070 2689 16187 16187 16187 16187
3171 10033 16031 14769 3177 12127 443 5463 779 8709 12349 1813 16187 16187 16187 16187
3842 3171 2856 11889 4776 12012 16187 3364 3364 2823 6912 4338 16187 16187 16187 16187
3171 10033 779 1954 12256 13839 8268 9563 4776 582 16187 16187 16187 16187 16187 6535
14069 8710 630 8781 12233 4776 10026 11953 12401 3177 5713 12835 16187 16187 16187 16187
3842 1957 14180 1737 16187 16187 8268 14397 14237 926 16187 16187 16187 16187 7970 16187
14069 8710 15389 11953 5445 1421 5505 5463 8710 1229 3356 13348 16187 929 1919 4776
8712 8710 7708 12233 8152 3171 1213 6259 2176 10033 8268 12008 8712 8710 16187 16187
3842 16187 16187 1737 8268 14180 8719 4776 5365 16187 16187 7612 16187 16187 16187 16187
8712 8710 12606 12008 8712 5867 2446 13807 2002 16187 16187 1344 16187 926 16187 16187
6173 16187 16187 16187 16187 16187 16187 16187 16187 16187 16187 16187 16187 16187 16187 16187
6173 16187 6535 15174 830 6259 2563 16187 16187 16187 16187 7970 16187 7970 16187 16187
6173 16187 12260 11553 12766 14069 16187 12233 9737 2903 16187 16187 926 3177 926 16187
8726 1378 3364 8733 15525 630 3177 15571 8268 4776 63 3942 14470 2823 926 16187
3842 1957 14180 1737 16187 16187 9339 7620 8268 14237 11553 6259 2563 16187 8719 16187
8726 6011 11889 4776 3034 3177 4231 12455 8268 6011 16138 11889 3171 2563 16187 16187
7740 15846 5329 8069 5522 14029 4776 950 15658 684 4776 14634 16187 16187 16187 16187
7740 10866 926 926 16187 929 8719 16187 16187 16187 16187 16187 16187 16187 16187 16187
7740 1110 926 16187 983 14237 9831 16187 13348 16187 16187 16187 16187 7742 16187 16187
6173 16187 16187 16187 16187 16187 16187 16187 16187 16187 16187 16187 16187 16187 16187 16187
6173 16187 6535 15174 830 6259 2563 16187 16187 16187 16187 7970 16187 7970 16187 16187
6173 16187 12260 11553 12766 14069 16187 14029 4776 14596 3177 4776 926 16187 16187 16187
12855 926 4931 8213 16187 16187 16187 16187 16187 16187 16187 16187 16187 16187 16187 16187
3842 1919 12127 926 3177 5937 1750 16187 12349 4311 7740 16187 13348 16187 3192 16187
6259 10025 15658 14823 1954 926 16187 4776 926 16187 16187 926 16187 16187 16187 16187
3409 4931 5010 1955 2296 8268 14069 8710 6826 11162 4856 91 14069 16187 16187 16187
3842 1957 14180 1737 16187 16187 8268 14397 14237 926 16187 16187 16187 16187 16187 16187
13474 8710 3011 8268 12247 14237 15430 16187 643 16187 16187 15096 16187 16187 16187 16187
14069 8710 9754 6259 11046 2002 11839 8719 4776 2285 10033 16187 16187 16187 16187 16187
3842 1957 14180 1737 16187 16187 14397 2148 512 1954 1954 6259 926 16187 16187 3192
14069 8710 2446 6826 3098 4406 13908 8268 5462 5629 10941 14237 3298 16187 3364 16187
132 4776 1787 14352 15662 926 8710 6259 15762 16187 16187 16187 16187 16187 16187 16187
3842 1919 12127 926 3177 5937 1750 16187 12349 4311 7740 16187 13348 16187 3192 16187
926 5867 1637 8719 926 8710 1344 854 16187 16187 854 16187 1383 16187 564 16187
1378 3177 4776 564 6593 3177 926 16187 16187 16187 16187 16187 16187 16187 16187 16187
3842 1919 12127 926 3177 5937 1750 16187 12349 4311 7740 16187 13348 16187 3192 16187
1378 3177 4776 564 1133 8719 110 10983 16187 16105 16187 5820 9450 1243 14237 5947
4776 14596 8710 13982 7518 14029 6259 5820 443 2248 926 926 926 16187 16187 16187
3842 3171 2856 11889 4776 12012 16187 3364 3364 2823 6912 4338 16187 16187 16187 16187
4776 14596 8710 6140 9591 13907 8712 16187 16187 14180 4776 12835 16187 13074 16187 926
8719 4776 9431 1378 8268 8712 5867 15337 11144 5867 5804 3384 16187 16187 16187 16187
3842 1957 14180 1737 16187 16187 8268 14397 14237 926 6259 2024 2563 16187 5948 16187
8719 4776 9431 1378 8268 8712 5867 15337 11144 5867 5804 3384 16187 12495 16187 16187
14180 7926 188 8710 12233 9786 10918 6259 592 5463 7926 2683 1885 5602 16187 16187
3842 1919 12127 926 3177 5937 1750 16187 12349 4311 7740 16187 13348 16187 3192 16187
7926 5867 10571 11788 14237 2689 14237 6011 6300 12233 4776 5095 1229 630 16187 16187
14272 4624 2552 8710 5580 5695 14596 7032 8268 14237 8124 10418 2837 14180 2946 16187
3842 1957 14180 1737 16187 16187 8268 14397 14237 926 16187 16187 16187 16187 16187 16187
14180 7740 5208 1436 8710 8329 8329 8329 16187 16187 926 8268 4776 926 3177 4776
929 8268 3203 926 2858 926 1919 14734 8269 12233 9311 1919 11251 11953 926 16187
3842 11889 8712 5867 2023 6011 8913 12233 13931 6011 16187 16187 16187 7742 16187 16187
7740 926 8712 4776 9431 983 7740 9884 8466 16187 16187 12007 1919 16187 9222 16187
14272 13411 7401 12233 4776 2601 419 2598 16187 16187 16187 16187 16187 16187 16187 16187
14272 6259 3667 3177 983 13348 16187 8796 13348 16187 929 7740 16187 16187 9743 16187
4776 12835 14776 7742 13663 14237 15071 16187 926 16187 15982 16187 4951 16187 16187 926
7542 8268 6259 3098 926 13896 16187 16187 16187 16187 16187 16187 16187 16187 16187 16187
9036 3171 10033 8268 15978 983 8710 12495 7613 12233 3667 16187 1919 1138 13178 16187
7542 8268 6259 3098 926 13896 16187 16187 14397 15819 16187 16187 16187 16187 16187 14241
926 2384 12233 5530 8268 6689 926 15967 4776 10094 10036 4240 13474 8710 926 16187
3842 11889 8712 5867 2023 6011 8913 12233 13931 6011 16187 10671 16187 16187 6011 16187
926 5867 3809 6006 3112 9425 731 16187 12008 8712 5867 5820 16187 16187 16187 16187
2067 10894 3177 837 14029 14833 830 4776 926 14919 16187 16187 16187 16187 16187 16187
3842 1919 12127 926 3177 5937 1750 16187 12349 4311 7740 16187 13348 16187 3192 16187
1378 11071 8268 2689 5820 643 3766 8268 14237 4987 3211 12233 16142 16187 16187 16187
14180 3177 4776 100 14776 1344 6692 16187 16187 16187 16187 16187 16187 16187 16187 16187
3842 1957 14180 1737 16187 16187 9339 7620 8268 14237 11553 6259 8313 926 16187 16187
14180 3177 4776 12835 11553 15819 10638 16187 3553 16187 16187 926 16187 16187 16187 16187
1955 6259 3537 8268 8712 5867 5329 8569 16187 16187 16187 16187 16187 16187 16187 16187
3842 1957 14180 1737 16187 16187 8268 14397 14237 926 6259 2024 2563 16187 5948 16187
1955 6259 3537 8268 8712 5867 5329 8569 16187 4537 926 4776 16187 16187 16187 16187
3171 8710 4776 10442 3177 1378 3177 4776 564 8185 8084 16187 16187 16187 16187 16187
3171 8710 4776 14635 3177 2563 5463 7740 12232 926 12233 12650 3171 16187 983 16187
3171 8710 4776 10566 5453 4994 3177 4776 2563 16187 926 16187 16187 5388 16187 16187
926 926 1955 4776 875 15658 3543 2823 6259 2365 690 12008 6259 1903 9684 16187
3842 3171 2856 11889 4776 12012 16187 3364 3364 2823 6912 4338 16187 16187 16187 16187
926 926 5867 12852 8710 11326 1430 830 4776 4750 926 16187 16187 16187 8268 4776
6868 8268 14237 8710 926 2837 3171 2563 16187 16187 16187 16187 16187 16187 16187 16187
3842 1957 14180 1737 16187 16187 14397 14397 2148 512 7345 16187 16187 16187 16187 16187
926 830 9845 11374 16187 12515 1378 3177 4312 16187 16187 16187 8781 16187 16187 16187
4325 14776 14180 5687 830 2837 6259 6053 9290 11215 926 16187 16187 16187 16187 16187
3842 11889 8712 5867 2023 6011 8913 12233 13931 6011 16187 10671 16187 16187 6011 16187
4325 14776 9387 16187 16187 926 1919 6259 926 16187 16187 16187 926 16187 16187 16187
7740 2446 11530 4776 2053 926 3994 3177 926 16187 16187 16187 16187 16187 16187 16187
7740 4931 926 16187 11889 3171 5095 3364 9754 2823 816 16187 16187 926 16187 1597
7740 2446 11889 4776 2946 16187 5174 15096 16187 16187 16187 16187 16187 16187 16187 16187
3847 4750 926 4776 11401 2598 16187 16187 16187 16187 16187 16187 16187 16187 16187 16187
3842 8712 11889 4776 12012 13348 16187 5447 6259 2563 3177 3192 16187 3192 16187 3192
1378 9290 8268 12716 8268 779 7195 926 4776 926 1019 15041 926 6173 16187 16187
1138 7416 926 5711 2598 16187 16187 16187 16187 16187 16187 16187 16187 16187 16187 16187
1138 926 5711 8001 3177 8656 8185 2326 16187 14180 3171 2563 16187 12298 16187 16187
1138 4776 926 5711 3418 8151 3409 16187 13216 16187 830 16187 16187 16187 16187 7970
5329 5568 5463 8268 7740 14823 6259 14230 13832 16187 16187 16187 16187 16187 16187 16187
3842 16187 16187 1737 8268 14180 8719 12349 16187 12127 15096 16187 308 16187 16187 16187
12008 926 779 9450 3177 1213 6259 3504 8268 8069 8726 926 16187 16187 926 16187
4776 2067 954 2837 4421 1799 926 9113 6826 10355 3211 1955 4776 926 16187 16187
3842 1919 12127 926 3177 5937 1750 16187 12349 4311 7740 16187 13348 16187 3192 16187
4776 16146 15611 10373 2858 6259 643 3177 13664 16187 16187 16187 16187 91 16187 16187
7740 2383 4325 15956 11953 12239 5867 9450 5223 3942 16187 16187 16187 16187 16187 16187
7740 2383 4325 15956 11953 8712 16187 9264 14237 16187 16187 16187 16187 16187 16187 16187
7740 11530 8712 16187 8719 926 8268 14237 2308 8712 16187 8270 16187 16187 16187 9577
4776 10418 4931 12256 10394 9084 14734 14043 1885 10501 5176 16187 16187 16187 16187 16187
3842 1919 12127 926 3177 5937 1750 16187 12349 4311 7740 16187 13348 16187 3192 16187
4776 10418 8710 8268 2837 10566 8268 12256 16187 14237 10336 16187 5948 16187 16187 16187
11457 8651 8263 8719 14734 467 2984 10770 1919 14734 15211 10437 16187 16187 16187 16187
3842 1919 12127 926 3177 5937 1750 16187 12349 4311 7740 16187 13348 16187 3192 16187
14734 2588 13429 8710 5952 16187 2148 16187 16105 16187 653 16187 14180 16187 16187 16187
7740 1442 3171 2563 8719 12544 14029 4776 926 926 13089 7740 4931 14919 16187 16187
9036 3171 10033 8268 15978 983 8710 12495 7613 12233 3667 16187 1919 1138 13178 16187
7740 1442 3171 2563 13089 7740 4931 9487 16187 7740 5226 4776 13429 4776 2285 15721
3098 11646 1019 1955 2296 6173 8268 3437 12835 14237 2148 12233 15289 13348 16187 16187
3842 16187 16187 1737 8268 14180 8719 4776 5365 16187 14237 7970 16187 16187 14397 7970
3098 10418 10967 10394 7248 4776 5121 13839 16187 1378 3177 4776 3384 16187 926 16187
4776 10418 8719 3171 10033 4931 3098 16187 16187 16187 16187 16187 16187 16187 16187 16187
4776 10418 4931 6591 16187 12008 5463 5867 3177 14272 8712 16187 16187 16187 16187 983
4776 10418 4931 2446 12256 16187 926 16187 16003 16187 926 16187 16187 14734 954 16187
12008 1378 15846 5329 14518 4776 1117 14426 10033 14237 15846 15840 6011 16187 16187 16187
3842 1957 14180 1737 16187 16187 9339 7620 8268 14237 11553 6259 2563 16187 16187 16187
12008 1378 2067 12051 16105 9070 7001 4697 14237 12003 4776 10033 16187 8993 16187 16187
8712 3461 4298 203 1247 8378 5867 643 779 14393 14180 9743 1778 14745 16187 16187
3842 8712 16187 63 2365 8268 10501 3177 4776 2588 5365 16187 16187 414 16187 6685
8712 9004 5463 5820 16187 15236 3364 11553 16187 2689 16187 16187 16187 11889 16187 16187
13474 9084 9754 13013 14029 9313 15452 8268 113 5305 14043 7140 14237 14948 16187 16187
3842 1957 14180 1737 16187 12467 16187 8268 926 8719 4776 2563 16187 16187 16187 16187
13474 4931 1344 14610 8719 1885 12582 16187 16187 9577 1885 11537 926 16187 16187 16187
12008 4776 9431 8656 9605 10355 5015 10967 9070 15978 3177 4776 15461 16187 16187 16187
12008 4776 8521 3847 9754 16070 4776 2285 2563 16187 9085 16187 983 16187 926 16187
12008 4776 12578 5656 15525 8719 4776 2563 16187 15337 1383 16187 926 16187 926 16187
8712 8710 6259 12260 2552 16187 16187 16187 16187 16187 16187 16187 16187 16187 16187 16187
3842 8712 16187 63 14029 4776 2768 12233 8733 16187 6148 16187 5820 16187 16187 16187
8712 8710 6259 12260 2552 16187 830 14596 1955 6259 5948 1955 5208 16187 6381 6011
8087 5433 12233 8733 8268 9764 3082 11381 8719 16187 16187 16187 16187 16187 16187 16187
3842 8712 16187 63 2365 8268 10501 3177 4776 2588 926 10967 4776 10033 16187 16187
13474 8710 3011 8268 12247 14237 15430 16187 643 16187 16187 15096 16187 16187 16187 11247
5297 8268 7740 11553 5074 15715 3171 2563 16187 16187 16187 16187 16187 16187 16187 16187
7740 973 5329 13616 13474 779 13592 16146 954 12233 2451 16187 16187 8719 4776 12008
7740 5297 6635 8712 16187 12606 16187 11063 14237 7702 10418 16187 16187 16187 6535 16187
926 3177 4776 10033 14776 854 16187 16187 16187 16187 16187 16187 16187 16187 16187 16187
3842 3171 2856 11889 4776 12012 16187 3364 3364 2823 6912 4338 16187 16187 16187 16187
926 830 926 13197 7740 16187 13089 14069 16187 16187 1436 16187 16187 6535 4687 830
6173 16187 16187 16187 16187 16187 16187 16187 16187 16187 16187 16187 16187 16187 16187 16187
6173 16187 6535 15174 830 6259 2563 16187 16187 16187 16187 7970 16187 7970 16187 16187
6173 16187 12260 11553 12766 14069 16187 12233 9737 2903 16187 16187 926 3177 926 16187
8726 6011 11889 4776 2946 8268 6011 3644 9754 7001 223 1919 3171 2563 16187 16187
8726 6011 188 12233 2552 6259 4932 2563 8268 2552 1138 1371 11220 8346 5711 16187
8726 6011 11889 4776 3034 3177 4231 12455 8268 6011 16138 11889 3171 2563 16187 16187
5329 3098 12008 6259 15819 9450 10033 16187 16187 16187 16187 16187 16187 16187 16187 16187
3842 16187 16187 1737 8268 14180 8719 12349 14180 7740 11553 6259 10709 16187 4609 16187
7926 2326 5656 9657 1955 6259 1932 817 9290 16187 16187 11839 16187 16187 16187 16187
13094 4776 10033 4537 4240 4776 10072 1603 13000 4932 4931 6259 13325 3177 15762 16187
3842 3171 2856 11889 4776 12012 16187 3364 3364 2823 6912 4338 16187 16187 16187 16187
8719 3171 10033 8268 7926 7076 1955 4421 926 16187 16187 16187 16187 16187 16187 16187
1378 15525 3177 14255 8710 11953 14255 12291 12495 3192 16187 16187 16187 16187 16187 16187
3842 1919 12127 926 3177 5937 1750 16187 12349 4311 7740 16187 13348 16187 3192 16187
1378 3177 9743 1133 5463 7698 4776 10026 16187 10571 3177 14272 16187 9782 16187 16187
12276 6745 8620 14237 1885 926 12515 9070 12233 4776 2169 12233 12650 6259 2563 16187
3842 1957 14180 1737 16187 16187 8268 14397 14237 926 16187 8069 2148 16187 16187 16187
4776 13811 14237 12013 14776 1971 14237 9526 13907 3760 14808 12233 11239 16187 16187 16187
12092 8268 2689 8268 14237 13464 5453 3171 926 2903 4776 12805 3177 15715 6687 16187
3842 1957 14180 1737 16187 16187 14397 14397 14192 16187 16187 16187 15715 6259 9577 16187
8719 3511 8268 8712 6560 4312 8268 12233 7724 16187 16187 16187 2296 16187 10373 16187
14069 14776 5329 6259 5948 2326 10355 4987 3211 15525 14069 16187 16187 16187 16187 16187
3842 16187 16187 1737 8268 14180 8719 12349 16187 12127 15096 16187 983 16187 1583 16187
14069 14776 1597 12130 13137 4859 14029 3171 10033 16187 16187 5796 926 16187 816 16187
4776 4152 10781 11301 2903 2326 7742 8268 14237 8710 2326 10401 16187 16187 16187 16187
4776 4152 3177 4776 10033 8710 13827 16187 4537 926 16187 16187 16187 9290 16187 16187
4776 4152 3177 4776 10033 8710 13827 16187 5046 14734 10566 3177 3171 1787 16187 16187
8712 5867 5820 9625 16187 16187 16187 16187 16187 16187 16187 16187 16187 16187 16187 16187
8712 5867 5329 1954 12133 7612 16187 15337 7740 16187 7499 1243 817 16187 16187 926
8712 5867 4537 4776 14457 16187 7945 2563 5208 926 4776 820 16187 14237 15840 1955
8712 8710 16150 8268 15276 1507 16187 16187 16187 16187 16187 16187 16187 16187 16187 16187
8712 8710 9754 8069 5450 2689 16187 12606 16187 994 8719 4776 12529 16187 16187 16187
8712 8710 16150 8268 15276 1507 16187 3112 8712 16187 4311 16187 16187 16187 16187 7970
15649 12873 6598 6826 11274 830 14734 8179 297 16187 16187 16187 16187 16187 16187 16187
3842 1957 14180 1737 16187 12467 16187 10315 9339 12835 16187 926 16187 11889 16187 16187
15649 14776 8268 13441 16187 926 16187 16187 16187 16187 16187 16187 16187 16187 16187 16187
5463 3364 2823 701 8268 12008 8712 8710 13267 7742 16187 16187 16187 16187 16187 16187
3842 1957 14180 1737 16187 12467 16187 10315 13348 16187 16187 5580 16187 6535 1957 1378
8712 4628 9754 4537 15 13532 6259 4194 3177 1750 2689 16187 10663 14237 12127 14237
10232 926 1138 7740 11553 12233 10503 8719 6259 1787 13740 12276 16058 8456 16187 16187
3842 16187 16187 1737 8268 14180 8719 12349 16187 1954 926 16187 16187 16187 8456 16187
7740 11530 8712 16187 8719 926 16187 8719 13021 1955 926 16187 926 16187 16187 9389
8712 8383 6259 9349 15776 14220 14237 8712 3847 9754 8554 14069 16187 16187 16187 16187
3842 8712 11889 4776 12012 13348 16187 5447 4776 2563 16187 6635 15036 14237 4776 6544
8712 8710 9894 13089 385 14237 13587 13089 15142 830 16187 16187 16187 16187 16187 16187
12707 15846 1819 14734 6867 10324 2148 10599 3137 983 16187 16187 16187 16187 16187 16187
8726 6011 188 12233 2552 4404 8157 3177 84 8268 4311 12650 3171 10033 16187 926
6011 4628 9754 2823 9872 16187 926 8719 4776 9431 8712 16187 16187 16187 16187 16187
1229 8268 14482 5867 926 8752 1919 6259 13519 8710 5329 14221 3748 16187 16187 16187
3842 1957 14180 1737 16187 12467 16187 8268 13089 8719 4776 10033 16187 1954 2053 926
12008 7740 6635 8712 926 16187 16187 7740 4552 15389 16187 10967 4776 1583 16187 16187
8712 5867 6259 3108 2563 5463 5208 2823 1959 12349 14237 12349 10036 16187 16187 16187
3842 16187 16187 1737 8268 14180 8719 4776 5365 16187 16187 7970 16187 16187 16187 16187
8712 5867 6259 9264 7314 8268 14237 1954 1175 10164 12233 7345 5867 113 2974 16187
1378 8710 4776 926 5186 830 2263 7855 11434 3177 3080 3192 12135 10051 16187 16187
3842 1919 12127 926 3177 5937 1750 16187 12349 4311 7740 16187 13348 16187 3192 16187
1378 8710 4776 3929 5867 4125 2176 618 926 926 16187 16187 16187 10207 16187 16187
1138 13089 6011 11031 8719 1110 5711 8710 926 8268 11075 13907 1823 16187 16187 16187
3842 11889 8712 5867 2023 6011 8913 12233 13931 6011 16187 16187 16187 7742 16187 16187
1138 7740 1951 10025 5711 16187 14237 926 926 16187 5580 1378 16187 6384 16187 16187
1138 203 8710 5463 5095 1495 14029 6259 9944 926 2598 5711 16187 16187 16187 16187
1138 12505 2110 5711 8710 5463 2598 16187 16187 10669 16187 16187 15525 3177 10326 16187
1138 4776 9349 5867 13429 8710 3367 13348 5711 16187 14734 9431 2627 16187 16187 9004
12008 13089 6011 9605 816 8913 12233 8712 8268 4325 14776 9754 2326 6070 3437 16187
8726 6011 188 12233 2552 6259 4932 2563 8268 2552 1138 1371 11220 8346 5711 16187
12008 13089 7926 766 15597 7987 8268 8712 7336 926 4776 180 4269 16187 16187 926
7740 9084 9754 14518 5463 10967 6259 15433 3211 8268 12008 8712 926 16187 16187 16187
7740 9084 9754 14518 5463 10967 6259 15433 3211 8268 12008 8712 926 16187 16187 7970
7740 11530 8712 16187 8719 926 16187 8719 13021 1955 926 926 14237 926 16187 16187
15982 10471 14237 9442 5030 1919 6259 10355 13839 6636 2837 1044 16187 16187 16187 16187
3842 1919 12127 926 3177 5937 1750 16187 12349 4311 7740 16187 13348 16187 3192 16187
13474 8710 6188 2858 1885 9059 5867 5732 14237 4776 10033 3609 14069 16187 926 8712
4152 1684 2598 16187 16187 16187 16187 16187 16187 16187 16187 16187 16187 16187 16187 16187
3842 1957 14180 1737 16187 12467 16187 10315 16187 14397 4626 16187 15232 1954 6071 16187
8712 8710 3730 14937 16187 12606 16187 12606 2588 5365 8268 5288 16187 16187 6535 13178
3171 2563 8710 2684 4812 8268 11889 4776 2588 10217 8719 4776 308 16187 16187 16187
3842 3171 2856 11889 4776 12012 16187 3364 3364 2823 6912 4338 16187 16187 16187 16187
3171 2563 8710 6152 16187 7742 16187 91 16187 14397 15819 16187 16187 16187 1919 1378
7926 14827 7926 5208 1381 2903 12233 1885 14237 159 6259 4251 15571 16187 16187 16187
3842 8712 16187 63 2365 8268 10501 3177 4776 2563 8712 5867 926 16187 926 16187
7926 5867 5296 14237 3672 7401 14272 14734 10501 926 16187 16187 16187 16187 16187 16187
4776 132 8710 1482 16187 16187 16187 16187 16187 16187 16187 16187 16187 16187 16187 16187
3842 3171 2856 11889 4776 12012 16187 3364 3364 2823 6912 4338 16187 16187 16187 16187
4776 132 8710 6259 1903 8752 16187 926 4776 4776 10033 16187 16187 6535 16187 14263
7740 4931 6259 10894 1435 12233 2552 6570 91 6297 16187 16187 16187 16187 16187 16187
9036 3171 10033 8268 15978 983 8710 12495 7613 12233 3667 16187 1919 1138 13178 16187
7740 4931 926 13348 13348 13348 16187 3137 13879 13348 16187 16187 11889 12825 16187 16187
7740 14263 3171 6259 9484 15525 3177 9484 16187 16187 16187 16187 16187 16187 16187 16187
7740 8197 203 12233 11253 5937 10309 8268 13341 4776 1138 3177 3171 5711 9455 6011
7740 8197 8712 6259 9484 15525 3177 9484 13348 16187 327 16187 12650 8712 16187 8368
5238 12273 926 4015 2904 10967 5463 9746 16187 16187 16187 16187 16187 16187 16187 16187
3842 1919 12127 926 3177 5937 1750 16187 12349 4311 7740 16187 13348 16187 3192 16187
926 5867 1637 8719 926 8710 1344 854 16187 16187 6390 926 16187 926 16187 926
8726 7740 8093 2552 13803 15909 10036 8712 15846 2823 12495 6280 16187 16187 16187 16187
8726 6011 9429 7740 1951 2095 1157 8268 7740 11553 9754 16187 11889 16187 16187 16187
7740 4537 3644 9754 9137 12233 7001 2552 8712 10036 16187 16187 16187 830 16187 16187
14237 4624 2446 11553 4776 14311 6499 10967 926 926 14237 1430 926 16187 16187 16187
3842 11889 8712 5867 2023 6011 8913 12233 13931 6011 16187 16187 16187 7742 16187 16187
14237 4624 2446 11553 4776 14311 6499 10967 926 926 14237 1430 926 16187 16187 16187
1919 6259 5088 16187 16187 16187 16187 16187 16187 16187 16187 16187 16187 16187 16187 16187
3842 1919 12127 926 3177 5937 1750 16187 12349 4311 7740 16187 13348 16187 3192 16187
6259 2062 13839 8710 13532 6259 1676 14237 8712 7076 15525 16187 16187 16187 8798 9450
7926 5867 6601 4776 11586 8808 8719 4776 2563 16187 16187 16187 16187 16187 16187 16187
3842 1919 12127 63 16187 14180 8712 5867 926 16187 926 16187 16187 12349 16187 12349
7926 5867 6259 9290 15658 13345 14237 10092 11889 13592 16146 926 6619 443 16187 13216
4776 582 14776 926 16187 16187 16187 16187 16187 16187 16187 16187 16187 16187 16187 16187
4776 4267 8084 16187 12545 5629 4776 2563 16187 16187 16187 16187 16187 926 16187 16187
4776 10217 1133 14776 6070 9780 16187 16187 6535 630 2148 3177 4776 926 16187 16187
3171 926 5509 3177 14651 14470 4258 9743 6963 926 12233 926 4269 16187 16187 16187
3842 3171 2856 11889 4776 12012 16187 3364 3364 2823 6912 4338 16187 16187 16187 16187
3171 926 5119 12233 15236 13949 16187 926 1378 16187 564 16187 16187 6535 16187 10373
4776 14596 8710 2543 8719 6259 2067 8063 12234 16187 16187 16187 16187 16187 16187 16187
3842 3171 2856 11889 4776 12012 16187 3364 3364 2823 6912 4338 16187 16187 16187 16187
4776 14596 8710 6140 9591 13907 8712 16187 16187 1229 7651 7740 12449 12233 4924 16187
9296 5332 6011 4628 9754 16187 16187 16187 16187 16187 16187 16187 16187 16187 16187 16187
9296 7740 2326 4552 9754 188 12233 15956 16187 5463 5867 11953 4776 9431 5095 16187
12008 7740 12232 5297 4142 8154 926 830 6259 3098 2712 16187 2263 14180 16187 16187
5463 5867 12276 16058 9450 916 5721 16187 16187 16187 16187 16187 16187 16187 16187 16187
5463 5867 12276 16058 9450 916 5721 16187 385 1957 6259 926 16187 16187 16187 16187
5463 5867 11953 8712 2326 16187 3177 1138 4776 926 5711 16187 16187 4931 1954 926
5962 8268 6083 8710 761 8719 9594 14237 13546 14237 12625 8719 2176 926 16187 16187
3842 1957 14180 1737 16187 16187 8268 14397 14237 926 16187 16187 9640 16187 926 16187
13474 8710 6188 2858 1885 9059 5867 5732 14237 4776 10033 3609 14069 16187 926 8712
15857 8268 4325 14776 4776 15720 8719 13153 13089 4776 926 13758 830 6259 9178 16187
3842 1957 14180 1737 16187 16187 9339 926 1957 12291 16187 8069 8719 6259 4406 16187
7740 4537 1110 4776 4927 7926 7076 1919 7151 11767 16187 926 8268 1955 13474 926
3095 1243 929 4325 14776 3548 8667 4776 6 8268 15 830 6259 13546 926 16187
3842 1919 12127 926 3177 5937 1750 16187 12349 4311 7740 16187 13348 16187 3192 16187
6259 5948 3177 6215 779 6422 6041 4776 926 16105 2263 297 8719 4776 926 16187
9450 14362 16187 16187 16187 16187 16187 16187 16187 16187 16187 16187 16187 16187 16187 16187
3842 1957 14180 1737 16187 16187 8268 14397 14237 926 16187 16187 9640 16187 926 16187
14180 5084 8719 6259 5509 9813 2002 16187 5867 6259 4949 16187 800 2024 16187 308
8712 5867 10104 16187 16187 16187 16187 16187 16187 16187 16187 16187 16187 16187 16187 16187
8712 5867 5329 16187 4537 8719 3511 5463 7740 11553 6011 10503 8710 4776 926 16187
8712 5867 4537 5580 926 16187 16187 12757 6173 16187 926 16187 16187 2712 16187 16187
7926 779 6826 6070 10355 11331 16187 16187 16187 16187 16187 16187 16187 16187 16187 16187
7926 779 1378 3177 4776 4267 9511 8719 4776 6215 3177 7345 16187 14180 926 926
7926 8710 5297 6070 630 6259 926 830 14180 926 16187 16187 16187 16187 16187 14237
7974 6011 926 2823 13129 2598 16187 16187 16187 16187 16187 16187 16187 16187 16187 16187
3842 8712 16187 63 14029 4776 2768 12233 8155 16187 12298 16187 5820 16187 16187 16187
7974 6011 926 2823 13129 2598 16187 16187 2598 16187 16187 16187 16187 16187 16187 2974
13084 10150 7949 8268 11889 1919 13381 6303 5867 11401 16187 16187 16187 16187 16187 16187
3842 3171 2856 11889 4776 12012 16187 3364 3364 2823 6912 4338 16187 16187 16187 16187
6259 3098 12238 3177 8710 4776 132 16187 16187 16187 16187 16187 16187 16187 10894 16187
8796 8712 5867 11303 16187 16187 16187 16187 16187 16187 16187 16187 16187 16187 16187 16187
14069 14776 13084 15721 830 5463 9534 16187 12781 16187 926 16187 16187 16187 16187 14734
8796 8712 2945 3847 16187 1436 14272 2598 16187 9015 16187 929 8719 4776 2563 16187
11889 14180 10355 2024 308 8268 926 12495 779 6259 1117 5121 13839 16187 16187 16187
3842 1957 14180 1737 16187 16187 8268 14397 14237 926 16187 16187 16187 16187 16187 16187
7740 11530 4776 12835 8268 9563 13093 9022 5867 11914 14237 1446 926 5867 926 16187
7740 2308 4776 2563 12233 2823 9060 16187 16187 16187 16187 16187 16187 16187 16187 16187
7740 2308 4776 2563 12233 2823 9060 16187 16187 8719 4776 2563 16187 16187 16187 16187
7740 2308 4776 12835 6259 9450 12233 14105 830 12276 7830 16187 16187 14221 16187 16187
8712 771 7740 10246 2176 4924 4440 14237 6259 6070 10355 4152 16187 16187 16187 16187
3842 16187 16187 1737 8268 14180 8719 4776 5365 16187 16187 7612 16187 16187 16187 16187
8712 4931 7742 10471 14237 4776 10418 1019 8245 1449 6173 4931 6535 10355 16187 16187
8794 4017 13084 13122 11009 8719 4776 13538 1378 2614 9051 10776 7345 8456 16187 16187
3842 1919 12127 926 3177 5937 1750 16187 12349 4311 7740 16187 13348 16187 3192 16187
3098 476 1919 1684 14237 5086 14237 12583 3177 10355 3766 16187 14237 12495 16187 16187
12495 7758 8268 12495 1507 8268 4537 5329 6259 10355 10400 14029 1853 5867 10501 16187
3842 1957 14180 1737 16187 9339 8710 6259 926 16187 16187 16187 6259 926 16187 16187
14919 16187 5329 4776 926 2563 16187 2326 926 16187 16187 11889 16187 926 16187 16187
7926 7165 926 16187 16187 16187 16187 16187 16187 16187 16187 16187 16187 16187 16187 16187
3842 8712 11889 4776 12012 13348 16187 5447 6259 2563 16187 5148 7001 16187 5711 16187
7926 5867 144 16187 3098 10418 16187 564 16187 16187 1919 1919 16187 16187 16187 16187
7740 973 5329 487 8712 8710 6259 3098 2563 8268 12008 8270 512 7740 12773 16187
7740 973 5329 13616 6173 16187 1376 5 703 14776 9160 16187 1883 16187 16187 16187
7740 11530 8712 16187 8719 926 8268 1229 7740 9084 1919 16187 16187 16187 16187 16187
1955 6259 9264 4932 10033 8268 3171 12232 8093 4189 16187 16187 16187 16187 16187 16187
3842 1957 14180 1737 16187 16187 8268 14397 14237 926 16187 8069 2148 16187 16187 16187
1955 6259 3537 8268 8712 5867 5329 8569 16187 4537 926 4776 16187 16187 16187 16187
12716 3171 10033 8710 4537 1435 16187 16187 16187 16187 16187 16187 16187 16187 16187 16187
3842 1957 14180 1737 16187 16187 14397 2148 512 1954 1954 6259 471 16187 16187 16187
12716 8268 3171 476 8383 13057 8268 5831 3766 10967 4776 7991 6161 16187 16187 926
4776 5074 8710 5463 2263 1229 11594 5463 6011 2326 4552 9754 188 12233 12650 16187
3842 16187 16187 1737 8268 14180 8719 4776 5365 16187 16187 7970 16187 16187 16187 16187
4776 11716 1243 11553 9754 6321 2263 2490 16187 16187 11839 8268 4931 926 16187 16187
926 8268 9861 779 9754 16105 6259 3098 10033 6041 4776 926 16187 16187 16187 16187
3842 3171 2856 11889 4776 12012 16187 3364 3364 2823 6912 4338 16187 16187 16187 16187
926 8268 9861 779 9754 16105 6259 3098 10033 6041 4776 926 16187 16187 13081 16187
4776 3566 9290 4707 5627 16187 16187 16187 16187 16187 16187 16187 16187 16187 16187 16187
4776 3566 9290 4707 5627 16187 1019 926 6173 1799 6359 16187 8710 16187 16187 16187
4776 7001 5629 926 16187 2053 926 3994 16187 4660 5095 16187 926 16187 16187 16187
3171 8710 7594 16187 16187 16187 16187 16187 16187 16187 16187 16187 16187 16187 16187 16187
3171 8710 5329 15389 6259 10355 2563 3847 16187 5537 3177 4776 10566 2122 926 16187
3171 8710 1378 3177 4776 564 926 3177 14180 983 16187 926 16187 16187 926 16187
14691 13348 16187 16187 16187 16187 16187 16187 16187 16187 16187 16187 16187 16187 16187 16187
14272 6259 4838 10033 16187 16187 2148 9139 13348 16187 16187 2599 8712 16187 16187 16187
5463 12232 2823 7254 13348 16187 2326 9084 16187 16187 11889 16187 11247 16187 16187 16187
7742 8712 5867 2148 14043 3765 6259 1716 7740 11553 16187 16187 16187 16187 16187 16187
7742 8268 8712 5867 15978 14069 2326 8710 9754 630 6672 6173 16187 9736 8719 4776
7742 8712 5867 2148 14043 3765 6259 10894 2148 16187 512 4776 12349 16187 4994 16187
7926 3543 11553 926 2858 5463 12972 8258 4776 2563 7703 16187 16187 16187 16187 16187
3842 8712 16187 63 2365 8268 10501 3177 4776 2563 8712 5867 16187 16187 16187 16187
7926 6601 3543 11553 16187 2097 3177 6259 926 926 14237 4776 926 16187 16187 16187
13555 9850 12102 8712 13348 13348 16187 16187 16187 16187 16187 16187 16187 16187 16187 16187
3842 1957 14180 1737 16187 12467 16187 10315 16187 14397 926 16187 16187 16187 7970 16187
2945 8744 14029 6011 16187 2148 14043 15525 16187 4311 6173 16187 7278 13348 16187 14237
926 1390 2598 16187 16187 16187 16187 16187 16187 16187 16187 16187 16187 16187 16187 16187
926 2598 2598 2598 1885 9465 9498 2446 4776 223 13780 16187 1378 1378 9605 6259
926 2598 16187 10399 926 12233 8733 8712 16187 5200 4434 12233 4776 10217 391 2191
1229 4776 9230 10376 5838 8710 4776 5568 926 8719 3171 10033 16187 16187 16187 16187
3842 3171 2856 11889 4776 12012 16187 3364 3364 2823 6912 4338 16187 16187 16187 16187
12008 4776 10033 12770 12233 14203 16187 789 926 16187 16187 1885 16187 926 1885 16187
14822 14102 5867 8070 3537 1138 926 5711 8011 6259 10750 926 14029 4387 16187 16187
3842 16187 16187 1737 8268 14180 8268 12349 16187 983 14237 14581 16187 16187 16187 16187
926 5867 9957 9498 3098 16187 830 4776 1419 16187 564 16187 16187 16187 16187 16187
7740 14581 926 5463 1213 6259 10355 4189 8710 1750 926 16187 16187 16187 16187 16187
7740 4931 926 16187 11889 3171 8719 4776 5562 16187 16187 16187 16187 16187 16187 16187
7740 11530 926 926 8719 3171 16187 13474 2326 16187 16187 16187 816 16187 16187 16187
7542 8268 3171 10033 4931 6535 1482 12233 12650 16187 16187 16187 16187 16187 16187 16187
9036 3171 10033 8268 15978 983 8710 12495 7613 12233 3667 16187 1919 1138 13178 16187
7542 8268 6259 3098 926 13896 16187 16187 1885 954 16187 16187 16187 16187 16187 10373
4776 11608 2500 2598 16187 16187 16187 16187 16187 16187 16187 16187 16187 16187 16187 16187
4776 4267 8084 16187 13623 14426 4931 1229 817 16187 16187 16187 16187 16187 3192 16187
4776 10355 16187 3025 3171 12008 6259 6070 630 6070 15174 16187 16187 926 16187 10355
4776 5031 14776 1209 8268 2326 926 16187 16187 16187 16187 16187 16187 16187 16187 16187
4776 5031 14776 1209 8268 2326 926 16187 16187 16187 6535 4687 16187 16187 16187 16187
4776 5031 14776 2446 8124 16187 16187 926 1919 4776 16146 16187 16187 926 16187 5388
7740 9277 8554 1750 6259 14230 16187 16187 16187 16187 16187 16187 16187 16187 16187 16187
7740 973 5329 13616 6173 16187 487 3177 16187 6215 16187 16187 3171 12495 16187 16187
7740 11530 8712 16187 8719 12276 8081 9290 8268 8712 5867 926 16187 7970 16187 16187
4776 1754 3177 4776 13839 8710 6070 10355 1955 7742 16187 16187 16187 16187 16187 16187
3842 1919 12127 926 3177 5937 1750 16187 12349 4311 7740 16187 13348 16187 3192 16187
4776 1754 3177 4776 13839 14776 10355 8719 15597 10638 12495 16187 16187 16187 6535 13178
4776 10418 8710 3098 16187 16187 16187 16187 16187 16187 16187 16187 16187 16187 16187 16187
4776 4267 8084 16187 11553 4776 9887 14180 4776 926 16187 12233 4776 308 16187 16187
4776 10418 8710 12489 14708 16187 11772 13182 16187 7740 4552 16187 16187 15096 16187 16187
14237 4776 14241 13216 14029 16187 16187 16187 16187 16187 16187 16187 16187 16187 16187 16187
3842 3171 2856 11889 4776 12012 16187 3364 3364 1919 16187 16187 6912 16187 5807 2598
14237 4776 13811 2598 16187 926 926 4776 926 10583 4931 8781 16187 16187 16187 16187
137 4311 4624 11553 10217 6070 10355 8974 1583 13055 16187 16187 16187 16187 16187 16187
3842 1957 14180 1737 16187 16187 8268 14397 14237 926 16187 16187 16187 16187 16187 16187
14180 7740 5208 1436 8710 8329 8329 8329 16187 16187 91 16187 10496 926 14237 7076
8712 15881 13084 2123 8719 16041 8712 15525 3177 14745 16187 16187 16187 16187 16187 16187
8712 4931 9754 4537 2123 2598 16187 926 16187 9715 926 3177 3171 2563 16187 16187
8712 8710 9894 13089 385 14237 13587 13089 15142 830 16187 16187 16187 16187 16187 16187
4776 10033 8368 1919 6259 2067 2387 2858 4776 643 3177 926 16187 16187 16187 16187
3842 3171 2856 11889 4776 12012 16187 3364 3364 2823 6912 4338 16187 16187 16187 16187
4776 10033 6179 15525 3177 6259 926 8268 14237 3774 926 926 16187 16187 16187 3211
4776 2221 12233 3171 8710 6259 8268 7740 12020 4325 968 547 8712 16187 16187 16187
3842 3171 2856 11889 4776 12012 16187 3364 3364 2823 6912 4338 16187 16187 16187 16187
4776 2563 779 6259 716 5646 13839 16187 14180 16187 4103 16187 6535 16187 6535 14125
6689 14069 14776 5297 12825 12092 3766 8268 4776 13139 8710 14029 4152 1684 16187 16187
3842 1957 14180 1737 16187 16187 9339 926 1957 12291 16187 8069 8719 6259 4406 16187
13474 8710 6188 2858 1885 9059 5867 5732 14237 4776 10033 3609 14069 16187 926 8712
14237 2945 12650 4776 4895 10324 14029 4776 2002 8063 2221 16187 16187 16187 16187 16187
3842 16187 16187 1737 8268 14180 8719 12349 16187 12349 12127 983 16187 16187 2563 16187
12008 3171 15846 4552 830 5332 16187 4311 8712 8710 6259 16187 830 8712 16187 16187
7926 7336 926 3171 2563 8268 1435 12233 2552 7926 926 9605 13592 830 8712 16187
3842 16187 16187 1737 4776 6619 5627 16187 7499 1243 3177 12276 7991 3171 7981 16187
7926 8710 5297 6070 630 6259 926 830 14180 926 16187 16187 16187 16187 16187 6535
926 926 1955 926 8719 926 14237 1955 926 8719 926 16187 16187 16187 16187 16187
926 926 5867 8808 8710 8268 6381 10716 6259 7083 16187 16187 16187 16187 7970 16187
926 926 5867 12852 8710 11326 1430 830 4776 4750 926 16187 16187 16187 8268 926
10355 6499 8268 1378 7949 8268 14237 14691 8081 8719 3171 3033 14596 3177 1277 16187
3842 1919 12127 926 3177 5937 1750 16187 12349 4311 7740 16187 13348 16187 3192 16187
4776 10418 8710 6535 10355 8268 12495 16187 13474 5867 6259 10887 16187 16187 16187 16187
8712 5867 14180 6070 13074 14237 2229 12233 5522 1919 16187 16187 16187 16187 16187 16187
8712 5867 4470 8268 5046 14691 15567 16187 9780 16187 16187 16187 2296 16187 91 16187
8712 5867 14180 6070 13074 14237 2229 12233 5522 1919 16187 7877 926 16187 16187 16187
12541 14827 1885 3398 16187 16187 16187 16187 16187 16187 16187 16187 16187 16187 16187 16187
3842 1957 14180 1737 16187 16187 9339 926 1957 12291 16187 8069 8719 6259 926 16187
13474 5388 2903 11912 14237 926 14237 7926 8710 926 926 16187 16187 16187 16187 16187
1955 4776 16016 3177 4776 13305 9330 8061 8268 13723 8710 6259 14250 9290 16187 16187
3842 1919 12127 926 3177 5937 1750 16187 12349 4311 7740 16187 13348 16187 3192 16187
1955 4776 926 6585 8719 4776 15416 8307 16187 7926 926 4776 14596 16187 16187 926
4325 4552 9754 3432 10357 8712 15525 16187 16187 16187 16187 16187 16187 16187 16187 16187
4325 4552 9754 3432 10357 8712 15525 16187 16187 929 13348 16187 13348 16187 13348 16187
4325 4552 14237 7926 5867 52 1094 1919 342 926 16187 16187 16187 16187 16187 16187
14734 11656 8710 10390 1955 8710 14734 13726 12233 9094 14734 8808 16187 16187 16187 16187
3842 1919 12127 926 3177 5937 1750 16187 12349 4311 7740 16187 13348 16187 3192 16187
14734 926 8710 6209 16187 1885 954 3177 4776 8719 4776 2543 16187 13141 6259 10150
830 9743 5329 2858 10855 132 8268 7926 5867 10967 16187 16187 16187 16187 16187 16187
3842 1957 14180 1737 16187 16187 8268 14397 14237 926 16187 16187 16187 16187 16187 16187
14180 3177 4776 12835 11553 15819 10638 16187 3553 16187 16187 926 16187 16187 16187 16187
926 13183 13213 15525 16187 16187 16187 16187 16187 16187 16187 16187 16187 16187 16187 16187
3842 8712 11889 4776 12012 13348 16187 5447 6259 2563 16187 5148 7001 16187 5711 16187
926 13183 13213 15525 16187 16187 4776 10978 16187 926 16187 16187 16187 16187 16187 16187
4776 10033 8710 7518 14029 4776 2451 13664 2837 5577 926 14237 4421 10509 926 16187
3842 3171 2856 11889 4776 12012 16187 3364 3364 2823 6912 4338 16187 16187 16187 16187
4776 926 3785 14237 4152 830 4776 7188 3177 4776 1559 16187 16187 16187 16187 16187
14031 8268 703 3818 2176 13089 7926 15881 926 6259 926 1919 4776 926 16187 16187
14031 8268 14237 926 5867 1110 8661 8268 6070 4687 16187 830 4776 2601 983 13783
7740 4537 3644 9754 9137 12233 7001 2552 8712 10036 16187 16187 16187 14029 16187 2601
9403 7999 9385 1919 6341 12538 2191 2598 16187 16187 16187 16187 16187 16187 16187 16187
3842 1919 12127 926 3177 5937 1750 16187 12349 4311 7740 16187 13348 16187 3192 16187
1378 3177 9743 1133 5463 7698 4776 10026 16187 10571 3177 8712 16187 16187 2689 16187
4776 13811 14237 10418 8710 6070 5543 16187 16187 16187 16187 16187 16187 16187 16187 16187
4776 13811 4931 14069 13592 2598 16187 16187 926 16187 14426 3177 13341 16187 7807 16187
4776 13811 14237 6006 14776 2446 9431 14263 16187 9431 16187 6070 13583 16187 16187 6153
7542 8712 4931 6259 6070 2997 2563 16187 16187 16187 16187 16187 16187 16187 16187 16187
3842 1957 14180 1737 16187 16187 14397 14397 2148 512 7345 16187 16187 16187 16187 16187
7542 8268 6259 6070 10355 10033 3177 2263 8157 16187 2563 16187 6918 16187 16187 16187
8712 9277 11553 6201 5463 8712 4931 4776 926 10799 12008 1711 8712 13081 3098 16187
3842 8712 11889 4776 12012 13348 16187 5447 4776 2563 16187 6635 15036 14237 4776 6544
8712 5867 6259 8434 16187 14237 6259 5948 3177 13250 16187 16187 16187 16187 926 16187
1213 1133 6061 6259 6581 8268 5463 6297 926 8794 11693 16187 16187 16187 16187 16187
3842 1957 14180 1737 16187 12467 16187 10315 13348 16187 16187 2148 16187 16187 16187 1957
2446 1378 2588 9424 8710 15568 14237 4172 16187 926 16187 16187 16187 16187 16187 16187
926 6585 12233 5759 12008 5329 6705 830 8794 8580 16187 16187 16187 16187 16187 16187
3842 8712 11889 4776 12012 13348 16187 5447 6259 2563 3177 3192 16187 3192 16187 3192
926 5867 9957 9498 3098 16187 830 4776 1419 16187 91 16187 14237 926 16187 16187
4776 4152 2894 3177 1138 926 5711 8710 7518 14029 6259 4949 14596 16187 16187 16187
3842 3171 2856 11889 4776 12012 16187 3364 3364 2823 6912 4338 16187 16187 16187 16187
4776 10033 4931 3098 8268 6297 16187 15525 16187 830 4776 816 16187 926 13348 16187
926 8710 6259 10355 8268 10762 2167 12491 10033 16187 16187 16187 16187 16187 16187 16187
3842 3171 2856 11889 4776 12012 16187 3364 3364 2823 6912 4338 16187 16187 16187 16187
926 8710 6259 9290 6470 8719 6259 9450 9138 15142 643 16187 16187 12495 16187 16187
15870 3171 3364 5367 8719 4776 3990 3177 2053 926 4835 3994 16187 16187 16187 16187
3842 1957 14180 1737 16187 12467 16187 10315 9339 12835 16187 926 16187 11889 16187 16187
12008 3730 16187 926 14237 15096 9029 16187 8710 4776 14596 16187 14237 2148 16187 512
8710 926 926 13084 10501 3177 4776 926 14596 2598 16187 16187 16187 16187 16187 16187
3842 1919 12127 926 3177 5937 1750 16187 12349 4311 7740 16187 13348 16187 3192 16187
926 8710 6259 9290 6470 8719 6259 9450 9138 15142 643 16187 16187 12495 16187 16187
5 12868 2903 13348 16187 16187 16187 16187 16187 16187 16187 16187 16187 16187 16187 16187
3842 1957 14180 1737 16187 12467 16187 10315 13348 16187 16187 14397 2148 2689 512 14734
5329 1597 6363 9484 5365 380 15956 5463 16187 13216 16187 16187 16187 16187 7970 16187
14411 8268 1229 14272 9498 4776 10355 703 2598 16187 16187 16187 16187 16187 16187 16187
14411 8268 7740 11553 8466 926 14237 8168 16187 8270 16187 16187 16187 4311 16187 2974
14272 7740 12431 4931 11655 8719 12127 2191 3177 4776 4183 16187 16187 16187 8185 13348
4624 8069 1190 2858 10217 13232 8268 4776 15208 10671 14237 4776 926 10671 16187 16187
3842 1919 12127 926 3177 5937 1750 16187 12349 4311 7740 16187 13348 16187 3192 16187
7740 11530 4776 2400 5629 15103 11860 5867 8808 14237 926 3711 5867 16187 4404 9290
3171 8710 1378 3177 4776 564 926 3177 14180 983 16187 16187 16187 16187 16187 16187
3842 3171 2856 11889 4776 12012 16187 3364 3364 2823 6912 4338 16187 16187 16187 16187
3171 8710 1378 3177 4776 564 926 3177 14180 983 16187 926 16187 3137 16187 16187
5256 1919 10812 16187 16187 16187 16187 16187 16187 16187 16187 16187 16187 16187 16187 16187
3842 1919 12127 926 3177 5937 1750 16187 12349 4311 7740 16187 13348 16187 3192 16187
91 8710 12276 3320 2894 4311 3112 4776 2563 16187 4776 10033 16187 14237 2148 16187
4537 3644 9754 8467 12233 3249 14029 16187 16187 16187 16187 16187 16187 16187 16187 16187
8726 6011 11553 13592 2467 11953 3171 10033 5867 13991 1167 4537 7001 16187 16187 16187
4537 1955 15096 1955 6011 14776 3562 9591 12233 10603 8712 16187 830 16187 16187 16187
4776 13839 1029 8719 8808 14237 8712 8710 6259 15174 8170 423 926 16187 16187 16187
3842 1919 12127 926 3177 5937 1750 16187 12349 4311 7740 16187 13348 16187 3192 16187
4776 13839 1029 8719 8808 14237 8712 8710 6259 15174 8170 423 926 16187 2689 16187
10669 8268 8815 2904 10967 10928 16187 16187 16187 16187 16187 16187 16187 16187 16187 16187
5329 8569 16187 13089 13474 4931 2176 16187 15662 16187 13474 926 16187 16187 16187 16187
6011 11465 16187 11889 5568 5296 5867 2400 8268 926 8268 14237 13573 16187 12767 926
9084 13592 3177 6011 12782 4776 12298 15477 2598 16187 16187 16187 16187 16187 16187 16187
5329 8569 8268 12008 5329 5463 10355 9890 16187 4537 8084 16187 8712 16187 16187 16187
14180 6011 15846 6601 10603 15525 5430 16187 2148 16187 512 9290 16187 13348 16187 16187
1919 13044 12716 8268 1612 6598 9070 12349 16187 16187 16187 16187 16187 16187 16187 16187
3842 1919 12127 926 3177 5937 1750 16187 8268 7740 9004 11889 926 16187 16187 16187
13474 8710 6188 2858 1885 9059 5867 5732 14237 4776 10033 3609 14069 16187 926 8712
8712 8710 11953 4776 3052 14237 4776 12805 3177 4776 2563 16187 16187 16187 16187 16187
3842 16187 16187 1737 8268 14180 8719 4776 5365 16187 14237 7970 16187 16187 14397 926
8712 8710 11953 6259 10240 14237 2263 926 12835 16187 926 16187 11788 14237 926 16187
1955 15036 8268 12272 926 3847 12256 4189 16187 16187 16187 16187 16187 16187 16187 16187
3842 1957 14180 1737 16187 16187 8268 14397 14237 926 16187 16187 16187 16187 16187 16187
1955 830 4776 14596 8268 7740 1110 8712 13348 16187 2974 16187 13348 16187 16187 16187
2599 9070 5322 6011 12233 4776 3011 12162 15211 16187 16187 16187 16187 16187 16187 16187
2599 9070 8537 16187 1138 5711 14237 9429 7926 3543 16187 2823 6259 926 16187 16187
2599 9070 5322 6011 12233 4776 3011 12162 15211 16187 16187 16187 16187 16187 16187 91
14822 8268 8270 2123 3137 983 14043 8268 8270 8798 8268 7975 4609 10967 7076 16187
3842 16187 16187 1737 8268 14180 8719 12349 14180 7740 11553 6259 10709 16187 4609 16187
7740 11530 926 926 1019 926 10303 6173 1955 4776 4125 14029 4776 13868 16187 16187
8712 2446 6234 10571 6585 12233 4776 4994 3177 5463 983 13783 16187 16187 16187 16187
8712 2446 8368 12233 6546 6259 9773 14029 4776 14954 3177 10131 16187 16187 830 926
8712 2446 6234 10571 6585 12233 4776 4994 3177 5463 983 13783 16187 1588 16187 926
1229 7542 8268 7740 1110 2326 3171 10033 10967 10442 12233 12298 16187 16187 16187 16187
9036 3171 2563 16187 12495 16187 12495 15096 12233 12298 16187 16187 16187 5796 926 16187
1229 8268 778 4320 8710 5297 4776 564 9577 7740 11553 8084 8466 13348 16187 16187
6259 3384 11889 5463 8726 232 13089 6724 15202 16187 16187 16187 16187 16187 16187 16187
3842 3171 2856 11889 4776 12012 16187 3364 3364 2823 6912 4338 16187 16187 16187 16187
6259 12444 2598 16187 10033 16187 7651 2689 16187 9442 4776 1885 10418 16187 14426 16187
7740 16007 4837 5878 8268 12008 7740 12232 1436 7740 973 6259 14348 16187 16187 16187
7740 973 5329 13616 6173 16187 487 3177 16187 6215 16187 16187 3171 12495 16187 16187
7740 11530 8712 16187 8719 12276 10887 14230 16187 8185 16187 703 16187 16187 16187 11889
11389 926 4931 2446 2689 11953 6826 1138 8795 5711 5568 7926 1163 16187 16187 16187
3842 1919 12127 926 3177 5937 1750 16187 12349 4311 7740 16187 13348 16187 3192 16187
1955 6259 3537 8268 8712 5867 5329 8569 16187 4537 926 4776 16187 16187 16187 16187
3171 2563 8710 15374 5463 4776 387 4931 9754 2296 14029 14734 12489 5509 16187 16187
3842 3171 2856 11889 4776 12012 16187 3364 3364 2823 6912 4338 16187 16187 16187 16187
3171 2563 8710 2176 8719 12127 1744 16187 9790 1955 6259 15236 779 16187 1378 16187
8726 6011 6635 4776 15595 8268 6011 15846 5329 2823 9872 16187 16187 16187 16187 16187
8726 6011 188 12233 2552 6259 4932 2563 8268 2552 1138 1371 11220 8346 5711 16187
8726 6011 11889 5520 6801 926 7740 8154 3171 16187 16187 7970 16187 2563 16187 16187
8712 4931 9754 13533 1138 8569 8268 5711 4537 1482 16187 16187 16187 16187 16187 16187
8712 4931 9754 13533 1138 8569 8268 5711 4537 1482 16187 16187 6304 5711 16187 16187
8712 4931 9754 13533 15231 12008 8712 771 569 3177 926 16187 16187 926 16187 16187
15658 12232 12650 5463 15677 6890 2598 16187 16187 16187 16187 16187 16187 16187 16187 16187
5329 8569 16187 13089 13474 15846 9605 1885 11846 1919 14734 8179 9203 16187 16187 2296
6011 11465 16187 11889 6259 9290 1919 6259 926 1919 6259 926 16187 926 16187 16187
8712 9883 10915 13084 10812 16146 512 12233 926 9955 14237 8000 8794 877 16187 16187
3842 8712 16187 63 14029 4776 2768 12233 8155 16187 16187 16187 5820 16187 16187 16187
8712 5867 926 8268 12576 16187 9084 6259 10894 3177 6259 926 16187 6097 4125 16187
3171 2563 6297 771 1954 8521 1543 4776 14217 6724 6259 5088 12233 926 16187 16187
3842 3171 2856 11889 4776 12012 16187 3364 3364 2823 6912 4338 16187 16187 16187 16187
3171 2563 4931 10770 8268 8726 14180 12349 4776 4805 16187 16187 16187 2588 16187 16187
1229 630 3177 14272 16105 4776 1866 8808 3098 779 12766 15842 16187 16187 16187 16187
3842 1957 14180 1737 16187 12467 16187 10315 13348 16187 16187 5580 16187 6535 2097 3177
1229 6070 9780 16187 643 14029 4776 16146 4751 8719 1954 4142 9332 7974 16187 8213
4776 12835 3081 2837 11439 1706 5867 926 14776 926 14237 3177 9450 6985 16187 16187
3842 1919 12127 926 3177 5937 1750 16187 12349 4311 7740 16187 13348 16187 3192 16187
4776 12835 14776 7742 13663 14237 15071 16187 926 8268 14237 14776 926 16187 16187 16187
6259 3098 3460 16187 16187 16187 16187 16187 16187 16187 16187 16187 16187 16187 16187 16187
6259 238 14237 6259 1435 7739 14029 6071 2563 8268 1229 1229 16187 3543 7001 16187
6259 3098 14596 13060 2837 4776 2353 16187 7032 4776 14596 3177 926 16187 16187 16187
10217 3177 4776 9339 12835 2326 926 15597 16101 8719 4776 16146 8185 16187 16187 16187
3842 1919 12127 926 3177 5937 1750 16187 12349 4311 7740 16187 13348 16187 3192 16187
4776 10418 8710 232 14237 4493 8268 8726 3559 16187 4552 16187 16187 4552 16187 16187
8712 4931 13904 14237 1117 13348 16187 16187 16187 16187 16187 16187 16187 16187 16187 16187
8712 4931 9754 4537 2123 2598 16187 16187 926 16187 16187 16187 9431 16187 16187 16187
8712 4931 13904 14237 1117 13348 16187 15202 8719 926 16187 10501 3177 4776 10033 16187
4776 2563 4931 12510 14029 1885 13508 14237 12124 12233 1695 16187 16187 16187 16187 16187
3842 1957 14180 1737 16187 16187 14397 14397 14192 16187 16187 16187 15715 16187 16187 16187
4776 2563 4931 12510 14029 1885 13508 14237 12124 12233 1695 16187 13999 16187 16187 16187
