8712 8710 15677 14237 928 14237 4537 6093 14231 16187 16187 16187 16187 16187 16187 16187
8712 8710 15677 14237 928 14237 4537 6093 14231 16187 4537 6259 8569 16187 16187 16187
8712 8710 8268 1955 6011 5208 2552 10967 12276 1378 2894 9623 4098 8268 12256 16187
2263 11889 15715 5937 7981 14029 7829 3059 16187 16187 16187 16187 16187 16187 16187 16187
4267 12233 11553 926 5406 6188 2837 926 16187 16187 1957 14734 9465 16187 16187 16187
2263 11889 15715 5937 7981 14029 7829 3059 16187 6011 14029 4776 16146 16187 16187 16187
7926 926 1919 926 12233 4924 2857 16187 16187 16187 16187 16187 16187 16187 16187 16187
7926 926 1919 926 12233 4924 2857 16187 7926 16187 15846 926 16187 14734 13064 926
7926 926 1919 8712 14237 8451 5463 8712 5867 5820 16187 16187 14237 5568 2326 16187
6011 9890 2186 3171 2563 1955 8712 8710 14043 6011 4552 9754 16187 16187 16187 16187
6011 9890 2186 3171 2563 1955 8712 8710 14043 6011 4552 9754 16187 16187 16187 16187
6011 11530 8712 13348 16187 63 16187 1383 16187 16167 12349 4776 817 926 16187 16187
15662 9084 8712 1453 1229 15096 2598 16187 16187 16187 16187 16187 16187 16187 16187 16187
15662 9084 8712 1453 1229 15096 2598 16187 16187 2598 16187 16187 2598 16187 16187 16187
15662 9084 8712 1453 1229 15096 2598 16187 9431 16187 16187 2598 16187 16187 16187 2598
7740 9431 1442 3171 2563 13089 8712 2979 8719 4776 2729 14237 7740 11530 8712 16187
7740 9431 4931 926 2837 4776 5358 8719 3171 10033 16187 12495 16187 16187 8069 12233
7740 9431 4931 926 2837 4776 5358 8719 3171 10033 16187 16187 16187 16187 16187 16187
7661 8185 9498 12105 4641 14237 7661 11553 926 14231 9928 11653 16187 16187 16187 16187
7661 8185 9498 12105 4641 14237 7661 11553 926 14231 9928 11653 16187 16187 16187 16187
7661 8185 9498 3098 16187 6797 8268 14237 13474 684 8712 1955 7742 16187 16187 16187
3171 2563 8710 3098 8726 6011 11031 15 830 6259 11406 14237 6826 4929 7314 16187
3171 2563 8710 5329 15624 16187 14043 8069 2461 8712 14180 15846 8710 6259 13734 16187
3171 2563 8710 3098 8726 6011 11031 15 830 6259 11406 14237 6826 4929 7314 16187
14634 3177 4776 1618 8710 1378 3177 9743 10355 15720 16187 16187 16187 16187 16187 16187
4267 12233 11553 926 5406 6188 2837 926 16187 16187 1957 14734 16187 16187 4311 16187
1378 3177 4776 564 6593 3177 926 16187 926 14776 15662 8069 2148 12233 12650 16187
12958 5208 2823 8268 14237 8710 2176 16187 16187 16187 16187 16187 16187 16187 16187 16187
12958 6672 8268 11499 8268 9219 4776 4302 8913 16187 16187 16187 16187 16187 6070 2997
12958 5208 2823 8268 14237 8710 2176 16187 10566 3098 16187 16187 16187 8084 16187 16187
4776 4369 3177 4776 5434 15881 6259 9484 13348 16187 16187 16187 16187 16187 16187 16187
4776 10418 10967 10394 8710 6388 16187 6388 8268 5288 8268 12364 16187 8268 5288 16187
4776 4369 3177 4776 5434 1019 15827 6173 13084 10887 926 16187 16187 6173 16187 16187
1378 3177 9743 1133 5463 7698 4776 10026 16187 16187 16187 16187 16187 16187 16187 16187
1378 3177 9743 8185 5463 3112 6259 5695 13839 1019 14029 2256 6173 5580 6388 16187
1378 3177 9743 1133 5463 7698 4776 10026 16187 10026 11953 5463 16187 4440 16187 14691
7740 771 8466 1213 6259 9424 11953 10422 3177 643 7740 11553 8093 8466 8258 16187
7740 771 13084 10400 14272 3171 2563 4931 8569 11953 8712 16187 16187 16187 16187 16187
7740 771 8466 1213 6259 9424 11953 10422 3177 643 7740 11553 8093 8466 8258 16187
926 8268 4624 9605 1954 9332 1453 14029 4776 926 684 2837 926 926 16187 16187
3842 11889 4776 12012 13348 16187 12020 7740 1951 1919 6259 7151 12233 16187 16187 16187
926 8268 4624 9605 1954 9332 1453 14029 4776 926 684 2837 926 926 16187 16187
14180 4776 2689 14465 13758 8719 926 3766 16187 16187 16187 16187 16187 16187 16187 16187
4776 12835 14776 14977 9591 12233 7001 12233 9605 9070 223 16187 16187 16187 16187 16187
14180 4776 2689 14465 13758 8719 926 3766 16187 14237 4776 10033 6259 9290 16187 16187
6529 5983 14776 630 12495 9248 16187 16187 16187 16187 16187 16187 16187 16187 16187 16187
4267 4710 16187 3171 2563 4931 16105 16187 16187 8719 12276 643 16187 16187 16187 16187
10710 1955 5463 16187 385 12349 10036 16187 5332 16187 8185 16187 13348 16187 16187 16187
14272 926 6011 12233 4552 15389 11889 5463 2598 16187 16187 16187 16187 16187 16187 16187
14272 926 6011 12233 4552 15389 11889 5463 2598 16187 16187 2598 16187 16187 16187 16187
14272 2326 10889 14776 4776 7489 3177 5463 10936 16187 4931 14734 10566 16187 16187 16187
7740 4552 9754 9429 8712 5867 4032 853 12097 14043 926 16187 16187 16187 16187 16187
7740 4552 9754 9429 8712 5867 4032 853 12097 14043 926 16187 926 16187 16187 16187
7740 11530 8712 8268 7740 973 9813 16041 4776 3366 13089 8712 5656 15525 13348 16187
3474 8659 7817 1885 4707 12233 15391 926 8268 4776 15387 3177 3171 14426 16187 16187
4267 12233 11553 1138 926 15190 5711 1378 3177 12276 2053 4931 6259 16187 10033 13348
1378 3177 9743 1133 5463 7698 4776 10026 16187 10026 11953 5463 16187 703 12495 16187
13084 926 16187 16187 16187 16187 16187 16187 16187 16187 16187 16187 16187 16187 16187 16187
13084 926 16187 4240 7740 15956 16187 7740 1951 16187 16187 16187 16187 16187 16187 16187
13084 926 16187 16187 7812 1885 16187 926 16187 12105 16187 16187 16187 6685 16187 926
13474 14827 8712 8268 3177 1245 8268 8719 1885 7729 926 3177 1954 926 653 16187
3842 91 16187 4152 16187 926 14029 4776 16146 16187 14180 12495 16187 16187 16187 16187
13474 14827 8712 8268 3177 1245 8268 8719 1885 7729 926 3177 1954 926 653 16187
11151 12013 16187 16187 16187 16187 16187 16187 16187 16187 16187 16187 16187 16187 16187 16187
11151 12013 16187 3171 2563 16187 12208 6011 12233 6683 1957 4776 8521 16187 1545 1919
6826 2176 926 8268 5288 1919 6259 10894 3177 6259 926 1919 8808 16187 16187 16187
12855 926 2842 14734 926 926 830 14734 15949 14237 5695 9534 16187 16187 16187 16187
4267 926 1919 3171 14596 3177 926 14237 926 8069 3191 16187 16187 926 16187 16187
4421 15928 8710 5498 926 8268 1954 926 926 926 5095 16187 16187 16020 16187 16187
7740 1959 926 2588 6304 14237 12561 4531 8712 16187 16187 16187 16187 16187 16187 16187
7740 1959 3171 1919 1954 1381 8456 14237 7740 12431 6259 14919 16187 15956 7740 15956
7740 1959 926 2588 6304 14237 12561 4531 8712 16187 16187 16187 16187 16187 16187 16187
1138 4776 3098 926 5711 15973 11914 926 14237 926 926 16187 16187 16187 16187 16187
1138 4776 9349 5867 13429 8710 5711 14029 4776 15138 16187 16187 13348 16187 13348 16187
1138 4776 3098 926 5711 15973 11914 926 14237 926 926 16187 16187 16187 16187 16187
14180 3177 5463 4931 2997 12233 1207 16187 16187 16187 16187 16187 16187 16187 16187 16187
14180 3177 5463 5138 5656 926 16187 8719 4776 9770 16187 16187 16187 8719 4776 10033
14180 3177 5463 4931 2997 12233 1207 16187 926 926 16187 16187 16187 16187 16187 16187
15520 16058 7987 14776 5462 6386 8268 14237 4776 10033 15549 7159 3171 423 16187 16187
4267 12233 11553 1138 12298 8719 3171 2563 13348 16187 11401 10036 16187 16187 6011 16187
14734 12835 14776 661 14237 5627 8710 7336 1980 16187 9817 16187 12495 16187 16187 16187
10355 3575 12273 9594 8268 10355 12233 11553 6011 10918 16187 16187 16187 16187 16187 16187
14691 7310 8268 12008 3847 11553 6826 10355 10418 16187 16187 16187 16187 16187 16187 16187
10355 3575 12273 9594 8268 10355 12233 11553 6011 10918 16187 983 16187 10312 13348 16187
13208 13348 16187 16187 16187 16187 16187 16187 16187 16187 16187 16187 16187 16187 16187 16187
4487 12232 12757 8270 4776 4750 8858 443 3177 926 16187 16187 16105 2598 16187 16187
13208 13348 16187 13549 6259 15174 16187 14230 16187 16187 16187 12276 4537 2599 16187 16187
12273 14058 926 8710 12256 1955 926 7634 926 16187 16187 16187 16187 16187 16187 16187
4267 926 1919 3171 2037 8268 3171 779 8808 10801 16187 16187 12256 16187 16187 16187
12273 14058 926 8710 12256 1955 926 7634 926 16187 9450 16187 14734 2599 5867 926
5329 13616 14272 3171 13197 11953 1213 6259 10033 16187 16187 16187 16187 16187 16187 16187
5329 13616 14272 3171 13197 11953 1213 6259 10033 16187 16187 2148 1957 5074 16187 16187
5329 2296 6148 3823 16187 15956 16187 4776 14596 16187 16187 16187 8270 512 4776 12835
4776 14596 4931 5329 5463 9332 16187 16187 16187 16187 16187 16187 16187 16187 16187 16187
4776 14596 4931 5329 5463 12008 7740 3364 11553 16187 2989 13348 16187 16187 9431 16187
4776 8521 4931 13436 8268 6297 14180 16187 16187 16187 16187 14397 14397 14397 512 2148
91 926 12232 1903 14734 926 1919 6259 716 9992 926 16187 16187 16187 16187 16187
3842 91 16187 4152 1684 14237 14272 1927 16187 9736 16187 926 15846 16187 3356 2598
91 926 12232 1903 14734 926 1919 6259 716 9992 926 16187 16187 16187 16187 16187
8719 3511 8268 8712 12232 8733 8712 6259 630 8270 2563 16187 16187 16187 16187 16187
8719 3511 8268 8712 12232 8733 8712 6259 630 8270 2563 16187 8270 16187 16187 16187
8719 3511 8268 7740 12232 1436 5463 8712 4931 6535 630 6259 9450 16187 16187 16187
12008 14272 11921 13089 5937 10026 7165 4994 2598 16187 16187 16187 16187 16187 16187 16187
12008 14272 9498 4325 5807 2598 16187 4325 2598 16187 16187 2598 16187 16187 16187 2598
12008 14272 11921 13089 5937 10026 7165 4994 2598 16187 16187 926 16187 16187 16187 16187
4776 564 9424 11953 3171 2563 8710 4776 3398 1146 14457 16187 16187 16187 16187 16187
4776 564 4440 9498 1919 926 5867 8808 8268 3177 1245 16187 16187 16187 16187 16187
4776 564 9424 11953 3171 2563 8710 4776 3398 1146 14457 16187 16187 16187 10355 16187
4552 5430 6259 13659 12576 8726 8712 7076 8693 6011 8268 7001 2552 8712 16187 16187
4552 9754 9605 9070 223 8268 7740 11889 6259 10355 8440 2122 2563 16187 15096 16187
4552 5430 6259 13659 12576 8726 8712 7076 8693 6011 8268 7001 2552 8712 16187 16187
12008 7740 4552 9754 9429 8712 5867 4103 1955 7742 1955 8712 3364 11553 12766 16187
12008 4552 9754 2823 1407 2837 4776 9138 16187 926 16187 16187 11953 16187 16187 16187
12008 1955 7740 6432 6745 7740 12431 12349 12276 3942 1919 4776 10033 16187 16187 16187
10619 9484 926 13348 16187 16187 16187 16187 16187 16187 16187 16187 16187 16187 16187 16187
5627 14139 15525 3177 9484 16187 6259 830 926 16187 2563 16187 1433 15525 12233 12650
10619 9484 926 13348 16187 14350 9498 4776 9431 16187 3384 16187 16187 16187 16187 16187
14069 14776 13084 926 8719 3171 13734 16187 16187 16187 16187 16187 16187 16187 16187 16187
3842 16187 16187 1737 16187 1378 12349 6259 1787 16187 16187 2563 16187 3553 16187 16187
14237 1885 4406 11656 4931 1955 10355 1955 6259 926 13583 16187 14043 15392 12260 16187
926 8710 6259 926 5365 817 3632 943 16187 16187 16187 16187 16187 16187 16187 16187
926 8710 6259 13428 6825 684 2837 6259 15624 13334 13912 16187 926 16187 16187 6748
926 8710 6259 926 5365 817 3632 943 16187 13348 16187 13348 16187 16187 13594 16187
7740 11530 926 926 1019 926 10303 6173 1955 4776 4125 14029 4776 13868 16187 16187
7740 4552 9754 8313 12233 8832 3171 2563 8268 7740 10716 10603 13832 9872 16187 16187
7740 11530 926 926 1019 926 10303 6173 1955 4776 4125 14029 4776 13868 16187 16187
3171 10033 8710 8719 13084 4927 1954 12606 2563 16187 16187 16187 16187 16187 16187 16187
3171 10033 4931 13060 2837 4776 9058 3177 8920 16187 414 2263 9442 16187 16187 16187
3171 10033 8710 5580 3098 16187 1378 16187 2588 5365 16187 2588 16187 16187 14237 7740
4776 16003 8710 4776 2176 926 8174 4776 12337 9385 3137 2150 16187 16187 16187 16187
4776 16003 2945 779 1954 926 1853 7205 16187 14180 16187 16187 16187 16187 2563 16187
4776 16003 954 16187 684 4776 7742 13474 4931 9563 6259 926 16187 16187 16187 16187
6011 11553 8093 8466 1157 11889 3171 16187 16187 16187 16187 16187 16187 16187 16187 16187
6011 11553 8093 8466 1157 11889 3171 16187 8719 4776 2563 16187 16187 16187 16187 16187
6011 11553 12233 5272 13089 8712 4931 16105 16187 16187 11889 4776 2563 16187 16187 16187
10584 3177 4750 8710 2689 14237 2519 8719 8712 5867 6138 16187 16187 16187 16187 16187
3842 1957 14180 1737 16187 16187 16187 8069 7970 16187 16187 16187 2588 16187 16187 16187
8712 8710 1954 5906 7937 3177 7314 16187 16187 16187 12757 16187 9085 16187 830 4776
7740 8197 3171 6259 6070 5947 5627 8268 15978 3177 4776 10770 2500 16187 16187 16187
9036 3171 2563 16187 15978 2263 2148 512 12495 16187 16187 16187 9429 16187 191 8710
7740 8197 3171 1378 1954 4687 9484 15525 3177 9484 13348 16187 3137 2150 16187 16187
7740 12232 11553 12233 1436 14587 14001 8710 4776 10566 2002 4895 2563 14237 308 16187
9036 3171 2563 16187 15978 2263 11401 16187 5208 6011 5208 15956 16187 16187 6011 4628
7740 12232 9754 6407 3171 1378 8726 6011 11031 6259 3285 14043 6259 7083 14230 16187
14652 13348 16187 16187 16187 16187 16187 16187 16187 16187 16187 16187 16187 16187 16187 16187
1138 12843 5711 16187 2543 16187 12256 16187 16187 16187 6297 8610 14112 12260 16187 16187
14652 13348 16187 5948 16187 12291 8719 14237 4776 9290 6070 15048 16187 16187 4537 16187
926 5867 8856 3870 8710 9612 5816 8913 2837 9859 8268 15658 3873 1885 15525 16187
3842 16187 16187 1737 9487 8268 10315 5937 9887 830 6259 6689 2526 16187 16187 10953
926 5867 9534 1955 4776 5424 926 8710 14311 14237 8700 16187 16187 1344 4776 10033
926 8719 7279 2598 16187 16187 16187 16187 16187 16187 16187 16187 16187 16187 16187 16187
3842 3171 2856 11889 4776 12012 16187 3364 11553 12766 926 2598 16187 16187 16187 16187
926 8719 7279 2598 16187 14734 926 14426 16187 16105 1955 7742 16187 16187 16187 16187
3171 1378 8710 6259 12099 1614 12478 1919 926 16187 16187 16187 16187 16187 16187 16187
4267 12233 11553 1138 8858 926 9070 8719 4776 2563 5711 16187 16187 1138 6011 5711
3171 1378 8710 6259 12099 1614 12478 1919 926 16187 14776 1229 5463 14776 6348 12309
5627 15525 3177 9484 16187 16187 16187 16187 16187 16187 16187 16187 16187 16187 16187 16187
5627 16187 15525 3177 9484 16187 6535 630 6259 10315 830 4891 8069 926 16187 16187
6259 4858 4189 10967 14745 16187 8719 14734 13034 16187 14635 3177 2148 16187 16187 16187
7926 8710 7761 830 1954 950 926 830 6259 8081 10033 954 16187 16187 16187 16187
3842 91 16187 2689 16187 4537 9605 4776 4152 16187 12349 15389 16187 926 16187 14125
7926 8710 7761 830 1954 950 926 830 6259 8081 10033 954 16187 16187 16187 16187
3171 8710 4776 9790 10686 5463 5867 12766 4103 8270 2882 16187 16187 16187 16187 16187
3171 8710 4776 9790 10686 5463 5867 12766 4103 8270 2882 16187 11716 6011 16187 16187
3171 8710 4776 564 926 6801 15525 14069 16187 16187 564 16187 16187 16187 15525 16187
14916 8539 7849 10211 7810 16187 16187 16187 16187 16187 16187 16187 16187 16187 16187 16187
9311 11953 9937 16187 16187 12127 8181 16187 10272 12233 2823 15715 16187 16187 16187 16187
14916 8539 7849 10211 7810 16187 14029 1378 8043 16187 13182 16187 16187 10372 16187 12233
11889 1515 10967 15848 618 12233 926 926 8719 4776 926 3177 1954 10211 16187 16187
4267 12233 11553 926 5406 6188 2837 926 16187 16187 16187 16187 4311 16187 16187 16187
6173 16146 4440 14237 4776 10033 15846 14776 16187 1344 540 16187 16187 7742 16187 16187
14043 6266 16187 16187 16187 16187 16187 16187 16187 16187 16187 16187 16187 16187 16187 16187
14043 6266 16187 1885 8423 926 2598 16187 16187 1885 2598 16187 16187 16187 16187 16187
14043 6266 16187 5695 13839 1919 6259 2326 12545 11953 3171 16187 16187 16187 2689 16187
1019 14180 4776 6913 3635 8719 4776 14842 14776 14244 13891 3177 4679 6173 16187 16187
1019 12225 10967 4776 7279 14029 4776 12162 6173 16187 16187 16187 16187 16187 16187 16187
1019 14180 4776 6913 3635 8719 4776 14842 14776 14244 13891 3177 4679 6173 16187 16187
7926 1046 13353 2858 14734 13034 14237 926 8712 16187 16187 16187 16187 16187 16187 16187
7926 3032 12233 5243 4185 12008 5568 12115 926 11222 16187 16187 6912 16187 16187 16187
7926 1046 13353 2858 14734 13034 14237 926 8712 16187 547 16187 5200 16187 926 16187
4776 6664 4931 926 8268 12008 4537 2474 14029 12233 15096 16187 16187 16187 16187 16187
4776 6664 4931 926 8268 12008 4537 2474 14029 12233 15096 16187 16187 16187 1229 1229
4776 13607 7661 6585 2903 14237 7765 9498 12256 16187 16187 16187 7076 16187 8719 10033
4776 12298 5041 4931 5822 14237 1378 3177 12276 926 3177 14180 983 16187 16187 16187
4776 12298 4931 9754 6259 8344 1957 14180 16187 9442 6546 816 16187 16187 16187 6683
4776 12298 5041 4931 5822 14237 1378 3177 12276 926 3177 14180 983 16187 4023 16187
16108 7926 4931 2326 7805 14043 5329 8710 4776 9339 9438 16187 16187 16187 16187 16187
15662 3432 2598 16187 12233 6259 13684 2598 16187 16187 817 6071 2598 16187 4697 16187
4776 4440 14237 4776 7310 284 9498 3098 16187 16187 16187 6070 10602 16187 6070 16187
11416 8710 6259 7349 4591 3177 8794 14890 14237 3171 10033 2025 3171 6070 7742 16187
4267 10033 3177 4776 5365 2598 16187 16187 12515 16187 12276 12349 6259 10887 7970 16187
2552 4776 926 830 10033 14029 926 16187 16187 16187 8781 16187 16187 4687 16187 16187
926 7740 3543 11553 12766 4170 203 630 3171 2563 2292 13089 7740 926 8712 16187
3842 11889 8712 5867 2023 6011 8913 12233 13931 6011 16187 11889 5463 16187 6011 16187
926 7740 4552 9754 15956 12008 8712 5867 6070 7742 16187 16187 16187 1903 16187 16187
3171 8710 1378 3177 9743 16038 8185 5463 6011 5208 2172 1229 630 10967 16187 16187
3171 8710 1378 3177 9743 8185 5463 6143 2903 14029 6011 16187 16187 16187 13348 16187
3171 8710 1378 3177 9743 16038 8185 5463 6011 5208 2172 1229 630 10967 16187 7612
12008 8712 2446 779 1954 13903 2087 5463 3294 4776 926 9385 16187 16187 16187 16187
12008 8712 13942 4776 9349 8710 14069 12495 16187 4927 12233 4776 12298 16187 16187 16187
12008 8712 2446 779 1954 13903 2087 5463 3294 4776 926 9385 16187 926 16187 16187
4142 447 13348 16187 16187 16187 16187 16187 16187 16187 16187 16187 16187 16187 16187 16187
11888 13348 16187 6042 12256 16187 3192 8268 14237 830 11783 8268 926 14237 16187 16187
4142 447 13348 16187 2543 15202 6683 8268 14237 13663 149 926 5463 16187 926 830
6259 9961 8568 10967 12276 926 8268 1229 7740 8197 8712 2143 9484 16187 16187 16187
4267 12233 11553 926 5406 6188 2837 926 16187 16187 16187 1957 16187 16187 16187 16187
6259 9961 8568 10967 12276 926 8268 1229 7740 8197 8712 2143 9484 16187 16187 16187
7742 3171 15846 8215 5937 9438 3171 8710 14791 14237 926 926 14029 6259 4235 16187
9036 3171 2563 16187 15978 2263 2148 512 12495 16187 16187 16187 16187 7740 9429 16187
7742 3171 15846 8215 5937 9438 3171 8710 14791 14237 926 926 14029 6259 4235 16187
15662 3847 13940 7448 388 12233 9605 1885 4609 10967 4776 10397 2598 16187 16187 16187
15662 3847 7751 14716 8719 4776 2563 2598 16187 16187 2598 16187 16187 16187 16187 16187
4776 8521 8268 6689 14734 5898 13942 8268 12233 2823 1955 14397 926 16187 16187 926
129 10765 8710 6259 16148 9516 12008 10401 14237 15743 16187 16187 16187 16187 16187 16187
4267 12233 11553 926 5406 6188 2837 926 16187 16187 16187 16187 16187 16187 16187 16187
1378 1110 830 12401 3177 14734 1620 8272 16187 8798 926 12233 6961 16187 16187 16187
12008 2446 5137 12233 2823 13084 4249 16187 16187 16187 16187 16187 16187 16187 16187 16187
12008 2446 5137 12233 2823 13084 4249 16187 7499 1243 16187 14237 14734 8456 16187 16187
12008 2446 13075 1955 4776 10418 2837 12489 14708 16187 16187 16187 4776 4856 16187 14834
7926 15846 7001 12233 13136 932 16187 16187 16187 16187 16187 16187 16187 16187 16187 16187
7926 15846 7001 12233 13136 932 16187 926 16187 1955 4776 9450 16187 16187 16187 16187
7926 15846 7001 12233 13136 932 16187 926 16187 16187 14734 1955 926 16187 16187 16187
12716 8268 4949 926 14776 5329 11889 14272 4325 9577 8719 4776 6518 2903 8185 16187
12716 8268 4949 926 14776 5329 11889 14272 4325 9577 8719 4776 6518 2903 8185 16187
12716 8268 9743 12895 5208 2823 14622 13089 9316 3171 926 3177 4776 1781 11144 16187
7740 6683 11007 12233 2148 10967 3171 9290 16187 16187 16187 16187 16187 16187 16187 16187
7740 973 5329 13616 4776 10033 15846 4552 4776 9790 16187 7336 926 16187 16187 16187
7740 11530 8712 16187 8719 926 16187 12256 16187 1229 16187 2552 16187 16187 16187 16187
12349 14237 15525 16187 16187 16187 16187 16187 16187 16187 16187 16187 16187 16187 16187 16187
1390 5867 15525 3177 9850 5867 16187 16187 16187 14397 15658 4931 9290 16187 16187 16187
1175 12013 13348 16187 4103 16187 4776 1110 16187 16187 16187 16187 7970 16187 16187 7076
12008 5329 12127 2563 5208 2823 16187 16187 16187 16187 16187 16187 16187 16187 16187 16187
12008 5329 12127 2563 5208 2823 16187 12349 4776 16187 16187 16187 16187 16187 16187 16187
12008 5463 4325 16105 8712 16187 16187 7740 4537 3364 7001 16187 16187 16187 16187 16187
133 8268 926 9084 9754 4552 8712 14043 13592 16146 11978 8808 16187 16187 16187 16187
4267 10033 3177 14180 926 16187 16187 11553 15597 2752 16187 13348 16187 5711 16187 16187
2446 3098 2946 15658 14018 15597 926 830 4776 2588 10501 8268 14237 1229 16187 16187
4624 5522 1919 6259 8737 926 16187 16187 16187 16187 16187 16187 16187 16187 16187 16187
4624 13758 12233 3171 10033 16187 1110 8268 14237 684 2837 10015 14180 4931 12349 16187
4624 5522 1919 6259 8737 926 16187 16187 9431 16187 16187 16187 16187 16187 16187 16187
3171 8710 6259 4142 13073 308 8268 5463 6598 12825 1588 16187 16187 16187 16187 16187
3171 8710 6259 10399 10033 12233 212 16187 926 8268 8719 6259 10355 16187 2563 16187
3171 8710 6259 4142 13073 308 8268 5463 6598 12825 1588 16187 3098 16187 13701 16187
8712 779 1954 12256 14596 14237 12536 13663 2837 6356 926 16187 16187 16187 16187 16187
8712 779 14691 12233 6683 12008 1955 15884 12233 4994 16187 16187 16187 16187 16187 4032
8712 779 1954 12256 14596 14237 12536 13663 2837 6356 926 16187 16187 16187 16187 16187
9290 6135 12252 15846 2823 9575 8726 7926 926 2903 16187 16187 16187 16187 16187 16187
4267 12233 11553 926 5406 6188 2837 926 926 8268 6259 204 2598 16187 16187 16187
7926 4089 6905 1955 6259 3098 2353 1919 3171 10033 1093 16187 5463 16187 2326 16187
447 830 9743 15658 1110 926 10787 16187 16187 16187 16187 16187 16187 16187 16187 16187
4267 12233 11553 1138 8858 926 5711 16187 3177 4776 8185 16187 16187 2148 8185 16187
447 830 9743 15658 1110 926 10787 16187 16187 16187 16187 1919 16187 16187 16187 16187
7740 10503 5463 7926 4931 4776 11712 3177 926 14237 926 16187 16187 16187 16187 16187
4267 10033 3177 4776 5365 2598 16187 16187 12515 11953 6259 14397 926 16187 16187 926
7740 11530 12127 63 3177 8712 16187 1344 1175 132 16187 16187 16187 16187 7742 16187
926 926 8268 1955 11846 8268 8710 232 1955 6259 8569 5095 12495 16187 16187 16187
3842 11889 4776 12012 13348 16187 12020 7740 1951 1919 926 16187 16187 16187 16187 16187
926 926 1955 926 8719 926 14237 1955 926 8719 926 16187 16187 926 2563 16187
8712 4931 9780 10967 1157 6672 7740 9884 8466 14029 5713 14487 7567 775 16187 16187
8712 4931 10275 4311 8268 14237 8712 5867 8069 14219 5332 14029 7829 3059 16187 10053
8712 4931 9780 10967 1157 6672 7740 9884 8466 14029 5713 14487 7567 775 16187 16187
2053 4776 14673 3994 8710 1378 3177 4776 564 8185 8719 4776 10983 16187 16187 16187
10242 3177 4776 12835 14776 2002 7596 11788 16187 14180 4776 12835 16187 5329 16187 11889
4776 10418 8268 12364 14237 13811 9498 10602 16187 4537 14237 926 3177 1954 10211 16187
4172 10273 8268 13743 8268 2444 449 8268 1378 2614 6259 158 16187 16187 16187 16187
4267 926 4776 15064 3177 1390 16187 16187 5332 8268 12349 14263 16187 16187 16187 16187
4172 926 8710 12256 1955 6905 14745 5303 8719 9780 15814 16187 1378 16187 15096 16187
3171 8710 4776 63 4267 16187 16187 16187 16187 16187 16187 16187 16187 16187 16187 16187
3171 8710 4776 63 4267 16187 3348 8268 7740 3364 9884 8084 8466 16187 16187 2097
3171 8710 4776 63 10355 9424 8710 4776 6499 16187 16187 16187 16187 2329 16187 16187
4325 4690 5937 7658 8268 16187 16187 16187 16187 16187 16187 16187 16187 16187 16187 16187
4325 4690 5937 16058 1750 4776 15335 8268 14043 12958 100 8719 5937 9465 16187 9431
4325 4690 5937 7658 8268 16187 8268 11889 6259 6431 16187 16187 1919 5804 16187 1919
12008 8268 4240 4776 13121 926 14595 8268 926 15881 1954 10400 16187 16187 16187 16187
12008 8268 4776 8521 3177 4776 2563 15846 8733 15860 7001 15662 1138 10373 5711 16187
12008 8268 4240 4776 13121 926 14595 8268 926 15881 1954 10400 16187 16187 16187 16187
7740 3364 5329 8554 10953 4240 9316 5463 10501 16187 16187 16187 16187 16187 16187 16187
7740 3364 9754 15890 2148 16187 10967 16041 4776 11599 16187 16187 16187 16187 3192 16187
7740 3364 5329 8554 10953 4240 9316 5463 10501 16187 10036 16187 16187 16187 1954 10211
14237 5463 5867 4776 795 10501 16187 16187 16187 16187 16187 16187 16187 16187 16187 16187
14237 5463 5867 14272 10566 3177 3171 10033 8001 3177 16187 16187 15096 16187 16187 16187
14237 5463 5867 4776 795 10501 16187 16187 15658 16105 16187 1138 5936 16187 630 12233
8796 8268 5463 5867 1885 13429 16187 16187 16187 16187 16187 16187 16187 16187 16187 16187
8796 8268 5463 5867 1885 13429 16187 4776 9431 14029 4776 5095 16187 2588 16187 16187
8796 8268 5463 5867 1885 13429 16187 4776 926 3177 4776 926 16187 2296 8733 4776
7740 9004 7926 684 14734 6120 2326 7742 14237 14734 10418 4931 1344 10355 16187 16187
11499 8268 4776 419 779 5329 926 11889 6259 10602 248 16187 16187 16187 16187 16187
7740 9004 11889 4325 13883 15978 3177 1885 2974 5568 16187 16187 16187 16187 16187 16187
14237 3171 8268 3177 1245 8268 8710 14180 4537 3109 16187 16187 16187 16187 16187 16187
14237 3171 8268 3177 1245 8268 8710 14180 4537 3109 16187 830 4776 14596 16187 16187
14237 3171 8268 3177 1245 8268 8710 14180 4537 3109 16187 3098 2122 2598 16187 16187
15715 926 8710 14272 926 12260 2823 11889 16187 16187 16187 16187 16187 16187 16187 16187
3842 16187 16187 1737 9487 8268 7740 9884 2296 8069 6259 2765 16187 16187 16187 16187
926 7740 973 14272 6011 188 12233 6011 12008 8712 5867 830 4776 13616 16187 16187
4776 14418 8710 10242 12495 1502 8268 14237 4845 5137 1093 16187 16187 16187 16187 16187
4776 14418 8710 10242 12495 1502 8268 14237 4845 5137 1093 16187 9736 16187 16187 16187
4776 14418 8710 8213 16187 2446 1378 3847 8712 16187 830 4776 2285 926 926 16187
4776 14599 4931 10716 7742 13663 16187 16187 16187 16187 16187 16187 16187 16187 16187 16187
4776 14599 4931 405 16187 10335 5568 1378 14237 8712 771 2148 1597 926 16187 16187
4776 14599 4931 10716 7742 13663 16187 11842 4776 11899 1919 1954 9120 10418 5627 16187
12008 10918 12233 476 1390 16187 16187 16187 16187 16187 16187 16187 16187 16187 16187 16187
12008 10918 12233 476 1390 16187 4776 926 13348 16187 16187 16187 16187 9429 10036 16187
12008 10918 12233 476 4776 2553 16187 2543 2903 14237 8116 16187 16187 16187 16187 16187
8796 8268 8542 8268 9709 2326 5208 2823 926 2903 8719 5463 1378 2894 5033 16187
8796 8268 8542 8268 9709 2326 5208 2823 926 2903 8719 5463 1378 2894 5033 16187
8796 8268 12291 6259 1650 16187 16187 1378 11889 3171 10033 16187 1110 16187 16187 16187
1229 8726 6011 11889 12127 14635 3177 2563 8268 7740 8154 6011 3171 16187 16187 16187
1229 9084 13769 12284 14237 11953 12127 16146 16112 3246 8719 4776 1787 16187 16187 16187
1229 8726 6011 11889 12127 14635 3177 2563 8268 7740 8154 6011 3171 16187 16187 830
12008 10211 7810 1919 6259 5948 3177 10418 11198 16187 16187 16187 16187 16187 16187 16187
12008 10211 7810 1919 6259 5948 3177 10418 11198 16187 4189 16187 16187 2689 16187 16187
12008 10211 7810 1919 6259 5948 3177 10418 11198 16187 5208 8979 4776 14596 16187 16187
1378 15365 926 14029 1750 5623 2837 4776 12334 3177 3171 11772 12739 7003 10978 16187
1378 3177 4776 4267 1133 7740 9884 8084 8466 16187 16187 8084 8466 16187 16187 16105
1378 15365 926 14029 1750 5623 2837 4776 12334 3177 3171 11772 12739 7003 10978 16187
14272 5332 7971 8710 6259 4321 3177 5007 12432 15395 8719 6259 10646 7323 16187 16187
14272 5332 7971 8710 6259 4321 3177 5007 12432 15395 8719 6259 10646 7323 16187 16187
14272 5332 7971 8710 6259 4321 3177 5007 12432 15395 8719 6259 10646 7323 16187 16187
10242 3177 4776 12835 2326 5994 9070 14043 16105 9070 11889 4312 16187 16187 16187 16187
10242 9498 926 1955 7367 7157 2946 8719 15597 16058 816 16187 16187 16187 16187 8719
6173 8268 4776 1754 3177 4776 926 6161 9498 16187 5820 16187 16187 16187 16187 16187
7926 4931 6905 8719 1954 950 5867 10501 16187 16187 16187 16187 16187 16187 16187 16187
3842 91 16187 4152 16187 6535 1903 12495 12349 1919 8712 16187 16187 12892 8712 16187
7926 4931 6905 8719 1954 950 5867 10501 16187 16187 16187 16187 10957 16187 16187 16187
7926 8710 4335 16187 16187 16187 16187 16187 16187 16187 16187 16187 16187 16187 16187 16187
7926 8710 4335 16187 1229 1229 1919 4776 10033 5867 926 16187 16187 5329 16187 16187
7926 8710 4335 16187 4776 10033 1229 14221 16187 16187 16187 16187 16187 16187 16187 16187
8069 7831 926 5867 4536 12233 1952 926 16187 16187 16187 16187 16187 16187 16187 16187
4267 12233 11553 926 5406 6188 2837 926 16187 16187 16187 16187 4311 16187 16187 4311
8069 7831 926 5867 4536 12233 1952 926 16187 926 16187 926 13348 16187 16187 16187
4537 7001 1919 8712 3418 12058 16066 14237 926 3410 16187 16187 16187 16187 16187 16187
4537 7001 1919 8712 3418 12058 16066 14237 926 3410 16187 16187 926 16187 16187 16187
4537 7001 16187 643 8268 14237 7740 4628 16187 830 1885 10418 16187 16187 926 16187
926 1138 7401 5711 16187 16187 16187 16187 16187 16187 16187 16187 16187 16187 16187 16187
926 1138 7401 5711 16187 1378 3177 4776 11401 779 6011 16187 16187 816 16187 16187
926 1138 7401 5711 16187 1378 3177 4776 7970 16187 4776 10033 16187 8093 2148 16187
5332 7740 973 5329 6259 2199 14230 3177 10566 7083 1133 14237 2024 308 16187 16187
5332 7740 1951 5329 487 8712 771 8172 8339 16187 15202 16187 7740 1442 926 16187
5332 10259 5463 12233 4776 12835 8719 926 16187 10033 16187 16187 16187 16187 926 16187
5580 6259 8478 8719 5463 8712 15846 6381 6011 12233 12097 16187 16187 16187 16187 16187
4267 12233 11553 926 5406 6188 2837 926 16187 16187 16187 16187 4311 16187 16187 4311
10355 1955 3098 13348 16187 10983 16187 8185 16187 16187 16187 7970 16187 16187 16187 16187
4776 15064 8710 7336 6791 16187 16187 16187 16187 16187 16187 16187 16187 16187 16187 16187
4776 15064 8710 7336 6791 16187 4776 10217 6862 14776 2148 16187 16187 13959 2122 2563
4776 15064 8710 8439 14237 11842 16187 14237 795 7926 16187 1919 16187 6070 16187 16187
14237 4776 2296 12256 926 926 14005 6259 5801 3177 13021 1955 926 10763 16187 16187
3842 3171 2856 11889 4776 12012 16187 3364 11553 12766 4240 4776 10709 16187 6297 2598
14237 4776 2296 12256 926 926 14005 6259 5801 3177 13021 1955 926 10763 16187 926
4370 5090 7274 15828 14537 5867 12013 8710 4394 16187 16187 16187 16187 16187 16187 16187
4267 12233 11553 926 5406 6188 2837 926 16187 16187 16187 16187 4311 7740 3364 16187
10355 9424 16187 1436 11953 4776 10033 5867 6259 5549 16187 16187 14237 4776 12835 2326
816 14029 10294 16187 16187 16187 16187 16187 16187 16187 16187 16187 16187 16187 16187 16187
816 14029 10294 16187 12349 10399 12349 4776 12349 10967 15909 16187 14030 16187 2563 16187
816 14029 10294 16187 6535 12495 16187 14029 5328 16187 10094 16187 7164 12233 6259 13305
7740 12561 4531 8712 16187 16187 16187 16187 16187 16187 16187 16187 16187 16187 16187 16187
7740 5046 3364 5329 13317 8712 15525 16187 16187 4687 12233 926 16187 926 16187 16187
7740 12561 4531 8712 16187 16187 16187 830 1344 16187 16187 16187 16187 16187 16187 6297
8710 7926 8069 11912 8268 14043 8710 7926 3037 6286 2598 16187 16187 16187 16187 16187
3842 16187 16187 1737 8268 12349 4776 12489 8268 4776 2563 16187 16187 16187 16187 16187
3098 13839 8268 8664 1531 16187 1098 13926 14237 4776 8002 16187 10501 3177 16187 16187
1138 4776 6406 5711 8710 1378 3177 4776 5365 5867 564 16187 16187 16187 16187 16187
1138 4776 9349 5867 13429 8710 5711 14029 4776 15138 16187 16187 13348 16187 16187 16187
1138 4776 6406 5711 8710 1378 3177 4776 5365 5867 564 16187 16187 16187 2563 14251
7740 4531 3171 10033 16187 16187 16187 16187 16187 16187 16187 16187 16187 16187 16187 16187
9036 3171 2563 16187 15978 2263 2148 512 12495 16187 16187 16187 16187 7164 16187 7925
7740 4531 3171 2563 6259 5948 16187 16187 2148 14237 12349 16187 16187 16187 16187 16187
5329 447 16187 16187 16187 16187 16187 16187 16187 16187 16187 16187 16187 16187 16187 16187
5329 447 16187 16187 12008 7740 5208 11889 8712 13348 16187 16187 16187 16187 16187 10036
5329 1597 16187 3356 10033 4311 15846 2823 1229 14221 10967 8712 16187 16187 12349 6259
5341 2911 5867 574 830 10988 4931 11953 1955 10950 1955 6011 3364 9605 16187 16187
4267 12233 11553 926 5406 6188 2837 926 16187 16187 16187 16187 4311 16187 16187 4537
14734 870 1919 926 4931 14426 14237 926 10355 16187 7076 5463 16187 16187 2148 16187
12008 15389 8719 3171 2563 4537 868 9205 5937 14808 16187 16187 16187 16187 16187 16187
12008 15389 8719 3171 2563 4537 868 9205 5937 14808 16187 385 16187 16187 16187 16187
12008 12958 6672 8710 3257 16187 16187 14237 8712 5867 6259 11026 16187 16187 16187 13348
4032 4776 983 12233 15740 3171 10033 16187 16187 16187 16187 16187 16187 16187 16187 16187
4267 12233 11553 926 5406 6188 2837 926 926 8268 6259 204 2598 16187 16187 16187
10355 8353 14596 16187 16187 2148 3177 1954 10211 15776 16187 6140 14237 684 926 16187
223 13348 16187 16187 16187 16187 16187 16187 16187 16187 16187 16187 16187 16187 16187 16187
223 13348 16187 926 1390 16187 926 4776 16146 16187 16187 10589 16187 4776 4931 16187
223 13348 16187 926 16187 2053 4776 2002 12518 16187 926 16187 16187 16187 10671 16187
8116 12233 926 8268 7926 8113 11889 6259 11627 830 11171 16187 16187 16187 16187 16187
4267 12233 11553 926 5406 6188 2837 926 926 8268 6259 204 2598 16187 16187 16187
7926 14631 14734 14164 12233 926 14745 8719 6259 926 16187 16187 9290 16187 16187 1957
7740 4537 12449 4312 12233 3339 2903 13348 16187 16187 16187 16187 16187 16187 16187 16187
7740 4537 12449 4312 12233 3339 2903 13348 16187 16187 8270 16187 16105 16187 16187 13904
7740 4537 1110 8712 11953 926 14237 926 16187 16187 926 16187 16187 16187 16187 16187
1955 7740 8592 8268 3171 1378 8710 226 12233 3818 6259 8974 16187 16187 16187 16187
1955 9084 7740 10827 14029 6259 11406 9404 8268 12449 16187 794 16187 16187 16187 16187
1955 7740 8592 4776 14596 4931 6259 10894 926 2053 3994 16187 14230 16187 14043 16187
5329 12233 11393 14734 13429 4931 6601 16105 2903 8719 12825 9938 3177 16187 16187 16187
5329 12233 11393 15096 16187 11789 14855 12233 4874 16187 2097 9574 16187 6535 16187 16187
5329 12233 11393 14734 13429 4931 6601 16105 2903 8719 12825 9938 3177 16187 16187 16187
4776 926 8710 8719 1110 1919 926 5867 14164 16187 16187 16187 16187 16187 16187 16187
3842 4776 13182 16187 1957 8712 13216 14635 3177 16187 12233 6683 1957 16187 16187 16187
4776 926 8710 8719 1110 1919 926 16187 14164 8268 14237 926 16187 16187 926 16187
4776 13112 6161 10978 8710 10781 13362 16187 16187 16187 16187 16187 16187 16187 16187 16187
4776 4267 8084 16187 11553 771 6826 926 10967 4776 3137 2563 16187 8270 16187 16187
4776 13112 6161 10978 8710 10781 13362 16187 16187 15842 16187 16187 11839 16187 6535 9442
12904 926 8710 4470 12233 8311 1919 7060 16187 16187 16187 16187 16187 16187 16187 16187
3842 1957 14180 1737 16187 16187 16187 8069 7970 16187 16187 16187 2588 16187 16187 16187
2446 8710 15804 14272 7926 15684 12233 7376 16187 8270 16187 16187 16187 4697 3177 1885
5713 9605 12011 12349 14237 12349 12233 4776 10709 3177 926 16187 16187 16187 16187 16187
10242 9498 926 1955 7367 7157 2946 8719 15597 16058 816 16187 16187 16187 16187 10967
5713 9605 12011 12349 14237 12349 12233 4776 10709 3177 926 16187 16187 16187 16187 16187
12276 16146 4850 4776 8920 16187 16187 16187 16187 16187 16187 16187 16187 16187 16187 16187
12276 16146 4850 4776 8920 16187 14237 4325 11031 4776 926 16187 16187 16187 16187 16187
12276 16146 4850 4776 8920 16187 14237 926 5867 8661 16187 7742 13663 14237 4776 12835
12 1439 5867 6506 10033 14470 2823 14734 10566 12606 14237 7843 8084 16187 16187 16187
4267 12233 11553 926 5406 6188 2837 926 16187 16187 16187 16187 16187 16187 4311 16187
1094 1919 15041 5780 8268 7926 7165 6259 11377 926 16187 16187 16187 16187 16187 16187
14272 8710 9745 2598 16187 16187 16187 16187 16187 16187 16187 16187 16187 16187 16187 16187
14272 8710 9745 2598 16187 2598 16187 2598 16187 16187 5415 16187 16187 11953 4776 2563
14272 8710 9745 2598 16187 926 926 12233 7651 4325 16105 2598 16187 16187 2598 16187
1813 1243 4240 4776 9431 13644 8268 13644 8710 5297 3853 820 5867 7624 13348 16187
4267 12233 11553 926 5406 6188 2837 926 16187 16187 16187 1957 12291 16187 16187 16187
10619 9484 7740 2006 13832 1378 3177 4776 11247 2563 5867 11998 10671 16187 16187 926
8712 5867 9332 15978 8712 5867 1229 12561 10217 1713 16187 16187 16187 16187 16187 16187
8712 5867 14180 11953 6269 1919 5713 926 16187 16187 16187 16187 7742 16187 2552 926
8712 5867 14180 6070 9594 14237 14705 761 8268 12008 4776 4856 8710 3335 14237 16187
203 1405 2598 13348 16187 16187 16187 16187 16187 16187 16187 16187 16187 16187 16187 16187
203 1405 2598 13348 16187 12232 11889 8719 3171 1378 2598 16187 16187 16187 16187 11953
203 5867 5463 926 14745 16187 8710 16187 2148 6259 1793 16187 16187 16187 16187 16187
12716 8268 3171 2563 771 15389 9780 16187 16187 16187 16187 16187 16187 16187 16187 16187
12716 8268 3171 2563 771 15389 9780 16187 7877 926 5328 16187 8712 16187 16187 16187
12716 8268 3171 476 8383 13057 8268 5831 3766 10967 4776 7991 6161 16187 2563 16187
9784 15658 4931 14029 4776 9165 3177 1750 926 16187 16187 16187 16187 16187 16187 16187
3842 11889 12127 63 5328 1138 10033 5711 11022 16187 10033 8268 7740 11889 1436 7740
14734 926 8710 9253 926 8268 4776 926 926 10545 4776 926 16187 16187 926 16187
203 4776 12459 9084 4624 12298 2903 8719 8631 2598 16187 16187 16187 16187 16187 16187
203 4776 12459 9084 4624 12298 2903 8719 8631 2598 16187 16187 2598 16187 16187 16187
203 4776 12459 9084 4624 14180 11553 8592 2598 16187 16187 2598 16187 16187 16187 16187
7740 11553 2308 6259 14186 3177 3938 14069 12495 16187 16187 16187 16187 16187 16187 16187
7740 11553 6826 14966 16187 2148 16187 512 5463 3364 11553 12766 16187 16187 16187 16187
7740 11553 6826 14966 16187 2148 13436 512 3171 16187 2588 16187 16187 16187 16187 656
4776 11954 6181 3177 4776 9349 5867 3744 8710 11789 12495 8440 830 15721 16187 16187
4776 11954 6181 3177 4776 9349 5867 3744 8710 11789 12495 8440 830 15721 16187 16187
4776 11954 8521 4931 6259 10887 1621 8199 16187 14596 16187 14029 12825 3177 16187 16187
926 8710 6070 7367 8719 14734 954 1955 5944 8268 3088 6259 6070 5010 9534 16187
3842 16187 16187 1737 8268 14043 4776 7377 12008 4776 14596 16187 5046 2148 16187 16187
926 8710 6070 10355 13089 7926 926 12233 4776 443 16187 1644 14745 16187 16187 16187
4776 3137 9438 8710 15662 8710 7926 3908 8712 2598 16187 16187 16187 16187 16187 16187
4776 3137 9438 8710 15662 8710 7926 3908 8712 2598 16187 16187 16187 16187 1885 16187
4776 8213 12286 14237 4776 6730 1919 5092 14237 926 14776 8213 16187 16187 16187 16187
1390 5548 10358 5773 779 4404 14635 3177 15416 1019 15740 830 5364 16187 16187 16187
4267 10033 3177 4776 5365 2598 16187 16187 12515 12276 16058 16187 16187 204 16187 16187
8710 12233 3211 16187 8268 13474 1644 12233 2552 14272 2598 16187 16187 16187 16187 16187
14272 3847 8712 1436 11953 643 8268 11953 8835 2598 16187 16187 16187 16187 16187 16187
14272 3847 9754 4189 6260 4152 16187 5329 16187 1793 16187 16187 11889 16187 16187 16187
14272 3847 8712 1436 11953 643 8268 11953 8835 2598 16187 3171 6070 9450 16187 16187
926 5463 12757 8719 4776 8646 15846 1453 1597 13826 1243 16187 16187 16187 16187 16187
3842 3171 16187 16187 2563 16187 5568 16146 15721 14237 4311 16187 643 16187 16187 926
926 5463 12757 8719 4776 8646 15846 1453 1597 13826 1243 16187 16187 16187 16187 16187
15649 8710 6259 10355 5138 3177 6688 10967 5937 5286 2122 14251 16187 16187 16187 16187
4267 12233 11553 926 5406 6188 2837 926 16187 16187 16187 1957 12291 16187 16187 16187
15649 8710 1955 8712 3543 2823 16187 1919 4776 14596 16187 16187 16187 15096 16187 16187
5463 8710 1805 10862 1919 1378 14029 1378 14602 1919 4776 10033 15271 16187 16187 16187
4267 12233 11553 926 5406 6188 2837 926 16187 16187 1957 16187 16187 16187 16187 4311
5463 8710 4776 5820 10732 3177 1138 4776 2784 5711 4776 132 16187 16187 16187 6535
3171 2563 8710 2945 8270 512 10566 926 15846 11553 6011 10503 16187 16187 16187 16187
3171 2563 8710 4537 5329 2689 16187 16187 2122 6695 7970 1919 4856 16187 2122 16187
3171 2563 8710 4537 1955 10355 1955 4776 2002 16187 16187 1919 1378 16187 8781 16187
2552 3171 2563 16187 16187 16187 16187 16187 16187 16187 16187 16187 16187 16187 16187 16187
5329 3171 8710 14351 8712 5329 16187 830 12276 997 13348 16187 13348 16187 3192 13348
2552 3171 2563 16187 10394 8710 16187 16187 13811 13348 16187 16187 16187 16187 1919 817
926 2102 14734 926 8719 3171 13103 16187 16187 16187 16187 16187 16187 16187 16187 16187
3842 16187 16187 1737 9487 8268 7740 15846 3818 6259 10887 16187 16187 16187 16187 16187
926 2102 14734 926 8719 3171 13103 16187 5350 11434 3177 926 16187 16187 16187 16187
7740 11889 4776 12346 3177 926 1019 4776 926 16016 6173 8719 3171 10033 16187 16187
7740 11889 4776 6683 3177 4776 10988 1919 926 16187 16187 16187 16187 854 16187 926
7740 11530 4776 926 926 3177 4776 929 16187 14237 7740 16187 12650 16187 16187 926
4776 13839 8710 14411 8268 14237 4776 10583 8710 13074 10566 3177 4776 983 16187 16187
3842 16187 16187 1737 8268 12349 4776 6499 16187 16187 16187 16187 16187 16187 5820 643
4776 13839 8710 14411 8268 14237 4776 10583 8710 13074 10566 3177 4776 983 16187 15740
8719 4994 8268 926 8710 4537 3278 16187 16187 16187 16187 16187 16187 16187 16187 16187
8719 4994 8268 926 8710 4537 3278 16187 16187 16187 16187 16187 1381 13348 16187 16187
8719 4994 8268 926 8710 4537 6259 2520 16187 16187 926 1919 926 16187 16187 16187
12008 7542 8268 4032 9316 8268 14237 9563 4032 9316 8719 11179 16187 16187 16187 16187
9036 3171 2563 16187 15978 2263 2148 512 12495 16187 16187 16187 9404 3994 16187 16187
12008 7542 8268 4032 9316 8268 14237 9563 4032 9316 8719 11179 16187 16187 4537 926
1138 1342 10085 3163 5711 8710 5329 6259 2563 830 10394 16187 16187 16187 16187 16187
1138 1342 10085 3163 5711 8710 5329 6259 2563 830 10394 16187 12102 8712 16187 16187
1138 4776 9365 5711 926 14180 3177 4312 16187 16187 6905 16187 599 16187 599 5463
6011 2552 8268 5463 5867 14272 7740 1110 11953 8185 16187 16187 16187 16187 16187 16187
5329 14043 8069 9605 15389 12233 2823 11022 2837 5713 926 16187 2946 16187 16187 16187
6011 2552 8268 5463 5867 14272 7740 1110 11953 8185 16187 8185 16187 16187 2148 16187
10242 3177 4776 2946 15956 203 12233 8733 4312 4552 1157 6672 16187 16187 16187 16187
10242 9498 926 1955 7367 7157 2946 8719 15597 16058 816 16187 16187 16187 16187 8719
6173 4776 180 16187 926 7740 9884 10471 16187 8270 16187 16187 16187 2167 16187 16187
8712 16105 9070 188 12233 9178 8081 7633 14237 7925 16028 1919 6259 926 16187 16187
3842 3171 16187 16187 2563 16187 5568 12495 14426 12233 1436 16187 16187 16187 11889 1781
8712 16105 9070 13240 12276 13023 13477 16187 1110 16187 8185 16187 16187 13348 16187 16187
4776 15064 8710 9754 8569 16187 16187 16187 16187 16187 16187 16187 16187 16187 16187 16187
4776 15064 8710 9754 8569 16187 2122 4440 16187 8404 16187 16187 16187 16187 9405 16187
4776 15064 8710 8439 16187 14237 4660 8719 4776 1583 16187 16187 4032 16187 16187 16187
7877 5667 8710 4776 2400 5629 5341 8378 5867 8808 14237 4776 926 16187 16187 16187
4267 12233 11553 926 5406 6188 2837 926 16187 16187 16187 1957 12291 16187 16187 16187
14734 6070 9632 3112 14745 6259 5156 9290 16187 8710 6070 16187 16187 16187 16187 7970
14237 7926 9084 8712 7742 16187 16187 16187 16187 16187 16187 16187 16187 16187 16187 16187
14237 15662 9084 1213 10355 2946 926 12233 4552 1213 6259 8569 2563 2598 16187 16187
14237 7926 9084 8712 7742 16187 2598 16187 16187 5820 950 16187 926 16187 16187 16187
12008 926 779 10217 2199 15180 16187 16187 16187 16187 16187 16187 16187 16187 16187 16187
12008 926 779 10217 2199 15180 16187 16187 2563 16187 8270 16187 512 8719 11562 16187
12008 926 779 10217 2199 15180 16187 16187 14237 7740 11889 3171 2563 16187 16187 16187
6259 14217 1019 14734 14164 2598 16187 16187 16187 16187 16187 16187 16187 16187 16187 16187
4267 12233 11553 926 5406 6188 2837 926 16187 16187 16187 385 1957 6259 8781 16187
6259 4858 4189 10967 14745 16187 11889 14734 875 14776 14043 5329 16187 4325 16187 4311
16002 926 8710 6259 5176 3672 8853 16187 16187 16187 16187 16187 16187 16187 16187 16187
4267 926 1919 4776 2037 3177 3171 10033 2598 16187 16187 16187 16187 16187 16187 16187
16002 926 8710 6259 5176 3672 8853 16187 12233 1436 4776 10566 926 16187 16187 16187
10719 8268 4624 2552 4473 3826 16105 8719 4776 13844 2837 9151 926 16187 16187 16187
4267 12233 11553 926 5406 6188 2837 926 16187 16187 16187 16187 16187 16187 4311 16187
7661 3177 4312 4552 1865 11889 2097 8794 877 15658 4537 5367 12233 2823 14734 9465
4776 10566 9564 9424 11953 1138 2975 5711 8710 4776 5314 8350 15197 16187 16187 16187
4776 10566 9564 9424 11953 1138 2975 5711 8710 4776 5314 8350 15197 16187 16187 16187
4776 10566 854 10810 4931 4776 7269 4924 8719 4776 11306 3177 10607 16187 16187 16187
1885 2255 8710 11622 16187 16187 16187 16187 16187 16187 16187 16187 16187 16187 16187 16187
1885 2255 8710 11622 16187 7742 3262 16187 16187 10399 6259 9450 16187 16187 16187 16187
1885 2255 8710 11622 16187 2296 9332 830 1378 3177 4776 926 16187 16187 16187 16187
6259 7140 2110 11095 4404 2598 16187 16187 16187 16187 16187 16187 16187 16187 16187 16187
6259 10382 926 16187 3865 2308 3171 16187 7877 926 16187 16187 16187 16187 13348 16187
6259 7140 2110 11095 4404 2598 16187 16187 16187 7970 16187 16187 16187 2598 16187 16187
7740 4531 10108 14237 15715 8712 8268 1955 8712 5994 10967 3384 12233 3384 16187 16187
9036 3171 2563 16187 15978 2263 11401 16187 5208 6011 5208 15956 14272 3543 2823 16187
7740 11839 5463 8712 4931 6070 2002 14237 6692 16187 16187 15096 16187 16187 16187 9316
6826 1038 10747 8268 6259 9935 14237 6259 926 3596 16187 16187 16187 16187 16187 16187
4267 3177 14180 926 1019 926 13635 6173 8710 6259 926 16187 16187 16187 16187 16187
6826 1038 10747 8268 6259 11041 14237 13811 8268 14180 5463 14776 14180 16187 16187 16187
8712 3847 9754 1923 3748 9890 16187 16187 16187 16187 16187 16187 16187 16187 16187 16187
8712 3847 9754 1923 3748 9890 16187 11889 3171 16187 16187 4931 12349 16187 10036 16187
8712 3847 16187 5537 16187 772 16187 9465 8719 4776 16146 16187 16187 16187 16187 16187
4776 14046 14776 9563 926 2837 3171 6152 6238 16187 16187 16187 16187 16187 16187 16187
4776 5562 16187 3847 9754 11553 630 8270 16187 11331 16187 4240 926 16187 16187 16187
4776 14046 14776 9563 926 2837 3171 6152 6238 16187 5174 1919 4776 9465 16187 16187
4776 10671 3415 9498 2588 926 12233 4312 16187 16187 16187 16187 16187 16187 16187 16187
4776 4267 8084 16187 8084 11553 16187 11953 926 16187 1644 12233 9605 16187 16187 16187
4776 10671 3415 9498 2588 926 12233 4312 16187 16187 926 16187 16187 16187 16187 16187
15649 14281 3847 7740 1114 2598 16187 16187 16187 16187 16187 16187 16187 16187 16187 16187
15649 14281 3847 7740 1114 2598 16187 16187 2588 16187 16187 7740 16187 16187 16187 16187
15649 2296 8733 4776 10033 2148 9643 13348 16187 1383 8268 12716 16187 16187 16187 16187
12008 8712 8093 11921 16187 16187 16187 16187 16187 16187 16187 16187 16187 16187 16187 16187
12008 8712 8093 11921 16187 16187 8081 8268 926 14237 14180 12349 16187 16187 16187 16187
12008 8712 2326 10501 3177 4776 10033 8710 926 926 16187 16187 926 926 16187 16187
8719 13084 4927 3171 8710 4949 8268 820 8268 12757 9070 16187 16187 16187 16187 16187
3842 1957 14180 1737 16187 16187 16187 8268 7740 4552 16187 2308 16187 16187 16187 16187
8719 4776 15721 3177 12276 5459 8712 5867 4537 6259 926 2326 16187 14230 16187 16187
12008 3171 2563 4931 1378 3177 4776 4267 8185 7740 9884 8084 8466 16187 16187 16187
12008 3171 2563 4931 1378 3177 4776 4267 8185 7740 9884 8084 8466 16187 16187 16187
12008 3171 2563 4931 1378 3177 4776 926 7740 9884 8084 8466 16187 16187 16187 816
12529 11839 1138 926 15190 5711 11900 14029 6259 6070 8268 6070 8662 13182 16187 16187
4267 10033 3177 4776 5365 2598 16187 16187 12515 11953 6259 14397 7416 16187 16187 16187
6259 10033 2097 3177 680 9779 14237 15907 830 15597 7987 16187 12233 13758 16187 16187
926 8710 6259 12444 830 2263 6006 14237 14654 4152 16187 16187 16187 16187 16187 16187
3842 3171 2856 11889 4776 12012 16187 3364 11553 12766 926 16187 2598 16187 2598 16187
926 8710 6259 10355 8268 10762 2167 12491 10033 16187 564 91 1919 16187 9442 8268
5463 5867 14180 7740 11553 12233 1436 11953 5463 16187 16187 16187 16187 16187 16187 16187
5463 5867 14180 7740 973 5967 12233 1436 16187 926 926 16187 926 16187 16187 16187
5463 5867 14180 10471 7742 16187 4552 16187 14237 1110 16187 16187 16187 5415 16187 2097
1213 6259 6890 13348 16187 16187 16187 16187 16187 16187 16187 16187 16187 16187 16187 16187
1213 6259 6890 13348 16187 16187 8081 926 16187 16187 926 13348 16187 16187 16187 16187
1213 15761 10418 10967 6259 8556 5365 817 16187 1229 16187 816 16187 16187 16187 816
6259 2591 11916 8726 6011 11031 6259 926 926 14237 10355 15 11770 14230 16187 16187
6259 2591 11916 8726 6011 11031 6259 926 926 14237 10355 15 11770 14230 16187 16187
6259 12260 11553 13348 16187 2543 16187 14237 2588 4832 8268 8710 1954 11778 16187 16187
14237 4311 8268 14069 4931 2053 7265 3994 16187 16187 16187 16187 16187 16187 16187 16187
14237 4311 8268 14069 4931 2053 7265 3994 16187 16187 16105 830 13616 16187 16187 14237
14237 7740 9331 14237 926 14745 830 8712 16187 13348 16187 16187 16187 7970 16187 16187
3171 4931 6259 5948 8270 512 7740 12773 8268 12716 14069 6259 15335 2365 6178 16187
3171 4931 9754 6826 926 926 1543 14069 8710 1954 4269 12233 4776 12287 16187 926
3171 4931 6259 5948 8270 512 7740 12773 8268 12716 14069 6259 15335 2365 6178 16187
4776 2563 4931 3335 13348 16187 16187 16187 16187 16187 16187 16187 16187 16187 16187 16187
4776 2563 4931 9754 8569 8268 9612 6545 8710 9754 4552 16187 12495 16187 13348 16187
4776 2563 4931 3335 13348 16187 1430 926 16187 7740 11839 4931 7740 9084 16187 6535
3171 16105 14745 10770 12233 12650 16187 16187 16187 16187 16187 16187 16187 16187 16187 16187
3171 16105 14745 10770 12233 12650 16187 14237 1919 2148 15202 16187 16187 16187 16187 6683
3171 16105 14745 10770 12233 12650 16187 4687 983 1919 6259 9385 8719 4776 6683 3177
7740 1442 926 15190 10808 8268 8712 8710 1954 3451 13348 16187 16187 16187 16187 16187
7740 1442 10242 3177 3171 8719 4776 10033 16187 2326 16187 16187 10571 15884 16187 16187
7740 1442 14734 13103 8268 14237 7740 2326 11889 14734 16146 926 14237 4325 14776 1378
6689 4776 13839 8197 8712 15597 14180 8268 12401 926 6259 12923 12933 1019 16187 16187
3842 1919 12127 926 3177 5937 1750 16187 12349 6683 14029 14397 11770 14230 16187 16187
8719 4826 7926 14827 13852 15658 8710 14834 14237 10355 14237 7934 8719 10710 2525 16187
9455 5208 14237 3543 12149 3171 9313 9450 10033 16187 16187 16187 16187 16187 16187 16187
5329 8569 8268 12008 5329 5463 10355 9890 16187 6227 14180 16187 3847 9754 16187 16187
5329 1955 10355 1955 1138 16113 5711 8268 12008 5297 16187 6535 630 16187 16187 830
4240 6011 9884 1959 4776 10033 14069 8710 6070 9450 12233 9311 11953 16187 16187 16187
9036 3171 2563 16187 15978 2263 2148 512 12495 16187 16187 16187 16187 7164 16187 6297
12008 3484 13089 8712 15846 9605 8710 926 12233 926 16187 830 16187 16187 16187 16187
3171 4931 9264 7145 16187 16187 16187 16187 16187 16187 16187 16187 16187 16187 16187 16187
3171 4931 9264 7145 16187 10033 8268 8719 4776 2563 16187 830 4776 14822 16187 16187
3171 4931 9264 7314 8268 14237 8719 14180 3177 4776 10033 5867 14180 16187 926 16187
3171 12654 4776 3511 4776 7740 2006 4776 1133 11998 7970 6259 6013 950 16187 16187
3842 1957 14180 1737 16187 16187 16187 7740 2308 13832 16187 4537 12495 16187 16187 16187
4776 2563 4931 12510 14029 1885 13508 14237 12124 12233 1695 16187 16187 16187 16187 16187
14734 643 7165 2148 2601 1919 12127 6862 5463 7926 6179 16187 16187 16187 16187 16187
4267 12233 11553 1138 926 15190 5711 1378 16187 2563 16187 6535 16187 16187 16187 16187
14734 643 7165 2148 2601 1919 12127 6862 5463 7926 6179 16187 12127 16187 16187 16187
14237 3171 315 3364 9754 14125 7829 13592 7674 512 8712 3847 91 16187 16187 16187
14237 3171 315 3364 9754 14125 7829 13592 7674 512 8712 3847 91 16187 16187 8438
14237 3171 5365 8268 8710 8712 14237 1885 14948 2598 16187 926 2598 16187 16187 16187
7742 8268 15978 4776 1754 3177 15597 15768 9498 3098 16187 16187 16187 16187 16187 16187
9036 3171 2563 16187 12495 12495 16187 12495 6280 7001 16187 9465 16187 643 16187 16187
7742 8268 15978 4776 1754 3177 15597 15768 9498 3098 16187 16187 5022 16187 16187 11953
2257 15213 2903 1919 10501 3177 4776 5638 830 9222 6905 4951 6550 4776 5041 16187
4267 12233 11553 926 5406 6188 2837 926 16187 16187 16187 16187 16187 4537 16187 16187
7661 9869 14237 4125 10603 11239 1957 6259 926 8719 643 16187 16187 4311 16187 16187
4624 2552 4776 677 14418 284 1919 5363 11326 14180 12349 4776 7157 16187 16187 16187
4267 12233 11553 926 5406 6188 2837 926 16187 16187 16187 16187 16187 4537 16187 16187
4624 2552 4776 677 14418 284 1919 5363 11326 14180 4240 3171 16187 16187 2588 5365
1350 5463 14180 4776 926 5463 9498 10160 926 817 8268 14180 13081 12006 8081 16187
4267 10033 3177 4776 5365 2598 16187 16187 12515 11953 6259 204 16187 926 16187 16187
2446 14180 4776 12835 11553 6259 10983 16187 4776 14274 8710 7742 16187 2148 16187 16187
7740 2326 4531 3171 2563 16187 16187 16187 16187 16187 16187 16187 16187 16187 16187 16187
7740 2326 12020 14069 9498 2148 8185 11889 3171 15525 14069 16187 16187 8781 1381 16187
7740 2326 4531 3171 2563 16187 12606 1957 14589 8656 926 16187 16187 10918 16187 16187
4311 14069 5867 4776 3070 6013 12364 16187 16187 16187 16187 16187 16187 16187 16187 16187
4311 10036 8268 14069 14776 630 8270 16187 6797 9070 11889 4776 9790 16187 16187 16187
4311 7926 8710 3171 926 8268 3177 1245 4776 926 1019 14237 926 926 16187 16187
7740 15846 5946 1919 4776 11950 15720 11608 16187 16187 16187 16187 16187 16187 16187 16187
7740 15846 5946 1919 4776 11950 15720 11608 16187 830 16187 16187 16187 16187 16187 16187
7740 15846 5946 1919 4776 11950 15720 11608 16187 4098 1138 926 5711 16187 16187 16187
7740 4552 9754 12003 8712 14237 8712 4537 9219 15525 4440 16187 16187 16187 16187 16187
7740 4552 9754 12003 8712 14237 8712 4537 9219 15525 4440 16187 9872 16187 926 16187
7740 11530 14180 4776 8185 13805 8378 8954 8268 7926 4931 6259 15949 7970 13348 16187
15662 2598 16187 16187 16187 16187 16187 16187 16187 16187 16187 16187 16187 16187 16187 16187
15662 2598 16187 13852 8710 2598 16187 14043 8268 926 3171 10033 8710 16187 16187 16187
15662 2598 16187 926 2598 16187 14734 4189 926 8710 4776 10033 16187 16187 16187 16187
5297 8268 8712 5867 15871 15391 8268 14237 3543 9754 2823 2329 16187 16187 16187 16187
5297 8268 8712 5867 5329 6259 3667 3177 983 16187 16187 16187 16187 12349 14180 12349
5297 8268 8712 5867 15871 15391 8268 14237 3543 9754 2823 2329 16187 16187 16187 13348
4776 4267 8084 16187 16187 16187 16187 16187 16187 16187 16187 16187 16187 16187 16187 16187
4776 4267 8084 16187 8084 11553 1954 11778 2837 8712 4931 6259 926 16187 16187 16187
4776 6499 14776 10355 8719 4776 14596 8268 4776 12835 16187 7742 13663 16187 16187 16187
14734 16146 5830 6499 8719 926 8268 11864 8268 3634 16187 16187 16187 16187 16187 16187
14734 16146 5830 6499 8719 926 8268 11864 8268 3634 16187 16187 16187 10355 16187 12495
14734 679 3177 14734 875 4931 1229 926 10471 16187 6259 14217 16187 16187 16105 14745
926 926 14734 8268 12008 13797 3461 9084 9754 16187 16187 16187 16187 16187 16187 16187
3842 4776 13182 16187 16187 8712 3112 8712 6500 16187 8719 4776 12298 16187 10967 16187
926 926 14734 8268 12008 13797 3461 9084 1919 16187 6535 16187 16187 16187 16187 16187
91 8710 4404 14426 10967 11860 9101 1919 13664 14237 6259 926 12832 3942 16187 16187
91 8710 1543 5937 8456 4931 926 926 16187 16187 1957 16187 16187 10957 16187 16187
91 8710 4404 14426 10967 11860 9101 1919 13664 14237 6259 926 12832 3942 16187 16187
4776 14599 8710 5176 13663 8268 14237 14069 8710 1344 15438 8093 6259 6918 10810 16187
4776 14599 8710 437 14237 11063 2780 8268 4776 5837 3177 8712 8710 9392 16187 15624
4776 14599 8710 10355 16187 14237 7740 7448 4531 8712 16187 16187 16187 2148 3177 954
5332 5463 12232 11553 12766 5906 16187 16187 16187 16187 16187 16187 16187 16187 16187 16187
5332 5463 12232 11553 12766 5906 16187 926 8268 14237 7740 16187 16187 16187 16187 16187
5332 5463 12232 11553 12233 2823 8466 12233 2823 1170 13348 16187 16187 16187 16187 16187
1919 4776 15893 6888 14915 8719 4776 216 5867 794 1954 5405 9438 4931 608 16187
4267 12233 11553 926 5406 6188 2837 926 16187 16187 16187 1957 12291 16187 16187 16187
4776 10418 5867 926 8710 12256 16187 16187 14237 4776 10418 8710 6535 10355 16187 16187
4776 5568 9424 6011 5226 4931 4776 132 3177 13529 926 16187 16187 16187 16187 16187
4776 5568 9424 10355 11953 3171 2563 8710 4776 8521 5898 16187 16187 16187 16187 16187
4776 5568 9424 6011 5226 4931 4776 132 3177 13529 926 16187 16187 16187 1344 16187
3171 8710 9754 6259 11142 3177 11247 16187 16187 16187 16187 16187 16187 16187 16187 16187
3171 8710 9754 6259 11142 3177 11247 16187 1378 3177 4312 16187 16187 16187 16187 16187
3171 8710 14272 10355 8185 4552 16187 11889 3171 2598 16187 16187 16187 2689 14237 9813
9574 13341 15525 3177 9484 16187 16187 16187 16187 16187 16187 16187 16187 16187 16187 16187
9574 13341 15525 3177 9484 16187 16187 12495 6140 16187 531 16187 4277 1515 16187 16187
9574 6363 16187 9484 16187 12208 6011 7001 10918 16187 643 16187 16187 16187 16187 16187
4776 9450 33 6152 703 9498 2446 11923 16187 16187 16187 16187 16187 16187 16187 16187
4776 9450 33 6152 703 9498 2446 11923 16187 926 16187 14043 950 16187 926 16187
4776 8268 132 8268 8710 1955 6585 12233 3257 1955 786 16187 16187 16187 16187 16187
15783 926 8710 6259 5695 2353 8268 14237 926 926 5867 6006 4931 15848 16187 16187
4267 926 4776 15064 3177 1390 16187 16187 5332 15096 16187 16187 1957 4776 15845 16187
926 8710 1378 3177 4776 10566 10501 3177 3171 10033 15978 1957 6173 16187 9813 9780
926 15846 2823 6188 3177 4776 12247 16187 16187 16187 16187 16187 16187 16187 16187 16187
926 15846 2823 6188 3177 4776 12247 16187 643 16187 830 1378 16187 9640 16187 16187
926 15846 2823 6188 3177 4776 12247 16187 643 16187 16187 16187 10480 16187 16187 7970
929 926 3177 4776 14596 11553 9754 2326 14694 2903 12233 3171 2002 16187 16187 16187
3842 11889 14833 15662 10418 8710 10355 12495 16187 8268 12495 16187 9084 16187 16187 3748
926 13089 13474 5867 6188 10967 6423 16187 1341 16187 5341 16187 16187 16187 3765 2689
10691 926 3171 3011 9139 6550 4776 4862 14237 926 14029 14745 830 8139 888 16187
3842 11889 8712 5867 2023 6011 8913 12233 13931 6011 16187 11889 5463 16187 6011 16187
926 5867 1781 14237 5453 11859 10719 4776 10033 4763 9070 4998 16187 16187 926 16187
926 926 2446 4931 2689 1955 926 16187 16187 16187 16187 16187 16187 16187 16187 16187
3842 13474 926 8268 926 8268 926 8268 926 926 8719 5463 16187 16187 16187 6259
926 926 2446 4931 2689 1955 926 16187 16187 1378 3177 4776 926 817 9290 16187
15828 926 12260 11553 771 6826 14635 3177 1329 13129 13353 14029 14749 2145 16187 16187
4267 926 1919 3171 2037 8268 3171 12007 5297 8710 4776 16187 16187 16187 16187 16187
15828 926 12260 11553 771 6826 14635 3177 1329 13129 13353 14029 14749 2145 16187 14237
5463 8710 203 5713 100 12709 15597 9746 16187 16187 16187 16187 16187 16187 16187 16187
5463 8710 203 5713 100 12709 15597 9746 16187 2097 4932 2563 16187 16187 16187 11889
5463 8710 14180 7740 11553 12233 1436 11953 3171 13607 2563 16187 14596 16187 14596 16187
6259 12444 2598 16187 16187 16187 16187 16187 16187 16187 16187 16187 16187 16187 16187 16187
6259 2613 14043 14029 10812 2598 16187 16187 16187 16187 16187 926 16187 16187 16187 16187
6259 12444 2598 16187 10033 16187 2689 13348 16187 4832 16187 684 4776 926 13348 16187
14069 14776 5568 1789 2819 12233 16146 11900 1019 1955 7251 2837 11191 6173 16187 16187
3842 1957 14180 1737 16187 16187 16187 13089 7740 973 5807 16187 16187 16187 16187 983
14237 1885 9762 4125 3364 4537 3038 6826 15174 3011 12927 16187 13720 15658 9013 16187
830 4776 926 14281 8268 7740 11992 6259 14139 16187 16187 16187 16187 16187 16187 16187
4267 12233 11553 926 5406 6188 2837 926 16187 16187 16187 1957 12291 16187 16187 16187
10967 926 16187 476 16187 16187 8258 1885 926 12233 926 4776 10033 926 16187 16187
10394 13197 4325 9084 8712 16187 16187 16187 16187 16187 16187 16187 16187 16187 16187 16187
10394 13197 4325 9084 8712 16187 16105 9070 8719 4776 10983 16187 3192 16187 16187 3192
10394 13197 4325 9084 8712 16187 14734 926 12233 4776 2543 4325 9884 4776 14599 16187
7310 284 9498 10355 16187 16187 16187 16187 16187 16187 16187 16187 16187 16187 16187 16187
7310 284 9498 10355 16187 12008 8712 5867 6259 9450 16187 16187 2148 12233 16187 16187
7310 8383 4665 3177 14002 12740 14237 14215 16187 12233 4312 16187 16187 926 16187 16187
4552 6011 9429 5463 12232 8733 8712 275 14043 7674 12233 7347 2598 16187 16187 16187
4552 6011 2326 16187 15662 13474 779 6259 290 16020 16187 6071 6259 16187 16187 16187
4552 6011 9429 5463 12232 8733 8712 275 703 4537 14518 16187 16187 16187 16187 16187
6826 14465 14776 4927 12495 1940 11889 13089 4325 10187 830 4776 11180 16187 16187 16187
14272 13464 3112 3171 2563 4032 15715 8268 12716 8268 8710 4776 5580 3098 8521 16187
6826 14465 14776 4927 12495 1940 11889 13089 4325 10187 830 4776 11180 16187 16187 16187
6363 9484 926 4647 14411 8268 7740 4931 7603 926 16187 16187 16187 16187 16187 16187
4267 10033 3177 4776 5365 2598 16187 16187 12515 12276 6259 204 16187 816 16187 16187
6363 16187 9431 983 3171 2563 8710 6259 9450 10033 5463 3543 16105 9070 16187 6011
4776 14241 13216 14029 16187 16187 16187 16187 16187 16187 16187 16187 16187 16187 16187 16187
4776 14241 13216 14029 16187 16187 16187 13089 7740 14823 6259 926 16187 16187 926 13348
4776 5820 3048 12233 15300 4931 12233 2599 926 16187 16187 16187 16187 16187 16187 1583
14029 12489 3177 14180 5463 8268 4776 10033 15452 5822 16187 16187 16187 16187 16187 16187
4267 10033 3177 14180 926 16187 7612 16187 13348 16187 16187 16187 16187 16187 16187 16187
14029 12489 3177 14180 5463 8268 4776 10033 15452 5822 16187 7740 11553 16187 11889 926
8712 5867 5329 8213 14237 8712 5867 5329 3047 16187 16187 16187 16187 16187 16187 16187
8712 5867 5329 8213 14237 8712 5867 5329 3047 16187 16187 6011 5208 9605 16187 16187
8712 5867 2148 13929 16187 11889 6259 643 16187 16187 16187 16187 16187 16187 16187 16187
3364 3171 5095 2823 13592 4825 16187 16187 16187 16187 16187 16187 16187 16187 16187 16187
15662 7740 8309 12233 12650 3171 14251 16187 12276 10503 1919 1138 926 5711 16187 16187
6173 5332 7001 2552 8712 13348 16187 13348 16187 13348 16187 13348 16187 13348 16187 13348
7740 4931 2758 1833 8015 9084 9754 7127 4776 8162 16187 16187 16187 16187 16187 16187
7740 4931 6391 6826 16187 7661 132 9431 16187 14237 684 2837 203 16187 16187 16187
7740 10589 6635 3285 487 2053 3644 9754 12097 2598 16187 16187 9431 2712 16187 16187
13034 4837 3171 959 16187 16187 16187 16187 16187 16187 16187 16187 16187 16187 16187 16187
4267 12233 11553 1138 12298 8719 4776 2563 16187 7164 16187 994 16187 10918 16187 16187
447 830 9743 15658 1110 926 10787 16187 16187 16187 16187 16187 16187 16187 8719 6259
2263 7664 12832 2627 771 9070 6979 971 14029 4776 948 10953 16187 16187 16187 16187
4267 12233 11553 926 5406 6188 2837 926 16187 16187 16187 16187 16187 16187 16187 16187
2263 7664 12832 2627 771 9070 6979 971 14029 4776 948 10953 16187 10953 16187 16187
7740 9084 9754 11889 5463 1957 14180 16187 16187 16187 16187 16187 16187 16187 16187 16187
7740 9084 9754 11889 5463 1957 14180 16187 8569 8712 11789 8093 16187 8069 2148 16187
7740 11530 14180 4776 12835 6297 8712 7001 16187 16187 2148 16187 16105 8719 926 16187
6685 950 926 926 8710 4776 5602 15658 12260 13758 12233 4626 1919 4776 2051 16187
3842 11889 4776 12012 13348 16187 12020 7740 1951 1919 6259 7151 12233 16187 16187 16187
1138 3520 8712 14029 5711 16105 2191 8069 2263 12007 4931 8213 3962 12233 3171 16187
7926 779 6826 13985 16187 16187 16187 16187 16187 16187 16187 16187 16187 16187 16187 16187
7926 779 6826 13985 16187 12766 1378 3177 4776 10033 12233 16187 16187 926 16187 16187
7926 779 6826 816 5463 1378 15846 2823 4776 15416 3177 4776 10887 16187 16187 16187
1435 13348 16187 16187 16187 16187 16187 16187 16187 16187 16187 16187 16187 16187 16187 16187
1435 13348 16187 10024 3302 4776 2563 3177 14734 564 16187 16187 16187 653 16187 16187
1435 13348 16187 10024 3513 3177 14734 10033 16187 540 16187 16187 3112 4776 10509 926
11946 8268 15597 926 3177 7237 4931 15010 12233 4776 4152 16187 16187 16187 16187 16187
1543 9084 4325 10603 6259 14842 8719 13907 6259 926 926 8719 5333 2598 16187 16187
11946 8268 15597 926 3177 7237 4931 15010 12233 4776 4152 16187 16187 16187 7740 3364
5463 5867 8712 2598 16187 16187 16187 16187 16187 16187 16187 16187 16187 16187 16187 16187
5463 5867 15662 4325 9498 1229 3356 16187 16187 8719 6259 8712 16187 16187 16187 16187
5463 5867 8712 2598 16187 16187 2296 16187 10355 16187 2167 12491 16187 16187 16187 4032
3171 8710 9754 8069 12606 8268 3112 9070 188 12233 7055 16187 16187 16187 16187 16187
3171 8710 9754 8069 12606 8268 3112 9070 188 12233 7055 16187 16187 3137 16187 16187
3171 8710 14272 10355 8185 4552 16187 11889 926 16187 8719 1885 16187 564 16187 16187
8712 5867 4537 8569 16187 16187 16187 16187 16187 16187 16187 16187 16187 16187 16187 16187
8712 5867 4537 8569 16187 8268 8712 5867 2689 16187 16187 1213 6259 14596 16187 16187
8712 5867 4537 5580 926 16187 13896 2837 12127 1378 5463 1378 926 2053 926 3994
7740 11839 10566 3177 926 5867 216 14237 4776 15893 16187 16187 16187 16187 16187 16187
7740 4931 9754 5807 3177 15715 6259 2444 10586 3177 6259 7963 1398 14251 16187 1098
7740 11839 10566 3177 926 5867 216 14237 4776 15893 16187 2365 10211 16187 16187 16187
5568 15978 8502 926 926 8710 8719 8712 16187 16187 16187 16187 16187 16187 16187 16187
5568 15978 8502 926 926 8710 8719 8712 16187 16187 5332 16187 16187 16187 2563 11889
6173 12233 14734 4125 16187 2148 926 10967 2148 16187 1583 16187 16187 16187 16187 14241
7740 1951 5297 5329 13616 16187 16187 16187 16187 16187 16187 16187 16187 16187 16187 16187
7740 1951 5297 5329 13616 16187 16187 9084 12276 7981 14237 14069 14776 6535 16187 16187
7740 1951 2296 4512 5994 13089 7740 12650 3171 16187 16187 16187 16187 16187 16187 3192
9063 6259 5820 15347 16105 6071 2563 8268 5463 2446 3112 6011 9429 16187 16187 16187
9036 3171 10033 16187 15978 2263 1378 11401 16187 5297 8018 9070 16187 16187 7740 16187
6173 14069 8710 2296 6259 2191 3177 13501 8719 14734 1133 16187 16187 16187 16187 16187
4776 763 8710 14221 6745 2563 1229 8712 8710 3850 16187 16187 16187 16187 16187 16187
4776 763 8710 14221 6745 2563 1229 14221 1919 4776 11998 3942 16187 7740 16187 8781
4776 763 8710 14221 6745 2563 1229 8712 8710 3850 16187 16187 12757 16187 16187 9887
