4776 3513 8719 4776 2563 8710 1810 16187 16187 16187 16187 16187 16187 16187 16187 16187
4776 4152 8710 2393 8268 8798 16162 9332 16187 16187 16187 16187 16187 16187 1378 926
4776 10033 8710 2684 10471 1919 4776 8124 1487 3177 4776 1726 9954 3177 926 16187
15662 2598 16187 16187 16187 16187 16187 16187 16187 16187 16187 16187 16187 16187 16187 16187
15662 2598 16187 2598 16187 2598 16187 1885 2598 16187 16187 1885 4931 14734 13103 16187
15662 2598 16187 926 2598 16187 5309 1955 7742 1955 4776 13839 1955 4776 13839 16187
15846 3171 4981 2823 14734 2588 2598 16187 16187 16187 16187 16187 16187 16187 16187 16187
15846 3171 4981 2823 14734 2588 2598 16187 16187 12022 926 16187 16187 16187 16187 16187
15846 3171 4981 2823 14734 2588 2598 16187 6071 2598 16187 16187 16187 9431 7970 16187
14237 4311 3177 1245 4624 11553 6259 13839 3177 12489 9736 2946 16187 16187 16187 16187
14237 4311 14069 5867 1111 926 4776 16146 11516 16187 16187 11401 16187 16187 6390 9577
14237 4311 3177 1245 4624 11553 6259 13839 3177 12489 9736 2946 16187 16187 16187 16187
6500 8268 9573 8268 6140 16187 16187 16187 16187 16187 16187 16187 16187 16187 16187 16187
9036 3171 2563 16187 12495 12495 16187 12495 15096 16187 16187 16187 5388 12349 16187 12349
7742 2608 16187 11839 7926 4931 6259 926 16187 16187 16187 16187 8719 10033 16187 16187
4776 12337 926 8710 13852 15658 779 684 6826 16150 926 8569 9288 14029 1583 16187
3842 91 4776 4152 16187 1348 16187 926 8268 8676 14776 6535 14237 16187 16187 9736
4776 12337 5036 14251 8710 5297 6259 14752 9618 10967 4776 15359 16187 16187 16187 16187
7740 11553 2296 10957 1378 3384 1919 926 14237 926 16187 16187 16187 16187 16187 16187
9036 3171 10033 8268 15978 983 8710 12495 7613 12233 3667 16187 10501 16187 16187 16187
7740 11553 2296 10957 1378 3384 1919 926 14237 926 16187 16187 16187 2296 16187 16187
8796 8268 7740 9084 16187 16187 16187 16187 16187 16187 16187 16187 16187 16187 16187 16187
8796 8268 7740 9084 16187 16187 6070 630 16187 16187 8719 4776 2563 16187 16187 16187
8796 8268 7740 6635 4312 16187 9429 6011 4537 4931 1813 6011 16187 4537 16187 16187
3364 1799 1612 11553 16105 4776 12337 926 2122 10033 2598 16187 16187 16187 16187 16187
3842 11889 8712 5867 2023 6011 8913 12233 13931 6011 16187 6011 16187 16187 16187 16187
14237 4624 2446 11553 4776 14311 6499 10967 926 926 14237 1430 926 16187 16187 16187
14069 14776 6826 703 11953 4776 2563 5463 14776 4949 16187 16187 16187 16187 16187 16187
14069 14776 2746 7975 6500 3177 926 15649 14776 13267 5750 14237 1119 16187 926 16187
14069 14776 1948 6499 5463 4624 5272 8719 15520 12854 5534 16187 16187 926 16187 16187
14030 16187 16187 16187 16187 16187 16187 16187 16187 16187 16187 16187 16187 16187 16187 16187
14030 16187 3177 4776 926 16187 1378 8268 4776 2563 16187 14776 16187 16187 16187 16187
14030 16187 6070 10355 8268 10967 2055 14237 7740 973 926 8712 16187 16187 16187 13348
7740 6011 4628 9754 2823 926 13348 16187 16187 16187 16187 16187 16187 16187 16187 16187
7740 6011 4628 9754 2823 926 13348 16187 3137 13879 13348 16187 16187 16187 11889 16187
7740 11553 12233 2552 8712 14029 4776 10887 1583 13348 16187 3137 10887 11401 16187 16187
1955 4776 10033 4815 8268 7740 5551 8268 13474 9160 1644 12233 12650 6259 2563 16187
3842 11889 8712 5867 2023 6011 8913 12233 13931 6011 16187 6011 16187 16187 16187 16187
1955 6259 3537 8268 8712 5867 5329 8569 16187 12008 4537 4931 1138 926 5711 16187
4311 926 771 12233 13317 15525 15658 4931 4776 16020 16187 16187 16187 16187 16187 16187
4311 926 771 12233 13317 15525 15658 4931 4776 16020 16187 11889 4325 16187 16187 16187
4311 926 771 12233 4776 7620 4325 926 8719 4776 926 16187 16187 16187 16187 16187
15300 145 926 10918 7829 14237 1372 5463 13474 5867 6259 926 3177 14734 10026 16187
3842 91 16187 4152 16187 12478 8268 14237 2696 16187 6423 16187 14237 8712 16187 16187
7926 14827 3171 1676 2576 14237 926 6259 3098 8855 3177 926 14237 926 5629 16187
8796 16187 16187 16187 16187 16187 16187 16187 16187 16187 16187 16187 16187 16187 16187 16187
8796 16187 16187 16187 8712 4931 6259 12233 2326 16187 16187 16187 16187 9890 16187 1110
8796 16187 16187 16187 5208 5580 5993 16187 16187 10418 16187 16187 16187 16187 16187 16187
1955 8719 14180 8164 8268 643 13216 14029 16187 16187 16187 16187 16187 16187 16187 16187
8719 3511 8268 7926 3644 9754 8069 8979 13348 16187 16187 16187 5415 13348 16187 13348
12008 2446 5137 12233 2823 6259 630 8270 16187 10373 16187 12349 6259 3192 16187 13348
7740 8313 15658 9084 9754 1110 1885 8719 1138 926 5711 2598 16187 16187 16187 16187
7740 9429 4537 771 9754 5463 16187 2292 16187 10036 16187 926 16187 926 16187 16187
7740 9429 8712 10399 12233 12349 11274 3171 2563 16187 7740 16187 15715 16187 12349 16187
14304 15669 15658 926 4977 8712 2598 13348 16187 16187 16187 16187 16187 16187 16187 16187
5329 6259 8569 2563 16187 5329 10394 3102 16187 8270 16187 5217 16187 5332 9290 16187
2552 8712 13348 13348 13348 16187 8081 10358 926 10033 16187 5867 6150 7742 16187 16187
3171 9424 8710 4776 12450 16187 16187 16187 16187 16187 16187 16187 16187 16187 16187 16187
3171 4393 6259 6070 47 11063 12805 16187 1019 4776 1449 8268 4776 3511 16187 16187
3171 779 9442 3818 12276 1860 13270 2563 8084 16187 16187 16187 16187 16187 16187 16187
14237 4311 4624 8093 13637 11953 8712 10036 16187 16187 16187 16187 16187 16187 16187 16187
14237 4311 14069 5867 1111 926 4776 16146 11516 16187 16187 10918 8719 4776 5365 16187
14237 4311 14069 5867 3098 16187 12820 16187 14043 9431 16187 6423 16187 14237 8712 16187
4776 11646 8710 5297 6535 10355 8719 5713 4440 16187 16187 16187 16187 16187 16187 16187
3842 1957 14180 1737 16187 16187 16187 14397 4776 9339 13811 16187 2326 16187 16187 14397
4776 11646 8710 5297 6535 10355 8719 5713 4440 16187 16187 16187 16187 16187 16187 16187
6173 14470 14581 4325 11031 4098 3171 1378 16187 16187 16187 16187 16187 16187 16187 16187
5329 3171 983 16187 8855 16187 7740 9429 16187 13089 15846 14000 7742 16187 2552 16187
6173 6011 6535 630 8592 8712 14180 8268 1378 14043 4776 16146 14043 14180 13348 16187
8712 8093 15881 817 16187 16187 16187 16187 16187 16187 16187 16187 16187 16187 16187 16187
8712 8093 15881 817 16187 6070 8268 14237 8152 8712 16187 16187 16187 16187 16187 16187
8712 779 12766 477 14029 6439 3366 8268 4409 9487 8719 926 16187 10978 16187 2563
5516 2946 14237 6259 5948 2148 5010 10583 16187 16187 16187 16187 16187 16187 16187 16187
3842 16187 16187 1737 16187 983 16187 5568 14043 1954 7970 16187 16187 16187 16187 16187
5329 3257 12008 5046 13904 9591 12233 8733 830 6259 854 2712 12805 16187 9431 983
13089 12128 8746 2903 1919 926 7926 1865 1955 8726 7926 8710 5329 1229 8344 16187
13570 8268 7926 779 12233 926 14734 16058 5505 16187 385 1957 6259 10887 16187 16187
13089 12128 14237 51 12945 4776 926 1514 14776 926 10967 12276 9465 16187 9004 16187
7740 2665 3367 926 1019 4776 2494 6173 12233 5243 1213 6259 3098 14599 16187 16187
7740 3626 15525 4776 7949 8719 5891 2191 5830 1019 5415 13348 16187 3192 16187 16187
7740 16138 8197 8712 6259 2143 14029 9484 830 12272 926 14237 12273 6714 16187 9591
11719 4624 11031 4537 8719 4776 1781 8268 14237 13876 14776 2148 14043 3765 6089 16187
9036 3171 2563 16187 12495 12495 16187 12495 6280 7001 789 4776 15939 16187 10373 16187
4325 5297 9032 12233 2823 6070 15884 12233 10503 14180 3171 4931 6259 14397 10197 10033
11720 14029 3171 10571 101 14237 6070 7742 2608 16187 16187 16187 16187 16187 16187 16187
9036 3171 2563 16187 12495 12495 15096 16187 12349 7740 5388 16187 5562 16187 16187 16187
13077 15525 4776 2543 14265 830 926 5867 14198 8712 5867 8974 1813 5867 926 16187
1919 926 926 12125 8268 12576 5329 1955 8569 1955 926 16187 16187 16187 16187 16187
3842 1919 12127 926 3177 5937 1750 16187 12349 4776 2563 16187 16187 16187 16187 16187
926 5867 9335 8710 8268 6259 1990 3011 14217 8004 10355 15452 10567 14745 16187 16187
12298 3384 4312 2311 2858 4776 926 8143 16187 16187 16187 16187 16187 16187 16187 16187
3842 3171 2856 11889 4776 12012 16187 3364 11553 12766 926 16187 4240 2598 16187 16187
926 12515 6259 8081 8269 2858 6259 7336 8081 926 16187 7336 926 16187 16187 16187
7740 14263 8712 6877 16187 16187 16187 16187 16187 16187 16187 16187 16187 16187 16187 16187
9036 3171 2563 16187 12495 12495 16187 12495 6280 16187 12349 4776 1383 16187 16187 1954
7740 14263 8712 6877 16187 6304 3994 14237 6259 926 10583 5867 2563 16187 16187 14125
4776 16146 10887 12723 8710 4776 926 3177 6259 8081 7913 926 16187 16187 16187 16187
4776 4267 8084 12449 12233 15956 14272 13616 6011 16187 16187 8270 16187 16187 16187 16187
4776 1378 273 6423 6259 926 14237 926 1895 2837 4776 5042 2598 16187 16187 7164
6011 16138 12149 8712 16187 16187 16187 16187 16187 16187 16187 16187 16187 16187 16187 16187
6011 16138 8093 1110 4776 9790 4927 16187 16187 2148 16187 512 16187 16187 16187 16187
6011 16138 12149 8712 16187 7661 12291 14237 8712 1175 16187 16187 16187 12008 6070 2601
1750 6500 14069 8710 9754 6259 3356 1390 9938 8719 926 10967 5946 12233 5759 16187
9036 3171 2563 16187 12495 12495 15096 16187 12349 6259 10709 14029 4776 1583 16187 16187
7742 4032 15715 8069 4240 16041 6259 11401 5711 16187 643 8710 16187 5296 1955 7742
5341 3994 3942 2598 16187 16187 16187 16187 16187 16187 16187 16187 16187 16187 16187 16187
5341 3994 3942 2598 16187 100 15846 2823 11889 4776 8185 16187 16187 16187 16187 16187
5341 3994 926 5257 3177 1885 16187 1885 4776 926 926 12233 6999 5867 8081 926
5463 5867 5433 13348 16187 16187 16187 16187 16187 16187 16187 16187 16187 16187 16187 16187
5463 5867 5433 13348 16187 16187 6683 11889 5463 4931 10355 16187 16187 16187 16187 10953
5463 5867 8712 2598 16187 16187 8081 1787 16187 16187 656 16187 2148 14237 926 16187
7740 630 4558 3171 1378 12233 4776 1138 2002 5711 16187 16187 16187 16187 16187 16187
9036 3171 2563 16187 12495 12495 16187 12495 6280 7001 16187 1919 16187 9465 16187 16187
7740 11553 2308 6259 11788 12008 7740 11553 926 926 5867 16187 12276 5415 16187 16187
6173 16187 16187 16187 16187 16187 16187 16187 16187 16187 16187 16187 16187 16187 16187 16187
6173 16187 6535 15174 49 16187 16187 1378 16187 8344 16187 1957 1378 16187 16187 16187
6173 16187 12260 16187 10399 12233 3012 8719 4776 10033 16187 16187 16187 12135 16187 16187
14069 4931 13084 10363 4124 14043 9899 4070 12233 2823 6148 2837 1957 4776 12298 16187
14069 4931 13084 12154 4152 14237 4776 926 9498 16125 1919 4776 2563 16187 16187 16187
14069 779 12766 7600 1133 8719 12276 3109 12008 8712 8710 8719 5463 3426 13021 16187
12495 8569 7740 9084 9754 13077 4776 315 4805 8258 16187 16187 16187 16187 16187 16187
12495 8569 7740 9084 9754 13077 4776 315 4805 8258 16187 16187 16187 16187 16187 16187
1229 630 830 13587 13348 16187 16187 2563 16187 7970 16187 16187 16187 14125 16187 16187
4404 1138 4383 7937 3177 14766 5711 16187 16187 16187 16187 16187 16187 16187 16187 16187
6259 1435 14596 8268 15649 5329 2296 4537 3847 8712 16187 9680 12233 12298 16187 16187
6259 14193 14029 10033 16187 926 16187 5388 16187 16187 16187 16187 16187 16187 16187 926
7926 8162 926 4931 7742 2842 16187 16187 16187 16187 16187 16187 16187 16187 16187 16187
3842 91 8268 6683 7740 11889 14734 2588 9424 16187 2053 771 12233 16187 308 16187
7926 926 15525 3177 14734 8858 1787 14237 10299 12233 15520 7377 16187 16187 9817 4924
2085 926 684 1986 5867 926 926 8268 926 14237 3730 926 9059 16187 16187 16187
3842 1919 12127 926 3177 5937 1750 16187 12349 4776 2563 16187 15740 16187 16187 16187
926 5867 5459 926 8268 926 8268 15881 926 15525 3177 14734 926 16187 16187 9424
12276 9574 9484 9484 16187 16187 16187 16187 16187 16187 16187 16187 16187 16187 16187 16187
12276 9574 14139 16187 8569 4779 8268 7740 9429 7740 9429 16187 4537 9084 16187 16187
12276 9574 9484 9484 16187 2842 8270 8268 8656 1133 3177 4776 1419 16187 6535 16187
4776 13701 11553 12766 10471 16187 16187 16187 16187 16187 16187 16187 16187 16187 16187 16187
4776 926 1019 926 2598 16187 6173 2446 5086 2148 16187 16187 16187 512 6259 14861
4776 926 1019 14237 6601 5726 6173 2752 14776 7238 8268 8798 2786 12233 1645 16187
13148 926 8710 13473 1955 4776 11919 1389 16187 16187 16187 16187 16187 16187 16187 16187
3842 1919 12127 926 3177 5937 1750 16187 12349 14029 763 9216 16187 16187 7740 11839
926 5086 8719 6259 551 9534 16187 1138 926 5711 16187 16187 16187 926 16187 16187
2348 8268 830 176 8268 926 926 8268 5967 12233 1865 6259 926 926 16187 16187
9036 3171 10033 8268 15978 983 8710 12495 7613 12233 3667 16187 1919 4776 132 16187
926 5867 6683 3177 8344 14237 14637 1453 2326 9113 12233 4776 7724 16187 16187 16187
926 1170 8719 12835 8268 8719 8075 8268 15876 8268 14399 8268 14237 10567 16187 16187
3842 3171 2856 11889 4776 12012 16187 3364 11553 12233 1436 16187 16187 4931 2588 16187
926 14237 4969 2451 4776 8226 2765 8268 926 14237 8810 16187 11331 14776 926 16187
4776 926 8536 1873 5388 4776 63 1873 926 12349 4776 9431 16187 16187 16187 16187
3842 4776 13182 16187 7740 15956 5937 7188 4776 2563 1919 3192 12362 16187 16187 9450
4776 926 926 2979 10918 14237 4015 4776 11401 8270 512 13594 16187 16187 16187 16187
4776 7345 4874 202 779 1233 3748 4404 12901 926 16187 16187 16187 16187 16187 16187
3842 3171 2856 11889 4776 12012 16187 3364 11553 8084 12766 2598 16187 16187 16187 16187
4776 926 16187 3886 8710 6259 10810 5463 2446 779 1954 926 16187 14125 16187 16187
6070 4142 447 16187 16187 16187 16187 16187 16187 16187 16187 16187 16187 16187 16187 16187
3171 8710 1954 817 14596 3177 8496 926 14029 1954 13754 2689 4927 16187 9332 16187
3171 8710 1954 817 14596 3177 8496 926 14029 1954 13754 2689 4927 16187 9332 16187
4932 8710 6259 6816 10983 16187 16187 16187 16187 16187 16187 16187 16187 16187 16187 16187
13084 9640 926 10094 5867 8185 9207 1229 3192 926 5713 12455 16187 5297 3553 830
4932 8710 6259 6816 10983 16187 8268 14043 8268 12233 6259 926 16187 16187 13348 16187
8719 6259 15335 1133 3177 4776 10969 4194 8268 13559 9498 15831 1955 926 16187 16187
3842 3171 1378 16187 11839 5463 7740 11839 14272 4931 5937 1482 16187 16187 16187 16187
8719 6259 14304 8268 4776 7705 3384 13216 1957 8506 16187 16187 926 16187 16187 16187
4714 13341 6173 1597 3177 4776 926 9745 5102 16187 16187 16187 16187 16187 16187 16187
4267 12233 11553 926 5406 6724 2837 926 926 16187 16187 16187 1954 926 16187 16187
2143 9484 15208 8710 6259 8455 12099 1614 6071 8974 16187 5463 16187 91 16187 10399
2552 926 926 1019 12654 4776 926 1919 926 6173 6173 4931 4537 9643 10810 16187
9036 3171 10033 16187 15978 2263 1378 6535 630 2148 16187 512 926 16187 16187 16187
926 830 4312 16187 2097 3177 926 16187 926 8268 1750 926 16187 16187 16187 16187
8712 6546 6297 11889 6259 2024 2563 16187 16187 16187 16187 16187 16187 16187 16187 16187
8712 6546 2148 11889 1954 8172 2563 8268 1357 1955 6259 100 3994 2563 16187 16187
8712 6546 2148 11889 1954 8172 2563 8268 1357 1955 6259 100 3994 2563 16187 10918
12233 14180 926 14237 3189 1138 926 5711 3543 11553 12766 6259 7524 16187 16187 16187
3842 11889 8712 5867 2023 6011 8913 12233 13931 6011 16187 6011 16187 16187 16187 16187
12008 926 8584 12233 2451 8712 5463 4927 5152 16187 779 13084 16187 16187 16187 2148
9625 14180 4776 4927 1778 13348 16187 16187 16187 16187 16187 16187 16187 16187 16187 16187
5329 447 16187 16187 12008 7740 2296 2053 10503 8719 3171 8185 16187 8185 16187 3553
5329 1597 6363 9484 5365 380 15956 5463 16187 16187 16187 4931 16187 16187 16187 16187
13474 4009 14180 1885 6138 9831 12233 11253 1957 4776 926 14237 830 5517 16187 16187
13474 5867 2446 14221 2148 16187 926 926 12233 2451 926 16187 16187 16187 16187 14734
13474 14827 8712 8268 3177 1245 8268 8719 1885 7729 926 3177 1954 926 653 16187
7740 2326 5208 2552 3171 1955 6259 4927 12233 10551 4776 15416 16187 16187 16187 16187
9036 3171 2563 16187 12495 12495 16187 12495 6280 7001 16187 16187 9465 16187 16187 16187
7740 3553 8712 3847 4776 9790 830 10394 15658 8451 8712 16187 16187 7970 16187 16187
8726 6011 11889 14854 5722 1919 7729 2432 8268 6011 15846 5329 11553 16187 16187 16187
8726 6011 3553 12233 12650 15389 5463 15846 2823 4032 679 8268 3842 16187 16187 16187
8726 6011 11889 14854 5722 1919 7729 2432 8268 6011 15846 5329 11553 16187 16187 16187
4325 6326 4891 2968 5711 8798 4325 8781 5463 2894 15525 8719 4776 2563 16187 16187
9036 3171 2563 16187 12495 12495 16187 12495 15096 16187 16187 6320 926 16187 926 16187
6011 16138 11889 926 12740 820 2451 16187 8270 16187 512 7742 16187 16187 16187 4311
7872 8719 8450 14854 12454 16187 16187 16187 16187 16187 16187 16187 16187 16187 16187 16187
3842 1919 12127 926 3177 5937 1750 16187 12349 14029 926 16187 16187 16187 16187 16187
926 8710 1954 9298 15291 12708 8268 10691 926 6259 926 7712 926 16187 16187 16187
5332 5463 5867 6535 6918 16187 16187 16187 16187 16187 16187 16187 16187 16187 16187 16187
1229 5463 4931 4853 16187 5329 9264 926 16187 16187 16187 16187 16187 10373 3194 2858
1229 5463 5867 11953 8712 8710 2326 16187 16187 830 4776 10887 1583 16187 16187 16187
10669 1453 14272 8712 13197 1919 6259 15798 3177 1491 16187 16187 16187 16187 16187 16187
5329 1229 16187 16187 10518 12233 13429 8710 8719 4776 4932 16187 16187 2563 16187 3192
6011 2552 2598 16187 5200 16187 643 16187 12008 10217 16187 16187 5804 16187 16187 16187
10394 926 2832 12233 9605 2832 830 13084 6378 16187 16187 16187 16187 16187 16187 16187
13084 8712 5656 12233 6259 926 13348 13348 13348 16187 1813 1243 2968 16187 926 14657
7926 8710 16187 16187 15387 8710 4776 816 5463 7926 5208 5174 1919 4776 816 16187
7740 968 771 6259 15335 926 8268 12008 4931 5297 7456 12233 14192 4776 4152 16187
9036 3171 2563 16187 12495 12495 16187 12495 6280 7001 789 16187 1919 16187 16187 16187
7740 11553 2296 10957 1378 3384 1919 926 14237 926 16187 16187 16187 16187 5867 16187
8069 4776 9349 13213 15525 16187 16187 16187 16187 16187 16187 16187 16187 16187 16187 16187
8069 926 15881 9153 14237 1922 16187 9605 16187 16187 16187 16187 16187 16187 16187 16187
8069 4776 926 8710 1778 6259 926 5208 12489 8268 14180 16187 926 16187 16187 16187
926 926 5656 12233 15597 7121 1955 4776 10355 6329 16187 16187 16187 16187 16187 16187
926 926 15525 14180 12008 6259 4629 3177 926 5867 582 16187 16187 2296 1750 16187
926 926 8710 8439 16187 13839 1955 926 16187 16187 954 3177 1885 7620 16187 6259
926 7499 1957 3171 983 6173 15658 3847 9754 8456 15742 1885 8057 1019 16187 16187
926 779 9754 12766 14069 9591 830 9070 12233 6077 11953 1885 16187 16187 16187 1229
926 12260 11553 2326 11530 3171 16187 16187 4687 830 2353 16187 926 926 926 16187
820 10913 14581 4776 7448 12233 3818 2572 11239 12233 3504 4776 2572 1778 4312 16187
3842 16187 16187 1737 9487 8268 8726 6011 11031 5407 830 4776 926 16187 16187 16187
6011 15846 7185 9780 820 8719 4776 5916 16187 10603 4776 10033 16187 16187 16187 3177
926 1019 6259 926 8268 9726 13720 9385 15658 926 14180 11401 6173 16187 16187 16187
926 1019 6259 926 8268 9726 13720 9385 15658 926 14180 11401 6173 16187 16187 16187
926 926 1019 926 926 9665 1019 926 926 8710 8268 926 3171 14237 9004 12495
14237 564 3177 14180 8268 3171 4931 6259 14596 11953 11032 14237 7343 15208 10154 16187
14237 3171 8710 13084 9780 16187 7740 9884 8466 16187 14029 1583 16187 16187 16187 16187
14237 3171 8710 6259 2176 10033 7508 16187 16187 15174 16187 16187 12650 14043 16187 926
14272 2598 13348 16187 16187 16187 16187 16187 16187 16187 16187 16187 16187 16187 16187 16187
14272 2598 13348 16187 16187 8185 8719 3384 4931 6259 10397 14029 12291 16187 16187 16187
8712 13345 16096 16187 15978 8712 8710 6259 1138 926 13348 5711 16187 16187 4404 16187
3171 3886 4931 3398 8719 203 8712 1215 1955 630 11953 8747 1955 14734 4480 16187
3171 3886 4931 926 16187 8719 3171 2563 12495 16187 7740 9884 2296 16187 16187 16187
3171 3886 4931 3398 8719 203 8712 1215 1955 630 11953 8747 1955 14734 4480 16187
10036 8268 8712 5867 5329 6259 8569 2563 16187 16187 16187 16187 16187 16187 16187 16187
15408 8268 8712 5867 4537 8569 16187 16187 11789 8093 16187 2148 16187 512 1157 6672
7742 8712 5867 2148 14043 3765 6259 1781 14237 7254 16187 13178 16187 16187 926 16187
5463 9790 5365 15337 5867 10397 4931 11141 4241 2837 2643 16187 16187 16187 16187 16187
8712 5867 14428 830 3171 6378 5463 926 8710 5770 16187 16187 16187 16187 16187 16187
8712 5867 7314 11779 16187 16187 3192 10983 3177 926 14029 926 13348 16187 16187 16187
6173 8268 14237 13907 6259 3141 4776 10566 13929 8719 4776 308 16187 16187 16187 16187
9036 3171 2563 16187 12495 12495 16187 12495 16187 16187 5332 8268 16187 16187 2170 12233
6173 14237 926 5867 2278 9974 5463 6011 3644 9754 6276 12008 11728 16187 16187 12495
926 8268 7740 6124 11953 4776 14457 3177 2032 3177 14217 8719 926 16187 16187 16187
926 8268 7740 6124 11953 4776 14457 3177 2032 3177 14217 8719 926 16187 16187 16187
926 8268 7740 6124 11953 13089 4776 926 14596 4776 63 2968 16187 926 12233 4776
13949 1919 6626 926 3543 2823 2849 16187 16187 16187 16187 16187 16187 16187 16187 16187
13937 14069 8268 1543 8069 926 13348 16187 13348 16187 16187 16187 7740 16187 16187 16187
9331 12422 830 2067 1414 16187 926 16187 16187 16187 2296 926 16187 16187 16187 16187
926 2598 13348 16187 16187 16187 16187 16187 16187 16187 16187 16187 16187 16187 16187 16187
926 2598 13348 16187 3137 16187 5947 2664 926 16187 16187 16187 16187 16187 16187 2627
926 2598 13348 16187 13348 16187 3192 16187 9431 9431 16187 9431 16187 16187 5074 2563
926 926 8268 4776 2353 3177 1138 926 926 5711 8710 6259 3288 16187 16187 16187
926 926 8268 720 1019 926 12296 13348 16187 2598 16187 13887 2598 16187 16187 8662
926 926 8268 926 926 926 926 16187 926 16187 926 926 8719 926 16187 16187
14069 14776 6826 3098 14465 12233 3171 476 16187 16187 16187 16187 16187 16187 16187 16187
14069 14776 13084 13991 8776 13943 830 4776 10335 2954 15649 9498 5329 2215 16187 926
14069 14776 6259 5948 3177 16146 926 16187 10315 8719 926 16187 16187 926 926 16187
1175 4924 4440 16187 16187 16187 16187 16187 16187 16187 16187 16187 16187 16187 16187 16187
2383 14272 2598 16187 16187 2598 16187 16187 2598 16187 16187 2588 16187 16187 2563 16187
1175 4924 4440 16187 6070 7742 16105 4473 3826 16187 14043 9743 16187 926 16187 16187
7740 968 13616 11889 12233 15956 1543 12233 9605 6259 10305 11889 5463 8268 12576 16187
7740 968 13616 11889 12233 15956 1543 12233 9605 6259 10305 11889 5463 8268 12576 16187
7740 9429 6011 16063 8712 12233 5430 12233 15956 14272 13216 2858 5937 11180 16187 16187
4776 4152 8710 3559 16187 16187 16187 16187 16187 16187 16187 16187 16187 16187 16187 16187
4776 4152 8710 1274 9625 16187 830 4776 9887 16187 2326 16187 16187 16187 16187 16187
4776 4152 8710 10104 8268 4776 12835 926 14237 15649 8710 926 16187 16187 16187 16187
2946 5208 2823 3262 830 15597 15452 14043 15597 9511 16187 16187 16187 16187 16187 16187
3842 11889 8712 5867 2023 6011 8913 12233 13931 6011 16187 6011 16187 16187 16187 16187
926 5082 12233 1597 16187 8268 9290 8268 14237 4776 926 16187 7076 926 16187 16187
14031 8268 13243 13348 16187 16187 16187 16187 16187 16187 16187 16187 16187 16187 16187 16187
14031 8268 14237 14069 14776 6826 5822 975 16187 929 14029 4776 9465 16187 4776 926
14031 8268 14237 2359 1603 926 8710 4537 926 16187 16187 16187 2598 16187 16187 16187
14237 14272 4552 4624 9605 2598 16187 16187 16187 16187 16187 16187 16187 16187 16187 16187
14237 15662 2598 16187 16187 8185 11889 16187 2598 16187 16187 16187 14734 16187 2598 16187
14237 1229 3847 4776 2563 16187 91 2598 16187 16187 1644 16187 12233 16187 1885 14219
4776 15358 15846 9563 12149 8712 16187 16187 16187 16187 16187 16187 16187 16187 16187 16187
3842 16187 16187 1737 9487 8268 12604 8268 14237 11553 6259 4924 16187 16187 16187 16187
7926 8710 6259 4707 3177 6378 8268 14043 1229 7926 12232 11889 2904 12233 9429 16187
3171 8710 6259 13509 9283 2563 16187 16187 16187 16187 16187 16187 16187 16187 16187 16187
3171 8710 6259 13250 2563 16187 5463 16187 926 16187 16187 16187 16187 1957 4776 926
3171 8710 6259 13509 9283 2563 16187 6535 630 2122 14237 14596 16187 5948 16187 16187
4776 9290 15658 926 4776 14274 8368 7742 16187 16187 16187 16187 16187 16187 16187 16187
3842 3171 2856 11889 4776 12012 16187 3364 11553 12766 926 16187 2598 16187 2598 5711
4776 926 926 11711 12940 1919 4312 16187 12495 16187 16187 16187 16187 16187 16187 16187
13474 6253 12233 9605 14745 12233 5138 8268 12008 5463 8710 5329 1515 12233 5367 16187
13474 779 15174 8268 10887 15181 830 14180 3177 2904 12233 2665 16187 16187 926 12541
13474 779 10471 5777 14237 11153 8719 3098 926 16187 16187 16187 8719 3192 16187 16187
7740 4931 11789 4470 12233 12650 3171 14237 2837 4776 12298 7740 9004 2599 8913 16187
9036 3171 2563 16187 12495 12495 16187 12495 6280 16187 12349 4776 6745 13644 16187 643
7740 4931 15202 6259 14230 3177 4776 8404 8268 830 7460 16187 16187 16187 16187 16187
7740 6326 1221 16187 16187 16187 16187 16187 16187 16187 16187 16187 16187 16187 16187 16187
7740 6326 1221 16187 9850 4891 8719 4776 926 8268 14237 7697 16187 5297 16187 9084
7740 15915 12825 12291 16187 926 926 8268 12008 7740 4931 6259 16187 9290 16187 16187
8712 8710 6259 4570 3177 926 16187 16187 16187 16187 16187 16187 16187 16187 16187 16187
3842 91 16187 2689 16187 15389 13129 1919 4776 14457 3177 6356 926 5867 4189 8710
8712 8710 6259 4570 3177 926 16187 16187 643 16187 16187 16187 16187 16187 16187 16187
6173 16187 16187 16187 16187 16187 16187 16187 16187 16187 16187 16187 16187 16187 16187 16187
6173 16187 6535 15174 49 16187 16187 1378 16187 8344 16187 1957 1378 16187 16187 16187
6173 16187 12260 16187 10399 12233 3012 8719 4776 10033 16187 16187 16187 12135 16187 16187
4776 926 14000 4776 9290 10967 3908 1229 8268 12008 11789 15881 9360 6905 16187 16187
3842 3171 2856 11889 4776 12012 16187 3364 11553 12233 1436 16187 16187 16187 4931 16187
4776 926 14237 4776 926 12431 9070 4998 3177 3171 2563 10036 16187 16187 16187 16187
4776 2601 14596 10140 6011 10967 4776 10442 3177 4776 13555 16187 16187 16187 16187 16187
4776 2601 16041 926 830 6259 10607 3679 12576 8710 9754 6070 10355 16187 16187 16187
4776 2601 14596 10140 6011 10967 4776 10442 3177 4776 13555 16187 16187 8268 13348 16187
8712 8710 6259 2326 10615 4152 14237 2466 8712 9447 4537 6093 1405 16187 16187 16187
8712 8710 6259 12260 2552 16187 16187 830 4776 926 16187 10033 16187 16187 16187 16187
8712 8710 6259 12260 2552 16187 830 4776 954 3177 4776 1235 1019 926 6173 16187
3171 8710 6259 926 10033 13348 16187 16187 16187 16187 16187 16187 16187 16187 16187 16187
3171 8710 6259 926 10033 13348 16187 13549 4776 3449 16187 4189 16187 16187 16187 16187
3171 926 8710 6259 926 15658 8710 8268 14069 2326 16187 16187 12233 4776 5909 16187
14069 14776 10960 14237 9314 8268 14031 8268 8796 8268 9314 13348 16187 16187 16187 16187
14069 14776 13084 926 8719 3171 13734 16187 7740 6297 5208 16187 487 16187 5274 16187
14069 14776 12583 3177 3132 14029 4776 2894 13348 16187 8268 12008 7542 8268 7740 9429
6011 12260 2446 10551 5430 6259 8139 15447 5463 11900 7593 16187 16187 16187 16187 16187
6011 12260 2446 10551 6259 2024 1378 16187 15211 16187 16187 16187 16187 830 16187 10671
6011 12260 2446 10551 5430 6259 8139 15447 5463 11900 7593 16187 16187 16187 16187 16187
3171 2563 3847 5463 1344 7742 13348 16187 16187 16187 16187 16187 16187 16187 16187 16187
3171 2563 779 7594 3177 12958 16187 16187 16187 16187 16187 643 16187 16187 16187 16187
3171 2563 779 16105 9070 6259 14230 3177 3034 16187 16187 14043 4776 14043 4776 9431
12008 7740 4537 9429 7926 5867 926 16187 16187 16187 16187 16187 16187 16187 16187 16187
12008 4311 8268 7740 12431 8270 830 6259 2765 3177 2053 10355 8440 16187 16187 16187
12008 7740 11553 5297 926 1919 3171 2563 1515 1955 13348 16187 929 13348 16187 6011
15597 5329 12233 2823 926 1919 137 15597 10887 833 5208 13084 13122 12729 4312 16187
3842 11889 8712 5867 2023 6011 8913 12233 13931 6011 16187 6011 16187 16187 16187 16187
7926 1644 12233 926 14272 6011 5208 3286 16187 6535 16187 16187 11889 5713 16187 16187
15846 6096 779 2296 12766 1954 9332 950 830 9070 16187 16187 16187 16187 16187 16187
15846 14069 2823 4404 2598 16187 7926 3847 7926 926 16187 16187 16187 16187 16187 16187
15846 6096 779 2296 12766 1954 9332 950 830 9070 16187 14745 13348 16187 16187 16187
7740 1442 3171 2588 4832 1019 15776 11401 6173 14237 8712 7336 926 9070 4609 16187
9036 3171 10033 16187 15978 2263 983 16187 5297 8018 9070 16187 16187 16187 16187 13348
7740 1442 3171 14251 14029 4776 10887 1583 8719 9073 16187 5297 16187 2148 16187 16187
7740 4531 3171 2563 6070 630 16187 16187 16187 16187 16187 16187 16187 16187 16187 16187
9036 3171 2563 16187 12495 12495 16187 12495 6280 7001 789 16187 1919 16187 16187 16187
7740 4531 3171 10033 16187 3098 2563 14237 9605 16187 4660 16187 4832 16187 16187 16187
8719 3511 8268 8712 6560 4312 8268 12233 7724 16187 16187 16187 16187 16187 16187 16187
3842 1957 14180 1737 16187 16187 14397 10355 8712 16187 16187 2296 2308 16187 16187 16187
8719 8712 4624 2552 2115 9911 3177 6259 1871 926 14237 6131 926 16187 16187 16187
12008 7740 4552 5329 8154 6011 5833 12233 4776 926 6713 16187 16187 16187 16187 16187
12008 7740 12232 5329 8154 8712 830 9455 12115 926 16187 8719 5463 1378 16187 8185
12008 7740 9884 4537 8466 1954 14279 3177 12621 14237 9745 284 16187 926 16187 16187
820 4537 12349 6518 3171 2563 16187 16187 16187 16187 16187 16187 16187 16187 16187 16187
5329 9813 10879 8268 12008 8712 771 6826 16068 16187 16187 8466 12233 16187 16187 8270
6011 15846 11728 15525 1955 630 7740 5208 11553 8712 16187 6797 16187 16187 16187 16187
8719 4776 12298 13084 1378 7191 16187 16187 16187 16187 16187 16187 16187 16187 16187 16187
8719 3171 10501 3177 4776 2563 7740 4931 16187 8270 16187 16187 10077 12233 2552 16187
8719 3171 10501 3177 4776 2563 7740 11839 5463 1138 8796 13348 16187 13348 16187 16187
9715 926 9160 7076 3748 14734 405 6535 9139 1873 16187 16187 16187 16187 16187 16187
926 11878 12233 2327 9222 6259 5820 2563 15408 3177 10711 3171 1552 15095 16187 12102
926 447 16187 926 8268 12008 926 5867 926 16187 6683 16187 14125 16187 8440 16187
1543 3847 1695 7001 2598 16187 16187 16187 16187 16187 16187 16187 16187 16187 16187 16187
15658 12232 9754 2598 16187 2598 16187 14734 3137 5095 16187 16187 926 8268 16187 10669
15658 12232 14192 3171 8268 926 926 2858 5041 2598 16187 16187 8781 16187 16187 16187
926 3543 3177 6169 1957 6259 3711 9534 6259 14635 3177 3282 926 954 16187 16187
926 779 9754 12766 14069 9591 830 9070 12233 6077 11953 1885 16187 16187 1229 16187
926 779 12766 1954 8827 10967 4776 2974 3177 11582 16187 16187 16187 16187 16187 16187
13474 9084 6070 7742 14237 3847 4552 7742 8719 5713 16156 3177 15416 9122 8185 16187
3842 1957 14180 1737 16187 16187 1133 16187 2115 14113 14237 12958 16187 15096 16187 16187
13474 5867 5046 14734 12169 3177 6259 926 16187 16187 16187 16187 16187 16187 16187 6535
3171 8710 1954 1138 6259 5711 2563 14237 7740 8154 8712 4142 16187 16187 16187 16187
3171 8710 14691 8719 4776 2563 4311 6259 2563 16187 16187 6535 630 16187 14180 12349
3171 8710 6259 2563 5463 3112 6011 459 12233 7001 12233 4776 8185 16187 16187 16187
7345 3364 2172 6259 9424 14043 10217 10967 926 14457 3177 10033 9222 16187 16187 16187
4267 926 4776 1138 12723 5711 16187 1138 6259 13316 16187 10545 6173 16187 926 16187
926 5867 1781 14237 5453 11859 10719 4776 10033 4763 9070 4998 16187 16187 16187 16187
9956 14272 2598 16187 16187 16187 16187 16187 16187 16187 16187 16187 16187 16187 16187 16187
6594 8268 4537 6594 16187 2563 8712 8093 16187 6011 2128 1919 16187 16187 16187 16187
6594 8268 14272 6259 7178 16187 13720 950 16187 16105 6259 926 11169 6259 926 16187
8712 5867 6259 10236 3667 3177 14734 3211 11198 8268 15649 8710 7742 7280 16187 16187
8712 5867 6259 4601 8949 16187 16187 16187 10373 3194 2858 16187 3192 16187 16187 16187
8712 5867 6259 10236 1378 3177 4776 2563 5867 564 16187 12233 926 8268 12008 7740
12008 7740 4552 9754 10709 12233 4776 3886 14581 16187 16187 16187 16187 16187 16187 16187
12008 7740 12232 5329 8154 8712 830 9455 12115 926 16187 8719 4776 5777 16187 16187
12008 7740 12232 1436 5463 8712 8710 1138 15174 6259 5948 16187 10770 16187 16187 16105
4776 3942 8710 5463 2167 12491 14237 10921 9941 1133 14776 2326 10217 9780 229 16187
4776 9385 5463 7926 8912 12233 2823 14734 2588 8710 1543 4776 11954 4152 926 16187
4776 12337 5036 14251 8710 5297 6259 14752 9618 10967 4776 15359 16187 16187 16187 16187
424 926 8268 8710 8466 1955 13148 16187 16187 16187 16187 16187 16187 16187 16187 16187
4267 926 4776 15064 3177 5852 484 16187 2823 12276 983 6259 16187 16187 16187 2563
926 8710 6259 7263 15658 15527 14734 6161 12008 10666 6259 8270 643 16187 16187 16187
5341 926 15578 9084 8712 830 4776 9831 16187 16187 16187 16187 16187 16187 16187 16187
4267 926 4776 1138 12723 5711 16187 1138 6259 6070 10024 16187 2689 16187 16187 16187
5341 926 13549 6259 3098 5121 954 16187 2837 8466 13926 16187 16187 16187 16187 16187
14635 3177 13250 16187 16187 16187 16187 16187 16187 16187 16187 16187 16187 16187 16187 16187
9850 15525 14139 16187 8368 16187 5329 14029 4776 16146 16187 16187 16187 16187 16187 16187
2143 9484 16187 6070 4687 830 6259 8081 2563 15978 3177 2263 8710 16187 16187 10887
7742 8268 8712 5867 6259 11697 16187 16187 16187 16187 16187 16187 16187 16187 16187 16187
7742 8268 8712 8710 16187 16187 954 8268 14043 6259 290 14180 16187 16187 16187 16187
7742 8268 8712 8710 6259 9450 16187 2148 12233 1436 8268 91 5867 4404 10501 16187
6173 16187 16187 16187 16187 16187 16187 16187 16187 16187 16187 16187 16187 16187 16187 16187
6173 16187 6535 15174 49 16187 16187 1378 16187 8344 16187 1957 1378 16187 16187 16187
6173 16187 12260 16187 10399 12233 3012 8719 4776 10033 16187 16187 16187 12135 16187 16187
4776 2601 9046 6546 6070 5820 9563 4240 14919 9483 16187 16187 16187 16187 16187 16187
3171 8710 6259 14411 476 4776 10033 8710 3356 8719 1597 1486 16187 8185 16187 304
3171 8710 6259 5820 7178 8268 3408 14237 9813 13436 16187 12008 6070 15096 16187 16187
5329 8268 12008 13989 16187 16187 16187 16187 16187 16187 16187 16187 16187 16187 16187 16187
5329 8268 12008 13989 16187 4660 1955 10566 3177 8712 16187 16187 13348 16187 13348 16187
14237 6011 11839 7926 4931 8858 16187 6070 2997 16187 16187 5328 16187 926 16187 16187
1019 771 9754 7879 7902 5463 13546 14237 9594 13348 16187 16187 16187 16187 16187 16187
1019 8811 926 14192 16187 2598 16187 16187 5332 16187 11953 16187 1378 16187 16187 16187
1019 7742 6259 6113 8710 6259 2543 3177 1167 16187 16187 3553 830 4312 16187 16187
9772 4776 2002 1726 14281 8710 5329 2574 8719 4776 2904 16187 16187 16187 16187 16187
3842 11889 4776 12012 13348 16187 11553 12233 2696 4776 6867 13089 12529 983 1919 10344
926 8710 6070 8268 6070 10355 16187 6070 10355 16187 16187 16187 14237 15840 16187 1787
10375 13549 1378 3177 14734 564 6499 16187 16187 16187 16187 16187 16187 16187 16187 16187
4267 12233 4776 5358 1919 3171 10033 7740 4552 4325 16187 16187 16187 16187 16187 16187
4932 13348 16187 13348 16187 926 8268 9723 926 16187 8719 10781 16187 16187 16187 11889
926 16187 16187 16187 16187 16187 16187 16187 16187 16187 16187 16187 16187 16187 16187 16187
926 16187 779 3192 12362 830 3192 12362 8268 830 16187 3192 16187 16187 13348 16187
926 16187 779 6259 3192 926 3177 7345 16187 7970 16187 4707 12349 4776 15783 16187
9492 14029 4776 926 926 15581 1390 203 968 4325 9605 4609 1919 5463 2598 16187
5568 3942 8710 7926 10880 8712 13089 4325 13931 820 16187 16187 16187 16187 63 5095
1138 8704 12455 3994 1042 5711 5086 15525 12233 2823 8270 512 7740 968 11839 16187
12008 7740 12232 5329 8154 8712 830 9455 12115 926 16187 16187 16187 16187 16187 16187
12008 7740 12232 5329 8154 8712 830 9455 12115 926 16187 8719 4776 5777 16187 16187
12008 6011 15956 8268 3171 8710 4537 1378 12606 9450 14251 16187 16187 16187 16187 16187
5463 8710 12276 14635 3177 9385 16187 16187 16187 16187 16187 16187 16187 16187 16187 16187
5463 8710 6259 8424 8712 13942 5463 1138 5208 5329 2823 7001 16187 5711 16187 16187
5463 8710 12276 14635 3177 9385 16187 16187 16187 13348 16187 13348 16187 13348 16187 13348
4776 10033 3847 11553 6826 10355 926 3766 16187 16187 16187 16187 16187 16187 16187 16187
3842 3171 2856 11889 4776 12012 16187 3364 11553 12233 1436 16187 2598 16187 16187 16187
4776 926 14237 574 771 6259 4916 12331 5119 926 2858 4312 16187 5463 16187 926
4776 6006 8710 6535 8268 4776 132 8710 9313 8268 14237 4776 10418 8710 10602 16187
3842 1957 14180 1737 16187 16187 16187 14397 8268 7740 11553 15096 16187 9640 16187 16187
4776 12894 830 3171 10033 8710 926 16187 16187 16187 8855 16187 16187 14237 1229 1229
8712 5867 926 9780 512 4776 2563 12008 7661 14776 12256 16187 16187 16187 16187 16187
3842 91 16187 4152 16187 1348 926 926 14596 16187 16187 5820 1787 16187 16187 16187
8712 5867 926 9780 512 4776 2563 12008 7661 14776 12256 16187 14237 6381 6259 5948
14237 4776 10418 8719 4776 10033 8710 12256 1955 7742 16187 16187 16187 16187 16187 16187
14237 4776 10033 14281 8710 4537 926 14029 4776 8523 16187 16187 16187 8719 4776 10033
14237 4776 10033 779 6259 15147 315 16187 14237 11953 16187 4776 14596 16187 9591 16187
3171 779 10242 16187 16187 16187 16187 16187 16187 16187 16187 16187 16187 16187 16187 16187
3171 779 10242 16187 926 1229 1597 12291 16187 11553 8712 16187 16187 16187 12349 16187
3171 779 12766 1378 3177 12276 16058 14180 983 1860 1133 16187 16187 16187 9316 1133
12149 13348 16187 16187 16187 16187 16187 16187 16187 16187 16187 16187 16187 16187 16187 16187
12149 13348 16187 13348 7740 11553 8093 8466 8712 16187 8270 16187 16187 16187 13348 16187
12149 13348 16187 13348 16187 12650 9743 13348 16187 12650 16187 6011 11889 4776 2002 12008
12127 3384 779 1954 11680 5463 15335 14172 14776 7456 12233 7535 16187 16187 16187 16187
13084 1378 12431 7491 8268 10879 14043 1157 16187 1957 14272 5867 2148 16187 512 9290
8712 1241 12276 6874 5463 7926 8710 6259 2353 5867 950 16187 926 16187 16187 16187
4791 12233 3367 2687 830 35 3171 2858 12276 643 16187 16187 16187 16187 16187 16187
4311 12650 10036 16187 4776 2601 8268 6011 14029 4776 63 16187 16187 13348 16187 16187
6011 16138 14581 830 4312 16187 12545 11953 3171 10033 16187 16187 16187 4032 15715 16187
7926 13942 6070 3559 14237 8798 1019 13077 14734 5898 91 6173 7926 8710 9754 16187
3842 91 16187 4152 16187 6535 630 14237 2689 16187 4440 16187 926 16187 16187 16187
7926 779 6259 5948 3177 4679 14237 779 6826 6148 2894 3924 16187 8096 16187 3504
8726 6011 14776 1621 12965 4311 3171 2563 8710 926 830 6011 16187 16187 16187 16187
8726 6011 3841 926 8268 6011 6407 8712 16187 14635 3177 16187 16187 16187 16187 16187
6011 4628 16187 8781 6259 3177 6259 926 6423 6423 8712 16187 16187 5332 13474 2446
8712 5867 11039 3177 4776 9442 14237 4776 11339 8746 11457 5231 16187 16187 16187 16187
8712 5867 830 4776 10566 10501 7158 7758 16187 983 1919 16187 16187 16187 16187 16187
8712 5867 830 4776 10566 10501 7158 7758 16187 954 16187 684 7742 16187 16187 16187
4776 12835 7480 1919 9070 8719 1213 6259 8264 4927 7740 3364 5329 10503 8712 16187
3842 1957 14180 1737 16187 16187 16187 14397 7740 9640 13348 16187 16187 8084 9640 16187
4776 8521 8268 6689 5329 2309 8268 4931 6403 16187 3748 12233 16187 16187 16187 16187
3171 4931 5329 6259 10355 1023 16187 16187 16187 16187 16187 16187 16187 16187 16187 16187
3171 14596 8710 11953 6259 14217 15658 8710 1922 2837 1885 5602 16187 926 16187 926
3171 14596 8710 11953 6259 14217 15658 8710 1922 2837 1885 5602 16187 15846 926 8712
6173 16187 16187 16187 16187 16187 16187 16187 16187 16187 16187 16187 16187 16187 16187 16187
6173 16187 6535 15174 49 16187 16187 1378 16187 8344 16187 1957 1378 16187 16187 16187
6173 16187 12260 16187 10399 12233 3012 8719 4776 10033 16187 16187 16187 12135 16187 16187
8712 2326 8710 9754 4776 4267 10033 4325 9884 10471 16187 16187 16187 16187 16187 16187
8712 2326 8710 6259 8716 16187 2550 16187 11798 16187 5297 926 16187 16187 16187 16187
8712 2326 8710 6259 6070 4687 8974 14237 9577 12233 12650 16187 14029 16187 1378 16187
15658 13197 1954 3982 4152 779 12233 8569 2598 16187 16187 16187 16187 16187 16187 16187
15658 13197 1954 3982 4152 779 12233 8569 2598 16187 4537 16187 16187 16187 16187 11953
15658 16138 2823 3137 2598 16187 16187 10315 4776 926 16187 16187 926 16187 16187 2296
8712 5867 630 2148 3177 6259 800 471 16187 16187 16187 16187 16187 16187 16187 16187
8712 5867 5329 1954 8162 3653 2563 16187 3192 16187 13348 16187 13348 16187 13348 16187
8712 5867 4032 15715 8268 12008 6011 4628 830 6259 830 4776 2285 983 16187 16187
12757 9070 16187 16187 16187 16187 16187 16187 16187 16187 16187 16187 16187 16187 16187 16187
12757 9070 16187 10566 3177 4776 3531 16187 16187 11553 1919 1954 926 16187 16187 16187
12757 9070 16187 10566 3177 4776 9577 16187 12416 16187 6535 16187 6535 9450 16187 16187
8712 5867 5329 5967 12233 12170 4776 3511 5463 8712 5867 6259 9450 10894 9449 16187
8712 5867 5329 6259 6388 13103 14237 8712 5867 5046 5329 6971 16187 13216 16187 6797
8712 5867 5329 4032 5937 983 16187 6173 16187 12441 5036 5200 16187 16187 16187 16187
14237 4776 10418 8710 1971 10719 16187 16187 16187 16187 16187 16187 16187 16187 16187 16187
14237 4776 10033 779 9450 6672 12233 903 16187 4776 11339 16187 16187 16187 5822 1378
14237 4776 132 8710 1229 5695 14237 2326 9113 12233 5463 3513 16187 16187 16187 84
7926 5867 3699 6070 10355 1957 6797 10673 6120 1208 16187 16187 16187 16187 16187 16187
7926 5867 8069 926 1138 7345 5867 8081 926 5711 16187 16187 16187 16187 16187 16187
7926 5867 3699 6070 10355 1957 6797 10673 6120 1208 16187 1583 16187 7188 16187 16187
4776 1545 8268 3774 2981 8268 14237 4776 13839 4931 9736 16187 16187 16187 16187 16187
3842 16187 16187 1737 9487 8268 12604 8268 14237 11553 12233 4776 2037 16187 16187 16187
926 926 4931 10762 8719 14734 9431 11778 1955 4776 3776 13034 8268 12495 16187 3177
8726 6011 4552 9754 8456 2149 2550 8331 8268 4311 6011 11553 12233 12650 3171 16187
8726 6011 188 4152 8268 8808 14043 6985 7975 4609 16187 16187 14237 8719 4776 10033
6011 4628 16187 8781 15525 3177 6259 2601 4152 1955 2053 926 3994 14237 684 926
2599 5867 1436 8268 6826 11039 3177 14526 926 8268 12008 5329 1344 16187 16187 16187
2599 5867 1436 8268 6826 11039 3177 14526 926 8268 12008 5329 1344 16187 16187 16187
2599 5867 2552 203 8712 7076 8719 4776 13276 16187 2263 3052 16187 14350 16187 10960
926 13348 16187 16187 16187 16187 16187 16187 16187 16187 16187 16187 16187 16187 16187 16187
926 16187 6594 16187 1019 1229 7740 9084 9754 16187 2598 16187 7926 16187 9084 16187
926 16187 6594 16187 1019 926 6173 12892 9070 6259 9450 16187 16187 12276 9431 983
7508 14272 7740 2446 9084 9754 2552 816 4931 7613 4931 890 2837 16146 582 16187
9036 3171 2563 16187 12495 12495 16187 12495 6280 7001 789 16187 1919 16187 16187 16187
7508 8268 3171 2563 4931 6070 10355 16187 16187 9563 12606 2148 512 16187 16187 16187
10394 8309 14029 11953 203 8712 4931 9754 1955 10355 1955 5891 2191 16187 16187 16187
13084 3141 16187 10399 4189 14029 6259 12444 16187 16187 16187 7347 4776 9290 16187 16187
10394 8710 4776 9790 1955 4325 11553 2296 12766 8719 4776 308 16187 16187 16187 16187
899 8268 1884 8268 15174 926 16187 16187 16187 16187 16187 16187 16187 16187 16187 16187
5329 1955 8569 1955 926 8268 12008 7594 10242 4776 3765 16187 8710 6535 630 16187
15658 8710 4776 9349 2598 16187 16187 2598 16187 16187 2598 16187 16187 2598 16187 2598
7926 5329 5568 6234 4949 12233 14734 15721 8268 7926 14768 4312 16187 16187 16187 16187
7926 779 2543 2903 4776 14591 8887 1919 6259 9385 16187 16187 14237 13876 16187 6535
7926 779 926 12233 3520 4776 7339 10918 12233 643 1919 6259 5256 16187 2552 16187
15658 14352 13348 16187 16187 16187 16187 16187 16187 16187 16187 16187 16187 16187 16187 16187
15658 779 9754 2823 5463 10355 2598 16187 16187 8781 16187 16187 16187 16187 16187 16187
15658 14352 13348 16187 15658 926 16187 2598 16187 16187 2598 16187 16187 16187 16187 16187
5463 4931 6259 926 9438 8268 2837 4776 4927 16187 16187 16187 16187 16187 16187 16187
3171 4931 9754 6259 6071 10033 16187 16187 14180 10471 16187 14237 8093 16187 3356 16187
3171 4931 10770 8268 14237 5906 16187 13807 4776 2563 16187 8270 16187 16187 16187 16187
5355 4776 7012 8710 4404 9339 8808 16187 16187 16187 16187 16187 16187 16187 16187 16187
3842 91 16187 2689 16187 9264 9484 16187 16187 2122 11889 16187 10671 16187 5332 4776
5355 4776 7012 8710 4404 9339 8808 16187 11401 6011 16187 16187 16187 16187 9859 16187
926 5867 3809 6006 3112 9425 2943 5257 3177 14092 1507 13498 16187 16187 16187 16187
3842 14069 8268 13474 4931 4776 7575 16187 12276 926 15096 15655 3177 16187 16187 16187
926 779 8093 13081 16187 926 926 8719 16187 643 16187 16187 16187 16187 16187 16187
7740 14263 3171 1378 13341 9484 16187 16187 16187 16187 16187 16187 16187 16187 16187 16187
9036 3171 2563 16187 12495 12495 16187 12495 6280 7001 16187 16187 16187 16187 16187 16187
7740 14263 3171 6259 9484 15525 3177 9484 16187 9484 16187 8270 16187 14426 3177 16187
7740 4552 9754 15956 8268 3171 2563 9277 14528 926 16187 16187 16187 16187 16187 16187
9036 3171 2563 16187 12495 12495 16187 12495 6280 16187 789 3847 16187 16187 12233 14192
7740 3553 3171 10033 8710 491 830 1954 13434 4169 8268 15978 8712 2847 12825 16187
15662 4552 4624 8360 12233 5272 10710 8795 2598 16187 16187 16187 16187 16187 16187 16187
15662 4552 4624 8360 12233 5272 10710 8795 2598 16187 16187 2598 16187 16187 16187 16187
15662 4552 4624 8360 12233 5272 10710 8795 2598 16187 16187 2598 16187 16187 16187 16187
4776 6883 3112 4312 7945 8268 1229 14069 5867 14691 10701 11953 4312 16187 16187 16187
3842 1957 14180 1737 16187 16187 16187 8268 4776 926 16187 16187 16187 1957 16187 16187
8712 5867 6259 15655 3177 817 3701 8081 16187 2563 16187 926 16187 16187 16187 16187
8719 12276 10442 16187 16187 16187 16187 16187 16187 16187 16187 16187 16187 16187 16187 16187
8719 3171 2037 8268 8712 8710 2815 16187 16187 10315 830 1885 926 16187 16187 16187
8719 3171 10501 3177 4776 2563 7740 11839 5463 1138 8796 13348 16187 13348 16187 13348
4311 8268 4776 926 16187 16187 16187 16187 16187 16187 16187 16187 16187 16187 16187 16187
4311 8268 926 7001 830 926 14029 4776 926 16187 16187 926 16187 16187 16187 16187
4311 8268 926 926 2858 6259 14635 3177 926 16187 16187 16187 7970 16187 16187 16187
10716 8124 13348 16187 16187 16187 16187 16187 16187 16187 16187 16187 16187 16187 16187 16187
3842 1957 14180 1737 16187 16187 16187 9339 7438 16187 308 16187 6259 9450 16187 16187
8712 8710 1954 11707 8974 14237 779 14180 4776 7958 6259 3098 2563 10272 16187 926
4776 12192 11839 4325 771 1954 191 550 14029 15597 7278 16187 16187 16187 16187 16187
3842 3171 2856 11889 4776 12012 16187 3364 11553 12233 1436 16187 16187 4931 1919 1405
4776 10033 12865 14069 14776 6322 13089 1378 12260 6378 830 926 16187 16187 16187 16187
8719 4776 8831 4624 13637 6259 14217 11169 6259 9682 12233 10051 16187 16187 16187 16187
3842 11889 4776 12012 13348 16187 12723 7740 3177 1245 926 5711 16187 16187 12495 16187
8719 3171 1378 4624 12467 14581 4624 15956 5713 12835 14237 5208 6300 12233 4312 16187
9291 926 14237 926 9657 4776 926 926 10277 4776 8456 14237 926 4776 3449 16187
3842 11889 4776 12012 13348 16187 11553 12233 926 11889 16187 8569 6683 16187 830 6259
926 13797 1019 14734 8808 3177 1245 6173 5656 9657 1955 6259 6153 926 16187 16187
4776 10033 14470 2823 6259 10894 13170 8719 4626 3177 5967 12233 8061 1369 16187 16187
3842 3171 16187 2563 16187 11839 8268 6006 2837 926 16187 16187 16187 16187 854 16187
3171 926 10033 8710 6297 1378 3177 4776 564 14237 2945 4032 15715 16187 16187 16187
14237 4776 14596 4818 10967 14069 16187 16187 16187 16187 16187 16187 16187 16187 16187 16187
14237 5329 8719 6259 10355 4927 16187 5807 16187 16187 1957 4776 16187 16187 14195 16187
14237 3171 7926 9032 926 16187 12349 14237 926 8712 16187 16187 926 16187 16187 926
14031 14237 8712 779 1954 12256 4779 574 5463 9113 926 12233 2263 926 16187 16187
15408 3177 1750 15347 8268 14180 3171 3847 8710 12376 14237 926 4776 3449 16187 16187
12008 3484 1439 8710 6535 14069 3171 1378 10217 8124 16187 10501 3177 4776 10033 16187
7508 8268 8712 5867 4687 12233 2552 15662 9193 4931 4998 8719 926 5867 7671 16187
13570 8268 8712 13942 12233 2823 1378 3177 9743 7723 926 16187 16187 1787 16187 16187
7742 8268 8712 5867 6259 9355 1378 8093 13411 1919 4776 2285 6161 16187 16187 926
7084 12252 9455 2598 16187 16187 16187 16187 16187 16187 16187 16187 16187 16187 16187 16187
15658 6672 3364 11553 10716 8268 4776 4152 16187 6535 7740 16187 16187 6535 16187 11889
12149 13348 16187 13348 16187 6500 15740 830 14272 4776 10033 16187 16187 8781 16187 830
4776 14596 10272 8712 15978 15597 926 3177 4776 3011 84 7626 11517 16187 16187 16187
3842 3171 2856 11889 4776 12012 16187 3364 11553 12233 1436 16187 16187 16187 1378 16187
8712 8368 1919 14248 926 1955 926 14237 10217 926 16187 926 16187 926 16187 16187
14069 8710 6259 926 1919 6259 926 6423 8712 16187 16187 16187 16187 16187 16187 16187
14069 8710 6259 926 1919 6259 926 6423 8712 16187 16187 926 16187 16187 926 16187
14069 8710 6259 926 1919 6259 926 6423 8712 16187 14237 926 8712 16187 16187 16187
15408 8268 8712 5867 14272 4624 12232 8152 5936 1138 14766 5711 16187 16187 16187 16187
15408 8268 8712 5867 4537 8569 16187 8268 1514 4624 11031 1515 12233 2823 16187 16187
7742 8268 8712 5867 6259 9355 1378 8093 1453 12349 4776 9887 16187 12349 2903 10217
4776 2894 5629 12478 14237 4994 8710 3070 9480 8719 926 5867 9682 4557 8061 16187
3842 3171 16187 2563 16187 11839 8268 6006 2837 926 16187 16187 16187 16187 16187 16187
4776 10033 8710 11953 1097 3177 4776 8794 13828 16187 10887 16187 1436 16187 16187 14518
7926 8710 3461 6259 5646 2353 16187 16187 16187 16187 16187 16187 16187 16187 16187 16187
3842 16187 16187 1737 9487 8268 12604 8268 7740 11553 8685 16187 8270 16187 16105 8719
7926 926 15525 3177 8712 8268 12008 13474 14237 8710 11530 8712 16187 16187 16187 16187
14069 8710 5329 6259 3098 8855 3177 10836 8719 4975 16187 16187 16187 16187 16187 16187
14069 8710 5329 6259 3098 8855 3177 10836 8719 4975 16187 16187 16146 16187 926 16187
14069 8710 6259 6378 5463 3171 10033 6598 4776 13434 4169 830 564 6006 16187 926
8712 8710 3177 1245 4776 13839 5463 3112 8712 14180 4032 15520 6689 16187 16187 16187
14069 8710 13084 14596 16187 12233 2786 12233 4776 9385 10967 12298 16187 13348 16187 13348
14069 8710 6259 6378 5463 3171 10033 6598 4776 13434 4169 830 564 6006 16187 14221
4776 10960 14237 8733 2903 8710 8213 14237 4776 7310 284 14776 10716 2176 16187 16187
3842 3171 2856 11889 4776 12012 16187 3364 11553 12233 1436 16187 16187 4931 12495 16187
3171 3098 2563 13942 485 16187 3098 16187 2860 4189 16187 16187 16187 1110 16187 16187
4311 13089 4776 9139 2979 12233 4776 11832 3177 4776 14596 8268 12958 12209 926 16187
4311 13089 4776 9139 2979 12233 14581 4776 2563 16187 16187 6390 2598 16187 16187 9360
4311 13089 4776 9139 2979 12233 4776 11832 3177 4776 14596 8268 12958 12209 926 16187
4776 13726 12233 7975 1919 6011 4240 4776 5898 960 16187 16187 16187 16187 16187 16187
3842 3171 1378 16187 11839 5463 7740 9084 16187 1919 4776 6071 2563 16187 16187 16187
3171 14150 14734 564 5459 15658 8710 11953 12233 9605 15731 16187 926 16187 16187 926
1350 4776 10217 3418 8268 9253 926 8651 8719 1954 11778 1955 4667 16187 16187 16187
4267 926 4776 15064 3177 5852 484 14776 8270 830 14180 16187 16187 16187 16187 13348
1350 4776 10217 3418 8268 9253 926 8651 8719 1954 11778 1955 4667 16187 926 16187
6011 16138 11889 926 1390 16187 16187 16187 16187 16187 16187 16187 16187 16187 16187 16187
6011 16138 11889 926 1390 16187 4552 16187 13089 4325 4552 16187 16187 16187 16187 16187
6011 16138 11889 926 12740 820 2451 16187 16187 830 9743 16187 16187 16187 16187 16187
3171 8710 5580 1378 3177 4776 10566 6987 8185 3177 14180 983 16187 16187 16187 16187
3171 8710 1954 6013 14281 8268 6297 9544 2903 12233 14734 16187 16187 926 16187 16187
3171 8710 1954 817 14596 3177 8496 926 14029 1954 13754 2689 4927 16187 9332 16187
1919 14180 3177 5463 14237 6259 3098 9534 1955 7742 16187 16187 16187 16187 16187 16187
4267 12233 11553 926 5406 9743 926 8268 4325 11553 15949 16187 4776 564 16187 8185
830 15202 8268 4776 9339 11978 13141 14776 6011 4537 4628 16187 926 830 3171 16187
9563 6041 7740 9084 9754 14518 3171 12233 2823 6259 3211 16187 16187 16187 16187 16187
9036 3171 2563 16187 12495 12495 16187 12495 6280 7001 789 16187 1919 16187 16187 16187
7742 8268 3171 8710 203 7740 15729 2903 1750 9813 449 2837 3171 10033 16187 16187
14734 5415 11434 3177 6013 3618 926 4931 1955 9355 1955 8712 4931 3335 16187 16187
3842 1919 12127 926 3177 5937 1750 16187 12349 14029 926 16187 16187 16187 8719 816
14734 8808 14827 4776 8139 7556 5942 8268 14237 15040 49 8719 16187 16187 16187 16187
8230 14237 12529 4710 16187 16187 16187 16187 16187 16187 16187 16187 16187 16187 16187 16187
4267 12233 11553 1138 8858 926 5711 16187 1138 8346 5711 926 16187 16187 16187 16187
10619 9484 7740 2006 13832 1378 3177 4776 11247 2563 5867 11998 10671 16187 16187 926
4776 10418 4931 10602 16187 16187 16187 16187 16187 16187 16187 16187 16187 16187 16187 16187
4776 2563 8710 6388 16187 16187 16187 7970 16187 9442 6664 16187 6664 16187 16187 16187
4776 10418 4931 10602 16187 4776 10566 10501 3177 4776 10033 16187 16187 8781 16187 16187
9890 4927 8268 3929 9070 8719 1955 6259 10887 14230 3177 3171 3639 13926 16187 16187
9036 3171 2563 16187 12495 12495 16187 12495 6280 7001 16187 16187 9465 16187 16187 16187
9296 926 5867 3137 11757 13103 15846 9605 14180 4776 2954 5022 16187 16187 16187 16187
12008 14029 4776 1583 8268 8712 7165 6259 10810 5463 8710 10915 12677 16187 16187 16187
12008 926 8584 12233 2451 4776 14596 5463 15846 6297 926 16187 16187 16187 16187 16187
12008 926 6673 8710 6259 2365 195 3748 830 9070 16187 16187 13216 16187 16187 16187
10988 8710 6259 11947 14192 14029 12233 15208 16187 16187 16187 16187 16187 16187 16187 16187
3842 16187 16187 1737 9487 8268 12604 8268 7740 3364 10603 6259 7970 16187 3192 16187
926 12892 2904 4776 9431 12952 5629 13238 8268 7742 6170 926 16187 16187 16187 16187
12008 4240 6011 2552 8712 14043 8069 8258 7740 12232 926 4776 15939 16187 16187 16187
12008 4311 14069 8710 6259 10150 12782 16187 3177 6259 926 16187 16187 16187 16187 16187
12008 9063 4776 11401 5656 13089 4776 451 926 14237 2903 5656 4776 6161 3177 14195
12650 330 14180 13348 16187 16187 16187 16187 16187 16187 16187 16187 16187 16187 16187 16187
12650 12481 16187 5820 16187 9859 16187 11461 16187 16187 16187 16187 16187 16187 16187 16187
12650 14237 10603 15525 16187 4311 8268 7740 15846 16187 5580 16187 16187 16187 16187 16187
12716 8268 7740 4552 15956 4776 9577 6070 7742 16187 16187 16187 16187 16187 16187 16187
9036 3171 2563 16187 12495 12495 16187 12495 6280 16187 12349 4776 6745 2563 16187 16187
12716 8268 7740 9429 6011 16138 2552 8712 16187 12606 4032 983 16187 8719 994 16187
3171 10033 8710 7742 4032 15715 10036 14237 10036 16187 16187 16187 16187 16187 16187 16187
3171 10033 8710 5329 10399 12233 1436 8268 7740 9429 7740 973 6259 10887 926 16187
3171 10033 8710 7742 4032 15715 10036 14237 10036 16187 4776 926 13348 16187 7542 16187
1955 405 1955 8268 1436 14272 2598 16187 16187 16187 16187 16187 16187 16187 16187 16187
1955 405 1955 8268 1436 14272 2598 16187 643 16187 16187 2598 16187 16187 16187 16187
1955 2296 926 8710 5695 16187 6797 16187 14237 6683 830 5820 16187 6070 16187 16187
14272 13411 12233 14745 12233 8733 14745 4776 4927 7926 8710 2598 16187 16187 16187 16187
3842 16187 16187 1737 16187 3192 2563 13348 16187 2543 16187 2588 16187 16187 564 16187
8712 10323 12233 6259 1948 14113 16187 7926 15846 14776 5820 16187 16187 16187 16187 16187
14734 679 3177 14734 875 4931 1229 926 10471 16187 16187 16187 16187 16187 16187 16187
14734 14601 9290 8710 13794 8268 12349 4776 12489 14237 14591 16187 16187 16187 16187 16187
14734 15096 926 6039 8197 4776 2563 4776 9627 5801 3177 7093 16187 16187 16187 16187
12716 8268 926 15649 8710 4776 564 8710 13827 4537 12650 4312 7661 14237 12149 16187
13570 8268 3171 2563 3391 8712 10887 983 1957 4776 12298 16187 9431 16187 3177 4776
12716 8268 926 15649 8710 4776 564 8710 13827 4537 12650 4312 7661 14237 12149 16187
13089 15846 8712 12298 2598 16187 16187 16187 16187 16187 16187 16187 16187 16187 16187 16187
4325 8093 7388 4240 5542 16187 4311 3364 16187 9429 3177 16187 16187 16187 16187 5867
6011 8268 14237 4776 12149 5015 13348 13348 16187 13348 16187 13348 16187 6500 16187 10335
7740 11839 6209 4931 15832 16187 16187 16187 16187 16187 16187 16187 16187 16187 16187 16187
9036 3171 2563 16187 12495 12495 16187 12495 16187 16187 5332 9404 16187 2563 5388 5332
7740 9429 3171 8710 1378 3177 13803 8270 6499 16187 926 16187 926 12349 4776 926
14069 5867 12495 630 2122 16187 16187 16187 16187 16187 16187 16187 16187 16187 16187 16187
14069 5867 12495 630 2122 16187 14221 2148 16187 16187 15096 12233 10088 16187 16187 16187
14069 5867 12495 630 2122 16187 779 2148 5208 16187 16187 12233 12349 4776 9887 16187
12008 830 14272 2598 16187 16187 16187 16187 16187 16187 16187 16187 16187 16187 16187 16187
12008 4838 8268 3171 2563 5164 8710 16187 16187 16187 2148 16187 512 12127 926 2563
12008 1229 8710 4776 10033 16187 16187 1110 1919 4776 926 14237 14069 16187 15597 926
1138 4776 10024 12298 5711 779 6259 6070 9355 4152 16187 16187 16187 16187 16187 16187
3842 11889 4776 12012 13348 16187 12723 7740 3177 1245 926 5711 16187 16187 16187 13829
6173 10394 5867 14029 16187 6161 14237 4737 1750 926 16187 2067 926 16187 926 926
14518 2148 14237 6011 16138 2823 2599 8913 16187 16187 16187 16187 16187 16187 16187 16187
9036 3171 2563 16187 12495 12495 15096 12008 7740 973 5332 6011 9429 16187 16187 16187
7742 4032 15715 16187 14043 14029 4776 6499 16187 16187 12349 4776 2563 16187 16187 16187
14272 15846 4325 4552 5332 2598 16187 16187 16187 16187 16187 16187 16187 16187 16187 16187
14272 15846 4325 4552 5332 2598 16187 12022 926 16187 15658 7926 2598 16187 2598 16187
8712 15846 8733 6011 2033 8712 15846 8733 6011 2526 16187 12276 9339 4927 4776 9790
7740 3364 11553 10471 13907 4776 6854 11142 3177 7777 926 3504 1955 14734 926 16187
9036 3171 2563 16187 12495 12495 16187 12495 6280 16187 12349 4776 6745 2563 16187 16187
7740 9429 7926 771 12766 6826 11039 3177 10516 926 1955 7742 16187 16187 1955 6042
5329 8726 4325 11553 9360 8268 3435 8268 14043 1320 1922 11191 16187 16187 16187 16187
5329 8726 4325 11553 9360 8268 3435 8268 14043 1320 1922 11191 16187 564 926 16187
6011 7433 16187 816 13348 16187 926 8268 6259 926 830 6259 9450 16187 16187 16187
9084 7740 14518 8712 12233 2823 2598 16187 16187 16187 16187 16187 16187 16187 16187 16187
6011 9890 2186 3171 2563 1955 8712 8710 14043 6011 4552 9754 16187 16187 16187 16187
6011 4628 16187 8781 6259 3177 6259 926 6423 6423 8712 16187 16187 5332 13474 5297
12008 8268 6683 830 1954 176 1957 3994 6259 926 15468 3994 16187 16187 16187 16187
12008 926 8584 12233 2451 4776 926 5463 7926 5867 16187 830 15597 16187 16187 16187
12008 926 926 8268 926 14237 926 16187 5580 16187 16187 7970 16187 4707 12349 16187
2599 5867 2552 203 8712 7076 8719 4776 13276 16187 16187 16187 16187 16187 16187 16187
4311 10036 8268 9296 12022 8710 10743 16187 16187 5329 16187 2115 13348 16187 13348 16187
2599 5867 2552 203 8712 7076 8719 4776 13276 16187 2263 3052 16187 14350 16187 10960
13807 13348 16187 16187 16187 16187 16187 16187 16187 16187 16187 16187 16187 16187 16187 16187
13807 13348 16187 3286 16187 16105 8712 5867 11889 7740 16187 11889 15715 16187 8185 926
6011 11031 13965 12233 926 16187 16003 16187 16187 15819 16187 16187 6535 16187 16187 16187
3171 2563 8710 1378 3177 4776 10566 13076 7740 9884 8466 8719 6259 15096 983 16187
3171 2563 8710 1378 3177 4776 4267 31 8185 7740 9884 8466 16187 16187 8466 14029
3171 2563 8710 14362 830 1750 4776 2588 1378 1919 15811 10288 6905 3102 16187 16187
9264 16187 16187 16187 16187 16187 16187 16187 16187 16187 16187 16187 16187 16187 16187 16187
9264 16187 14237 9264 9540 16187 8268 14734 4707 16187 926 16187 9391 16187 16187 16187
9264 16187 14237 9264 16187 16187 16187 2689 3766 16187 16187 2444 16187 10967 16187 15848
12008 15827 16105 2904 7661 5537 14237 2006 5713 6070 8506 14237 14221 2148 16187 16187
12008 14069 14776 15180 5463 13592 2353 926 12743 16187 14180 5713 2946 9498 14180 816
12008 14069 14776 8069 2148 5044 12233 3171 10033 16187 12349 4776 10033 16187 16187 16187
926 4931 5329 6518 630 11889 11191 14237 5297 2563 8710 7367 1919 14180 7314 16187
3842 3171 16187 2563 16187 4537 9605 2148 16187 4311 12276 12362 16187 16187 1778 16187
926 16187 779 6259 3192 926 3177 926 8268 830 1750 6259 12820 2954 16187 11889
8710 8712 5580 1378 3177 4776 10566 13542 2563 6489 3177 14180 983 2598 16187 16187
8710 14069 1213 6259 9424 1955 6259 1138 1022 4233 7712 5711 2563 2598 16187 16187
8710 14069 1157 2148 926 512 1954 6390 926 7740 6166 2598 16187 16187 16187 16187
8712 8710 1344 16038 14029 3059 12008 8712 2666 6259 3366 547 8719 4776 1578 16187
14069 8710 13084 4152 14237 13084 16146 14220 14237 8712 2326 4763 9070 1455 2148 16187
14069 8710 5463 10810 3177 8712 16187 2296 926 9070 16187 16187 487 1138 926 16187
830 4776 16112 4776 926 14281 779 3040 2713 10566 3177 4312 926 12233 5463 16187
3842 1957 14180 1737 16187 16187 16187 14397 4776 9339 4152 16187 308 16187 5777 3171
830 6259 926 15658 7307 12401 10501 3177 14734 4927 16187 3191 6173 16187 2148 16187
6173 14237 9084 9455 12782 15658 4776 6441 6297 4931 2598 16187 16187 16187 16187 16187
14237 9139 4552 4776 2761 9605 6826 4701 13348 16187 926 16187 16187 16187 16187 16187
14237 7229 8710 6259 6181 16187 16187 16187 2563 9498 14397 926 16187 16187 5388 16187
15649 8444 2904 12233 13317 15525 5463 4776 2122 8710 11711 13501 8719 926 16187 16187
3842 1957 14180 1737 16187 16187 9339 132 16187 6259 9450 16187 16187 16187 16187 16187
8712 5867 7931 8268 14237 8798 4776 6850 14237 5445 3211 3112 8712 4189 16187 16187
14461 5867 9534 8710 14311 16187 16187 16187 16187 16187 16187 16187 16187 16187 16187 16187
91 8710 4776 4267 5804 7740 11553 8084 8466 830 6259 15387 16187 16187 983 16187
91 8710 4776 4152 3177 3171 2563 16187 3364 11553 12766 926 16187 16187 16187 16187
2263 10400 8710 6070 10107 16187 16187 16187 16187 16187 16187 16187 16187 16187 16187 16187
5463 8710 6259 8139 5463 10709 6259 2601 2563 16187 14596 16187 16187 16187 16187 16187
2263 10400 8710 6070 10107 16187 14237 14029 4776 308 16187 16187 16187 16187 16187 16187
12650 9743 5830 1383 4440 8268 4325 926 6259 12901 9143 4311 5918 16187 16187 16187
9036 3171 2563 16187 12495 12495 15096 12008 5332 8712 5867 16187 16187 7740 12431 16187
6011 16138 14581 830 4312 16187 13348 16187 3562 12233 15597 926 16187 16187 16187 15840
10840 8712 8268 12495 8569 5463 1378 926 3644 9754 926 14734 1126 926 16187 16187
3842 1957 14180 1737 16187 16187 9339 8710 926 13348 16187 1229 13348 16187 16187 16187
8712 8470 2263 14596 1955 5296 1955 1186 983 5208 2823 16187 16187 16187 16187 16187
7508 8268 3171 8710 1378 3098 2563 16187 16187 16187 16187 16187 16187 16187 16187 16187
13570 5463 8710 926 926 8268 1378 8719 4776 816 13348 16187 13348 16187 13348 16187
7742 8268 8712 8710 6259 15819 8268 132 16187 6535 630 6259 926 16187 16187 16187
8719 12276 12805 8268 6011 9890 12102 14043 1110 4776 4189 3177 9519 6096 16187 16187
9036 3171 2563 16187 12495 12495 16187 12495 6280 7001 789 4776 16146 16187 16187 16187
8719 3171 10501 3177 4776 2563 7740 11839 5463 1138 8796 13348 16187 13348 16187 926
1138 6011 11728 5711 8710 13084 9780 16187 16187 16187 16187 16187 16187 16187 16187 16187
1138 6011 11728 5711 8710 13084 9780 16187 7740 11889 7740 15956 16187 14180 816 8258
1138 6011 11728 5711 8710 13084 9780 16187 443 5208 3557 14043 16187 16187 16187 16187
8712 4931 9754 6070 12606 9890 16187 16187 16187 16187 16187 16187 16187 16187 16187 16187
8712 4931 8093 3554 12233 2823 14766 16187 16187 16187 16187 16187 1229 16187 13348 16187
8712 4931 6070 2689 16187 12606 16187 16187 12606 12008 7740 12773 2148 16187 512 13152
6689 14069 5867 6826 9955 8712 8710 8093 1946 8268 926 14043 8187 16187 16187 16187
14069 5867 2046 9955 8268 4525 4971 14237 5200 4434 12233 9605 4776 60 926 16187
14069 5867 12583 3177 16146 926 1955 7742 16187 1955 4776 6499 16187 16187 926 1919
1597 3177 14734 8331 14776 4032 15715 12825 12291 16187 16187 16187 16187 16187 16187 16187
4267 12233 11553 926 5406 9743 926 8268 926 8268 9330 16187 16187 12298 16187 16187
6070 447 16187 6535 16187 15202 8726 6011 3644 7001 16187 816 16187 4832 16187 16187
8712 5867 1229 9918 8268 2689 14237 3356 5463 8712 5867 4032 6259 15335 8585 16187
8712 5867 1229 9918 8268 2689 14237 3356 5463 8712 5867 4032 6259 15335 8585 16187
8712 5867 1229 15174 830 4686 12233 12650 16187 14237 6259 926 830 6259 9385 16187
13723 5747 3847 1954 8213 15781 5358 3171 10033 16187 16187 16187 16187 16187 16187 16187
4267 926 4776 1138 12723 5711 16187 1138 6259 13316 16187 10545 6173 16187 926 16187
926 8470 14745 6259 14596 3177 926 6179 12233 5257 3177 1885 9431 14029 16187 16058
14734 6070 9632 3112 14745 6259 5156 9290 16187 16187 16187 16187 16187 16187 16187 16187
3842 1957 14180 1737 16187 16187 16187 9339 7438 16187 308 16187 6259 9450 16187 16187
4776 9534 3177 11191 12727 15233 16187 14272 4557 926 1778 12233 926 16187 16187 16187
3171 3364 11553 12766 10355 8726 8712 4931 10217 2563 14237 5329 1378 16187 16187 16187
3171 3364 11553 12766 6259 5948 926 14043 3765 8771 16187 16187 16187 16187 6489 16187
3171 10033 779 6011 12145 12233 5937 14604 997 13348 16187 13348 16187 643 16187 16187
2446 8268 8719 4776 10442 4776 15064 3847 9754 4189 6070 7742 16187 16187 16187 16187
3842 1957 14180 1737 16187 16187 1133 16187 2115 14113 14237 15846 6683 6535 16187 16187
12716 8268 4776 926 1676 4931 4776 8974 12518 8268 12233 9632 16187 926 16187 16187
223 16187 16187 16187 16187 16187 16187 16187 16187 16187 16187 16187 16187 16187 16187 16187
223 16187 11553 6259 13429 14029 4776 926 3177 5804 16187 16187 3748 16187 16187 16187
6011 11465 16187 2598 16187 16187 16187 8719 14734 1243 16187 16187 7926 16187 16187 16187
8712 5867 6601 4776 564 926 7740 9884 8466 8719 6259 10033 16187 16187 16187 16187
8712 5867 12766 6259 6689 8268 12008 4776 14596 8710 2429 4776 9790 16187 16187 16187
8712 5867 1344 15389 12233 1654 16187 4103 16187 8712 16187 1110 8712 16187 16187 16187
10503 9070 8268 6011 15846 6601 9813 12102 3171 2563 8726 5937 6259 10887 14230 16187
9036 3171 2563 16187 12495 12495 16187 12495 6280 7001 16187 9465 16187 16187 12495 16187
6011 2552 8712 9015 12008 13089 6011 9605 14069 8268 8712 5867 16187 1138 5711 16187
9156 926 4931 4776 9290 3177 4776 5830 157 5867 16187 16187 16187 16187 16187 16187
3842 1919 12127 926 3177 5937 1750 16187 12349 14029 926 16187 16187 16187 16187 16187
3177 1245 4776 9911 926 13923 3177 3171 8268 4776 9955 8719 13021 926 8268 14237
