6017 9084 5329 8158 14237 5463 14677 12233 4776 13587 14237 6071 16187 16187 16187 16187
3842 16187 16187 1737 4776 3766 16187 12349 15389 16187 1229 15389 16187 7740 9004 11889
6826 3177 4776 1246 1919 5537 15814 9605 11789 12233 4776 5777 3177 4776 11602 16187
2148 2002 14237 13907 1213 6259 14599 10400 16187 16187 16187 16187 16187 16187 16187 16187
3842 16187 16187 1737 4776 12349 4776 6499 16187 8268 1955 8712 16187 16187 16187 16187
6070 13844 16187 3192 13021 8268 14237 7740 3644 9754 15956 16187 12008 8268 14237 8710
926 779 9754 12766 14069 9591 830 9070 12233 6077 11953 1885 16187 16187 16187 16187
3842 16187 16187 1737 4776 3766 8268 12008 6259 9490 12291 16187 16187 16187 15096 16187
926 5867 4588 14237 4125 1019 15202 10036 2598 16187 16187 2097 3177 14734 12529 16187
830 6259 12887 8268 8712 8710 15637 926 16187 16187 16187 16187 16187 16187 16187 16187
3842 16187 16187 1737 4776 12349 4776 6499 16187 8268 1955 8712 16187 16187 16187 16187
830 6259 10355 15316 471 8268 12782 1138 1447 5711 14237 1378 3177 4776 1378 9290
14237 3171 10033 4931 9754 5463 16187 16187 16187 16187 16187 16187 16187 16187 16187 16187
14237 3171 8268 3177 1245 8268 8710 14180 4537 3109 16187 3098 16187 16187 6569 16187
14237 3171 10033 4931 6535 13181 16187 11553 16187 14180 16187 983 16187 16187 16187 16187
3171 8710 1543 7740 2326 9004 4776 926 3177 4776 2563 16187 16187 16187 16187 16187
3842 16187 16187 1737 4776 12349 4776 6499 16187 8268 1955 8712 16187 16187 16187 16187
3171 2563 8710 1098 13348 16187 14237 7740 3553 16187 16187 926 16187 1208 16187 830
3171 8710 2446 11953 2984 6259 63 3984 12233 1436 926 12233 11382 16187 16187 16187
3842 16187 16187 1737 4776 12349 4776 6499 16187 8268 1955 8712 16187 16187 16187 16187
8712 8710 6259 6070 9332 4779 8268 15649 8710 7456 12233 13229 9455 16187 16187 16187
203 8710 8712 5463 4776 926 8710 14029 4776 6102 2598 16187 16187 16187 16187 16187
3842 16187 16187 1737 4776 12349 4776 6499 16187 8268 1955 926 16187 16187 16187 16187
14272 6259 3098 926 9241 12233 2172 10967 13348 16187 16187 16187 5947 2664 3177 4776
8796 16187 16187 16187 16187 16187 16187 16187 16187 16187 16187 16187 16187 16187 16187 16187
8796 8268 7740 9084 16187 12008 2006 4776 7151 830 8712 14237 8712 8710 5463 16187
8796 8268 8712 5867 10770 16187 12650 16187 16187 2712 13348 16187 16187 16187 16187 16187
14069 9498 6259 15335 8719 4776 8869 16187 16187 16187 16187 16187 16187 16187 16187 16187
3842 16187 16187 1737 4776 12349 4776 6499 16187 8268 1955 926 16187 16187 16187 16187
8712 2446 5388 6259 2148 926 926 3115 16187 926 16187 14518 16187 16187 16187 3237
4776 12582 8268 9793 8268 14734 13881 16187 16187 16187 16187 16187 16187 16187 16187 16187
4776 4267 8084 16187 2563 6664 2598 16187 14734 405 16187 926 16187 16187 926 16187
4776 5121 13839 10437 9498 6070 10355 16187 16187 16187 8781 16187 16187 16187 9591 16187
4776 574 830 3171 10033 4931 7594 16187 16187 16187 16187 16187 16187 16187 16187 16187
4776 4267 8084 16187 2563 6664 2598 16187 14734 405 16187 926 16187 926 16187 16187
4776 564 10501 2598 16187 6070 4687 12233 14192 16187 16187 5580 9290 16187 926 16187
5804 16187 16187 16187 16187 16187 16187 16187 16187 16187 16187 16187 16187 16187 16187 16187
3842 16187 16187 1737 4776 3766 8268 12008 6259 290 16020 16187 926 1955 16187 16187
13474 926 12233 926 830 1885 11778 16187 16187 926 1885 16187 16187 14734 10033 16187
926 5867 8148 6683 13178 16187 16187 16187 16187 16187 16187 16187 16187 16187 16187 16187
3842 8712 16187 63 2664 926 8268 7926 10603 1138 926 13348 5711 16187 16187 16187
926 5867 12945 8710 13178 16187 14734 10554 12233 1885 14237 10501 3177 4776 926 16187
1229 7740 5476 1885 13988 830 4776 2616 8719 3171 2563 16187 16187 16187 16187 16187
7740 4931 223 16187 10566 12606 8719 1138 14672 5463 12467 12467 16187 3171 16187 16187
7740 11530 8712 16187 8719 12276 8081 9290 8268 8712 5332 6011 15846 10838 6259 1781
9441 1147 3543 2552 3171 12256 7937 3177 4189 16187 16187 16187 16187 16187 16187 16187
3842 16187 16187 1737 4776 3766 8268 12008 6259 9290 16187 8710 16187 13178 16187 16187
926 5867 7051 4142 447 16187 16187 1229 7740 12773 1919 2148 10967 4776 2563 16187
12008 3171 2563 3388 8719 5463 14139 5463 7740 4537 3644 9754 926 1919 16187 16187
12008 3171 2563 4537 3847 9754 12596 7742 16187 16187 4537 16187 16187 16187 16187 16187
12008 8712 4931 630 2148 16187 512 926 8719 4776 10033 16187 12349 4776 926 16187
1098 3211 8268 1098 471 8268 10915 795 16187 16187 16187 16187 16187 16187 16187 16187
3842 8712 16187 63 2365 8268 2326 5463 4776 2601 4927 10324 4776 2563 16187 16187
1098 16187 14180 11553 10471 5463 630 12233 2823 8592 16187 16187 16187 12349 16187 16187
7740 8197 3171 2563 14919 15525 3177 9484 8506 16187 16187 16187 16187 16187 16187 16187
7740 4931 6391 6259 5948 2148 16187 512 7740 15956 5463 1378 16187 926 16187 16187
7740 8197 8712 6259 10619 15978 7740 11889 12120 14237 926 1229 630 16187 926 16187
6297 4776 926 8710 6259 8270 950 512 926 926 16187 16187 16187 16187 16187 16187
3842 16187 16187 1737 4776 3766 8268 12008 6259 9290 16187 8710 16187 13178 16187 16187
8719 926 6011 3644 9754 7001 223 16187 630 926 8719 3171 2563 16187 14518 16187
7740 2446 9429 8712 14470 11553 12766 14855 12233 4776 5197 9955 16187 16187 16187 16187
7740 9429 4776 9339 3942 1919 3171 2563 8710 8712 5867 10686 16187 16187 445 830
7740 9429 8712 4931 4776 10566 13904 2563 7740 1442 5463 5365 16187 16187 12349 4776
12495 1597 926 5711 16187 16187 16187 16187 16187 16187 16187 16187 16187 16187 16187 16187
9036 3171 2563 16187 12495 15096 16187 12349 12349 4776 1583 16187 926 16187 16187 926
6363 16187 13141 6259 6070 8268 6070 10355 8719 643 16187 16187 5917 16187 3994 16187
6259 3098 2563 8268 12716 8268 4795 20 12233 14272 3364 2823 6259 3529 5813 16187
3842 16187 16187 1737 4776 3766 8268 12008 6259 9290 16187 8710 6259 926 16187 643
6259 10355 8199 16187 10375 16187 13188 3177 983 16187 16187 926 16187 16187 16187 16187
14069 4931 1229 630 3177 5713 1515 14029 5463 7740 4931 7336 15328 2903 16187 16187
12008 8712 8710 13084 11146 2225 16187 8913 12233 2903 12233 9577 16187 2148 926 16187
12008 8712 8710 6259 6070 12690 2563 12233 12650 16187 16187 16187 7970 16187 16187 16187
8712 13942 14927 3847 9754 15956 203 12233 4924 16187 16187 16187 16187 16187 16187 16187
8712 5867 5329 4776 564 8569 2563 15525 14069 12008 8712 3847 11553 2263 3766 16187
8712 5867 4776 7377 7740 11889 11953 4776 15939 16187 2263 834 16187 16187 16187 5358
4325 4552 5329 3443 1512 16187 16187 16187 16187 16187 16187 16187 16187 16187 16187 16187
4325 4552 9754 3432 10357 8712 15525 16187 16187 8568 13348 16187 7742 16187 16187 16187
4325 4552 14237 7926 5867 52 1094 1919 342 926 16187 16187 16187 16187 16187 16187
6363 16187 16187 16187 16187 16187 16187 16187 16187 16187 16187 16187 16187 16187 16187 16187
9036 3171 2563 16187 12495 15096 16187 12349 12349 4776 12349 4776 9729 817 16187 16187
6363 16187 9431 983 4776 2563 16187 16105 8719 4776 926 16187 16187 926 16187 16187
7740 2446 6635 4776 4189 10967 12128 926 6070 630 16187 16187 16187 16187 16187 16187
7740 11839 11978 12835 11889 3171 8309 15525 1919 4776 15765 16187 14596 16187 8719 4776
7740 11839 7926 4931 12256 13084 6178 14069 16187 630 2148 14237 14734 16058 16187 16187
12008 8268 14237 8712 82 9070 12233 1436 3171 8268 7926 4931 6297 10355 16187 16187
12008 8268 4776 12715 14599 5208 1453 4776 10566 3177 4776 5638 16187 9222 16187 16187
12008 8268 4240 4776 13121 926 14595 8268 926 15881 1954 10400 16187 16187 16187 16187
12757 9070 8268 6011 16138 11889 8712 16187 16187 16187 16187 16187 16187 16187 16187 16187
14031 5359 8268 10080 3117 13348 16187 12102 8712 16187 4537 816 13348 16187 3286 16187
6011 11553 12233 5272 13089 8712 4931 16105 16187 16187 11889 8712 16187 7970 16187 16187
14069 11744 9754 13084 12135 11889 4776 817 12135 16187 16187 16187 16187 16187 16187 16187
3842 8712 16187 63 2365 10501 16187 8719 4776 2563 16187 1110 16187 16187 16187 6987
8712 5867 2689 8268 9449 8268 10011 8268 9736 16187 8268 14397 512 1372 16187 16187
14734 9534 3112 3171 2563 3413 12233 5867 11789 1955 8726 6011 9498 14069 13348 16187
3842 16187 4537 1737 4776 12349 6259 6689 926 16187 12349 16187 14237 926 16187 16187
7926 7076 8712 10915 49 14237 13549 6259 9894 14237 40 16187 4311 16187 9316 16187
7001 2552 4776 11041 926 13084 926 13348 16187 16187 16187 16187 16187 16187 16187 16187
7001 13317 16187 9605 5937 14029 4776 5328 3177 8858 16187 16187 13023 14237 4776 926
7001 2552 8712 16187 8268 8726 6011 5208 2552 15389 11953 8712 3364 771 10710 16187
4552 4776 926 16187 16187 16187 16187 16187 16187 16187 16187 16187 16187 16187 16187 16187
1138 5711 12770 8719 4776 1138 8569 4019 5711 2087 16187 16187 5463 16187 10114 3177
1138 5820 13178 13348 5711 16187 9431 16187 1941 16187 16187 7970 16187 16187 7970 16187
13839 8710 4776 10922 10501 3177 3171 2563 16187 16187 16187 16187 16187 16187 16187 16187
3842 16187 11889 3171 2563 8268 8712 3364 11553 1959 8712 16187 16187 11839 16187 6006
6259 1098 13316 16187 10967 4776 2563 16187 16187 16187 16187 16187 14263 16187 16187 16187
3171 8710 1378 6071 7637 5463 7740 4931 8093 2326 4998 8719 13551 16187 16187 16187
3842 16187 16187 1737 4776 12349 4776 6499 16187 8268 1955 926 16187 16187 16187 16187
3171 8710 1378 3177 4776 564 1133 3177 926 16187 8733 16187 926 16187 16187 16187
3774 926 8268 10355 1955 2296 16187 16187 16187 16187 16187 16187 16187 16187 16187 16187
3842 16187 16187 1737 4776 3766 8268 12008 6259 290 16020 16187 926 1955 16187 16187
926 7668 14734 8268 2905 8268 7742 13474 7668 14745 15525 16187 16187 2097 16187 16187
11499 8268 8712 9084 5329 16187 16187 16187 16187 16187 16187 16187 16187 16187 16187 16187
11499 8268 8712 9084 5329 16187 14272 8712 4931 16187 11889 16187 16187 16187 4931 8781
1955 830 5713 8268 7742 8268 4325 11031 4776 2563 5867 1097 16187 16187 1750 16187
14030 8268 3171 2563 5020 4265 9041 9850 564 13103 3177 926 16187 16187 16187 16187
3842 16187 16187 1737 8268 14180 8719 4776 12349 16187 12349 4776 2563 16187 16187 16187
1955 830 4776 132 9484 9484 16187 2945 2823 4032 15715 16187 16187 16187 7970 16187
8712 779 10355 1259 16187 16187 16187 16187 16187 16187 16187 16187 16187 16187 16187 16187
8712 8093 13729 12233 926 16187 15043 1133 16187 2446 14180 10355 16187 16187 16187 16187
8712 779 1138 6259 2037 3177 4776 926 5711 16187 16187 6259 8081 926 16187 16187
14237 8712 926 9070 4609 14237 5297 3847 16187 16187 16187 16187 16187 16187 16187 16187
14237 8712 5867 13084 10372 5463 12581 3177 4776 2077 14776 2296 10770 16187 10077 12233
14237 8712 926 9070 4609 14237 5297 3847 16187 12008 16187 14635 3177 16187 16187 16187
3171 8710 6601 4776 564 14599 12536 15867 779 8084 13663 16187 16187 16187 16187 16187
3842 16187 16187 1737 4776 12349 4776 6499 16187 8268 1955 8712 16187 16187 16187 16187
3171 8710 1378 3177 4776 564 1133 3177 926 926 16187 4390 926 16187 16187 926
203 968 4776 2946 4552 2598 16187 16187 16187 16187 16187 16187 16187 16187 16187 16187
203 9084 9519 3950 13644 6550 14734 11778 13089 7926 4931 11930 2598 2598 16187 16187
1138 5820 13178 13348 5711 16187 16187 1941 16187 4776 7970 16187 16187 12233 16187 16187
926 7926 8710 4537 12495 13178 12233 15002 9850 16187 16187 16187 16187 16187 16187 16187
3842 8712 16187 63 2664 8268 1543 4776 831 2894 16187 16187 16187 16187 16187 16187
926 7926 8710 4537 12495 13178 12233 15002 9850 16187 16187 926 16187 16187 926 16187
13474 926 4776 3078 11889 6259 1776 12045 11768 16187 16187 16187 16187 16187 16187 16187
3842 16187 16187 1737 4776 3766 8268 12008 6259 9290 16187 8710 16187 13178 16187 16187
13474 926 4776 3078 11889 6259 1776 16187 3364 2823 6173 16187 16187 16187 16187 16187
5009 12233 4776 416 3177 643 16187 16187 16187 16187 16187 16187 16187 16187 16187 16187
3842 16187 11889 3171 2563 8268 1957 14589 16187 10827 14029 4776 1583 16187 16187 983
1378 3177 4776 564 5852 14373 5388 15525 14069 13348 16187 926 16187 926 16187 926
12276 4714 14029 3171 10033 12232 2823 4370 5498 5867 926 11180 16187 16187 16187 16187
3842 16187 4537 1737 4776 12349 6259 6689 926 16187 12349 16187 14237 926 16187 16187
12276 9574 9484 9484 16187 3257 5208 2823 8719 5713 16187 16187 10983 16187 8506 16187
10288 779 8268 3177 10344 8268 3818 12007 9230 16187 16187 16187 16187 16187 16187 16187
3842 16187 16187 1737 8268 14180 8719 4776 12349 16187 12349 4776 2563 16187 16187 16187
7740 4931 926 16187 6070 443 16187 16187 16187 10566 11889 3171 16187 16187 16187 16187
14180 1885 10399 4189 926 12233 14691 15202 1885 7367 926 926 16187 16187 16187 16187
3842 16187 4537 1737 4776 12349 6259 6689 926 16187 12349 16187 14237 926 16187 926
13474 4931 15291 14237 12188 8268 14237 684 4776 954 6070 1208 16187 16187 16187 16187
8712 5867 6259 6070 8794 10033 16187 16187 16187 16187 16187 16187 16187 16187 16187 16187
8712 5867 6259 10285 12290 16187 12008 5297 926 8710 8268 10967 4776 926 16187 16187
8712 5867 6259 6070 8794 10033 16187 16187 2148 16187 4311 16187 6320 926 12233 4776
7740 4552 9754 16187 16187 16187 16187 16187 16187 16187 16187 16187 16187 16187 16187 16187
7740 4552 9754 15956 16187 14180 703 11553 926 830 3171 2563 16187 16187 16187 13348
7740 11530 8712 8268 7740 973 9813 16041 4776 3366 13089 8712 5656 15525 13348 16187
12008 4325 9498 816 13348 16187 16187 16187 16187 16187 16187 16187 16187 16187 16187 16187
12008 4325 9498 816 13348 16187 926 8268 12008 8258 6011 16187 16187 16187 11889 16187
12008 3730 16187 926 8712 4931 16105 6689 926 16187 16187 16187 1957 14180 16187 16187
926 9339 8710 6259 15138 3177 4776 10033 14237 3847 9754 8069 9605 8116 13348 16187
3842 16187 16187 1737 4776 3766 8268 12008 6259 9490 12291 16187 16187 16187 11889 13932
926 1955 7742 1955 10336 4779 574 2837 926 16187 926 16187 926 16187 926 12233
6011 16138 9605 8712 8719 3171 2563 12495 13348 16187 16187 16187 16187 16187 16187 16187
6011 16138 8093 1453 2904 16187 16187 929 7740 9429 6011 16187 9577 16187 14230 16187
6011 16138 11553 6259 926 10355 983 16187 926 16187 12515 12233 4776 926 16187 16187
7742 8268 7740 5208 13429 1957 14589 8656 15720 16187 16187 16187 16187 16187 16187 16187
7740 9429 5463 8712 9084 9296 4537 6259 9450 16187 9577 16187 983 16187 16187 16187
7740 9429 8712 10399 12233 12349 11274 3171 2563 16187 8569 16187 3278 16187 16187 10571
12128 8268 1954 817 926 8268 8710 4776 3137 926 16187 16187 16187 16187 16187 16187
3842 16187 16187 1737 4776 3766 8268 12008 6259 9290 16187 8710 16187 13178 16187 16187
13474 8710 6259 5820 443 8268 14237 13474 8710 8719 1110 1919 15300 16187 926 16187
8712 5867 2837 9091 16187 16187 16187 16187 16187 16187 16187 16187 16187 16187 16187 16187
8712 5867 5329 6259 8794 1750 13348 16187 16187 6500 16187 6070 9780 16187 10011 16187
8712 5867 1344 3398 16187 11889 4776 13839 16187 926 16187 16187 926 16187 16187 16187
14237 91 8712 5046 4931 232 16187 16187 16187 16187 16187 16187 16187 16187 16187 16187
8712 5867 5329 2689 6713 13348 16187 12008 11553 6259 9450 3177 2263 3192 16187 16187
8712 5867 1344 3398 16187 11889 4776 800 2187 16187 4776 2563 16187 12208 12127 9450
14237 3575 13216 9230 10967 14069 16187 16187 16187 16187 16187 16187 16187 16187 16187 16187
14237 12524 8268 5463 5867 4776 5568 4927 12233 8158 4776 14596 16187 16187 5046 2148
14237 6824 10913 15002 4776 3177 15597 14229 16187 12008 3171 14237 8710 4776 14596 16187
1378 2588 9438 8268 1543 9084 4325 10603 9743 100 2598 16187 16187 16187 16187 16187
3842 16187 4537 1737 4776 12349 6259 9450 9404 16187 308 16187 5297 926 16187 16187
1378 3177 4776 564 5852 14373 5388 15525 14069 13348 16187 926 16187 926 16187 926
12008 9591 1919 4776 9918 3575 16187 16187 16187 16187 16187 16187 16187 16187 16187 16187
12008 4776 8521 3847 9754 16070 4776 2285 2563 16187 9085 16187 983 16187 926 16187
12008 3730 16187 926 4931 2588 926 14237 926 16187 16187 1378 3177 12276 16058 16187
13084 1378 926 1885 4776 9385 8428 12233 926 4776 6102 15 830 926 16187 16187
3842 16187 16187 1737 4776 12349 4776 6499 16187 8268 1955 8712 16187 16187 16187 16187
4776 564 10501 2598 16187 14237 4776 10418 4931 6535 10355 16187 16187 16187 9332 16187
4776 8199 3847 5329 10114 12911 1955 6826 11553 8592 16187 16187 16187 16187 16187 16187
4776 4267 8084 16187 2563 6664 2598 16187 14734 405 16187 16187 16187 2903 16187 16187
4776 8199 3384 771 6826 926 6178 16187 5297 926 8712 16187 926 16187 16187 16187
1543 4552 4776 8936 7001 2598 16187 16187 16187 16187 16187 16187 16187 16187 16187 16187
1543 14776 4325 1515 2598 16187 2598 16187 2598 16187 2598 16187 4064 926 16187 16187
12008 3730 16187 926 8712 3364 9884 2823 9461 3177 16187 16187 16187 16187 16187 14237
3171 9577 771 16074 1505 12835 14237 6259 15761 13839 16187 16187 16187 16187 16187 16187
3842 16187 16187 1737 4776 12349 4776 6499 16187 8268 1955 8712 16187 16187 16187 16187
3171 2563 8710 6929 12233 4776 10560 8268 12008 5568 13237 1243 929 16187 8584 16187
4776 11466 5629 11457 14237 14734 4125 8710 2689 8268 14834 14237 9355 16187 16187 16187
4776 4267 8084 16187 2563 6664 2598 16187 14734 405 16187 5258 926 129 9405 16187
4776 10418 8710 232 14237 4493 8268 8726 3559 16187 2563 16187 16187 16187 16187 16187
7740 4552 9754 15956 16187 16187 16187 16187 16187 16187 16187 16187 16187 16187 16187 16187
7740 4552 9754 15956 16187 14180 703 11553 926 11953 3171 16187 16187 8719 12276 16146
7740 11530 8712 13348 16187 10953 10036 14237 7740 11530 4776 926 11178 3727 13701 16187
4776 10033 8383 6313 4440 8268 1502 10960 14237 11907 9039 16187 16187 16187 16187 16187
4776 10033 4931 10915 4776 9790 1955 4776 10033 14237 4931 16187 10571 15096 16187 16187
4776 10033 8710 11953 1097 3177 4776 8794 13828 16187 16187 16187 8781 16187 16187 4687
8796 16187 16187 16187 16187 16187 16187 16187 16187 16187 16187 16187 16187 16187 16187 16187
8796 8268 7740 9084 16187 12008 2006 4776 7151 830 8712 14237 8712 8710 5463 16187
8796 8268 8712 5867 10770 16187 12650 16187 16187 2712 13348 16187 16187 16187 16187 16187
3171 10033 779 6070 10762 11646 14237 12013 16187 16187 16187 16187 16187 16187 16187 16187
3171 2563 4931 5329 12606 8719 4776 14589 16187 2666 6259 308 3177 16187 16187 16187
3171 10033 779 12958 8268 3211 8268 2122 8268 1369 15848 16187 14237 684 1954 12256
8712 5867 6070 2689 16187 16187 16187 16187 16187 16187 16187 16187 16187 16187 16187 16187
8712 5867 5329 14180 11953 6011 16187 14237 8069 2461 16187 16187 10207 16187 16187 16187
8712 5867 6070 2689 16187 12495 14263 16187 830 16187 2588 16187 11998 926 1955 8084
926 582 4931 13999 8268 12606 8268 8798 6259 10894 14902 16187 16187 16187 16187 16187
3842 16187 16187 1737 4776 3766 8268 12008 6259 290 16020 16187 926 16187 16187 16187
926 5867 4588 14237 4125 1019 15202 10036 2598 16187 16187 16187 2588 16187 16187 16187
8710 9754 13226 10518 12233 2823 8719 14069 2598 5711 16187 16187 16187 16187 16187 16187
3842 16187 16187 1737 4776 3766 16187 12349 15389 16187 1229 15389 16187 7740 9004 11889
1098 16187 14180 11553 8733 1954 2946 14776 5463 1919 9070 16187 3177 4312 16187 16187
926 1787 10217 8710 6259 3257 176 16187 16187 16187 16187 16187 16187 16187 16187 16187
3842 16187 16187 1737 4776 12349 4776 1787 16187 983 16187 2148 926 16187 16187 16187
926 5867 7051 4142 447 16187 16187 1229 13348 16187 9594 12008 13546 5414 8710 16187
4776 926 14776 10523 1955 926 14237 4470 12233 4189 8719 4776 8539 926 8565 16187
4776 4267 8710 10501 9850 8268 2837 14221 16187 16187 16187 16187 2148 13348 16187 16187
4776 926 8268 684 2837 12632 926 8268 10272 6276 6905 16187 2097 3177 14734 926
1952 926 4931 477 4776 2117 5365 14237 9084 14411 1957 4776 9138 4277 16187 16187
3842 16187 16187 1737 4776 3766 8268 12008 6259 9450 3177 4776 10033 16187 16187 16187
7740 6635 4776 10418 2837 926 926 14237 4384 926 16187 926 16187 16187 926 16187
1229 3748 7740 8309 1919 4776 14164 12233 2552 2814 14237 7926 4931 816 16187 16187
9036 3171 2563 16187 12495 15096 16187 12349 7740 16187 16187 12233 9178 16187 926 16187
12008 7740 4931 8719 4776 13994 14237 12892 8712 6259 2327 16187 16187 8270 16187 12349
4776 284 14776 5329 4776 926 7740 9884 8466 12008 4325 11031 13807 3098 9890 16187
3842 16187 16187 1737 4776 12349 4776 6499 16187 8268 1955 8712 16187 16187 16187 16187
4776 12835 14776 7742 10316 4487 8710 14043 14237 13074 16187 16187 16187 16187 16187 16187
926 16187 16187 16187 16187 16187 16187 16187 16187 16187 16187 16187 16187 16187 16187 16187
926 16187 11916 16187 3177 4776 10566 820 926 5463 4776 2601 5121 13839 16187 16187
926 16187 11916 16187 4776 14596 3177 4776 926 13474 684 13474 13081 1955 926 4776
14834 11900 16187 16187 16187 16187 16187 16187 16187 16187 16187 16187 16187 16187 16187 16187
3842 1957 14180 1737 16187 12467 16187 10315 10036 8268 14237 2148 1954 926 16187 16187
6826 3177 4776 1246 1919 5537 15814 9605 11789 12233 4776 5777 3177 4776 11602 16187
4776 12835 14180 11553 6070 7168 9452 16187 16187 16187 16187 16187 16187 16187 16187 16187
4776 12835 9498 4337 11788 14237 4776 10418 4931 15819 8268 6070 16187 16187 16187 16187
4776 12835 14776 7742 13663 14237 15071 16187 926 16187 7742 16187 16187 16187 9736 16187
3171 8710 6259 6070 10355 9577 16187 16187 16187 16187 16187 16187 16187 16187 16187 16187
3171 8710 7594 2563 8710 5463 12958 12232 2823 2823 6259 16187 10770 16187 16187 6569
3171 8710 6259 6070 10355 9424 16187 14237 2148 16187 16187 16187 16187 14125 16187 16187
3171 2563 4931 9754 10355 8268 7740 11789 9004 5611 6550 8712 16187 16187 16187 16187
3171 2563 4931 8569 16187 16187 11063 14237 2148 16187 16187 11889 15715 16187 16187 12349
3171 2563 4931 3257 16187 16187 7742 6259 6071 2563 14237 12835 16187 6535 9332 16187
15595 11965 4776 9339 12738 14029 15597 16058 8258 12413 4312 16187 16187 16187 16187 16187
3842 16187 4537 11889 8268 12008 4776 2563 8710 4537 12495 16187 16187 16187 16187 16187
7740 973 1378 3177 9743 15695 16187 16187 1378 3177 4776 926 16187 14221 16187 16187
7740 968 4537 1955 6280 12650 926 11401 16187 16187 16187 16187 16187 16187 16187 16187
7740 3364 9754 15890 2148 16187 14029 1583 983 16187 5341 926 16187 15956 16187 16187
7740 11530 8712 16187 8719 12276 8081 9290 6011 12127 2150 7740 12232 2945 6011 16187
8712 5867 4537 5580 8569 16187 16187 16187 16187 16187 16187 16187 16187 16187 16187 16187
8712 5867 4537 8569 16187 9442 14237 4776 12835 14776 3098 16187 4776 9577 16187 926
8712 5867 4537 5580 926 16187 13896 8268 12008 926 5867 5562 16187 16187 926 16187
7740 15956 13089 7740 15096 12233 2552 6011 8268 7740 973 14029 2643 16187 16187 16187
7740 12232 9754 8154 3171 12233 100 1955 8712 8710 2945 6169 1957 6931 16187 16187
7740 11530 8712 16187 8719 12276 8081 9290 6011 12127 2150 7740 12232 2945 6011 16187
13094 2903 4776 3137 2563 16187 16187 16187 16187 16187 16187 16187 16187 16187 16187 16187
3842 16187 16187 1737 4776 3766 8268 12008 6259 15096 14237 4776 10418 8710 16187 16187
14237 14180 3177 3171 4240 926 13348 16187 11461 14734 14164 16187 16187 926 16187 16187
3171 8710 15389 12233 12650 2837 5430 1229 6011 5208 7721 14272 8710 9015 16187 16187
3842 16187 16187 1737 4776 12349 4776 6499 16187 16187 926 16187 16187 926 16187 16187
8712 771 6259 14635 3177 12233 8712 16187 569 3177 132 16187 2997 16187 16187 4032
11132 926 8710 10716 15848 16187 16187 16187 16187 16187 16187 16187 16187 16187 16187 16187
3842 16187 16187 1737 8268 14180 8719 4776 14180 13348 16187 16187 9450 16187 16187 16187
926 8710 3257 1955 926 16187 12208 14734 1919 4776 10501 3177 4776 926 16187 16187
4776 926 8710 5329 4776 9290 7926 8777 12233 2823 16187 16187 16187 16187 16187 16187
4776 4267 8084 16187 2563 6664 2598 16187 14734 405 16187 926 16187 16187 3537 16187
4776 926 8710 10918 8719 4776 10566 4013 6071 2563 3177 14180 983 16187 12892 8719
6011 5208 14581 14734 9540 14237 15926 1543 8084 8710 2860 16187 16187 16187 16187 16187
6011 5208 9036 3171 1378 8719 15165 9850 9484 16187 13348 16187 16187 7740 684 16187
6011 5208 14581 14734 9540 14237 15926 1543 8084 8710 2860 16187 16187 16187 16187 16187
8726 1229 8268 7740 12232 1436 5463 13474 2497 16187 16187 16187 16187 16187 16187 16187
12008 7740 4552 9754 9429 8712 5867 4103 1955 7742 1955 8712 3364 11553 12766 16187
12008 7740 4537 9429 7926 5867 926 16187 16187 1885 16187 16187 1229 16187 16187 16187
8554 16187 16187 16187 16187 16187 16187 16187 16187 16187 16187 16187 16187 16187 16187 16187
3842 16187 16187 1737 8268 14180 8719 4776 14180 16187 14180 12349 10471 16187 16187 16187
926 5867 7051 4142 447 16187 16187 1229 6070 13583 16187 6535 14180 983 16187 926
14237 91 5656 4776 9450 3942 4776 284 14776 8569 13348 16187 16187 16187 16187 16187
3842 16187 16187 1737 4776 3766 8268 12008 6259 15096 14237 5522 16187 16187 16187 16187
8712 5867 2689 8268 8622 8268 6692 8268 14237 8796 8268 6148 16187 16187 16187 16187
4776 3765 11273 6378 8710 9780 16187 16187 16187 16187 16187 16187 16187 16187 16187 16187
4776 4267 8084 16187 2563 6664 2598 16187 14734 405 16187 926 16187 16187 926 16187
4776 564 9424 11953 3171 2563 8710 4776 3398 1146 14457 16187 3776 16187 16187 16187
4776 926 9498 14180 926 2903 16187 16187 16187 16187 16187 16187 16187 16187 16187 16187
4776 926 9498 926 8268 12008 1872 1955 7742 16187 3171 4931 6259 926 9424 16187
4776 926 2598 16187 926 926 16187 6097 4125 1019 2072 2410 6173 16187 16187 7314
830 11889 14139 12291 8719 4776 2563 16187 16187 16187 16187 16187 16187 16187 16187 16187
9036 3171 2563 16187 12495 15096 16187 12349 7740 16187 16187 12233 9178 16187 16187 16187
7740 11530 12958 11953 3171 2563 14237 7740 2308 6011 12233 4776 2563 16187 16187 16187
5463 5867 4776 9431 9424 5463 13213 15525 16187 16187 16187 16187 16187 16187 16187 16187
3842 16187 4537 1737 9487 8268 14237 7740 11553 1110 926 16187 16187 926 16187 16187
8712 5867 1378 3177 4776 564 6801 7740 684 8719 4776 2588 3531 16187 16187 16187
12276 1860 8710 4776 15708 8719 4776 132 16187 16187 16187 16187 16187 16187 16187 16187
3842 16187 4537 4776 2563 16187 4537 1098 16187 8268 14237 8712 4931 12349 16187 16187
12276 926 8710 11582 16187 7970 16187 2563 9222 16187 8185 16187 6918 14237 8069 2461
14237 7740 1959 5189 13089 7740 4931 6259 8761 16187 16187 16187 16187 16187 16187 16187
14237 7740 973 5329 926 9890 16187 6011 5711 16187 2148 16187 512 7970 16187 16187
14237 7740 1959 5189 13089 7740 4931 6259 926 13348 16187 13348 16187 13348 16187 13348
9197 926 8710 6259 5948 3177 10770 16187 16187 16187 16187 16187 16187 16187 16187 16187
3842 16187 16187 1737 4776 12349 4776 6499 16187 8268 1955 8712 16187 16187 16187 16187
6259 14193 14029 10033 16187 16187 7740 4931 16187 16187 13348 16187 13348 16187 13348 16187
9642 8875 8710 8349 926 8719 14734 4499 16187 16187 16187 16187 16187 16187 16187 16187
3842 16187 16187 1737 4776 3766 8268 12008 6259 9290 16187 8710 16187 13178 16187 16187
7926 7076 6259 926 3827 926 10921 9941 14237 926 16187 926 16187 16187 16187 16187
8712 5867 5329 1955 15884 12233 14192 1955 8712 9277 9745 16187 16187 16187 16187 16187
8712 5867 5329 3554 12233 2823 6259 10024 2563 16187 16187 16187 16187 16187 16187 16187
8712 5867 4537 8268 9070 16187 8440 14237 12495 10399 12233 10503 9070 16187 3171 1378
8712 5867 5329 4776 10033 5867 12732 16187 16187 16187 16187 16187 16187 16187 16187 16187
8712 5867 5329 6259 8794 1750 13348 16187 16187 12441 3177 11382 16187 16187 2837 15096
8712 5867 5329 6070 2115 2563 10259 1919 16146 3171 8157 1133 16187 16187 16187 8569
3977 8710 11643 14237 1957 14734 564 1955 4776 6070 5963 12008 14834 817 926 16187
3842 16187 4537 11889 8268 12008 4776 2563 8710 6259 10894 16187 2148 16187 512 9290
926 5867 5825 9534 12232 2823 13076 8719 4404 10033 8268 12008 3388 7393 91 16187
3171 8710 4776 7791 2615 3177 3177 926 14237 582 16187 16187 16187 16187 16187 16187
3842 16187 16187 1737 4776 12349 4776 6499 16187 8268 1955 8712 16187 16187 16187 16187
3171 8710 4776 564 2563 16187 4776 926 13348 16187 13348 16187 8084 16187 16187 16187
6070 10761 14237 4660 16187 16187 16187 16187 16187 16187 16187 16187 16187 16187 16187 16187
3842 16187 4537 11889 3171 8268 7926 5867 11889 6006 16187 926 16187 1750 16187 16187
6070 10761 14237 4660 16187 3830 12233 13501 6905 16187 16187 926 16187 16187 16187 16187
5836 926 14237 926 8268 926 14776 118 10918 12233 643 16187 16187 16187 16187 16187
3842 16187 16187 1737 4776 3766 8268 12008 6259 9290 16187 8710 16187 13178 16187 16187
926 5867 9335 8710 8268 6259 1990 3011 14217 8004 10355 15452 10567 14745 16187 16187
7740 1442 8712 14029 4776 10887 1583 13089 8712 2979 15525 16187 16187 16187 16187 16187
7740 926 8712 15978 3171 2563 16187 9813 6124 10967 4776 12349 16187 12349 16187 12349
7740 4531 8712 16187 2148 926 16187 16187 8719 4776 2563 16187 3192 16187 16187 16187
7926 926 1919 8712 14237 8451 5463 8712 5867 5820 16187 16187 16187 16187 16187 16187
3842 16187 16187 1737 4776 12349 4776 6499 16187 8268 1955 1954 8172 16187 2664 16187
7926 926 6905 830 2984 118 8712 10918 10967 1919 14745 16187 643 16187 16187 16187
3644 9754 4552 5463 8268 7250 926 16187 16187 16187 16187 16187 16187 16187 16187 16187
8726 6011 188 4152 8268 8808 14043 6985 7975 4609 16187 6297 16187 2689 14237 2519
7740 11530 12958 11953 3171 2563 14237 7740 2308 6011 12233 9605 16187 16187 16187 16187
8404 4552 9754 13533 7156 777 14237 9264 6713 16187 16187 16187 16187 16187 16187 16187
14031 8268 13243 13348 16187 3192 16187 3192 16187 13348 5711 16187 4949 16187 13348 16187
8726 6011 14776 1621 12965 4311 3171 2563 8710 4537 6259 926 16187 8712 16187 16187
1229 3171 3059 4931 2326 10053 12233 9070 14237 9316 8712 16105 9070 899 16187 16187
9036 3171 2563 16187 12495 15096 16187 12349 7740 16187 6259 926 16187 16187 16187 16187
12008 7542 8268 1098 5480 16187 7740 4552 16187 2563 16187 10211 16187 16187 16187 16187
5833 12233 5713 10217 7377 2946 8360 1919 1138 6308 4915 15909 5711 4931 926 16187
3842 16187 4537 1737 4776 12349 6259 6689 926 16187 12349 16187 926 16187 926 16187
7740 11530 12958 11953 3171 2563 14237 7740 2308 6011 12233 4776 2563 16187 16187 16187
5329 447 16187 16187 16187 16187 16187 16187 16187 16187 16187 16187 16187 16187 16187 16187
5329 447 16187 16187 8268 12008 8712 5867 4537 16187 16187 16187 830 2563 16187 9442
6011 15846 11728 15525 1955 630 6672 16187 4656 16187 4987 3211 16187 16187 16187 16187
10967 9743 12477 820 1957 926 16187 16187 16187 16187 16187 16187 16187 16187 16187 16187
14031 13084 14272 14776 4624 926 13086 4552 2598 16187 16187 16187 16187 16187 16187 16187
12008 5713 14776 9160 4776 5309 926 16187 16187 10217 16187 16187 16187 16187 16187 16187
7740 6635 3171 2563 8268 7740 6635 8712 569 16187 16187 16187 16187 16187 16187 16187
7740 2326 4552 3553 1537 926 3847 7127 1954 8162 3171 983 16187 16187 16187 16187
7740 2326 6635 8712 16187 12606 13348 16187 929 8719 4776 926 16187 643 16187 5804
11719 8268 4776 10033 3112 9450 2490 16187 16187 16187 16187 16187 16187 16187 16187 16187
3842 16187 16187 1737 4776 3766 8268 12008 6259 290 16020 16187 926 16187 16187 16187
7740 11530 926 9577 14237 8268 7742 8268 1955 8712 3007 16187 16187 11839 8268 14397
7740 8154 3171 12233 10671 3177 4776 10983 14237 4776 13035 16187 16187 16187 16187 16187
7740 4931 6391 6259 5948 2148 16187 512 7740 15956 5463 8712 2466 16187 16187 16187
7740 11530 3171 2563 1229 630 16187 8712 15525 16187 16187 16187 16068 16187 16187 926
4537 13089 6011 9429 5463 3171 443 5208 11190 13084 14945 7926 3847 16187 16187 16187
8726 6011 1132 15662 7740 11553 1138 322 5711 16187 1138 6390 5711 779 926 2563
8726 6011 6683 10599 6011 5208 2552 926 926 8693 4776 10442 16187 3177 4776 2563
13084 2191 5463 6011 1019 4776 8808 6173 14776 926 14237 3908 8712 830 5430 16187
3842 16187 16187 1737 4776 12349 4776 6499 16187 8268 1955 8712 16187 16187 16187 16187
4776 12835 14776 7742 926 14237 4512 4618 16187 4537 926 16187 926 16187 16187 14125
4624 14776 9754 91 12233 15105 8268 4624 14776 91 12233 1654 14237 14581 16187 16187
7740 973 5329 13616 14272 7740 9429 3177 4776 8199 16187 926 16187 926 16187 16187
7740 11530 12958 11953 3171 2563 14237 7740 2308 6011 12233 9605 16187 16187 16187 16187
203 3364 7740 9429 5463 3171 15846 2823 7145 2598 16187 16187 16187 16187 16187 16187
4552 9754 2599 3171 1378 9605 2837 6011 16187 16187 13348 16187 13348 16187 12008 12757
12008 5713 14776 9160 4776 5309 926 16187 16187 10217 16187 16187 16187 14591 3177 4776
1783 8710 2697 5314 11209 12459 8268 14069 5867 5329 8069 6259 1783 15433 16187 16187
3842 16187 4537 1737 9487 8268 14237 7740 11553 1110 926 16187 16187 926 16187 16187
13474 8710 6259 10079 14237 6259 3827 1919 10024 2367 800 1331 16187 16187 16187 2994
14237 8712 5867 11889 6259 4328 6340 16187 16187 16187 16187 16187 16187 16187 16187 16187
14237 8712 5867 13084 10372 5463 12581 3177 4776 2077 14776 2296 10770 16187 10077 12233
14237 8712 5867 3098 16187 16187 14237 15525 91 16187 9442 14237 3575 16187 16187 1175
8712 5867 6259 14485 8719 5349 16187 16187 16187 16187 16187 16187 16187 16187 16187 16187
3842 16187 16187 1737 4776 12349 4776 6499 16187 8268 1955 926 16187 16187 16187 16187
8712 5867 6259 16074 9575 10033 16187 8710 6259 1903 3177 2353 16187 10983 16187 926
15846 6096 7076 6826 817 12135 11757 16187 16187 16187 16187 16187 16187 16187 16187 16187
3842 16187 16187 1737 4776 3766 8268 12008 6259 9290 16187 8710 16187 13178 16187 16187
7926 7076 4776 10501 926 16187 16187 6535 8268 10288 2823 16187 16187 16187 16187 12349
8712 4537 6546 6259 15335 1243 817 16187 16187 16187 16187 16187 16187 16187 16187 16187
8712 5867 5329 4776 10033 5867 12732 16187 14069 16187 10242 3177 4776 6985 16187 16187
8712 5867 4776 926 10036 8268 14709 926 1094 1919 1885 16187 1955 926 926 926
5359 8268 6070 3356 13348 16187 16187 16187 16187 16187 16187 16187 16187 16187 16187 16187
14031 8268 6683 8268 14069 5867 1991 926 1919 14734 1486 16187 16187 16187 2296 6259
7740 11530 8712 16187 8719 12276 8081 9290 6011 12127 2150 7740 12232 14518 16187 16187
14272 3364 2823 10355 11953 6259 10398 15987 830 4404 10398 2598 16187 16187 16187 16187
15662 9084 9754 4325 11393 14734 7824 8268 286 14237 1229 630 2148 16187 16187 16187
8712 5867 14180 10770 16187 14237 7740 771 6259 15819 7001 16187 2552 16187 16187 16187
15649 16105 15715 3171 2563 1954 10274 12805 16187 16187 16187 16187 16187 16187 16187 16187
3842 1957 14180 1737 16187 12467 16187 8268 926 1955 9487 16187 16187 16105 16187 13896
12008 3484 13089 8710 385 12495 13348 16187 9290 16187 4776 926 16187 16187 16187 1952
15649 8710 1955 8712 3543 2823 16187 16187 16187 16187 16187 16187 16187 16187 16187 16187
3842 1957 14180 1737 16187 12467 16187 8268 926 1955 9487 8719 3994 16187 1954 926
8712 5867 1378 3177 12276 1860 8185 16187 16187 7749 926 16187 10941 665 16187 16187
8808 10801 13348 5711 16187 16187 16187 16187 16187 16187 16187 16187 16187 16187 16187 16187
3842 8712 16187 63 2365 8268 2326 5463 4776 2601 4927 10324 4776 2563 16187 16187
6826 3177 4776 8846 926 8719 4776 12298 2598 16187 16187 8781 12495 16187 16187 16187
12716 8268 4776 10033 8710 2296 3398 13089 3082 5862 5713 703 16187 16187 16187 16187
3842 16187 16187 1737 4776 3766 8268 12008 6259 290 16020 16187 926 16187 16187 16187
12716 8268 4776 926 1676 11900 630 8270 512 4776 5459 1676 16187 5568 8084 16187
7926 10452 6905 1919 2410 8268 8838 8268 14237 10212 3748 4776 14394 16187 16187 16187
3842 16187 16187 1737 4776 12349 4776 6499 16187 8268 1955 1954 8172 16187 2664 16187
7926 14352 4776 5761 1207 14029 16187 4987 3211 16187 926 926 16187 16187 926 16187
12570 13977 8719 3004 14272 779 13411 1919 14734 1045 16187 16187 16187 16187 16187 16187
3842 16187 4537 1737 4776 12349 6259 6689 926 16187 12349 16187 14237 926 16187 16187
1955 830 4776 14596 8268 7740 1110 8712 13348 16187 2097 3177 4776 3537 16187 16187
8726 8712 14180 9447 6070 13250 8268 5463 5867 15978 8712 8710 16187 16187 16187 16187
3842 16187 4537 1737 4776 12349 6259 6689 926 16187 12349 16187 14237 926 16187 926
12008 3484 13089 8710 385 12495 13348 16187 9290 16187 4776 12019 8710 1885 5463 16187
8719 4776 2588 10240 7634 4931 8719 7926 14827 8069 2148 5074 16187 16187 16187 16187
3842 16187 16187 1737 4776 3766 8268 12008 6259 9290 16187 8710 14272 816 16187 16187
8719 4776 12298 8268 6011 16138 9890 1110 8712 14043 12102 8712 16187 16187 16187 16187
8726 6011 10866 1138 6115 13623 5711 4311 6011 15846 12102 3171 16187 16187 16187 16187
6011 9890 12102 8712 14043 1110 8712 16187 14237 4311 6011 15846 16187 9577 16187 2097
6011 5208 14581 14734 9540 14237 15926 1543 8084 8710 2860 16187 16187 16187 16187 16187
7740 3364 2823 15 12495 10399 2858 3171 16187 16187 16187 16187 16187 16187 16187 16187
7740 4552 9754 15956 8268 12008 4624 4552 16187 926 13348 16187 16187 15096 16187 10918
7740 11530 8712 16187 8719 12276 8081 9290 8268 8712 5332 6011 15846 10838 6259 6161
6259 3098 7652 830 10671 3177 4776 8439 926 6764 16187 16187 16187 16187 16187 16187
3842 16187 16187 1737 4776 12349 4776 6499 16187 8268 1955 8712 16187 16187 16187 16187
6259 3098 3460 16187 16105 3177 1750 4776 1110 5629 926 14237 6071 16187 16187 16187
4776 8656 15358 8719 4776 2563 14776 926 8268 926 14237 4776 9335 16187 16187 16187
3842 16187 16187 1737 4776 12349 4776 6499 16187 8268 1955 8712 16187 16187 16187 16187
4776 10418 8710 1344 10355 8719 10566 13298 16187 16187 16187 16187 8069 5853 926 8710
12008 9063 4776 11401 5656 13089 4776 451 926 14237 2903 5656 4776 6161 16187 16187
3842 16187 16187 1737 4776 3766 8268 12008 6259 9290 16187 8710 16187 13178 16187 16187
12008 926 12511 7733 4776 2563 8719 4776 954 3177 4776 5726 926 926 16187 16187
5442 3034 16187 16187 16187 16187 16187 16187 16187 16187 16187 16187 16187 16187 16187 16187
14139 16187 5332 7001 2552 8712 830 926 16187 929 16187 5217 16187 5332 13474 5208
10619 9484 16187 926 7740 9429 5463 7740 8592 16187 16187 16187 16187 7740 16187 7740
3171 6695 13422 779 6259 3502 14599 512 1597 8185 7740 9884 8466 16187 16187 16187
3842 16187 16187 1737 4776 12349 4776 6499 16187 8268 1955 8712 16187 16187 16187 16187
3171 2563 8710 1378 3177 4776 564 8185 7740 9884 8466 3171 5365 16187 12349 16187
11499 8268 7740 973 5329 13616 3171 11039 3177 10400 8084 11900 5463 7742 16187 16187
7740 973 5329 13616 14272 14069 8710 5463 12232 13917 10217 2103 3177 2712 16187 16187
7740 11530 12958 11953 3171 2563 16187 12208 4776 9450 13501 16187 4087 15142 14745 16187
4776 15560 3504 6365 4931 5329 13532 9591 5813 1955 7742 16187 16187 16187 16187 16187
4776 4267 8084 16187 2563 6664 2598 16187 14734 405 16187 5258 926 1350 16187 4998
4776 5121 13839 10437 9498 6070 10355 16187 16187 16187 8781 16187 16187 16187 1957 4776
7926 8710 6259 4446 11761 13640 16187 16187 16187 16187 16187 16187 16187 16187 16187 16187
3842 16187 16187 1737 4776 12349 4776 1787 16187 983 16187 2148 926 16187 16187 16187
7926 8710 6259 6500 6051 3098 926 16187 16187 926 1919 4776 4406 15939 16187 16187
926 8710 6259 8423 7560 12008 4142 1963 7551 16187 16187 16187 16187 16187 16187 16187
926 8710 5329 1961 16187 6418 5867 3504 10719 16187 16187 2296 16187 16187 16187 16187
926 8710 6259 8423 7560 12008 4142 1963 7551 16187 4537 6683 3177 6259 6683 16187
14069 5867 6259 8858 14217 14029 4776 948 16187 16187 16187 16187 16187 16187 16187 16187
3842 16187 16187 1737 4776 12349 4776 6499 16187 8268 1955 926 16187 16187 16187 16187
14069 5867 6259 10355 2191 3177 13501 5329 14652 12008 10355 16187 1750 16187 16187 16187
12008 7740 5297 6635 8712 15978 7740 6124 15389 16187 16187 16187 16187 16187 16187 16187
12008 7740 4931 9872 8268 3171 8710 14734 6759 10033 1229 14221 16187 16187 16187 11998
12008 7740 12431 926 7627 5463 4776 12852 8710 6259 6286 3177 6259 10355 926 16187
5713 2946 14776 4537 6470 916 10638 5463 8733 4312 14691 2148 512 926 16187 16187
3842 16187 16187 1737 4776 12349 4776 6499 16187 8268 1955 8712 16187 16187 16187 16187
1138 14834 5496 8457 5711 16187 6601 4776 1138 926 5711 16187 16187 14156 16187 926
14030 8268 9431 3748 8268 12256 2563 16187 16187 16187 16187 16187 16187 16187 16187 16187
14030 16187 1229 630 4776 14596 8268 8710 4776 6006 14237 4776 10418 16187 16187 16187
14180 7740 5208 1436 8710 12233 2006 4776 626 16187 16187 16187 926 12233 2598 16187
5627 2858 4776 12489 926 16187 16187 16187 16187 16187 16187 16187 16187 16187 16187 16187
5627 16187 5329 12276 16058 14029 4776 1787 14237 6011 3644 16187 7001 16187 16187 16187
1138 4776 9365 5711 926 14180 3177 4312 16187 4537 16187 1781 16187 16187 16187 16187
6259 10682 12536 8268 16139 10418 8268 9122 1919 5695 3766 14237 8664 503 16187 16187
3842 16187 16187 1737 4776 12349 4776 6499 16187 8268 1955 8712 16187 16187 16187 16187
6259 10355 6155 3177 983 12233 7938 1378 3177 926 5867 10566 5796 10145 16187 16187
4552 9754 8069 9429 3177 9516 16187 16187 16187 16187 16187 16187 16187 16187 16187 16187
4552 9754 8069 9429 3177 9516 16187 4624 4552 16187 14237 4325 3364 4552 16187 16187
4552 9754 7001 2837 4776 4156 14602 13348 16187 7347 6011 16187 12102 8712 16187 16187
14069 5867 6259 3098 8855 3177 7804 8719 3171 10033 16187 16187 16187 16187 16187 16187
3842 16187 16187 1737 4776 12349 4776 6499 16187 8268 1955 926 16187 16187 16187 16187
8712 5867 6259 10355 8704 830 9070 16187 14237 4776 2563 4931 1955 926 16187 16187
12008 9367 779 14833 12233 188 12233 542 703 2903 16187 16187 16187 16187 16187 16187
12008 5329 1789 16187 3531 16187 4240 15096 16187 12349 2903 16187 16187 926 2903 16187
12008 3730 16187 926 14237 926 9429 16187 779 16105 3177 1588 16187 926 6259 8974
1954 13903 8268 6845 10193 2221 16187 16187 16187 16187 16187 16187 16187 16187 16187 16187
3842 16187 16187 1737 4776 12349 4776 6499 16187 8268 1955 926 16187 16187 16187 16187
6826 3177 4776 1246 1919 5537 15814 9605 11789 12233 4776 5777 3177 4776 11602 16187
14069 4931 4537 12495 630 1515 14029 830 1378 10033 13348 13348 16187 16187 16187 16187
3842 16187 16187 1737 4776 12349 4776 6499 16187 8268 1955 926 16187 16187 16187 16187
8712 5867 6259 10355 8704 830 9070 16187 13341 16187 16187 14125 16187 16187 16187 816
7740 771 1378 4537 11889 14745 16187 16187 16187 16187 16187 16187 16187 16187 16187 16187
7740 973 5329 487 8712 5867 9813 14069 12576 16187 9332 16187 10566 3177 4776 10566
7740 973 1378 3177 9743 15695 16187 2552 8719 4776 816 13474 8710 926 16187 16187
3177 13089 13474 926 12958 1778 6550 6259 926 926 16187 16187 16187 16187 16187 16187
3842 16187 4537 1737 4776 12349 6259 6689 926 16187 12349 16187 926 16187 926 16187
12008 926 13555 8710 1750 6259 5948 3177 12958 11711 3748 13651 830 4776 926 16187
3171 2563 4931 3257 16187 16187 16187 16187 16187 16187 16187 16187 16187 16187 16187 16187
3171 2563 4931 8569 16187 16187 11063 14237 2148 16187 16187 11889 15715 16187 16187 12349
3171 2563 4931 3257 16187 16187 14237 4776 9290 5867 6259 2563 16187 7970 16187 16187
4776 9438 8710 12232 7740 12650 3171 10036 2598 16187 16187 16187 16187 16187 16187 16187
4776 4267 8084 16187 2563 6664 2598 16187 14734 405 16187 5258 926 1350 16187 15096
4776 9438 8710 12232 7740 12650 3171 10036 2598 16187 16187 2598 16187 16187 16187 16187
926 926 5867 12852 8710 11326 1430 830 4776 4750 926 16187 16187 16187 16187 16187
3842 16187 16187 1737 4776 12349 4776 6499 16187 8268 1955 1954 8172 16187 16187 16187
926 926 5867 132 8710 13893 1919 1954 3437 1380 3751 4263 8712 16187 16187 16187
12008 4776 12578 5656 15525 8719 4776 2563 16187 16187 16187 16187 16187 16187 16187 16187
12008 4776 11017 3543 5329 11553 7992 13348 16187 14141 16187 16187 16187 7970 16187 16187
12008 4776 10960 8719 3171 2037 14131 7310 14808 16187 16187 14808 16187 16187 7926 5867
1955 6259 12887 8719 4776 3838 7740 11530 26 3177 4776 571 16187 16187 16187 16187
3842 16187 11889 3171 2563 8268 1957 12291 8268 13089 8712 15881 2858 5937 983 16187
8719 4776 12298 8268 3171 8710 2326 13178 9591 16187 4537 7925 16187 8719 12276 4183
12958 8710 11953 983 14237 13876 16187 16187 16187 16187 16187 16187 16187 16187 16187 16187
13084 3141 16187 16187 12311 2903 2903 4776 9290 16187 816 13348 16187 11461 6173 16187
4776 13811 8710 10536 8268 8712 7307 12127 926 12696 16187 8457 16187 16187 16187 16187
7740 16058 8712 14029 926 8268 1229 7740 5208 12650 8712 5274 16187 16187 16187 16187
7740 973 5329 487 8712 5867 9813 14069 12576 16187 9332 16187 10566 3177 4776 10566
7740 11530 8712 16187 8719 12276 8081 9290 6011 12127 2150 7740 12232 2945 6011 16187
4776 4302 1167 1042 10915 14691 12233 2823 15288 16187 16187 16187 16187 16187 16187 16187
4776 4267 8084 16187 2563 6664 2598 16187 14734 405 16187 5258 926 1350 16187 16187
4776 564 2563 3177 4776 1747 2598 16187 926 8268 7926 5867 16187 4537 16187 16187
9461 3177 3513 8268 3171 2563 779 12583 16187 16187 16187 16187 16187 16187 16187 16187
3842 16187 4537 11889 8268 12008 4776 2563 8710 6259 12478 8268 14180 8185 14776 16187
6070 2176 3078 1919 4546 7188 3177 926 16187 14043 5545 16187 16187 16187 8719 8719
10910 10232 6011 16063 9070 5550 926 13348 5711 16187 16187 16187 16187 16187 16187 16187
1019 7740 9084 9754 6173 16187 8313 2598 16187 16187 2598 16187 16187 2598 16187 16187
7740 11530 12958 11953 3171 2563 14237 7740 2308 6011 12233 4776 2563 16187 16187 16187
8712 3543 808 6011 3177 4776 4488 9138 16187 16187 16187 16187 16187 16187 16187 16187
8712 5867 5329 4776 564 8569 2563 15525 14069 12008 8712 3847 11553 2263 3766 16187
8712 5867 5329 4963 8268 8798 8712 5867 14734 8373 6140 8798 8857 15549 6974 16187
9850 6173 4776 132 16187 16187 16187 16187 16187 16187 16187 16187 16187 16187 16187 16187
9850 16187 5329 4776 14596 8268 12716 8268 6259 5948 16187 16187 16187 6535 10373 16187
6173 16187 14426 12213 12233 4776 2563 16187 8719 1378 16187 6535 16187 16187 16187 16187
4931 5463 6259 3511 1229 6388 5937 8456 10716 15042 12233 9702 8712 2598 16187 16187
3842 16187 16187 1737 4776 12349 4776 6499 16187 8268 1955 926 16187 16187 16187 16187
5463 5867 4776 9431 9424 5463 13213 15525 16187 16187 926 16187 8456 16187 16187 16187
6259 10607 926 2598 16187 16187 16187 16187 16187 16187 16187 16187 16187 16187 16187 16187
1138 8704 2225 4609 5711 4931 6259 3211 16187 16187 14426 2689 16187 16187 2689 16187
6259 6692 3249 2837 4776 926 16187 926 830 4776 16187 16187 16187 16187 16187 16187
4552 9754 2599 5463 6303 6011 16187 16187 16187 16187 16187 16187 16187 16187 16187 16187
4552 9754 2599 5463 6303 6011 16187 926 12495 16187 8719 14180 16187 16187 16187 16187
4552 6011 3141 7926 15846 14810 16187 16187 16187 16187 16187 16187 91 16187 16187 926
15715 3171 2563 8719 926 8268 14069 14776 1597 8506 12233 2823 3717 16187 16187 16187
3842 16187 16187 1737 4776 3766 8268 12008 6259 9490 9577 16187 16187 6535 630 2148
7740 11839 8712 4931 3098 10918 4311 16187 10217 2103 16187 2563 16187 1378 830 16187
7740 10589 6635 3285 487 2053 3644 9754 12097 2598 16187 16187 16187 16187 16187 16187
7740 973 5329 13616 14272 7740 9429 3177 4776 8199 16187 926 16187 926 16187 926
7740 11530 12127 63 3177 8712 16187 9004 11889 5463 4931 12349 16187 830 16187 11998
14411 8268 7740 16138 7627 8712 16187 16187 16187 16187 16187 16187 16187 16187 16187 16187
11499 8268 8712 9084 5329 16187 14272 8712 4931 16187 11889 16187 16187 16187 4931 11889
7740 11530 12958 11953 3171 2563 16187 12208 4776 9450 13501 16187 10026 12233 3249 8719
12276 9574 9850 9484 7742 8268 7740 2296 10866 4776 6801 15978 3177 4776 16187 16187
3842 16187 16187 1737 4776 12349 4776 6499 16187 8268 1955 8712 16187 16187 16187 16187
12276 9574 9484 9484 16187 3257 5208 2823 8719 5713 16187 16187 10983 16187 8185 16187
5812 15202 7001 12790 12650 8712 7740 8197 10619 9484 16187 16187 16187 16187 16187 16187
7740 1950 16187 6535 15174 16187 16187 16105 3177 1885 16187 926 12349 14237 926 1229
7740 1110 8712 13348 16187 10036 16187 16187 16187 13348 16187 16187 14125 16187 11889 16187
6011 15846 2823 3745 2758 16187 16187 16187 16187 16187 16187 16187 16187 16187 16187 16187
6011 15846 9890 7001 1919 4776 10033 14043 6011 4628 9754 16187 188 16187 6011 16187
6011 15846 2823 2148 512 9872 16187 926 8719 4776 2563 16187 3192 16187 16187 10770
4776 10418 8710 4776 14589 3437 9424 11953 3171 10033 16187 16187 16187 16187 16187 16187
4776 10418 8710 5329 7594 8719 3171 1378 16187 14397 9780 16187 16187 16187 926 16187
4776 10418 8710 6535 10355 8268 12495 16187 6173 16187 2097 5253 16187 16187 6259 643
7740 12892 1378 10244 4786 1390 3418 3098 6006 12008 9450 6672 16187 16187 16187 16187
7740 973 5329 487 8712 5867 9813 14069 12576 16187 9332 16187 10566 820 8719 4776
7740 11530 12958 11953 3171 2563 14237 7740 2308 6011 12233 4776 2563 16187 16187 16187
7926 3847 9754 549 4776 4927 15866 1644 14745 12233 1957 9431 16187 16187 16187 16187
7926 5867 6259 983 26 8268 830 926 15525 8376 13348 16187 13348 16187 5200 16187
7926 5867 6259 4149 15778 16187 477 4776 926 2563 16187 16187 14230 16187 16187 15096
8712 5867 14180 1229 2444 3846 16187 16187 16187 16187 16187 16187 16187 16187 16187 16187
8712 5867 5329 14180 11953 6011 16187 14237 8069 2461 16187 16187 926 16187 14029 16187
8712 5867 14180 1229 10355 16187 14237 12958 16187 16187 6535 630 9890 16187 16187 5332
10566 11107 926 1019 8794 6173 12260 2172 12233 8554 3202 2263 16058 13152 16187 16187
3842 16187 4537 11889 8268 12008 4776 2563 8710 926 16187 16187 16187 16187 16187 16187
14180 4776 6499 9498 11060 14237 6259 3257 926 12233 6999 5867 10050 926 16187 16187
14324 926 5463 16187 16187 16187 16187 16187 16187 16187 16187 16187 16187 16187 16187 16187
3842 16187 16187 1737 8268 14180 8719 4776 12349 16187 12349 4776 2563 16187 9506 16187
7740 11530 4776 315 6423 3171 10033 16187 8268 1229 7740 926 8712 16187 16187 12455
6826 3177 8712 8710 6070 232 16187 16187 16187 16187 16187 16187 16187 16187 16187 16187
3842 1957 14180 1737 16187 12467 16187 10315 10036 8268 14237 2148 1954 8172 16187 6546
6826 3177 4776 1246 1919 5537 15814 9605 11789 12233 4776 5777 3177 4776 11602 16187
5297 7926 16048 3171 2563 14237 7926 8710 9591 830 1378 2689 2122 6071 2563 16187
3842 16187 4537 1737 4776 12349 6259 6689 926 16187 12349 16187 16187 926 16187 16187
13474 8710 9389 8719 5530 5711 16187 1344 1344 1955 1750 1954 926 16187 16187 16187
4776 15907 14237 9666 11404 9498 6826 3177 4776 10566 2115 7740 11553 8084 8466 16187
3842 16187 16187 1737 4776 12349 4776 6499 16187 16187 926 16187 16187 926 16187 16187
4776 12835 14776 7742 10316 4487 8710 14043 14237 13074 16187 16187 16187 16187 16187 16187
1885 9239 3543 2326 6683 15525 830 630 630 8270 4496 16187 16187 16187 16187 16187
3842 8712 16187 63 2365 8268 2326 5463 4776 2601 4927 16187 1110 1885 16187 16187
13474 8710 9754 3257 12008 13474 5297 6253 10399 16187 5804 16187 16187 16187 1885 16187
4624 12650 820 1058 2903 12233 6381 11239 15525 14069 830 14180 12233 2552 16187 16187
7740 3141 7740 3364 12650 14745 8719 1157 6672 13907 5807 3177 14745 8719 3171 16187
7740 11530 8712 16187 8719 12276 8081 9290 8268 8712 5332 6011 15846 11728 16187 9442
6173 15658 6672 3364 4552 3171 14237 1229 7742 16187 16187 16187 16187 16187 16187 16187
3842 16187 16187 1737 4776 7377 8268 14237 14043 14180 4776 9450 16187 16187 8185 16187
6173 16187 12260 11553 12766 14069 16187 4924 16187 540 1919 1885 16187 16187 16187 16187
926 4773 926 4987 4773 16187 16187 16187 16187 16187 16187 16187 16187 16187 16187 16187
926 5867 12601 779 303 14745 16187 983 14237 926 16187 5332 16187 16187 14734 926
926 5867 14405 14776 2805 16187 6071 16187 16187 16187 16187 8719 91 16187 16187 16187
8712 8710 3098 12233 2552 2941 3573 4552 703 5463 13474 12232 9754 11606 4552 16187
8712 15452 11889 13852 8710 5967 12233 926 5947 926 16187 16187 16187 2974 16187 16187
8712 8710 6259 9450 5463 13811 8710 2148 12495 16187 5208 6011 6166 9070 16187 16187
4776 14596 10740 15982 14237 11289 5629 4776 15840 14237 926 5867 1825 16187 16187 16187
4776 14596 4931 3278 16187 16187 4776 14596 16187 2148 16187 16187 9429 16187 16187 391
4776 14596 4931 3098 8268 4776 132 14237 4776 10418 4931 10915 8213 13348 16187 3409
4240 926 8268 926 926 3007 12233 6133 14734 2264 16187 16187 16187 16187 16187 16187
3842 16187 16187 1737 4776 3766 8268 12008 6259 290 16020 16187 926 16187 16187 16187
7740 926 1919 926 16187 5341 926 8268 1955 7742 16187 16187 16187 16187 16187 16187
15041 12870 11022 3171 12311 16187 16187 16187 16187 16187 16187 16187 16187 16187 16187 16187
3842 16187 16187 1737 4776 12349 4776 6499 16187 8268 1955 926 16187 16187 16187 16187
7740 11530 12958 11953 3171 2563 14237 7740 2308 6011 12233 4776 2563 16187 16187 16187
3171 2563 779 16105 9070 6259 14230 3177 3034 16187 16187 16187 16187 16187 16187 16187
3842 16187 16187 1737 4776 12349 4776 6499 16187 8268 1955 8712 16187 16187 16187 16187
3171 2563 779 8712 14180 16187 16187 14237 4776 8139 16187 16187 14237 926 6381 16187
3171 4931 6259 10810 13089 14286 5393 771 6259 7310 6683 5332 15096 1941 16187 16187
3171 4931 9754 4949 16187 926 1955 817 16187 3137 2563 16187 16187 9450 16187 16187
3171 2563 8710 4537 1955 10355 1955 8712 8710 9612 1955 8710 14397 1197 9290 16187
926 1138 926 5711 15199 12179 7063 5867 4707 4776 9450 926 14776 10913 926 16187
3842 3171 2856 11889 4776 12012 16187 3364 2823 15715 16187 16187 16187 16187 16187 13348
926 16187 11916 16187 4776 14596 3177 4776 926 13474 684 13474 13081 16187 926 926
10619 14043 9484 3418 830 2053 1825 3177 12507 3994 2598 16187 16187 16187 16187 16187
14139 16187 5332 7001 2552 8712 830 5430 16187 16187 5580 9290 16187 2066 926 8719
10619 9484 16187 6535 630 14180 3177 5463 6011 15846 2823 16187 5580 8944 16187 16187
6011 5208 5329 8733 6259 2563 13280 13907 1382 15389 3748 13348 16187 16187 16187 16187
6011 5208 9036 3171 1378 8719 15165 9850 9484 16187 13348 16187 16187 7740 684 16187
6011 5208 14581 14734 9540 14237 15926 1543 8084 8710 2860 16187 16187 16187 8084 16187
14029 4776 926 15939 13348 16187 16187 16187 16187 16187 16187 16187 16187 16187 16187 16187
3842 16187 16187 1737 8268 14180 8719 4776 12349 14180 7740 11553 6259 14230 16187 16187
8719 4776 12298 8268 6011 16138 9890 1110 8712 14043 12102 8712 16187 16187 16187 16187
6363 9484 5090 1603 786 926 16187 16187 16187 16187 16187 16187 16187 16187 16187 16187
9036 3171 2563 16187 12495 15096 16187 12349 12349 4776 12349 4776 9729 817 16187 16187
6363 16187 9431 983 6173 7740 15956 6259 2563 8719 4776 9431 16187 16187 16187 7740
6259 10033 2097 3177 680 9779 14237 15907 830 15597 7987 16187 16187 16187 16187 16187
3842 3171 2856 11889 4776 12012 16187 3364 2823 15715 6259 926 16187 16187 16187 16187
6259 926 2598 16187 2148 512 11075 8710 6259 14029 4776 950 16187 6535 3748 16187
14069 8710 630 5463 8710 8781 1381 830 12346 8719 3171 10033 16187 16187 16187 16187
3842 16187 16187 1737 4776 12349 4776 6499 16187 16187 926 16187 16187 926 16187 16187
8712 5867 6259 7168 10033 7542 16187 3177 4776 10709 16187 16187 926 16187 16187 16187
8712 8710 6259 10602 10033 5463 3543 2823 8466 2837 10394 16187 16187 16187 16187 16187
3842 16187 16187 1737 4776 12349 4776 6499 16187 16187 926 16187 16187 926 16187 16187
8712 8710 6259 7156 12233 8155 14691 6672 16187 15358 16187 8456 16187 16187 16187 16187
8712 5867 1955 10355 1955 4776 2563 8268 15649 8710 2326 487 6259 5948 16187 16187
8712 5867 5329 12276 8157 3177 10033 16187 16187 11765 16187 5217 16187 6745 7740 8069
8712 5867 2446 1378 3177 926 5867 8270 6499 16187 926 16187 16187 926 16187 16187
8726 3171 4931 4537 6259 14596 11953 6259 1272 2422 8712 3364 2823 1344 15624 16187
3842 16187 4537 1737 4776 12349 6259 6689 926 16187 12349 16187 7970 16187 16187 16187
12008 4776 12536 8710 6297 3257 16187 4311 16187 2974 16187 16187 16187 6423 8712 16187
6259 12260 2552 8719 13568 1583 5568 8712 5867 15096 8268 13929 14237 3398 16187 16187
3842 16187 16187 1737 4776 3766 8268 12008 6259 9290 16187 8710 6259 926 16187 16187
6259 12260 2552 830 14180 10671 3177 4776 10983 16187 14237 926 16187 14180 16187 2689
7742 8268 4776 10033 8710 11953 12233 12298 8268 1229 7740 12431 926 7001 16187 16187
3842 16187 16187 1737 4776 3766 8268 12008 6259 290 16020 16187 926 1955 16187 16187
14237 7740 1959 5189 13089 7740 4931 6259 926 13348 16187 13348 16187 13348 16187 16187
7740 1951 926 16187 16187 16187 16187 16187 16187 16187 16187 16187 16187 16187 16187 16187
7740 11553 9754 12766 3171 4282 1919 6259 2563 8719 926 15096 16187 16187 16187 16187
7740 11553 9754 12766 3171 4998 8719 1954 4895 308 6041 926 2418 926 16187 16187
4776 12835 14776 1171 10967 12401 16146 14237 4240 15597 8928 926 8268 3818 10421 16187
3842 16187 16187 1737 4776 12349 4776 6499 16187 8268 1955 1954 10211 16187 16187 16187
4776 12835 14776 7742 926 14237 4512 4618 16187 4537 926 16187 926 16187 16187 14125
12008 12233 9070 8268 10566 12958 1019 13943 4776 10217 8506 4098 6173 16105 2191 16187
12008 6683 1957 4776 12303 3994 16146 5898 16187 3171 10033 16187 926 16187 5568 6259
12008 3484 13089 8710 385 12495 13348 16187 9290 16187 4776 926 16187 16187 16187 1952
6689 15715 8712 8268 8712 8093 926 12233 9070 5463 8712 4931 6259 2024 2563 16187
3842 16187 4537 1737 4776 12349 6259 6689 926 16187 12349 16187 14237 926 16187 926
7740 11530 8712 8268 7740 973 9813 16041 4776 3366 13089 8712 5656 15525 13348 16187
4776 8521 8710 405 8268 12008 6011 4552 9754 15956 203 8712 11921 14043 13089 16187
3842 16187 16187 1737 4776 12349 4776 6499 16187 8268 1955 1954 10211 16187 1378 16187
8712 4931 6259 3098 2563 5463 414 14272 926 13942 11889 12127 5332 14237 4311 16187
13474 8710 9389 8719 5530 15274 830 4776 4265 15433 16187 16187 16187 16187 16187 16187
3842 16187 11889 3171 2563 8268 1957 12291 8268 2326 3847 9754 9612 9605 1885 16187
13474 8710 9389 8719 5530 5711 16187 1344 1344 1955 1750 1954 926 16187 16187 16187
13807 13592 3177 4776 4152 8506 14776 926 16187 16187 16187 16187 16187 16187 16187 16187
14031 13084 14272 14776 4624 926 13086 4552 2598 16187 16187 16187 16187 16187 14195 16187
9331 6011 16187 14581 8719 12276 13034 13348 16187 643 16187 926 14237 7740 9084 16187
13084 1378 7740 15956 1019 10566 5329 2563 10671 6173 779 926 8712 16187 16187 16187
3842 16187 16187 1737 4776 12349 4776 6499 16187 8268 1955 8712 16187 16187 16187 16187
4776 564 10501 2598 16187 14237 14221 2148 16187 10315 830 4776 14596 16187 1583 16187
4142 447 16187 16187 16187 16187 16187 16187 16187 16187 16187 16187 16187 16187 16187 16187
3842 16187 16187 1737 4776 12349 4776 6499 16187 8268 1955 8712 16187 16187 16187 16187
4142 447 16187 9563 11889 926 16187 12008 4776 2563 16187 5137 16187 16187 16187 16187
15649 14776 8268 13441 16187 16187 16187 16187 16187 16187 16187 16187 16187 16187 16187 16187
14031 8268 13243 13348 16187 3286 6259 3098 8974 16187 2563 16187 15096 16187 9605 1507
15649 14776 8268 13441 16187 926 16187 16187 16187 16187 8313 5463 16187 16187 6535 6535
9591 8592 16187 16187 16187 16187 16187 16187 16187 16187 16187 16187 16187 16187 16187 16187
3842 16187 16187 1737 4776 12349 4776 6499 16187 8268 1955 926 16187 16187 16187 16187
1138 14834 5496 8457 5711 16187 1138 926 13348 5711 16187 16187 6987 16187 16187 7970
4624 2552 6826 3177 4776 926 1750 2308 16187 16187 16187 16187 16187 16187 16187 16187
3842 16187 4537 11889 8268 12008 8712 8710 6259 830 2563 16187 16187 16187 5365 16187
7740 11530 4776 315 6423 3171 10033 16187 8268 1229 16187 926 1957 4776 926 16187
926 16187 16187 16187 16187 16187 16187 16187 16187 16187 16187 16187 16187 16187 16187 16187
926 16187 11916 16187 3177 4776 10566 820 926 5463 4776 2601 5121 13839 16187 16187
926 16187 11916 16187 4776 14596 3177 4776 926 13474 684 13474 13081 1955 926 4776
4776 1754 8710 10996 10967 14069 16187 16187 16187 16187 16187 16187 16187 16187 16187 16187
4776 1754 8710 405 16187 2097 3177 4312 16187 16187 16187 16187 16187 16187 16187 16187
4776 1754 8710 6070 10355 16187 12208 6011 820 6683 830 16187 16187 16187 16187 6745
1229 4776 13044 1957 4776 3031 8710 2326 14029 1919 13084 5820 5618 16187 16187 16187
3842 16187 16187 1737 4776 12349 4776 6499 16187 8268 1955 8712 16187 16187 16187 16187
12008 4776 10418 8710 926 16187 3364 2823 786 91 16187 16187 926 16187 16187 5200
14069 5867 2046 9955 8268 4525 4971 14237 5200 4434 12233 9605 4776 60 926 16187
13474 5867 2148 13076 512 892 16187 9290 16187 926 16187 926 16187 926 16187 16187
13474 5867 2148 926 15387 512 12616 3177 4776 926 16187 16187 9070 16187 16187 926
8712 4931 8548 14029 9070 16187 16187 16187 16187 16187 16187 16187 16187 16187 16187 16187
8712 4931 5329 2689 14237 8712 12232 5329 8554 16187 16187 16187 8270 16187 12008 8719
8712 4931 6259 10770 2563 14237 4531 8712 16187 16187 16187 6683 11889 16187 16187 14395
14237 6601 4776 10566 2684 714 14217 8719 1885 926 14069 8710 6173 13348 16187 16187
3842 16187 16187 1737 4776 3766 8268 12008 6259 290 16020 16187 926 16187 16187 16187
14237 14180 3177 3171 4240 1750 926 2837 926 13348 16187 929 16187 830 16187 16187
10242 3177 4312 10355 16187 16187 16187 16187 16187 16187 16187 16187 16187 16187 16187 16187
3842 16187 16187 1737 8268 14180 8719 4776 14180 16187 8157 3177 10033 16187 1378 16187
6173 16187 14426 12213 12233 4776 2563 16187 1378 5463 3384 16187 16187 12495 16187 16187
3177 4776 1676 16187 16187 16187 16187 16187 16187 16187 16187 16187 16187 16187 16187 16187
3842 16187 16187 1737 8268 14180 4776 12349 4776 6499 16187 8268 1378 16187 15096 16187
8719 4776 12298 8268 6011 16138 9890 1110 8712 14043 12102 8712 16187 16187 16187 16187
8710 8712 926 12233 4776 4927 4776 1110 5298 14776 10523 2837 926 2598 16187 16187
3842 16187 16187 1737 4776 3766 8268 12008 6259 9290 16187 8710 16187 16187 16187 16187
926 5867 5825 9534 12232 2823 13076 8719 4404 10033 8268 12008 3388 7393 91 16187
11421 4931 16150 15291 14237 12892 6259 10355 9534 16187 16187 16187 16187 16187 16187 16187
3842 16187 4537 1737 4776 12349 6259 6689 926 16187 12349 16187 14237 926 16187 16187
8719 6826 7558 8712 5867 4776 3575 2598 16187 16187 16187 4687 12233 12650 16187 16187
7740 5208 5174 1919 8712 16187 16187 16187 16187 16187 16187 16187 16187 16187 16187 16187
7740 3364 9754 15890 2148 16187 14029 1583 983 16187 5341 926 16187 15956 16187 16187
7740 11530 8712 16187 8719 12276 10887 2053 1860 8185 3177 983 16187 16187 16187 16187
2446 13084 5200 2687 16187 16187 16187 16187 16187 16187 16187 16187 16187 16187 16187 16187
3842 16187 16187 1737 4776 12349 4776 6499 16187 8268 1955 926 16187 16187 16187 16187
2446 8268 4776 9463 5463 414 2904 15433 5867 6145 4931 10716 1098 16187 16187 16187
7740 1950 203 3098 3177 1954 950 5356 3409 8710 16187 16187 16187 16187 16187 16187
7740 771 13084 10400 14272 3171 4931 1515 12233 2823 16187 16187 16187 16187 13348 16187
7740 1110 13089 8081 5388 14776 2689 13348 16187 14581 4776 9790 16187 16187 16187 16187
14237 5463 5867 14272 10566 3177 3171 10033 8001 3177 16187 16187 16187 16187 16187 16187
12008 8712 4931 6535 8569 16187 12233 9743 8369 16187 820 16187 12349 4776 926 16187
12008 8712 8710 16187 7740 4537 12650 8712 5274 16187 6304 16187 3257 16187 3553 830
1818 7076 926 926 16187 16187 16187 16187 16187 16187 16187 16187 16187 16187 16187 16187
3842 16187 16187 1737 4776 3766 8268 12008 8712 4931 4032 16187 16187 16187 16187 13783
926 13089 13474 5867 6188 10967 6423 16187 926 16187 16187 16187 16187 16187 16187 16187
1247 8378 8268 4776 926 926 8268 11900 3098 8719 3171 10033 1955 7742 16187 16187
3842 16187 16187 1737 4776 3766 16187 12349 15389 16187 1229 15389 16187 771 6259 7172
8719 14426 7926 5867 6259 11422 16187 16187 14237 1919 1954 777 15096 16187 16187 14263
12008 91 5867 4776 10355 10501 4776 6664 16187 16187 16187 16187 16187 16187 16187 16187
12008 91 5867 4776 10355 10501 4776 6664 16187 6071 9498 16187 16187 16187 16187 16187
12008 91 5867 4776 10355 10501 4776 6664 16187 8124 16187 16187 7724 8268 3171 2563
4776 10418 4931 12256 16187 16187 16187 16187 16187 16187 16187 16187 16187 16187 16187 16187
4776 10418 4931 6591 16187 12008 5463 5867 3177 4776 5562 16187 16187 16187 1110 16187
4776 10418 4931 12256 16187 12349 4776 16003 8268 4776 926 10894 16187 15819 16187 6070
12894 926 1955 6259 15415 926 14281 3177 107 4931 6259 13325 3177 15762 16187 16187
3842 16187 16187 1737 8268 14180 8719 4776 12349 16187 12349 4776 2563 16187 16187 16187
926 8710 1378 3177 4776 10566 795 14237 854 12835 3177 14180 983 16187 926 12233
4776 15909 12893 14776 15761 1919 13084 1378 926 4776 10033 16187 16187 16187 16187 16187
3842 16187 16187 1737 4776 12349 4776 6499 16187 8268 1955 1954 8172 16187 16187 16187
4776 5121 13839 10437 9498 6070 10355 16187 16187 16187 8781 16187 16187 9332 16187 16187
13758 8719 830 4776 11146 8268 12149 8712 830 4776 11608 16187 16187 16187 16187 16187
3842 16187 4537 11889 8268 12008 4776 2563 8710 6259 12478 8268 14180 8185 14776 16187
4776 564 9424 12233 4552 13089 15715 3171 2563 8710 4537 5463 16187 1885 14808 16187
926 16187 16187 16187 16187 16187 16187 16187 16187 16187 16187 16187 16187 16187 16187 16187
926 16187 11916 16187 3177 4776 10566 820 926 5463 4776 2601 5121 13839 16187 16187
926 16187 6988 6585 8069 1919 926 8719 926 16187 133 6259 3219 3177 4776 2616
4776 1308 3177 7438 7251 4098 14776 14180 5329 1344 1125 8719 926 16187 16187 16187
4776 1754 3177 4776 13839 8710 14030 16187 16187 16187 8069 2148 16187 5350 11953 16187
4776 12835 9498 8794 14237 12606 1955 836 16187 926 16187 8719 926 16187 16187 16187
8726 5463 3847 9754 8733 6011 7055 8268 6011 15846 1110 3171 2563 16187 16187 16187
8726 6011 188 4152 8268 8808 14043 6985 7975 4609 16187 6297 16187 2689 16187 16187
12008 3484 13089 8710 385 12495 13348 16187 9290 16187 4776 12019 8710 1885 5463 16187
4776 13441 13182 8710 8213 16187 16187 16187 16187 16187 16187 16187 16187 16187 16187 16187
4776 4267 8084 16187 13623 14426 4931 1229 2588 16187 1919 6259 2563 16187 16187 16187
4776 13811 14237 12013 14776 1971 14237 9526 13907 3760 14808 12233 11239 16187 1583 16187
9449 8268 10710 8268 12008 2296 8974 14237 10770 16187 16187 16187 16187 16187 16187 16187
3842 16187 16187 1737 4776 3766 8268 12008 6259 15096 983 16187 16187 16187 10953 16187
13474 8710 9754 3257 12008 13474 5297 6253 10399 16187 5804 16187 16187 16187 6423 8712
830 6931 8268 9000 2627 16187 16187 16187 16187 16187 16187 16187 16187 16187 16187 16187
3842 16187 4537 1737 9487 8268 14237 7740 11553 1110 926 16187 16187 926 16187 16187
7740 4931 6070 15090 2837 3171 12007 16187 2326 4931 1344 9591 16187 16187 16187 16187
14180 3177 4776 926 9078 4776 3011 14217 12233 8815 7410 16187 16187 16187 16187 16187
3842 16187 11889 3171 2563 8268 1957 12291 8268 14237 5332 14069 8710 6535 630 11889
12008 4776 6499 8268 8719 10025 8268 3007 6070 5820 16187 16187 16187 16187 2148 16187
10373 4032 5937 2053 2664 3994 9847 13348 16187 16187 16187 16187 16187 16187 16187 16187
3842 16187 16187 1737 4776 3766 8268 12008 6259 15096 983 16187 16187 926 16187 16187
9484 9484 16187 2296 8710 14272 10355 16187 487 16187 16187 487 16187 16187 5341 16187
