4776 2563 4931 2326 10355 14237 8712 4931 2326 2689 16187 16187 16187 16187 16187 16187
4776 4267 8084 16187 2563 8710 926 8268 12008 8719 3511 8268 7165 6259 926 16187
4776 2563 6751 203 5463 11900 15525 16187 16187 14855 12233 4776 926 3177 4776 10709
3171 8710 4142 12606 3575 830 4776 6161 14237 4737 1750 12783 8719 13592 4927 16187
3842 3171 2856 11889 4776 12012 16187 3364 2823 15715 6259 926 16187 16187 16187 16187
3171 8710 6259 6070 10355 2563 16187 643 16187 14125 6259 1793 3177 16187 16187 16187
7926 145 14734 11846 10052 1919 6259 926 926 14237 7733 4776 9577 13348 16187 16187
3842 1919 12127 926 3177 5937 1750 16187 8268 8712 16105 9070 16187 16187 16187 15096
7926 684 6259 8871 3532 16187 574 8719 6259 9534 16187 16187 16187 1344 16187 16187
3482 5867 10671 15846 926 3171 2903 14237 7421 830 2148 16187 16187 16187 16187 16187
3842 1919 12127 926 3177 5937 1750 16187 8268 8712 16105 9070 16187 16187 12349 16187
1378 11401 7926 14827 926 14237 8451 8811 8719 14745 16187 14734 926 16187 16187 14734
4776 926 8719 5802 13947 2904 2552 703 6259 9450 8271 14237 9296 2148 6991 16187
3842 3171 2856 11889 4776 12012 16187 3364 2823 15715 6259 926 16187 16187 16187 16187
4776 926 14237 574 771 6259 4916 12331 5119 926 2858 4312 16187 5463 5867 926
2552 564 8719 9577 8268 6259 9816 10967 2353 8557 2385 16187 16187 16187 16187 16187
3842 1957 14180 1737 16187 926 8268 4776 926 16187 6259 926 2563 16187 2308 16187
926 5867 7051 4142 447 16187 16187 830 16187 6070 7970 16187 4707 13942 1229 16187
14180 8719 14180 8268 6259 8569 2563 10967 11789 12127 10709 3177 15740 16187 16187 16187
3842 1957 14180 1737 16187 12349 4776 926 16187 1810 16187 10033 16187 1954 15842 16187
12008 4776 10418 8710 6535 10355 16187 16187 16187 6173 16187 16187 12010 16187 3177 926
4776 926 13152 13141 12233 14304 16187 16187 16187 16187 16187 16187 16187 16187 16187 16187
4776 926 4931 4927 8270 512 3171 16187 3847 5329 6259 9450 16187 16187 7336 926
4776 926 14237 574 771 6259 4916 12331 5119 926 2858 4312 16187 5463 5867 926
1019 6011 9498 6391 15389 6672 2598 16187 16187 16187 16187 16187 16187 16187 16187 16187
2476 16187 4537 6259 926 13348 16187 926 16187 14125 14734 16187 7620 16187 3177 14734
6011 15846 11728 16187 6259 10894 2148 3177 16187 512 6011 5208 16187 926 16187 16187
14180 7740 6166 10967 6259 2563 8710 830 8712 12233 13229 9070 16187 16187 16187 16187
3842 1957 14180 1737 16187 12467 16187 8268 926 14237 926 16187 16187 16187 16187 16187
12008 4776 10418 8710 10602 16187 10566 6987 10033 3177 4776 5358 16187 16187 11162 16187
6259 1866 13084 13084 13348 16187 16187 16187 16187 16187 16187 16187 16187 16187 16187 16187
3842 3171 2856 11889 4776 12012 16187 3364 2823 15715 6259 926 16187 16187 16187 16187
6259 3098 10033 16187 15819 8268 6626 14237 6705 12233 926 16187 16187 16187 16187 16187
14411 3177 1245 8268 7926 2446 6644 4776 14775 15181 8719 4776 5309 16187 16187 16187
3842 1957 14180 1737 16187 12349 4776 926 16187 1810 16187 16187 16187 16187 1957 16187
14180 8719 14180 8268 6259 3296 7652 830 11247 13348 16187 8466 16187 11889 926 16187
9431 3177 14180 9715 926 491 830 4776 5863 2598 16187 16187 16187 16187 16187 16187
3842 1957 14180 1737 16187 926 8268 4776 926 16187 14005 6259 926 16187 16187 16187
7740 4931 2758 1919 4776 10418 16187 91 16187 1750 926 16187 16187 16187 16187 1378
4776 2211 8368 9666 820 16187 16187 16187 16187 16187 16187 16187 16187 16187 16187 16187
4776 4267 8084 16187 2563 8710 926 8268 14043 4776 926 2598 16187 2598 16187 2598
4776 15416 14237 13587 926 2903 16187 9813 8081 8719 926 14241 16187 16187 16187 16187
4443 926 8710 6259 2689 8268 7931 14237 1138 926 14457 5711 2627 16187 16187 16187
3842 1919 12127 926 3177 5937 1750 16187 8268 8712 16105 9070 16187 16187 16187 12349
6259 3098 12238 3177 8710 4776 132 16187 2446 6259 10894 16187 16187 926 16187 926
6640 8268 2263 5297 4776 10887 11267 8719 3994 5088 12233 9070 16187 16187 16187 16187
3842 1957 14180 1737 16187 12349 4776 926 16187 1810 16187 10033 16187 1954 15842 16187
6011 11465 16187 11889 6259 9290 1919 6259 926 7178 16187 16187 2148 12965 13348 16187
1955 8569 1955 5885 8710 8268 7926 3847 5743 6259 6113 12233 6826 590 16187 16187
3842 1957 14180 1737 16187 926 16187 9339 16187 926 1957 12291 16187 8069 1793 3177
14272 7740 12431 4931 11655 8719 12127 2191 3177 4776 4183 16187 16187 16187 16187 4837
7740 973 5329 1515 12233 5993 4776 14596 1955 8712 779 12467 12766 7251 16187 16187
7740 973 5329 13616 6173 16187 8270 16187 16187 16187 16187 10503 8719 5937 8185 16187
7740 11530 8712 16187 8719 12276 643 1919 4776 9431 10217 16187 16187 9178 16187 16187
2466 8712 5867 10770 12233 12650 8069 6259 405 4152 4634 16187 16187 16187 16187 16187
3842 1957 14180 1737 16187 926 16187 926 8268 926 14237 8810 3847 16187 1344 16187
5463 5867 8712 16187 1110 15715 8712 16187 6006 14237 1110 16187 16187 16187 16187 16187
1955 8944 8268 7926 7165 2421 8268 4941 8268 14237 1957 12291 8268 13929 16187 16187
3842 1957 14180 1737 16187 926 16187 9339 16187 926 1957 12291 16187 8069 1793 3177
14180 8719 14180 8268 6259 3296 7652 830 11247 13348 16187 2543 16187 6718 11778 16187
6173 926 14237 14734 6161 14776 10501 3177 2904 16187 16187 16187 16187 16187 16187 16187
3842 3171 2856 11889 4776 12012 16187 3364 2823 15715 6259 926 16187 16187 16187 16187
6173 926 16187 7742 16187 4552 16187 16187 8719 4776 5820 14596 16187 16187 16187 16187
7740 9429 8712 5867 1957 14589 4032 6259 12650 16187 16187 16187 16187 16187 16187 16187
7740 9429 9296 8712 6253 16187 12233 8733 1954 4750 926 9577 16187 12008 926 16187
7740 9429 7740 1959 3171 2563 1957 6259 3257 11656 16187 12349 16187 16187 16187 2563
4776 132 8710 8213 8268 10566 3177 8712 2837 15167 926 8268 6259 1751 15893 16187
3842 3171 2856 11889 4776 12012 16187 3364 2823 15715 6259 926 16187 16187 16187 16187
4776 132 8710 6259 1903 8752 16187 16105 8069 16105 4776 2285 10240 8710 4776 9790
4776 2595 5629 1885 14237 926 4931 5314 11209 16187 16187 16187 16187 16187 16187 16187
4776 4267 8084 16187 2563 8710 926 8268 14043 4776 926 2598 16187 16187 16187 9431
4776 13607 8710 7493 14237 4776 1259 14776 3098 16187 16187 16187 10566 9332 16187 6797
4776 6729 4931 4776 3511 5463 4776 14596 4931 2148 10401 512 7740 12773 16187 16187
4776 4267 8084 16187 2563 8710 926 8268 14043 4776 926 2598 16187 16187 16187 16187
4776 2563 8710 7742 9575 14237 7742 602 16187 16187 926 16187 7742 16187 16187 16187
8712 4931 9754 926 8268 12008 8712 3364 11553 12766 16187 16187 16187 16187 16187 16187
8712 4931 9754 13533 15231 12008 8712 771 569 3177 926 16187 16187 926 16187 16187
8712 4931 1098 16187 16187 10566 3177 4776 3531 16187 16187 16187 16187 16187 7970 16187
8712 779 13084 4152 16187 16187 16187 16187 16187 16187 16187 16187 16187 16187 16187 16187
8712 779 13084 4152 16187 12233 10418 16187 1019 14237 684 16187 6535 630 16187 16187
8712 779 6259 5948 3177 2067 8268 12008 232 13701 16187 16187 16187 16187 16187 9332
14272 926 13464 10498 1957 564 8710 14734 5516 13839 16187 16187 16187 16187 16187 16187
3842 3171 2856 11889 4776 12012 16187 3364 2823 15715 6259 926 16187 16187 16187 16187
4776 132 8268 2837 4776 4927 8268 8710 10390 16187 8710 16187 16187 16187 926 16187
8710 926 3841 4032 4990 830 8268 1955 4523 13942 12233 8158 14734 9784 2598 16187
3842 1919 12127 926 3177 5937 1750 16187 8268 8712 16105 9070 16187 16187 15096 16187
926 8710 6259 12538 15897 1919 1885 643 14237 4776 1787 4697 3177 1885 16187 16187
8712 5867 4537 12011 4440 3177 7388 14237 7388 2837 4776 926 16187 16187 16187 16187
8712 5867 5329 6259 6388 13103 14237 8712 5867 5046 5329 6971 16187 16187 16187 3177
8712 5867 4537 5580 926 16187 13034 12233 12650 830 6011 16187 9431 983 16187 15043
8712 5867 12495 9736 14237 12349 4776 12489 830 14397 16128 4440 16187 16187 16187 16187
8712 5867 12495 10355 12233 10249 2536 16187 14457 16187 4406 6259 926 16187 16187 2563
8712 5867 6259 7168 10033 7542 16187 15096 16187 14237 10336 926 16187 16187 2837 926
6173 16187 16187 16187 16187 16187 16187 16187 16187 16187 16187 16187 16187 16187 16187 16187
6173 16187 3296 8767 9188 926 5867 10501 3177 4776 14596 16187 8710 16187 16187 16187
6173 16187 12260 11553 12766 926 8268 926 3177 10941 830 4776 9431 16187 16187 16187
8712 2296 8309 15389 11886 1138 9487 926 4033 16187 16187 16187 16187 16187 16187 16187
3842 8712 16187 63 16187 16187 10033 8268 4776 2601 1857 16187 6259 926 10033 16187
8712 5867 6259 7168 10033 7542 16187 15096 16187 14237 10336 926 16187 16187 16187 2837
8173 926 9715 13516 12276 14031 12276 13348 16187 16187 16187 16187 16187 16187 16187 16187
3842 3171 2856 11889 4776 12012 16187 3364 2823 15715 6259 926 16187 16187 16187 16187
926 13348 16187 7740 9884 5568 8466 1919 6259 2563 16187 14230 16187 16187 16187 6535
4776 4779 574 8710 2837 12855 926 16187 16187 16187 16187 16187 16187 16187 16187 16187
3842 3171 2856 11889 4776 12012 16187 3364 2823 15715 6259 926 16187 16187 16187 16187
4776 926 14776 10355 14237 1229 8710 4776 14599 16187 926 16187 926 16187 16187 926
8857 8268 15800 8710 7456 12233 8733 4776 9349 3177 1954 538 653 6855 16187 16187
3842 1957 14180 1737 16187 926 16187 9339 16187 11530 8719 4776 10033 16187 16187 16187
7740 11530 4776 11773 8268 800 13094 3177 4776 14596 91 16187 10710 10810 16187 926
8712 3847 9754 265 8719 1213 6259 8579 10033 16187 16187 16187 16187 16187 16187 16187
8712 4931 9754 13533 15231 12008 8712 771 569 3177 926 16187 16187 926 16187 6855
8712 4931 1098 16187 16187 10566 3177 4776 3531 16187 16187 16187 16187 16187 7970 16187
3171 8710 4776 3257 2563 830 10344 4832 12349 4776 926 13348 16187 16187 16187 16187
3842 3171 2856 11889 4776 12012 16187 3364 2823 15715 6259 926 16187 16187 16187 16187
4776 10033 8710 14269 11022 2837 14467 926 16187 16187 11162 16187 16187 16187 16187 16187
5713 14776 14180 1133 5463 2842 8866 547 16187 16187 16187 16187 16187 16187 16187 16187
3842 1919 12127 926 3177 5937 1750 16187 8268 8712 16105 16187 4537 14237 4311 16187
1138 5425 3192 13348 5711 16187 16187 11889 7970 16187 7970 16187 16187 16187 16187 7970
7740 973 5329 10887 14029 8331 12008 3171 1378 8710 12489 14708 16187 16187 16187 16187
7740 973 5329 13616 6173 16187 12232 926 830 4776 14596 16187 16187 7740 16187 16187
7740 11530 8712 16187 8719 12276 643 1919 4776 9431 10217 16187 16187 9178 16187 16187
8712 5867 6259 8974 3211 15649 8710 5297 2689 8069 4240 13756 1243 16187 16187 16187
3842 1957 14180 1737 16187 926 16187 926 8268 926 14237 926 16187 16187 16187 16187
8712 5867 6259 10355 9203 16187 12008 4421 926 926 12135 16187 16187 9780 16187 16187
5329 10399 12233 10503 3171 4931 3641 3251 2837 11854 16187 16187 16187 16187 16187 16187
3842 1957 14180 1737 16187 12349 4776 926 16187 1810 16187 1954 2053 14221 16187 16187
5463 5867 8712 16187 1110 15715 8712 16187 6006 14237 1110 16187 16187 16187 16187 16187
12495 8569 13852 9084 9754 3012 4776 14599 8913 12233 4455 830 6826 926 16187 16187
3842 1957 14180 1737 16187 12349 4776 926 16187 1810 16187 10033 16187 1954 15842 16187
5463 5867 14766 16187 10335 8268 14237 8712 5867 2148 16187 16187 16187 16187 12008 8712
13474 5867 5967 12233 1453 4776 14634 16010 14596 14237 7336 5138 4776 13094 16187 16187
3842 1957 14180 1737 16187 12467 16187 8268 926 14237 926 16187 16187 16187 16187 16187
13474 5867 2148 15291 512 2176 14237 13474 2326 926 4776 1583 16187 8610 3175 16187
8712 5867 13084 8353 2563 12008 6259 2563 11953 6259 12884 9290 16187 16187 16187 16187
8712 5867 14231 16187 4537 4776 14596 3177 6259 926 16187 16187 14125 16187 14125 14241
8712 5867 6259 10355 9203 16187 656 16187 15982 14237 14457 16187 3177 4776 5365 16187
5329 830 10671 16187 16187 16187 16187 16187 16187 16187 16187 16187 16187 16187 16187 16187
3842 1957 14180 1737 16187 12349 4776 926 16187 1810 16187 16187 16187 16187 1957 16187
6011 11465 16187 11889 6259 9290 1919 6259 926 1919 4776 926 16187 16187 16187 16187
926 5463 14776 2466 2689 2779 14029 1954 4642 6536 14599 16187 16187 16187 16187 16187
3842 3171 2856 11889 4776 12012 16187 3364 2823 15715 6259 926 16187 16187 16187 16187
926 2598 16187 926 926 4931 6259 7157 926 16187 8719 6259 2563 16187 16187 16187
4325 2446 10603 6826 926 16187 16187 16187 16187 16187 16187 16187 16187 16187 16187 16187
4325 2446 11553 6259 3011 4125 2598 16187 2598 16187 16187 2598 16187 830 11582 16187
926 8268 1094 1919 16146 12835 8719 926 11553 926 16187 926 14237 16187 926 16187
4776 132 1093 8710 4032 12233 12650 4776 2563 16187 16187 16187 16187 16187 16187 16187
3842 3171 2856 11889 4776 12012 16187 3364 2823 15715 6259 926 16187 16187 16187 16187
4776 10033 8710 13872 8719 15909 1919 4776 2002 8063 6499 14579 14030 16187 926 12233
8712 5867 4776 926 10036 8268 14709 926 14029 4776 9964 16187 16187 16187 16187 16187
8712 4931 9754 13533 15231 12008 8712 771 569 3177 926 16187 16187 926 16187 16187
8712 5867 6259 10355 9203 16187 656 16187 15982 14237 14457 16187 3177 4776 5365 16187
926 8710 10107 8268 12015 14237 5329 12820 14043 13743 16187 16187 16187 16187 16187 16187
3842 1957 14180 1737 16187 926 8268 4776 926 16187 14005 6259 926 16187 16187 16187
926 8710 10107 8268 12015 14237 5329 12820 14043 13743 16187 91 16187 6423 16187 16187
13084 1086 16187 16187 16187 16187 16187 16187 16187 16187 16187 16187 16187 16187 16187 16187
3842 1919 12127 926 3177 5937 1750 16187 8268 8712 16187 16187 4311 16187 16187 16187
4776 12621 14776 10571 16038 14237 2176 16187 1344 12233 4776 12835 16187 6070 8268 1919
14069 14776 10217 926 15408 3177 1378 11889 8719 7749 3888 16187 16187 16187 16187 16187
3842 1957 14180 1737 16187 926 16187 9339 12349 16187 2148 926 16187 16187 8719 16146
926 5867 9957 9498 3098 16187 14397 1955 926 16187 16187 11162 16187 10770 16187 16187
14069 7926 14827 4776 9405 8268 14858 7926 15725 15525 3177 6259 9306 3177 12956 16187
3842 1957 14180 1737 16187 926 16187 926 8268 926 14237 926 6259 9577 16187 16187
7926 926 6905 830 2984 118 8712 10918 10967 1919 14745 16187 643 16187 16187 16187
2263 6259 10033 3177 8760 16187 16187 16187 16187 16187 16187 16187 16187 16187 16187 16187
4776 4267 8084 16187 8084 1442 1885 467 16187 5217 16187 926 16187 926 926 16187
4776 1754 3177 4776 10033 8710 10716 5695 16187 7742 16187 16187 6070 12690 16187 16187
7099 3171 7926 926 12233 926 1019 1991 926 6173 16187 16187 16187 16187 16187 16187
3842 3171 16187 9264 10401 16187 273 8719 1954 15842 16187 16187 16187 16187 16187 16187
926 5867 7051 4142 447 16187 16187 8719 4776 10033 16187 16187 1919 16187 16187 16187
8712 5867 10770 14237 7740 771 6259 5075 13348 13348 13348 16187 16187 16187 16187 16187
8712 5867 5329 16187 4537 1955 8712 15452 16187 16187 11889 6259 6418 12291 8258 6011
8712 5867 4537 6093 14532 16187 1919 5463 820 13907 1750 2689 16187 14950 16187 926
14069 4931 13084 6500 14649 830 15597 2513 16187 16187 16187 16187 16187 16187 16187 16187
3842 1957 14180 1737 16187 926 16187 926 8268 926 14237 926 16187 16187 16187 16187
8712 5867 6259 471 8268 14237 6259 13587 10033 12495 16187 14237 2148 16187 16187 8440
13570 3171 10033 3847 11553 8712 5867 6178 16187 16187 16187 16187 16187 16187 16187 16187
3842 1957 14180 1737 16187 12467 16187 8268 926 5867 8719 4776 10033 16187 16187 16187
926 8268 6011 9605 4776 14596 8719 9431 16187 7740 11839 8712 5867 16187 16187 16187
3735 11711 4776 9590 8268 926 3499 1954 926 5463 12767 4109 4776 9954 16187 16187
3842 1919 12127 926 3177 5937 1750 16187 8268 8712 16105 9070 16187 16187 12349 16187
7740 973 14364 4776 12616 4931 6259 6140 8808 16187 564 16187 4707 16187 16187 926
8162 7524 830 564 14426 8588 3177 926 16187 16187 16187 16187 16187 16187 16187 16187
3842 1919 12127 926 3177 5937 1750 16187 8268 8712 16105 9070 16187 16187 12349 16187
8710 7926 8069 11912 8268 14043 8710 7926 3037 6286 2598 16187 4537 16187 16187 16187
3171 2563 4931 4537 5695 16187 16187 16187 16187 16187 16187 16187 16187 16187 16187 16187
3171 2563 4931 8569 16187 12606 8268 12529 16187 5329 16187 10709 16187 16187 14125 16187
3171 2563 8710 4537 1098 16187 6011 11553 8712 16187 2148 16187 16187 16187 16187 12349
8258 7926 3364 9544 4776 371 8268 7926 8710 7794 12115 6259 926 16187 16187 16187
3842 11889 12127 63 5328 3177 1965 16187 7740 11553 1436 8268 7740 5208 2552 16187
12008 926 5867 13811 4931 12256 1955 4931 4776 12536 16187 3364 2326 16187 16187 16187
1957 13084 983 9084 7740 8084 2326 10751 14272 3171 5095 4931 2903 12233 16187 16187
3842 1957 14180 1737 16187 12349 4776 926 16187 1810 16187 10033 16187 1954 15842 16187
12008 3484 13089 8710 385 12495 13348 16187 4325 8592 7926 16187 2170 12233 926 926
14031 8796 8268 7740 4537 10957 6259 8230 2122 926 8719 4776 10033 16187 16187 16187
3842 1957 14180 1737 16187 926 16187 9339 16187 926 1957 12291 16187 8069 8069 1793
7740 11530 8712 16187 8719 12276 8081 9290 8268 8712 5867 1954 14937 14237 14937 16187
8712 9004 11889 1954 9279 6072 3177 8944 16187 16187 16187 16187 16187 16187 16187 16187
8712 4931 5329 6259 6856 3177 4776 9044 14237 8124 16187 14596 16187 6601 10874 12233
8712 5867 6259 10355 9203 16187 12008 4421 926 926 16187 16187 926 16187 926 16187
2128 2837 4404 10073 144 12007 8268 1138 4776 8590 7829 5711 16187 16187 16187 16187
3842 1957 14180 1737 16187 926 16187 926 8268 926 14237 8810 3847 16187 1344 16187
7740 4931 2758 1919 4776 10418 16187 91 16187 14734 9431 16187 14125 16187 16187 16187
1378 3177 4776 14219 1246 1229 14221 13348 16187 16187 16187 16187 16187 16187 16187 16187
3842 1919 12127 926 3177 5937 1750 16187 8268 8712 16105 9070 16187 16187 12349 16187
1378 3177 4776 7705 1781 8331 8084 16105 16187 2563 16187 12606 16187 15096 16187 308
6259 10355 10686 8268 5463 5867 11499 5329 6188 12233 8712 5867 2097 8811 16187 16187
3842 3171 2856 11889 4776 12012 16187 3364 2823 15715 6259 926 16187 16187 16187 16187
6259 3098 10033 16187 15819 8268 13074 8710 6259 926 16187 16187 16187 14125 16187 16187
447 16187 16187 16187 16187 16187 16187 16187 16187 16187 16187 16187 16187 16187 16187 16187
3842 1957 14180 1737 16187 12349 4776 926 16187 1810 16187 16187 16187 16187 1957 16187
447 16187 3841 1583 12008 8712 5867 2148 16187 512 926 16187 16187 16187 11889 926
13178 2563 16187 16187 16187 16187 16187 16187 16187 16187 16187 16187 16187 16187 16187 16187
3842 1957 14180 1737 16187 926 8268 4776 926 16187 10272 12233 13758 16187 830 16187
926 5867 9957 9498 3098 16187 4406 10418 14237 6381 8719 1954 10211 16187 1378 16187
7740 5208 2326 8154 3171 10033 12233 10394 13348 16187 16187 16187 16187 16187 16187 16187
7740 11553 13084 10400 9563 6041 4325 4552 9754 5111 12233 11553 630 11198 16187 16187
7740 11530 8712 16187 8719 12276 643 1919 4776 9431 10217 16187 16187 9178 16187 16187
12233 12276 8344 7740 4931 6070 9106 8268 8069 926 16187 16187 16187 16187 16187 16187
3842 1957 14180 1737 16187 926 16187 926 8268 926 14237 8810 3847 8710 926 16187
12008 4776 8002 8710 7032 14745 13474 5867 9230 16187 16187 16187 16187 16187 16187 16187
1799 926 8710 1213 6259 5646 950 8268 9563 1919 3171 14635 3177 954 16187 16187
3842 1919 12127 926 3177 5937 1750 16187 8268 8712 16105 9070 16187 16187 16187 10967
926 8710 6259 12538 15897 1919 1885 643 14237 4776 1787 4697 3177 1885 16187 16187
12008 8268 7740 12232 8154 8712 2148 12233 10671 3177 4776 13839 16187 16187 16187 16187
12008 7740 4931 9872 16187 926 8719 4776 16187 16187 16187 16187 5046 16187 16187 16187
12008 7740 12294 6011 4487 4931 487 8712 8719 926 9563 1919 5463 926 16187 16187
13221 15442 779 8093 12766 1954 13926 7740 2128 1919 3848 16187 16187 16187 16187 16187
3842 1919 12127 926 3177 5937 1750 16187 8268 8712 16105 9070 16187 16187 16187 12349
926 8710 1378 3177 9743 16187 8185 8268 7740 11553 8466 3171 16187 16187 2563 16187
14734 6506 8268 10054 9203 8719 7909 12574 4931 10770 8268 12008 11462 16187 16187 16187
3842 1919 12127 926 3177 5937 1750 16187 8268 8712 16105 9070 16187 16187 15096 16187
4776 10418 8710 8213 13348 16187 6718 4125 16187 6259 926 16187 16187 16187 16187 16187
14272 7740 6635 8680 8268 7740 6635 4776 14954 16187 16187 16187 16187 16187 16187 16187
3842 1957 14180 1737 16187 926 16187 926 8268 926 14237 8810 16187 9084 16187 10207
14272 7740 12431 4931 11655 8719 12127 2191 3177 4776 4183 16187 16187 16187 16187 4837
1229 9578 9511 14876 6259 1781 8268 13929 926 12233 13149 16187 16187 16187 16187 16187
3842 1957 14180 1737 16187 12467 16187 8268 926 14237 926 16187 16187 16187 16187 16187
12008 3484 13089 8710 385 12495 13348 16187 2077 16187 15881 9360 3748 1919 14734 16187
926 5867 5602 926 1019 926 926 6173 8710 6259 5200 926 16187 16187 16187 16187
3842 1919 12127 926 3177 5937 1750 16187 8268 8712 16105 9070 16187 16187 816 16187
926 5867 9957 9498 3098 16187 14397 1955 926 16187 6140 16187 16187 16187 16187 16187
12127 110 10667 4931 15000 13710 14043 926 16187 16187 16187 16187 16187 16187 16187 16187
3842 1919 12127 926 3177 5937 1750 16187 8268 8712 16187 16187 4311 16187 16187 8440
7926 8710 4335 16187 4404 1919 4776 10033 10967 4776 1419 16187 3177 926 16187 926
12029 8710 2446 14362 1955 16187 16187 16187 16187 16187 16187 16187 16187 16187 16187 16187
3842 1957 14180 1737 16187 12467 16187 8268 926 14237 926 16187 16187 16187 16187 16187
2446 8383 1954 8213 2221 2837 10242 16146 512 926 926 16187 16187 16187 16187 16187
1213 12259 14776 12773 13089 4776 926 8710 1955 5218 1955 5713 10437 14776 16187 16187
3842 1957 14180 1737 16187 926 8268 4776 926 16187 6259 926 2563 16187 2308 16187
4776 10418 8710 8213 13348 16187 6718 4125 16187 926 14745 830 1885 16187 16187 16187
3171 8710 4776 10566 5453 4994 3177 4776 2563 16187 16187 16187 16187 16187 16187 16187
3171 8710 4776 14635 3177 10033 5463 4931 16105 3841 830 4776 10887 1583 16187 16187
3171 8710 4776 564 2563 16187 2263 817 16187 16187 2615 3177 4776 7671 16187 16187
4776 10217 14776 10939 8719 1110 16187 16187 16187 16187 16187 16187 16187 16187 16187 16187
4776 4267 8084 16187 12545 5629 3171 2563 16187 8710 16187 12233 9311 16187 16187 16187
4776 10217 1133 14776 6070 9780 16187 16187 6535 2997 16187 16187 11953 16187 630 16187
6381 2858 14824 8268 12716 8268 4776 926 2326 656 830 4776 10583 16187 16187 16187
3842 1957 14180 1737 16187 926 8268 4776 926 16187 6259 926 2563 16187 2308 16187
7740 11530 926 926 8719 3171 16187 643 12233 2823 6259 926 16187 16187 16187 16187
8712 4298 4776 1383 8719 8712 5867 12019 8268 216 8268 14237 10567 16187 16187 16187
3842 1957 14180 1737 16187 926 16187 926 8268 926 14237 926 16187 16187 16187 16187
8712 4931 4776 926 3177 4776 1383 8268 12008 926 926 684 926 2837 926 16187
926 3847 9754 15956 3171 2563 8710 2326 3335 13348 16187 16187 16187 16187 16187 16187
3842 3171 2856 11889 4776 12012 16187 3364 2823 15715 6259 926 16187 16187 16187 16187
926 2598 16187 926 926 4931 6259 7157 926 16187 8719 14734 643 16187 16187 14734
1955 13474 8592 7410 8268 3171 954 2543 4776 11859 830 1885 1419 10638 16187 16187
3842 1957 14180 1737 16187 926 16187 926 8268 926 14237 8810 16187 9084 16187 9429
13474 4931 1344 14610 8719 1885 12582 16187 16187 10397 8268 16187 16187 16187 2296 16187
13089 3847 13474 12097 8268 1889 2598 16187 16187 16187 16187 16187 16187 16187 16187 16187
3842 1957 14180 1737 16187 12349 4776 926 16187 1810 16187 10033 16187 1954 15842 16187
7740 11530 8712 16187 8719 12276 643 1919 4776 9431 10217 16187 9431 16187 9178 16187
14069 5867 14691 8719 3171 10033 12233 2326 7568 6011 16187 16187 16187 16187 16187 16187
3842 1957 14180 1737 16187 12467 16187 8268 926 5867 8719 4776 10033 16187 16187 16187
12008 8712 8710 5297 3545 3594 1919 2204 14237 3938 16187 14237 2689 16187 9332 16187
12273 3811 2135 14734 14596 8719 4776 1462 13811 16187 16187 16187 16187 16187 16187 16187
3842 1919 12127 926 3177 5937 1750 16187 8268 8712 16105 9070 16187 10957 16187 7032
7740 2446 6635 4776 4924 4440 16187 6028 16187 9442 7367 12835 16187 14237 926 16187
7634 926 12260 11553 12766 2606 13089 7926 14762 8712 16187 16187 16187 16187 16187 16187
3842 11889 12127 63 5328 3177 1965 16187 7740 11553 1436 8268 7740 10503 3171 15846
7926 14827 3171 1676 16187 6297 7185 4776 10566 820 15658 3364 14180 8719 4776 816
3171 4931 4776 10033 297 3177 6259 3011 14237 9758 11198 11215 926 926 16187 16187
4776 4152 8710 5329 6852 16187 308 16187 8719 3171 9594 16187 13546 8268 14237 14069
4776 14596 8710 5010 16187 926 8268 4776 14596 14237 4776 14596 8710 16187 16187 6535
6070 10355 13348 16187 16187 16187 16187 16187 16187 16187 16187 16187 16187 16187 16187 16187
3842 1957 14180 1737 16187 926 16187 926 8268 926 14237 926 6259 9577 16187 16187
6070 10355 13348 16187 1449 8268 5711 16187 16187 6070 630 2148 16187 512 7740 9004
11834 6259 15174 10834 8719 4776 15043 10983 16187 16187 16187 16187 16187 16187 16187 16187
3842 1957 14180 1737 16187 12349 4776 926 16187 8268 9723 926 16187 16187 16187 16187
5297 6259 3098 14596 16187 2446 1378 1919 6259 8808 16187 9890 16187 12349 16187 12349
926 11878 12233 2327 9222 6259 5820 2563 15408 3177 10711 3171 1552 15095 16187 16187
3842 3171 2856 11889 4776 12012 16187 3364 2823 15715 6259 926 16187 16187 16187 16187
926 2598 16187 926 926 4931 6259 7157 926 16187 8719 6259 2563 16187 16187 16187
14237 926 926 926 830 4776 9431 983 7658 8330 5867 7310 584 16187 16187 16187
3842 3171 16187 12606 8268 926 8268 14237 867 16187 6535 630 10545 14029 16187 926
926 8268 926 8268 6070 14180 12349 8268 4931 926 16187 16187 16187 16187 16187 9563
9431 5095 13084 7740 1951 4277 1515 16187 16187 16187 16187 16187 16187 16187 16187 16187
3842 1957 14180 1737 16187 926 16187 9339 16187 11530 8719 4776 10372 16187 16187 16187
7740 11530 3171 10033 16187 1229 7740 9429 6011 15956 16187 16187 3356 16187 2689 16187
8712 5867 10285 8268 11789 14380 16187 16187 16187 16187 16187 16187 16187 16187 16187 16187
8712 5867 5329 16187 4537 1955 8712 15452 11889 6259 2563 16187 16187 16187 13348 16187
8712 5867 4537 5580 926 16187 16187 16105 830 4506 926 16187 16187 14237 14237 12349
7740 4931 223 14029 7661 8142 16187 16187 16187 16187 16187 16187 16187 16187 16187 16187
7740 4931 223 14029 7661 8142 16187 16187 5836 6259 2563 16187 16187 5774 926 16187
7740 11530 12958 11953 3171 2563 16187 12892 2903 13348 16187 3192 16187 3192 16187 3192
8719 5463 1378 7926 4931 6259 132 1389 16187 16187 16187 16187 16187 16187 16187 16187
3842 1957 14180 1737 16187 926 8268 4776 926 16187 6259 926 2563 16187 2308 16187
5463 5867 4776 16167 926 7740 1951 16187 16187 16187 16187 16187 16187 16187 16187 10077
15597 2400 8268 15597 6289 8268 8710 8423 4303 8798 10434 12233 2552 4634 16187 16187
3842 1957 14180 1737 16187 926 8268 4776 926 16187 6259 926 2563 16187 2308 16187
926 8268 1094 1919 16146 12835 8719 926 11553 926 16187 926 14237 16187 926 16187
15597 10400 3177 1090 3744 8710 9576 1872 16187 16187 16187 16187 16187 16187 16187 16187
3842 1957 14180 1737 16187 926 8268 4776 926 16187 6259 926 2563 16187 2308 16187
4776 12835 14776 9776 820 14237 15857 8268 4325 14776 13074 16187 16187 16187 16187 16187
8124 16187 16187 16187 16187 16187 16187 16187 16187 16187 16187 16187 16187 16187 16187 16187
3842 1957 14180 1737 16187 926 8268 4776 926 16187 6259 926 2563 16187 2308 16187
6259 3098 4302 16187 7740 2383 7740 11553 1954 926 16187 16187 16187 16187 16187 16187
15202 10036 8268 7345 13944 15525 1954 8172 2563 10686 1919 1738 5837 16187 16187 16187
3842 1957 14180 1737 16187 12349 4776 926 16187 1810 16187 10033 16187 1954 15842 16187
7740 2446 3017 3117 1133 830 4776 10566 10501 16187 13436 16187 16187 926 16187 2329
7661 13141 265 8719 3917 1919 15597 10638 8268 14237 4776 5121 12738 14180 3951 16187
3842 1957 14180 1737 16187 12349 4776 926 16187 1810 16187 10033 16187 1954 15842 16187
14180 4776 16146 5121 6499 9498 10602 1955 7742 16187 16187 10207 8268 926 16187 16187
8712 3418 926 926 8268 2486 11704 8268 7748 13741 14237 926 214 926 16187 16187
3842 8712 11889 4776 12012 13348 16187 5447 6259 2563 3177 2977 6173 16187 5148 11889
8712 4931 1098 16187 16187 10566 3177 4776 3531 16187 16187 16187 1110 16187 16187 16187
4776 2777 14237 2803 12899 14029 7938 14776 14760 4296 15408 3177 2689 8312 926 16187
3842 1957 14180 1737 16187 926 16187 926 8268 926 14237 926 16187 16187 16187 16187
4776 14596 10740 15982 14237 11289 5629 4776 15840 14237 926 5867 1825 16187 16187 926
926 8710 2945 6259 630 8270 15387 8719 3171 1378 512 8719 11562 16187 16187 16187
3842 3171 2856 11889 4776 12012 16187 3364 2823 15715 6259 926 16187 16187 16187 16187
926 8710 6259 12538 15897 1919 1885 643 14237 4776 1787 4697 3177 1885 16187 16187
5297 8268 3171 8710 2997 9591 8268 9563 830 2563 15820 16187 16187 16187 16187 16187
3842 1957 14180 1737 16187 926 16187 926 8268 926 14237 8810 16187 9084 16187 10207
5463 5867 8712 16187 1110 15715 8712 16187 6006 14237 1110 16187 16187 16187 16187 16187
2263 12835 14776 10107 8268 14237 2308 14180 1778 2904 4325 9277 8069 2823 2904 16187
3842 1957 14180 1737 16187 12349 4776 926 16187 1810 16187 10033 16187 1954 15842 16187
8712 5867 6259 5948 3177 10770 16187 14237 12431 6259 9264 16187 16187 16187 14180 12276
4776 9424 8710 14069 14776 1486 3177 9222 5713 229 3177 10509 8185 4189 16187 16187
4776 4267 8084 16187 2563 8710 926 8268 14043 4776 926 2598 16187 2598 16187 2598
4776 13607 8710 6297 6070 15174 16187 16187 926 8268 8258 1885 16187 926 16187 16187
5359 8268 926 8268 816 16187 16187 16187 16187 16187 16187 16187 16187 16187 16187 16187
3842 11889 12127 63 5328 3177 1965 16187 7740 11553 8466 16187 16187 983 16187 7001
7740 11530 8712 16187 8719 12276 643 1919 4776 9431 10217 16187 16187 16187 16187 16187
8712 8710 6259 3257 1955 6259 14038 1093 2563 16187 16187 16187 16187 16187 16187 16187
3842 8712 11889 4776 12012 13348 16187 5447 6259 2563 3177 2977 6173 16187 5148 11889
8712 8710 6259 12260 2552 830 10671 3177 926 16187 10983 16187 12233 16187 6535 10879
203 3364 9743 2090 5329 2823 7336 4750 14237 14219 512 12758 2598 16187 16187 16187
3842 1957 14180 1737 16187 12467 16187 8268 926 14237 926 16187 16187 16187 16187 16187
14180 7740 5208 1436 8710 3171 4537 2552 8712 16187 8710 16187 4032 5937 983 16187
3364 4325 11553 10827 13592 2148 983 3908 14691 8719 4776 4440 2598 16187 16187 16187
3842 11889 12127 63 5328 3177 1965 16187 7740 11553 8466 16187 16187 11889 1110 16187
12008 3484 13089 8710 385 12495 13348 16187 2077 14734 7981 16187 16187 926 926 16187
14776 4776 10217 4776 9790 443 2598 16187 16187 16187 16187 16187 16187 16187 16187 16187
3842 1919 12127 926 3177 5937 1750 16187 8268 8712 16105 9070 16187 16187 12349 16187
6259 4858 4189 10967 14745 16187 2097 3177 14734 6867 8268 983 8268 7740 1110 16187
4931 7740 3554 12233 2598 16187 16187 16187 16187 16187 16187 16187 16187 16187 16187 16187
3842 1957 14180 1737 16187 926 16187 926 8268 926 14237 8810 3847 16187 1344 16187
14919 16187 5329 4776 10418 8710 5329 7594 8719 3171 1378 16187 14596 16187 16187 16187
7740 3644 9754 1436 9591 11953 1138 4776 4369 5711 16187 16187 16187 16187 16187 16187
7740 4552 9754 15956 16187 14180 703 11953 3171 2563 16187 13216 16187 830 6259 13501
7740 11530 8712 16187 8719 12276 643 1919 4776 9431 10217 16187 16187 9178 16187 16187
4776 2563 4931 1954 9756 11252 3177 6429 16187 16187 16187 16187 16187 16187 16187 16187
4776 4267 8084 16187 2563 8710 926 8268 12008 8719 4776 15721 16187 10566 3177 15597
4776 2563 4931 1954 9756 11252 3177 6259 8081 657 14180 4776 2946 16187 1213 16187
14344 13549 6259 5545 4303 9534 5463 3388 1885 8808 11889 6259 9581 16187 16187 16187
3842 1957 14180 1737 16187 926 8268 4776 926 16187 6259 926 2563 16187 2308 16187
926 5867 9957 9498 3098 16187 14397 1955 926 16187 12820 16187 816 16187 926 16187
2446 11196 8268 1116 9955 8710 14561 8719 1957 4776 12298 16187 16187 16187 16187 16187
3842 1957 14180 1737 16187 926 8268 4776 926 16187 6259 926 2563 16187 2308 16187
2446 8268 12852 5999 8719 12233 6276 926 13554 14237 1453 5407 3177 1885 8503 16187
12990 8268 4776 13607 7377 14237 4776 1754 3177 4776 4302 1167 14776 12256 16187 16187
3842 1957 14180 1737 16187 926 8268 4776 926 16187 6259 926 2563 16187 2308 16187
926 5867 9957 9498 3098 16187 14397 1955 926 16187 12820 16187 14734 6070 9450 8808
2326 2598 16187 16187 16187 16187 16187 16187 16187 16187 16187 16187 16187 16187 16187 16187
3842 8712 16187 63 14029 4776 2768 12233 8733 16187 630 16187 2148 16187 16187 16187
6173 16187 12260 11553 12766 926 8268 926 3177 10941 830 4776 9431 16187 16187 16187
7542 8268 3171 8710 6259 6070 2689 10033 14237 8710 6070 10355 16187 16187 16187 16187
3842 3171 2856 11889 4776 12012 16187 3364 2823 15715 6259 926 16187 16187 16187 16187
7542 8268 6259 6070 10355 10033 3177 2263 8157 16187 16187 16187 6918 16187 6071 16187
8712 13942 5463 926 14237 13192 11553 6188 8712 12495 14221 16187 16187 16187 16187 16187
3842 8712 16187 63 16187 16187 10033 8268 4776 2601 1857 16187 6259 926 10033 16187
8712 5867 6259 10355 9203 16187 656 1919 4776 12489 3177 6259 11253 16187 16187 16187
1731 14237 926 7661 8197 8162 11947 6499 16187 16187 16187 16187 16187 16187 16187 16187
3842 3171 2856 11889 4776 12012 16187 3364 2823 15715 6259 926 16187 16187 16187 16187
926 447 16187 14237 113 926 16187 5137 8719 6259 8081 926 16187 2053 926 3994
1957 4776 12122 3177 10387 13832 3171 8710 5329 203 4776 926 3543 2823 16187 16187
3842 1957 14180 1737 16187 926 16187 926 8268 926 14237 926 16187 16187 16187 4998
12008 4776 10418 8710 926 16187 6297 926 1919 4776 7612 5867 16016 3177 4776 926
4776 5033 7740 2383 8710 10355 9591 12008 4776 14596 16187 16187 16187 16187 16187 16187
4776 4267 8084 16187 2563 8710 926 8268 14043 4776 926 2598 16187 2598 16187 16187
4776 2563 779 6259 716 5646 13839 16187 16187 16187 1919 926 16187 16187 16187 16187
926 8719 4776 926 476 8714 4931 4537 4404 926 14482 12115 926 5867 671 16187
3842 3171 16187 9264 10401 16187 16187 512 7740 9429 16187 16187 6535 6683 13216 16187
926 5867 5732 3177 4776 926 5033 926 14854 5463 926 4776 599 16187 16187 16187
8712 779 6259 15174 5562 15093 12576 16187 16187 16187 16187 16187 16187 16187 16187 16187
8712 779 13084 4152 16187 14221 12233 4776 14596 16187 8712 3364 2823 8106 16187 16187
8712 779 6259 1948 14443 3177 4203 15649 15213 10324 8712 14237 13549 8712 643 16187
13570 8268 7740 4931 4776 5568 1378 8719 4776 5777 12233 4552 1229 16187 16187 16187
3842 1957 14180 1737 16187 926 16187 9339 16187 11530 8719 4776 10033 16187 16187 16187
7740 11530 926 926 8719 3171 16187 643 12233 2823 6259 926 16187 16187 16187 16187
14272 14635 3177 443 8069 10092 11889 5463 2598 16187 16187 16187 16187 16187 16187 16187
14272 2598 16187 8185 11889 3171 2598 16187 16187 2588 16187 16187 16187 16187 7970 16187
14272 6259 11406 13348 16187 6209 3177 1866 16187 9605 1954 9332 16187 16187 926 16187
3543 6011 2552 8712 2598 16187 16187 16187 16187 16187 16187 16187 16187 16187 16187 16187
3842 8712 16187 63 2365 11401 16187 5297 4776 4776 2563 16187 16187 16187 12233 9311
6011 15846 11728 16187 6259 10894 2148 3177 817 16187 16187 1957 4776 10033 16187 14221
3171 8710 6259 4142 447 10033 13348 16187 16187 16187 16187 16187 16187 16187 16187 16187
3842 3171 2856 11889 4776 12012 16187 3364 2823 15715 6259 926 16187 16187 16187 16187
3171 8710 6259 4142 447 10033 13348 16187 14043 926 16187 10983 16187 926 16187 16187
5297 8268 3171 8710 6259 15174 8268 13259 2563 16187 16187 16187 16187 16187 16187 16187
3842 1957 14180 1737 16187 12467 16187 8268 926 14237 926 16187 16187 16187 16187 16187
12716 8268 8712 8710 6259 6535 10355 10033 16187 16187 14596 16187 16187 6297 16187 14125
926 8268 14272 12359 16187 16187 16187 16187 16187 16187 16187 16187 16187 16187 16187 16187
926 8268 1543 12233 5946 16187 12965 8268 7926 8368 926 16187 16187 15949 14237 4311
926 8268 4325 9063 1442 4776 15433 14237 477 8712 4537 8719 983 830 926 16187
1378 9424 100 3461 1110 8719 13592 2024 9577 8710 12453 16187 16187 16187 16187 16187
3842 1957 14180 1737 16187 12349 4776 926 16187 1810 16187 10033 16187 1954 15842 16187
1378 3847 12716 8268 4776 14596 771 8719 4776 9431 16187 6070 9332 14596 16187 16187
3171 11921 12233 14745 15202 7926 8368 926 3994 1094 1919 14734 926 16187 16187 16187
3842 3171 16187 9264 10401 16187 273 8719 1954 15842 16187 16187 16187 16187 16187 16187
3171 8710 6259 6070 10355 2563 16187 643 16187 7336 15525 16187 9332 16187 16187 12008
4776 10033 6253 12233 4552 15347 703 16187 16187 16187 16187 16187 16187 16187 16187 16187
3842 3171 2856 11889 4776 12012 16187 3364 2823 15715 6259 926 16187 16187 16187 16187
4776 10033 8710 2326 264 10471 16187 7518 14029 4776 308 16187 16187 16187 16187 11889
6826 9277 1436 4776 14596 4931 3175 14237 405 16187 16187 16187 16187 16187 16187 16187
3842 1957 14180 1737 16187 12349 4776 926 16187 1810 16187 10033 16187 1954 15842 16187
14180 8719 14180 8268 6259 3296 7652 830 11247 13348 16187 2543 16187 6718 11778 16187
14069 5867 4537 1229 630 7740 5208 1453 8268 7740 2383 16187 16187 16187 16187 16187
3842 8712 16187 63 2365 11401 16187 5297 4776 4776 2563 16187 16187 16187 12233 9311
12008 3484 13089 8710 385 12495 13348 16187 2077 14734 14164 16187 926 926 16187 926
926 2446 6601 16176 2903 14069 1955 1378 3177 10288 5867 12850 1265 16187 16187 16187
3842 1957 14180 1737 16187 926 8268 4776 926 16187 6259 926 2563 16187 2308 16187
926 5867 9957 9498 3098 16187 6797 10673 6120 1957 4776 9330 16187 16187 16187 16187
2263 5329 5463 10355 12349 14180 16187 16187 16187 16187 16187 16187 16187 16187 16187 16187
2263 5329 4032 8712 16187 10566 3177 4776 11401 16187 16187 8563 2053 12507 3994 16187
2263 4949 16187 820 15658 3644 9754 926 12233 14745 16187 926 16187 16187 16187 16187
4311 10036 8712 5867 1954 4201 10033 14237 5329 3554 12233 2823 6259 3460 16187 16187
3842 1957 14180 1737 16187 12349 4776 926 16187 1810 16187 1954 2053 14221 16187 16187
7742 8268 8712 5867 6259 11697 16187 8622 926 926 926 926 926 926 16187 926
14030 8268 1229 630 830 4776 3527 6697 12233 3171 2563 16187 16187 16187 16187 16187
14411 8268 7740 16138 7627 8712 16187 8710 6259 926 14237 4776 2285 13839 16187 8808
12008 3484 13089 8710 385 12495 13348 16187 2077 16187 2903 16187 16187 1885 16187 16187
7740 9084 9754 10603 4776 7310 284 1955 8569 1955 10566 820 11553 926 16187 16187
7740 9084 9754 11889 5463 1957 14180 16187 7612 926 16187 16187 16187 16187 14241 16187
7740 11530 4776 11773 8268 800 13094 3177 4776 14596 91 16187 10710 10810 16187 926
8712 4931 2945 6259 10770 12650 16187 16187 16187 16187 16187 16187 16187 16187 16187 16187
8712 4931 6056 16187 16187 2719 8268 6011 1042 6011 12233 11889 16187 16187 16187 16187
8712 4931 2945 6259 10770 12650 16187 10372 8268 14237 4776 14217 15846 2823 16187 6683
8712 3847 8467 12233 9745 8270 13089 4325 2451 6585 12233 4776 14954 16187 16187 16187
8712 4931 9754 13533 15231 12008 8712 771 569 3177 926 16187 16187 926 16187 6855
8712 4931 1098 16187 16187 10566 3177 4776 3531 16187 16187 16187 16187 16187 7970 16187
1138 7740 4931 4487 8268 137 7740 9360 4776 11998 14476 14029 12625 5711 16187 16187
3842 11889 12127 63 5328 3177 1965 16187 7740 11553 1436 8268 7740 8084 8466 16187
6173 16187 12260 2823 10399 12233 11553 12233 926 926 16187 16187 16187 6748 16187 16187
8726 15715 3171 3847 9754 4320 5937 5217 8268 6011 12260 11553 13084 5217 16187 16187
3842 1957 14180 1737 16187 12467 16187 8268 926 1955 9487 779 16187 9640 16187 16187
6011 11465 16187 11889 6259 9290 1919 6259 926 1919 4776 926 16187 9290 16187 16187
630 3177 4776 926 5033 8710 6724 1019 10355 13348 16187 16187 16187 16187 16187 16187
3842 1957 14180 1737 16187 12467 16187 10315 13089 1954 926 14029 4776 926 16187 16187
6259 14193 14029 10033 16187 16187 10272 1885 16187 2148 10719 8719 4776 10033 16187 926
2977 926 8069 12431 6259 9450 6215 14561 8719 16187 16187 16187 16187 16187 16187 16187
3842 1919 12127 926 3177 5937 1750 16187 8268 8712 16105 9070 16187 16187 16187 12349
7740 926 1919 926 16187 12256 10638 8719 4776 12298 16187 16105 5820 643 16187 16187
13084 11301 2468 8268 8890 1175 3575 16187 16187 16187 16187 16187 16187 16187 16187 16187
3842 1957 14180 1737 16187 926 8268 4776 926 16187 6259 926 2563 16187 14221 16187
4776 4267 8084 16187 2563 8719 4776 2598 16187 16187 16187 1110 16187 16187 16187 16187
8258 7740 1959 4776 10033 8268 7740 12773 15389 1098 8268 3335 8268 14237 12606 16187
3842 1957 14180 1737 16187 926 16187 9339 16187 11530 8719 4776 14212 16187 16187 16187
7740 11530 4776 11773 8268 800 13094 3177 4776 14596 91 16187 10710 10810 16187 926
2053 9662 4539 3994 13404 4473 8200 1955 7742 1955 4963 3766 8719 4776 7494 16187
3842 1957 14180 1737 16187 926 8268 4776 926 16187 6259 926 2563 16187 2308 16187
8719 4776 12298 8268 3171 8710 5329 830 4776 12976 12233 4061 14112 16187 16187 16187
8712 5867 12117 16187 16187 16187 16187 16187 16187 16187 16187 16187 16187 16187 16187 16187
8712 5867 5329 16187 4537 1955 8712 15452 16187 16187 11889 6259 10399 16187 12349 6259
8712 5867 6259 8434 16187 16187 14596 14237 4776 9442 5030 5057 1865 16187 16187 869
926 6259 4320 13348 16187 16187 16187 16187 16187 16187 16187 16187 16187 16187 16187 16187
3842 3171 2856 11889 4776 12012 16187 3364 2823 15715 6259 926 16187 16187 16187 16187
926 926 4931 4868 16187 16187 6500 15658 926 4776 9450 926 16187 16187 16187 8268
1138 4776 926 5711 3927 12362 14237 779 6826 13181 4440 8719 4776 10983 16187 16187
3842 3171 16187 9264 10401 16187 273 8719 1954 15842 16187 16187 16187 16187 16187 16187
4776 10418 4931 2446 12256 16187 926 16187 14237 13474 5867 926 16187 7742 16187 926
2446 6683 830 6259 11943 2067 954 10967 926 926 16187 16187 16187 16187 16187 16187
3842 1957 14180 1737 16187 926 8268 4776 926 16187 6259 926 2563 16187 2308 16187
2446 8268 12852 5999 8719 12233 6276 926 13554 14237 1453 5407 3177 1885 8503 16187
3257 8719 926 16187 16187 16187 16187 16187 16187 16187 16187 16187 16187 16187 16187 16187
3842 1919 12127 926 3177 5937 1750 16187 8268 8712 16105 9070 16187 16187 16187 12349
926 5867 9957 9498 3098 16187 14397 1955 926 16187 6140 16187 16187 5358 16187 1378
1453 5937 2752 16187 16187 16187 16187 16187 16187 16187 16187 16187 16187 16187 16187 16187
223 16187 11553 6259 5820 926 16187 13141 1378 12233 2903 16187 16187 16187 16187 16187
6011 11465 16187 11889 6259 9290 1919 6259 926 7178 16187 16187 2148 16187 1110 16187
1229 8712 5867 2444 10478 16187 16187 16187 16187 16187 16187 16187 16187 16187 16187 16187
12008 8712 5867 5329 16187 4537 1175 16187 16187 16187 16187 9890 16187 8712 16187 9332
12008 8712 5867 5297 4032 9316 16187 16187 830 4776 2285 6161 16187 16187 926 16187
91 13216 4552 9754 12650 3171 2563 16187 16187 16187 16187 16187 16187 16187 16187 16187
3842 1957 14180 1737 16187 12349 4776 926 16187 1810 16187 10033 16187 1954 15842 16187
5297 8268 7740 11530 4776 308 12654 3171 6365 14237 8197 8712 1954 10619 9484 16187
2446 7740 4552 1110 4776 9450 5202 13474 1019 14043 7926 6173 8710 9313 13348 16187
3842 1957 14180 1737 16187 926 16187 926 8268 926 14237 8810 3847 8710 8719 926
7740 11530 8712 16187 8719 12276 11021 5463 926 13216 15525 12233 2823 6259 926 16187
6259 8503 2563 16187 16187 16187 16187 16187 16187 16187 16187 16187 16187 16187 16187 16187
6259 926 10894 8268 630 8268 12008 8712 5867 16187 16187 16187 16187 16187 6535 6593
6259 3098 10033 16187 9355 14237 6259 5948 3177 13592 6985 16187 2997 16187 16187 11728
4776 2563 779 7807 4776 10567 4776 9431 1378 771 14237 7100 14029 2122 16187 16187
3842 3171 16187 9264 10401 16187 16187 512 7740 9429 16187 16187 6535 4687 12233 14192
4776 2563 8710 11115 2837 4776 12256 2053 3994 5036 2373 2837 926 16187 16187 16187
926 11262 13474 926 1919 926 16187 16187 16187 16187 16187 16187 16187 16187 16187 16187
3842 1919 12127 926 3177 5937 1750 16187 8268 8712 16105 9070 16187 16187 12291 16187
926 926 5867 9534 8710 8385 6259 8268 14237 14467 11012 8710 1955 7742 16187 16187
7740 11553 6259 9424 1919 3171 10033 16187 16187 16187 16187 16187 16187 16187 16187 16187
7740 11553 13084 926 3994 5189 16187 5297 7740 11839 5463 4931 1954 950 16187 6259
7740 1442 8712 12669 8719 4776 926 16187 6304 14237 2383 4776 9780 16187 4949 16187
8712 3847 9754 9745 11889 926 12008 7740 1951 13084 10667 16187 16187 16187 16187 16187
8712 4931 9754 13533 15231 12008 8712 771 569 3177 926 16187 16187 926 16187 6855
8712 4931 1098 16187 16187 10566 3177 4776 3531 16187 16187 16187 16187 16187 7970 16187
6640 8712 6179 137 8712 15881 10324 5937 12883 2384 16187 16187 16187 16187 16187 16187
3842 1957 14180 1737 16187 926 16187 9339 12349 16187 2148 926 16187 16187 8719 16146
7926 5867 12431 12233 12003 4404 2874 15978 4776 5145 4931 13280 16187 5046 3098 16187
12008 7708 703 14776 926 16187 16187 16187 16187 16187 16187 16187 16187 16187 16187 16187
12008 5329 1789 16187 14419 2563 8710 6259 16187 9238 16187 16187 6683 3177 1954 2974
12008 3484 13089 8710 385 12495 13348 16187 2077 16187 7740 4931 9754 926 16187 16187
203 144 8710 3171 3403 2598 16187 16187 16187 16187 16187 16187 16187 16187 16187 16187
3842 1919 12127 926 3177 5937 1750 16187 8268 8712 16187 16187 16187 8440 16187 16187
203 5867 8712 14581 2598 16187 8185 11889 6259 926 1919 6259 926 16187 16187 7937
5332 3171 8710 4776 13997 11274 6011 5208 8197 6259 9577 16187 16187 16187 16187 16187
3842 1957 14180 1737 16187 12467 16187 10315 13089 1954 926 14029 4776 926 16187 16187
6173 16187 12260 2823 10399 12233 11553 12233 12298 8712 15525 16187 16187 16187 16187 16187
3171 2563 3847 5329 14186 2122 8719 8712 5867 16153 9890 16187 16187 16187 16187 16187
3842 3171 16187 6535 630 2148 9332 16187 16187 14237 15096 16187 16187 16187 16187 16187
3171 2563 8710 4537 1098 16187 6011 11553 8712 16187 2148 16187 12349 16187 14237 16187
7740 1951 2296 4512 5994 13089 7740 12650 3171 16187 16187 16187 16187 16187 16187 16187
7740 1951 5297 5329 13616 16187 16187 14635 3177 16187 830 4776 13829 476 16187 4832
7740 1951 5297 926 10332 2103 4240 9316 8712 830 4776 9431 983 16187 16187 16187
342 154 684 4776 10501 6070 7742 16187 16187 16187 16187 16187 16187 16187 16187 16187
3842 1957 14180 1737 16187 926 8268 4776 926 16187 6259 926 2563 16187 2308 16187
4776 12835 14776 7742 13663 14237 15071 16187 16187 16187 16187 16187 16187 16187 16187 16187
926 926 2598 16187 16187 16187 16187 16187 16187 16187 16187 16187 16187 16187 16187 16187
926 926 16187 6748 2608 16187 16187 1957 14180 16187 16187 16187 8719 4776 926 16187
926 926 2598 16187 926 16187 9715 926 8268 14237 926 16187 3730 14281 16187 16187
13474 15857 5137 5329 5568 10841 12008 2446 6259 10894 6732 16187 16187 16187 16187 16187
3842 1957 14180 1737 16187 12467 16187 8268 926 14237 926 16187 16187 16187 16187 16187
13474 5867 2446 12431 4776 926 12233 14192 926 14237 5104 926 5867 926 13501 16187
7740 12260 1944 5463 4776 2563 9277 6683 926 8268 12008 8712 5867 5329 16187 16187
3842 11889 12127 63 5328 3177 1965 16187 7740 11553 1436 8268 7740 10503 3171 15846
7740 9429 5463 926 926 684 926 1955 7742 1955 7740 11553 8084 8466 16187 16187
7740 12431 3171 8124 10033 830 12276 15572 1019 7401 1390 4891 2968 13348 16187 16187
7740 973 5329 13616 6173 16187 8270 16187 16187 16187 16187 16187 14029 1583 16187 1022
7740 11530 926 926 8719 3171 16187 643 12233 2823 6259 926 16187 16187 16187 16187
4624 8093 9605 1954 926 6683 1957 1157 16187 16187 16187 16187 16187 16187 16187 16187
3842 1957 14180 1737 16187 926 16187 9339 16187 11530 8719 926 16187 16187 16187 16187
6011 15846 2823 5807 11953 8712 830 1597 2103 13777 8268 7740 16068 6011 16187 816
7740 2326 3553 7926 16138 8733 2148 8185 8719 4776 8693 1419 16187 16187 16187 16187
2476 16187 4537 6259 926 13348 16187 926 8268 1378 926 16187 14125 16187 16187 816
7740 11839 3171 4931 6259 3098 2563 16187 2552 16187 926 926 8719 4776 926 14919
6173 16187 16187 16187 16187 16187 16187 16187 16187 16187 16187 16187 16187 16187 16187 16187
6173 16187 63 983 4776 2563 13348 16187 16187 7740 684 16187 16187 16187 7970 16187
6173 16187 12260 11553 12766 926 8268 926 3177 10941 830 4776 9431 16187 16187 16187
7740 11530 12127 9840 3177 3171 2563 16187 16187 16187 16187 16187 16187 16187 16187 16187
7740 973 5329 13616 6173 16187 12232 926 830 4776 14596 16187 16187 16187 7970 16187
7740 11530 8712 16187 8719 12276 643 1919 4776 9431 10217 16187 16187 9178 16187 16187
7740 4552 5329 11889 4776 3504 3177 4776 2588 9405 8268 8712 8710 2326 3736 16187
7740 4552 9754 8069 11553 15721 16187 1537 926 926 16105 14745 8270 16187 16187 16187
7740 11530 3171 10033 16187 13805 6259 308 3177 926 16187 16187 16187 16187 11889 16187
10429 830 4776 926 14237 2353 8268 14237 12422 5870 4776 12894 8269 16187 16187 16187
3842 1919 12127 926 3177 5937 1750 16187 8268 8712 16105 9070 16187 16187 16187 12349
6259 3098 12238 3177 8710 4776 132 16187 2446 9113 12233 4776 14596 16187 16187 926
926 8710 6259 9758 7653 8268 14237 4426 15731 1919 14734 10516 5459 926 16187 16187
3842 3171 2856 11889 4776 12012 16187 3364 2823 15715 6259 926 16187 16187 16187 16187
926 8710 6259 12538 15897 1919 1885 643 14237 4776 1787 4697 3177 1885 16187 16187
4776 7140 8710 5695 12495 16187 16187 16187 16187 16187 16187 16187 16187 16187 16187 16187
4776 4267 8084 16187 12545 5629 4776 2563 16187 16187 2148 9332 16187 16187 16187 16187
4776 4267 8710 10501 2598 16187 16187 2598 16187 16187 13623 12233 16187 16187 16187 16187
6011 5208 926 4776 9203 8268 12008 6011 11031 5297 9107 926 16187 16187 16187 16187
3842 11889 12127 63 5328 3177 1965 16187 7740 11553 8466 8719 926 16187 16187 16187
6011 16138 12149 8712 16187 1955 8712 16187 8719 1954 10211 15776 926 16187 16187 926
12008 830 1885 15096 926 11913 8268 13474 5867 6259 12561 926 8808 16187 16187 16187
3842 1957 14180 1737 16187 926 16187 926 8268 926 14237 8810 16187 9084 16187 1955
12008 3484 13089 8710 385 12495 13348 16187 2077 14734 14164 926 12233 926 4776 926
4776 9666 8710 9754 4437 91 8268 14237 8710 8466 1955 7931 14237 8843 16187 16187
3842 1957 14180 1737 16187 926 8268 4776 926 16187 6259 926 2563 16187 2308 16187
4776 13607 8710 6297 6070 15174 16187 16187 926 8268 8258 1885 16187 926 16187 16187
8069 4776 13110 4440 9498 10401 14237 6070 12606 16187 16187 16187 16187 16187 16187 16187
3842 1957 14180 1737 16187 926 8268 4776 926 16187 6259 926 2563 16187 2308 16187
4776 10418 8710 10602 8268 10589 14766 926 5867 6718 4125 926 926 16187 926 16187
14734 2588 13429 8710 5952 16187 16187 16187 16187 16187 16187 16187 16187 16187 16187 16187
3842 1919 12127 926 3177 5937 1750 16187 8268 8712 16187 4537 11889 15096 16187 16187
4776 13811 2837 1122 926 4393 1954 8206 3513 12233 4776 7494 16187 13178 16187 16187
12990 8268 7740 13616 6635 4776 6070 1781 8521 14272 6259 14148 16187 16187 16187 16187
3842 1957 14180 1737 16187 926 8268 4776 926 16187 6259 926 2563 16187 2308 16187
7740 11530 8712 16187 8719 12276 11021 5463 926 13216 15525 12233 2823 6259 926 16187
7740 4552 9754 9605 15662 4776 1776 926 9084 9754 4537 7925 926 12576 16187 16187
7740 4552 9754 15956 16187 14180 703 11953 3171 2563 16187 8710 16187 16187 16187 9540
7740 11530 8712 16187 8719 12276 643 1919 4776 9431 10217 16187 16187 9178 16187 16187
5695 10033 16187 16187 16187 16187 16187 16187 16187 16187 16187 16187 16187 16187 16187 16187
3842 3171 2856 11889 4776 12012 16187 3364 2823 15715 6259 926 16187 16187 16187 16187
6259 926 12650 4776 2053 7986 3994 16187 3364 7347 1954 3087 2894 16187 16187 16187
2945 6259 2199 5810 12349 4776 6745 1133 16187 16187 16187 16187 16187 16187 16187 16187
3842 1957 14180 1737 16187 12467 16187 8268 926 14237 926 16187 16187 16187 16187 16187
2945 1378 3177 4776 564 14237 8185 8268 7740 9084 16187 16187 8270 16187 16187 16187
7740 11553 8093 8466 926 4647 8719 6259 2563 5463 7740 9084 5329 11889 16187 16187
7740 11553 13084 10400 9563 6041 4325 4552 9754 5111 12233 11553 630 11198 16187 16187
7740 11530 8712 16187 8719 12276 643 1919 4776 9431 10217 16187 16187 9178 16187 16187
4776 10418 4931 10355 8268 4776 12835 13074 8268 14237 4776 2894 4931 9332 16187 16187
3842 3171 2856 11889 4776 12012 16187 3364 2823 15715 6259 926 16187 16187 16187 16187
4776 10418 8710 8213 13348 16187 6718 4125 16187 4776 926 3177 4776 10033 5867 63
5463 5867 2326 14272 16105 9070 1110 3171 2563 16187 16187 16187 16187 16187 16187 16187
3842 1957 14180 1737 16187 12467 16187 10315 13089 1954 926 14029 926 16187 16187 16187
5463 5867 8712 16187 1110 15715 8712 16187 6006 14237 1110 16187 16187 16187 16187 16187
14031 8268 6683 8268 14069 5867 1991 926 13348 16187 16187 16187 16187 16187 16187 16187
12008 4311 2979 4776 4194 3177 8268 15649 926 8719 4693 5377 16187 16187 16187 11889
12008 3484 13089 8710 385 12495 13348 16187 2077 16187 15881 9360 3748 1919 14734 16187
7740 4552 9754 15956 16187 16187 16187 16187 16187 16187 16187 16187 16187 16187 16187 16187
7740 4552 9754 15956 16187 14180 703 11953 3171 2563 16187 13216 16187 830 6259 13501
7740 11530 8712 16187 8719 12276 643 1919 4776 9431 10217 16187 16187 9178 16187 16187
12127 13879 4325 7001 4069 12233 15499 1919 9780 680 3177 4776 12625 8145 16187 16187
3842 1957 14180 1737 16187 926 8268 4776 926 16187 6259 926 2563 16187 2308 16187
4776 13811 8710 14652 13348 16187 6718 4125 16187 926 2903 8719 4776 10033 16187 926
9743 15 830 604 11553 12766 2849 16187 16187 16187 16187 16187 16187 16187 16187 16187
3842 1919 12127 4183 14029 4776 926 8268 14237 1543 12233 10603 16187 16187 16187 4311
7926 6159 8223 11946 7926 8710 2429 6259 12715 14237 3790 9290 16187 16187 926 16187
7740 12232 11553 6635 12233 10603 15525 16108 8810 15621 8719 15302 4776 11377 643 16187
7740 973 5329 13616 6173 16187 15846 9890 16187 5807 3177 3171 16187 16187 16187 4927
7740 11530 8712 16187 8719 12276 643 9431 4832 16187 12495 13129 16187 2296 16187 4311
5329 8569 8268 12008 5329 5463 10355 9890 16187 16187 16187 16187 16187 16187 16187 16187
3842 1957 14180 1737 16187 12467 16187 8268 926 1955 9487 779 16187 9640 16187 16187
6011 11465 16187 11889 6259 9290 1919 6259 926 7178 16187 16187 2148 12965 13348 16187
1957 14589 8268 5329 6713 16187 16187 16187 16187 16187 16187 16187 16187 16187 16187 16187
1957 14589 8268 5329 6713 16187 16187 16167 926 4776 2563 16187 7164 16187 16187 16187
12008 3484 13089 8710 385 12495 13348 16187 2077 16187 2903 16187 16187 1885 16187 16187
3171 4302 779 2446 12766 15696 8719 2263 926 14237 12353 4571 1019 926 6173 16187
3842 3171 16187 9264 10401 16187 273 8719 1954 15842 16187 16187 16187 16187 1957 1378
3171 2563 8710 6259 12260 2552 830 9455 15658 779 8084 12766 4998 8719 14195 16187
14237 14734 1110 13135 1919 4776 7339 8710 3335 16187 16187 16187 16187 16187 16187 16187
3842 1957 14180 1737 16187 926 8268 4776 926 16187 6259 926 2563 16187 2308 16187
14237 4776 12738 14776 13111 5543 16187 8719 15597 10638 16187 16187 16187 16187 16187 16187
4776 14599 8710 14029 4776 2601 10355 8268 9790 1919 4776 10418 16187 16187 16187 16187
4776 4267 8084 16187 2563 8710 926 8268 12008 8719 4776 926 16187 16187 16187 16187
4776 2563 8710 11115 2837 4776 12256 2053 3994 5036 2373 2837 926 16187 16187 16187
6655 10355 10418 16187 16187 16187 16187 16187 16187 16187 16187 16187 16187 16187 16187 16187
3842 1919 12127 926 3177 5937 1750 16187 8268 8712 16105 9070 16187 16187 12349 16187
6259 5948 3177 4776 11274 830 1885 8710 2842 16187 16187 9736 16187 16187 16187 16187
10399 12233 8158 8268 12008 10770 12233 9640 11953 16187 16187 16187 16187 16187 16187 16187
3842 1957 14180 1737 16187 926 16187 9339 12349 16187 2148 926 16187 16187 8719 16146
5463 5867 8712 16187 1110 15715 8712 16187 6006 14237 1110 16187 16187 16187 16187 16187
14237 3171 2037 8710 4776 4979 2970 830 14745 16187 16187 16187 16187 16187 16187 16187
3842 3171 16187 12606 8268 926 8268 14237 867 16187 6535 630 10545 14029 16187 926
14237 4776 10033 2945 2847 8116 830 5463 16187 16187 5217 16187 16187 16187 15715 12349
10763 926 13616 7069 6259 15966 14029 3171 1378 16187 16187 16187 16187 16187 16187 16187
3842 3171 2856 11889 4776 12012 16187 3364 2823 15715 6259 926 16187 16187 16187 16187
6259 12444 2598 16187 16187 950 830 6259 2199 10240 16187 16187 16187 16187 16187 16187
2429 4776 308 8470 15520 6215 16187 16187 16187 16187 16187 16187 16187 16187 16187 16187
3842 1919 12127 926 3177 5937 1750 16187 8268 8712 16105 9070 16187 16187 12349 16187
6259 5948 16187 7768 14237 4537 8592 16187 16187 1378 3177 4776 2365 10501 5711 16187
1957 14589 7926 3543 11553 8466 5979 3701 2016 13348 16187 16187 16187 16187 16187 16187
3842 1957 14180 1737 16187 12349 4776 926 16187 16105 6259 10728 16187 16187 16187 16187
12008 3484 13089 8710 385 12495 13348 16187 2077 16187 2903 16187 16187 1885 16187 16187
4421 926 926 926 8710 1378 3177 4776 10887 3418 3177 926 16187 16187 16187 16187
3842 3171 2856 11889 4776 12012 16187 3364 2823 15715 6259 926 16187 16187 16187 16187
926 926 4931 4868 16187 16187 6500 15658 926 4776 9450 926 16187 16187 16187 16187
10669 4552 9754 7001 2858 4776 926 13348 16187 16187 16187 16187 16187 16187 16187 16187
3842 11889 12127 63 5328 3177 1965 16187 7740 11553 8466 16187 16187 11889 3171 16187
6011 11465 16187 11889 6259 9290 1919 6259 926 7178 16187 16187 2148 16187 1110 16187
7740 2383 5463 16105 4776 10033 8069 2461 16187 16187 16187 16187 16187 16187 16187 16187
7740 973 5329 13616 6173 16187 929 16187 16187 16187 14069 5867 8719 12276 16187 16187
7740 11530 8712 16187 8719 12276 643 1919 4776 9431 10217 16187 16187 9178 16187 16187
14237 7740 973 5329 8069 6259 9085 10399 12233 5522 1919 16187 16187 16187 16187 16187
3842 11889 8712 5867 2023 6011 8913 12233 13931 6011 16187 4537 11889 16187 16187 11889
14237 7740 9429 7926 15621 16187 1229 630 16187 983 1919 16187 16187 16187 16187 16187
13341 16187 16187 16187 16187 16187 16187 16187 16187 16187 16187 16187 16187 16187 16187 16187
13341 16187 3137 476 16187 786 16187 983 8719 4776 926 16187 16187 16187 1885 16187
4776 3673 9277 5329 2823 11889 926 14043 926 16187 14734 983 16187 771 16187 2167
9332 926 10967 4776 5830 926 16187 16187 16187 16187 16187 16187 16187 16187 16187 16187
3842 1957 14180 1737 16187 926 8268 4776 926 16187 6259 926 2563 16187 6259 926
926 5867 9957 9498 3098 16187 14397 1955 926 16187 6140 16187 6535 10719 4776 2563
3171 926 8710 14180 4776 2148 5820 14237 2519 16187 16187 16187 16187 16187 16187 16187
3842 3171 2856 11889 4776 12012 16187 3364 2823 15715 6259 926 16187 16187 16187 16187
3171 10033 8710 6259 5948 3177 10770 16187 779 6259 5948 3177 10770 16187 16187 11063
5498 3112 4776 954 14734 16058 16187 16187 16187 16187 16187 16187 16187 16187 16187 16187
3842 1919 12127 926 3177 5937 1750 16187 8268 8712 16105 9070 16187 16187 12349 16187
10619 9484 926 16187 7740 11889 3171 2563 16187 11839 6813 16187 16187 14237 4032 16187
594 8712 9084 9754 6856 12233 5627 2103 16187 16187 16187 16187 16187 16187 16187 16187
3842 8712 16187 63 16187 16187 10033 8268 4776 2601 16187 9004 16187 9332 16187 16187
5463 8710 487 15389 16187 2148 926 2598 16187 15202 4776 9431 16187 16187 3451 16187
1229 926 8959 12463 4776 14207 926 16187 16187 16187 16187 16187 16187 16187 16187 16187
3842 11889 8712 5867 2023 6011 8913 12233 13931 6011 16187 4537 11889 16187 16187 11889
14237 6259 3098 3211 8712 8710 16187 14237 4032 15715 16187 16187 16187 16187 8456 16187
10407 766 926 926 13021 926 16187 16187 16187 16187 16187 16187 16187 16187 16187 16187
3842 1919 12127 926 3177 5937 1750 16187 8268 8712 16105 9070 16187 16187 16187 15096
7926 7076 6259 926 3827 926 10921 9941 14237 926 16187 16187 16187 16187 16187 4311
6826 854 14237 2115 12036 16187 16187 16187 16187 16187 16187 16187 16187 16187 16187 16187
3842 1957 14180 1737 16187 926 16187 926 8268 926 14237 8810 3847 8710 926 16187
6826 3177 4776 564 4440 8719 3171 2296 12606 2563 10057 1778 15597 926 16187 16187
7740 11839 8712 4931 3098 16187 16187 16187 16187 16187 16187 16187 16187 16187 16187 16187
7740 11839 5463 8712 4931 4537 11889 12440 926 9139 8268 4931 7740 223 16187 16187
7740 11839 8712 4931 3098 16187 16187 14237 2308 16187 4537 1955 7742 16187 16187 8719
1378 6150 8569 3235 2446 8710 4776 2167 12491 10501 3177 6359 3994 15781 16187 16187
3842 1919 12127 926 3177 5937 1750 16187 8268 8712 16105 9070 16187 16187 12349 16187
1378 3177 4776 7705 1781 8331 8084 16105 16187 2563 16187 12606 16187 15096 16187 308
14919 9484 9296 7740 4931 6391 15389 6672 2837 9655 4776 3366 1857 16187 16187 16187
3842 1957 14180 1737 16187 12467 16187 8268 926 14237 926 16187 16187 16187 16187 16187
14919 9484 16187 7453 6006 4931 2176 8719 926 8268 7740 926 16187 926 16187 16187
3171 12010 9070 6259 3098 8855 3177 4776 9431 9248 15930 830 6259 2067 6378 16187
3842 3171 16187 9264 10401 16187 273 8719 1954 15842 16187 16187 16187 16187 1957 16187
3171 8710 6259 6070 11788 2563 11953 1954 11552 1584 16187 16187 16187 7740 1453 15096
91 14776 12276 12923 15180 1919 4776 10033 13341 16187 16187 16187 16187 16187 16187 16187
3842 1957 14180 1737 16187 12467 16187 10315 13089 1954 926 14029 926 16187 16187 16187
4537 5272 12233 8733 6259 926 4240 15715 8712 16187 7347 4776 2563 16187 16187 16187
926 8268 14029 4776 16146 4751 8268 8710 6259 13074 8808 16187 16187 16187 16187 16187
3842 3171 2856 11889 4776 12012 16187 3364 2823 15715 6259 926 16187 16187 16187 16187
926 8268 926 8268 6070 15438 8710 6259 1903 13734 16187 2563 16187 10571 15096 16187
926 8719 12894 5208 10610 6259 2563 16187 16187 16187 16187 16187 16187 16187 16187 16187
3842 3171 2856 11889 4776 12012 16187 3364 2823 15715 6259 926 16187 16187 16187 16187
926 926 4931 4868 16187 16187 6500 15658 684 4776 926 3177 4776 6664 16187 7981
4776 831 2894 8710 8268 926 8710 2856 16187 16187 16187 16187 16187 16187 16187 16187
4776 4267 8084 16187 2563 8710 926 8268 14043 4776 926 2598 16187 2598 16187 3286
4776 4267 8710 10501 2598 16187 16187 1644 12233 2552 16187 3137 16187 14734 1133 16187
13084 4750 926 91 16187 16187 16187 16187 16187 16187 16187 16187 16187 16187 16187 16187
3842 1919 12127 926 3177 5937 1750 16187 8268 8712 16187 16187 16187 8440 16187 16187
4776 13839 14776 10355 14237 926 926 3112 830 6259 10762 8887 16187 14237 4881 8719
926 5580 8710 8213 8719 1885 297 10033 16187 16187 16187 16187 16187 16187 16187 16187
3842 1957 14180 1737 16187 926 8268 4776 926 16187 6259 926 2563 16187 2308 16187
926 8710 6259 9964 13868 3211 1919 6259 14397 10569 14351 8712 5867 5329 2689 16187
8712 12232 9754 15784 8712 1019 8726 6011 11031 1132 6173 16187 16187 16187 16187 16187
8712 5867 5329 6259 16167 10033 4032 15715 13348 16187 11401 16187 2588 2563 16187 16187
8712 5867 6259 10355 9203 16187 12008 656 5463 14237 5388 16187 926 16187 926 926
3171 8710 15662 820 3094 4776 9442 11007 7045 14043 4776 8554 7045 16187 16187 16187
3171 8710 5329 6259 14603 12567 2563 16187 12276 14180 926 13348 16187 14180 926 8719
3171 8710 6259 6070 10355 2563 16187 643 16187 9442 8268 9222 16187 9442 16187 11339
8712 12260 2446 2823 656 15525 7742 16187 16187 16187 16187 16187 16187 16187 16187 16187
8712 779 14691 12233 4552 1919 15721 11889 1138 12781 5711 14043 1138 7377 5711 16187
8712 779 6259 1948 14443 3177 4203 15649 15213 10324 8712 14237 13549 8712 643 16187
4404 8710 384 2543 8719 1378 13811 14237 4311 3112 1954 15451 10072 195 16187 16187
3842 1919 12127 926 3177 5937 1750 16187 8268 8712 16105 9070 16187 16187 12349 16187
4776 13839 8710 10355 8268 13084 8914 14069 16187 7310 16187 830 15597 16058 16187 16187
13136 926 3847 6259 10602 15781 1955 4776 12820 7416 926 16187 16187 16187 16187 16187
3842 1919 12127 926 3177 5937 1750 16187 8268 8712 16105 9070 16187 16187 16187 12349
7926 8710 4335 16187 4776 10033 14237 63 3177 8712 16187 16187 16187 11998 9940 16187
4421 926 5867 8808 4931 3098 8268 7926 2326 118 643 12233 5463 954 16187 16187
3842 1919 12127 926 3177 5937 1750 16187 8268 8712 16105 9070 16187 16187 16187 12349
926 5867 9957 9498 3098 16187 10418 8719 4776 1419 16187 789 926 16187 16187 16187
1919 6852 1583 983 8268 14734 8808 14005 926 1919 6259 10995 13474 10272 16187 16187
3842 1957 14180 1737 16187 926 16187 926 8268 926 14237 8810 16187 16187 10207 16187
926 5867 9957 9498 3098 16187 14397 1955 926 16187 12820 16187 14734 4707 16187 8455
926 8268 926 8268 926 14237 926 499 9070 16187 16187 16187 16187 16187 16187 16187
926 8268 926 8268 926 14237 926 499 9070 16187 16187 926 16187 16187 1138 926
926 8268 926 8268 6070 15438 8710 6259 15174 14217 16187 16187 16187 14734 926 16187
12008 10918 12233 4776 926 16187 16187 16187 16187 16187 16187 16187 16187 16187 16187 16187
12008 7740 4931 9872 16187 926 8719 4776 16187 16187 16187 16187 16187 5046 16187 16187
12008 7740 11553 12233 1436 4776 5393 4776 7970 16187 16187 926 16187 16187 926 16187
4776 9790 8157 3177 8710 1957 4189 8719 7661 16187 16187 16187 16187 16187 16187 16187
4776 4267 8084 16187 2563 8710 926 8268 14043 4776 926 2598 16187 2598 16187 3286
4776 1754 3177 4776 10033 926 1094 8719 6929 14237 9780 12538 16187 16187 3356 16187
7740 11553 6259 13477 11953 9828 16187 16187 16187 16187 16187 16187 16187 16187 16187 16187
7740 11553 13084 10400 9563 6041 4325 4552 9754 5111 12233 11553 630 11198 16187 16187
7740 11530 926 926 8719 3171 16187 643 12233 2823 6259 926 16187 16187 16187 16187
4776 7310 284 14776 3098 14237 4776 11404 14776 8213 16187 16187 16187 16187 16187 16187
4776 4267 8084 16187 12545 5629 3171 2563 16187 477 8719 4776 926 16187 16187 16187
4776 10418 8710 8213 13348 16187 6718 4125 16187 6259 926 16187 16187 16187 16187 16187
11889 14734 16146 6721 8268 14069 5867 6259 5923 8268 14995 8268 6861 6977 16187 16187
3842 1957 14180 1737 16187 926 16187 926 8268 926 14237 8810 3847 8710 8719 1885
7740 11530 4776 11773 8268 800 13094 3177 4776 14596 91 16187 10710 10810 16187 926
7740 11839 7926 4931 12256 13084 6178 14069 16187 16187 16187 16187 16187 16187 16187 16187
3842 1957 14180 1737 16187 926 8268 4776 926 16187 6259 926 2563 16187 2308 16187
7740 11839 8712 4931 1954 12256 10033 16187 926 14237 926 16187 15819 16187 16187 16187
4776 2494 14043 12303 15956 3211 16187 16187 16187 16187 16187 16187 16187 16187 16187 16187
4776 4267 8084 16187 12545 5629 3171 2563 16187 8093 926 16187 16187 16187 16187 11889
4776 13811 14237 6006 14776 2446 9431 14263 16187 9431 2563 8268 7740 9429 16187 630
7740 9084 9754 8069 3286 5463 5 1243 7001 2837 8719 4776 10033 16187 16187 16187
7740 9084 9754 11889 5463 1957 14180 16187 7612 926 16187 16187 16187 16187 14241 16187
7740 11530 8712 16187 8719 12276 643 1919 4776 9431 10217 16187 16187 9178 16187 16187
