15662 4931 3171 2563 8084 16105 2598 16187 16187 16187 16187 16187 16187 16187 16187 16187
3842 3171 2856 11889 4776 12012 16187 3364 5329 12233 6276 12008 7926 16187 16187 2598
8712 5867 6259 10355 8704 830 9070 16187 13341 16187 4776 6363 16187 16187 16187 15715
8719 16146 15721 8268 14069 12232 2823 13084 1585 926 11577 7926 8592 1229 13348 16187
3842 3171 2856 11889 4776 12012 16187 3364 5329 12233 6276 12008 7926 16187 16187 2598
926 5867 3809 6006 3112 9425 12835 8719 4776 10983 16187 8712 8712 16187 6535 16187
12008 8712 8710 9591 830 9070 13348 16187 16187 16187 16187 16187 16187 16187 16187 16187
3842 3171 2856 11889 4776 12012 16187 3364 5329 12233 6276 12008 7926 16187 16187 2598
8712 5867 6259 7168 10033 7542 16187 15096 16187 14855 12233 926 16187 926 16187 16187
6363 9484 9431 3177 14180 8268 7740 973 5329 6259 10887 12007 14230 16187 16187 16187
3842 3171 2856 11889 4776 12012 16187 3364 5329 12233 6276 12008 7926 16187 16187 2598
6363 16187 4546 13348 16187 4320 4776 2563 4776 9627 5801 3177 7093 16187 16187 16187
7740 9429 8712 10399 12233 12349 11274 3171 2563 16187 16187 16187 16187 16187 16187 16187
7740 4552 9754 15956 16187 8712 4537 8710 9754 926 16187 16187 16187 16187 16187 14125
7740 9429 8712 10399 12233 12349 11274 3171 2563 16187 8569 16187 3278 16187 16187 16187
3171 10033 779 5372 4776 12107 8268 12233 2263 486 16187 16187 16187 16187 16187 16187
3842 3171 2856 11889 4776 12012 16187 3364 5329 12233 6276 12008 7926 16187 16187 2598
3171 10033 8710 6259 12260 2552 830 926 14237 12071 16187 5332 16187 954 16187 8719
8069 8726 4487 6930 2148 14258 16187 16187 16187 16187 16187 16187 16187 16187 16187 16187
3842 16187 16187 1737 4776 5830 157 5867 16187 926 8719 926 16187 16187 983 16187
7740 11530 8712 16187 8719 12276 11021 14237 926 8710 10915 16187 16187 816 16187 16187
10918 8719 926 8268 4776 926 14776 9808 13285 14237 15689 6259 926 3177 16187 16187
3842 3171 2856 11889 4776 12012 16187 3364 5329 12233 6276 12008 7926 16187 16187 2598
7740 11530 8712 16187 8719 12276 11021 14237 926 8710 10915 16187 16187 816 16187 16187
8719 926 6011 3644 9754 7001 223 16187 16187 16187 16187 16187 16187 16187 16187 16187
3842 3171 2856 11889 4776 12012 16187 3364 5329 12233 6276 12008 7926 16187 16187 2598
926 5867 9534 1955 4776 5424 926 8710 14311 14237 8700 16187 8710 1344 854 16187
13907 5463 14069 12232 11553 12766 14691 12233 12650 1957 14180 16187 16187 16187 16187 16187
3842 16187 16187 1737 4776 5830 157 5867 16187 8719 11247 16187 1378 12233 4776 16187
7740 11530 8712 16187 8719 12276 11021 14237 926 8710 10915 16187 16187 1229 9290 16187
9084 9754 9455 5633 2598 16187 16187 16187 16187 16187 16187 16187 16187 16187 16187 16187
3842 8712 16187 63 10566 10569 3171 10033 16187 16187 9004 4776 5820 1787 16187 2500
12008 3484 13089 8710 926 16187 16187 1885 16187 1381 13348 16187 16187 16187 4311 10355
5356 8093 13942 12233 11553 6259 10355 983 1957 1157 16187 16187 16187 16187 16187 16187
3842 16187 16187 1737 4776 5830 926 16187 8268 14180 7740 11553 12233 2552 16187 16187
7740 11530 8712 16187 8719 12276 11021 14237 926 8710 10915 16187 16187 816 16187 7740
7926 8710 6259 3098 950 14237 7926 939 8712 2296 16187 16187 16187 16187 16187 16187
3842 3171 2856 11889 4776 12012 16187 3364 5329 12233 6276 12008 7926 16187 16187 2598
8712 8710 6259 3257 1955 6259 14038 1093 2563 16187 6259 2563 10272 16187 16187 12349
7740 1110 13089 8081 5388 14776 2689 13348 16187 16187 16187 16187 16187 16187 16187 16187
3842 3171 2856 11889 4776 12012 16187 3364 5329 12233 6276 12008 7926 16187 16187 2598
7740 1110 8712 15978 3177 2263 5404 13094 14237 795 12835 16187 2148 16187 16187 16187
5695 10033 16187 16187 16187 16187 16187 16187 16187 16187 16187 16187 16187 16187 16187 16187
3842 3171 2856 11889 4776 12012 16187 3364 5329 12233 6276 12008 7926 16187 16187 2598
926 8710 6259 869 2844 14281 3177 1213 6259 15265 16187 926 16187 16187 16187 16187
926 926 2384 6259 6140 13839 8719 3171 14575 3080 5258 12507 1330 16187 16187 16187
3842 3171 2856 11889 4776 12012 16187 3364 5329 12233 6276 12008 7926 16187 16187 16187
926 16187 15721 14776 926 12233 4776 926 3177 6259 14453 16187 926 16187 926 16187
12008 6407 10121 8710 3461 2984 1885 8656 926 6259 11401 8268 16137 2823 1423 16187
3842 3171 2856 11889 4776 12012 16187 3364 5329 12233 6276 12008 7926 16187 16187 2598
12008 4776 12536 8710 6297 3257 16187 9316 926 16187 16187 16187 10957 16187 8719 4776
10394 6672 13887 6259 6390 5200 1957 14589 4366 14585 15096 16187 16187 16187 16187 16187
3842 3171 2856 11889 4776 12012 16187 3364 5329 12233 6276 12008 7926 16187 16187 2598
4776 10418 8710 6535 10355 8268 12495 16187 6173 16187 2097 3177 14734 16187 16187 16187
4776 7310 284 1213 1955 4776 5375 4440 16187 16187 16187 16187 16187 16187 16187 16187
4776 1754 8710 405 16187 12650 16187 16187 16187 16187 16187 16187 16187 16187 16187 16187
4776 10418 8710 6535 10355 8268 12495 16187 6173 16187 2097 3177 14734 16187 16187 16187
8712 15452 11889 926 10894 3748 2148 512 7926 3364 4072 16187 16187 16187 16187 16187
3842 3171 2856 11889 4776 12012 16187 3364 5329 12233 6276 12008 7926 16187 16187 2598
8712 5867 6259 10355 8704 830 9070 16187 13341 16187 6363 16187 16187 1110 16187 16187
14237 5463 5867 15662 4325 14776 4032 15715 16187 16187 16187 16187 16187 16187 16187 16187
3842 3171 2856 11889 4776 12012 16187 3364 5329 12233 6276 12008 7926 16187 16187 2598
8712 5867 6259 7168 10033 7542 16187 15096 16187 14855 12233 926 16187 926 16187 926
203 9084 9519 3950 13644 6550 14734 11778 13089 7926 4931 11930 2598 2598 16187 16187
3842 3171 2856 11889 4776 12012 16187 3364 5329 12233 6276 12008 7926 16187 16187 2598
14272 6259 3098 8344 13348 16187 4776 2563 16187 14125 14237 6011 16187 13904 9290 16187
14069 5867 2326 5568 6826 6087 2439 91 14237 14069 16187 16187 16187 16187 16187 16187
3842 8712 16187 63 14029 4776 653 8268 4776 10033 16187 926 16187 16187 16187 16187
8712 5867 1344 15389 12233 1654 16187 14180 16187 16146 16187 14180 16187 16187 8719 16187
12276 9574 3257 476 16187 16187 16187 16187 16187 16187 16187 16187 16187 16187 16187 16187
3842 3171 2856 11889 4776 12012 16187 3364 5329 12233 6276 12008 7926 16187 16187 2598
4776 13811 14237 12013 14776 1971 14237 9526 13907 3760 14808 12233 11239 16187 16187 16187
8726 6011 14776 6259 1138 926 5711 14230 8268 8197 4776 10033 6259 3984 16187 16187
3842 3171 2856 11889 4776 12012 16187 3364 5329 12233 6276 12008 7926 16187 16187 2598
7740 11530 8712 16187 8719 12276 11021 14237 926 8710 10915 16187 16187 816 16187 16187
9059 926 15975 8726 7926 15846 2823 3137 16187 16187 16187 16187 16187 16187 16187 16187
3842 3171 2856 11889 4776 12012 16187 3364 5329 12233 6276 12008 7926 16187 16187 2598
926 5867 5736 9565 1885 1919 15778 16187 2588 4832 16187 13216 4837 4776 16187 16187
8712 4931 9770 3177 4776 9964 16187 16187 16187 16187 16187 16187 16187 16187 16187 16187
3842 3171 2856 11889 4776 12012 16187 3364 5329 12233 6276 12008 7926 16187 16187 2598
8712 8710 6259 3257 1955 6259 14038 1093 2563 16187 6259 2563 10272 16187 16187 16187
926 8710 11953 12422 14868 5179 12233 926 15525 4387 16187 16187 16187 16187 16187 16187
3842 3171 2856 11889 4776 12012 16187 3364 5329 12233 6276 12008 7926 16187 16187 2598
926 8710 6259 2176 13501 14237 4776 926 926 14776 8213 9890 16187 926 16187 16187
1378 10293 7347 4609 10967 3171 13348 16187 16187 16187 16187 16187 16187 16187 16187 16187
3842 3171 2856 11889 4776 12012 16187 3364 5329 12233 6276 12008 7926 16187 16187 2598
1378 3177 4776 564 6593 3177 926 16187 926 14776 4776 926 16187 16187 16187 926
7740 968 1436 3171 2563 8710 5812 12008 8712 3364 11553 12766 8270 16187 16187 16187
3842 16187 16187 1737 4776 5830 926 3177 4776 926 2563 16187 16187 16187 16187 16187
7740 11530 8712 16187 8719 12276 11021 14237 926 8710 10915 16187 16187 816 16187 16187
926 8268 4776 1754 3177 4776 10033 3847 5329 4230 16187 16187 16187 16187 16187 16187
3842 3171 2856 11889 4776 12012 16187 3364 5329 12233 6276 12008 7926 16187 16187 2598
926 16187 15721 14776 926 12233 4776 926 3177 6259 14453 16187 926 16187 16187 926
926 8268 5678 1853 13348 16187 16187 16187 16187 16187 16187 16187 16187 16187 16187 16187
3842 3171 2856 11889 4776 12012 16187 3364 5329 12233 6276 12008 7926 16187 16187 2598
926 16187 15721 14776 926 12233 4776 926 3177 6259 14453 16187 926 16187 926 16187
12958 8710 14029 4776 7687 16187 16187 16187 16187 16187 16187 16187 16187 16187 16187 16187
3842 3171 2856 11889 4776 12012 16187 3364 5329 12233 6276 12008 7926 16187 16187 2598
4776 13811 8710 12256 16187 16187 10418 14237 13474 11553 8712 6297 15452 6070 232 16187
926 10543 16187 16187 16187 16187 16187 16187 16187 16187 16187 16187 16187 16187 16187 16187
3842 3171 2856 11889 4776 12012 16187 3364 5329 12233 6276 12008 7926 16187 16187 2598
926 8710 6259 2176 13501 14237 4776 926 926 14776 8213 9890 16187 926 16187 16187
14919 9484 16187 16187 16187 16187 16187 16187 16187 16187 16187 16187 16187 16187 16187 16187
3842 3171 2856 11889 4776 12012 16187 3364 5329 12233 6276 12008 7926 16187 16187 2598
14919 9484 16187 2842 5867 4776 564 3177 926 16187 16187 16187 10983 16187 7367 16187
12008 4776 6499 8268 8719 10025 8268 3007 6070 5820 16187 16187 16187 16187 16187 16187
3842 3171 2856 11889 4776 12012 16187 3364 5329 12233 6276 12008 7926 16187 16187 2598
12008 4776 10033 3847 11553 6259 899 8268 9422 16187 1110 16187 10033 16187 16187 16187
14767 10272 6276 16187 16187 16187 16187 16187 16187 16187 16187 16187 16187 16187 16187 16187
3842 16187 16187 1737 4776 5830 926 16187 8268 14180 7740 11553 12233 2552 16187 16187
926 5867 5736 9565 1885 1919 15778 16187 2588 4832 16187 13216 4837 4776 3384 16187
4776 926 8268 684 2837 12632 926 8268 10272 6276 6905 16187 16187 16187 16187 16187
3842 3171 2856 11889 4776 12012 16187 3364 5329 12233 6276 12008 7926 16187 16187 2598
4776 926 926 11711 12940 1919 4312 16187 1919 16187 12495 16187 16187 1885 16187 16187
1378 3177 926 5867 11998 926 4931 926 6662 926 16187 16187 16187 16187 16187 16187
3842 3171 2856 11889 4776 12012 16187 3364 5329 12233 6276 12008 7926 16187 16187 2598
4776 12835 14776 7742 926 14237 4512 4618 16187 4537 16187 1381 16187 16187 16187 14125
14237 4918 14180 5463 8268 3171 8710 3553 16187 16187 16187 16187 16187 16187 16187 16187
3842 3171 2856 11889 4776 12012 16187 3364 5329 12233 6276 12008 7926 16187 16187 2598
14237 5463 8710 14272 8710 1229 5695 11953 8712 16187 16187 16187 16187 10671 11889 8712
6161 8710 14272 10889 16187 16187 16187 16187 16187 16187 16187 16187 16187 16187 16187 16187
3842 3171 2856 11889 4776 12012 16187 3364 5329 12233 6276 12008 7926 16187 16187 2598
926 8710 15848 16187 16187 926 1919 4776 16003 16187 926 16187 16187 13474 5867 16187
6173 4776 14599 4931 16150 3682 14237 3790 16187 16187 16187 16187 16187 16187 16187 16187
3842 3171 2856 11889 4776 12012 16187 3364 5329 12233 6276 12008 7926 16187 16187 2598
6173 16187 12260 2823 10399 12233 8152 3171 16187 16187 132 14237 6259 10033 16187 16187
1094 4776 4927 8268 2066 14237 2977 926 5509 1954 8986 3888 8630 1909 9290 16187
3842 3171 2856 11889 4776 12012 16187 3364 5329 12233 6276 12008 7926 16187 16187 2598
7740 11530 8712 16187 8719 12276 11021 14237 926 8710 10915 16187 1229 9290 16187 16187
10418 6363 9484 14596 6363 9484 7151 9850 9484 11530 8712 16187 16187 16187 16187 16187
3842 3171 2856 11889 4776 12012 16187 3364 5329 12233 6276 12008 7926 16187 16187 2598
6363 16187 4546 13348 16187 4320 4776 9465 6683 4776 5820 10501 16187 16187 16187 16187
14237 4776 10033 779 6259 15147 315 16187 16187 16187 16187 16187 16187 16187 16187 16187
3842 3171 2856 11889 4776 12012 16187 3364 5329 12233 6276 12008 7926 16187 16187 2598
8712 5867 6259 10355 8704 830 9070 16187 13341 16187 4776 6363 16187 16187 16187 16187
12990 8268 4776 132 4931 14180 223 830 630 3177 4776 10033 16187 16187 16187 16187
3842 3171 2856 11889 4776 12012 16187 3364 5329 12233 6276 12008 7926 16187 16187 2598
926 5867 3809 6006 3112 9425 12835 8719 4776 10983 16187 8712 8712 16187 6535 16187
5332 91 5867 4776 8855 16187 16187 16187 16187 16187 16187 16187 16187 16187 16187 16187
3842 1957 14180 1737 16187 12467 16187 8268 14734 9869 16187 2543 16187 10373 16187 2296
12008 3484 13089 8710 926 16187 16187 5296 1955 14734 1955 14734 1955 14734 15180 16187
1750 926 5917 11672 5937 5763 3177 3171 14251 16187 16187 16187 16187 16187 16187 16187
3842 3171 2856 11889 4776 12012 16187 3364 5329 12233 6276 12008 7926 16187 16187 2598
926 8710 1378 3177 9743 16187 8185 5463 7740 11553 16105 16187 5830 926 16187 16187
4776 4927 7926 7044 4776 7151 830 12401 3384 3112 4776 3384 13758 11912 16187 16187
3842 3171 2856 11889 4776 12012 16187 3364 5329 12233 6276 12008 7926 16187 16187 2598
4776 14596 8710 5516 13348 16187 2543 16187 6718 983 4776 16146 5898 16187 3553 12115
15064 11063 1957 564 8268 11719 7749 6918 14237 3234 1919 4776 3052 16187 16187 16187
3842 3171 2856 11889 4776 12012 16187 3364 5329 12233 6276 12008 7926 16187 16187 2598
4776 12835 14776 7742 926 14237 4512 4618 16187 4895 13348 16187 4832 16187 5022 16187
6173 16187 16187 16187 16187 16187 16187 16187 16187 16187 16187 16187 16187 16187 16187 16187
3842 3171 2856 11889 4776 12012 16187 3364 5329 12233 6276 12008 7926 16187 16187 2598
6173 16187 2684 2608 16187 1019 10967 4776 12298 3177 4776 9431 16187 6070 9431 9780
926 926 4931 4776 564 1023 830 6259 4917 13086 6816 1781 12887 16187 16187 16187
3842 3171 2856 11889 4776 12012 16187 3364 5329 12233 6276 12008 7926 16187 16187 2598
926 926 8710 12256 16187 16187 14237 926 926 16187 8571 16187 14745 16187 16187 16187
4776 2122 6179 13501 8719 4776 14394 3177 3676 5867 14634 15561 11369 16187 16187 16187
3842 3171 2856 11889 4776 12012 16187 3364 5329 12233 6276 12008 7926 16187 16187 2598
4776 10418 8710 12489 14708 16187 11772 12739 7003 10978 16187 14596 5463 16187 16187 16153
10619 9484 7740 15956 5463 820 14237 14678 14657 11530 3171 2563 16187 16187 16187 16187
7740 4552 9754 15956 16187 14180 703 11953 3171 2563 16187 16187 13999 16187 5948 16187
7740 11530 12958 11953 3171 2563 14237 7740 2308 6011 12233 2552 16187 16187 8719 4776
1378 2563 5463 7740 3364 9884 1959 14180 12349 10036 4240 8712 4931 12349 16187 16187
3842 16187 16187 1737 4776 5830 926 16187 8268 14180 7740 11553 12233 2552 16187 16187
5463 5867 4776 7610 12233 4776 10033 16187 16187 16187 1138 926 926 5711 16187 16187
926 9813 868 5119 91 14237 8712 5867 6797 16187 16187 16187 16187 16187 16187 16187
3842 3171 2856 11889 4776 12012 16187 3364 5329 12233 6276 12008 7926 16187 16187 2598
926 8710 3257 1955 926 16187 15658 5341 16187 7733 1378 3177 14734 16058 16187 16187
4552 4325 5297 12003 3171 1927 14029 4776 8781 4330 2598 16187 16187 16187 16187 16187
3842 3171 2856 11889 4776 12012 16187 3364 5329 12233 6276 12008 7926 16187 16187 2598
6173 16187 14426 830 1954 926 16187 10033 16187 2148 16187 16187 16187 11889 16187 8185
14237 6011 15956 5463 3644 9754 2823 8569 16187 16187 16187 16187 16187 16187 16187 16187
3842 8712 16187 63 14029 4776 653 8268 4776 10033 16187 926 16187 16187 16187 16187
14237 7740 9084 16187 14237 12650 9594 14237 13546 1133 16187 2148 926 16187 16187 16187
3171 5095 3364 2326 8197 6011 4776 6143 13348 16187 16187 16187 16187 16187 16187 16187
3842 3171 2856 11889 4776 12012 16187 3364 5329 12233 6276 12008 7926 16187 16187 2598
8712 8710 6259 3098 12805 16187 8268 14237 4776 4152 16187 6535 7742 16187 16187 16187
2466 8268 8712 5867 8290 15624 16187 16187 16187 16187 16187 16187 16187 16187 16187 16187
3842 8712 16187 63 10566 10569 3171 10033 16187 4776 14596 16187 1110 16187 16187 16187
5463 5867 8712 16187 1110 15715 8712 16187 6006 14237 1110 16187 16187 16187 1436 16187
4776 4152 8710 5329 10589 2002 14237 7094 14029 4776 10646 513 3177 8353 16187 16187
3842 3171 2856 11889 4776 12012 16187 3364 5329 12233 6276 12008 7926 16187 16187 2598
4776 14596 8710 5516 13348 16187 2543 16187 6718 983 4776 16146 5898 16187 3553 12115
11005 8983 8710 15870 4776 564 4779 6041 4776 9745 3177 132 16187 16187 16187 16187
3842 3171 2856 11889 4776 12012 16187 3364 5329 12233 6276 12008 7926 16187 16187 2598
6259 10355 6155 3177 983 12233 7938 1378 3177 926 5867 10566 5796 10145 16187 16187
6011 5208 14581 4776 15416 5629 4776 10217 10731 16187 16187 16187 16187 16187 16187 16187
3842 3171 2856 11889 4776 12012 16187 3364 5329 12233 6276 12008 7926 16187 16187 2598
7740 11530 8712 16187 8719 12276 11021 1229 8712 8710 6297 8270 16187 16187 16187 16187
9455 1919 13353 13695 4776 94 10913 247 2903 8858 16187 16187 16187 16187 16187 16187
3842 3171 2856 11889 4776 12012 16187 3364 5329 12233 6276 12008 7926 16187 16187 2598
7926 8710 4335 16187 1229 4776 926 16187 7651 16187 7076 4776 9431 16187 4763 16187
13474 779 15174 8268 10887 15181 830 14180 3177 2904 12233 2665 16187 16187 16187 16187
3842 8712 16187 63 2365 8855 16187 4776 6071 10983 16187 16187 16187 11889 16187 7970
7926 14827 7926 5208 1381 2903 12233 1885 14237 159 6259 4251 15571 16187 16187 16187
14255 12028 929 8719 4776 2563 8268 4776 10217 11553 1504 2550 16187 16187 16187 16187
3842 3171 2856 11889 4776 12012 16187 3364 5329 12233 6276 12008 7926 16187 16187 2598
6259 5948 16187 7768 14237 4537 12431 1411 12233 4776 2563 16187 16187 16187 16187 7251
13474 4537 3847 9754 2238 91 16187 16187 16187 16187 16187 16187 16187 16187 16187 16187
3842 8712 16187 63 2365 8268 1378 3177 4776 2563 5463 5208 2823 8268 11889 16187
13474 5867 10917 1957 2165 1885 926 772 10397 8719 4269 16187 16187 11889 16187 16187
3171 1514 14745 12911 14237 13424 14734 6120 5917 16187 16187 16187 16187 16187 16187 16187
3842 3171 2856 11889 4776 12012 16187 3364 5329 12233 6276 12008 7926 16187 16187 2598
4776 14596 8710 5516 13348 16187 2543 16187 6718 983 4776 16146 5898 16187 3553 12115
4394 1955 7742 8710 4776 6006 14237 11646 8719 3171 5695 2615 3177 4776 7671 16187
3842 3171 2856 11889 4776 12012 16187 3364 5329 12233 6276 12008 7926 16187 16187 2598
926 8710 1378 3177 9743 16187 8185 5463 7740 11553 16105 16187 5830 926 16187 16187
13474 2446 8746 6259 926 11215 51 16187 16187 16187 16187 16187 16187 16187 16187 16187
3842 8712 16187 63 2365 8855 16187 2563 16187 8081 16187 16187 16187 14237 926 16187
13474 8710 3011 8268 12247 14237 15430 16187 926 8712 926 16187 926 16187 926 16187
2446 8268 14069 14776 6826 7855 3766 8719 3171 2563 16187 16187 16187 16187 16187 16187
3842 1957 14180 1737 16187 12467 16187 8268 14734 9869 5867 2313 16187 13949 16187 10104
926 5867 9534 1955 4776 5424 926 8710 14311 14237 8700 16187 8710 1344 854 16187
926 5867 9335 8710 8268 6259 1990 3011 14217 8004 10355 15452 10567 14745 16187 16187
3842 3171 2856 11889 4776 12012 16187 3364 5329 12233 6276 12008 7926 16187 16187 2598
926 5867 9534 1955 4776 5424 926 8710 14311 14237 8700 16187 8710 1344 854 16187
1094 4776 4927 8268 6259 5948 3177 2432 14237 3177 1245 10298 16187 16187 16187 16187
3842 3171 2856 11889 4776 12012 16187 3364 5329 12233 6276 12008 7926 16187 16187 2598
4776 12835 14776 7742 926 14237 4512 4618 16187 4537 16187 1381 16187 16187 16187 14125
1019 7740 9084 9754 6173 16187 16187 16187 16187 16187 16187 16187 16187 16187 16187 16187
7740 4552 9754 15956 16187 14180 703 11953 3171 2563 16187 16187 8719 16187 16187 16187
7740 11530 8712 16187 8719 12276 11021 1229 8712 8710 6297 8270 16187 16187 16187 4311
4776 11991 5480 9685 8710 6388 16187 16187 16187 16187 16187 16187 16187 16187 16187 16187
4776 2563 8710 5329 1791 8719 13592 4927 16187 14237 14734 10418 16187 6535 16187 16187
4776 10418 8710 12489 14708 16187 11772 12739 7003 10978 16187 14596 5463 16187 16187 16187
4776 10190 2018 4776 6688 12233 8467 6259 10894 12495 1507 16187 16187 16187 16187 16187
4776 4152 8710 5329 6852 16187 12349 16187 12489 8719 12127 443 16187 16187 16187 926
4776 10033 8710 3332 9575 14237 6381 5022 16187 16187 16187 14397 10373 16187 16187 16187
7740 926 4776 14112 14029 1482 12669 6259 13879 16187 16187 16187 16187 16187 16187 16187
3842 3171 2856 11889 4776 12012 16187 3364 5329 12233 6276 12008 7926 16187 16187 2598
7740 926 4776 15909 14281 16187 7742 16187 12008 7740 2296 16187 16187 16187 16187 1378
6826 3098 5358 16187 16187 16187 16187 16187 16187 16187 16187 16187 16187 16187 16187 16187
3842 3171 2856 11889 4776 12012 16187 3364 5329 12233 6276 12008 7926 16187 16187 2598
4776 12835 14776 7742 13663 14237 15071 16187 926 16187 15982 16187 16187 926 16187 16187
7740 5046 12020 7740 771 9754 13348 16187 16187 16187 16187 16187 16187 16187 16187 16187
7740 4552 9754 15956 16187 14180 703 11953 3171 2563 16187 16187 8719 16187 16187 16187
7740 11530 8712 16187 8719 12276 11021 1229 8712 8710 6297 8270 16187 16187 16187 6011
8712 3543 9754 12008 8719 5463 2037 8268 10669 9338 9070 16187 16187 16187 16187 16187
3842 8712 16187 63 16187 8268 4776 10033 16187 13139 16187 16187 16187 7742 16187 5084
8712 5867 6259 7168 10033 7542 16187 15096 16187 14855 12233 926 16187 926 16187 16187
9574 6363 9484 16187 16187 16187 16187 16187 16187 16187 16187 16187 16187 16187 16187 16187
3842 3171 2856 11889 4776 12012 16187 3364 5329 12233 6276 12008 7926 16187 16187 2598
6173 16187 63 983 13348 16187 13348 16187 13549 4776 926 16187 16187 926 14029 4776
8712 2326 6795 1750 926 2858 6259 10983 16187 16187 16187 16187 16187 16187 16187 16187
3842 3171 2856 11889 4776 12012 16187 3364 5329 12233 6276 12008 7926 16187 16187 2598
8712 5867 6259 7168 10033 7542 16187 15096 16187 14855 12233 926 16187 926 16187 926
4624 14180 11553 14966 11953 703 16187 16187 16187 16187 16187 16187 16187 16187 16187 16187
3842 16187 16187 1737 4776 5830 926 3177 4776 926 2563 16187 16187 16187 16187 16187
7740 11530 8712 16187 8719 12276 11021 14237 926 8710 10915 16187 16187 816 16187 2563
7740 1951 6070 3562 12233 5174 8719 4776 926 16187 16187 16187 16187 16187 16187 16187
7740 4931 223 14029 7661 8142 16187 10799 15924 8268 14237 926 14237 926 16187 16187
7740 11530 8712 16187 8719 12276 11021 1229 8712 8710 6297 8270 16187 16187 16187 16187
6259 926 12233 2823 13616 8268 12008 4032 6259 6683 8726 6011 5208 10603 8712 16187
3842 3171 2856 11889 4776 12012 16187 3364 5329 12233 6276 12008 7926 16187 16187 2598
6173 16187 63 983 13348 13348 16187 7612 14325 926 14029 16187 10376 16187 7164 16187
4776 2563 5867 926 13254 10967 2263 3052 15408 3177 1750 9809 2837 4312 16187 16187
3842 3171 2856 11889 4776 12012 16187 3364 5329 12233 6276 12008 7926 16187 16187 2598
4776 2563 8710 5005 2837 4776 15658 16187 4776 926 16187 16187 16187 16187 16187 16187
11499 12576 8268 7740 9084 9754 9429 8712 4931 6259 3098 10033 16187 16187 16187 16187
3842 16187 16187 1737 4776 5830 157 5867 16187 8719 11247 16187 1378 16187 16187 16187
7740 11530 8712 16187 8719 12276 11021 14237 926 8710 10915 16187 16187 816 16187 7740
4776 5031 14776 2446 8124 16187 16187 16187 16187 16187 16187 16187 16187 16187 16187 16187
4776 12835 14776 14977 9591 12233 8191 830 4312 16187 16187 16187 16187 8719 14734 10033
4776 10418 8710 12489 14708 16187 11772 12739 7003 10978 16187 14596 5463 16187 16187 926
14237 13474 4537 3032 10108 14069 14237 4776 5042 4537 4763 15 1957 1885 16187 16187
3842 8712 16187 63 14029 4776 653 8268 4776 10033 16187 926 16187 16187 16187 16187
14237 13474 3847 8712 11840 7742 13348 16187 4697 16187 5009 16187 1378 16187 8710 16187
10770 7178 16187 16187 16187 16187 16187 16187 16187 16187 16187 16187 16187 16187 16187 16187
3842 3171 2856 11889 4776 12012 16187 3364 5329 12233 6276 12008 7926 16187 16187 2598
6259 3098 3460 16187 12276 8162 830 8455 16187 14112 16187 926 926 16187 926 16187
6173 8268 14237 4776 10033 8710 8093 15624 8268 8069 1919 2263 14910 9808 983 16187
3842 3171 2856 11889 4776 12012 16187 3364 5329 12233 6276 12008 7926 16187 16187 2598
6173 16187 7742 16187 4552 16187 393 12233 4776 1754 3177 4776 926 16187 14426 16187
6826 6854 926 14237 6259 1258 8521 4552 9754 8733 6259 10355 2563 16187 16187 16187
3842 3171 2856 11889 4776 12012 16187 3364 5329 12233 6276 12008 7926 16187 16187 2598
4776 12835 14776 7742 926 14237 4512 4618 16187 4537 16187 1381 16187 16187 16187 14125
9351 4776 926 5007 5104 5463 4776 8858 14776 5553 14237 12300 12233 15597 4686 16187
3842 3171 2856 11889 4776 12012 16187 3364 5329 12233 6276 12008 7926 16187 16187 2598
4776 10418 8710 12489 14708 16187 11772 12739 7003 2894 2563 8268 14237 8712 16187 8710
4776 653 2946 8719 3171 10033 9498 7594 16187 16187 16187 16187 16187 16187 16187 16187
3842 3171 2856 11889 4776 12012 16187 3364 5329 12233 6276 12008 7926 16187 16187 2598
4776 14596 8710 5516 13348 16187 2543 16187 6718 983 4776 16146 5898 16187 3553 12115
4311 8712 4931 15142 4537 1138 4776 9810 5711 16187 16187 16187 16187 16187 16187 16187
3842 16187 16187 1737 4776 5830 926 3177 4776 926 2563 16187 16187 16187 16187 16187
7740 11530 8712 16187 8719 12276 11021 14237 926 8710 10915 16187 16187 1229 9290 16187
4776 13701 14776 5329 2689 13348 16187 16187 16187 16187 16187 16187 16187 16187 16187 16187
3842 3171 2856 11889 4776 12012 16187 3364 5329 12233 6276 12008 7926 16187 16187 2598
4776 10033 8710 3332 9575 14237 6381 5022 16187 16187 16187 14397 2148 926 16187 16187
8712 4537 2474 14029 14237 14029 14237 14029 16187 16187 16187 16187 16187 16187 16187 16187
3842 3171 2856 11889 4776 12012 16187 3364 5329 12233 6276 12008 7926 16187 16187 2598
8712 5867 6259 10355 8704 830 9070 16187 13341 16187 6363 16187 16187 1110 16187 16187
7740 4931 926 10967 4776 10442 9260 4776 12298 16187 16187 16187 16187 16187 16187 16187
3842 3171 2856 11889 4776 12012 16187 3364 5329 12233 6276 12008 7926 16187 16187 2598
7740 11530 8712 16187 8719 12276 11021 1229 8712 8710 6297 8270 16187 16187 16187 16187
3061 12008 2446 12367 14237 4032 5937 983 16187 16187 16187 16187 16187 16187 16187 16187
3842 1957 14180 1737 16187 12467 16187 8268 14734 9869 5867 2313 16187 16187 15096 16187
5297 8268 8712 5867 15871 15391 8268 14237 3543 9754 2823 2329 16187 16187 16187 16187
14031 9137 5463 8710 1954 926 16187 16187 16187 16187 16187 16187 16187 16187 16187 16187
14031 8268 6683 8268 14069 5867 1991 926 13348 16187 16187 5332 16187 15202 16187 16187
14031 7742 7926 3847 6259 10602 15781 14237 8710 11789 6259 5010 2248 16187 16187 6259
4776 12894 3177 6442 9262 656 15525 14411 16187 16187 16187 16187 16187 16187 16187 16187
3842 3171 2856 11889 4776 12012 16187 3364 5329 12233 6276 12008 7926 16187 16187 2598
4776 10033 8710 3332 9575 14237 6381 5022 16187 16187 16187 14397 10373 16187 16187 16187
926 8268 4776 9834 1957 4776 6070 12298 8710 3699 7855 16187 16187 16187 16187 16187
3842 3171 2856 11889 4776 12012 16187 3364 5329 12233 6276 12008 7926 16187 16187 2598
926 16187 15721 14776 926 12233 4776 926 3177 6259 14453 16187 926 16187 16187 926
15870 8712 4931 15978 7926 4931 2148 3102 8719 4776 11413 1383 419 16187 16187 16187
3842 1957 14180 1737 16187 12467 16187 8268 14734 926 16187 643 16187 6259 926 16187
12008 3484 13089 8710 926 16187 16187 5296 1955 14734 1955 14734 1955 14734 15180 16187
3644 9754 10080 5463 16187 16187 16187 16187 16187 16187 16187 16187 16187 16187 16187 16187
14031 12276 16187 14272 7926 8710 16187 16187 13348 16187 16187 816 16187 16187 16187 16187
1378 11071 8268 2689 5820 643 3766 8268 14237 4987 3211 12233 16142 16187 16187 16187
1229 7740 12260 1436 9331 6011 12233 14037 830 14803 3171 7484 11622 10033 16187 16187
3842 3171 2856 11889 4776 12012 16187 3364 5329 12233 6276 12008 7926 16187 16187 2598
7740 11530 8712 16187 8719 12276 11021 14237 926 8710 10915 16187 16187 816 16187 16187
4311 3171 15593 13178 6887 2384 830 9197 11367 16187 16187 16187 16187 16187 16187 16187
3842 3171 2856 11889 4776 12012 16187 3364 5329 12233 6276 12008 7926 16187 16187 2598
7740 926 8712 3171 926 16187 7568 3177 1885 564 16187 2148 7345 926 16187 16187
3171 8710 5329 6259 10509 926 2563 8268 14221 10967 8712 16187 16187 16187 16187 16187
3842 3171 2856 11889 4776 12012 16187 3364 5329 12233 6276 12008 7926 16187 16187 2598
3171 8710 6259 3098 2563 8268 6259 15761 3211 16187 14596 16187 16187 16187 16187 14808
1229 5359 8268 4552 9754 2599 4776 9450 15720 12650 8712 16187 16187 16187 16187 16187
3842 16187 16187 1737 4776 5830 157 5867 16187 8719 11247 16187 1378 16187 16187 16187
7740 11530 8712 16187 8719 12276 11021 14237 926 8710 10915 16187 16187 816 16187 9576
2296 1954 12256 4963 13926 8268 926 926 5015 1955 14734 12852 16187 16187 16187 16187
3842 16187 16187 1737 4776 5830 926 16187 14180 14734 926 16187 926 16187 926 16187
7740 11530 8712 16187 8719 12276 11021 14237 926 8710 10915 16187 16187 816 16187 16187
3171 2563 12233 9070 8710 14272 7740 9429 6011 3543 2552 1378 983 16187 16187 16187
3842 3171 2856 11889 4776 12012 16187 3364 5329 12233 6276 12008 7926 16187 16187 2598
8712 5867 6259 7168 10033 7542 16187 15096 16187 14855 12233 926 16187 926 16187 16187
14237 2446 9316 8712 5332 8268 14734 2233 14237 14457 4537 13942 4927 12495 9056 16187
3842 3171 2856 11889 4776 12012 16187 3364 5329 12233 6276 12008 7926 16187 16187 2598
14237 926 926 830 1750 1213 6259 10355 2563 7508 16187 16187 6259 926 16187 16187
5332 5463 14272 7740 15142 8808 16187 16187 16187 16187 16187 16187 16187 16187 16187 16187
3842 1957 14180 1737 16187 12467 16187 8268 14397 2067 14237 15096 16187 9290 16187 16187
12008 3484 13089 8710 926 16187 16187 5296 1955 14734 1955 14734 1955 14734 15180 16187
3171 2563 8268 8719 12276 3109 8268 8710 10915 12256 13348 16187 16187 16187 16187 16187
3842 3171 2856 11889 4776 12012 16187 3364 5329 12233 6276 12008 7926 16187 16187 2598
8712 8710 6259 3098 12805 16187 8268 14237 4776 4152 16187 6535 7742 16187 16187 16187
14237 14069 5867 2148 16187 16187 16187 16187 16187 16187 16187 16187 16187 16187 16187 16187
14237 4311 14069 5867 1111 926 4776 16146 11516 16187 16187 12008 1378 3177 9743 16187
14237 8712 5867 6259 3098 5946 12233 12965 16187 5200 16187 7524 16187 926 16187 16187
830 4776 9431 12050 12028 8268 7740 771 9450 10400 14272 7740 4931 15715 16187 16187
3842 3171 2856 11889 4776 12012 16187 3364 5329 12233 6276 12008 7926 16187 16187 2598
7740 11530 12958 11953 3171 2563 14237 7740 2308 6011 12233 2552 16187 16187 8719 4776
3171 8710 6259 3098 2563 8268 6259 15761 3211 16187 16187 16187 16187 16187 16187 16187
3842 3171 2856 11889 4776 12012 16187 3364 5329 12233 6276 12008 7926 16187 16187 2598
4776 10033 8710 3332 9575 14237 6381 5022 16187 16187 16187 14397 10373 16187 16187 16187
4776 4927 4776 2223 926 2858 4776 13546 10397 4931 8213 16187 16187 16187 16187 16187
3842 3171 2856 11889 4776 12012 16187 3364 5329 12233 6276 12008 7926 16187 16187 2598
4776 14596 8710 5516 13348 16187 2543 16187 6718 983 4776 16146 5898 16187 3553 12115
6173 13348 16187 16187 16187 16187 16187 16187 16187 16187 16187 16187 16187 16187 16187 16187
3842 3171 2856 11889 4776 12012 16187 3364 5329 12233 6276 12008 7926 16187 16187 2598
6173 16187 12260 2823 10399 12233 8152 3171 16187 16187 132 14237 4032 6259 4949 16187
8712 12515 2903 12495 630 3177 4776 9577 16187 16187 16187 16187 16187 16187 16187 16187
3842 3171 2856 11889 4776 12012 16187 3364 5329 12233 6276 12008 7926 16187 16187 2598
8712 5867 6259 7168 10033 7542 16187 15096 16187 14855 12233 926 16187 926 16187 926
5463 630 8710 2148 14043 3765 4949 16187 16187 16187 16187 16187 16187 16187 16187 16187
3842 3171 2856 11889 4776 12012 16187 3364 5329 12233 6276 12008 7926 16187 16187 2598
8712 5867 6259 7168 10033 7542 16187 15096 16187 14855 16187 926 926 16187 926 926
7634 926 4931 6070 10355 8719 7661 10418 14237 7140 16187 16187 16187 16187 16187 16187
3842 16187 16187 1737 4776 5830 926 16187 2563 13348 16187 14350 16187 14350 16187 7336
926 5867 9534 1955 4776 5424 926 8710 14311 14237 8700 16187 8710 1344 854 16187
3171 10033 2446 13549 2904 16146 3098 6499 10967 15748 14237 8913 16187 16187 16187 16187
3842 3171 2856 11889 4776 12012 16187 3364 5329 12233 6276 12008 7926 16187 16187 2598
8712 8710 6259 3098 12805 16187 1019 13348 16187 11530 4776 9431 16187 6173 16187 14677
10955 8710 5297 6259 15778 8719 326 4571 16187 16187 16187 16187 16187 16187 16187 16187
3842 1957 14180 1737 16187 12467 16187 8268 14734 9869 5867 2313 16187 13949 16187 10104
926 8710 1378 3177 9743 16187 5463 926 14180 926 16187 643 16187 16187 16187 16187
2446 3171 8710 6259 8974 3177 13784 6581 16187 16187 16187 16187 16187 16187 16187 16187
3842 3171 2856 11889 4776 12012 16187 3364 5329 12233 6276 12008 7926 16187 16187 2598
926 8710 1378 3177 9743 16187 5463 926 1957 926 16187 16187 16187 926 16187 16187
1955 6280 1955 4776 926 3635 15525 6259 8811 12051 1019 16187 16187 16187 16187 16187
3842 3171 2856 11889 4776 12012 16187 3364 5329 12233 6276 12008 7926 16187 16187 2598
926 5867 9534 1955 4776 5424 926 8710 14311 14237 8700 16187 8710 1344 854 16187
2446 926 4931 4776 926 5463 12153 6905 15202 771 16187 16187 16187 16187 16187 16187
3842 3171 2856 11889 4776 12012 16187 3364 5329 12233 6276 12008 7926 16187 16187 2598
926 5867 9534 1955 4776 5424 926 8710 14311 14237 8700 16187 8710 1344 854 16187
6173 16187 16187 16187 16187 16187 16187 16187 16187 16187 16187 16187 16187 16187 16187 16187
3842 3171 2856 11889 4776 12012 16187 3364 5329 12233 6276 12008 7926 16187 16187 2598
6173 16187 2684 2608 16187 1019 10967 4776 12298 3177 4776 9431 16187 6070 9431 9780
5713 4232 1133 3177 12855 926 926 2326 14776 2326 9431 14263 926 16187 16187 16187
3842 3171 2856 11889 4776 12012 16187 3364 5329 12233 6276 12008 7926 16187 16187 2598
6173 16187 2684 2608 16187 1019 10967 4776 9431 16187 6070 7742 16187 16187 4142 16187
12338 4776 8794 926 2837 2353 10496 15401 16187 16187 16187 16187 16187 16187 16187 16187
3842 3171 2856 11889 4776 12012 16187 3364 5329 12233 6276 12008 7926 16187 16187 2598
926 5867 9534 1955 4776 5424 926 8710 14311 14237 8700 16187 8710 1344 854 16187
14237 3177 1245 8268 4776 8081 926 2296 5656 12233 4776 8024 16187 16187 16187 16187
3842 3171 2856 11889 4776 12012 16187 3364 5329 12233 6276 12008 7926 16187 16187 2598
14237 926 926 830 1750 1213 6259 10355 2563 830 1885 16187 16187 926 14237 926
1138 926 5711 8710 6259 6070 7742 10471 10033 3537 16187 16187 16187 16187 16187 16187
3842 3171 2856 11889 4776 12012 16187 3364 5329 12233 6276 12008 7926 16187 16187 2598
6173 16187 2684 2608 16187 1019 10967 4776 12298 3177 4776 9431 16187 6070 786 16187
4845 926 14237 8489 926 9084 6259 3098 15781 16187 16187 16187 16187 16187 16187 16187
3842 3171 2856 11889 4776 12012 16187 3364 5329 12233 6276 12008 7926 16187 16187 2598
926 5867 9534 1955 4776 5424 926 8710 14311 14237 8700 16187 8710 1344 854 16187
3643 1955 1552 4172 2750 4931 1378 10653 11769 16187 16187 16187 16187 16187 16187 16187
3842 16187 16187 1737 4776 5830 926 16187 8268 926 8268 14237 926 16187 16187 16187
7740 11530 8712 16187 8719 12276 11021 14237 926 8710 10915 16187 16187 816 16187 16187
91 8710 6259 10355 800 1090 8268 926 5867 2191 3177 12117 926 14734 5114 16187
3842 3171 2856 11889 4776 12012 16187 3364 5329 12233 6276 12008 7926 16187 16187 2598
8712 5867 6259 8702 15740 5750 4449 2837 14675 5867 14599 16187 926 926 16187 926
3484 1439 8710 2446 6535 10355 4537 11889 4776 888 13839 16187 16187 16187 16187 16187
3842 16187 16187 1737 4776 5830 926 16187 14180 14734 926 16187 926 16187 926 16187
7740 11530 12958 11953 3171 2563 14237 7740 2308 6011 12233 2552 16187 16187 8719 4776
12008 1885 428 12233 2823 1229 6214 2466 13141 12233 15180 16187 16187 16187 16187 16187
3842 8712 16187 63 2365 8855 16187 4776 2563 14237 14581 16187 16187 16187 12233 16187
12008 3484 13089 8710 926 16187 16187 13348 16187 16187 14125 14241 16187 16187 16187 14043
926 926 7076 1885 11846 954 1955 926 1919 4856 14237 2410 16187 16187 16187 16187
3842 3171 2856 11889 4776 12012 16187 3364 5329 12233 6276 12008 7926 16187 16187 2598
926 926 8710 12256 16187 16187 14237 926 15387 8710 6259 926 12233 4776 10033 16187
8712 3348 4628 9754 4230 1597 820 16187 16187 16187 16187 16187 16187 16187 16187 16187
3842 3171 2856 11889 4776 12012 16187 3364 5329 12233 6276 12008 7926 16187 16187 2598
8712 8710 6259 3098 12805 16187 6500 8268 14237 8712 6683 1957 14180 16187 12650 16187
4776 6854 13060 4776 2601 5033 3177 4776 926 16187 16187 16187 16187 16187 16187 16187
4776 14596 8710 8423 9332 16187 9238 8268 14237 13084 16187 816 16187 16187 3356 16187
4776 926 8710 10770 12495 16187 12576 8268 14237 9332 8808 16187 16187 15096 16187 16187
8017 12008 1138 4776 926 5711 8710 9754 1378 3177 4312 16187 16187 16187 16187 16187
3842 3171 2856 11889 4776 12012 16187 3364 5329 12233 6276 12008 7926 16187 16187 2598
6173 16187 7742 16187 16187 926 2903 8719 4776 954 16187 16187 16187 16187 16187 16187
7740 4537 1110 3171 2563 14237 7740 3553 14069 15846 2823 6259 12007 6280 13348 16187
3842 16187 16187 1737 4776 5830 926 3177 4776 926 2563 16187 16187 16187 16187 16187
7740 11530 8712 16187 8719 12276 11021 1229 8712 8710 6297 8270 16187 16187 16187 16187
3847 9754 8467 12233 3432 4776 14596 8268 12716 16187 16187 16187 16187 16187 16187 16187
3842 16187 16187 1737 4776 5830 157 5867 16187 8719 11247 16187 1378 16187 16187 16187
1378 11071 8268 2689 5820 643 3766 8268 14237 4987 3211 12233 16142 16187 16187 16187
12485 7512 8710 10770 16187 16187 16187 16187 16187 16187 16187 16187 16187 16187 16187 16187
3842 8712 16187 63 16187 8268 4776 10033 16187 13139 16187 16187 16187 7742 16187 5084
8712 5867 6259 7168 10033 7542 16187 15096 16187 14855 12233 926 16187 926 16187 926
8798 8268 14691 5208 926 14734 926 8268 8084 16187 16187 16187 16187 16187 16187 16187
3842 3171 2856 11889 4776 12012 16187 3364 5329 12233 6276 12008 7926 16187 16187 2598
926 5867 3809 6006 3112 9425 12835 8719 4776 10983 16187 8712 8712 16187 6535 16187
12008 7740 2383 14069 8710 5568 1229 630 6011 5208 9577 8719 1390 2103 16187 16187
3842 16187 16187 1737 4776 5830 926 3177 4776 926 2563 16187 16187 16187 16187 16187
12008 3484 13089 8710 926 16187 16187 13348 16187 16187 14125 14241 16187 16187 16187 14043
4552 6011 3141 7926 15846 14810 16187 16187 16187 16187 16187 16187 16187 16187 16187 16187
3842 3171 2856 11889 4776 12012 16187 3364 5329 12233 6276 12008 7926 16187 16187 2598
4552 6011 2326 16187 15662 7926 5867 8712 16187 16187 1919 16187 1378 16187 16187 1919
2326 3098 16187 16187 16187 16187 16187 16187 16187 16187 16187 16187 16187 16187 16187 16187
3842 3171 2856 11889 4776 12012 16187 3364 5329 12233 6276 12008 7926 16187 16187 2598
6173 16187 12260 2823 10399 12233 8152 3171 16187 16187 132 14237 4032 6259 4949 16187
14901 8268 14822 8268 6011 9498 2176 10918 4311 16187 16187 16187 16187 16187 16187 16187
3842 16187 16187 1737 4776 5830 926 3177 4776 926 2563 16187 16187 16187 16187 16187
7740 1110 8712 6348 14180 6378 16187 926 16187 16187 14806 16187 16187 16187 16187 16187
6011 2552 12958 10299 10967 6259 9041 4697 14237 8712 4607 14029 14237 14029 16187 16187
3842 16187 16187 1737 4776 5830 926 3177 4776 926 2563 16187 16187 16187 16187 16187
7740 11530 8712 16187 8719 12276 11021 14237 926 8710 10915 16187 16187 816 16187 16187
14237 15870 8712 9084 16187 16187 16187 16187 16187 16187 16187 16187 16187 16187 16187 16187
12008 7740 4552 9754 10709 12233 4776 3886 14581 16187 16187 16187 16187 16187 16187 16187
12008 8268 1955 4776 15388 2894 13197 8268 1138 6683 15754 5711 16187 16187 5314 16187
1378 3177 2353 1612 5867 564 1133 16187 16187 16187 16187 16187 16187 16187 16187 16187
3842 16187 16187 1737 4776 8268 12008 15649 7740 4552 11553 6259 10372 703 16187 16187
1378 3177 4776 564 6593 3177 926 16187 926 14776 4776 926 16187 16187 926 16187
7926 3364 11553 12766 4776 63 564 1866 771 7926 13022 1778 16187 16187 16187 16187
3842 3171 2856 11889 4776 12012 16187 3364 5329 12233 6276 12008 7926 16187 16187 2598
8712 5867 6259 10355 8704 830 9070 16187 13341 16187 6363 16187 16187 1110 16187 16187
3171 926 779 12766 1378 3177 5414 926 12955 3191 6041 4776 9431 13829 476 16187
3842 3171 2856 11889 4776 12012 16187 3364 5329 12233 6276 12008 7926 16187 16187 2598
8712 8710 6259 12260 2552 830 10671 3177 926 16187 16187 926 16187 6500 16187 6140
9563 4776 9431 1813 12028 15649 14691 11921 16187 16187 16187 16187 16187 16187 16187 16187
3842 3171 2856 11889 4776 12012 16187 3364 5329 12233 6276 12008 7926 16187 16187 2598
6173 16187 7742 10471 926 16187 830 4776 2563 16187 16187 926 1919 16187 16187 16187
14069 8710 13084 7273 14237 14069 8710 6070 9450 3211 16187 16187 16187 16187 16187 16187
3842 3171 2856 11889 4776 12012 16187 3364 5329 12233 6276 12008 7926 16187 16187 2598
8712 8710 6259 12260 2552 830 10671 3177 926 16187 10983 16187 6535 16187 7970 16187
7740 16138 7627 8268 7926 16105 9070 1662 8268 5568 15202 16187 16187 16187 16187 16187
3842 16187 16187 1737 4776 5830 926 3177 4776 926 2563 16187 16187 16187 16187 16187
7740 926 8712 15978 4776 5033 3177 6259 1138 926 5711 5346 9070 16187 9850 16187
12958 4931 11162 14237 5329 8719 5937 3504 16187 16187 16187 16187 16187 16187 16187 16187
3842 3171 2856 11889 4776 12012 16187 3364 5329 12233 6276 12008 7926 16187 16187 2598
4776 13811 14237 12013 14776 1971 14237 9526 13907 3760 14808 12233 11239 16187 16187 16187
1378 9290 1378 5738 1378 1787 13348 16187 16187 16187 16187 16187 16187 16187 16187 16187
3842 3171 2856 11889 4776 12012 16187 3364 5329 12233 6276 12008 7926 16187 16187 2598
1378 3177 4776 564 6593 3177 926 16187 926 14776 4776 926 16187 16187 16187 926
7926 779 12233 7925 7594 6306 16187 16187 16187 16187 16187 16187 16187 16187 16187 16187
3842 3171 2856 11889 4776 12012 16187 3364 5329 12233 6276 12008 7926 16187 16187 2598
8712 5867 6259 10355 8704 830 9070 16187 13341 16187 4776 6363 16187 16187 16187 16187
1919 13084 14320 4325 2186 4776 15781 12233 7289 4776 489 16187 16187 16187 16187 16187
3842 3171 2856 11889 4776 12012 16187 3364 5329 12233 6276 12008 7926 16187 16187 2598
926 8710 1378 3177 9743 16187 8185 5463 7740 3364 2823 16105 16187 3177 8712 16187
6683 830 4776 926 15370 14237 7014 6011 3644 9754 6407 8712 16187 16187 16187 16187
3842 16187 16187 1737 4776 5830 926 3177 4776 926 2563 16187 16187 16187 16187 16187
7740 11530 8712 16187 8719 12276 11021 14237 926 8710 10915 16187 16187 816 16187 16187
4776 4152 8710 6070 2805 14237 4776 2946 2451 10571 7742 16187 16187 16187 16187 16187
3842 3171 2856 11889 4776 12012 16187 3364 5329 12233 6276 12008 7926 16187 16187 2598
4776 14596 8710 5516 13348 16187 2543 16187 6718 983 4776 16146 5898 16187 3553 12115
10967 4776 5946 8268 8712 15452 11889 6011 16138 2823 10315 6259 5286 5212 11514 16187
3842 3171 2856 11889 4776 12012 16187 3364 5329 12233 6276 12008 7926 16187 16187 2598
7740 11530 8712 16187 8719 12276 11021 14237 926 8710 10915 16187 16187 816 16187 16187
7740 3644 9754 8069 10603 6259 3366 547 15369 16187 16187 16187 16187 16187 16187 16187
7740 4552 9754 15956 16187 14180 703 11953 3171 2563 16187 16187 13999 16187 5948 16187
7740 11530 8712 16187 8719 12276 11021 1229 8712 8710 6297 8270 16187 16187 16187 16187
12008 9743 3766 8719 4776 14596 8639 6918 8719 2563 16187 16187 16187 16187 16187 16187
3842 3171 2856 11889 4776 12012 16187 3364 5329 12233 6276 12008 7926 16187 16187 2598
12008 4776 10033 3847 11553 6259 899 8268 926 10967 10418 16187 926 16187 926 16187
11889 6390 12038 14043 10566 3177 4776 3819 8185 16187 16187 16187 16187 16187 16187 16187
3842 3171 2856 11889 4776 12012 16187 3364 5329 12233 6276 12008 7926 16187 16187 2598
7740 11530 12958 11953 3171 2563 14237 7740 2308 6011 12233 2552 16187 16187 8719 4776
7742 8712 9084 9754 4189 16187 16187 16187 16187 16187 16187 16187 16187 16187 16187 16187
3842 1957 14180 1737 16187 12467 16187 8268 14397 512 11239 16187 2256 16187 5046 16187
7742 8268 8712 9084 9754 5350 7001 12233 2458 16187 926 7926 4931 3461 16187 16187
12008 7740 4931 9872 16187 16187 16187 16187 16187 16187 16187 16187 16187 16187 16187 16187
12008 7740 4552 9754 10709 12233 4776 3886 14581 16187 16187 16187 16187 16187 16187 16187
12008 7740 11553 12233 1436 4776 5393 4776 7970 16187 16187 926 16187 16187 926 16187
4552 9754 7001 6391 12233 2552 3137 5365 5867 8162 7524 16187 16187 16187 16187 16187
3842 16187 16187 1737 4776 5830 157 5867 16187 8719 11247 16187 1378 16187 16187 16187
7740 11530 12958 11953 3171 2563 14237 7740 2308 6011 12233 2552 16187 16187 8719 4776
322 322 16187 16187 16187 16187 16187 16187 16187 16187 16187 16187 16187 16187 16187 16187
3842 3171 2856 11889 4776 12012 16187 3364 5329 12233 6276 12008 7926 16187 16187 2598
7740 11530 12958 11953 3171 2563 14237 7740 2308 6011 12233 2552 16187 16187 8719 4776
926 11238 4931 10355 5329 2326 5967 12233 4552 10941 665 16187 16187 16187 16187 16187
3842 3171 2856 11889 4776 12012 16187 3364 5329 12233 6276 12008 7926 16187 16187 2598
926 8710 6259 9290 6470 8719 6259 9450 9138 15142 643 16187 2598 16187 16187 16187
693 8069 6253 12233 2196 15291 12008 3609 2903 9222 6826 1138 13250 5711 14748 16187
3842 3171 2856 11889 4776 12012 16187 3364 5329 12233 6276 12008 7926 16187 16187 2598
7740 11530 8712 16187 8719 12276 11021 14237 926 8710 10915 16187 16187 816 16187 7740
4776 12621 15063 10967 3690 926 12233 926 16187 16187 16187 16187 16187 16187 16187 16187
3842 3171 2856 11889 4776 12012 16187 3364 5329 12233 6276 12008 7926 16187 16187 2598
4776 10418 8710 12489 14708 16187 11772 12739 7003 2894 2563 8268 14237 8712 16187 16187
4776 14596 8712 5867 5329 15389 8081 8268 12008 8712 5867 14030 16187 16187 16187 16187
3842 3171 2856 11889 4776 12012 16187 3364 5329 12233 6276 12008 7926 16187 16187 2598
4776 14596 8710 5516 13348 16187 2543 16187 6718 983 4776 16146 5898 16187 3553 12115
4776 2588 9484 12028 9498 14397 14902 8719 4776 12364 16187 16187 16187 16187 16187 16187
4776 2563 8710 6388 16187 16187 16187 2148 7970 6882 16187 16187 16187 3451 13348 16187
4776 10418 8710 6535 10355 8268 12495 16187 12233 2823 16187 16187 16187 16187 11839 16187
14272 13464 3112 3171 2563 4032 15715 8268 12716 8268 8710 4776 5580 3098 8521 16187
3842 3171 2856 11889 4776 12012 16187 3364 5329 12233 6276 12008 7926 16187 16187 2598
8712 5867 6259 7168 10033 7542 16187 15096 16187 14855 12233 926 16187 926 16187 16187
13089 4325 9605 14069 8268 703 5946 12233 9605 13250 16187 16187 16187 16187 16187 16187
3842 16187 16187 1737 4776 5830 926 3177 4776 926 2563 16187 16187 16187 16187 16187
7740 11530 8712 16187 8719 12276 11021 14237 926 8710 10915 16187 16187 816 16187 9576
14031 7742 14069 5867 2148 10770 4697 16187 16187 16187 16187 16187 16187 16187 16187 16187
14031 7742 16187 16187 1378 9424 1919 4776 100 16187 16187 16187 1781 8268 16187 14518
12008 3484 13089 8710 926 16187 16187 1885 16187 1381 13348 16187 16187 16187 4311 10355
8798 8268 14069 14776 12825 13801 4812 4440 14237 6070 10355 10418 531 16187 16187 16187
3842 1957 14180 1737 16187 8172 926 16187 14180 926 16187 926 16187 12349 16187 1787
926 5867 3809 6006 3112 9425 12835 8719 4776 10983 16187 8712 8712 16187 6535 16187
4776 11978 10011 16003 4931 9754 6535 9591 830 4776 954 16187 16187 16187 16187 16187
4776 14596 4931 3278 16187 16187 16187 8268 14237 4311 4325 3543 2823 16187 16187 16187
4776 14596 8710 5516 13348 16187 2543 16187 6718 983 4776 16146 5898 16187 3553 12115
6011 9605 4776 10400 16187 16187 16187 16187 16187 16187 16187 16187 16187 16187 16187 16187
3842 3171 2856 11889 4776 12012 16187 3364 5329 12233 6276 12008 7926 16187 16187 2598
6011 15846 11728 15525 1955 630 6672 8710 3748 4776 14581 16187 16187 16187 16187 2689
8719 12276 763 8585 8268 7740 2296 2308 8712 3398 16187 16187 16187 16187 16187 16187
3842 3171 2856 11889 4776 12012 16187 3364 5329 12233 6276 12008 7926 16187 16187 2598
4776 12835 14776 7742 926 14237 4512 4618 16187 4895 13348 16187 4832 16187 5022 16187
6011 9890 12102 8712 14043 1110 8712 16187 16187 16187 16187 16187 16187 16187 16187 16187
3842 16187 16187 1737 4776 5830 926 3177 4776 926 2563 16187 16187 16187 16187 16187
7740 11530 8712 16187 8719 12276 11021 1229 8712 8710 6297 8270 16187 16187 16187 4311
14069 5867 13084 2053 926 13348 3994 16187 16187 16187 16187 16187 16187 16187 16187 16187
3842 3171 2856 11889 4776 12012 16187 3364 5329 12233 6276 12008 7926 16187 16187 2598
8712 5867 6259 8702 15740 5750 4449 2837 14675 5867 14599 16187 926 926 16187 926
8440 6664 2598 16187 16187 16187 16187 16187 16187 16187 16187 16187 16187 16187 16187 16187
3842 3171 2856 11889 4776 12012 16187 3364 5329 12233 6276 12008 7926 16187 16187 2598
447 16187 3841 1583 12008 8712 5867 4537 6259 1110 14596 16187 9442 6688 14237 779
10080 2285 16187 16187 16187 16187 16187 16187 16187 16187 16187 16187 16187 16187 16187 16187
3842 1957 14180 1737 16187 12467 16187 8268 14734 926 16187 643 16187 6259 926 16187
1378 3177 4776 564 6593 3177 926 16187 926 14776 4776 926 16187 16187 926 16187
14237 8268 11889 10566 11327 1133 8268 8712 779 6259 13178 14117 16187 16187 16187 16187
3842 3171 2856 11889 4776 12012 16187 3364 5329 12233 6276 12008 7926 16187 16187 2598
14237 8268 4776 132 2598 16187 4776 926 12233 8733 830 9070 16187 2115 13348 16187
4776 2221 8710 6070 8569 16187 16187 16187 16187 16187 16187 16187 16187 16187 16187 16187
4776 2563 8710 14231 16187 12008 4776 1736 5867 6259 10355 16187 5084 16187 16187 2563
4776 10033 8710 3332 9575 14237 6381 5022 16187 16187 16187 14397 10373 16187 16187 16187
4776 3938 8710 14272 13474 8710 2326 4240 16187 16187 16187 16187 16187 16187 16187 16187
3842 3171 2856 11889 4776 12012 16187 3364 5329 12233 6276 12008 7926 16187 16187 2598
4776 14596 8710 5516 13348 16187 2543 16187 6718 983 4776 16146 5898 16187 3553 12115
1597 8268 1597 820 1436 5463 926 1390 8710 4776 7705 8569 2563 8084 16187 16187
3842 3171 2856 11889 4776 12012 16187 3364 5329 12233 6276 12008 7926 16187 16187 2598
6259 10355 6155 3177 983 12233 7938 1378 3177 926 5867 10566 5796 10145 16187 830
4776 5568 6140 10836 8710 9743 1651 10967 12164 16187 16187 16187 16187 16187 16187 16187
3842 3171 2856 11889 4776 12012 16187 3364 5329 12233 6276 12008 7926 16187 16187 2598
4776 14596 8710 5516 13348 16187 2543 16187 6718 983 4776 16146 5898 16187 3553 12115
8712 5867 8738 5463 926 5867 13733 10638 14237 6499 9498 8993 6918 16187 16187 16187
3842 8712 16187 63 16187 8268 4776 10033 16187 6499 16187 926 16187 16187 16187 16187
8712 5867 6259 7168 10033 7542 16187 15096 16187 14855 12233 926 16187 926 16187 926
7740 11553 9754 8466 1213 1954 2955 9534 10967 1954 817 5838 16187 16187 16187 16187
7740 4552 9754 15956 16187 14180 703 11953 3171 2563 16187 16187 8719 16187 16187 16187
7740 11530 8712 16187 8719 12276 11021 1229 8712 8710 6297 8270 16187 16187 16187 6011
1955 8712 8710 8268 13089 926 926 8268 1138 7740 973 853 8712 13348 5711 16187
3842 3171 2856 11889 4776 12012 16187 3364 5329 12233 6276 12008 7926 16187 16187 2598
926 5867 9534 1955 4776 5424 926 8710 14311 14237 8700 16187 8710 1344 854 16187
3082 4931 5329 8102 6423 3171 10033 1955 7926 4931 1919 4552 4776 816 9424 16187
3842 3171 2856 11889 4776 12012 16187 3364 5329 12233 6276 12008 7926 16187 16187 2598
7740 11530 8712 16187 8719 12276 11021 14237 926 8710 10915 16187 16187 816 16187 7740
4776 10418 8710 5516 8268 1955 7742 16187 16187 16187 16187 16187 16187 16187 16187 16187
3842 3171 2856 11889 4776 12012 16187 3364 5329 12233 6276 12008 7926 16187 16187 2598
4776 10418 8710 6535 10355 8268 12495 16187 12233 2823 16187 16187 16187 16187 11839 16187
3171 8710 1378 3177 4776 564 1133 5153 926 14537 926 4384 16187 16187 16187 16187
3842 3171 2856 11889 4776 12012 16187 3364 5329 12233 6276 12008 7926 16187 16187 2598
4776 14596 8710 5516 13348 16187 2543 16187 6718 983 4776 16146 5898 16187 3553 12115
2053 1637 3994 5208 5329 2326 9605 6259 11950 14596 16187 16187 16187 16187 16187 16187
3842 3171 2856 11889 4776 12012 16187 3364 5329 12233 6276 12008 7926 16187 16187 2598
6173 16187 14426 12213 3177 4776 926 16187 10033 926 16187 16187 926 16187 16187 16187
12008 9233 9631 3908 12 1439 8719 4776 10033 4931 6231 9852 2837 4776 12298 16187
3842 3171 2856 11889 4776 12012 16187 3364 5329 12233 6276 12008 7926 16187 16187 2598
7740 11530 8712 16187 8719 12276 11021 5463 926 1229 7740 6297 6635 8712 16187 16187
6011 12232 5633 3171 14029 6259 3384 14029 6259 4233 1543 4776 13819 8710 1495 16187
3842 3171 2856 11889 4776 12012 16187 3364 5329 12233 6276 12008 7926 16187 16187 2598
7740 11530 8712 16187 8719 12276 11021 1229 8712 8710 6297 8270 16187 16187 16187 9577
4776 476 16004 4776 10288 926 2149 15265 1138 4776 926 5007 5711 16187 16187 16187
3842 3171 2856 11889 4776 12012 16187 3364 5329 12233 6276 12008 7926 16187 16187 2598
4776 10418 8710 12489 14708 16187 11772 12739 7003 2894 2563 8268 14237 8712 16187 16187
1290 5388 4312 2903 12495 6585 12576 8268 14237 5388 12495 1597 926 16187 16187 16187
3842 16187 16187 1737 4776 5830 926 3177 4776 926 2563 16187 16187 16187 16187 16187
7740 2446 11530 4776 2053 926 3994 3177 926 16187 643 16187 16187 16187 16187 16187
3644 9754 11553 6259 11361 3177 817 10376 926 1603 9808 1778 16187 16187 16187 16187
3842 16187 16187 1737 4776 5830 926 3177 4776 926 2563 16187 16187 16187 16187 16187
7740 11530 12958 11953 3171 2563 14237 7740 2308 6011 12233 2552 16187 16187 8719 4776
4776 3137 1033 4624 11031 14029 926 5867 12380 14237 5088 568 16187 16187 16187 16187
3842 3171 2856 11889 4776 12012 16187 3364 5329 12233 6276 12008 7926 16187 16187 2598
4776 926 2598 16187 926 16187 926 16187 13089 7926 5867 926 16187 16187 16187 16187
3171 13141 12233 1954 8847 8423 11063 2780 513 15649 8710 4776 4949 9405 2598 16187
3842 3171 2856 11889 4776 12012 16187 3364 5329 12233 6276 12008 7926 16187 16187 2598
4776 12835 14776 7742 926 14237 4512 4618 16187 4537 16187 1381 16187 16187 16187 14125
10967 6286 5711 2563 8268 15978 4776 9431 5328 8710 6297 630 2148 9332 16187 16187
3842 3171 2856 11889 4776 12012 16187 3364 5329 12233 6276 12008 7926 16187 16187 2598
7740 11530 8712 16187 8719 12276 11021 14237 926 8710 10915 16187 16187 816 16187 7740
2148 512 14180 3177 3171 8268 8712 4931 10770 12233 12650 16187 16187 16187 16187 16187
3842 3171 2856 11889 4776 12012 16187 3364 5329 12233 6276 12008 7926 16187 16187 2598
5463 5867 4776 7610 12233 4776 10033 16187 8268 8719 11953 7365 16187 16187 16187 2296
13474 6090 6259 6070 13129 10418 14237 15452 6070 2176 8719 14180 1885 4440 16187 16187
3842 3171 2856 11889 4776 12012 16187 3364 5329 12233 6276 12008 7926 16187 16187 2598
7926 8710 4335 16187 1229 4776 926 16187 7651 16187 7076 4776 9431 983 16187 8084
4325 7129 12233 8733 4776 5738 6683 926 6152 16187 16187 16187 16187 16187 16187 16187
3842 3171 2856 11889 4776 12012 16187 3364 5329 12233 6276 12008 7926 16187 16187 2598
7740 11530 8712 16187 8719 12276 11021 14237 926 8710 10915 16187 1229 9290 16187 16187
7740 12020 5463 926 12232 11553 16105 4776 12007 12233 8712 16187 16187 16187 16187 16187
3842 16187 16187 1737 4776 5830 926 3177 4776 926 2563 16187 16187 16187 16187 16187
7740 11530 8712 16187 8719 12276 11021 1229 8712 8710 6297 8270 16187 16187 16187 16187
4776 11646 8710 5516 14237 4776 10418 8710 926 14237 8069 11162 16187 16187 16187 16187
3842 3171 2856 11889 4776 12012 16187 3364 5329 12233 6276 12008 7926 16187 16187 2598
4776 926 8710 10770 12495 16187 12576 8268 1955 3257 16187 8719 15597 297 1955 7742
8712 8710 1954 11707 8974 14237 779 14180 4776 7958 6259 3098 2563 10272 16187 16187
3842 3171 2856 11889 4776 12012 16187 3364 5329 12233 6276 12008 7926 16187 16187 2598
8712 8710 6259 6070 9332 4779 8268 15649 8710 7456 12233 13229 9455 16187 926 16187
4776 13896 6724 11546 9422 14237 1846 13607 12233 10727 2263 13904 7724 16187 16187 16187
3842 3171 2856 11889 4776 12012 16187 3364 5329 12233 6276 12008 7926 16187 16187 2598
4776 14596 8710 5516 13348 16187 2543 16187 6718 983 4776 16146 5898 16187 3553 12115
12008 8268 1955 7740 8592 8268 3171 8710 6259 8569 10033 16187 16187 16187 16187 16187
12008 8268 1955 830 4776 2563 10781 8268 8712 3847 9754 4189 6070 7742 16187 16187
12008 8268 1955 4776 15388 2894 13197 8268 1138 6683 15754 5711 16187 16187 6535 11889
1350 8268 13474 5867 1138 11039 3177 5711 1685 16187 16187 16187 16187 16187 16187 16187
3842 1957 14180 1737 16187 926 8268 14237 6259 8081 926 16187 16187 16187 816 16187
7740 1110 8712 6348 14180 6378 16187 926 16187 16187 14806 16187 16187 16187 16187 7544
8712 5867 4537 9625 16187 16187 16187 16187 16187 16187 16187 16187 16187 16187 16187 16187
8712 5867 5329 14180 11953 6011 16187 14237 8069 2461 1919 16187 16187 16187 16187 7970
8712 5867 4537 5580 926 16187 13034 12233 12650 16187 5274 16187 12650 16187 16187 2712
7740 1951 1957 7804 1955 12233 15662 4325 8423 926 3171 2563 16187 16187 16187 16187
7740 4552 9754 15956 16187 14180 703 11953 3171 2563 16187 16187 8719 16187 16187 16187
7740 11530 8712 16187 8719 12276 11021 1229 8712 8710 6297 8270 16187 16187 16187 16187
830 5713 12835 14776 11889 10094 15658 5208 8093 2172 16187 16187 16187 16187 16187 16187
3842 16187 16187 1737 4776 5830 926 16187 8268 14180 7740 11553 12233 2552 16187 16187
7740 11530 12958 11953 3171 2563 14237 7740 2308 6011 12233 2552 16187 16187 8719 4776
15662 779 9754 1439 12766 1125 14029 14734 16058 926 2598 16187 16187 16187 16187 16187
3842 3171 2856 11889 4776 12012 16187 3364 5329 12233 6276 12008 7926 16187 16187 2598
8712 5867 6259 7168 10033 7542 16187 15096 16187 14855 12233 926 16187 926 16187 16187
926 6253 1229 10399 12233 8733 8712 13178 5463 8712 13623 14350 16187 16187 16187 16187
3842 3171 2856 11889 4776 12012 16187 3364 5329 12233 6276 12008 7926 16187 16187 2598
926 5867 3809 6006 3112 9425 12835 8719 4776 10983 16187 8712 8712 16187 6535 16187
3171 8710 11953 10217 9288 15658 14776 8719 15597 12529 5365 3177 3192 12135 16187 16187
3842 3171 2856 11889 4776 12012 16187 3364 5329 12233 6276 12008 7926 16187 16187 2598
4776 14596 8710 5516 13348 16187 2543 16187 6718 983 4776 16146 5898 16187 3553 12115
1019 4776 10011 15641 91 8710 12715 14237 5769 16187 16187 16187 16187 16187 16187 16187
3842 3171 2856 11889 4776 12012 16187 3364 5329 12233 6276 12008 7926 16187 16187 2598
6173 16187 2684 2608 16187 1019 10967 4776 12298 3177 4776 9431 16187 6070 786 16187
8712 779 6826 10967 4776 926 5867 8974 2221 15649 12233 9070 4931 10440 16187 16187
3842 3171 2856 11889 4776 12012 16187 3364 5329 12233 6276 12008 7926 16187 16187 2598
8712 5867 6259 8702 15740 5750 4449 2837 14675 5867 14599 16187 926 926 16187 926
7740 9429 9431 983 13949 15846 10603 14734 10187 8719 3171 10236 2563 6070 9332 16187
3842 16187 16187 1737 4776 5830 926 3177 4776 926 2563 16187 16187 16187 16187 16187
7740 11530 8712 16187 8719 12276 11021 5463 926 8710 8268 7926 2326 16187 16187 16187
643 11921 8268 12008 8069 4156 14808 8710 5297 14808 816 2598 16187 16187 16187 16187
3842 16187 16187 1737 4776 5830 926 16187 8268 14180 7740 11553 12233 2552 16187 16187
7926 8710 4335 16187 12008 4776 2563 8710 4776 5568 926 16187 16187 16187 15096 16187
6826 9229 3171 8710 4776 1138 12850 2024 2563 8084 16105 5711 16187 16187 16187 16187
3842 3171 2856 11889 4776 12012 16187 3364 5329 12233 6276 12008 7926 16187 16187 2598
4776 10418 8710 6535 10355 8268 12495 16187 12233 2823 16187 16187 16187 16187 11839 16187
14919 9484 7740 11553 2296 12766 6259 10887 14230 3177 6695 1133 8268 5364 16187 16187
3842 3171 2856 11889 4776 12012 16187 3364 5329 12233 6276 12008 7926 16187 16187 2598
7740 11530 12958 11953 3171 2563 14237 7740 2308 6011 12233 2552 16187 16187 8719 4776
14237 7740 11530 14734 4707 8268 4776 4927 7926 9098 16187 16187 16187 16187 16187 16187
3842 3171 2856 11889 4776 12012 16187 3364 5329 12233 6276 12008 7926 16187 16187 2598
7740 11530 8712 16187 8719 12276 11021 14237 926 8710 10915 16187 16187 816 16187 9576
14237 1229 779 1866 16187 16187 16187 16187 16187 16187 16187 16187 16187 16187 16187 16187
3842 8712 16187 63 14029 4776 653 8268 4776 10033 16187 926 16187 16187 16187 16187
14237 5463 8710 13089 8712 15881 2148 5906 16187 3748 2837 12349 16187 15096 16187 926
6259 10025 15658 14823 1954 926 16187 16187 16187 16187 16187 16187 16187 16187 16187 16187
3842 3171 2856 11889 4776 12012 16187 3364 5329 12233 6276 12008 7926 16187 16187 2598
6259 926 926 16187 926 16187 950 15658 14005 6259 926 3177 6259 3531 929 16187
4776 926 7890 8710 4394 16187 16187 16187 16187 16187 16187 16187 16187 16187 16187 16187
3842 3171 2856 11889 4776 12012 16187 3364 5329 12233 6276 12008 7926 16187 16187 16187
4776 926 8710 10024 916 926 5375 16187 7278 14029 1919 4776 5328 3177 4776 926
7740 1951 5329 630 3559 1919 4776 11954 5414 6590 3177 4250 3416 16187 16187 16187
7740 973 5329 13616 14272 7740 9429 3177 4776 8199 16187 926 16187 926 16187 16187
7740 11530 8712 16187 8719 12276 11021 1229 8712 8710 6297 8270 16187 16187 16187 16187
6259 1320 14237 3730 1987 12852 16187 16187 16187 16187 16187 16187 16187 16187 16187 16187
3842 3171 2856 11889 4776 12012 16187 3364 5329 12233 6276 12008 7926 16187 16187 2598
4776 10418 8710 12489 14708 16187 11772 12739 7003 10978 16187 14596 5463 16187 14734 564
12276 1453 6259 2689 1453 14029 4776 10659 14634 8268 5227 1955 6259 12007 16187 16187
3842 3171 2856 11889 4776 12012 16187 3364 5329 12233 6276 12008 7926 16187 16187 2598
4776 12835 14776 7742 926 14237 4512 4618 16187 4895 13348 16187 4832 16187 14677 16187
14069 5867 6259 10355 2191 3177 13501 5329 14652 12008 10355 16187 16187 16187 16187 16187
3842 3171 2856 11889 4776 12012 16187 3364 5329 12233 6276 12008 7926 16187 16187 2598
8712 5867 6259 8702 15740 5750 4449 2837 14675 5867 14599 16187 926 926 16187 926
14180 5463 12209 1919 3171 10033 1955 7596 950 8710 13074 16187 16187 16187 16187 16187
3842 3171 2856 11889 4776 12012 16187 3364 5329 12233 6276 12008 7926 16187 16187 2598
8712 5867 6259 7168 10033 7542 16187 15096 16187 14237 12650 16187 926 926 926 16187
2263 5329 1378 3177 4776 926 8268 14237 14221 10967 4776 4267 16187 16187 16187 16187
3842 3171 2856 11889 4776 12012 16187 3364 5329 12233 6276 12008 7926 16187 16187 2598
4776 12835 14776 7742 13663 14237 15071 16187 926 16187 15982 16187 4951 16187 16187 16187
926 4931 9754 5328 1955 2689 1955 3171 16187 16187 16187 16187 16187 16187 16187 16187
3842 3171 2856 11889 4776 12012 16187 3364 5329 12233 6276 12008 7926 16187 16187 2598
926 8710 6259 2053 15174 3994 10033 16187 2847 6809 16187 12233 926 16187 16187 16187
4776 10887 4302 2373 3114 569 3177 579 5771 14237 926 10960 16187 16187 16187 16187
4776 2563 8710 6388 16187 16187 16187 2148 7970 6882 16187 16187 997 16187 5804 16187
4776 564 10501 2598 16187 14237 4776 10418 4931 14180 10355 16187 16187 12606 16187 16187
8796 8268 14069 2326 8710 4776 9290 16187 16187 16187 16187 16187 16187 16187 16187 16187
3842 3171 2856 11889 4776 12012 16187 3364 5329 12233 6276 12008 7926 16187 16187 2598
14237 926 926 8268 1042 5937 8057 14029 14237 12721 2148 926 16187 16187 16187 14581
7740 12449 12233 1042 12050 12028 2858 8712 16187 16187 16187 16187 16187 16187 16187 16187
3842 16187 16187 1737 4776 5830 926 3177 4776 926 2563 16187 16187 16187 16187 16187
7740 11530 8712 16187 8719 12276 11021 1229 8712 8710 6297 8270 16187 16187 16187 4311
8712 4931 9754 4537 2123 2598 16187 16187 16187 16187 16187 16187 16187 16187 16187 16187
3842 3171 2856 11889 4776 12012 16187 3364 5329 12233 6276 12008 7926 16187 16187 2598
8712 5867 6259 7168 10033 7542 16187 15096 16187 14855 16187 926 16187 926 16187 926
4776 10442 8710 8974 12495 8268 1919 4776 416 2358 14237 14180 16187 16187 16187 16187
3842 3171 2856 11889 4776 12012 16187 3364 5329 12233 6276 12008 7926 16187 16187 2598
4776 14596 8710 5516 13348 16187 2543 16187 6718 983 4776 16146 5898 16187 3553 12115
4302 2894 12593 12518 14596 8268 1919 8270 512 1482 6499 16187 16187 16187 16187 16187
3842 3171 2856 11889 4776 12012 16187 3364 5329 12233 6276 12008 7926 16187 16187 2598
6259 10355 1212 2563 16187 6601 4776 9431 10217 3177 4776 2563 16187 4776 2563 16187
14237 13474 926 8268 1138 8796 4624 11553 5711 16187 16187 16187 16187 16187 16187 16187
3842 8712 16187 63 14029 4776 653 8268 4776 10033 16187 926 16187 16187 16187 16187
14237 13474 3847 8712 11840 7742 13348 16187 4697 16187 11382 16187 926 16187 1952 926
13474 8710 6188 2858 1885 9059 5867 5732 14237 4776 10033 3609 14069 16187 16187 16187
3842 1957 14180 1737 16187 8172 926 16187 14180 926 16187 926 16187 926 16187 10285
7926 8710 4335 16187 1229 4776 926 926 16187 926 16187 15939 16187 16187 16187 16187
2128 2837 11582 9476 13348 16187 16187 16187 16187 16187 16187 16187 16187 16187 16187 16187
3842 16187 16187 1737 4776 5830 926 16187 2563 13348 16187 14350 16187 7336 1120 1919
7740 1110 8712 15978 3177 2263 5404 13094 14237 795 12835 16187 2148 16187 16187 16187
830 8712 8710 4949 5463 9743 1778 4776 10954 4552 10328 1955 7742 16187 16187 16187
3842 3171 2856 11889 4776 12012 16187 3364 5329 12233 6276 12008 7926 16187 16187 2598
5463 8710 4776 2601 4922 16187 12008 6259 9450 12233 12650 16187 4687 16187 14029 16187
7926 1178 15525 1957 1954 15842 9044 16187 16187 16187 16187 16187 16187 16187 16187 16187
3842 3171 2856 11889 4776 12012 16187 3364 5329 12233 6276 12008 7926 16187 16187 2598
8712 5867 6259 7168 10033 7542 16187 15096 16187 14237 12650 16187 926 926 926 926
4776 2563 8710 12716 6259 10894 12495 1507 1957 12291 8268 8069 830 12276 14113 16187
3842 3171 2856 11889 4776 12012 16187 3364 5329 12233 6276 12008 7926 16187 16187 2598
4776 2563 8710 7742 9575 14237 7742 602 16187 10324 926 16187 643 16187 16187 16187
4776 14596 9063 7100 14029 926 8268 14237 8712 9872 16187 16187 16187 16187 16187 16187
3842 3171 2856 11889 4776 12012 16187 3364 5329 12233 6276 12008 7926 16187 16187 16187
4776 14596 8710 5516 13348 16187 2543 16187 6718 983 4776 16146 5898 16187 3553 12115
15174 926 8268 5329 12495 1781 8268 5329 13170 4592 8268 5329 12495 9442 5030 16187
3842 16187 16187 1737 4776 5830 926 16187 8268 14180 7740 11553 12233 2552 16187 16187
7926 8710 4335 16187 12008 4776 2563 8710 4776 5568 926 16187 16187 16187 15096 16187
4325 10716 14776 5329 830 9070 16187 16187 16187 16187 16187 16187 16187 16187 16187 16187
3842 3171 2856 11889 4776 12012 16187 3364 5329 12233 6276 12008 7926 16187 16187 2598
14237 926 926 830 1750 1213 6259 10355 2563 830 1885 16187 16187 926 14237 8069
16146 5388 2296 414 4776 100 1957 12135 1919 10217 2752 14237 10355 926 16187 16187
3842 16187 16187 1737 4776 5830 926 16187 8268 14180 7740 11553 12233 2552 16187 16187
4776 12835 14776 7742 926 14237 4512 4618 16187 4537 16187 1381 16187 16187 16187 14125
6173 6259 63 13250 9424 8710 4776 4856 16187 16187 16187 16187 16187 16187 16187 16187
3842 3171 2856 11889 4776 12012 16187 3364 5329 12233 6276 12008 7926 16187 16187 2598
6173 16187 2684 2608 16187 1019 10967 4776 12298 3177 4776 9431 16187 6070 786 16187
12149 4312 1955 1213 16187 16187 16187 16187 16187 16187 16187 16187 16187 16187 16187 16187
3842 16187 16187 1737 4776 5830 926 3177 4776 926 2563 16187 16187 16187 16187 16187
926 5867 8620 3137 5867 926 2903 14237 2165 4776 926 926 926 926 926 16187
