1138 12431 12233 9605 9070 1378 3177 9743 5711 16187 16187 16187 16187 16187 16187 16187
1138 8704 2225 4609 5711 4931 6259 4394 10033 16187 16187 16187 16187 16187 16187 5820
1138 12431 12233 9605 9070 1378 3177 9743 5711 16187 16105 16187 926 16187 926 16187
8258 926 9964 8268 9715 6995 5867 12805 779 12766 5462 132 10020 16187 16187 16187
3842 11889 8712 5867 2023 6011 8913 12233 13931 6011 16187 11889 6011 16187 16187 13348
8258 926 9964 8268 9715 6995 5867 12805 779 12766 5462 132 10020 16187 10960 16187
7740 4552 9754 5099 11169 8712 6259 3984 16187 16187 16187 16187 16187 16187 16187 16187
7740 4552 9754 15956 8268 3171 2563 9277 14528 926 16187 9290 8719 4776 2563 16187
7740 4552 9754 5099 11169 8712 6259 3984 16187 2326 16187 3553 12115 3171 16187 16187
8063 6620 645 14029 1885 8268 8152 1885 1932 14237 8993 7652 1885 6070 12105 16187
4267 926 4776 15064 3177 1390 16187 16187 5332 15096 16187 16187 16187 16187 4776 10033
2446 14180 4776 16146 2946 14237 13926 12892 6259 10355 9534 16187 13348 16187 3192 16187
4776 16146 3098 297 4931 5463 3177 926 926 16187 16187 16187 16187 16187 16187 16187
4776 4267 8084 16187 11553 771 6826 926 817 16187 13341 16187 16187 2563 16187 5148
4776 16146 3098 297 4931 5463 3177 926 926 16187 16187 16105 6173 16187 16187 16187
13922 13922 5693 8710 1378 16187 16187 16187 16187 16187 16187 16187 16187 16187 16187 16187
4267 12233 11553 1138 12298 5711 16187 1138 6594 5711 16187 2563 16105 16187 926 16187
4537 14518 4776 2811 16187 10373 11553 926 926 16187 16187 16187 16187 16187 16187 16187
8712 968 2823 15174 8726 6011 5208 1453 13529 734 1919 6011 12495 16187 16187 16187
3842 1957 14180 1737 16187 12467 16187 5332 4776 4994 16187 926 14029 6259 926 16187
8712 968 2823 15174 8726 6011 5208 1453 13529 734 1919 6011 12495 16187 16187 16187
14031 8268 8796 8268 1138 926 5711 8719 3994 14687 16187 16187 16187 16187 16187 16187
14031 8268 8796 8268 1138 926 5711 8719 3994 14687 16187 16187 926 16187 16187 16187
14031 8268 14237 926 8268 926 14237 5875 4481 11553 7458 16187 16187 16187 16187 2148
7926 8710 926 926 12233 6276 8719 4776 1330 16187 16187 16187 16187 16187 16187 16187
3842 91 16187 4152 16187 926 16187 8569 10967 1378 926 16187 16187 16187 16187 16187
7926 8710 926 926 12233 6276 8719 4776 1330 16187 16187 16187 16187 5820 16187 16187
14180 12276 10185 14029 4776 15149 3177 1378 3366 16187 16187 16187 16187 16187 16187 16187
14180 12276 10185 14029 4776 15149 3177 1378 3366 16187 16187 9723 12233 4776 10033 16187
14180 12276 8157 3177 2122 12233 6259 9484 16187 779 6011 16187 6683 16187 14581 1390
926 8710 6259 13783 7937 8268 2543 8719 926 14237 926 16187 16187 16187 16187 16187
926 8710 6259 9758 2051 16187 3112 830 4776 816 16187 16187 9890 16187 16187 16187
926 8710 6259 13783 7937 8268 2543 8719 926 14237 926 16187 16187 10272 16187 2552
926 14237 926 7001 15525 12233 8815 4776 4341 16187 16187 16187 16187 16187 16187 16187
926 14237 926 7001 15525 12233 8815 4776 4341 16187 16187 830 13348 16187 13348 16187
926 14237 926 14776 11161 15721 16187 14069 12233 8733 14745 926 16187 16187 16187 16187
6286 8268 7740 973 9528 5713 820 9498 7456 12233 5174 13740 4776 926 16187 16187
4267 4710 11953 8712 4931 16105 1138 926 5711 16187 16187 16187 16187 16187 16187 145
7740 11530 8712 16187 983 14237 9429 10036 16187 16187 16187 16187 16187 16187 14112 16187
12128 11598 779 8093 12766 1229 10273 8268 5335 8084 1955 8569 16187 16187 16187 16187
3842 1957 14180 1737 16187 16187 16187 8069 7970 16187 643 16187 16187 926 16187 16187
926 14365 779 12127 110 2664 3994 16187 10033 16187 16187 4687 12233 12650 16187 16187
10375 8710 926 14237 2254 12233 4330 9891 16187 16187 16187 16187 16187 16187 16187 16187
4267 926 4776 15064 3177 1390 16187 15096 16187 5332 16187 16187 16187 16187 16187 7970
14734 926 8710 1378 3177 3171 2563 15846 2823 926 16187 16187 16187 16187 16187 1957
5780 779 4776 10822 3177 3155 4776 15769 16187 16187 16187 16187 16187 16187 16187 16187
4267 926 4776 15064 3177 1390 16187 16187 5332 15096 16187 16187 16187 1957 4776 14596
926 14569 1019 6173 8710 4660 1955 14016 8719 6259 11901 7693 4927 16187 16187 16187
8268 14776 4776 12303 10967 2313 14043 6826 13501 6672 8719 13537 2598 16187 16187 16187
8268 14776 4776 12303 10967 2313 14043 6826 13501 6672 8719 13537 2598 16187 16187 15096
7661 1133 14776 12256 4703 3177 203 4776 2053 16146 8311 3994 5174 16187 16187 16187
12338 4421 926 8268 6259 15658 5867 926 8580 6259 8081 2457 14029 4776 926 16187
3842 11889 4776 12012 13348 16187 3364 1919 6259 653 3177 4776 2563 16187 9084 16187
12338 926 15783 16187 11889 5463 8719 926 2598 16187 16187 14734 9059 16187 16187 16187
8569 1111 8710 6259 1378 1450 8268 4 8958 8268 15624 3667 3177 983 16187 16187
4267 12233 11553 1138 12298 5711 16187 2563 9222 13348 16187 8081 2713 16187 926 4776
10355 3575 12273 9594 8268 10355 12233 11553 6011 10918 16187 4832 16187 13348 16187 4832
6259 926 779 10545 2903 14734 304 15995 10324 12920 5889 8774 16187 16187 16187 16187
6259 926 779 10545 2903 14734 304 15995 10324 12920 5889 8774 16187 16187 16187 2903
6259 926 779 10545 2903 14734 304 15995 10324 14237 6179 10324 4776 6856 10324 1919
14294 3171 4931 6259 14901 3748 3177 4776 10033 8268 4776 2588 9475 16187 16187 16187
4267 12233 11553 1138 12298 5711 16187 2563 9222 13348 16187 1954 926 16187 14237 2563
8719 3171 1378 926 13348 13348 16187 3137 8268 4776 7542 16187 16187 16187 6535 13178
7740 4552 9754 9429 1229 7740 9429 7926 5867 6259 9313 14237 6692 8761 16187 16187
7740 4552 9754 9429 8712 5867 4032 853 12097 14043 926 16187 15956 16187 8719 926
7740 11530 8712 8268 7740 973 9813 16041 4776 3366 13089 8712 5656 15525 13348 16187
8712 4931 6259 10894 9625 8726 6011 6166 9070 16187 16187 16187 16187 16187 16187 16187
8712 4931 6259 10894 9625 8726 6011 6166 9070 16187 6259 11039 3177 16187 861 15956
8712 4931 6259 3098 2563 5463 414 14272 926 13942 11889 12127 6862 3177 4776 16187
3098 5646 950 16187 16187 16187 16187 16187 16187 16187 16187 16187 16187 16187 16187 16187
13084 1540 8268 13084 15180 16187 16187 834 16187 9332 16187 16187 2167 16187 16187 926
3098 5646 950 16187 926 8268 6259 5948 3177 4776 4152 16187 16187 16187 16187 4949
3171 10240 8710 5462 5424 12233 7377 14237 10355 15768 16187 16187 16187 16187 16187 16187
3171 10240 8710 5462 5424 12233 7377 14237 10355 15768 16187 16187 4142 16187 16187 16187
3171 10240 8710 5462 5424 12233 7377 14237 10355 15768 16187 16187 4142 16187 2689 16187
1957 14734 8148 3892 1778 12497 16187 16187 16187 16187 16187 16187 16187 16187 16187 16187
1957 14734 8148 3892 1778 12497 16187 6546 11889 926 16187 1644 12233 15956 16187 16187
1957 14734 2521 16187 16105 15389 816 5562 12233 4776 2563 16187 4927 4776 7542 16187
4776 16003 954 16187 16187 16187 16187 16187 16187 16187 16187 16187 16187 16187 16187 16187
4776 4267 4710 4931 10014 4776 10033 926 16187 779 10471 16187 8270 16187 12349 16187
4776 16003 954 16187 684 2837 926 11306 14237 15884 16187 926 16187 16187 16187 16187
5329 3746 9706 14272 7926 5867 12766 10324 8268 12008 6070 14218 16187 16187 16187 16187
5329 3746 9706 14272 7926 5867 12766 10324 8268 12008 6070 14218 16187 8440 14237 9429
5329 8726 15846 6096 779 1157 12233 1436 11953 8712 13348 13348 13348 16187 3137 15846
6826 3177 4776 564 4440 8719 3171 2296 12606 2563 10057 1778 15597 926 16187 16187
4267 12233 11553 1138 12298 5711 16187 2563 9222 13348 16187 8081 8269 2858 926 16187
6826 3177 4776 564 4440 8719 3171 2296 12606 2563 10057 1778 15597 926 16187 16187
4325 7185 1919 12825 10072 926 15658 926 10967 4776 5332 5875 6033 5738 16187 16187
4325 7185 1919 12825 10072 926 15658 926 10967 4776 5332 5875 6033 5738 16187 16187
4325 2446 10603 6826 926 16187 16187 14263 8719 1954 4269 16187 16187 16187 16187 16187
15285 926 8710 6259 4853 7937 3177 4189 16187 16187 16187 16187 16187 16187 16187 16187
3842 16187 12127 926 3177 5937 8835 16187 12233 9577 14237 16187 16187 16187 16187 16187
926 8710 1378 3177 9743 16187 9290 10967 4776 2563 16187 16187 16187 6535 6535 16187
4776 3942 1919 3171 8710 5463 4776 4152 14237 13811 14776 1229 9782 14237 10011 16187
4776 4267 8084 16187 11553 771 6826 926 817 8268 1229 14221 16187 16187 16187 16187
4776 3299 2598 16187 8712 5867 6259 9001 16187 8268 7926 5867 926 16187 16187 16187
14272 4931 1515 10324 817 13529 5867 8456 13089 7926 9084 5463 2598 16187 16187 16187
14272 4931 1515 10324 817 13529 5867 8456 13089 7926 9084 5463 2598 16187 16187 5415
14272 15090 9070 4776 10566 11953 1138 8858 13555 5711 4931 4776 2221 16187 16187 16187
9770 12625 8710 4776 3257 9605 4609 830 10083 13066 16187 16187 16187 16187 16187 16187
4267 12233 11553 1138 12298 5711 4931 6535 926 16187 4776 817 16003 16187 16187 16187
1378 5618 1957 12291 7926 8710 6259 926 16187 926 13348 16187 16187 14734 16187 16187
4776 2563 779 10217 630 14491 14412 4776 653 13926 14237 4776 5358 16187 16187 16187
3842 1957 14180 1737 16187 16187 16187 8268 4776 11247 2563 16187 6259 10887 10887 16187
4776 2563 779 10217 630 14491 14412 4776 653 13926 14237 4776 5358 16187 16187 16187
1955 7740 8592 9404 8268 7740 1951 1229 15984 5463 13474 5867 8858 16187 16187 16187
1955 7740 8592 9404 8268 7740 1951 1229 5297 8268 7740 9084 9754 16187 14635 3177
1955 7740 8592 9404 8268 7740 1951 1229 15984 5463 13474 5867 8858 16187 16187 16187
4776 2285 13839 8710 6259 2563 15480 14237 8710 3908 6259 2148 512 15819 15781 16187
4776 4267 8710 10501 9850 8268 2837 14221 16187 16187 16187 16187 16187 13348 16187 16187
4776 2285 13839 8710 6259 2563 15480 16187 16187 643 16187 16187 16187 643 16187 16187
10669 4552 13077 8712 15525 8726 6011 9605 4776 3984 16187 16187 16187 16187 16187 16187
10669 4552 9754 7001 2858 4776 926 13348 16187 16187 9431 16187 16187 11889 16187 16187
6011 15956 4776 3176 16187 5086 15525 8268 8710 2148 3177 14272 6259 8139 926 16187
12008 9084 7740 11393 11788 2598 16187 16187 16187 16187 16187 16187 16187 16187 16187 16187
12008 9084 7740 11393 11788 2598 16187 16187 11839 7740 3364 16187 16187 16187 16187 16187
12008 9084 7740 11393 11788 2598 16187 16187 11839 2598 16187 16187 12467 16187 16187 2598
12233 5759 15525 3171 2563 3543 2823 1959 830 4776 2176 926 926 16187 16187 16187
3842 16187 16187 1737 9487 8268 7740 9884 926 16187 16187 12276 16187 816 16187 16187
12233 5759 15525 3171 2563 3543 2823 1959 830 4776 2176 926 926 16187 1955 926
9296 4325 9498 926 8268 8115 2598 16187 16187 16187 16187 16187 16187 16187 16187 16187
9036 3171 2563 16187 12495 12495 16187 5332 3364 2823 16187 4537 16187 16187 16187 10953
12008 7740 12431 12233 12650 2903 6011 8268 14237 7740 4628 16187 16187 16041 830 6259
7740 11553 9754 926 6041 929 3171 8901 3994 16187 16187 16187 16187 16187 16187 16187
7740 11553 9754 926 6041 929 3171 2563 4931 8270 16187 16187 16187 16187 16187 16187
7740 11553 9754 926 6041 929 3171 8901 3994 16187 3087 16187 16187 16187 16187 16187
14237 926 2598 16187 16187 16187 16187 16187 16187 16187 16187 16187 16187 16187 16187 16187
14237 926 8815 2904 10967 7605 13348 16187 8466 16187 13348 16187 13348 16187 9431 983
14237 926 2598 16187 16187 5332 6259 11401 3177 926 13876 16187 14237 779 1515 12233
14237 15662 3847 7926 8725 10036 2598 16187 16187 16187 16187 16187 16187 16187 16187 16187
14237 15662 3847 7926 8725 10036 2598 16187 16187 16187 14734 8146 16187 4311 926 16187
14237 8712 5208 2823 4776 7524 16187 926 10967 14180 16187 16187 16187 16187 16187 16187
11553 12233 5243 2148 16187 16187 16187 16187 16187 16187 16187 16187 16187 16187 16187 16187
5329 2296 6148 3823 16187 15956 16187 14237 8712 5867 6259 11026 16187 16187 16187 16187
6011 15956 8268 14426 830 926 16187 2563 16187 10669 16187 16187 16187 16187 16187 16187
12008 8712 5867 14180 9577 14237 8710 630 12495 10399 12233 10503 16187 16187 16187 16187
12008 8712 5867 14180 9577 14237 8710 630 12495 10399 12233 10503 16187 16187 16187 16187
12008 8712 5867 14180 9577 14237 8710 630 1344 1955 8712 5867 16187 16187 16187 16187
8712 4931 1229 11063 2780 9122 14237 4776 10418 4931 6388 16187 16187 16187 16187 16187
8712 4931 1229 11063 2780 9122 14237 4776 10418 4931 6388 16187 16187 16187 16187 16187
8712 4931 7742 10471 14237 4776 10418 1019 8245 1449 6173 4931 6535 10355 16187 16187
926 4647 7740 4628 9754 10838 983 2585 4859 8719 12051 16187 16187 16187 16187 16187
926 4647 7740 4628 9754 10838 983 2585 4859 8719 12051 16187 16187 2974 16187 16187
926 4647 7740 4628 9754 10838 983 2585 4859 8719 12051 16187 16187 5341 16187 16187
12008 14069 8710 1378 9425 731 5463 3543 2823 926 15525 16187 16187 16187 16187 16187
12008 14069 14776 15180 5463 13592 2353 926 12743 16187 14180 15597 926 926 16187 926
12008 14069 8710 1378 9425 731 5463 3543 2823 926 15525 16187 16187 8185 16187 16187
12008 5463 5867 1955 14221 1955 8712 13216 16187 16187 16187 16187 16187 16187 16187 16187
12008 5463 5867 1955 14221 1955 8712 13216 16187 830 817 16187 16187 16187 16187 9442
12008 5463 5867 1955 14221 1955 8712 13216 16187 12233 8733 16187 16187 16187 3177 12276
14031 8268 203 4624 1110 8268 8719 5530 8268 926 10211 830 1954 10211 8353 16187
14031 8268 203 4624 13758 16187 11889 6259 926 16187 16187 16187 16187 16187 16187 16187
14043 13434 4169 10437 3543 15232 13592 12606 3460 2598 16187 16187 2598 16187 16187 16187
4776 14599 4931 1229 1229 14237 4776 8521 4931 1980 16187 16187 16187 16187 16187 16187
4776 14599 4931 1229 1229 14237 4776 8521 4931 1980 16187 308 16187 3553 16187 16187
4776 14599 4931 10716 7742 13663 16187 11842 4776 4776 926 16187 16187 16187 16187 16187
6259 4832 12233 5272 3994 8710 2945 4776 8270 3177 4776 10217 16187 16187 16187 16187
4267 926 4776 15064 3177 1390 16187 16187 5332 15096 16187 16187 16187 1957 4776 10033
6259 4832 12233 5272 3994 8710 2945 4776 8270 3177 4776 10217 16187 16187 16187 16187
5463 4931 1344 6259 15667 5138 16187 16187 16187 16187 16187 16187 16187 16187 16187 16187
5463 4931 9754 4776 2037 91 16187 8712 5867 4537 12495 16187 10355 14237 16187 16187
5463 4931 1344 6259 15667 5138 16187 2946 16187 643 11889 10545 8719 4776 16187 16187
926 3177 4776 7807 7453 8710 4297 14029 12276 12489 14255 1860 1133 16187 16187 16187
3842 11889 4776 12012 13348 16187 3364 7001 1919 6259 5711 16187 2563 16187 12431 6259
926 3177 4776 7807 7453 8710 4297 14029 12276 12489 14255 1860 1133 16187 16187 16187
13570 8712 5867 4537 5329 10471 10589 7742 8719 3171 2563 16187 16187 16187 16187 16187
13570 8712 5867 4537 5329 10471 10589 7742 8719 3171 2563 16187 1019 14237 7740 16187
8796 8712 5867 15667 12233 11553 1954 9332 8808 4128 16187 1378 5208 6011 10603 15525
3171 10810 9591 16105 9070 1453 1138 926 5711 2148 1329 16187 16187 16187 16187 16187
3842 3171 16187 16187 2563 16187 5568 4776 6499 16187 926 16187 16187 16187 16187 7970
3171 10810 9591 16105 9070 1453 1138 926 5711 2148 1329 16187 16187 2122 16187 4440
926 8710 5675 1955 1799 8268 4776 10042 13157 14734 8036 1842 16187 16187 16187 16187
3842 1919 12127 926 2563 16187 5365 16187 12349 6683 1957 6259 10372 16187 16187 2148
926 8710 5675 1955 1799 8268 4776 10042 13157 14734 8036 1842 16187 926 16187 16187
11921 12233 2823 926 3177 12276 926 16187 16187 16187 16187 16187 16187 16187 16187 16187
4267 4710 11953 3171 2563 1138 926 5711 13348 16187 16187 16187 16187 7740 9429 3177
15202 10036 4776 13839 8710 15761 16187 1644 12233 2552 16187 16187 16187 16187 16187 16187
12008 8268 1955 830 4776 2563 10781 8268 8712 3847 9754 4189 6070 7742 16187 16187
12008 8268 1955 830 4776 2563 10781 8268 8712 3847 9754 4189 6070 7742 16187 16187
12008 8268 1955 4776 15388 2894 13197 8268 1138 6683 5711 8710 4776 926 16187 14125
1019 12825 13784 5031 3177 4776 4194 13422 14029 4776 2221 6173 16187 16187 16187 16187
1019 12825 13784 5031 3177 4776 4194 13422 14029 4776 2221 6173 16187 2588 926 16187
1019 12825 13784 5031 3177 4776 4194 13422 14029 4776 2221 6173 16187 14221 16187 16187
4776 2563 8368 1919 6259 14426 2387 3177 12401 1383 14237 12401 3163 16187 16187 16187
3842 1957 14180 1737 16187 16187 16187 8069 7970 16187 4994 16187 926 13348 16187 16187
4776 2563 8368 1919 6259 14426 2387 3177 12401 1383 14237 12401 3163 16187 16187 16187
12276 926 8710 3803 16187 16187 16187 16187 16187 16187 16187 16187 16187 16187 16187 16187
12276 926 8710 3803 16187 5208 2823 926 16187 16187 929 16187 16187 16187 16187 16187
12276 926 8710 11582 16187 11401 6173 14237 9084 16187 926 16187 16187 16187 16187 13348
4776 926 8808 1019 926 8346 6173 4931 8093 5570 16187 16187 16187 16187 16187 16187
4776 926 8808 1019 926 8346 6173 4931 8093 5570 16187 16187 16187 16187 16187 16187
4776 926 7185 8712 1919 13208 14237 3938 16187 16187 16187 16187 11247 16187 16187 830
15555 8268 1955 4776 6140 6076 9385 10967 4776 16146 8311 3177 4776 926 13348 16187
4267 12233 11553 926 5406 6188 2837 926 16187 16187 16187 1957 16187 16187 7970 16187
14734 6378 14734 10030 2333 14745 14237 1644 14745 7829 16187 1079 14734 983 9498 14734
15662 2598 16187 16187 16187 16187 16187 16187 16187 16187 16187 16187 16187 16187 16187 16187
15662 2598 16187 2968 16187 5568 4776 14281 3847 8712 4552 16187 2598 16187 16187 8457
15662 2598 16187 2968 16187 5568 2598 16187 16187 2563 16187 9429 16187 4931 8069 4931
14734 2752 5568 5164 8287 14745 12008 4325 8093 11644 14745 16187 16187 16187 16187 16187
14734 2752 5568 5164 8287 14745 12008 4325 8093 11644 14745 16187 16187 16187 16187 5200
14734 2752 5568 5164 8287 14745 12008 4325 8093 11644 14745 16187 16187 16187 16187 16187
10355 13348 16187 16187 16187 16187 16187 16187 16187 16187 16187 16187 16187 16187 16187 16187
10355 13348 16187 1430 16187 16105 16187 7740 4552 16187 13348 16187 3192 16187 3192 16187
10355 13348 16187 1430 13348 16187 13348 7740 11889 13348 16187 13348 16187 16187 6683 3177
5463 11900 12495 16187 16187 16187 16187 16187 16187 16187 16187 16187 16187 16187 16187 16187
5463 11900 12495 16187 6173 16187 16187 4927 16187 16187 16187 9405 16187 16187 16187 16187
5463 11900 12495 16187 6173 8719 4776 10501 3177 4776 5365 16187 11899 14251 16187 16187
15597 63 10033 8268 1138 6276 13348 5711 16187 16187 16187 16187 16187 16187 16187 16187
3842 11889 4776 12012 13348 16187 3364 1919 6259 653 3177 4776 2563 16187 16187 16187
15597 63 10033 8268 1138 6276 13348 5711 16187 100 188 16187 6070 16187 16187 16187
1229 4624 14192 14745 5807 15658 14237 203 7926 1644 12233 135 16187 16187 16187 16187
9036 3171 2563 16187 12495 12495 16187 5332 3364 2823 16187 6535 16187 12495 15096 16187
1229 4624 14192 14745 5807 15658 14237 203 7926 1644 12233 135 16187 16187 2598 16187
9653 8710 8268 13907 6259 3141 8268 4776 10566 13076 8808 8084 16187 16187 16187 16187
3842 1957 14180 1737 16187 16187 16187 8069 7970 8164 2563 16187 16187 16187 16187 16187
926 4647 7740 4628 9754 10838 983 2585 4859 8719 12051 16187 16187 16187 16187 16187
1229 7740 118 926 16187 16187 16187 16187 16187 16187 16187 16187 16187 16187 16187 16187
1229 7740 3626 8712 4931 6259 12260 2552 16187 16187 8719 4776 2285 983 16187 16187
1229 7740 118 926 16187 4927 12233 10603 8712 16187 16187 1957 14180 16187 16187 16187
1378 3177 4776 8270 14549 10033 5867 4484 1919 6259 1019 6070 6173 5947 2664 16187
4267 12233 11553 1138 12298 5711 16187 1138 6594 5711 16187 2563 16105 16187 926 16187
1378 3177 4776 564 5852 14373 5388 15525 14069 13348 16187 926 16187 926 16187 16187
3171 10033 16031 14769 3177 12127 443 5463 779 8709 12349 1813 16187 16187 16187 16187
3842 3171 16187 6683 11889 1799 5952 16187 16187 6692 16187 16187 926 16187 16187 16187
3171 10033 779 5372 4776 12107 8268 12233 2263 486 16187 16187 16187 16187 16187 16187
14069 8710 630 8781 12233 4776 10026 11953 12401 3177 5713 12835 16187 16187 16187 16187
3842 1957 14180 1737 16187 16187 16187 8069 7970 16187 16187 16187 2563 16187 16187 16187
14069 8710 12583 3177 1684 8268 14237 14776 10915 8124 16187 16187 10941 4189 16187 16187
8712 8710 7708 12233 8152 3171 1213 6259 2176 10033 8268 12008 8712 8710 16187 16187
8712 8710 7708 12233 8152 3171 1213 6259 2176 10033 8268 12008 8712 8710 16187 16187
8712 8710 7708 12233 8152 3171 1213 6259 2176 10033 8268 12008 8712 8710 16187 16187
6173 16187 16187 16187 16187 16187 16187 16187 16187 16187 16187 16187 16187 16187 16187 16187
6173 16187 1229 630 3177 4776 5365 5867 12349 16187 16187 16187 16187 16187 14263 16187
6173 16187 16187 3257 8719 5258 926 3177 926 8719 926 16187 16187 10033 16187 16187
8726 1378 3364 8733 15525 630 3177 15571 8268 4776 63 3942 14470 2823 926 16187
8726 1378 3364 8733 15525 630 3177 15571 8268 4776 63 3942 14470 2823 926 16187
8726 1378 12149 4776 9956 12233 16187 16187 9577 1955 8712 5867 12349 16187 16187 16187
7740 15846 5329 8069 5522 14029 4776 950 15658 684 4776 14634 16187 16187 16187 16187
9036 3171 2563 16187 12495 12495 16187 12495 6280 16187 789 3847 16187 16187 1919 16187
7740 15846 7001 14237 2552 8712 10036 12716 16187 926 4776 1583 16187 16187 12491 16187
6173 16187 16187 16187 16187 16187 16187 16187 16187 16187 16187 16187 16187 16187 16187 16187
6173 16187 1229 630 3177 4776 5365 5867 12349 16187 16187 16187 16187 16187 14263 16187
6173 16187 16187 12107 8268 12008 7740 1110 16187 14237 16187 16187 830 16187 16187 16187
12855 926 4931 8213 16187 16187 16187 16187 16187 16187 16187 16187 16187 16187 16187 16187
4267 926 4776 15064 3177 1390 16187 16187 5332 15096 16187 16187 16187 1378 16187 4990
12855 926 4931 8213 16187 16187 6500 8268 8719 12276 3109 16187 3192 16187 16187 16187
3409 4931 5010 1955 2296 8268 14069 8710 6826 11162 4856 91 14069 16187 16187 16187
4267 3177 14180 926 8569 16187 16187 16187 816 16187 16187 16187 13348 16187 16187 16187
10710 1955 5463 16187 9277 5367 16187 926 16187 5365 16187 8710 16187 16187 6259 16187
14069 8710 9754 6259 11046 2002 11839 8719 4776 2285 10033 16187 16187 16187 16187 16187
3842 1957 14180 1737 16187 16187 16187 8069 7970 8164 2563 16187 816 16187 16187 926
14069 8710 2446 6826 3098 8974 14237 13907 7558 16187 16187 1957 4776 9431 16187 14237
132 4776 1787 14352 15662 926 8710 6259 15762 16187 16187 16187 16187 16187 16187 16187
3842 11889 8712 5867 2023 6011 8913 12233 13931 6011 16187 11889 16187 5562 16187 16187
926 10967 926 16187 8268 7740 12020 7740 771 3171 2563 16187 16187 16187 16187 16187
1378 3177 4776 564 6593 3177 926 16187 16187 16187 16187 16187 16187 16187 16187 16187
1378 3177 4776 14219 1246 1229 14221 13348 16187 1453 16187 10953 16187 16187 16187 16187
1378 3177 4776 564 6593 3177 926 16187 926 14776 15662 8069 2148 12233 12650 16187
4776 14596 8710 13982 7518 14029 6259 5820 443 2248 926 926 926 16187 16187 16187
4776 14596 8710 13982 7518 14029 6259 5820 443 2248 926 926 926 16187 16187 16187
4776 14596 8710 2543 8719 6259 2067 8063 12234 16187 12431 2858 926 16187 16187 926
8719 4776 9431 1378 8268 8712 5867 15337 11144 5867 5804 3384 16187 16187 16187 16187
8719 4776 12298 8268 3171 1866 8710 6259 2365 9684 16187 16187 16187 16187 16187 10372
8719 4776 9431 1378 8268 8712 5867 15337 11144 5867 5804 3384 16187 16187 16187 926
14180 7926 188 8710 12233 9786 10918 6259 592 5463 7926 2683 1885 5602 16187 16187
3842 1957 14180 1737 16187 12467 16187 5332 16187 16187 16187 5807 16187 16187 13348 16187
7926 6159 8223 11946 7926 8710 2429 6259 12715 14237 3790 9290 16187 16187 16187 16187
14272 4624 2552 8710 5580 5695 14596 7032 8268 14237 8124 10418 2837 14180 2946 16187
14272 4624 2552 8710 5580 5695 14596 7032 8268 14237 8124 10418 2837 14180 2946 16187
14272 4624 2552 8710 5580 5695 14596 7032 8268 14237 8124 10418 2837 14180 2946 16187
929 8268 3203 926 2858 926 1919 14734 8269 12233 9311 1919 11251 11953 926 16187
3842 4311 13084 8268 8796 8268 1138 4776 2946 3994 2326 779 6259 3098 10501 16187
929 8268 3203 926 2858 926 1919 14734 8269 12233 9311 1919 11251 11953 926 16187
14272 13411 7401 12233 4776 2601 419 2598 16187 16187 16187 16187 16187 16187 16187 16187
14272 13411 7401 12233 4776 2601 419 2598 16187 16187 13949 1919 926 16187 16187 16187
14272 3112 8712 1229 2599 4776 2122 8268 14069 14776 10355 16187 16187 16187 16187 16187
7542 8268 6259 3098 926 13896 16187 16187 16187 16187 16187 16187 16187 16187 16187 16187
9036 3171 2563 16187 12495 12495 16187 12495 13799 1919 16187 12008 6535 630 12495 16187
7542 8268 6259 3098 926 13896 16187 385 1378 16187 14734 926 16187 16187 16187 16187
926 2384 12233 5530 8268 6689 926 15967 4776 10094 10036 4240 13474 8710 926 16187
926 2384 12233 5530 8268 6689 926 15967 4776 10094 10036 4240 13474 8710 926 16187
926 8746 926 14237 15034 10036 1957 6259 6408 551 16187 16187 16187 16187 16187 16187
2067 10894 3177 837 14029 14833 830 4776 926 14919 16187 16187 16187 16187 16187 16187
4267 3177 14180 926 8569 16187 1019 4776 2543 16187 13141 12233 1436 16187 16187 8270
1378 926 7251 926 926 5867 11907 216 16187 3098 16187 3098 16187 16187 16187 830
14180 3177 4776 100 14776 1344 6692 16187 16187 16187 16187 16187 16187 16187 16187 16187
14180 3177 4776 100 14776 1344 6692 16187 14237 4776 4931 926 16187 16187 16187 16187
14180 3177 4776 100 14776 1344 6692 16187 14237 11773 16187 16187 91 16187 16187 16187
1955 6259 3537 8268 8712 5867 5329 8569 16187 16187 16187 16187 16187 16187 16187 16187
4267 12233 11553 926 5406 6188 2837 926 16187 16187 16187 1957 16187 16187 16187 16187
1955 6259 3537 8268 8712 5867 5329 8569 16187 12008 8712 5867 2148 16187 512 2326
3171 8710 4776 10442 3177 1378 3177 4776 564 8185 8084 16187 16187 16187 16187 16187
3171 8710 4776 4267 2563 7740 11553 8084 8466 16187 16187 8719 926 16187 10272 12233
3171 8710 4776 10442 3177 1378 3177 4776 564 8185 8084 16187 308 11889 1597 13348
926 926 1955 4776 875 15658 3543 2823 6259 2365 690 12008 6259 1903 9684 16187
926 926 1955 4776 875 15658 3543 2823 6259 2365 690 12008 6259 1903 9684 16187
926 926 1955 4776 875 15658 3543 2823 6259 2365 690 12008 6259 1903 1957 10418
6868 8268 14237 8710 926 2837 3171 2563 16187 16187 16187 16187 16187 16187 16187 16187
3842 1957 14180 1737 16187 16187 16187 8069 7970 8164 2563 16187 16187 16187 16187 16187
926 5463 14776 2466 2689 2779 14029 1954 4642 926 16187 16187 16187 16187 8440 8798
4325 14776 14180 5687 830 2837 6259 6053 9290 11215 926 16187 16187 16187 16187 16187
4325 14776 13022 8719 6259 6698 3177 926 14237 5045 16187 16187 2296 16187 16187 16187
4325 14776 14180 5687 830 2837 6259 6053 9290 11215 926 16187 16187 5711 16187 16187
7740 2446 11530 4776 2053 926 3994 3177 926 16187 16187 16187 16187 16187 16187 16187
7740 2446 4552 9754 15956 15662 13084 1378 11292 6259 4473 5414 13839 16187 16187 16187
7740 2446 11530 4776 2053 926 3994 3177 926 16187 16187 16187 926 16187 16187 16187
3847 4750 926 4776 11401 2598 16187 16187 16187 16187 16187 16187 16187 16187 16187 16187
3847 4750 926 4776 11401 2598 16187 16187 2598 16187 16187 14734 16187 16187 16187 16187
1138 129 10765 5711 3847 5463 12233 2904 16187 16187 16187 1885 16187 16187 16187 16187
1138 7416 926 5711 2598 16187 16187 16187 16187 16187 16187 16187 16187 16187 16187 16187
1138 5711 16187 6297 13904 9591 12233 7127 4776 5562 16187 830 4776 2563 16187 16187
1138 7416 926 5711 2598 16187 16187 11778 16187 3748 4776 5121 954 16187 14237 15840
5329 5568 5463 8268 7740 14823 6259 14230 13832 16187 16187 16187 16187 16187 16187 16187
5329 5568 5463 8268 7740 14823 6259 14230 13832 16187 16187 16187 16187 16187 16187 16187
5329 5568 5463 8268 7740 14823 6259 14230 13832 16187 16187 16187 16187 16187 16187 16187
4776 2067 954 2837 4421 1799 926 9113 6826 10355 3211 1955 4776 926 16187 16187
3842 16187 16187 1737 8268 4624 14180 16187 308 16187 16187 16187 16187 16187 8719 2167
4776 2067 954 2837 4421 1799 926 9113 6826 10355 3211 1955 4776 926 16187 16187
7740 2383 4325 15956 11953 12239 5867 9450 5223 3942 16187 16187 16187 16187 16187 16187
7740 2383 4325 15956 11953 703 5463 14776 8719 1213 6259 5947 2664 3177 3192 16187
7740 2383 4325 15956 11953 12239 5867 9450 5223 3942 16187 16187 3711 14237 16187 16187
4776 10418 4931 12256 10394 9084 14734 14043 1885 10501 5176 16187 16187 16187 16187 16187
4776 10418 4931 6591 16187 6173 14734 9465 12233 6119 8069 2148 16187 16187 16187 16187
4776 10418 4931 12256 10394 9084 14734 14043 1885 10501 5176 16187 16187 10355 16187 16187
11457 8651 8263 8719 14734 467 2984 10770 1919 14734 15211 10437 16187 16187 16187 16187
4267 926 4776 15064 3177 1390 16187 16187 5332 15096 16187 16187 16187 4931 4776 10033
14734 10418 4189 8710 2326 10355 14237 2997 91 16187 16187 4537 12495 16187 16187 16187
7740 1442 3171 2563 8719 12544 14029 4776 926 926 13089 7740 4931 14919 16187 16187
9036 3171 2563 16187 12495 12495 16187 12495 13799 5867 16187 12233 11553 12233 926 16187
7740 1442 3171 2563 8719 12544 14029 4776 926 926 13089 7740 4931 14919 16187 16187
3098 11646 1019 1955 2296 6173 8268 3437 12835 14237 2148 12233 15289 13348 16187 16187
3842 16187 16187 1737 8268 4624 14180 16187 308 16187 16187 16187 16187 16187 8719 2167
3098 11646 1019 1955 2296 6173 8268 3437 12835 14237 2148 12233 15289 13348 16187 16187
4776 10418 8719 3171 10033 4931 3098 16187 16187 16187 16187 16187 16187 16187 16187 16187
4776 10418 8719 3171 10033 4931 5329 13181 16187 9925 16187 13103 16187 16187 16187 16187
4776 10418 8719 3171 10033 4931 3098 16187 16187 16187 16187 16187 4311 8084 8466 16187
12008 1378 15846 5329 14518 4776 1117 14426 10033 14237 15846 15840 6011 16187 16187 16187
12008 1378 2067 8268 15662 820 16187 15956 11953 4776 7083 16187 13829 14217 16187 10571
12008 1378 15846 5329 14518 4776 1117 14426 10033 14237 15846 15840 6011 16187 16187 16187
8712 3461 4298 203 1247 8378 5867 643 779 14393 14180 9743 1778 14745 16187 16187
3842 1957 14180 1737 16187 16187 16187 8069 7970 16187 4994 16187 14221 13348 16187 4832
8712 3461 4298 203 1247 8378 5867 643 779 14393 14180 9743 1778 14745 16187 15416
13474 9084 9754 13013 14029 9313 15452 8268 113 5305 14043 7140 14237 14948 16187 16187
13474 9084 9754 13013 14029 9313 15452 8268 113 5305 14043 7140 14237 14948 16187 16187
13474 9084 1954 8213 15781 1919 4776 5328 926 15480 13532 12233 1885 16187 16187 9534
12008 4776 9431 8656 9605 10355 5015 10967 9070 15978 3177 4776 15461 16187 16187 16187
12008 4776 9431 8656 9605 10355 5015 10967 9070 15978 3177 4776 15461 16187 16187 16187
12008 4776 10418 8710 8213 16187 10566 3177 8712 16187 16187 779 16105 204 16187 16187
8712 8710 6259 12260 2552 16187 16187 16187 16187 16187 16187 16187 16187 16187 16187 16187
8712 8710 6259 12260 2552 16187 16187 830 6259 8974 3082 9653 4932 3461 16187 10671
8712 8710 6259 12260 2552 16187 830 4776 926 14237 2326 16187 8719 14138 16187 16187
8087 5433 12233 8733 8268 9764 3082 11381 8719 16187 16187 16187 16187 16187 16187 16187
8087 5433 12233 8733 8268 9764 3082 11381 8719 16187 16187 16187 926 16187 16187 16187
13474 8710 16187 16187 7661 14734 10638 8268 14237 4311 7926 926 16187 16187 16187 16187
5297 8268 7740 11553 5074 15715 3171 2563 16187 16187 16187 16187 16187 16187 16187 16187
5297 8268 7740 11553 5074 15715 3171 2563 16187 5812 7740 9429 5463 4931 9754 5463
5297 8268 7740 8154 8712 16187 12233 2823 4776 2563 1919 1954 10211 16187 16187 4994
926 3177 4776 10033 14776 854 16187 16187 16187 16187 16187 16187 16187 16187 16187 16187
926 3177 4776 926 1390 8710 5329 10355 16187 2588 16187 16187 8157 3177 10033 1919
926 3177 4776 10033 14776 854 16187 2176 14237 926 926 16187 4687 16187 16187 6381
6173 16187 16187 16187 16187 16187 16187 16187 16187 16187 16187 16187 16187 16187 16187 16187
6173 16187 1229 630 3177 4776 5365 5867 12349 16187 16187 16187 16187 16187 14263 16187
6173 16187 16187 3257 8719 5258 926 3177 926 8719 926 16187 16187 10033 16187 16187
8726 6011 11889 4776 2946 8268 6011 3644 9754 7001 223 1919 3171 2563 16187 16187
8726 6011 11889 4776 2946 8268 6011 3644 9754 7001 223 1919 3171 2563 16187 8569
8726 6011 11889 4776 3034 3177 4231 12455 8268 6011 16138 11889 3171 2563 16187 16187
5329 3098 12008 6259 15819 9450 10033 16187 16187 16187 16187 16187 16187 16187 16187 16187
5329 3098 12008 6259 15819 9450 10033 16187 16187 16187 16187 16187 16187 16187 13348 16187
5329 3098 12008 6259 15819 9450 10033 16187 2847 6259 9450 16187 7970 16187 16187 16187
13094 4776 10033 4537 4240 4776 10072 1603 13000 4932 4931 6259 13325 3177 15762 16187
3842 1957 14180 1737 16187 16187 16187 8069 7970 16187 4994 16187 14221 13348 16187 16187
8719 3171 9577 820 5208 10852 10628 15597 10768 14237 11436 1784 16187 16187 16187 16187
1378 15525 3177 14255 8710 11953 14255 12291 12495 3192 16187 16187 16187 16187 16187 16187
4267 12233 11553 1138 12298 5711 16187 1138 6594 5711 16187 2563 16105 16187 6161 16187
1378 15525 3177 14255 8710 11953 14255 12291 12495 3192 16187 11401 16187 6011 12349 6259
12276 6745 8620 14237 1885 926 12515 9070 12233 4776 2169 12233 12650 6259 2563 16187
12276 10709 8710 1948 703 14776 3202 3171 2563 16187 13141 12233 15624 16187 830 16187
12276 2752 656 830 4776 10240 5867 4331 14237 8762 926 16187 16187 16187 16187 16187
12092 8268 2689 8268 14237 13464 5453 3171 926 2903 4776 12805 3177 15715 6687 16187
3842 1957 14180 1737 16187 16187 16187 8069 7970 8164 2563 16187 16187 16187 16187 16187
8719 4826 7926 14827 13852 15658 8710 14834 14237 10355 14237 7934 8719 10710 2525 16187
14069 14776 5329 6259 5948 2326 10355 4987 3211 15525 14069 16187 16187 16187 16187 16187
14069 14776 13084 13991 8776 13943 830 4776 10335 2954 15649 9498 5329 2215 16187 16187
14069 14776 14348 926 8268 12008 4325 4552 14776 9612 1955 13034 16187 8719 16187 16187
4776 4152 10781 11301 2903 2326 7742 8268 14237 8710 2326 10401 16187 16187 16187 16187
4776 4152 2696 13129 10967 14792 9216 7740 771 2696 16187 2097 16187 16187 16187 16187
4776 4152 10781 11301 2903 2326 7742 8268 14237 8710 2326 10401 16187 4832 16187 16187
8712 5867 5820 9625 16187 16187 16187 16187 16187 16187 16187 16187 16187 16187 16187 16187
8712 5867 5820 9625 16187 926 8268 6011 11889 6259 926 12233 13758 16187 830 6259
8712 5867 14180 14734 564 926 2837 14180 4776 6499 16187 16187 16187 16187 16187 16187
8712 8710 16150 8268 15276 1507 16187 16187 16187 16187 16187 16187 16187 16187 16187 16187
8712 8710 16150 8268 15276 1507 16187 3112 4776 2037 16187 16187 16187 16187 16187 9890
8712 8710 16150 8268 15276 15291 6535 12233 9332 16187 16187 9736 16187 16187 16187 16187
15649 12873 6598 6826 11274 830 14734 8179 297 16187 16187 16187 16187 16187 16187 16187
15649 14776 9754 6070 15174 15720 16187 14237 15525 16187 16187 16187 13348 13348 13348 16187
15649 12873 6598 6826 11274 830 14734 8179 297 16187 16187 12716 16187 926 926 16187
5463 3364 2823 701 8268 12008 8712 8710 13267 7742 16187 16187 16187 16187 16187 16187
5463 3364 4189 16187 16187 16105 8719 9743 16187 16187 11889 8719 4776 2563 16187 16187
5463 3364 2823 701 8268 12008 8712 8710 13267 7742 16187 16187 16187 12256 16187 16187
10232 926 1138 7740 11553 12233 10503 8719 6259 1787 13740 12276 16058 8456 16187 16187
4267 4710 11953 8712 4931 6259 6071 2563 16187 14221 16187 16187 16187 13348 16187 16187
7740 14581 2148 12149 8712 8268 14237 1919 6011 11553 12233 8712 16187 16187 16187 16187
8712 8383 6259 9349 15776 14220 14237 8712 3847 9754 8554 14069 16187 16187 16187 16187
3842 1957 14180 1737 16187 12467 16187 5332 4776 4994 16187 2563 16187 3192 16187 16187
8712 8383 6259 9349 15776 14220 14237 8712 3847 9754 8554 14069 16187 16187 16187 16187
12707 15846 1819 14734 6867 10324 2148 10599 3137 983 16187 16187 16187 16187 16187 16187
223 3543 11553 12766 12276 9770 13429 16187 16187 16187 14043 1957 16187 16187 16187 16187
4624 2552 2598 16187 13879 4325 16187 4311 16187 10036 16187 16187 11839 11953 3171 16187
1229 8268 14482 5867 926 8752 1919 6259 13519 8710 5329 14221 3748 16187 16187 16187
1229 8268 14482 5867 926 8752 1919 6259 13519 8710 5329 14221 3748 16187 16187 16187
1229 8268 8712 5867 5937 1482 2053 926 3177 926 3994 476 16187 16187 16187 16187
8712 5867 6259 3108 2563 5463 5208 2823 1959 12349 14237 12349 10036 16187 16187 16187
8712 5867 6259 8440 3211 14237 7740 12431 6259 15335 8200 1957 4776 983 16187 5046
8712 5867 6259 3108 2563 5463 5208 2823 1959 12349 14237 12349 10036 16187 16187 16187
1378 8710 4776 926 5186 830 2263 7855 11434 3177 3080 3192 12135 10051 16187 16187
4267 12233 11553 1138 12298 5711 4931 926 16187 1941 16187 16187 8719 4776 2563 16187
1378 8710 4776 926 5186 830 2263 7855 11434 3177 3080 3192 16187 16187 16187 16187
1138 13089 6011 11031 8719 1110 5711 8710 926 8268 11075 13907 1823 16187 16187 16187
1138 13089 6011 11031 8719 1110 5711 8710 926 8268 11075 13907 1823 16187 16187 16187
1138 13089 6011 11031 8719 1110 5711 8710 926 8268 11075 13907 1823 16187 16187 16187
1138 203 8710 5463 5095 1495 14029 6259 9944 926 2598 5711 16187 16187 16187 16187
1138 203 8710 5463 5095 1495 14029 6259 9944 926 2598 5711 16187 10033 16187 4832
1138 4776 9349 5867 13429 8710 3367 13348 5711 16187 16187 11889 16187 16187 16187 16187
12008 13089 6011 9605 816 8913 12233 8712 8268 4325 14776 9754 2326 6070 3437 16187
12008 13089 6011 9605 816 8913 12233 8712 8268 4325 14776 9754 2326 6070 3437 16187
12008 13089 7926 766 15597 7987 8268 8712 7336 926 4776 180 4269 16187 16187 16187
7740 9084 9754 14518 5463 10967 6259 15433 3211 8268 12008 8712 926 16187 16187 16187
7740 9084 9754 14518 5463 10967 6259 15433 3211 8268 12008 8712 926 16187 16187 16187
7740 11530 8712 8268 7740 973 9813 16041 4776 3366 13089 8712 5656 15525 13348 16187
15982 10471 14237 9442 5030 1919 6259 10355 13839 6636 2837 1044 16187 16187 16187 16187
4267 12233 11553 926 5406 6188 2837 926 16187 16187 16187 1957 16187 16187 7970 16187
14734 6664 8710 4831 12008 4142 232 8268 1919 5329 6259 11046 4183 4431 16187 4183
4152 1684 2598 16187 16187 16187 16187 16187 16187 16187 16187 16187 16187 16187 16187 16187
4152 1684 2598 16187 8268 6594 8268 10729 8268 6011 16187 9429 8712 16187 16187 16187
4152 1684 2598 16187 926 16187 926 8268 8719 4404 10033 8712 8710 16187 16187 12495
3171 2563 8710 2684 4812 8268 11889 4776 2588 10217 8719 4776 308 16187 16187 16187
3842 1957 14180 1737 16187 16187 16187 8069 7970 8164 2563 16187 16187 16187 16187 16187
3171 2563 8710 2684 4812 8268 11889 4776 2588 10217 8719 4776 308 16187 16187 16187
7926 14827 7926 5208 1381 2903 12233 1885 14237 159 6259 4251 15571 16187 16187 16187
3842 91 16187 4152 16187 6070 12690 16187 9925 2308 16187 5947 7610 16187 16187 16187
7926 14827 7926 5208 1381 2903 12233 1885 14237 159 6259 4251 15571 16187 16187 16187
4776 132 8710 1482 16187 16187 16187 16187 16187 16187 16187 16187 16187 16187 16187 16187
4776 132 8710 1482 16187 9859 16187 7098 8268 14237 7740 5777 9084 16187 16187 6535
4776 132 8710 1344 15819 7740 7627 16187 926 16187 926 16187 926 16187 16187 926
7740 4931 6259 10894 1435 12233 2552 6570 91 6297 16187 16187 16187 16187 16187 16187
4267 4710 11953 8712 4931 6259 6071 2563 16187 14125 16187 983 16187 11889 16187 16187
7740 4931 6259 10894 1435 12233 2552 6570 91 6297 16187 14029 4776 8588 3177 16187
7740 14263 3171 6259 9484 15525 3177 9484 16187 16187 16187 16187 16187 16187 16187 16187
9036 3171 2563 16187 12495 12495 16187 12495 13799 5867 16187 12233 1781 12495 16187 16187
7740 14263 3171 6259 9484 15525 3177 9484 16187 3192 16187 16187 564 16187 7740 9429
5238 12273 926 4015 2904 10967 5463 9746 16187 16187 16187 16187 16187 16187 16187 16187
3842 1919 12127 926 3177 5937 1750 16187 12349 3735 926 16187 10036 16187 16187 16187
926 3643 926 8268 15649 7740 9429 8710 6259 6140 950 16187 16187 16187 16187 16187
8726 7740 8093 2552 13803 15909 10036 8712 15846 2823 12495 6280 16187 16187 16187 16187
8726 7740 8093 2552 13803 15909 10036 8712 15846 2823 12495 6280 16187 16187 12349 16187
8726 7740 5297 2552 12958 6672 4552 6011 14776 8719 91 16187 4537 16187 6280 10036
14237 4624 2446 11553 4776 14311 6499 10967 926 926 14237 1430 926 16187 16187 16187
4325 11553 15597 12835 8913 1229 7742 8268 4325 16138 8069 14114 6011 16187 10503 16187
14237 4624 2446 11553 4776 14311 6499 10967 926 926 14237 1430 926 16187 16187 16187
1919 6259 5088 16187 16187 16187 16187 16187 16187 16187 16187 16187 16187 16187 16187 16187
4267 926 4776 15064 3177 1390 16187 15096 16187 5332 16187 5332 16187 817 16187 16187
8710 9689 4776 270 16187 1736 14237 4776 10033 5867 6259 926 16187 16187 926 16187
7926 5867 6601 4776 11586 8808 8719 4776 2563 16187 16187 16187 16187 16187 16187 16187
3842 91 16187 4152 16187 10399 8712 10399 12233 13317 16187 9290 16187 11247 16187 10887
7926 5867 6601 4776 11586 8808 8719 4776 2563 16187 16187 16187 1344 7742 16187 16187
4776 582 14776 926 16187 16187 16187 16187 16187 16187 16187 16187 16187 16187 16187 16187
4776 4267 8084 16187 8084 11553 7926 771 14734 15781 16187 16187 16187 8268 1919 14180
4776 582 14776 926 16187 14237 1883 926 12008 6649 11667 5867 14734 926 16187 16187
3171 926 5509 3177 14651 14470 4258 9743 6963 926 12233 926 4269 16187 16187 16187
3842 3171 16187 6683 11889 1799 5952 16187 16187 6692 16187 926 16187 16187 16187 16187
3171 926 5509 3177 14651 16187 4258 14734 582 16187 12233 1436 8268 14237 14237 4776
4776 14596 8710 2543 8719 6259 2067 8063 12234 16187 16187 16187 16187 16187 16187 16187
3842 1957 14180 1737 16187 16187 16187 8268 4776 9339 13811 16187 16187 16187 1229 1711
4776 14596 8710 2543 8719 6259 2067 8063 12234 16187 12431 2858 926 16187 16187 926
9296 5332 6011 4628 9754 16187 16187 16187 16187 16187 16187 16187 16187 16187 16187 16187
9296 5332 6011 4628 9754 16187 4776 9790 4927 16187 12349 10217 2103 16187 16187 16187
9296 5332 6011 4628 16187 1453 4609 10967 4776 6070 10442 16187 16187 16187 16187 16187
5463 5867 12276 16058 9450 916 5721 16187 16187 16187 16187 16187 16187 16187 16187 16187
5463 5867 12276 16058 9450 916 5721 16187 11899 7740 7740 1442 13348 16187 13348 16187
5463 5867 14766 16187 8185 7740 9884 8466 16187 2097 6538 16187 7764 16187 6280 16187
5962 8268 6083 8710 761 8719 9594 14237 13546 14237 12625 8719 2176 926 16187 16187
3842 1957 14180 1737 16187 12467 16187 5332 8268 7740 11553 8466 6259 11401 16187 643
8719 983 926 14827 7926 779 6826 2746 3177 14734 16058 16187 926 16187 16187 16187
15857 8268 4325 14776 4776 15720 8719 13153 13089 4776 926 13758 830 6259 9178 16187
13570 9743 9498 10518 12233 2823 6070 13129 3766 16187 16187 6550 3171 2563 16187 16187
13089 12128 8746 2903 1919 926 7926 1865 1955 8726 7926 8710 5329 1229 8344 16187
3095 1243 929 4325 14776 3548 8667 4776 6 8268 15 830 6259 13546 926 16187
4267 12233 11553 1138 12298 5711 16187 2563 9222 13348 16187 8081 2713 16187 16187 2563
5341 9431 926 3177 9139 926 16187 13089 4931 15142 2837 6259 14281 8712 16187 16187
9450 14362 16187 16187 16187 16187 16187 16187 16187 16187 16187 16187 16187 16187 16187 16187
3842 1957 14180 1737 16187 16187 16187 8069 7970 8164 2563 16187 3554 16187 16187 10603
15597 2077 5208 5329 12945 4312 16187 15597 14465 1919 14745 16187 16187 16187 16187 16187
8712 5867 10104 16187 16187 16187 16187 16187 16187 16187 16187 16187 16187 16187 16187 16187
8712 5867 10104 16187 16187 926 8268 8502 926 6259 926 16187 16187 16187 16187 16187
8712 5867 10104 16187 16187 6259 926 3177 926 16187 16187 643 16187 12233 926 926
7926 779 6826 6070 10355 11331 16187 16187 16187 16187 16187 16187 16187 16187 16187 16187
7926 779 6826 13985 16187 12766 1378 3177 4776 10033 16187 16187 5388 16187 16187 16187
7926 779 6826 6070 10355 11331 16187 4832 16187 16187 4537 11889 13178 16187 16187 16187
7974 6011 926 2823 13129 2598 16187 16187 16187 16187 16187 16187 16187 16187 16187 16187
4311 14069 8710 926 16187 5867 11889 8719 16187 16187 16187 16187 16187 16187 16187 16187
7974 6011 926 2823 13129 2598 16187 16187 2598 16187 16187 16187 14734 443 16187 16187
13084 10150 7949 8268 11889 1919 13381 6303 5867 11401 16187 16187 16187 16187 16187 16187
13084 10150 7949 8268 11889 1919 13381 6303 5867 11401 16187 16187 4624 16187 16187 16187
6259 3597 5463 4624 5208 14180 9605 1778 13348 16187 926 16187 10638 16187 830 16187
8796 8712 5867 11303 16187 16187 16187 16187 16187 16187 16187 16187 16187 16187 16187 16187
8796 8712 5867 11303 16187 16187 12208 6011 11553 15389 16187 16187 830 16187 16187 16187
8796 8712 5867 15667 12233 1436 1138 6670 5711 16187 16187 14237 3422 10033 16187 16187
11889 14180 10355 2024 308 8268 926 12495 779 6259 1117 5121 13839 16187 16187 16187
4267 12233 11553 1138 12298 5711 16187 2563 9222 13348 16187 5948 3177 4776 9339 12835
14180 7740 5208 1436 8710 3171 4537 2552 8712 16187 16187 8719 4776 14589 16187 16187
7740 2308 4776 2563 12233 2823 9060 16187 16187 16187 16187 16187 16187 16187 16187 16187
7740 2308 4776 2563 12233 2823 9060 16187 14221 16187 16187 830 4776 2285 16187 16187
7740 2308 4776 10418 5493 2837 14180 16187 926 16187 16187 16187 16187 16187 16187 8719
8712 771 7740 10246 2176 4924 4440 14237 6259 6070 10355 4152 16187 16187 16187 16187
3842 1957 14180 1737 16187 12467 16187 5332 8268 7740 11553 6259 9640 16187 16041 8270
8712 771 7740 10246 2176 4924 4440 14237 6259 6070 10355 4152 16187 10336 16187 5948
8794 4017 13084 13122 11009 8719 4776 13538 1378 2614 9051 10776 7345 8456 16187 16187
4267 12233 11553 1138 12298 5711 4931 6535 926 16187 4776 817 16003 16187 16187 16187
14734 7157 4302 8710 9479 14237 14734 15559 10267 14237 7367 16187 14237 926 16187 16187
12495 7758 8268 12495 1507 8268 4537 5329 6259 10355 10400 14029 1853 5867 10501 16187
4267 3177 14180 926 8569 16187 16187 16187 816 16187 16187 16187 13348 16187 16187 16187
5463 8162 5267 779 1955 15141 14776 5462 926 16187 16187 16187 16187 16187 16187 16187
7926 7165 926 16187 16187 16187 16187 16187 16187 16187 16187 16187 16187 16187 16187 16187
3842 91 16187 16187 7740 9429 16187 12495 1597 8710 8712 16187 16187 16187 16187 10033
7926 7165 926 16187 16187 9534 1955 6011 5208 2823 926 16187 16187 16187 8719 16187
7740 973 5329 487 8712 8710 6259 3098 2563 8268 12008 8270 512 7740 12773 16187
9036 3171 2563 16187 12495 12495 16187 5332 3364 2823 16187 6535 16187 16187 16187 1957
7740 973 13616 8712 4931 13436 8268 12008 13758 14029 16187 16187 16187 16187 16187 954
1955 6259 9264 4932 10033 8268 3171 12232 8093 4189 16187 16187 16187 16187 16187 16187
1955 6259 3449 7740 15729 2903 423 8017 830 3171 1138 14603 7970 5711 16187 16187
1955 6259 3537 8268 8712 5867 5329 8569 16187 12008 8712 5867 11889 6259 8569 16187
12716 3171 10033 8710 4537 1435 16187 16187 16187 16187 16187 16187 16187 16187 16187 16187
9036 3171 2563 16187 15978 2263 11401 16187 9884 926 6259 6363 16187 16187 15649 5332
12716 3171 10033 8710 4537 1435 16187 926 14237 11716 926 926 16187 16187 16187 16187
4776 5074 8710 5463 2263 1229 11594 5463 6011 2326 4552 9754 188 12233 12650 16187
4776 15842 3847 9754 2326 11553 6259 14596 16187 16187 16187 16187 423 16187 16187 16187
4776 5074 8710 5463 2263 1229 11594 5463 6011 2326 4552 9754 188 12233 12650 16187
926 8268 9861 779 9754 16105 6259 3098 10033 6041 4776 926 16187 16187 16187 16187
3842 3171 10033 13348 16187 63 14029 9139 16187 16187 7740 9429 16187 7740 16187 16187
926 8268 9861 779 9754 16105 6259 3098 10033 6041 4776 926 16187 16187 16187 16187
4776 3566 9290 4707 5627 16187 16187 16187 16187 16187 16187 16187 16187 16187 16187 16187
4776 3566 9290 4707 5627 16187 9084 8710 12489 14708 16187 16187 16187 16187 1378 16187
4776 5031 14776 2446 8124 16187 830 4776 10501 3177 4776 10033 16187 4776 9817 8719
3171 8710 7594 16187 16187 16187 16187 16187 16187 16187 16187 16187 16187 16187 16187 16187
3171 8710 7594 16187 830 6259 2563 13348 16187 15662 7740 973 16187 16187 816 16187
3171 8710 10915 4776 10566 892 7083 2563 6011 15846 8084 2552 13348 16187 16187 16187
14691 13348 16187 16187 16187 16187 16187 16187 16187 16187 16187 16187 16187 16187 16187 16187
14691 13348 16187 7987 2903 8719 7377 16187 14237 10418 16187 6133 16187 16187 16187 16187
10355 13348 16187 16105 9070 16187 11393 3177 10217 820 16187 16187 16187 16187 11889 8719
7742 8712 5867 2148 14043 3765 6259 1716 7740 11553 16187 16187 16187 16187 16187 16187
7742 8712 9084 9754 4189 16187 16187 4927 16187 12349 13592 2191 16187 16187 16187 16187
7742 8712 5867 2148 14043 3765 6259 1716 7740 11553 16187 16187 16187 8270 16187 16187
7926 3543 11553 926 2858 5463 12972 8258 4776 2563 7703 16187 16187 16187 16187 16187
7926 3543 11553 926 2858 5463 12972 8258 4776 2563 7703 16187 6601 16187 9004 12495
7926 1644 12233 1453 12349 12965 14237 5568 1111 5208 2543 703 816 16187 16187 1957
13555 9850 12102 8712 13348 13348 16187 16187 16187 16187 16187 16187 16187 16187 16187 16187
4267 12233 11553 1138 8858 926 5711 16187 1138 926 5711 16187 926 16187 926 16187
14919 9484 926 16187 926 8268 7740 973 853 8712 13348 13348 13348 13348 16187 6173
926 1390 2598 16187 16187 16187 16187 16187 16187 16187 16187 16187 16187 16187 16187 16187
926 1390 2598 16187 926 926 1019 1955 6259 926 926 16187 16187 16187 16187 16187
926 1390 10899 2874 16187 5462 926 926 16187 8719 4776 926 16187 16187 16187 16187
1229 4776 9230 10376 5838 8710 4776 5568 926 8719 3171 10033 16187 16187 16187 16187
1229 4776 9230 10376 5838 8710 4776 5568 926 8719 3171 10033 16187 16187 16187 16187
1229 4776 643 5463 9013 1919 8716 7987 8719 5804 1919 11718 1695 5711 16187 16187
14822 14102 5867 8070 3537 1138 926 5711 8011 6259 10750 926 14029 4387 16187 16187
4267 926 4776 15064 3177 1390 16187 16187 5332 15096 16187 16187 16187 1957 4776 10033
1138 8796 8268 7740 11889 1236 13701 11953 12415 8794 14425 5711 16187 16187 2097 3369
7740 14581 926 5463 1213 6259 10355 4189 8710 1750 926 16187 16187 16187 16187 16187
9036 3171 2563 16187 12495 12495 16187 12495 13799 5867 16187 12233 11553 12233 926 16187
7740 14581 926 5463 1213 6259 10355 4189 8710 1750 926 16187 16187 16187 16187 16187
7542 8268 3171 10033 4931 6535 1482 12233 12650 16187 16187 16187 16187 16187 16187 16187
7542 8268 3171 10033 4931 6535 1482 12233 12650 16187 926 16187 16187 16187 8719 16187
7542 8268 3171 10033 4931 6535 10355 16187 16187 1175 16187 16187 16187 4189 16187 16187
4776 11608 2500 2598 16187 16187 16187 16187 16187 16187 16187 16187 16187 16187 16187 16187
4776 11608 2500 2598 16187 1453 5937 2752 16187 816 2598 16187 16187 16187 16187 16187
4776 10355 16187 8710 6070 6585 3177 4776 2563 16187 16187 16187 16187 9940 1919 4776
4776 5031 14776 1209 8268 2326 926 16187 16187 16187 16187 16187 16187 16187 16187 16187
4776 5031 14776 2446 8124 16187 4832 16187 16187 16187 1919 16187 1378 16187 5820 16187
4776 5031 14776 2446 8124 16187 7742 16187 16187 4776 10033 16187 926 16187 926 16187
7740 9277 8554 1750 6259 14230 16187 16187 16187 16187 16187 16187 16187 16187 16187 16187
7740 9084 5329 188 1597 3177 4312 12233 9085 8268 9563 14258 2726 16187 16187 5186
7740 11530 926 9577 14237 8268 7742 8268 4776 4720 4931 14734 10418 6021 16187 16187
4776 1754 3177 4776 13839 8710 6070 10355 1955 7742 16187 16187 16187 16187 16187 16187
4776 1754 3177 4776 13839 8710 14030 16187 16187 16187 3364 16187 2823 8017 16187 926
4776 1754 3177 4776 13839 8710 6070 10355 1955 7742 16187 16187 16187 16187 16187 16187
4776 10418 8710 3098 16187 16187 16187 16187 16187 16187 16187 16187 16187 16187 16187 16187
4776 10418 8710 14691 14426 3177 4776 14596 16187 8710 4776 14596 16187 16187 16187 16187
4776 10418 8710 3098 16187 8268 4776 10418 8710 4776 9790 16187 16187 16187 7740 16187
14237 4776 14241 13216 14029 16187 16187 16187 16187 16187 16187 16187 16187 16187 16187 16187
14237 4776 14241 13216 14029 16187 12233 10418 16187 16187 16187 16187 16187 16187 4311 16187
14237 4776 14241 3177 13089 4776 926 3384 1957 4776 926 1778 16187 16187 926 16187
137 4311 4624 11553 10217 6070 10355 8974 1583 13055 16187 16187 16187 16187 16187 16187
4267 12233 11553 926 5406 6188 2837 926 16187 16187 16187 1957 16187 16187 816 16187
703 5463 3364 6070 10373 11553 12766 926 16187 16187 7620 16187 16187 926 926 16187
8712 15881 13084 2123 8719 16041 8712 15525 3177 14745 16187 16187 16187 16187 16187 16187
8712 15881 13084 4537 926 16187 9385 1957 4776 10217 2103 16187 16187 16187 817 16187
8712 15881 13084 2123 8719 16041 8712 15525 3177 14745 16187 16187 16187 16187 16187 16187
4776 10033 8368 1919 6259 2067 2387 2858 4776 643 3177 926 16187 16187 16187 16187
3842 3171 2856 11889 4776 12012 16187 3364 11553 12766 926 2598 16187 16187 16187 16187
4776 10033 8368 1919 6259 2067 2387 2858 4776 643 3177 926 16187 16187 16187 16187
4776 2221 12233 3171 8710 6259 8268 7740 12020 4325 968 547 8712 16187 16187 16187
3842 11889 8712 5867 2023 6011 8913 12233 13931 6011 16187 11889 16187 5562 16187 16187
4776 2221 12233 3171 8710 6259 8268 7740 12020 4325 968 547 8712 16187 16187 16187
6689 14069 14776 5297 12825 12092 3766 8268 4776 13139 8710 14029 4152 1684 16187 16187
3842 1957 14180 1737 16187 12467 16187 5332 8268 7740 11553 6259 11401 16187 983 16187
12716 8268 14734 8710 2837 13084 7156 4776 4267 9534 16187 1865 16187 3409 16187 16187
14237 2945 12650 4776 4895 10324 14029 4776 2002 8063 2221 16187 16187 16187 16187 16187
14237 2823 6259 6685 8268 8115 2598 16187 16187 5580 8710 16187 8268 8197 8712 16187
14237 2945 12650 4776 4895 10324 14029 4776 2002 8063 2221 16187 179 7740 16187 12650
7926 7336 926 3171 2563 8268 1435 12233 2552 7926 926 9605 13592 830 8712 16187
3842 91 16187 4152 16187 10399 8712 10399 12233 15956 14272 12495 16187 5580 16187 16187
7926 9113 6259 11113 5463 15335 14172 5208 870 16187 926 926 16187 16187 16187 16187
926 926 1955 926 8719 926 14237 1955 926 8719 926 16187 16187 16187 16187 16187
3842 1919 12127 926 3177 5937 1750 16187 12349 3102 2598 16187 16187 9701 16187 16187
926 926 1955 926 8719 926 14237 1955 926 8719 926 16187 8719 926 16187 10033
10355 6499 8268 1378 7949 8268 14237 14691 8081 8719 3171 3033 14596 3177 1277 16187
4267 12233 11553 926 5406 6188 2837 926 16187 16187 16187 1957 16187 16187 16187 16187
4776 10418 8710 232 14237 4493 8268 8726 3559 16187 4552 16187 9890 16187 16187 16187
8712 5867 14180 6070 13074 14237 2229 12233 5522 1919 16187 16187 16187 16187 16187 16187
8712 5867 14180 6070 9594 14237 14705 761 8268 12008 4776 4856 8710 3335 14237 16187
8712 5867 14180 6070 13074 14237 2229 12233 5522 1919 16187 16187 16187 16187 16187 16187
12541 14827 1885 3398 16187 16187 16187 16187 16187 16187 16187 16187 16187 16187 16187 16187
3842 1957 14180 1737 16187 16187 16187 8069 6215 4440 16187 14350 16187 14350 16187 4325
13474 5388 2903 11912 14237 926 16187 15658 14734 12852 16187 16187 926 13348 16187 16187
1955 4776 16016 3177 4776 13305 9330 8061 8268 13723 8710 6259 14250 9290 16187 16187
1955 4776 2752 8268 12022 926 926 14237 926 2000 9498 8093 8270 16187 12008 4537
1955 4776 16016 3177 4776 13305 9330 8061 8268 13723 8710 6259 14250 9290 16187 16187
4325 4552 9754 3432 10357 8712 15525 16187 16187 16187 16187 16187 16187 16187 16187 16187
4325 4552 9754 3432 10357 8712 15525 16187 16187 929 8268 8712 5867 2148 16187 16187
4325 4552 14237 7926 5867 52 1094 1919 342 926 16187 16187 16187 16187 16187 16187
14734 11656 8710 10390 1955 8710 14734 13726 12233 9094 14734 8808 16187 16187 16187 16187
3842 1919 12127 926 3177 5937 1750 16187 12349 4776 2563 16187 16187 16187 16187 16187
14734 11656 8710 10390 1955 8710 14734 13726 12233 9094 14734 8808 16187 926 16187 926
830 9743 5329 2858 10855 132 8268 7926 5867 10967 16187 16187 16187 16187 16187 16187
4267 12233 11553 1138 12298 5711 16187 1138 6594 5711 16187 2563 16105 16187 5365 16187
12008 15390 9349 8185 14776 6259 10983 926 11239 16187 16187 16187 16187 12008 11889 6011
926 13183 13213 15525 16187 16187 16187 16187 16187 16187 16187 16187 16187 16187 16187 16187
926 13183 13213 15525 16187 16187 5341 926 16187 16187 15949 16187 16187 16187 16187 16187
926 13183 13213 15525 16187 16187 5341 926 16187 16187 16187 16187 16187 16187 16187 10953
4776 10033 8710 7518 14029 4776 2451 13664 2837 5577 926 14237 4421 10509 926 16187
3842 3171 16187 2563 16187 11839 8268 6006 2837 9063 13348 16187 13348 16187 13348 16187
4776 10033 8710 7518 14029 4776 2451 13664 2837 5577 926 14237 4421 10509 926 16187
14031 8268 703 3818 2176 13089 7926 15881 926 6259 926 1919 4776 926 16187 16187
14031 8268 6683 8268 14069 5867 1991 926 13348 16187 16187 16187 16187 16187 16187 16187
14031 8268 703 3818 2176 13089 7926 15881 926 6259 926 1919 4776 926 16187 16187
9403 7999 9385 1919 6341 12538 2191 2598 16187 16187 16187 16187 16187 16187 16187 16187
4267 12233 11553 1138 12298 5711 16187 2563 9222 13348 16187 8081 8269 2858 4776 926
1378 3177 4776 7705 1781 8331 8084 16105 16187 2563 14180 13436 16187 16187 16187 5947
4776 13811 14237 10418 8710 6070 5543 16187 16187 16187 16187 16187 16187 16187 16187 16187
4776 4267 8084 16187 11553 771 1954 817 926 8268 14237 926 16187 16187 16187 16187
4776 13811 14237 10418 8710 6070 5543 16187 6070 16187 10418 16187 16187 16187 7076 14029
7542 8712 4931 6259 6070 2997 2563 16187 16187 16187 16187 16187 16187 16187 16187 16187
7542 8268 8712 5867 4032 5937 9831 16187 7740 9884 13758 8719 16187 8185 16187 16187
7542 8712 4931 6259 6070 2997 2563 16187 2373 2837 926 926 16187 16187 16187 5804
8712 9277 11553 6201 5463 8712 4931 4776 926 10799 12008 1711 8712 13081 3098 16187
3842 1957 14180 1737 16187 12467 16187 5332 8268 7740 11553 6259 11401 16187 16187 6535
8712 9277 11553 6201 5463 8712 4931 4776 926 10799 12008 1711 8712 13081 3098 16187
1213 1133 6061 6259 6581 8268 5463 6297 926 8794 11693 16187 16187 16187 16187 16187
4267 926 4776 15064 3177 1390 16187 16187 5332 15096 16187 16187 16187 16187 16187 16187
1213 1133 6061 6259 6581 8268 5463 6297 926 8794 11693 16187 643 16187 9605 14745
926 6585 12233 5759 12008 5329 6705 830 8794 8580 16187 16187 16187 16187 16187 16187
926 13942 5329 12233 2823 4170 13474 5867 8719 6259 2563 16187 16187 16187 16187 12008
926 6585 12233 5759 12008 5329 6705 830 8794 8580 16187 643 16187 16187 16187 16187
4776 4152 2894 3177 1138 926 5711 8710 7518 14029 6259 4949 14596 16187 16187 16187
4776 4152 3177 1138 926 14237 926 5711 8710 1955 3175 1955 2256 16187 10602 16187
4776 4152 3177 3171 308 8710 2543 4240 4776 13876 3177 926 1390 16187 16187 15096
926 8710 6259 10355 8268 10762 2167 12491 10033 16187 16187 16187 16187 16187 16187 16187
926 8710 6259 13428 6825 684 2837 6259 15624 13334 13912 16187 926 16187 1919 1138
926 8710 6259 10355 8268 10762 2167 12491 10033 16187 564 1919 16187 16187 16187 4189
15870 3171 3364 5367 8719 4776 3990 3177 2053 926 4835 3994 16187 16187 16187 16187
9036 3171 2563 16187 12495 12495 16187 12495 6280 16187 789 16187 11553 1378 2148 15984
12008 16146 4311 5463 8712 4931 10355 16187 16187 9813 16105 16187 12349 13348 16187 10315
8710 926 926 13084 10501 3177 4776 926 14596 2598 16187 16187 16187 16187 16187 16187
3842 16187 16187 1737 9487 8268 7740 9884 5568 926 16187 16187 1019 13348 16187 3192
926 8710 6259 2176 12976 12233 4776 1726 14112 16187 15956 16187 9577 16187 16187 16187
5 12868 2903 13348 16187 16187 16187 16187 16187 16187 16187 16187 16187 16187 16187 16187
5329 1955 8569 1955 926 8268 12008 7594 10242 4776 3765 16187 16187 6535 16187 6535
5329 1955 10355 1955 1138 16113 5711 8268 12008 5297 16187 6535 630 16187 830 4776
14411 8268 1229 14272 9498 4776 10355 703 2598 16187 16187 16187 16187 16187 16187 16187
14411 8268 1229 14272 9498 4776 10355 703 2598 16187 16187 16187 16187 16187 16187 11953
14411 8268 1229 14272 9498 4776 10355 703 2598 16187 16187 2598 16187 16187 16187 16187
4624 8069 1190 2858 10217 13232 8268 4776 15208 10671 14237 4776 926 10671 16187 16187
4624 8069 1190 2858 10217 13232 8268 4776 15208 10671 14237 4776 926 10671 16187 16187
4624 2446 2552 6259 6289 5463 1684 14237 5086 8268 3352 5022 14237 1233 12911 16187
3171 8710 1378 3177 4776 564 926 3177 14180 983 16187 16187 16187 16187 16187 16187
3842 1957 14180 1737 16187 16187 16187 8069 7970 16187 4994 16187 10953 1957 12291 16187
3171 8710 1378 3177 4776 564 926 3177 14180 983 16187 926 16187 16187 16187 926
5256 1919 10812 16187 16187 16187 16187 16187 16187 16187 16187 16187 16187 16187 16187 16187
5256 1919 10812 16187 8185 926 16187 14237 926 16187 6535 16187 16187 16187 8719 8719
91 8710 6259 10355 800 1090 8268 926 5867 2191 3177 12117 926 14734 5114 16187
4537 3644 9754 8467 12233 3249 14029 16187 16187 16187 16187 16187 16187 16187 16187 16187
4537 3644 9754 8467 12233 3249 14029 16187 15316 16187 16187 16187 7749 4552 16187 16187
4537 1955 15096 1955 6011 14776 3562 9591 12233 10603 8712 16187 16187 16187 16187 16187
4776 13839 1029 8719 8808 14237 8712 8710 6259 15174 8170 423 926 16187 16187 16187
3842 1957 14180 1737 16187 16187 16187 8069 7970 16187 16187 10033 16187 16187 16187 16187
4776 13839 1029 8719 8808 14237 8712 8710 6259 15174 8170 423 926 16187 16187 16187
10669 8268 8815 2904 10967 10928 16187 16187 16187 16187 16187 16187 16187 16187 16187 16187
10669 8268 8815 2904 10967 10928 16187 8871 4994 8268 4311 4776 9181 6683 3177 4776
10669 8268 8815 2904 10967 10928 16187 926 16187 643 16187 8268 14237 7740 8313 16187
9084 13592 3177 6011 12782 4776 12298 15477 2598 16187 16187 16187 16187 16187 16187 16187
9084 13592 3177 6011 12782 4776 12298 15477 2598 16187 16187 8781 2598 16187 16187 16187
14180 6011 15846 9605 8710 6259 15174 3211 5463 5568 11900 14029 4776 9431 2712 16187
1919 13044 12716 8268 1612 6598 9070 12349 16187 16187 16187 16187 16187 16187 16187 16187
4267 3177 14180 926 8569 16187 1019 4776 2543 16187 13141 16187 16187 16187 16187 16187
12654 13516 1750 4776 16003 8268 4776 5121 13839 7733 4776 9577 16187 16187 16187 16187
8712 8710 11953 4776 3052 14237 4776 12805 3177 4776 2563 16187 16187 16187 16187 16187
3842 1957 14180 1737 16187 16187 16187 8069 7970 16187 14251 16187 13348 16187 16187 16187
8712 8710 11953 4776 3052 14237 4776 12805 3177 4776 2563 16187 14776 16187 16187 16187
1955 15036 8268 12272 926 3847 12256 4189 16187 16187 16187 16187 16187 16187 16187 16187
1955 15036 8268 12272 926 3847 9754 15956 4776 2563 16187 8456 5463 16187 16187 16187
1955 15036 8268 12272 926 3847 12256 4189 16187 16187 16187 15 16187 16187 16187 13076
2599 9070 5322 6011 12233 4776 3011 12162 15211 16187 16187 16187 16187 16187 16187 16187
2599 9070 3929 4776 1486 16187 16187 16187 16187 9290 13348 16187 16187 16187 16187 16187
2599 9070 5322 6011 12233 4776 3011 12162 15211 16187 16187 16187 16187 247 16187 11401
14822 8268 8270 2123 3137 983 14043 8268 8270 8798 8268 7975 4609 10967 7076 16187
4267 926 4776 15064 3177 1390 16187 16187 5332 15096 16187 16187 16187 1957 4776 10033
926 7991 779 6826 1138 14766 5711 12233 2441 12233 820 11889 5463 16187 16187 16187
8712 2446 6234 10571 6585 12233 4776 4994 3177 5463 983 13783 16187 16187 16187 16187
3842 1957 14180 1737 16187 12467 16187 5332 8268 7740 11553 6259 11401 16187 983 16187
8712 2446 6234 10571 6585 12233 4776 4994 3177 5463 983 13783 16187 926 16187 14219
1229 7542 8268 7740 1110 2326 3171 10033 10967 10442 12233 12298 16187 16187 16187 16187
9036 3171 2563 16187 12495 12495 16187 12495 6280 16187 7001 16187 1919 15096 7001 16187
1229 7542 8268 7740 1110 2326 3171 10033 10967 10442 12233 12298 16187 12467 16187 16187
6259 3384 11889 5463 8726 232 13089 6724 15202 16187 16187 16187 16187 16187 16187 16187
3842 11889 12127 63 5328 3177 5937 2513 14776 14029 16187 16187 16187 11889 8719 16187
6259 7741 3177 14287 14237 926 926 16187 5341 16187 11763 8712 16187 16187 16187 16187
7740 16007 4837 5878 8268 12008 7740 12232 1436 7740 973 6259 14348 16187 16187 16187
7740 8695 4325 16138 2823 1455 5328 10244 1676 3211 308 14029 2024 13348 16187 3865
7740 16007 4837 5878 8268 12008 7740 12232 1436 7740 973 6259 14348 16187 16187 16187
11389 926 4931 2446 2689 11953 6826 1138 8795 5711 5568 7926 1163 16187 16187 16187
3842 11889 8712 5867 2023 6011 8913 12233 13931 6011 16187 16187 6011 16187 16187 16187
8069 16076 926 3644 9754 8276 4776 12455 929 14069 16187 5297 14029 4776 10033 16187
3171 2563 8710 15374 5463 4776 387 4931 9754 2296 14029 14734 12489 5509 16187 16187
3842 3171 16187 6683 1957 15525 3177 9484 5867 2148 8712 3112 8712 16187 13348 16187
3171 2563 8710 12256 16187 9925 6006 16187 14237 10418 16187 14397 12820 16187 16187 16187
8726 6011 6635 4776 15595 8268 6011 15846 5329 2823 9872 16187 16187 16187 16187 16187
8726 6011 188 4994 4311 195 12233 926 13348 16187 16187 16187 7740 15096 16187 3177
8726 6011 6635 4776 15595 8268 6011 15846 5329 2823 9872 16187 16187 8719 5463 16187
8712 4931 9754 13533 1138 8569 8268 5711 4537 1482 16187 16187 16187 16187 16187 16187
8712 4931 9754 13533 1138 8569 8268 5711 4537 1482 16187 16187 16187 16187 16187 16187
8712 4931 2689 13348 16187 15956 14596 16187 6683 14237 2148 16187 16187 4994 16187 16187
15658 12232 12650 5463 15677 6890 2598 16187 16187 16187 16187 16187 16187 16187 16187 16187
15658 12232 12650 5463 15677 6890 2598 16187 7188 11953 2598 16187 16187 16187 16187 16187
15658 12232 12650 5463 15677 6890 2598 16187 7188 3177 4776 926 16187 16187 16187 16187
8712 9883 10915 13084 10812 16146 512 12233 926 9955 14237 8000 8794 877 16187 16187
8712 13942 5463 15937 771 12766 445 830 926 5867 10054 9905 16187 11889 1229 16187
8712 1644 12233 10249 2067 14237 1843 16187 15846 11728 16187 5807 16187 16187 16187 16187
3171 2563 6297 771 1954 8521 1543 4776 14217 6724 6259 5088 12233 926 16187 16187
3171 2563 4931 5329 15624 16187 16187 7740 3364 11553 6259 1225 1378 16187 16187 5774
3171 2563 4931 3257 16187 16187 14237 6011 15956 4776 9577 15452 1955 6259 926 16187
1229 630 3177 14272 16105 4776 1866 8808 3098 779 12766 15842 16187 16187 16187 16187
1229 630 3177 8712 8710 14221 10967 4776 11614 16187 16187 10709 16187 16187 4404 10033
1229 630 3177 14272 16105 4776 1866 8808 3098 779 12766 15842 16187 4776 9790 16187
4776 12835 3081 2837 11439 1706 5867 926 14776 926 14237 3177 9450 6985 16187 16187
3842 1957 14180 1737 16187 16187 16187 8069 7970 16187 16187 16187 16187 16187 16187 16187
4776 12835 3081 2837 11439 1706 5867 926 14776 926 14237 3177 9450 6985 16187 13216
6259 3098 3460 16187 16187 16187 16187 16187 16187 16187 16187 16187 16187 16187 16187 16187
6259 3098 14596 13060 2837 4776 2353 16187 1750 3177 4776 926 3177 4776 11772 10887
6259 3098 3460 16187 16105 3177 4776 100 2563 5463 15846 2823 4776 7970 16187 16187
10217 3177 4776 9339 12835 2326 926 15597 16101 8719 4776 16146 8185 16187 16187 16187
4267 12233 11553 1138 12298 5711 4931 926 16187 11889 16187 1954 926 16187 16187 16187
14734 13726 12233 926 9442 5030 471 10033 3537 8710 1338 14029 3257 16187 16187 4832
8712 4931 13904 14237 1117 13348 16187 16187 16187 16187 16187 16187 16187 16187 16187 16187
8712 4931 9754 4537 2123 2598 16187 6173 16187 16187 16187 16187 14043 9431 16187 7612
8712 4931 13904 14237 1117 13348 16187 15202 8719 1110 16187 16187 5453 4776 2563 16187
4776 2563 4931 12510 14029 1885 13508 14237 12124 12233 1695 16187 16187 16187 16187 16187
4776 2563 4931 9754 1955 3356 1955 8712 4931 9332 16187 16187 5329 16187 16187 11889
4776 2563 4931 12510 14029 1885 13508 14237 12124 12233 1695 16187 5774 16187 7001 16187
