926 6724 1954 8269 14237 13084 10887 7345 3418 830 3171 1022 12008 3098 2563 16187
3842 11889 8712 5867 2023 6011 8913 203 12233 9605 12233 13931 6259 926 16187 816
926 8746 1885 926 926 8268 8719 4776 5509 3177 926 6359 16187 10033 16187 16187
10217 15358 14776 10108 14029 926 926 16187 16187 16187 16187 16187 16187 16187 16187 16187
4267 12233 11553 926 5406 10566 3177 4776 926 16187 8268 4776 14596 16187 926 16187
14734 7157 4302 8710 9479 14237 14734 15559 10267 14237 7367 16187 926 14237 926 16187
3171 4175 1760 8710 5329 10770 12233 12650 16187 16187 16187 16187 16187 16187 16187 16187
3171 8710 4537 1242 16187 11839 5463 4931 12349 4776 2563 16187 12495 16187 12495 16187
3171 8710 4537 1378 3177 9743 8185 5463 6143 8710 5297 6535 630 7723 8719 4776
14029 6259 10931 3177 1378 12233 14255 16187 16187 16187 16187 16187 16187 16187 16187 16187
4267 10033 3177 4776 5365 2598 16187 16187 12515 2903 1954 4269 12233 6259 7001 16187
7542 8268 6259 6070 10355 12008 14619 10269 16187 926 16187 16187 16187 16187 954 16187
10566 3177 4776 2002 12835 14776 10918 16187 16187 16187 16187 16187 16187 16187 16187 16187
4267 3177 14180 820 13081 11889 7926 926 16187 16187 16187 16187 16187 7612 16187 16187
10566 3177 4776 11331 14776 6297 6535 13178 16187 14237 16187 8185 16187 16187 16187 16187
13084 3098 845 12008 4032 9316 830 4776 7310 284 16187 16187 16187 16187 16187 16187
13084 3098 845 16187 1378 9605 2148 16187 12349 16187 16187 16187 15096 16187 12349 4776
3098 16187 16187 10770 14237 9429 6011 12431 926 5937 16146 954 16187 16187 16187 16187
7740 1951 10442 12233 9429 5463 8034 4931 9389 14734 12478 6689 9222 3171 10033 16187
7740 8695 4776 8215 4598 14029 16108 1378 8710 6259 926 14043 1954 926 16187 16187
7740 1951 899 12233 12655 7740 4931 7336 15090 1919 3171 2563 16187 4240 16187 16187
13474 5867 12495 6535 12233 2823 1378 16187 16187 16187 16187 16187 16187 16187 16187 16187
13474 5867 12495 6535 12233 2823 1378 16187 5329 12773 16187 16187 16187 16187 6011 16187
13474 5867 6626 8268 6140 14237 1090 16187 4537 6259 16187 9577 16187 16187 16187 7740
14237 1229 7740 4931 223 16187 16187 16187 16187 16187 16187 16187 16187 16187 16187 16187
14237 1229 7740 4931 223 16187 2598 16187 16187 1390 14029 16187 16187 16187 16187 16187
14237 1229 8710 630 3177 4776 1787 16187 16187 10373 7001 16187 16187 16187 12650 16187
4776 14596 10781 6546 1344 2002 14237 8710 15260 10967 5946 12233 5759 16187 16187 16187
3842 1957 14180 1737 16187 16187 14397 2148 512 4776 4152 16187 8808 16187 12349 16187
4776 14596 12716 8710 926 14740 1955 3257 16187 16187 16187 16187 9591 16187 16187 16187
5463 8710 4776 2601 4922 16187 16187 16187 16187 16187 16187 16187 16187 16187 16187 16187
5463 8710 4776 5119 3177 3171 2563 16187 5812 1955 8712 16187 9605 16187 16187 8162
5463 8710 4776 2601 4922 16187 12008 6259 6070 9332 4152 14237 4152 14237 10336 16187
4776 14596 771 3098 8811 1955 8466 1919 4776 9431 9484 12028 16187 16187 16187 16187
4776 14596 16187 13982 7518 12835 12233 4776 8063 8710 926 16187 16187 16187 16187 5568
4776 14596 16187 2543 8719 3384 8710 6070 12690 14237 4311 11842 16187 6070 926 16187
10941 926 10315 12273 7809 8710 1378 3177 14734 564 10638 8719 4776 14112 16187 16187
3842 1919 12127 926 3177 5937 1750 16187 12349 6683 1957 5074 16187 14029 16187 6070
926 13075 8719 4776 954 3177 926 8268 6259 8882 6543 3527 14217 16187 926 16187
4969 4931 8093 8270 512 91 16187 16187 16187 16187 16187 16187 16187 16187 16187 16187
4267 10033 3177 4776 5365 2598 16187 16187 12515 6259 3177 1954 926 16187 16187 16187
8710 4311 8712 14272 3177 1588 2598 16187 16187 16187 16187 8719 11953 2598 16187 16187
1378 8710 7999 8268 1378 6175 14237 10217 14776 9594 16187 16187 16187 16187 16187 16187
4267 3177 14180 820 13081 11889 7926 14237 4776 926 4931 10355 16187 16187 16187 16187
1378 8710 7999 8268 1378 7926 5867 4776 12561 926 16187 9884 1378 16187 10077 16187
3171 3543 9577 2903 14029 14734 983 926 16187 16187 16187 16187 16187 16187 16187 16187
3842 16187 16187 1737 16187 3192 2563 8268 5498 12416 16187 12349 16187 12349 16187 12349
3171 3543 9577 2903 14029 14734 983 926 16187 16187 2296 16187 15949 16187 2148 16187
12008 7740 12232 1436 5463 8712 5867 14219 512 14272 6011 14776 5807 16187 16187 16187
12008 7740 2383 14069 8710 5568 1229 630 6011 5208 9577 8719 1390 2103 16187 16187
12008 7740 11553 12233 1436 4776 5393 4776 7970 16187 16187 16187 16187 16187 16187 7742
10770 1019 13907 1750 14766 6173 16187 16187 16187 16187 16187 16187 16187 16187 16187 16187
4267 10033 3177 14180 16187 16187 8185 16187 9004 11889 6259 926 16187 16187 16187 16187
10770 1019 13907 1750 14766 6173 16187 16187 8185 16187 16187 16187 16187 9311 16187 16187
1957 4776 6070 14589 8268 8712 5867 6259 2689 2563 4032 9316 16187 16187 16187 16187
1957 4776 6070 14589 8268 8712 5867 6259 2689 2563 4032 9316 16187 16187 16187 6683
12716 1954 6403 926 595 13411 16187 4404 13508 14237 10217 16187 16187 16187 816 16187
3171 1378 8710 9754 11953 8782 926 16187 16187 16187 16187 16187 16187 16187 16187 16187
4267 12233 11553 926 5406 10566 3177 4776 926 8268 926 8268 4776 14596 16187 926
3171 8710 1378 3177 12276 14180 983 926 16187 8456 16187 10077 12233 926 16187 16187
4776 926 7185 8712 1919 13208 14237 3938 16187 16187 16187 16187 16187 16187 16187 16187
3842 16187 16187 1737 9487 8719 5937 983 16187 13807 4776 2285 983 13783 16187 16187
4776 926 7185 8712 1919 13208 14237 3938 16187 2097 3177 13250 16187 6489 16187 16187
7740 2446 6635 203 8712 7307 4776 13887 14237 10666 3177 6826 10396 820 16187 16187
4267 10033 3177 14180 926 16187 11553 13081 12233 926 16187 8069 2148 16187 16187 16187
7740 2446 6635 203 8712 7307 4776 13887 14237 10666 3177 6826 10396 820 16187 16187
14634 926 6724 12233 7001 7829 14664 1919 14734 14164 14237 4455 8712 16187 16187 16187
3842 1957 14180 1737 16187 16187 14397 9382 3082 16187 9653 16187 8727 2903 6683 2823
13474 8710 6259 10079 14237 6259 3827 1919 10024 2367 800 1331 16187 13141 16187 7877
7740 926 12233 2552 5296 10543 16187 16187 16187 16187 16187 16187 16187 16187 16187 16187
7740 926 12233 10603 8712 8268 14237 5332 16187 15525 3177 6259 9773 14029 16187 16187
7740 926 12233 2552 5296 10543 16187 6070 983 16187 16187 16187 16187 16187 16187 10879
7740 11553 12233 7627 5463 7740 1110 3171 10033 16187 16187 16187 16187 16187 16187 16187
7740 11553 8093 12766 1229 1411 2837 6259 2563 8719 12276 643 16187 6259 9701 16187
7740 11553 12233 7627 5463 7740 1110 3171 10033 16187 2148 16187 16187 16187 16187 7742
926 779 6259 15174 10810 1955 926 5867 926 14164 13089 13474 14785 14734 10732 16187
3842 14069 8268 1919 13084 4152 8268 14237 4537 2326 3847 9754 8438 16187 223 16187
926 5867 9869 8710 2446 12256 16187 4707 12349 4776 9306 1919 8712 16187 16187 16187
7740 1442 3171 14251 14029 4776 10887 1583 8719 9073 16187 16187 16187 16187 16187 16187
9036 3171 10033 8268 15978 983 8710 12495 7613 12233 14397 3842 1920 16187 16187 16187
7740 1442 3171 14251 14029 4776 10887 1583 8719 9073 16187 5297 16187 2148 16187 16187
1350 4776 8199 3177 4776 10033 8268 4776 6688 8710 13295 16187 16187 16187 16187 16187
1350 4776 8199 3177 4776 10033 8268 4776 6688 8710 13295 16187 16187 16187 16187 16187
2446 8383 4776 1787 5867 14741 1946 2550 3384 16187 15358 8719 8360 14237 2077 16187
1955 6259 10025 926 7740 10915 12102 983 198 15768 16187 16187 16187 16187 16187 16187
1955 6259 10025 926 7740 10915 12102 983 198 15768 16187 14350 16187 14350 16187 16187
1955 6259 3537 8268 8712 5867 5329 8569 12008 4537 5867 8712 3112 6011 4537 2837
4776 4440 14237 4776 7310 284 9498 3098 16187 16187 16187 16187 16187 16187 16187 16187
4776 12835 9311 12495 630 16187 16187 4927 12233 14745 16187 16187 16187 16187 11953 14195
4776 12835 9311 8268 8712 5867 2148 10355 16187 16187 16187 16187 16187 16187 16187 8719
2066 926 3543 2823 11255 3177 6905 830 12364 4776 132 830 3171 2563 16187 16187
4267 926 4776 926 3177 8084 16187 16187 816 13348 16187 16187 16187 2461 16187 16187
926 14537 7076 1955 6259 6855 14237 6074 926 1919 2176 9465 14237 9442 11836 16187
1138 8704 2225 4609 5711 4931 6259 4394 10033 16187 16187 16187 16187 16187 16187 16187
4267 12233 11553 926 5406 10566 3177 4776 926 16187 8268 4776 14596 16187 926 16187
1138 2907 926 926 5711 8710 6259 7613 11953 16187 3364 16187 16187 5820 16187 16187
8310 926 8268 8710 14652 8719 1885 4525 12008 10053 4440 16187 16187 16187 16187 16187
4267 10033 3177 4776 926 4776 15064 9498 4776 14599 16187 16187 16187 926 16187 16187
2446 4776 9131 16187 6093 830 4776 11608 12008 6011 15956 16187 8712 12431 16187 12495
14776 6011 9238 8798 2598 16187 16187 16187 16187 16187 16187 16187 16187 16187 16187 16187
4267 12233 11553 926 5406 10566 3177 4776 926 8268 4325 14776 16187 816 16187 16187
14776 6011 9238 8798 2598 16187 2598 16187 16187 2598 16187 16187 2598 16187 16187 2598
447 6259 3098 2563 830 4776 2601 6161 16187 16187 16187 16187 16187 16187 16187 16187
4267 12233 11553 926 5406 10566 3177 4776 926 7981 8268 4776 926 16187 16187 926
6259 5948 16187 7768 14237 2599 5867 4537 816 16187 16187 16187 16187 16187 16187 13348
7740 11553 1959 3171 2563 6259 15335 12291 14237 11553 4531 8712 14029 12401 2712 16187
9036 3171 2563 16187 12495 12495 15096 16187 7981 1919 16187 9442 926 16187 16187 926
7740 11553 1959 3171 2563 6259 15335 12291 14237 11553 4531 8712 14029 12401 2712 16187
7926 2608 11889 6259 10887 4324 3177 12393 16187 16187 16187 16187 16187 16187 16187 16187
3842 91 16187 2689 16187 12127 5804 16187 16187 3177 4776 926 3177 4776 926 16187
7926 2847 5804 2837 15057 9532 16187 4832 16187 16187 16187 16187 16187 16187 11191 16187
14180 7740 5208 1436 8710 8268 12368 4609 8268 6390 216 8268 12368 4609 16187 16187
11499 8268 8712 9084 5329 16187 8569 16187 12276 8456 13089 7740 9004 11889 926 16187
14180 7740 5208 1436 8710 8268 12368 4609 8268 6390 216 8268 12368 4609 16187 16187
8712 5867 9625 8268 926 8268 14237 779 10915 14691 12233 903 16187 16187 16187 16187
8712 5867 6918 16187 4832 16187 4537 926 1919 16187 9442 16187 16187 16187 16187 16187
8712 5867 11839 5463 926 14776 445 16187 16187 5217 16187 16187 16187 10503 16187 16187
3171 926 2018 5074 830 4776 5543 14237 8264 7987 16187 16187 16187 16187 16187 16187
3842 3171 2856 11889 4776 12012 16187 3364 4325 3364 1919 16187 16187 16187 16187 16187
3171 926 8710 14180 4776 10566 5820 14237 4776 10033 7740 1959 16187 16187 15096 16187
7926 779 926 926 15649 14776 3501 2858 14734 643 6489 16187 16187 16187 16187 16187
3842 91 16187 2689 16187 12127 5804 16187 16187 3177 4776 926 3177 4776 10033 16187
7926 779 926 926 15649 14776 3501 2858 14734 643 6489 16187 14745 16187 16187 16187
8796 8268 12008 5329 2837 630 1019 14272 5208 7740 1436 2598 16187 16187 16187 16187
8796 8268 5463 5867 1885 13429 16187 4776 926 2550 8268 14237 16146 16187 926 16187
8796 8268 12008 8712 3364 11553 12766 8270 16187 14237 2148 16187 4311 16187 12349 16187
4776 6331 4931 6259 484 7740 12571 15525 8376 12127 983 7740 1442 8712 16187 16187
4267 12233 11553 926 5406 10566 3177 4776 926 8268 926 16187 16187 4776 926 16187
4776 2563 5867 6259 5549 16187 14237 14180 4776 10033 3847 4776 16146 16187 16187 16187
9501 13823 5086 8719 6259 6070 10355 9534 1955 14180 4552 8719 3171 10033 16187 16187
4267 12233 11553 926 5406 10566 3177 4776 926 8268 926 16187 16187 926 16187 16187
1955 830 4776 10051 8268 4325 14776 14029 4776 2601 8124 16187 16187 926 16187 16187
9455 15658 14163 926 14043 10635 9449 8268 4552 9754 15956 14272 9449 8710 16187 16187
3842 1957 14180 1737 16187 16187 14397 2148 512 6259 471 512 6259 7970 16187 2563
13089 8712 8710 6724 830 5713 2513 8268 8712 11900 12267 7742 16187 14237 582 16187
4776 14164 13216 2858 4776 4640 14237 8368 9319 11953 203 1885 643 4931 8270 16187
4776 8808 13216 10967 7369 12233 926 14029 4776 195 3177 6259 6728 16187 16187 16187
4776 8808 3177 926 3847 14776 8270 14237 4311 16187 11842 4776 10501 3177 4776 10770
7740 4931 9528 12233 10603 5463 8712 4931 6259 4949 14596 2598 16187 16187 16187 16187
4267 10033 3177 4776 5365 2598 16187 16187 12515 6259 1948 1507 13348 16187 16187 16187
7740 4931 2758 2837 926 8268 15978 7740 6297 6635 8712 16187 16187 16187 16187 16187
13616 8268 7740 1110 8712 12008 7740 12449 10355 6850 16187 16187 16187 16187 16187 16187
4267 12233 11553 926 5406 10566 3177 4776 926 8268 926 8268 4776 14596 16187 926
13616 8268 7740 1110 8712 12008 7740 12449 10355 6850 16187 16187 2689 16187 12606 16187
12495 8569 8712 12431 926 16187 16187 16187 16187 16187 16187 16187 16187 16187 16187 16187
12495 8569 8712 12431 926 16187 2097 3177 926 16187 9442 5804 16187 9442 8268 1954
5463 8710 15978 8268 8069 8719 4776 983 12233 4776 2563 16187 9311 16187 16187 16187
9253 926 1138 8353 5711 16187 16187 16187 16187 16187 16187 16187 16187 16187 16187 16187
4267 12233 11553 926 5406 10566 3177 4776 926 8268 926 16187 16187 926 16187 16187
14734 8179 11900 14776 4142 926 16187 16187 926 16187 16187 16187 16187 643 8719 4776
1138 4776 9349 5867 13429 8710 3367 13348 5711 16187 16187 16187 16187 16187 16187 16187
4267 12233 11553 926 5406 10566 3177 4776 926 16187 8268 4776 14596 16187 926 16187
1138 4776 9349 5867 13429 8710 3367 13348 5711 16187 4776 926 16187 16187 16187 16187
4325 12515 12495 1597 5429 4752 1919 4776 15939 13348 16187 16187 16187 16187 16187 16187
4325 11553 5627 2780 8995 2024 926 5463 6011 11553 7188 3177 16187 16187 16187 16187
14237 8656 1378 3177 4776 564 14172 8268 8719 12276 8456 16187 16187 16187 16187 16187
6259 7749 977 8719 4776 6102 13942 5405 16187 16187 16187 16187 16187 16187 16187 16187
4267 12233 4776 2563 9594 1919 926 5867 1133 16187 16187 3364 2823 16187 16187 16187
6259 7749 977 8719 4776 6102 13942 5405 16187 16187 926 926 16187 16187 16187 16187
7742 8268 7740 4552 9754 2326 15956 14272 12233 1436 11953 3171 2563 16187 16187 16187
7742 8268 8712 9084 9754 5350 7001 12233 2458 16187 926 16187 16187 16187 16187 12767
7742 8268 8712 9084 2543 6259 8081 5947 4379 830 4776 9577 16187 12127 926 16187
8093 13411 16187 16187 16187 16187 16187 16187 16187 16187 16187 16187 16187 16187 16187 16187
91 8710 1543 5937 8456 4931 926 926 16187 16187 16187 1957 16187 16187 16187 16187
7974 6011 8733 3171 10033 8710 5463 9790 4927 16187 16187 2296 16187 16187 13089 14069
13208 5329 6011 15846 5329 2823 9872 16187 16187 16187 16187 16187 16187 16187 16187 16187
4267 12233 11553 926 5406 10566 3177 4776 926 8268 926 8268 7926 4931 926 16187
13208 5329 6011 15846 5329 2823 9872 16187 16187 16187 16187 16187 8719 12276 10855 132
6173 8163 11953 4776 4750 926 5463 8710 926 13348 16187 16187 16187 16187 16187 16187
3842 3171 2856 11889 4776 12012 16187 3364 4325 3364 6297 7937 2598 16187 16187 16187
6173 926 10036 10967 4776 6115 16187 779 12820 2954 16187 4311 16187 1147 16187 926
2446 8383 1954 8213 2221 2837 10242 16146 512 926 926 16187 16187 16187 16187 16187
2446 11196 8268 1116 9955 8710 14561 8719 1957 4776 12298 16187 2588 16187 16187 7740
2446 8383 1954 8213 2221 2837 10242 16146 512 926 926 16187 16187 16187 16187 16187
14734 926 6862 4125 926 1019 926 12938 6173 5297 4628 9754 2599 14745 8719 16187
3842 1919 12127 926 3177 5937 1750 16187 12349 14029 8268 12008 1229 7740 11839 5463
14734 926 6862 4125 926 1019 926 12938 6173 5297 4628 9754 2599 14745 8719 16187
7926 926 4776 2563 16187 16187 16187 16187 16187 16187 16187 16187 16187 16187 16187 16187
3842 16187 16187 1737 9487 8268 12604 8268 684 15525 926 16187 6619 16187 16187 2077
7926 926 4776 2563 16187 16187 2837 4776 8268 10799 16187 10571 926 16187 16187 16187
12958 11953 3171 10033 8710 4537 1229 12606 16187 16187 16187 16187 16187 16187 16187 16187
4267 12233 11553 926 5406 10566 3177 4776 926 8268 926 8268 4776 14596 16187 926
12958 11953 3171 10033 8710 4537 1229 12606 16187 11839 5463 7740 3364 2823 2148 16187
8747 8710 3699 10355 8268 10315 8268 10315 6905 16187 16187 16187 16187 16187 16187 16187
3842 1957 14180 1737 16187 16187 16187 8268 4776 9339 11854 16187 16187 15174 16187 2789
926 8710 14411 16187 16187 926 12233 4776 443 5867 564 16187 16187 16187 16187 16187
4776 13799 4552 9754 11553 6259 5189 8268 14237 7596 4552 4624 16187 16187 16187 16187
4776 13799 4552 9754 11553 6259 5189 8268 14237 7596 4552 4624 16187 10518 12233 2823
4776 8521 8268 6689 5329 2309 8268 4931 6403 16187 3748 16187 9813 16187 4311 16187
4311 6011 926 5463 1919 12958 6672 16187 16187 16187 16187 16187 16187 16187 16187 16187
4311 10036 8268 15043 771 6826 10355 926 12233 4189 1919 16187 16187 12820 16187 10983
4311 10036 8268 14069 14776 630 8270 16187 512 14272 3171 9577 16187 16187 16153 12233
15658 5682 16187 16187 16187 16187 16187 16187 16187 16187 16187 16187 16187 16187 16187 16187
15658 5682 16187 15662 7740 9605 14272 7926 8710 16187 7970 16187 16187 16187 1229 16187
15658 5682 16187 15662 7740 973 6259 926 9424 830 12276 10887 14230 16187 16187 16187
7740 9431 1442 1138 15827 6259 5375 9742 5711 8719 4776 10114 3177 926 16187 16187
7740 4931 926 10967 4776 10442 9260 4776 12298 16187 1229 16187 834 16187 7740 9884
7740 11839 4776 63 12232 2823 1954 2122 3594 14192 2903 5463 10150 5570 12835 16187
6259 4949 8974 8268 5329 4615 2837 4776 11085 926 2563 3177 4776 9790 13429 16187
4267 12233 11553 9063 3599 12233 9605 14029 4776 926 16187 16187 16187 926 16187 16187
6259 4949 8974 8268 5329 4615 2837 4776 11085 926 2563 3177 4776 9790 13429 16187
14237 4776 3366 6182 6259 2765 3177 2044 11953 4776 5820 16027 8697 16187 16187 16187
3842 3171 1378 16187 11839 8268 4776 2563 10781 8710 10355 16187 16187 16187 16187 16187
14237 4776 3366 6182 6259 2765 3177 2044 11953 4776 5820 16027 926 16187 16187 926
1019 5463 5867 14180 7740 2326 15956 6173 16187 16187 16187 16187 16187 16187 16187 16187
1019 5463 5867 14180 7740 2326 15956 6173 16187 12606 16187 16187 10566 11889 5891 2191
1019 5463 5867 14180 7740 2326 15956 6173 16187 12606 16187 16187 10566 1243 16187 16187
5463 13942 12233 2823 4776 5568 1264 8719 4776 2563 16187 16187 16187 16187 16187 16187
3842 1957 14180 1737 16187 16187 14397 2148 512 1954 6259 471 16187 16187 6215 16187
8712 5867 1954 191 5075 16187 926 8268 926 8268 12008 5297 6135 1019 14237 2842
203 8710 13474 3890 2598 16187 16187 16187 16187 16187 16187 16187 16187 16187 16187 16187
4267 12233 11553 926 5406 10566 3177 4776 926 8268 926 16187 16187 4776 16187 16187
203 450 8710 8712 926 2598 16187 16187 15842 15846 3847 16187 926 6683 1229 16187
8719 6259 14304 8268 4776 84 8368 15525 899 14237 7165 4601 16187 16187 16187 16187
3842 1957 14180 1737 16187 16187 9339 3942 16187 1229 14221 16187 16187 5332 8712 16187
8719 6259 14304 8268 4776 7705 2894 8719 2563 7991 13348 16187 13348 16187 13348 16187
8719 3171 9577 820 5208 10852 10628 15597 10768 14237 11436 1784 16187 16187 16187 16187
3842 1957 14180 1737 16187 16187 14397 9382 3082 16187 9653 16187 8727 2903 6683 2823
8719 10420 14237 2574 16187 5350 14734 2588 1033 16187 12153 16187 15202 16187 926 16187
1883 8268 1543 4776 926 3609 8710 14652 16187 16187 16187 16187 16187 16187 16187 16187
3842 1957 14180 1737 16187 16187 9339 12835 16187 2148 6259 8808 16187 16187 16187 16187
12716 8268 4776 926 1676 11900 630 8270 512 4776 5459 1676 16187 5568 4776 14596
10677 6905 8592 3171 8710 14734 10566 14902 10033 16187 16187 16187 16187 16187 16187 16187
4267 10033 3177 4776 926 4776 15064 9498 4776 14599 16187 16187 16187 16153 12233 16187
8710 7926 8069 11912 8268 14043 8710 7926 3037 6286 2598 16187 16187 16187 16187 16187
8726 8084 1954 8162 9498 7520 8268 13474 9084 8712 16187 16187 16187 16187 16187 16187
4267 12233 11553 926 5406 10566 3177 4776 926 8268 926 8268 4325 16187 16187 16187
5297 8268 1842 926 4220 12583 3177 8759 830 1138 4312 5711 91 16187 16187 2598
926 8710 6259 716 15819 10033 3962 12233 1597 11191 7518 14029 14467 14634 15768 16187
3842 11889 8712 5867 2023 6011 8913 12233 13931 6011 16187 16187 16187 6011 16187 16187
926 8710 6259 869 2844 8719 1213 1954 538 653 6855 10671 3177 4776 926 16187
4776 14599 2494 14237 11553 8394 6201 3171 926 950 8719 3088 6259 854 9534 16187
3842 1957 14180 1737 16187 16187 14397 8268 4776 2221 16187 13348 16187 16187 16187 16187
4776 14599 12716 8710 5493 14237 11553 6259 12650 16187 8656 14237 9605 6381 14180 16187
4311 8268 4240 4325 7001 10324 1919 8712 8268 4776 10033 15249 1919 15597 4446 16187
13570 8268 14069 8710 13084 8199 5463 1378 5208 6683 11007 12233 1955 7742 16187 16187
4311 8268 4240 4325 7001 10324 1919 8712 8268 4776 10033 15249 1919 15597 4446 16187
1955 14043 9743 15658 11553 8592 5568 1126 703 11953 6354 8268 9331 6011 16187 16187
1955 8726 4624 9084 9754 15956 5463 12467 16187 15096 16187 8719 4776 10033 16187 2148
1955 703 14038 2263 1954 4750 8268 6011 3543 2823 926 16187 16187 16187 16187 16187
8712 5867 6259 1344 9707 954 830 14745 8268 12008 7926 2135 8712 3748 7393 16187
8712 5867 11889 6259 8063 926 9290 8268 13907 4776 926 16187 16187 13348 16187 13348
8712 5867 6259 1344 9707 954 830 14745 8268 12008 7926 2135 8712 3748 7393 16187
4776 2563 8710 1229 9625 16187 16187 16187 16187 16187 16187 16187 16187 16187 16187 16187
4267 3177 14180 926 4931 1515 12233 16105 14745 11889 926 16187 16187 16187 16187 4311
4776 2563 8710 1229 3356 16187 16187 6259 2122 2563 11889 4624 643 16187 16187 16187
926 13348 16187 16187 16187 16187 16187 16187 16187 16187 16187 16187 16187 16187 16187 16187
926 13348 16187 13348 7740 1442 3171 2563 4776 2461 16187 7740 926 16187 13348 16187
926 13348 16187 1019 16187 5095 8710 6259 5543 16187 3192 2563 16187 7970 1919 4776
7740 9884 4537 2060 4776 926 16187 16187 16187 16187 16187 16187 16187 16187 16187 16187
7740 12020 4325 12232 14397 8712 5867 1954 14766 16187 16187 16187 16187 16187 16187 16187
7740 9429 1213 1110 11921 5568 8719 10011 8185 14237 11818 16187 16187 16187 6378 16187
8712 2847 14221 926 4544 16187 16187 16187 16187 16187 16187 16187 16187 16187 16187 16187
8712 4415 6259 14919 1390 9484 10967 4776 10617 16187 16187 9625 16187 2563 16187 6259
8712 2847 14221 926 4544 16187 926 16187 926 16187 8719 1954 926 16187 16187 16187
8712 5867 1543 10671 13280 5208 2552 14237 4261 1885 564 16187 16187 16187 16187 16187
8712 5867 1543 10671 9498 10355 926 14237 4776 926 16187 16187 16187 16187 16187 926
8712 5867 4537 8268 9070 16187 2148 13436 512 8656 12835 16187 16187 16187 16187 5947
2016 3364 11553 8093 1233 6259 2740 11889 5463 16187 16187 16187 16187 16187 16187 16187
4267 12233 11553 926 5406 10566 3177 4776 926 8268 926 16187 16187 4776 926 16187
1110 3543 2823 13312 16187 1019 14237 7926 926 16187 16187 16187 16187 16187 16187 16187
12020 5463 1378 11401 7740 16138 10603 1954 7664 2563 1919 6929 4152 16187 16187 16187
9036 3171 2563 16187 15978 12495 15096 16187 12349 1378 4931 1954 926 16187 10033 16187
12716 3171 4931 1954 7884 14237 7855 10033 14237 7740 6635 8712 6259 5948 16187 16187
12650 8712 1957 14589 15202 16187 16187 16187 16187 16187 16187 16187 16187 16187 16187 16187
9036 3171 2563 16187 12495 12495 15096 16187 7981 14029 6259 4994 16187 10033 16187 16187
7742 10471 8268 1774 16187 643 8710 9442 8268 1957 4776 16003 16187 1954 926 16187
2309 8719 2263 11401 8268 12008 5329 6713 16187 16187 16187 16187 16187 16187 16187 16187
3842 1957 14180 1737 16187 16187 9339 8710 6259 926 16187 10887 14230 16187 16187 16187
8712 8710 12606 8268 12008 14272 8710 8712 3112 4776 3449 16187 16187 16187 16187 16187
4776 4152 2696 13129 10967 14792 9216 7740 771 2696 16187 16187 16187 16187 16187 16187
4776 4152 4931 5329 1229 2689 16187 14180 1778 4312 16187 11789 10150 16187 926 16187
4776 4152 4931 10355 8268 14237 684 15525 6070 7742 16187 16187 16187 16187 16187 16187
8712 5867 6259 8440 8268 12008 10355 476 16187 16187 16187 16187 16187 16187 16187 16187
3842 1957 14180 1737 16187 16187 14397 9382 3082 16187 9653 16187 8727 2903 16187 7970
8712 5867 6259 7168 10033 7542 16187 14029 4776 8588 16187 16187 2712 16187 16187 6378
2326 8268 8710 5463 8569 16187 16187 16187 16187 16187 16187 16187 16187 16187 16187 16187
2326 8268 8710 5463 8569 16187 472 2598 16187 1885 4931 4776 926 16187 16187 2598
8796 8268 3098 16187 13348 16187 15662 16187 929 16187 816 2598 16187 16187 16187 16187
9290 7740 12102 4776 14255 2894 10265 14029 5713 9216 16187 16187 16187 16187 16187 16187
4267 12233 11553 9063 3599 12233 9605 14029 4776 926 16187 16187 16187 926 16187 16187
7740 14581 3171 10033 8710 5463 630 2148 12233 1436 8268 14237 926 16187 1378 3177
926 8710 6259 14238 14237 5024 926 16187 16187 16187 16187 16187 16187 16187 16187 16187
926 8710 11410 13348 16187 16187 15842 830 4776 10418 10967 4776 6070 10501 3177 3171
926 8710 6259 14238 14237 5024 926 16187 926 926 16187 16187 2296 16187 926 16187
830 1378 9424 8268 4624 2552 5463 4776 8761 8710 5329 8781 7829 1093 1079 16187
4267 3177 14180 820 13081 14237 926 4240 4325 16187 926 4776 16187 16187 16187 14426
830 16146 2954 7926 6724 14734 10026 16187 14237 4552 16187 816 16187 16187 16187 16187
926 4106 7076 926 926 5176 16187 16187 16187 16187 16187 16187 16187 16187 16187 16187
926 4106 7076 926 926 16187 16187 16187 16187 16187 1378 16187 16187 10887 16187 16187
926 4106 7076 926 926 5176 16187 6692 16187 9230 16187 16187 16187 16187 16187 16187
3177 1245 10763 8268 5937 2355 8710 4537 3211 5329 3220 12233 13592 926 16187 16187
3842 1957 14180 1737 16187 16187 9339 12835 16187 6259 926 16187 16187 16187 16187 16187
3177 1245 8268 8712 3847 9754 7001 9680 12233 2458 16187 926 16187 16187 16187 16187
2263 8093 926 16187 16187 16187 16187 16187 16187 16187 16187 16187 16187 16187 16187 16187
2263 8093 926 16187 6918 14237 16187 5415 16187 14180 8456 16187 16187 16187 4994 10036
2263 1344 2002 16187 16187 10033 8268 12008 14043 1957 14589 16187 16187 16187 16187 16187
9431 1378 4931 6259 14426 10033 5332 15956 1955 6042 7610 13341 16187 16187 16187 16187
4267 3177 14180 820 13081 11889 7926 926 16187 16187 16187 16187 16187 12276 16187 16187
8719 12276 3109 8268 3171 8710 1954 12256 2563 16187 2263 1378 16187 16187 16187 16187
7740 4537 6930 1390 11742 8268 1378 830 9070 14237 1378 830 12276 1620 3870 16187
14031 8268 8796 8268 1138 926 5711 8719 3994 14687 16187 926 16187 16187 16187 16187
7740 4537 6930 4776 9450 926 12233 9577 12233 9070 16187 16187 16187 16187 16187 16187
8712 5867 4032 15715 8268 15870 8069 8719 994 16187 16187 16187 16187 16187 16187 16187
8712 5867 12766 6259 6689 8268 12008 4776 14596 8710 2429 4776 9790 16187 15874 16187
8712 5867 4032 15715 8268 15870 8069 8719 994 16187 8719 4776 5777 16187 16187 16187
12495 1597 703 9498 12209 14043 6188 15525 16187 16187 16187 16187 16187 16187 16187 16187
12495 1597 703 9498 12209 14043 6188 15525 16187 16187 15842 16187 10373 16187 16187 16187
5332 5463 8710 5580 8268 13208 16187 8710 6259 8455 12099 1614 16187 91 16187 9316
9063 4624 9605 4776 8656 926 1019 13348 16187 16187 16187 16187 16187 16187 16187 16187
4325 16138 13637 2904 13348 5711 16187 16187 84 16187 16187 9431 16187 16187 16187 16187
9063 16187 4776 926 14281 779 6259 1866 16187 14237 7651 14180 4776 14596 16187 926
12127 983 926 14237 926 16105 13719 4776 10033 12515 3748 16187 16187 16187 16187 16187
4267 12233 11553 926 5406 10566 3177 4776 926 8268 926 8268 4776 14596 16187 926
12127 983 926 14237 926 16105 13719 4776 10033 12515 3748 16187 16187 16187 6152 16187
4325 3787 13701 5463 14776 2689 14237 11553 13416 13907 7196 15525 14287 16187 16187 16187
3842 1957 14180 1737 16187 16187 9339 8710 926 16187 16187 16187 16187 16187 16187 16187
4325 3787 13701 5463 14776 2689 14237 11553 13416 13907 7196 15525 14287 16187 11889 3171
12127 983 7740 2552 3171 2563 7740 15096 12233 9178 4776 8555 3177 6471 16187 16187
4267 12233 11553 926 5406 10566 3177 4776 926 8268 926 8268 4776 14596 16187 926
1378 9424 5463 7740 1951 13129 11953 8719 4776 476 8710 8712 5867 11655 16187 16187
6011 2327 5329 12233 5954 12008 4537 926 6276 8712 16187 16187 16187 16187 16187 16187
8726 6011 12260 1436 8268 4311 8712 5867 16187 16187 7970 16187 12149 16187 16187 16187
6011 11553 12233 5272 13089 8712 4931 16105 16187 16187 16187 16187 816 16187 16187 16187
14237 4776 10312 5463 4776 926 6161 5656 12233 1110 14237 926 8719 16187 16187 16187
3842 3171 16187 2563 16187 11839 5463 5 5365 16187 14237 14237 7076 14180 16187 16187
14237 4776 10312 5463 4776 926 6161 5656 12233 1110 14237 926 8719 16187 16187 16187
13474 926 12233 630 13348 13348 16187 16187 16187 16187 16187 16187 16187 16187 16187 16187
13474 926 12233 630 13348 13348 16187 16187 16187 16187 16187 16187 16187 16187 16187 16187
13474 926 12233 630 13348 13348 16187 7651 13623 16187 16187 16187 3177 1885 12495 16187
7740 973 6259 2199 14230 3177 12128 926 16187 16187 16187 16187 16187 16187 16187 16187
7740 973 6259 2199 14230 3177 12128 926 16187 16187 830 4776 926 16187 16187 16187
7740 973 7395 12233 4776 63 13477 16187 7740 12232 11553 926 13348 16187 16187 5200
8712 2025 4537 203 9749 4624 14776 10967 12401 16146 14237 15520 2077 16187 16187 16187
8712 13942 12233 2823 6259 2805 11568 3177 13441 14237 10239 16187 5948 16187 16187 16187
8712 9004 5463 5820 16187 15236 145 4776 14112 16187 7970 15649 3543 2823 16187 16187
13084 6465 16187 16187 16187 16187 16187 16187 16187 16187 16187 16187 16187 16187 16187 16187
13084 6465 16187 12233 8197 1885 6259 926 16187 16187 16187 10983 16187 7671 16187 926
3098 7178 13348 16187 13060 16187 4776 8588 3177 926 12349 4776 2563 16187 7740 926
7740 9429 7740 15956 15662 16187 16187 16187 16187 16187 16187 16187 16187 16187 16187 16187
7740 9429 7740 15956 15662 16187 3543 2823 16187 7970 16187 2598 16187 16187 2598 16187
7740 9429 7740 15956 15658 11953 8712 4931 4776 2053 5328 6259 926 8268 3994 13616
2599 16187 16187 16187 16187 16187 16187 16187 16187 16187 16187 16187 16187 16187 16187 16187
2599 16187 8537 5463 6011 14776 5580 11889 6259 3211 11889 3171 10033 16187 10399 16187
2599 5867 2823 3011 14237 777 5022 13348 16187 643 8719 6259 8456 16187 16187 16187
4776 926 4624 2552 14776 10211 15776 16187 16187 16187 16187 16187 16187 16187 16187 16187
3842 4776 13182 16187 6011 11889 3171 2563 14237 6011 11031 4537 926 16187 16187 16187
4776 926 4325 14776 2978 14776 8455 926 9549 926 16187 16187 5200 16187 16187 16187
10355 13348 16187 16187 16187 16187 16187 16187 16187 16187 16187 16187 16187 16187 16187 16187
14272 14776 6011 6391 2598 16187 16187 10108 16187 2563 16187 16187 16187 2689 16187 16187
10355 13348 16187 1430 13348 16187 13348 16187 6150 1825 16187 11401 16187 5297 12650 12233
8738 16187 16187 16187 16187 16187 16187 16187 16187 16187 16187 16187 16187 16187 16187 16187
12717 4924 3766 16187 3766 14237 4737 1750 4776 11599 16187 16187 4687 12233 14192 16187
8738 16187 14180 16187 91 926 5867 817 9290 16187 16187 16187 16187 16187 16187 16187
8796 4776 11994 9498 5820 3171 4931 5329 4537 6259 926 9424 16187 16187 16187 16187
3842 1957 14180 1737 16187 16187 14397 2148 512 4776 4152 16187 16187 16187 10116 16187
8796 8268 4776 6006 4931 1502 14237 4776 1531 9498 2860 16187 16187 16187 830 16187
8712 11262 8268 14397 512 1372 16187 16187 16187 16187 16187 16187 16187 16187 16187 16187
3842 1957 14180 1737 16187 16187 9339 8710 926 16187 16187 16187 16187 16187 16187 16187
8712 11262 8268 14397 512 1372 16187 16187 9591 16187 5332 6683 3177 6259 1793 1957
4776 2122 15814 9498 5462 10471 6535 7742 16187 16187 16187 16187 16187 16187 16187 16187
10242 3177 15041 14426 5867 11331 14093 8200 16187 926 8719 4776 10983 16187 16187 16187
4776 10418 8710 232 14237 4493 8268 8726 3559 16187 308 16187 16187 16187 16187 16187
4776 6006 8710 8213 16187 16187 16187 16187 16187 16187 16187 16187 16187 16187 16187 16187
4776 6006 8710 4546 8268 6070 2435 8268 14691 6193 16187 6259 926 16187 16187 16187
4776 6006 8710 8213 16187 14237 8712 8710 6070 2997 16187 16187 16187 16187 1022 13348
9601 8710 11022 2837 1799 1612 14237 3418 10496 7250 14237 926 926 16187 16187 16187
4267 10033 3177 4776 926 4776 15064 9498 4776 14599 16187 16187 16187 16153 12233 16187
926 8710 1378 3177 9743 16187 9290 1919 4776 2176 926 16187 16187 16187 9431 16187
8719 10025 8268 4776 2601 1138 2563 5711 8710 6259 11361 3177 7145 16187 16187 16187
8719 9623 8268 6259 2199 10501 3177 4776 10567 6011 10315 6070 7742 16187 16187 16187
8719 7645 12233 4776 8213 2563 8268 4776 2221 4931 5329 12495 15980 9890 16187 16187
7740 4552 9754 8069 11553 15721 16187 16187 16187 16187 16187 16187 16187 16187 16187 16187
7740 4552 9754 8069 11553 15721 16187 6500 3177 14272 16187 926 16187 16187 16187 16187
7740 11530 8712 16187 926 8268 14237 7740 926 14272 16187 16187 3356 13348 16187 8796
926 8710 1711 14237 1883 5695 16187 16187 16187 16187 16187 16187 16187 16187 16187 16187
926 8710 1711 14237 1883 4776 11719 16187 4994 7740 11889 10781 16187 16187 16187 16187
926 8710 1711 14237 1883 5695 16187 1229 15658 9084 6297 16187 816 16187 13348 16187
926 8268 3436 15452 11889 13474 11878 12233 2823 6421 926 16187 16187 16187 16187 16187
926 8268 3436 15452 11889 13474 11878 12233 2823 6421 926 16187 16187 13348 16187 13348
926 8268 11946 14796 8268 8467 6070 9450 15840 16187 14237 9442 16187 9442 16187 16187
3171 3886 4931 491 830 2469 7377 3177 4302 830 4776 6070 9431 13434 1588 16187
3842 1957 14180 1737 16187 16187 14397 9382 926 16187 16187 16187 12127 5200 16187 16187
3171 1378 6546 2148 11325 12008 531 2148 9643 16187 16187 16187 4447 16187 16187 16187
7742 8268 5332 7740 15956 16187 16187 16187 16187 16187 16187 16187 16187 16187 16187 16187
7742 8268 2383 14272 2598 16187 16187 2598 16187 16187 2598 16187 16187 16187 16187 16187
7742 8268 5332 7740 15956 16187 820 5867 2552 16187 9290 16187 16187 16187 16187 16187
8712 5867 6070 12606 14237 7740 5917 4531 8712 16187 16187 16187 16187 16187 16187 16187
8712 5867 12495 10355 12233 10249 2536 16187 14397 512 8712 16187 16187 16187 16187 16187
8712 5867 6070 12606 14237 7740 5917 4531 8712 16187 16187 16187 16187 16187 16187 2552
4776 2563 8710 2097 3177 2122 1919 6259 5804 3929 3177 13756 16187 16187 16187 16187
3842 1957 14180 1737 16187 16187 9339 8710 6259 926 16187 16187 12892 2903 16187 16187
4776 2563 8710 5005 2837 4776 15658 16187 4776 926 16187 16187 1750 926 16187 16187
3171 2563 4931 8569 16187 16187 16187 16187 16187 16187 16187 16187 16187 16187 16187 16187
3171 2563 4931 8569 16187 12606 8268 7740 11553 6259 15819 5627 9484 16187 16187 16187
3171 2563 4931 10335 15762 1957 8712 5867 564 16187 3364 12606 16187 8270 16187 14184
14069 14776 2446 926 3177 4776 5145 3177 4776 10217 926 14237 15597 4740 16187 16187
14069 14776 2446 926 3177 4776 5145 3177 4776 10217 926 14237 15597 4740 16187 16187
14069 14776 2446 926 3177 4776 5145 3177 4776 10217 926 14237 15597 4740 16187 16187
10094 4671 13907 5853 1090 4776 926 3177 14272 4325 1436 16187 16187 16187 16187 16187
4267 12233 11553 926 5406 10566 3177 4776 926 8268 926 16187 16187 4776 926 16187
10355 4915 13797 16187 16187 9544 1885 4609 8268 14237 7926 926 16187 16187 16187 16187
6173 12233 14734 4125 16187 16187 16187 16187 16187 16187 16187 16187 16187 16187 16187 16187
4325 10501 14237 13474 15738 10036 16187 16187 16187 14734 16187 16187 16187 16187 16187 16187
6173 12233 14734 4125 16187 2148 9643 13348 16187 12349 16187 9339 5738 1378 13348 16187
14069 8710 13084 1138 94 5711 8719 3171 2563 16187 16187 16187 16187 16187 16187 16187
14069 8710 13084 1213 9424 1955 6259 9684 8719 3171 10033 16187 16187 16187 16187 16187
14069 8710 2326 630 12233 11889 8719 4776 10033 16187 16187 16187 12495 15096 16187 16187
7926 11789 12431 9360 830 8712 16187 16187 16187 16187 16187 16187 16187 16187 16187 16187
7926 11789 12431 9360 830 8712 16187 16187 7970 16187 16187 16187 4707 12349 16187 12349
7926 608 16187 7742 8268 12740 14237 779 16187 1344 16187 16187 830 16187 16187 16187
1957 14589 8268 9331 4776 12638 8268 14069 14776 13084 15043 11153 16187 16187 16187 16187
1957 14589 8268 5329 6713 16187 16187 14180 3177 1885 2903 16187 926 16187 16187 16187
12716 8268 137 5463 983 8268 2599 9070 926 16187 7740 1436 16187 7740 3364 16187
2024 8185 14776 6259 926 9424 16187 16187 16187 16187 16187 16187 16187 16187 16187 16187
4267 10033 3177 4776 926 4776 15064 9498 4776 14599 16187 16187 16187 926 16187 16187
11022 2837 7090 926 16187 13839 16187 2588 16187 16187 16187 16187 16187 16187 16187 830
203 4325 14180 12298 2903 8710 926 16187 16187 16187 16187 16187 16187 16187 16187 16187
1543 3847 1695 7001 2598 16187 816 443 2598 16187 16187 8719 16187 2598 16187 16187
203 5695 950 16187 926 926 8719 4776 1419 16187 10503 16187 16187 16187 16187 14043
7740 4931 926 2903 1957 3171 8440 8268 6341 5947 2664 12444 16187 16187 16187 16187
4267 10033 3177 4776 5365 2598 16187 16187 12515 6259 3177 1954 926 16187 16187 16187
7740 11839 8712 4931 1954 12256 10033 16187 14237 926 2837 1378 926 16187 16187 16187
926 8268 926 8710 4776 10358 5892 3177 926 14248 16187 16187 16187 16187 16187 16187
926 8268 926 8710 4776 10358 5892 3177 926 14248 16187 16187 16187 5046 16187 1229
926 8268 926 8710 4776 10358 926 8268 14237 6826 926 16187 16187 16187 5580 16187
14112 14541 8710 1378 3177 12276 11070 8185 16187 16187 16187 16187 16187 16187 16187 16187
4267 3177 14180 820 13081 14237 926 4240 6173 16187 926 16187 10036 16187 16187 16187
6070 15174 5288 16187 1919 6259 1435 14596 3177 4660 16187 1787 16187 16187 16187 16187
9449 14043 11549 8719 2263 2444 9602 2598 16187 16187 16187 16187 16187 16187 16187 16187
2383 14272 2598 4325 9884 12766 15163 4776 7542 6683 830 4776 2563 16187 12495 16187
1175 12008 14272 4552 12650 8712 16187 4537 8719 15597 11434 3177 6259 926 16187 16187
5463 8710 4776 564 4927 12233 5993 8712 16187 16187 16187 16187 16187 16187 16187 16187
4267 12233 11553 926 5406 10566 3177 4776 926 8268 926 8268 4776 14596 16187 926
5463 8710 4776 2601 4922 16187 12008 6259 6070 5947 2664 14237 3192 9577 16187 2002
14272 9498 4325 5807 2598 16187 16187 16187 16187 16187 16187 16187 16187 16187 16187 16187
14272 9498 4325 5807 2598 16187 2598 16187 16187 2598 16187 16187 14734 12529 16187 16187
14272 8810 3847 8710 13134 16187 14237 6259 926 1955 10355 1955 4142 16187 16187 16187
3320 16187 16187 16187 16187 16187 16187 16187 16187 16187 16187 16187 16187 16187 16187 16187
3320 16187 10400 1449 8268 4325 9884 10471 16187 8270 14237 2599 15597 16058 10326 16187
3320 16187 10335 16187 6070 7742 1957 14180 8268 7740 973 574 16187 10887 16187 9205
9501 13823 3847 2097 6527 12233 14734 14716 16187 16187 16187 16187 16187 16187 16187 16187
11499 8268 4776 419 779 5329 926 11889 6259 10602 248 16187 16187 16187 16187 16187
9501 13823 3847 2097 6527 12233 14734 14716 16187 14734 8808 16187 4931 926 16187 16187
9563 7835 11416 16187 16187 16187 16187 16187 16187 16187 16187 16187 16187 16187 16187 16187
9563 7835 11416 16187 16187 779 8084 16105 16187 816 10936 16187 8084 16187 16187 16187
9563 7835 11416 16187 16187 779 16105 3177 6259 8455 2494 16187 16187 8353 16187 2563
7740 11530 3171 10033 16187 16187 16187 16187 16187 16187 16187 16187 16187 16187 16187 16187
7740 4931 9872 16187 11577 3171 12003 4776 2563 16187 6071 16187 14221 16187 16187 16187
7740 11530 3171 10033 16187 1229 7740 771 6259 14230 3177 5463 16187 16187 16187 16187
4087 10100 8710 1229 10355 8719 3171 2563 8712 8710 14380 13348 16187 16187 16187 16187
4267 12233 11553 926 5406 10566 3177 4776 926 8268 926 16187 16187 4776 926 16187
1175 574 16187 3171 2563 8710 1378 3177 9743 14966 5463 14776 1515 12233 2823 16187
3171 2563 8710 1378 3177 4776 564 8185 7740 9884 8466 3171 5365 16187 16187 16187
3842 1957 14180 1737 16187 16187 14397 9382 926 16187 16187 16187 12127 10709 16187 16187
3171 2563 8710 1378 3177 4776 564 8185 7740 9884 8466 3171 5365 16187 12349 16187
6173 14237 926 5867 2278 9974 5463 6011 3644 9754 6276 12008 11728 16187 16187 16187
3842 3171 2856 11889 4776 12012 16187 3364 4325 3364 6297 7937 2598 16187 16187 16187
6173 14237 926 5867 2278 9974 5463 6011 3644 9754 6276 12008 11728 16187 16187 12495
11953 5463 1138 7949 5711 8521 16187 16187 16187 16187 16187 16187 16187 16187 16187 16187
4267 12233 11553 926 5406 10566 3177 4776 926 8268 926 16187 16187 4776 926 16187
1229 4776 643 5463 9013 1919 8716 7987 8719 14180 8456 8719 8712 16187 16187 16187
4552 9754 6683 830 6259 4152 91 9890 16187 16187 16187 16187 16187 16187 16187 16187
4267 12233 11553 926 5406 10566 3177 4776 1133 8268 4776 1138 926 5711 16187 16187
1955 7740 1436 2598 16187 8268 7926 779 6259 10934 2707 11215 16187 16187 16187 16187
9706 4776 7377 3177 3171 4776 10033 4776 10418 8710 9754 12495 8569 16187 16187 16187
4267 12233 11553 9063 3599 12233 9605 14029 4776 926 16187 16187 16187 926 16187 16187
8719 4146 4624 2552 10214 6028 926 12233 8733 2903 4776 2097 5253 16187 16187 7937
8712 5867 14029 12099 1614 12127 15335 8274 14237 8712 5867 4032 4776 926 15740 16187
3842 1957 14180 1737 16187 16187 14397 2148 512 1954 471 16187 16187 16187 16187 16187
8712 5867 11022 13663 8719 6259 6070 7711 4927 8268 12008 16167 11900 16187 7742 16187
5580 4776 564 3177 4421 7810 16187 16187 16187 16187 16187 16187 16187 16187 16187 16187
4267 10033 3177 4776 926 4776 15064 9498 9754 14030 16187 16187 16187 7909 8710 16187
1175 574 16187 3171 10033 4931 3257 16187 16187 16187 7367 954 16187 16187 16105 16187
4776 14599 4931 8569 14237 4776 13811 4931 6388 16187 16187 16187 16187 16187 16187 16187
4776 14599 4931 405 16187 2097 3177 926 16187 14426 6745 14237 10080 8712 16187 3600
4776 14599 4931 10716 7742 13663 16187 7742 2608 16187 7742 13663 8268 12008 4776 1903
6297 8268 926 1750 926 16187 16187 16187 16187 16187 16187 16187 16187 16187 16187 16187
3842 1957 14180 1737 16187 16187 9339 8710 6259 926 16187 16187 16187 16187 16187 16187
8796 8268 8712 5867 5463 10355 16187 4537 10418 16187 10471 16187 6070 16187 16187 16187
4776 14596 8710 4776 926 8979 6423 3171 10033 8268 1919 4776 284 8093 1946 16187
3842 1957 14180 1737 16187 16187 16187 14397 4776 9339 13811 16187 2326 16187 16187 8719
4776 14596 8710 9563 2837 4776 12364 14237 4776 12536 12536 16187 10355 16187 16187 16187
7974 14827 15525 13474 779 9692 16187 16187 16187 16187 16187 16187 16187 16187 16187 16187
4311 14069 8710 926 926 16187 16187 8719 4776 16187 16187 91 16187 16187 16187 16187
7974 14827 15525 13474 779 9692 16187 14855 12233 1885 16187 9534 16187 1885 4707 16187
4776 7970 1019 2598 2598 13348 6173 13839 4931 8081 16187 16187 16187 16187 16187 16187
4776 6683 3177 4776 10033 8710 8692 16187 16187 16187 9736 16187 16187 5365 16187 16187
4776 3384 1957 926 5867 10397 8710 8124 16187 16187 11772 5341 16187 9339 8808 16187
9501 4434 2053 5352 926 3994 15 830 8353 16187 16187 16187 16187 16187 16187 16187
4267 12233 11553 926 5406 8268 10709 14745 8268 926 779 13084 926 16187 16187 16187
9501 4434 2053 5352 926 3994 15 830 8353 16187 2837 630 1919 6259 2765 3177
1110 8268 926 16187 16187 16187 16187 16187 16187 16187 16187 16187 16187 16187 16187 16187
4267 10033 3177 14180 926 16187 11553 16105 3102 16187 8466 16187 643 16187 16187 16187
926 7991 8268 9455 2598 16187 15597 926 16187 16187 7937 816 16187 16187 16187 16187
14237 8796 8268 7740 973 5297 8511 5463 6598 16187 16187 16187 16187 16187 16187 16187
14237 8796 8268 7740 973 5297 8511 5463 6598 16187 16187 12349 6259 7273 16187 8197
14237 8796 8268 7740 973 5297 6259 10887 926 16187 16187 5332 12276 11401 16187 11401
5297 8268 6826 820 8467 12233 11889 3171 10033 16187 16187 16187 16187 16187 16187 16187
5297 8268 6826 820 8467 12233 11889 3171 10033 16187 4687 16187 16187 16187 16187 16187
5297 8268 6826 820 8467 12233 11889 3171 10033 16187 4687 16187 16187 9205 4776 308
4325 14776 7367 14237 14272 4325 1436 13216 16187 16187 16187 16187 16187 16187 16187 16187
4325 14776 14069 12008 4552 9754 2451 1954 10053 954 16187 8719 4776 14212 3177 4776
4325 14776 7367 14237 14272 4325 1436 13216 16187 16187 8719 5463 16187 16187 16187 16187
1229 703 14776 9754 1515 1955 7742 830 15300 1955 8712 13942 16187 16187 16187 16187
1229 13474 882 14745 8719 2444 7424 16187 11434 3177 1885 16187 16187 16187 16187 16187
1229 13474 3847 8712 14237 7651 12008 1229 630 16187 3364 7188 2598 16187 16187 16187
1378 8268 4776 12303 1110 12233 4552 9918 14043 15767 4856 16187 16187 16187 16187 16187
4267 12233 11553 9063 3599 12233 9605 14029 4776 926 16187 16187 16187 926 16187 16187
14734 8808 8710 6051 12008 4660 8268 3830 12233 13501 6905 8719 7125 16187 14734 16187
2446 8268 8378 779 1954 13076 1251 12233 9605 6070 14238 8719 14734 14212 16187 16187
2446 8268 8378 779 1954 13076 1251 12233 9605 6070 14238 8719 14734 14212 16187 16187
2446 8268 14069 14776 6826 7855 3766 8719 3171 2563 16187 16187 16187 16187 16187 13348
6259 926 926 11558 3644 9754 3557 6259 3523 8268 14043 14038 14029 6259 948 16187
3842 11889 4776 12012 13348 16187 12723 7740 926 3177 4776 2563 16187 9004 11889 16187
926 8710 6259 869 2844 8719 1213 1954 950 954 8719 8719 4776 10033 5463 14734
6173 12008 4240 5463 2563 8268 7740 8584 12233 13077 15525 14734 16146 4189 16187 16187
9036 3171 2563 16187 15978 12495 15096 16187 12349 1378 3364 8213 16187 16187 7367 16187
6173 14237 7740 973 14635 3177 9461 3177 926 16187 16187 7740 9084 16187 16187 11889
4776 132 2837 862 7473 14237 4776 6006 2837 2850 926 14776 10716 10917 16187 16187
10242 3177 15041 14426 5867 11331 14093 8200 16187 8719 1213 6259 4406 8185 16187 16187
4776 132 2837 862 7473 14237 4776 6006 2837 2850 926 14776 10716 10917 16187 16187
3171 8710 6259 10355 10033 16187 16187 16187 16187 16187 16187 16187 16187 16187 16187 16187
3171 8710 6259 1980 10033 16187 14180 1378 3177 14745 16187 16187 16187 16187 16187 16187
3171 8710 6259 2689 10033 16187 4832 1957 8506 16187 6140 16187 16187 16187 9736 16187
14069 8710 5297 2365 12051 8719 7558 11889 4776 9975 5186 14237 14029 6306 926 16187
14069 8710 2446 6826 3098 8974 132 8719 3171 14251 16187 12495 16187 16187 16187 16187
14069 8710 5297 2365 12051 8719 7558 11889 4776 9975 5186 14237 14029 6306 926 16187
14180 13631 4032 6259 2327 16187 16187 16187 16187 16187 16187 16187 16187 16187 16187 16187
4267 12233 11553 926 5406 10566 3177 4776 926 8268 926 16187 16187 4776 926 16187
14180 13631 4032 6259 2327 16187 8191 830 14237 13089 14237 4776 643 16187 16187 14397
5297 6259 11899 14251 12008 1954 9332 1378 12233 12650 16187 16187 16187 16187 16187 16187
4267 3177 14180 820 13081 14237 926 4240 4325 16187 926 4776 16187 16187 926 16187
5297 6259 11899 14251 12008 1954 9332 1378 12233 12650 16187 6011 926 16187 3137 1378
7954 5867 643 8710 8719 6259 12311 1955 7926 8710 9796 5605 14237 5774 16187 16187
13474 15452 11161 14237 8710 8093 1344 13074 16187 14734 11846 13188 16187 2148 512 16187
13474 8710 9389 8719 5530 15274 830 4776 4265 15433 16187 7671 16187 16187 16187 6683
4776 14596 8710 517 8719 2337 14237 5663 16187 16187 16187 16187 16187 16187 16187 16187
3842 1957 14180 1737 16187 16187 9339 8710 6259 926 16187 16187 16187 14195 16187 16187
4776 14596 8710 6140 9591 13907 8712 16187 16187 12495 16187 10501 16187 16187 16187 16105
4776 7807 1383 3461 7956 1955 6259 2601 8808 8268 6259 2601 4152 8719 10781 16187
3842 1957 14180 1737 16187 16187 8268 14397 14397 800 926 16187 16187 16187 16187 16187
4776 13896 13549 4312 926 9043 16187 68 2974 926 16187 6259 8662 7001 16187 926
14069 5208 2823 13084 3141 7926 8710 5774 15005 16187 16187 16187 16187 16187 16187 16187
14069 5208 2823 13084 3141 7926 8710 5774 15005 16187 10501 16187 16187 16187 16187 10036
14069 5208 2823 1959 1919 8712 14029 926 13348 16187 16187 16187 5297 16187 16187 16187
6070 10355 13348 16187 16187 16187 16187 16187 16187 16187 16187 16187 16187 16187 16187 16187
6070 14902 16187 16187 8569 9743 16187 11553 4776 3766 16187 15597 8185 16187 16187 14776
6070 10355 13348 16187 1955 7742 16187 7094 14029 4776 4776 10566 10501 16187 16187 16187
4776 926 3785 14237 4152 830 4776 7188 3177 4776 1559 16187 16187 16187 16187 16187
3842 4776 13182 16187 12149 6011 8719 4776 2563 5463 3112 8712 1344 12606 16187 16187
4776 926 3177 8710 4776 12850 926 2563 8084 16187 926 12233 4776 10983 16187 10501
5329 4687 830 15123 3192 100 14237 6259 4779 16187 16187 16187 16187 16187 16187 16187
5329 6231 6123 8268 7740 11553 2296 2308 5463 13076 16187 16187 16187 16187 11889 8719
5329 4687 830 15123 3192 100 14237 6259 4779 16187 9429 16187 6535 16187 3553 16187
4776 14599 12716 8710 6918 8268 4997 14237 8608 13348 16187 16187 16187 16187 16187 16187
3842 1957 14180 1737 16187 16187 14397 8268 4776 2221 16187 13348 16187 16187 16187 16187
4776 9955 8719 4776 10033 14005 1954 9332 926 12233 4776 12641 3177 643 16187 16187
1229 8712 8710 6259 4346 471 8268 6626 14237 7664 16187 16187 16187 16187 16187 16187
1229 8712 8710 5329 16187 14734 1378 5463 7740 9605 8710 16148 16187 4776 926 16187
1229 8712 8710 6259 4346 471 8268 6626 14237 7664 16187 4537 1955 926 16187 16187
13084 7448 12233 5397 5463 2903 10036 16187 16187 16187 16187 16187 16187 16187 16187 16187
13084 7448 12233 5397 5463 2903 10036 16187 4776 6006 16187 6535 16187 16187 16187 14397
3098 7310 284 16187 16187 14237 12127 10355 13839 16187 15874 16187 16187 16187 2588 16187
7926 5867 10355 13348 16187 16187 16187 16187 16187 16187 16187 16187 16187 16187 16187 16187
7926 5867 5329 2903 12233 4776 10822 16187 926 16187 16187 16187 1957 12825 16187 16187
7926 5867 10355 13348 16187 16187 16187 2689 3766 13348 16187 14596 16187 9661 8268 16187
12716 8268 8712 8710 2296 4537 16187 16187 16187 16187 16187 16187 16187 16187 16187 16187
12716 8268 14069 14776 12495 1597 5031 8719 4776 10033 16187 12349 4776 2563 16187 4409
12716 8268 8712 8710 2296 4537 16187 16105 830 9070 14237 4032 15715 16187 16187 16187
14043 8710 7926 4537 8719 5937 13034 2598 16187 16187 16187 16187 16187 16187 16187 16187
14043 8710 8712 14734 6113 5463 5867 13556 703 2903 2598 16187 16187 2598 16187 16187
14043 8710 7926 4537 8719 5937 13034 2598 16187 2598 16187 16187 12717 2598 16187 16187
8712 9084 5329 8733 8712 6500 3171 10033 4931 8719 15909 1919 926 2291 16187 16187
8712 5867 4776 2563 1138 14328 8689 5711 3543 11553 12766 13348 16187 16187 16187 16187
8712 5867 3098 16187 6011 16138 11889 8712 15525 16187 12650 16187 16187 16187 13348 16187
4325 7661 8639 8719 4776 1378 15401 1243 2968 16187 16187 16187 16187 16187 16187 16187
4325 7661 926 14237 926 926 16187 8069 11553 16187 16187 12008 16187 16187 16187 16187
4325 7661 926 14237 926 926 1955 7742 16187 16187 16187 16187 16187 16187 16187 16187
6640 4776 14833 8268 8712 4931 6259 8716 5463 1885 4189 4931 5329 8270 7864 16187
4267 12233 11553 926 5406 10566 3177 4776 926 8268 926 16187 16187 4776 926 16187
13474 12232 8733 926 15237 5867 15387 2526 16187 4537 8733 16187 816 16187 1778 16187
926 926 8710 6724 16074 91 1955 4776 4707 3177 4776 926 16187 16187 16187 16187
3842 1919 12127 926 3177 5937 1750 16187 12349 14029 763 926 16187 16187 13829 2563
926 926 8710 6724 1955 2543 8719 4776 5562 3177 8268 14237 4776 830 16187 16187
4776 12128 14237 9057 8388 2903 4931 6259 11146 12008 7740 9429 8712 5867 10355 16187
3842 1919 12127 926 3177 5937 1750 16187 12349 14029 763 926 13348 16187 13348 16187
4776 13896 13549 4312 926 9043 16187 68 1885 6259 10355 9290 16187 6259 9290 16187
13089 7740 9084 8268 7740 4931 1276 10082 16187 16187 16187 16187 16187 16187 16187 16187
13089 7740 9084 8268 7740 4931 1276 14230 16187 13529 16187 13089 7926 5137 12233 1436
13089 7740 9084 8268 7740 4931 1276 10082 16187 4311 16187 4311 7740 12431 926 16187
6173 13348 16187 16187 16187 16187 16187 16187 16187 16187 16187 16187 16187 16187 16187 16187
6173 13348 16187 13549 6259 5820 10887 11401 16187 16187 779 16187 16187 16187 16187 7970
6173 13348 16187 13549 6259 2067 10240 16187 5462 926 8719 5463 16187 16187 16187 9290
14069 5867 5329 1378 8268 926 8268 5329 1378 2689 10810 8719 8712 16187 16187 16187
14069 5867 5329 1378 8268 926 8268 5329 1378 2689 10810 8719 8712 16187 16187 16187
14069 5867 12583 3177 16146 926 1955 7742 16187 16187 10566 3177 4776 983 16187 16187
4142 12606 12092 8069 9387 1957 12291 16187 16187 16187 16187 16187 16187 16187 16187 16187
4267 10033 3177 14180 926 16187 11553 13081 12233 926 16187 8069 2148 16187 16187 16187
4142 12606 12092 8069 9387 1957 12291 16187 16187 830 4776 2285 11434 3177 4776 3826
4776 9339 10501 3177 3171 10033 8710 8155 16187 16187 16187 16187 16187 16187 16187 16187
4267 12233 11553 926 5406 10566 3177 4776 926 8268 926 16187 16187 4776 926 16187
4776 14281 7740 1442 2837 9642 926 4931 6259 5328 6259 926 16187 16187 16187 10957
14272 14776 4624 15907 830 2598 16187 16187 16187 16187 16187 16187 16187 16187 16187 16187
14272 14776 4624 15907 830 2598 16187 16187 2598 16187 16187 2598 16187 16187 16187 16187
14272 14776 6011 10967 6259 11757 2598 16187 16187 16187 2598 16187 16187 16187 16187 16187
3171 2563 779 12233 2823 8466 12233 2823 1170 13348 16187 16187 16187 16187 16187 16187
3842 3171 16187 2563 16187 4537 9605 13250 9450 16187 16187 15096 16187 16187 1378 16187
3171 2563 779 16105 9070 6259 14230 3177 3034 16187 16187 14043 9743 1778 16187 8794
6594 13348 16187 16187 16187 16187 16187 16187 16187 16187 16187 16187 16187 16187 16187 16187
6594 16187 4537 16187 1138 4776 10560 5711 2598 16187 8185 16187 16187 16187 16187 16187
6594 13348 16187 13348 16187 12260 11553 11553 10671 10967 8712 16187 16187 13348 16187 929
203 5867 8712 14581 2598 16187 16187 16187 16187 16187 16187 16187 16187 16187 16187 16187
203 5867 8712 4931 1515 12233 2823 6259 13129 926 16187 16187 2598 16187 16187 2598
203 5867 8712 14581 2598 16187 16187 2598 16187 16187 2712 16187 2263 2563 16187 5562
4776 7261 8710 5084 8719 6259 11308 13965 4927 8268 630 11889 2263 3991 16187 16187
3842 1957 14180 1737 16187 16187 8268 14397 14397 2148 512 1954 1954 14419 16187 4856
8712 4931 11394 8078 8268 1955 926 8268 14237 926 16187 926 16187 16187 16187 16187
10967 5463 10709 12958 7164 12233 3818 2326 14221 13513 16187 16187 16187 16187 16187 16187
4267 12233 11553 926 5406 10566 3177 4776 926 8268 926 16187 16187 926 16187 16187
12008 16146 4311 5463 8712 4931 10355 16187 16187 16105 16187 5891 643 16187 9442 16187
4776 8947 3177 4776 5425 12716 8710 6259 1242 16187 16187 16187 16187 16187 16187 16187
3842 1957 14180 1737 16187 16187 9339 8710 6259 926 16187 16187 16187 16187 11953 926
4776 1754 3177 4776 132 8710 5695 1955 7742 16187 14237 13474 3609 16187 926 926
926 926 8710 3177 1245 6070 2719 8268 12008 5329 8569 12233 6683 1957 16187 16187
926 926 8710 10716 11085 1955 4776 926 11046 12708 16187 5174 1919 16187 16187 16187
926 926 8710 6070 13181 16187 12008 789 926 16187 16187 16187 16187 16187 16187 16187
926 5867 15594 4931 3335 14237 1175 16187 16187 16187 16187 16187 16187 16187 16187 16187
3842 1957 14180 1737 16187 16187 9339 8710 6259 926 16187 16187 16187 16187 16187 16187
926 5867 15594 4931 3335 14237 1175 16187 16187 7740 11839 5463 4931 926 16187 16187
11834 8268 3171 8710 1378 3177 9743 8185 5463 6143 2903 14029 6011 16187 16187 16187
4267 3177 4776 8697 8268 8710 6535 16187 16187 16187 11878 16187 16187 16187 16187 16187
11834 8268 3171 8710 1378 3177 9743 8185 5463 6143 2903 14029 6011 16187 16187 16187
926 8268 4776 3011 2053 926 9498 4103 8268 4931 5329 15174 16187 16187 16187 16187
3842 11889 4776 12012 11889 7740 12020 5414 9605 477 8719 926 926 13348 16187 16187
926 8268 4776 9834 1957 4776 6070 12298 8710 3699 7855 16187 16187 6535 16187 16187
926 820 8268 14272 5867 4776 10887 8855 2598 16187 16187 16187 16187 16187 16187 16187
926 2832 3177 8661 16187 7742 16187 16187 16187 16187 830 1378 16187 16187 9222 16187
926 12767 926 1537 14237 926 14745 12008 1537 8710 7456 12233 12945 16187 16187 16187
4325 5297 9032 12233 561 8719 4776 2122 11658 830 1229 1597 14833 16187 16187 16187
13570 8268 1955 6280 1955 4776 8846 16105 15597 11778 8268 14180 4931 7807 16187 4537
14237 15857 4776 14596 3609 16187 2097 3369 16187 2627 16187 6535 6280 7001 7829 16187
6173 8712 13623 12233 926 12233 7568 4776 10033 5867 11998 11728 16187 16187 16187 16187
3842 3171 16187 2563 16187 11839 5463 2067 4924 5629 10217 16187 16187 14237 2689 16187
6173 14237 926 1885 2903 1955 4776 819 8428 12233 3361 15525 16187 7288 6259 9290
1597 11153 5208 2823 437 6689 5297 2984 13134 2954 12233 4312 16187 16187 16187 16187
4267 12233 11553 926 5406 10566 3177 4776 1133 8268 4776 1138 926 5711 16187 926
10355 9577 16187 2097 3177 2176 5867 643 1919 6259 9780 926 2122 14237 4776 13701
4776 7347 8710 13250 16187 16187 16187 16187 16187 16187 16187 16187 16187 16187 16187 16187
4776 7347 8710 13250 16187 8710 4776 926 16187 10033 16187 12233 9311 16187 16187 16187
4776 6544 14776 926 14237 5208 2823 6223 12349 10373 16187 12349 4776 1787 16187 16187
5208 4776 1620 2823 926 830 4776 5820 14634 2598 16187 16187 16187 16187 16187 16187
3842 1957 14180 1737 16187 16187 9339 8710 926 16187 16187 16187 16187 16187 16187 16187
7926 6159 8223 11946 7926 8710 2429 6259 12715 14237 3790 9290 16187 16187 16187 16187
14411 8268 7740 11553 8466 926 14237 8168 16187 16187 16187 16187 16187 16187 16187 16187
14411 8268 1229 14272 9498 4776 10355 703 2598 16187 2598 16187 16187 2598 16187 16187
12654 14272 4776 10033 15304 8268 4776 14596 3847 11553 6259 899 8521 16187 926 16187
8712 4931 4776 10566 7385 8268 14939 926 4776 1787 779 8084 14362 16187 16187 16187
3842 1957 14180 1737 16187 16187 14397 9382 3082 16187 9653 16187 8727 2903 6683 12276
8712 4931 4776 10566 7385 8268 14939 926 4776 1787 779 8084 14362 16187 16187 16187
7740 12892 8712 6259 9484 9484 16187 16187 16187 16187 16187 16187 16187 16187 16187 16187
7740 10716 1110 3171 2563 16187 12232 926 12233 2823 6259 9290 16187 16187 13348 16187
7740 12892 8712 6259 9484 9484 16187 4142 6683 830 1954 2148 10770 16187 643 16187
9296 4311 8712 12232 12298 16187 16187 16187 16187 16187 16187 16187 16187 16187 16187 16187
9296 4311 8712 12232 12298 16187 2598 16187 9591 16187 16105 12276 2563 16187 16187 2006
7742 4537 6683 1957 4776 9623 14029 4776 926 7815 13348 16187 16187 16187 16187 16187
10107 8268 10710 14237 6700 16187 16187 16187 16187 16187 16187 16187 16187 16187 16187 16187
4267 10033 3177 14180 926 16187 11553 13081 12233 926 16187 926 926 16187 16187 16187
14069 14776 6826 5580 2689 4440 8719 3171 10033 16187 926 16187 12349 16187 16187 926
1098 3211 16187 16187 16187 16187 16187 16187 16187 16187 16187 16187 16187 16187 16187 16187
1098 3211 16187 5568 14919 16187 779 3356 16187 3451 13348 16187 8084 1959 16187 16187
1098 3211 16187 9277 11553 6011 2989 8268 12008 6259 290 16020 1955 7742 1955 6259
1955 4325 7001 2903 16187 16187 16187 16187 16187 16187 16187 16187 16187 16187 16187 16187
1955 4325 7001 2903 16187 2598 5711 16187 14734 11846 2894 3177 6259 14514 2921 926
1955 13474 3847 8712 8268 3177 1245 8268 4624 12232 5329 5407 11953 3171 16187 16187
8712 5867 11889 4776 6006 2176 8268 4328 8268 9573 14237 1940 16187 16187 16187 16187
3842 1957 14180 1737 16187 16187 14397 2148 512 8712 512 7345 16187 16187 16187 13348
8712 5867 11839 5463 926 14776 445 16187 16187 16187 763 16187 5217 16187 16187 16187
6826 3177 4776 4987 3211 8268 926 14237 11331 9498 2326 10355 16187 16187 16187 16187
4267 12233 11553 926 5406 10566 3177 4776 926 8268 926 8268 4776 14596 16187 926
6826 3177 4776 4987 3211 8268 926 14237 11331 9498 2326 10355 16187 16187 16187 16187
4776 4152 91 8268 6689 1344 10355 8268 8710 11789 9619 16187 16187 16187 16187 16187
3842 1957 14180 1737 16187 16187 14397 2148 512 4776 4152 16187 8808 16187 1644 16187
8712 4931 4776 10566 7385 8268 14939 926 4776 1787 779 8084 14362 16187 16187 16187
4776 10418 8710 10602 8268 10589 14766 926 5867 6718 4125 926 926 16187 16187 16187
4267 10033 3177 4776 926 4776 15064 9498 4776 14599 16187 16187 16187 16153 12233 2823
4776 10418 8710 10602 8268 10589 14766 926 5867 6718 4125 926 926 16187 16187 16187
15408 8268 14272 7740 1442 4931 4537 4404 284 9809 10887 2664 3667 3177 983 16187
9036 3171 2563 16187 15978 12495 15096 16187 12349 1378 5388 14029 16187 16187 16187 16187
12716 8268 8712 8710 1378 3177 4776 10566 10770 703 7740 11553 8466 8719 10531 16187
7740 4931 9754 10571 15695 1919 3171 10033 16187 16187 16187 16187 16187 16187 16187 16187
7740 4931 6297 2292 8719 2837 4776 6568 14237 9546 10355 9831 12233 2552 3171 16187
7740 4931 2758 2837 203 10355 926 926 4931 16187 16105 16187 16187 10033 16187 16187
5375 14865 1919 4776 6789 1694 6929 12233 15520 16058 16187 16187 16187 16187 16187 16187
4267 12233 11553 9063 3599 12233 9605 14029 4776 926 16187 816 16187 16187 16187 16187
10566 3177 14734 16146 8185 14776 7145 2446 12008 926 4931 1175 7740 11839 16187 16187
447 12233 10394 8268 2446 13077 15525 12505 11985 1390 4776 12529 10862 13348 16187 16187
4267 12233 11553 926 5406 10566 3177 4776 926 8268 926 16187 16187 926 16187 16187
447 5568 830 10033 10051 16187 6683 11889 7926 2608 16187 16187 16187 16187 16187 2595
12788 12892 5463 4169 12233 3171 10033 16187 16187 16187 16187 16187 16187 16187 16187 16187
4267 3177 14180 820 13081 11889 7926 4931 926 16187 16187 16187 9575 16187 16187 9575
5297 6259 11899 14251 12008 1954 9332 1378 12233 12650 16187 6011 926 16187 926 13348
926 926 13549 6259 1098 297 9534 1019 14237 13474 8710 204 13348 16187 16187 16187
926 926 5867 1138 926 5711 3847 5463 16187 10669 4776 6276 3177 4776 926 16187
926 926 13549 6259 1098 297 9534 1019 14237 13474 8710 204 13348 16187 16187 16187
4624 4552 9754 2552 4776 460 2970 16187 16187 16187 16187 16187 16187 16187 16187 16187
4624 4552 9754 2552 4776 460 2970 16187 12008 4325 14776 10571 14180 16187 16187 16187
4624 4552 14237 15597 926 6259 3098 14596 8268 12008 4776 14596 16187 16187 16187 926
7742 7740 12232 8197 8712 10509 16187 16187 16187 16187 16187 16187 16187 16187 16187 16187
7742 8268 2383 14272 2598 16187 16187 2598 16187 16187 2598 16187 16187 4537 16187 16187
7742 8268 8712 5867 6259 11697 16187 14237 4776 2563 8710 14221 16187 16187 16187 926
6259 8457 595 926 14237 4776 10602 3011 129 10359 14180 9013 16187 16187 16187 16187
4267 10033 3177 4776 926 4776 15064 9498 4776 14599 16187 16187 16187 16187 16153 12233
6259 3011 14217 8710 2308 14483 926 8719 4776 13546 10397 16187 926 16187 16187 16187
13783 16187 16187 16187 16187 16187 16187 16187 16187 16187 16187 16187 16187 16187 16187 16187
13570 15597 12835 14776 4844 4311 926 5867 14043 926 5867 16187 16187 16187 16187 16187
13783 16187 926 9498 2170 926 12233 926 926 8719 926 14237 16187 926 16187 16187
4776 2285 926 15093 3177 4776 10033 8710 8124 16187 16187 16187 16187 16187 16187 16187
4776 4267 8710 10501 9850 12028 12260 11553 12766 8270 16187 16187 12529 16187 16187 16187
4776 2285 926 15093 3177 4776 10033 8710 8124 16187 12467 16187 16187 926 16187 16187
8719 3511 8268 10566 3177 3171 9431 10244 4931 9754 8069 7805 16187 16187 16187 16187
8719 3511 8268 10566 820 4552 5329 12650 9594 14237 13546 1133 16187 3249 8719 16187
8719 3511 8268 14180 4776 6434 14776 12489 14708 16187 16187 8124 16187 16187 16187 2563
7740 4552 9754 15956 203 4776 1754 3177 926 6381 2903 1919 14745 16187 16187 16187
7740 4552 9754 15956 15662 4776 9216 9498 8913 14029 3171 2563 16187 8569 16187 16187
7740 11530 926 9577 14237 8268 7742 8268 4776 4720 4931 14734 10418 6021 16187 16187
2552 8712 1138 1919 3098 1842 5656 3098 10312 5711 16187 16187 16187 16187 16187 16187
4267 12233 11553 926 5406 10566 3177 4776 926 8268 926 16187 16187 926 16187 16187
2552 8712 1138 1919 3098 1842 5656 3098 10312 5711 16187 6152 8268 926 16187 6683
7740 9084 9754 1453 3171 476 1955 1329 1955 4776 763 926 9084 16187 16187 16187
7740 9084 9754 14581 8712 16187 4409 16187 1507 1919 4776 2768 7365 16187 16187 16187
7740 4537 1110 4776 4927 7926 7076 1919 7151 11767 16187 4537 926 16187 16187 16187
15662 2598 16187 16187 16187 16187 16187 16187 16187 16187 16187 16187 16187 16187 16187 16187
15662 2598 16187 13852 8710 2148 926 2598 16187 14734 16146 6259 10501 16187 16187 16187
15662 2598 16187 926 2598 16187 1885 12007 4931 8712 16187 16187 8268 16187 16187 10373
9402 4311 5086 12233 3734 16187 16187 16187 16187 16187 16187 16187 16187 16187 16187 16187
4311 2691 4189 2598 16187 16187 8081 926 16187 16187 926 16187 1737 16187 16187 16187
4311 7926 13887 15243 926 8268 6738 3787 14237 926 14734 5200 16187 643 16187 16187
13084 8268 15978 7926 779 5372 4975 3177 926 14237 16146 12423 4451 16187 16187 16187
3842 16187 16187 1737 8268 12349 14180 12291 8719 4626 16187 5796 1229 14180 816 16187
926 5867 13811 8710 13616 8994 14237 7664 16187 16187 16187 7742 16187 16187 16187 7742
14237 8798 7926 779 12233 9085 16187 16187 16187 16187 16187 16187 16187 16187 16187 16187
14237 4311 8712 7164 2326 13076 9070 16187 926 16187 16187 8568 16187 16187 16187 16187
14237 8798 7926 779 12233 9085 16187 630 830 4776 10418 16187 16187 16187 16187 16187
7740 973 14631 5463 12127 2563 2847 12233 2823 8466 14029 2263 16058 16187 16187 16187
7740 973 5329 487 8712 5867 9813 14069 12576 16187 9332 16187 10566 820 16187 9431
7740 973 13616 8712 5867 8270 512 926 8268 12008 7740 4537 3007 12958 16187 16187
7740 5568 6635 10299 12233 5530 4776 1754 3177 14734 8185 926 16187 16187 16187 16187
7740 11839 4776 10583 4931 6070 405 8268 12008 3171 14596 4931 16187 3748 16187 16187
7740 11839 7926 4931 12256 13084 6178 14069 16187 4537 16187 16187 16187 16187 16187 16187
1932 14948 8268 1453 4776 16003 8268 14237 8815 4776 2588 5036 2598 16187 16187 16187
4267 10033 3177 4776 5365 2598 16187 16187 12515 16187 14734 8069 1229 14221 16187 16187
14734 6664 8710 4831 12008 4142 232 8268 1919 5329 6259 11046 4183 4431 16187 8656
4776 10418 3177 4776 16003 8710 13181 12233 1436 4776 14589 16187 16187 16187 16187 16187
10242 3177 4776 12732 16187 926 3171 10033 16187 8577 12233 4189 16187 16187 15525 1919
4776 10418 8719 9137 137 1781 8710 4858 16187 10315 16187 5286 8268 8069 8719 3171
12716 8268 13474 9084 9754 9612 9605 1885 14855 6423 14765 16187 16187 16187 16187 16187
12716 8268 13474 9084 9754 9612 9605 1885 14855 6423 14765 16187 16187 16187 16187 16187
12716 8268 13474 9084 9754 9612 9605 1885 14855 6423 14765 16187 16187 16187 16187 16187
15662 9084 7740 11728 1957 8712 12825 12291 2598 16187 16187 16187 16187 16187 16187 16187
15662 14776 9754 4624 5372 4776 5041 3177 1019 926 2598 16187 16187 2598 16187 16187
14180 8268 8719 6259 4927 8268 4776 7310 284 14776 4032 3795 15525 16187 16187 16187
7740 2383 5463 8710 14734 2595 12233 926 16187 16187 16187 16187 16187 16187 16187 16187
7740 2383 8712 779 12233 2823 13631 8719 4776 2563 16187 16187 16187 6535 16187 7740
7740 2383 8712 779 12233 2823 13631 8719 4776 14824 3177 2263 983 16187 16187 16187
6070 7742 10471 16187 16187 16187 16187 16187 16187 16187 16187 16187 16187 16187 16187 16187
1957 3171 10709 4776 12303 11553 2904 2989 6259 9450 16187 16187 16187 16187 14125 16187
6070 7742 10471 16187 7742 2608 16187 11839 11953 4776 10033 16187 16187 5046 5329 16187
