4776 2563 4931 2326 10355 14237 8712 4931 2326 2689 16187 16187 16187 16187 16187 16187
4776 2563 4931 8270 1919 4776 2002 8268 630 630 8270 16187 14180 12291 8719 4776
4776 2563 4931 3335 13348 16187 4628 9754 16187 5463 4776 4152 16187 14426 16187 16187
3171 8710 4142 12606 3575 830 4776 6161 14237 4737 1750 12783 8719 13592 4927 16187
3842 3171 2856 11889 4776 12012 16187 3364 11553 12766 926 16187 2598 16187 16187 16187
3171 8710 4142 12606 3575 830 4776 6161 14237 4737 1750 12783 8719 13592 4927 16187
7926 145 14734 11846 10052 1919 6259 926 926 14237 7733 4776 9577 13348 16187 16187
3842 11889 4776 12012 12008 926 7740 8069 8710 5463 1919 16187 16187 16187 16187 8456
7926 145 14734 11846 10052 1919 6259 926 926 14237 7733 4776 9577 13348 16187 16187
3482 5867 10671 15846 926 3171 2903 14237 7421 830 2148 16187 16187 16187 16187 16187
4267 12233 11553 926 5406 6724 2837 926 926 16187 16187 16187 8268 7740 2383 16187
7001 4697 14237 12650 6011 16138 11889 8712 16187 816 13348 16187 2326 926 16187 16187
4776 926 8719 5802 13947 2904 2552 703 6259 9450 8271 14237 9296 2148 6991 16187
3842 11889 4776 12012 12008 926 7740 8069 2148 4931 5463 13411 16187 16187 16187 16187
4776 926 8719 5802 13947 2904 2552 703 6259 9450 8271 14237 9296 2148 6991 16187
2552 564 8719 9577 8268 6259 9816 10967 2353 8557 2385 16187 16187 16187 16187 16187
4267 12233 11553 926 5406 7740 1951 5329 6259 926 14230 16187 926 1919 4776 2689
2552 564 8719 9577 8268 6259 9816 10967 2353 8557 2385 16187 6356 926 16187 1208
14180 8719 14180 8268 6259 8569 2563 10967 11789 12127 10709 3177 15740 16187 16187 16187
4267 12233 11553 926 5406 6188 2837 4325 7001 16187 16187 4311 10036 16187 16187 16187
14180 8719 14180 8268 6259 3296 7652 830 11247 13348 16187 16187 13348 16187 13348 16187
4776 926 13152 13141 12233 14304 16187 16187 16187 16187 16187 16187 16187 16187 16187 16187
3842 11889 4776 12012 12008 8712 3364 11553 12766 6259 4792 16187 16187 8270 16187 817
4776 926 13152 13141 12233 14304 16187 3137 8268 14237 4931 926 16187 16187 16187 16187
1019 6011 9498 6391 15389 6672 2598 16187 16187 16187 16187 16187 16187 16187 16187 16187
1019 6011 9498 6391 15389 6672 2598 16187 2598 16187 8811 16187 2598 16187 16187 2167
1019 2466 1138 2326 10355 5711 16187 16187 14596 16187 2466 16187 9813 9643 8521 5711
14180 7740 6166 10967 6259 2563 8710 830 8712 12233 13229 9070 16187 16187 16187 16187
4267 12233 11553 926 5406 7740 926 6011 2598 16187 929 926 16187 9813 16187 15715
14180 7740 6166 10967 6259 2563 8710 830 8712 12233 13229 9070 16187 16187 16187 15715
6259 1866 13084 13084 13348 16187 16187 16187 16187 16187 16187 16187 16187 16187 16187 16187
6259 9450 10344 1919 3171 13734 16187 2563 16187 983 16187 16187 16187 1229 12349 4776
6259 1866 13084 13084 13348 16187 6011 16187 487 8712 16187 11644 16187 16187 16187 7937
14411 3177 1245 8268 7926 2446 6644 4776 14775 15181 8719 4776 5309 16187 16187 16187
4267 12233 11553 926 5406 6188 2837 4325 16187 16187 4404 16187 3364 3364 16187 16187
1957 14734 2521 16187 7764 8268 1138 926 5711 16187 1644 12233 2823 6259 4799 16187
9431 3177 14180 9715 926 491 830 4776 5863 2598 16187 16187 16187 16187 16187 16187
4267 12233 11553 926 5406 6724 2837 926 926 16187 16187 16187 1954 926 16187 16187
9431 3177 14180 9715 926 491 830 4776 5863 2598 16187 926 926 16187 16187 16187
4776 2211 8368 9666 820 16187 16187 16187 16187 16187 16187 16187 16187 16187 16187 16187
4776 2211 8368 9666 820 16187 4776 9465 16187 8069 1919 6259 16187 16187 13868 16187
4776 2211 2429 926 1778 2837 4832 16187 8719 4776 926 8268 14237 926 926 16187
4443 926 8710 6259 2689 8268 7931 14237 1138 926 14457 5711 2627 16187 16187 16187
4267 12233 11553 926 5406 6724 2837 926 926 16187 16187 16187 8268 7740 2383 16187
6259 4949 926 2563 16187 926 16187 3098 16187 7740 9429 16187 385 1378 9290 16187
6640 8268 2263 5297 4776 10887 11267 8719 3994 5088 12233 9070 16187 16187 16187 16187
6640 8268 2263 5297 4776 10887 11267 8719 3994 5088 12233 9070 16187 926 16187 16187
5297 7926 16048 3171 2563 14237 7926 8710 9591 830 1378 2689 3575 16187 16187 16187
1955 8569 1955 5885 8710 8268 7926 3847 5743 6259 6113 12233 6826 590 16187 16187
1955 8569 1955 5885 8710 8268 7926 3847 14776 4776 16146 91 16187 16187 16187 10036
1955 7740 8592 4776 14596 4931 2326 926 14237 926 926 830 4776 9431 16187 16187
7740 973 5329 1515 12233 5993 4776 14596 1955 8712 779 12467 12766 7251 16187 16187
7740 973 5329 1515 12233 5993 4776 14596 1955 8712 779 12467 12766 7251 16187 16187
7740 973 11169 4776 926 9484 9484 12459 8268 8069 12276 9465 7164 926 13348 16187
2466 8712 5867 10770 12233 12650 8069 6259 405 4152 4634 16187 16187 16187 16187 16187
4267 12233 11553 926 5406 7740 926 6011 2598 16187 929 926 14029 4776 10497 4931
5297 6259 3098 8855 16187 8712 5867 6259 6070 7711 4927 16187 16187 16187 16187 6535
1955 8944 8268 7926 7165 2421 8268 4941 8268 14237 1957 12291 8268 13929 16187 16187
1955 830 5713 8268 7742 8268 4325 11031 4776 2563 5867 1097 16187 16187 16187 16187
1955 2296 926 8710 5695 16187 6797 6011 16187 14237 8712 5867 91 16187 8712 16187
6173 926 14237 14734 6161 14776 10501 3177 2904 16187 16187 16187 16187 16187 16187 16187
3842 11889 4776 12012 13348 16187 12020 7740 1442 14237 7740 1951 14029 4776 12825 11839
6173 926 14237 14734 6161 14776 10501 3177 2904 16187 16187 16187 16187 16187 16187 16187
7740 9429 8712 5867 1957 14589 4032 6259 12650 16187 16187 16187 16187 16187 16187 16187
7740 9429 8712 5867 1957 14589 4032 6259 12650 16187 983 10094 16187 5332 16187 5297
7740 9429 8712 10399 12233 12349 11274 3171 2563 16187 3278 16187 16187 16187 16187 16187
4776 132 8710 8213 8268 10566 3177 8712 2837 15167 926 8268 6259 1751 15893 16187
3842 11889 8712 5867 2023 6011 8913 12233 13931 6011 16187 6011 16187 16187 10983 16187
4776 132 8710 6259 1903 8752 16187 16105 4776 10033 16187 7970 16187 16187 16187 16187
4776 2595 5629 1885 14237 926 4931 5314 11209 16187 16187 16187 16187 16187 16187 16187
4776 2595 5629 1885 14237 926 4931 5314 11209 16187 2446 926 16187 16187 16187 16187
4776 6501 3177 4776 1482 14597 8710 14915 4609 2858 15577 16187 16187 926 16187 926
4776 6729 4931 4776 3511 5463 4776 14596 4931 2148 10401 512 7740 12773 16187 16187
4776 2563 4931 5568 13341 16187 15236 3364 11553 16187 8270 16187 9925 16187 13298 16187
4776 2563 4931 6259 3192 5033 3211 1919 6259 5948 3177 11901 3727 13701 16187 16187
8712 4931 9754 926 8268 12008 8712 3364 11553 12766 16187 16187 16187 16187 16187 16187
8712 4931 9754 926 8268 12008 8712 3364 11553 12766 16187 16187 16187 16187 11247 2563
8712 4931 14834 14237 3335 8268 7740 3364 9754 8554 10953 16187 16187 16187 16187 11889
8712 779 13084 4152 16187 16187 16187 16187 16187 16187 16187 16187 16187 16187 16187 16187
8712 779 13084 4152 16187 16187 14237 1229 2326 2326 2689 16187 16187 1222 16187 16187
8712 779 3171 14237 400 3513 12495 8268 12256 13348 16187 16187 6070 7742 16187 6070
14272 926 13464 10498 1957 564 8710 14734 5516 13839 16187 16187 16187 16187 16187 16187
3842 11889 8712 5867 2023 6011 8913 12233 13931 6011 16187 16187 16187 6011 16187 16187
14272 926 13464 10498 1957 564 8710 14734 5516 13839 16187 9736 16187 16187 8353 16187
8710 926 3841 4032 4990 830 8268 1955 4523 13942 12233 8158 14734 9784 2598 16187
3842 11889 4776 12012 12008 926 7740 973 6259 926 16187 16187 6011 5711 16187 16187
926 8710 6259 12538 15897 1919 1885 643 14237 4776 1787 4697 3177 1885 16187 5580
8712 5867 4537 12011 4440 3177 7388 14237 7388 2837 4776 926 16187 16187 16187 16187
8712 5867 4537 12011 4440 3177 7388 14237 7388 2837 4776 926 16187 16187 16187 926
8712 5867 4537 4776 14457 16187 779 6259 6070 1507 14237 7742 16187 14180 4776 10033
8712 5867 12495 9736 14237 12349 4776 12489 830 14397 16128 4440 16187 16187 16187 16187
8712 5867 12495 9736 14237 12349 4776 12489 830 14397 16128 4440 16187 13141 12233 15232
8712 5867 12495 3698 14237 4265 14237 2176 12233 2823 15369 6672 16187 16187 16187 16187
6173 16187 16187 16187 16187 16187 16187 16187 16187 16187 16187 16187 16187 16187 16187 16187
6173 16187 6535 630 16187 16187 830 4776 10887 1583 16187 16187 16187 16187 16187 5867
6173 16187 16187 3257 8719 14734 1133 16187 564 16187 3177 4776 10033 16187 16187 6535
8712 2296 8309 15389 11886 1138 9487 926 4033 16187 16187 16187 16187 16187 16187 16187
3842 1957 14180 1737 16187 16187 14397 8268 4776 2221 16187 16187 16187 13178 16187 16187
8712 2296 15881 8719 8456 13089 13474 3847 8712 5867 10770 13348 16187 2974 3177 926
8173 926 9715 13516 12276 14031 12276 13348 16187 16187 16187 16187 16187 16187 16187 16187
4267 10033 3177 14180 926 16187 9653 9277 11553 6259 9450 16187 16187 16187 16187 16187
1019 8710 1954 5364 5496 1433 16187 14180 14237 9084 16187 816 16187 16187 16187 16187
4776 4779 574 8710 2837 12855 926 16187 16187 16187 16187 16187 16187 16187 16187 16187
4776 5914 8710 8719 4776 926 16187 10272 12233 4189 16187 16187 16105 16187 16187 926
4776 4779 574 8710 2837 12855 926 16187 15658 926 13474 8710 4776 926 16187 16187
8857 8268 15800 8710 7456 12233 8733 4776 9349 3177 1954 538 653 6855 16187 16187
3842 11889 4776 12012 11889 7740 11553 4015 4776 4750 926 16187 14043 16187 9084 16187
8719 11277 8268 12276 2199 4791 12233 9519 12749 16187 12515 12276 1638 4609 13348 16187
8712 3847 9754 265 8719 1213 6259 8579 10033 16187 16187 16187 16187 16187 16187 16187
8712 3847 9754 265 8719 1213 6259 8579 10033 16187 16187 16187 5297 14029 4776 308
8712 15881 6259 9450 12495 1935 2958 8719 1378 5942 16187 9577 16187 16187 16187 16187
3171 8710 4776 3257 2563 830 10344 4832 12349 4776 926 13348 16187 16187 16187 16187
3842 11889 4776 12012 11889 7740 11553 4015 4776 4750 926 16187 14043 16187 9084 16187
3171 8710 4776 3257 2563 830 10344 4832 12349 4776 926 13348 16187 16187 16187 6070
5713 14776 14180 1133 5463 2842 8866 547 16187 16187 16187 16187 16187 16187 16187 16187
5627 16187 9850 16187 7742 16187 16187 4895 8719 4776 2563 16187 11382 16187 16187 16187
5713 14776 14180 1133 5463 2842 8866 547 16187 2353 16187 6985 16187 16105 16187 8719
7740 973 5329 10887 14029 8331 12008 3171 1378 8710 12489 14708 16187 16187 16187 16187
9036 3171 2563 16187 12495 12495 16187 12495 15096 16187 5332 16187 8588 8438 16187 817
7740 973 11169 4776 926 9484 9484 12459 8268 8069 12276 9465 7164 926 13348 16187
8712 5867 6259 8974 3211 15649 8710 5297 2689 8069 4240 13756 1243 16187 16187 16187
3842 1957 14180 1737 16187 16187 14397 8268 4776 2221 16187 16187 16187 13178 16187 16187
8712 5867 6259 8974 3211 15649 8710 5297 2689 8069 4240 13756 1243 16187 16187 11401
5329 10399 12233 10503 3171 4931 3641 3251 2837 11854 16187 16187 16187 16187 16187 16187
5329 10399 12233 10503 3171 4931 3641 3251 2837 11854 16187 16187 10217 10217 926 16187
13077 8712 15525 8726 6011 11031 4998 12008 2823 11072 830 6259 15096 12650 16187 16187
12495 8569 13852 9084 9754 3012 4776 14599 8913 12233 4455 830 6826 926 16187 16187
4267 12233 11553 926 5406 8268 926 926 14180 14734 1378 16187 14180 16187 16187 16187
10355 2563 16187 16187 2148 14043 4776 6499 16187 926 16187 16187 16187 16187 16187 16187
13474 5867 5967 12233 1453 4776 14634 16010 14596 14237 7336 5138 4776 13094 16187 16187
13474 5867 2148 13076 512 892 16187 4776 10033 16187 926 16187 16187 16187 16187 16187
13474 5867 2148 15291 512 2176 14237 13474 2326 926 4776 1583 16187 16187 8610 16187
8712 5867 13084 8353 2563 12008 6259 2563 11953 6259 12884 9290 16187 16187 16187 16187
8712 5867 13084 8353 2563 12008 6259 2563 11953 6259 12884 9290 16187 16187 16187 16187
8712 5867 6259 8124 8183 830 3171 5095 16187 2326 4931 816 16187 16187 16187 16187
5329 830 10671 16187 16187 16187 16187 16187 16187 16187 16187 16187 16187 16187 16187 16187
5329 830 10671 16187 2552 8712 5867 6259 6535 983 16187 2974 16187 16187 7456 12233
13077 16187 12489 2543 3177 4776 2563 16187 8704 16187 6535 16187 11889 16187 16187 16187
926 5463 14776 2466 2689 2779 14029 1954 4642 6536 14599 16187 16187 16187 16187 16187
3842 11889 8712 5867 2023 6011 8913 12233 13931 6011 16187 16187 6011 16187 16187 16187
926 5463 14776 2466 2689 2779 14029 1954 926 2122 16187 7333 3112 4776 10033 16187
4325 2446 10603 6826 926 16187 16187 16187 16187 16187 16187 16187 16187 16187 16187 16187
4325 2446 10603 6826 926 16187 16187 11889 8719 3171 10033 16187 16187 16187 16187 16187
4325 2446 10603 6826 926 16187 16187 14263 8719 1954 4269 16187 926 16187 16187 16187
4776 132 1093 8710 4032 12233 12650 4776 2563 16187 16187 16187 16187 16187 16187 16187
3842 11889 4776 12012 12008 8712 3364 11553 12766 6259 4792 16187 16187 817 16187 16187
4776 132 1093 8710 4032 12233 12650 4776 2563 16187 16187 16187 16187 16187 6535 16187
8712 5867 4776 926 10036 8268 14709 926 14029 4776 9964 16187 16187 16187 16187 16187
3842 91 16187 4152 16187 6535 630 2148 9332 16187 16187 1957 14180 13348 16187 9640
8712 5867 4776 926 10036 8268 14709 926 14029 4776 9964 16187 16187 926 16187 926
926 8710 10107 8268 12015 14237 5329 12820 14043 13743 16187 16187 16187 16187 16187 16187
3842 11889 8712 5867 2023 6011 8913 12233 13931 6011 16187 16187 6011 16187 16187 16187
926 8710 10107 8268 12015 14237 5329 12820 14043 13743 16187 16187 1378 1378 1093 16187
13084 1086 16187 16187 16187 16187 16187 16187 16187 16187 16187 16187 16187 16187 16187 16187
13084 1086 16187 10418 12495 16187 4776 2563 1919 2148 1955 7740 3364 2823 16187 6535
13084 1086 16187 10418 14237 1919 4776 10418 2837 926 926 16187 16187 16187 16187 16187
14069 14776 10217 926 15408 3177 1378 11889 8719 7749 3888 16187 16187 16187 16187 16187
3842 4311 13084 8268 4776 926 1676 16187 656 16187 9332 6683 1957 4776 14596 16187
14069 14776 10217 926 15649 15658 2446 4189 16187 8719 4776 12298 16187 16187 16187 16187
14069 7926 14827 4776 9405 8268 14858 7926 15725 15525 3177 6259 9306 3177 12956 16187
3842 1957 14180 1737 16187 16187 14397 9382 926 16187 16187 16187 5288 16187 14080 16187
14069 7926 14827 4776 9405 8268 14858 7926 15725 15525 3177 6259 9306 3177 12956 16187
2263 6259 10033 3177 8760 16187 16187 16187 16187 16187 16187 16187 16187 16187 16187 16187
4267 3177 4776 8697 4537 4931 16187 16187 16187 16187 16187 16187 16187 16187 16187 4537
2263 6259 10033 3177 8760 16187 12276 12349 6259 11401 16187 14237 15525 3177 926 16187
7099 3171 7926 926 12233 926 1019 1991 926 6173 16187 16187 16187 16187 16187 16187
3842 11889 4776 12012 11889 7740 11553 12233 11553 4015 6259 926 16187 7970 16187 16187
926 10967 926 16187 8268 7740 9884 8592 1597 16146 14596 16187 16187 16187 16187 16187
8712 5867 10770 14237 7740 771 6259 5075 13348 13348 13348 16187 16187 16187 16187 16187
3842 1957 14180 1737 16187 16187 9339 8710 926 16187 16187 16187 16187 16187 16187 16187
8712 5867 10770 14237 7740 771 6259 5075 13348 13348 13348 16187 13348 16187 3192 16187
14069 4931 13084 6500 14649 830 15597 2513 16187 16187 16187 16187 16187 16187 16187 16187
3842 1957 14180 1737 16187 16187 16187 13089 7926 6297 771 6259 9452 16187 308 16187
14069 8710 6259 9450 10298 14237 8625 10768 8719 3171 16187 643 16187 16187 16187 16187
13570 3171 10033 3847 11553 8712 5867 6178 16187 16187 16187 16187 16187 16187 16187 16187
9036 3171 2563 16187 12495 12495 16187 12495 16187 16187 5332 15096 16187 16187 5388 16187
926 7740 9429 5867 8719 8712 8268 8712 5867 1955 8712 13216 16187 16187 16187 16187
3735 11711 4776 9590 8268 926 3499 1954 926 5463 12767 4109 4776 9954 16187 16187
4267 12233 11553 926 5406 6188 2837 4325 16187 16187 14043 8719 4776 2601 16187 4552
15857 4776 5820 84 3177 3171 472 9301 8710 5329 926 12008 4776 817 9290 16187
8162 7524 830 564 14426 8588 3177 926 16187 16187 16187 16187 16187 16187 16187 16187
4267 10033 3177 4776 5365 2598 16187 16187 12515 16187 1954 10211 16187 16187 11889 16187
830 2122 8268 4776 2563 16187 4776 4927 16187 14776 4949 16187 926 16187 16187 10709
3171 2563 4931 4537 5695 16187 16187 16187 16187 16187 16187 16187 16187 16187 16187 16187
3171 2563 4931 8569 16187 12958 7740 4537 7076 15525 16187 15695 16187 1381 16187 16187
3171 2563 4931 4537 5695 16187 9264 14237 12349 16187 16187 16187 11839 16187 16187 16187
8258 7926 3364 9544 4776 371 8268 7926 8710 7794 12115 6259 926 16187 16187 16187
3842 11889 8712 5867 2023 6011 8913 12233 13931 6011 16187 16187 6011 16187 16187 16187
13089 4776 9330 779 12233 3520 12825 3177 1954 14766 6011 16187 2598 16187 16187 16187
1957 13084 983 9084 7740 8084 2326 10751 14272 3171 5095 4931 2903 12233 16187 16187
4267 12233 11553 926 5406 7740 926 6011 2598 16187 929 926 5711 16187 16187 16187
1957 4776 1117 14237 8344 8521 8268 7740 1436 7740 926 10503 3171 2563 940 16187
14031 8796 8268 7740 4537 10957 6259 8230 2122 926 8719 4776 10033 16187 16187 16187
14031 8796 8268 7740 4537 10957 6259 8230 2122 926 8719 4776 10033 16187 16187 16187
14031 8796 8268 7740 4537 10957 6259 8230 2122 926 8719 4776 10033 16187 16187 16187
8712 9004 11889 1954 9279 6072 3177 8944 16187 16187 16187 16187 16187 16187 16187 16187
3842 1957 14180 1737 16187 16187 16187 14397 8268 8726 1954 926 16187 16187 16187 16187
8712 9004 11889 1954 9279 6072 3177 8944 16187 779 926 6259 926 16187 16187 16187
2128 2837 4404 10073 144 12007 8268 1138 4776 8590 7829 5711 16187 16187 16187 16187
4267 926 4776 15064 3177 1390 16187 16187 5332 9332 16187 16187 14125 16187 816 16187
7740 8197 8712 15525 3177 9431 16187 12276 926 12276 16187 12276 13348 16187 16187 16187
1378 3177 4776 14219 1246 1229 14221 13348 16187 16187 16187 16187 16187 16187 16187 16187
1378 3177 4776 14219 1246 1229 14221 13348 16187 3257 16187 6011 11889 926 9070 7001
1378 3177 4776 10566 854 926 14237 7438 8084 6381 14029 1583 16187 16187 16187 16187
6259 10355 10686 8268 5463 5867 11499 5329 6188 12233 8712 5867 2097 8811 16187 16187
6259 10355 10686 8268 5463 5867 11499 5329 6188 12233 8712 5867 2097 8811 16187 16187
6259 10355 7937 3177 7314 14237 447 830 4421 8948 10671 16187 16187 10429 830 10671
447 16187 16187 16187 16187 16187 16187 16187 16187 16187 16187 16187 16187 16187 16187 16187
447 16187 3841 1583 1955 8712 5208 6280 7001 16187 2552 8712 816 13348 16187 2326
447 16187 10051 8268 4552 6259 9450 12233 12650 16187 4687 16187 14043 14029 9431 16187
13178 2563 16187 16187 16187 16187 16187 16187 16187 16187 16187 16187 16187 16187 16187 16187
4267 10033 3177 14180 926 16187 11553 12467 16187 8466 16187 16187 16187 16187 14029 4776
2446 8710 15804 14272 7926 15684 12233 7376 16187 816 16187 16187 14734 16187 16187 16187
7740 5208 2326 8154 3171 10033 12233 10394 13348 16187 16187 16187 16187 16187 16187 16187
7740 5208 2552 15662 820 12102 11247 14139 12008 12233 2823 5415 7740 6635 8712 16187
7740 5208 2326 8154 3171 10033 12233 10394 13348 16187 16187 16187 16187 14043 16187 6683
12233 12276 8344 7740 4931 6070 9106 8268 8069 926 16187 16187 16187 16187 16187 16187
4267 12233 11553 926 5406 6724 2837 926 926 16187 16187 16187 1954 926 16187 16187
10967 926 16187 476 16187 5830 926 16187 1110 8712 14237 5388 16187 4311 16187 16187
1799 926 8710 1213 6259 5646 950 8268 9563 1919 3171 14635 3177 954 16187 16187
4267 926 4776 15064 3177 1390 16187 5329 484 14237 2823 1378 3177 12276 16187 1378
926 8710 1955 3935 1955 8170 15692 14225 16187 926 16187 7367 16187 16187 16187 16187
12008 8268 7740 12232 8154 8712 2148 12233 10671 3177 4776 13839 16187 16187 16187 16187
12008 7740 6635 5463 9577 4776 2148 7740 9884 8466 4776 10501 13348 16187 16187 16187
12008 7740 6635 8712 926 16187 13348 16187 7740 16187 7970 16187 16187 16187 16187 16187
13221 15442 779 8093 12766 1954 13926 7740 2128 1919 3848 16187 16187 16187 16187 16187
4267 926 4776 15064 3177 1390 16187 5332 16187 16187 1885 5463 4776 9450 926 16187
13221 779 926 5867 15909 15594 8913 7393 16187 14237 1344 16187 14734 8503 14237 3847
14734 6506 8268 10054 9203 8719 7909 12574 4931 10770 8268 12008 11462 16187 16187 16187
4267 12233 11553 926 5406 6724 2837 926 926 16187 12291 16187 8268 7740 2308 16187
14734 10418 4931 7732 16187 2148 512 6259 926 16187 10033 16187 16187 16187 16187 16187
14272 7740 6635 8680 8268 7740 6635 4776 14954 16187 16187 16187 16187 16187 16187 16187
14272 7740 4931 8781 16187 4776 16146 4183 8268 12008 5329 12233 5261 6259 12007 16187
14272 7740 6635 8680 8268 7740 11553 8466 8719 12276 2285 643 16187 16187 926 16187
1229 9578 9511 14876 6259 1781 8268 13929 926 12233 13149 16187 16187 16187 16187 16187
9036 3171 2563 16187 12495 12495 16187 12495 15096 16187 5332 16187 8588 8438 16187 817
1229 9578 9511 14876 6259 1781 8268 13929 926 12233 13149 16187 1127 16187 926 16187
926 5867 5602 926 1019 926 926 6173 8710 6259 5200 926 16187 16187 16187 16187
3842 11889 4776 12012 12008 926 7740 8069 8710 5463 1919 16187 16187 16187 16187 8456
926 5867 5602 926 1019 926 926 6173 8710 6259 5200 926 16187 16187 16187 13348
12127 110 10667 4931 15000 13710 14043 926 16187 16187 16187 16187 16187 16187 16187 16187
1378 10293 7347 4609 10967 3171 13348 16187 13348 16187 6173 16187 4949 16187 16187 8185
12127 110 10667 4931 15000 13710 14043 926 16187 16187 926 1919 14734 926 16187 16187
12029 8710 2446 14362 1955 16187 16187 16187 16187 16187 16187 16187 16187 16187 16187 16187
4267 10033 3177 4776 5365 2598 16187 16187 12515 16187 1954 12256 9767 16187 16187 7937
1175 9575 13348 16187 6304 5867 2552 4776 926 14237 2326 16187 8719 16187 16187 16187
1213 12259 14776 12773 13089 4776 926 8710 1955 5218 1955 5713 10437 14776 16187 16187
4267 12233 11553 926 5406 6724 2837 926 926 16187 16187 16187 1954 926 16187 16187
14734 2373 4931 2903 8268 1229 12233 4671 16187 16187 16187 16187 16187 16187 11247 16187
3171 8710 4776 10566 5453 4994 3177 4776 2563 16187 16187 16187 16187 16187 16187 16187
3171 8710 4776 10566 10501 8719 4776 10033 2326 817 16187 16187 6535 16187 16187 16187
3171 8710 4776 10566 5453 4994 3177 4776 2563 16187 926 16187 16187 16187 16187 16187
4776 10217 14776 10939 8719 1110 16187 16187 16187 16187 16187 16187 16187 16187 16187 16187
4776 10217 14776 10939 8719 1110 16187 8185 16187 16187 8719 8719 9594 16187 16187 16187
4776 10217 14776 10939 8719 1110 16187 8185 16187 16187 8719 4776 2563 16187 8719 4776
6381 2858 14824 8268 12716 8268 4776 926 2326 656 830 4776 10583 16187 16187 16187
9036 3171 2563 16187 12495 12495 16187 12495 6280 7001 789 2552 16187 16187 16187 16187
7740 926 6826 3177 4776 14274 8710 6259 926 16187 1919 6259 926 16187 16187 16187
8712 4298 4776 1383 8719 8712 5867 12019 8268 216 8268 14237 10567 16187 16187 16187
3842 1957 14180 1737 16187 16187 14397 9382 926 16187 16187 16187 385 16187 16187 4487
8712 4298 4776 1383 8719 8712 5867 12019 8268 216 8268 14237 10567 16187 9817 8719
926 3847 9754 15956 3171 2563 8710 2326 3335 13348 16187 16187 16187 16187 16187 16187
926 2710 13348 16187 13348 16187 3257 16187 11889 9139 16187 9084 16187 6535 10887 16187
926 3847 9754 15956 3171 2563 8710 2326 3335 13348 16187 16187 15096 16187 16187 14395
1955 13474 8592 7410 8268 3171 954 2543 4776 11859 830 1885 1419 10638 16187 16187
1955 4325 7001 2903 16187 2598 5711 16187 9591 3177 8712 16187 8270 16187 16187 16187
1955 13474 8592 7410 8268 3171 954 2543 4776 11859 830 1885 1419 10638 16187 2148
13089 3847 13474 12097 8268 1889 2598 16187 16187 16187 16187 16187 16187 16187 16187 16187
13089 3847 13474 12097 8268 1889 2598 16187 16187 2588 16187 950 16187 16187 16187 16187
13089 3847 13474 9605 1885 12233 1885 6070 926 16187 16187 1885 16187 16187 16187 16187
14069 5867 14691 8719 3171 10033 12233 2326 7568 6011 16187 16187 16187 16187 16187 16187
14069 5867 14691 8719 3171 10033 12233 2326 7568 6011 16187 10503 16187 16187 9431 16187
14069 5867 9591 14080 8719 3171 4302 12233 1842 2754 830 6259 926 16187 16187 16187
12273 3811 2135 14734 14596 8719 4776 1462 13811 16187 16187 16187 16187 16187 16187 16187
12273 7883 8710 12273 7883 16187 9859 16187 5807 3177 8353 8719 926 8719 4776 16187
12273 3811 2135 14734 14596 8719 4776 1462 13811 16187 16187 926 16187 16187 926 16187
7634 926 12260 11553 12766 2606 13089 7926 14762 8712 16187 16187 16187 16187 16187 16187
13937 14069 8268 1543 8069 926 13348 16187 13348 16187 16187 16187 16187 16187 16187 16187
929 8268 3203 926 2858 926 1919 14734 8269 12233 9311 1919 11251 11953 926 16187
3171 4931 4776 10033 297 3177 6259 3011 14237 9758 11198 11215 926 926 16187 16187
3171 4931 4776 5568 10033 15649 7740 8781 16187 8719 8719 4776 2563 16187 16187 16187
3171 4931 4776 10033 297 3177 6259 3011 14237 9758 11198 11215 926 926 16187 16187
6070 10355 13348 16187 16187 16187 16187 16187 16187 16187 16187 16187 16187 16187 16187 16187
6070 10355 13348 16187 3257 16187 6999 5867 10050 1919 926 16187 16187 16187 16187 16187
6070 10355 13348 16187 10983 16187 15231 12008 1919 6259 926 1919 926 16187 16187 16187
11834 6259 15174 10834 8719 4776 15043 10983 16187 16187 16187 16187 16187 16187 16187 16187
4267 3177 4776 8697 4537 4931 4404 16187 16187 16187 16187 16187 983 16187 16187 16187
11834 6259 15174 10834 8719 4776 15043 10983 16187 3098 2122 14237 14596 16187 2296 16187
926 11878 12233 2327 9222 6259 5820 2563 15408 3177 10711 3171 1552 15095 16187 16187
926 11878 12233 2327 9222 6259 5820 2563 15408 3177 10711 3171 1552 15095 16187 16187
926 12010 2904 1955 6259 10894 2148 3177 6259 926 16187 7740 12020 7740 12020 16187
14237 926 926 926 830 4776 9431 983 7658 8330 5867 7310 584 16187 16187 16187
14237 926 926 8268 1042 5937 8057 14029 14237 12721 2148 926 16187 16187 16187 16187
14237 926 926 926 830 4776 9431 983 7658 8330 5867 7310 584 16187 16187 16187
9431 5095 13084 7740 1951 4277 1515 16187 16187 16187 16187 16187 16187 16187 16187 16187
9036 3171 2563 16187 12495 12495 16187 12495 15096 16187 5332 16187 5388 6011 16187 16187
9431 3748 8268 4776 7140 8710 3098 16187 16187 14237 4776 10418 16187 6535 10355 16187
8712 5867 10285 8268 11789 14380 16187 16187 16187 16187 16187 16187 16187 16187 16187 16187
8712 5867 10285 8268 11789 14380 16187 10399 12233 9605 12958 16187 16187 16187 16187 16187
8712 5867 1098 16187 14237 5568 5463 5867 2148 2519 16187 16187 16187 2148 11889 16187
7740 4931 223 14029 7661 8142 16187 16187 16187 16187 16187 16187 16187 16187 16187 16187
7740 4931 223 14029 7661 8142 16187 16187 13089 7740 1951 16187 16187 16187 16187 16187
7740 4931 2758 2837 4776 2616 12576 16187 1229 6070 16187 926 16187 16187 926 16187
8719 5463 1378 7926 4931 6259 132 1389 16187 16187 16187 16187 16187 16187 16187 16187
8719 5463 1378 9424 8268 4776 132 4931 14180 15956 16187 16187 16187 16187 16187 16187
8719 5463 1378 7926 4931 6259 132 1389 16187 11839 8268 1229 7740 12431 8712 16187
15597 2400 8268 15597 6289 8268 8710 8423 4303 8798 10434 12233 2552 4634 16187 16187
3842 11889 4776 12012 12008 926 7740 8069 8710 6297 16041 926 830 16187 16187 16187
4325 14776 11643 8719 15597 6499 8268 14237 926 7520 926 830 564 950 5863 16187
15597 10400 3177 1090 3744 8710 9576 1872 16187 16187 16187 16187 16187 16187 16187 16187
13084 15040 8268 13084 3356 12743 8268 5568 6259 11901 653 5867 4707 16187 9723 926
15597 10400 3177 1090 3744 8710 9576 1872 16187 512 14734 1378 16187 16187 16187 16187
8124 16187 16187 16187 16187 16187 16187 16187 16187 16187 16187 16187 16187 16187 16187 16187
13084 6472 1502 926 2598 16187 926 926 12233 6276 4776 926 16187 16187 16187 16187
8124 16187 2097 3177 15433 14237 6535 630 6259 926 830 6259 12444 16187 16187 16187
15202 10036 8268 7345 13944 15525 1954 8172 2563 10686 1919 1738 5837 16187 16187 16187
4267 10033 3177 14180 926 16187 9653 9277 11553 6259 926 16187 16187 16187 16187 16187
7742 10471 8268 1774 16187 12431 926 4776 9577 16187 7336 926 16187 16187 16187 16187
7661 13141 265 8719 3917 1919 15597 10638 8268 14237 4776 5121 12738 14180 3951 16187
3842 11889 4776 12012 13348 16187 7740 9884 1919 6259 926 5711 16187 16187 16187 816
7661 13141 265 8719 3917 1919 15597 10638 8268 14237 4776 5121 12738 14180 6535 630
8712 3418 926 926 8268 2486 11704 8268 7748 13741 14237 926 214 926 16187 16187
3842 11889 8712 5867 2023 6011 8913 12233 13931 6011 16187 16187 16187 6011 16187 16187
8712 3418 926 926 8268 2486 11704 8268 7748 13741 14237 926 214 926 16187 16187
4776 2777 14237 2803 12899 14029 7938 14776 14760 4296 15408 3177 2689 8312 926 16187
3842 11889 4776 12012 12008 926 7740 8069 2148 4931 5463 16187 16187 16187 2830 16187
4776 12835 3081 2837 11439 1706 5867 926 14776 926 14237 3177 9450 6985 16187 7076
926 8710 2945 6259 630 8270 15387 8719 3171 1378 512 8719 11562 16187 16187 16187
3842 11889 8712 5867 2023 6011 8913 12233 13931 6011 16187 6011 16187 16187 10983 16187
926 8710 2945 6259 630 8270 15387 8719 3171 1378 512 8719 11562 16187 7612 8456
5297 8268 3171 8710 2997 9591 8268 9563 830 2563 15820 16187 16187 16187 16187 16187
9036 3171 2563 16187 12495 12495 16187 12495 6280 7001 789 2552 16187 1919 16187 14029
5297 8268 3171 8710 2997 9591 8268 9563 830 2563 15820 16187 16187 16187 9534 16187
2263 12835 14776 10107 8268 14237 2308 14180 1778 2904 4325 9277 8069 2823 2904 16187
4267 12233 11553 926 5406 6188 2837 4325 16187 16187 4404 16187 3364 16187 16187 16187
2263 11889 15715 5937 7981 14029 7829 3059 16187 926 16187 926 16187 13348 16187 16187
4776 9424 8710 14069 14776 1486 3177 9222 5713 229 3177 10509 8185 4189 16187 16187
4776 9424 8710 14069 14776 1486 3177 9222 5713 229 3177 10509 8185 4189 16187 16187
4776 9424 8710 13474 13942 12495 12890 14237 4927 12233 926 16187 16187 16187 16187 16187
5359 8268 926 8268 816 16187 16187 16187 16187 16187 16187 16187 16187 16187 16187 16187
5359 8268 926 8268 816 16187 16187 2563 16187 16187 16187 14237 11889 16187 16187 16187
4311 703 8368 16041 1348 16187 926 8712 5867 6259 9780 16187 16187 16187 16187 16187
8712 8710 6259 3257 1955 6259 14038 1093 2563 16187 16187 16187 16187 16187 16187 16187
3842 91 16187 2689 16187 15389 13129 1378 5463 10067 15525 16187 16187 16187 2563 16187
8712 8710 6259 3257 1955 6259 14038 1093 2563 16187 13436 16187 926 1919 4776 16187
203 3364 9743 2090 5329 2823 7336 4750 14237 14219 512 12758 2598 16187 16187 16187
203 9084 4776 2400 1919 14734 14164 5743 2598 16187 2598 16187 2598 16187 16187 2598
203 9084 4776 2400 1919 14734 14164 5743 2598 16187 2598 16187 2598 16187 2598 16187
3364 4325 11553 10827 13592 2148 983 3908 14691 8719 4776 4440 2598 16187 16187 16187
4325 9084 9754 8152 3171 4776 1781 2974 830 14691 16187 16187 16187 16187 2097 176
12008 5713 14776 6680 16187 5329 14180 4776 14596 8710 2326 16105 16187 16187 10077 12233
14776 4776 10217 4776 9790 443 2598 16187 16187 16187 16187 16187 16187 16187 16187 16187
4267 12233 11553 926 5406 6188 2837 4325 16187 16187 4404 1919 16187 3364 3364 16187
14776 4776 6 8719 926 8268 926 2823 15827 1110 926 16187 10056 926 16187 926
4931 7740 3554 12233 2598 16187 16187 16187 16187 16187 16187 16187 16187 16187 16187 16187
4267 12233 11553 926 5406 6724 2837 926 926 16187 16187 16187 1954 926 16187 16187
8719 12276 10442 16187 6259 1110 10033 8268 14180 12349 7740 14087 3364 11889 6259 15096
7740 3644 9754 1436 9591 11953 1138 4776 4369 5711 16187 16187 16187 16187 16187 16187
7740 3644 9754 8069 13317 15525 14272 9887 8712 4931 6169 1957 16187 16187 16187 16187
7740 3644 9754 9137 830 1885 3137 419 16187 16105 15715 3171 2563 16187 10953 16187
4776 2563 4931 1954 9756 11252 3177 6429 16187 16187 16187 16187 16187 16187 16187 16187
4776 2563 4931 1954 9756 11252 3177 6429 16187 13982 8268 2233 14237 9736 16187 2221
4776 2563 4931 3335 13348 16187 11530 6259 13348 16187 13348 16187 9431 16187 9431 2563
14344 13549 6259 5545 4303 9534 5463 3388 1885 8808 11889 6259 9581 16187 16187 16187
3842 11889 8712 5867 2023 6011 8913 12233 13931 6011 16187 16187 6011 16187 16187 16187
926 5867 13811 8710 10762 14237 1955 11846 3335 16187 16187 16187 4776 9431 1378 5580
2446 11196 8268 1116 9955 8710 14561 8719 1957 4776 12298 16187 16187 16187 16187 16187
2446 11196 8268 1116 9955 8710 14561 8719 1957 4776 12298 16187 16187 16187 16187 16187
2446 8383 1954 8213 2221 2837 10242 16146 512 926 926 16187 16187 16187 16187 16187
12990 8268 4776 13607 7377 14237 4776 1754 3177 4776 4302 1167 14776 12256 16187 16187
3842 11889 8712 5867 2023 6011 8913 12233 13931 6011 16187 16187 6011 16187 16187 16187
8719 4826 7926 14827 13852 15658 8710 14834 14237 10355 14237 7934 8719 10710 2525 16187
2326 2598 16187 16187 16187 16187 16187 16187 16187 16187 16187 16187 16187 16187 16187 16187
2326 2598 16187 16187 9084 16187 816 8719 4776 2563 16187 6535 630 2148 16187 16187
2326 2598 16187 16187 11367 926 10250 926 2858 4776 926 16187 16187 926 926 16187
7542 8268 3171 8710 6259 6070 2689 10033 14237 8710 6070 10355 16187 16187 16187 16187
7542 8268 3171 8710 6259 6070 2689 10033 14237 8710 6070 10355 16187 16187 16187 12757
7542 8268 3171 8710 6259 8124 10033 16187 7740 926 16187 13348 16187 13348 16187 2712
8712 13942 5463 926 14237 13192 11553 6188 8712 12495 14221 16187 16187 16187 16187 16187
3842 11889 8712 5867 2023 6011 8913 12233 13931 6011 16187 16187 16187 13348 16187 10983
8712 5046 13942 15090 3177 9070 5867 1378 3177 4776 926 16187 16187 16187 816 16187
1731 14237 926 7661 8197 8162 11947 6499 16187 16187 16187 16187 16187 16187 16187 16187
4267 10033 3177 4776 5365 2598 16187 16187 12515 16187 1954 4269 12233 4776 12287 16187
12256 8268 2193 14237 4142 7432 14112 16187 14180 4776 100 14776 926 16187 16187 16187
1957 4776 12122 3177 10387 13832 3171 8710 5329 203 4776 926 3543 2823 16187 16187
8719 13592 6350 8268 6259 1502 1207 16187 16187 16187 14125 16187 16187 16187 6683 11889
8719 12276 10442 16187 6259 1110 10033 8268 14180 10671 14776 16187 16187 16187 16187 16187
4776 5033 7740 2383 8710 10355 9591 12008 4776 14596 16187 16187 16187 16187 16187 16187
4776 9424 5463 12279 9070 5350 4931 4776 8521 16187 16187 7100 8719 2563 16187 16187
4776 4440 14029 4776 11172 926 14776 9332 14237 11842 2903 14272 8710 12495 13758 16187
926 8719 4776 926 476 8714 4931 4537 4404 926 14482 12115 926 5867 671 16187
3842 11889 4776 12012 11889 7740 11553 5372 1138 14029 1378 926 5711 16187 16187 926
926 8719 4776 926 476 8714 4931 4537 4404 926 14482 12115 926 5867 671 16187
8712 779 6259 15174 5562 15093 12576 16187 16187 16187 16187 16187 16187 16187 16187 16187
8712 779 4776 3138 2954 10967 6259 15848 16187 12013 16187 9737 2903 16187 16187 16187
8712 779 4776 3138 2954 3177 3211 8268 10978 8268 14237 471 16187 6259 926 16187
13570 8268 7740 4931 4776 5568 1378 8719 4776 5777 12233 4552 1229 16187 16187 16187
9036 3171 10033 8268 15978 983 8710 12495 7613 12233 3667 16187 1390 14029 16187 10501
7740 9429 13474 8710 2176 8268 7664 8268 14237 3335 16187 8268 12495 16187 16187 2552
14272 14635 3177 443 8069 10092 11889 5463 2598 16187 16187 16187 16187 16187 16187 16187
14272 14635 3177 443 8069 10092 11889 5463 2598 16187 14043 2598 16187 16187 816 16187
14272 14635 3177 443 8069 10092 11889 5463 2598 16187 16187 926 16187 2563 16187 16187
3543 6011 2552 8712 2598 16187 16187 16187 16187 16187 16187 16187 16187 16187 16187 16187
3543 7740 7001 14029 2598 2598 16187 2598 16187 16187 4537 2598 16187 16187 16187 11889
6011 15846 11728 16187 5948 8270 8719 16146 1486 16187 16187 16187 16187 16187 16187 16187
3171 8710 6259 4142 447 10033 13348 16187 16187 16187 16187 16187 16187 16187 16187 16187
3171 8710 6259 13250 2563 16187 5463 16187 926 16187 16187 16187 16187 16187 16187 5568
3171 8710 6259 4142 447 10033 13348 16187 643 16187 11075 926 16187 16187 16187 16187
5297 8268 3171 8710 6259 15174 8268 13259 2563 16187 16187 16187 16187 16187 16187 16187
9036 3171 2563 16187 12495 12495 12495 16187 16187 5332 3364 7001 15525 16187 9465 12495
5297 8268 3171 8710 2997 9591 8268 9563 830 4776 2222 5867 16187 9961 16187 16187
926 8268 14272 12359 16187 16187 16187 16187 16187 16187 16187 16187 16187 16187 16187 16187
926 8268 11632 13348 16187 2543 8719 4776 2563 16187 6535 16187 16187 12208 4776 7178
926 8268 14272 12359 16187 16187 4776 926 13348 16187 16187 9431 16187 6133 3609 16187
1378 9424 100 3461 1110 8719 13592 2024 9577 8710 12453 16187 16187 16187 16187 16187
4267 12233 11553 926 5406 6188 2837 4325 7001 16187 16187 4311 10036 16187 16187 16187
1378 9424 100 3461 1110 8719 13592 2024 9577 8710 12453 16187 5580 16187 16187 6070
3171 11921 12233 14745 15202 7926 8368 926 3994 1094 1919 14734 926 16187 16187 16187
3842 11889 8712 5867 2023 6011 8913 12233 13931 6011 16187 6011 16187 16187 7524 16187
3171 11921 12233 14745 15202 7926 8368 926 3994 1094 1919 14734 926 16187 9813 926
4776 10033 6253 12233 4552 15347 703 16187 16187 16187 16187 16187 16187 16187 16187 16187
4776 10033 6253 12233 4552 15347 703 16187 7336 15525 3177 2167 12491 16187 2563 16187
4776 10033 8242 4776 2263 8081 8268 4776 926 926 16187 926 16187 16187 16187 16187
6826 9277 1436 4776 14596 4931 3175 14237 405 16187 16187 16187 16187 16187 16187 16187
6826 9277 1436 4776 14596 4931 3175 14237 405 16187 188 6011 16187 16187 8712 16187
6826 9277 1436 4776 14596 4931 2326 6152 14237 926 8268 12008 8712 16187 14150 16187
14069 5867 4537 1229 630 7740 5208 1453 8268 7740 2383 16187 16187 16187 16187 16187
14069 5867 4537 1229 630 7740 5208 1453 8268 7740 2383 16187 487 1138 926 5711
14069 5867 4537 1229 630 7740 5208 2552 4776 4152 16187 16187 16187 1229 5297 5463
926 2446 6601 16176 2903 14069 1955 1378 3177 10288 5867 12850 1265 16187 16187 16187
3842 1919 8712 16187 16187 5804 8268 14069 5867 6259 15819 13178 16187 14180 926 16187
926 2446 6601 16176 2903 14069 1955 1378 3177 10288 5867 12850 1265 16187 8084 16187
2263 5329 5463 10355 12349 14180 16187 16187 16187 16187 16187 16187 16187 16187 16187 16187
2263 5329 5463 10355 12349 14180 16187 16187 2563 16187 8719 8456 16187 1583 16187 8242
2263 4949 16187 820 15658 5208 926 4776 7345 8268 7970 16187 16187 16187 16187 16187
4311 10036 8712 5867 1954 4201 10033 14237 5329 3554 12233 2823 6259 3460 16187 16187
4311 10036 8712 5867 1954 4201 10033 14237 5329 3554 12233 2823 6259 3460 16187 16187
4311 10036 8712 5867 1954 4201 10033 14237 5329 3554 12233 2823 6259 3460 16187 16187
14030 8268 1229 630 830 4776 3527 6697 12233 3171 2563 16187 16187 16187 16187 16187
14030 8268 1229 4776 14217 3644 9754 13175 16187 16187 16187 4537 16187 1885 954 16187
14043 8710 14180 15956 3171 8710 6259 2122 9618 14251 16187 13592 2148 16187 16187 5208
7740 9084 9754 10603 4776 7310 284 1955 8569 1955 10566 820 11553 926 16187 16187
7740 9084 9754 10603 4776 7310 284 1955 8569 1955 10566 820 11553 926 16187 16187
7740 11530 4776 2400 5629 15103 11860 5867 8808 14237 926 3711 5867 16187 16187 9332
8712 4931 2945 6259 10770 12650 16187 16187 16187 16187 16187 16187 16187 16187 16187 16187
8712 4931 6056 16187 16187 8506 14237 926 10967 4776 2148 5328 16187 8185 16187 16187
8712 4931 2945 6259 10770 12650 16187 14237 4776 2563 16187 6535 16187 16187 16187 16187
8712 3847 8467 12233 9745 8270 13089 4325 2451 6585 12233 4776 14954 16187 16187 16187
3842 11889 8712 5867 2023 6011 8913 12233 13931 6011 16187 16187 16187 13348 16187 10983
8712 3847 8467 12233 9745 8270 13089 4325 2451 6585 12233 4776 14954 16187 16187 16187
1138 7740 4931 4487 8268 137 7740 9360 4776 11998 14476 14029 12625 5711 16187 16187
1138 7740 973 5329 2984 5463 9424 8719 12276 10397 5711 16187 16187 16187 3177 4776
1138 7740 973 14364 7740 1442 5463 5711 16187 6297 6259 15819 9450 6689 16187 16187
8726 15715 3171 3847 9754 4320 5937 5217 8268 6011 12260 11553 13084 5217 16187 16187
9036 3171 2563 16187 12495 12495 16187 12495 6280 7001 789 2552 16187 1919 16187 14029
8726 6011 6635 4776 15595 8268 6011 15846 5329 2823 9872 16187 16187 8719 3171 1378
630 3177 4776 926 5033 8710 6724 1019 10355 13348 16187 16187 16187 16187 16187 16187
4267 12233 11553 926 5406 7740 1951 5329 1954 926 1919 5713 926 16187 1208 16187
2552 564 8719 9577 8268 6259 9816 10967 2353 8557 2385 16187 6285 830 3171 16187
2977 926 8069 12431 6259 9450 6215 14561 8719 16187 16187 16187 16187 16187 16187 16187
4267 926 4776 15064 3177 1390 16187 16187 5332 9332 16187 16187 14125 16187 816 16187
7740 926 4776 14112 14029 12276 16146 16187 10887 926 13348 16187 13348 16187 12650 4776
13084 11301 2468 8268 8890 1175 3575 16187 16187 16187 16187 16187 16187 16187 16187 16187
13084 6472 1502 926 2598 16187 7926 771 926 2598 16187 16187 16187 16187 16187 16187
3098 6006 16187 5948 16187 14265 8268 14237 8712 5867 13701 16187 16187 16187 16187 16187
8258 7740 1959 4776 10033 8268 7740 12773 15389 1098 8268 3335 8268 14237 12606 16187
9036 3171 2563 16187 12495 12495 16187 12495 8268 12008 14272 3847 16187 8846 16187 16187
7740 11530 926 926 1019 926 10303 6173 1955 4776 4125 14029 4776 13868 16187 16187
2053 9662 4539 3994 13404 4473 8200 1955 7742 1955 4963 3766 8719 4776 7494 16187
4267 10033 3177 4776 5365 2598 16187 16187 12515 6259 3177 1954 10211 16187 16187 11889
8719 10025 4776 2946 14776 8213 16187 643 1919 4776 14596 3177 4776 12835 16187 16187
8712 5867 12117 16187 16187 16187 16187 16187 16187 16187 16187 16187 16187 16187 16187 16187
8712 5867 12117 16187 10983 14237 926 13701 16187 16187 9442 14237 4776 15594 16187 16187
8712 5867 12117 16187 6071 8268 14237 2148 12690 14237 8710 4776 12835 6683 830 6259
926 6259 4320 13348 16187 16187 16187 16187 16187 16187 16187 16187 16187 16187 16187 16187
926 6259 4320 13348 16187 16187 16187 6259 7970 16187 16187 16187 2627 1957 1243 2968
926 6259 3098 9534 13348 13348 16187 5288 16187 15202 16187 14069 16187 11779 16187 16187
1138 4776 926 5711 3927 12362 14237 779 6826 13181 4440 8719 4776 10983 16187 16187
1138 4776 9349 5867 13429 8710 5711 14029 4776 10501 926 16187 16187 16187 16187 16187
1138 4776 926 5711 14237 13386 926 14776 8213 16187 16187 16187 13348 16187 16187 12349
2446 6683 830 6259 11943 2067 954 10967 926 926 16187 16187 16187 16187 16187 16187
3842 1957 14180 1737 16187 16187 14397 9382 926 16187 16187 14734 10418 16187 3409 16187
2446 6683 830 6259 11943 2067 954 10967 926 926 16187 16187 16187 8719 4776 10033
3257 8719 926 16187 16187 16187 16187 16187 16187 16187 16187 16187 16187 16187 16187 16187
4267 10033 3177 4776 5365 2598 16187 16187 12515 16187 1954 10211 16187 16187 11889 16187
926 1378 6988 6585 14808 16187 9817 8719 6254 16187 10272 6259 7937 3177 6259 10033
1453 5937 2752 16187 16187 16187 16187 16187 16187 16187 16187 16187 16187 16187 16187 16187
14031 13084 16187 5329 12208 6011 12233 6683 1957 8712 16187 2148 16187 16187 16187 16187
9331 6011 16187 4895 830 9743 9706 5463 16187 8710 4776 2263 630 16187 16187 16187
1229 8712 5867 2444 10478 16187 16187 16187 16187 16187 16187 16187 16187 16187 16187 16187
1229 8712 5867 2444 10478 16187 8569 16187 4537 926 16187 16187 16187 11889 1954 2002
1229 8712 5867 2444 10478 16187 2326 926 16187 11889 16187 16187 16187 1954 7970 16187
91 13216 4552 9754 12650 3171 2563 16187 16187 16187 16187 16187 16187 16187 16187 16187
91 13216 4552 9754 12650 3171 2563 16187 983 16187 9429 3177 1110 16187 16187 16187
91 13216 6070 15174 16187 731 8719 15649 12233 8712 16187 385 16187 16187 16187 2148
2446 7740 4552 1110 4776 9450 5202 13474 1019 14043 7926 6173 8710 9313 13348 16187
4267 12233 11553 926 5406 7740 926 6011 2598 16187 929 926 14029 4776 10497 10967
7740 2446 6635 4776 4924 4440 16187 8376 16187 926 14237 926 16187 16187 16187 14855
6259 8503 2563 16187 16187 16187 16187 16187 16187 16187 16187 16187 16187 16187 16187 16187
6259 8503 2563 16187 3364 9605 13634 16187 7742 12008 7742 16187 165 12233 4776 15416
6259 5580 15010 8974 16187 9290 1919 5713 6215 16187 926 14237 926 926 16187 16187
4776 2563 779 7807 4776 10567 4776 9431 1378 771 14237 7100 14029 2122 16187 16187
3842 11889 8712 5867 2023 6011 8913 12233 13931 6011 16187 16187 6011 16187 16187 16187
4776 2563 7307 6259 7741 3177 9780 132 16187 16187 10217 6071 16187 16187 2122 6071
926 11262 13474 926 1919 926 16187 16187 16187 16187 16187 16187 16187 16187 16187 16187
926 3011 1019 926 926 9665 6173 16187 1110 13089 1747 8733 14745 830 3171 16187
926 11262 13474 926 1919 926 16187 16187 16187 16187 16187 16187 14734 954 1955 13474
7740 11553 6259 9424 1919 3171 10033 16187 16187 16187 16187 16187 16187 16187 16187 16187
7740 11553 6259 9424 1919 3171 10033 16187 1955 6259 14397 10197 9887 2326 3847 16187
7740 11553 6259 13477 11953 9828 16187 16187 1110 8719 3171 16187 16187 1110 16187 16187
8712 3847 9754 9745 11889 926 12008 7740 1951 13084 10667 16187 16187 16187 16187 16187
3842 11889 8712 5867 2023 6011 8913 12233 13931 6011 16187 16187 16187 16187 16187 16187
8712 15881 6363 3418 10967 9070 16187 15978 8712 5867 6259 11026 16187 4776 2285 2563
6640 8712 6179 137 8712 15881 10324 5937 12883 2384 16187 16187 16187 16187 16187 16187
6640 8712 6179 137 8712 15881 10324 5937 12883 2384 16187 16187 16187 16187 16187 16187
2599 8712 2823 6070 6500 5463 3171 8710 6259 1138 5711 16187 2326 16187 6683 1957
12008 7708 703 14776 926 16187 16187 16187 16187 16187 16187 16187 16187 16187 16187 16187
12008 12524 8268 15662 5329 16187 4325 9084 16187 16187 2598 16187 16187 16187 16187 16187
12008 7708 703 14776 926 16187 2860 16187 830 9070 16187 16187 16187 16187 16187 16187
203 144 8710 3171 3403 2598 16187 16187 16187 16187 16187 16187 16187 16187 16187 16187
203 144 8710 3171 3403 2598 16187 14180 14734 16146 16187 9084 16187 16187 926 16187
203 144 8710 3171 3403 2598 16187 14734 10418 16187 16187 16187 16187 16187 16187 16187
5332 3171 8710 4776 13997 11274 6011 5208 8197 6259 9577 16187 16187 16187 16187 16187
1229 13084 16187 9831 16187 6011 15956 4776 14596 4931 2148 16187 512 6011 16187 14426
1229 10663 14237 2097 3177 15433 14237 3553 16187 15392 16187 16187 1378 3177 6378 16187
3171 2563 3847 5329 14186 2122 8719 8712 5867 16153 9890 16187 16187 16187 16187 16187
3171 2563 3847 9754 15382 4776 5293 926 16187 14043 1957 8712 16187 14221 16187 16187
3171 2563 3847 4776 564 3177 8712 16187 5388 16187 16187 16187 2148 16187 16187 16187
7740 1951 2296 4512 5994 13089 7740 12650 3171 16187 16187 16187 16187 16187 16187 16187
7740 1951 5297 5329 13616 16187 16187 9084 203 11169 8712 15525 830 3171 16187 16187
7740 1951 2296 4512 5994 13089 7740 12650 3171 16187 16187 7740 9429 830 16187 16187
342 154 684 4776 10501 6070 7742 16187 16187 16187 16187 16187 16187 16187 16187 16187
4267 12233 11553 926 5406 6724 2837 926 926 16187 16187 16187 1954 926 5711 16187
15597 2077 5208 5329 12945 4312 16187 15597 14465 1919 14745 16187 16187 16187 16187 1919
926 926 2598 16187 16187 16187 16187 16187 16187 16187 16187 16187 16187 16187 16187 16187
926 926 2598 16187 926 3372 14237 1955 926 926 14237 8710 926 16187 926 16187
926 926 2598 16187 16187 3283 14237 13549 4776 926 16187 16187 4707 3177 4776 926
13474 15857 5137 5329 5568 10841 12008 2446 6259 10894 6732 16187 16187 16187 16187 16187
13474 15857 5137 5329 630 4537 1955 926 16187 1644 12233 16187 16187 16187 16187 12767
13474 15857 5137 5329 5568 10841 12008 2446 6259 10894 6732 16187 13216 16187 830 6259
7740 12260 1944 5463 4776 2563 9277 6683 926 8268 12008 8712 5867 5329 16187 16187
9036 3171 2563 16187 12495 12495 16187 12495 6280 7001 1919 16187 16187 15096 16187 16187
7740 12260 15890 14108 1919 5463 10488 16187 14043 2326 16187 4409 3171 2563 4931 8719
7740 12431 3171 8124 10033 830 12276 15572 1019 7401 1390 4891 2968 13348 16187 16187
7740 8309 12233 3192 12135 8719 4776 10344 674 5867 14237 4881 8719 926 16187 16187
7740 12431 3171 8124 10033 830 12276 15572 1019 7401 1390 4891 2968 13348 16187 926
4624 8093 9605 1954 926 6683 1957 1157 16187 16187 16187 16187 16187 16187 16187 16187
4624 8093 9605 1954 926 6683 1957 1157 16187 12349 4776 926 16187 16187 16187 2296
4624 6361 9594 926 1919 9734 15720 16187 9288 16187 16187 16187 16187 16187 16187 16187
7740 2326 3553 7926 16138 8733 2148 8185 8719 4776 8693 1419 16187 16187 16187 16187
9036 3171 2563 16187 12495 12495 16187 12495 15096 16187 5332 16187 8588 8438 16187 817
7740 2326 3553 7926 16138 8733 2148 8185 8719 4776 8693 1419 16187 926 16187 16187
6173 16187 16187 16187 16187 16187 16187 16187 16187 16187 16187 16187 16187 16187 16187 16187
6173 16187 6535 630 16187 16187 830 4776 10887 1583 16187 16187 16187 16187 16187 5867
6173 16187 16187 5822 16187 3177 1954 983 16187 12349 4776 16146 16187 16187 16187 16187
7740 11530 12127 9840 3177 3171 2563 16187 16187 16187 16187 16187 16187 16187 16187 16187
7740 973 8017 8268 7740 926 2786 12364 7740 7448 4776 14109 16187 16187 16187 16187
7740 11530 12127 9840 3177 3171 2563 16187 8268 7740 9429 16187 16187 926 16187 16187
7740 4552 5329 11889 4776 3504 3177 4776 2588 9405 8268 8712 8710 2326 3736 16187
7740 4552 5329 11889 4776 3504 3177 4776 2588 9405 8268 8712 8710 2326 3736 16187
7740 11530 926 9577 14237 8268 7742 8268 4776 4720 4931 14734 10418 6021 16187 16187
10429 830 4776 926 14237 2353 8268 14237 12422 5870 4776 12894 8269 16187 16187 16187
4267 12233 11553 926 5406 6724 2837 926 926 16187 16187 16187 8268 7740 2383 16187
6259 11143 14237 13134 10164 12233 11457 388 16187 16187 16187 16187 16187 16187 16187 16187
926 8710 6259 9758 7653 8268 14237 4426 15731 1919 14734 10516 5459 926 16187 16187
926 8710 6259 9758 2051 16187 3112 4776 2563 16187 16187 16187 16187 16187 16187 13348
926 8710 6259 13783 7937 8268 2543 8719 926 14237 926 16187 16187 16187 16187 16187
4776 7140 8710 5695 12495 16187 16187 16187 16187 16187 16187 16187 16187 16187 16187 16187
4776 4267 8084 16187 11553 771 1954 10915 926 1919 4776 467 16187 16187 926 16187
4776 7140 8710 5695 12495 16187 14237 13474 5867 2446 2823 16187 16187 6070 16187 16187
6011 5208 926 4776 9203 8268 12008 6011 11031 5297 9107 926 16187 16187 16187 16187
4325 11553 12766 7797 7323 9743 308 771 13084 7121 16187 3171 16187 2326 16187 16187
6011 5208 926 4776 9203 8268 12008 6011 11031 5297 9107 926 16187 3137 13879 16187
12008 830 1885 15096 926 11913 8268 13474 5867 6259 12561 926 8808 16187 16187 16187
12008 830 1885 15096 926 11913 8268 13474 5867 6259 12561 926 8808 16187 16187 16187
12008 830 1885 15096 926 11913 8268 13474 5867 6259 12561 926 8808 16187 16187 16187
4776 9666 8710 9754 4437 91 8268 14237 8710 8466 1955 7931 14237 8843 16187 16187
4776 9666 8710 9754 4437 91 8268 14237 8710 8466 1955 7931 14237 8843 16187 1378
4776 11646 4931 9332 14237 4776 12364 4931 10355 16187 16187 16187 16187 2588 16187 16187
8069 4776 13110 4440 9498 10401 14237 6070 12606 16187 16187 16187 16187 16187 16187 16187
8069 4776 8503 3543 11553 12766 258 830 6826 5580 6384 4189 13348 16187 16187 16187
8069 4776 13110 4440 9498 10401 14237 6070 12606 16187 16187 16187 3177 14112 16187 16187
14734 2588 13429 8710 5952 16187 16187 16187 16187 16187 16187 16187 16187 16187 16187 16187
1378 10293 7347 4609 10967 3171 13348 16187 13348 16187 12351 16187 9431 16187 3177 16187
14734 2588 13429 8710 5952 16187 7367 926 926 16187 16187 16187 11162 16187 16187 16187
12990 8268 7740 13616 6635 4776 6070 1781 8521 14272 6259 14148 16187 16187 16187 16187
4267 10033 3177 14180 926 16187 11553 12467 16187 8466 16187 16187 16187 16187 14029 4776
2446 7740 2308 4776 14596 13907 4776 15939 16187 16187 926 10036 16187 16187 16187 16187
7740 4552 9754 9605 15662 4776 1776 926 9084 9754 4537 7925 926 12576 16187 16187
7740 4552 9754 9605 15662 4776 1776 926 9084 9754 4537 7925 926 12576 16187 5923
7740 11530 926 926 1019 926 10303 6173 1955 4776 4125 14029 4776 13868 16187 16187
5695 10033 16187 16187 16187 16187 16187 16187 16187 16187 16187 16187 16187 16187 16187 16187
10242 5627 16187 12232 9754 8313 13592 16146 9450 14043 4776 16146 16187 14180 16187 16187
5695 10033 16187 9442 10983 926 14237 8835 16187 643 8719 6259 5948 3177 9955 16187
2945 6259 2199 5810 12349 4776 6745 1133 16187 16187 16187 16187 16187 16187 16187 16187
4267 12233 11553 926 5406 6724 2837 926 926 16187 16187 16187 7740 2383 16187 6297
2945 6259 2199 5810 12349 4776 6745 1133 16187 16187 1919 926 5867 14596 16187 16187
7740 11553 8093 8466 926 4647 8719 6259 2563 5463 7740 9084 5329 11889 16187 16187
9036 3171 2563 16187 12495 12495 16187 12495 6280 7001 1919 16187 15096 16187 983 16187
7740 11553 8093 8466 926 4647 8719 6259 2563 5463 7740 9084 5329 11889 16187 16187
4776 10418 4931 10355 8268 4776 12835 13074 8268 14237 4776 2894 4931 9332 16187 16187
4776 10418 4931 6591 16187 12008 14734 9465 12233 1436 16187 16187 926 926 16187 926
4776 10418 4931 10355 8268 4776 12835 13074 8268 14237 4776 2894 4931 9332 16187 16187
5463 5867 2326 14272 16105 9070 1110 3171 2563 16187 16187 16187 16187 16187 16187 16187
5463 5867 15978 1138 15790 5711 8710 9754 4537 6259 2563 16187 16187 16187 16187 16187
5463 5867 8712 16187 1110 8268 6011 11553 12233 11889 4776 926 16187 16187 16187 16187
14031 8268 6683 8268 14069 5867 1991 926 13348 16187 16187 16187 16187 16187 16187 16187
14031 8268 6683 8268 14069 5867 1991 926 13348 16187 16187 16187 830 14734 1955 3098
14031 8268 14237 2359 1603 926 8710 4537 4868 16187 16187 16187 11889 9450 14251 16187
7740 4552 9754 15956 16187 16187 16187 16187 16187 16187 16187 16187 16187 16187 16187 16187
7740 4552 9754 15956 16187 16041 10324 14237 1390 2103 16187 16187 4032 15715 16187 16187
7740 11530 8712 13348 16187 1390 16187 1390 16187 1957 16187 14221 1919 4776 10583 16187
12127 13879 4325 7001 4069 12233 15499 1919 9780 680 3177 4776 12625 8145 16187 16187
4267 12233 11553 926 5406 6188 2837 4325 7001 16187 16187 4311 10036 16187 16187 16187
12127 5200 8719 3171 9577 4931 6259 8948 16187 12349 1885 9431 16187 6511 8719 1954
9743 15 830 604 11553 12766 2849 16187 16187 16187 16187 16187 16187 16187 16187 16187
9743 15 830 604 11553 12766 2849 16187 8719 6259 3504 16187 16187 16187 16187 16187
9743 12052 926 16187 779 1378 684 10918 1955 1919 1378 16187 16187 16187 16187 16187
7740 12232 11553 6635 12233 10603 15525 16108 8810 15621 8719 15302 4776 11377 643 16187
7740 12232 9754 8152 3171 2563 6259 9850 8268 6737 16187 16187 16187 16187 16187 7970
7740 12232 11553 6635 12233 10603 15525 16108 8810 15621 8719 15302 4776 11377 643 16187
5329 8569 8268 12008 5329 5463 10355 9890 16187 16187 16187 16187 16187 16187 16187 16187
5329 8569 8268 12008 5329 5463 10355 9890 16187 10094 16187 6546 14043 2148 16187 8521
5329 1597 1133 11553 10471 5463 12233 9070 14237 3171 8710 1378 3177 4776 15335 16187
1957 14589 8268 5329 6713 16187 16187 16187 16187 16187 16187 16187 16187 16187 16187 16187
1957 14589 8268 5329 6713 16187 9084 16187 16187 16041 8712 16187 16187 16187 16187 16187
1957 14589 8268 9331 4776 12638 8268 14069 14776 9813 9643 8521 16187 16187 16187 6535
3171 4302 779 2446 12766 15696 8719 2263 926 14237 12353 4571 1019 926 6173 16187
3842 11889 4776 12012 12008 926 7740 8069 771 6826 926 16187 16187 16187 13348 16187
3171 2563 8710 12256 16187 9925 6006 2176 16187 9925 9643 12291 16187 8455 926 16187
14237 14734 1110 13135 1919 4776 7339 8710 3335 16187 16187 16187 16187 16187 16187 16187
3842 11889 4776 12012 12008 926 7740 8069 8710 5463 1919 16187 16187 16187 91 16187
14237 14734 1110 13135 1919 4776 7339 8710 3335 16187 1955 926 16187 16187 16187 16187
4776 14599 8710 14029 4776 2601 10355 8268 9790 1919 4776 10418 16187 16187 16187 16187
4776 14599 8710 14029 4776 2601 10355 8268 9790 1919 4776 10418 16187 16187 16187 16187
4776 14599 8710 10267 14237 13193 14237 243 703 14937 16187 6683 1957 6259 14397 6070
6655 10355 10418 16187 16187 16187 16187 16187 16187 16187 16187 16187 16187 16187 16187 16187
4267 12233 11553 926 5406 6724 2837 926 926 16187 16187 16187 7740 16187 16187 16187
10566 3177 4776 2002 12835 14776 10918 16187 14043 4776 926 16187 16187 926 16187 926
10399 12233 8158 8268 12008 10770 12233 9640 11953 16187 16187 16187 16187 16187 16187 16187
4267 12233 11553 926 5406 7740 926 6011 2598 16187 929 926 16187 9813 16041 3748
2552 8712 1919 13852 6011 1110 16187 8185 16187 14043 14734 926 16187 16187 16187 16187
14237 3171 2037 8710 4776 4979 2970 830 14745 16187 16187 16187 16187 16187 16187 16187
14237 3171 2037 8710 4776 4979 2970 830 14745 16187 16187 8353 16187 16187 8353 16187
14237 3171 8710 4776 564 6071 10033 8084 2552 16187 8676 16187 16187 16187 16187 16187
10763 926 13616 7069 6259 15966 14029 3171 1378 16187 16187 16187 16187 16187 16187 16187
4267 12233 11553 926 5406 6724 2837 926 926 16187 16187 16187 1954 926 16187 16187
6259 14193 14029 10033 16187 926 8268 14237 13474 4931 8270 16187 16187 16187 16187 16187
2429 4776 308 8470 15520 6215 16187 16187 16187 16187 16187 16187 16187 16187 16187 16187
4267 12233 11553 926 5406 6724 2837 926 926 16187 16187 16187 1954 926 16187 16187
12276 926 8710 3803 16187 3177 1110 1919 926 16187 16187 16187 8268 8719 643 16187
1957 14589 7926 3543 11553 8466 5979 3701 2016 13348 16187 16187 16187 16187 16187 16187
1957 14589 7926 3543 11553 8466 5979 3701 2016 13348 16187 13348 16187 3192 16187 3192
1957 14589 7926 14581 10355 14237 4776 2563 16187 16187 16187 16187 16187 16187 16187 12008
4421 926 926 926 8710 1378 3177 4776 10887 3418 3177 926 16187 16187 16187 16187
926 15041 4931 6259 12715 3641 16003 1955 926 16187 16187 16187 16187 15819 9450 16187
926 8710 4776 8081 926 3177 926 16187 926 16187 9701 16187 16187 16187 6683 1957
10669 4552 9754 7001 2858 4776 926 13348 16187 16187 16187 16187 16187 16187 16187 16187
10669 4552 9754 7001 2858 4776 926 13348 16187 8712 16187 16187 13348 16187 16187 16187
10669 4552 13077 8712 15525 8726 6011 9605 4776 3984 16187 8270 13348 16187 8466 14029
7740 2383 5463 16105 4776 10033 8069 2461 16187 16187 16187 16187 16187 16187 16187 16187
7740 2383 5463 16105 4776 10033 8069 2461 16187 16105 8719 16187 16187 16187 16187 16187
7740 2383 5463 16105 4776 10033 8069 2461 16187 6685 16187 13616 16187 16187 8455 926
14237 7740 973 5329 8069 6259 9085 10399 12233 5522 1919 16187 16187 16187 16187 16187
9036 3171 2563 16187 12495 12495 16187 12495 15096 16187 16187 16187 16187 16187 16187 16187
14237 7740 11530 14734 4707 8268 4776 4927 7926 9098 16187 2598 16187 16187 16187 16187
13341 16187 16187 16187 16187 16187 16187 16187 16187 16187 16187 16187 16187 16187 16187 16187
13341 16187 5332 7740 15956 6259 14596 5463 7740 4552 16187 1229 13089 4931 4776 2563
13341 16187 3137 5365 8268 4240 6259 9484 16187 13348 16187 13348 16187 13348 16187 16187
9332 926 10967 4776 5830 926 16187 16187 16187 16187 16187 16187 16187 16187 16187 16187
3842 11889 8712 5867 2023 6011 8913 12233 13931 6011 16187 16187 6011 16187 16187 16187
926 5867 9957 9498 3098 16187 1955 7742 1955 4776 926 16187 5174 2903 16187 16187
3171 926 8710 14180 4776 2148 5820 14237 2519 16187 16187 16187 16187 16187 16187 16187
3842 3171 16187 2563 16187 4537 6683 11889 4776 1281 16187 2823 16187 16187 16187 16187
3171 8710 4776 926 926 16187 2422 16187 7518 14029 4776 926 16187 2446 926 16187
5498 3112 4776 954 14734 16058 16187 16187 16187 16187 16187 16187 16187 16187 16187 16187
4267 12233 11553 1138 8858 4421 926 4931 16187 926 5711 16187 16187 16187 16187 16187
5498 3112 4776 954 14734 16058 16187 8268 1885 9498 926 16187 16187 16187 16187 16187
594 8712 9084 9754 6856 12233 5627 2103 16187 16187 16187 16187 16187 16187 16187 16187
4267 12233 11553 926 5406 7740 1951 5329 1954 926 1919 5713 926 16187 1208 16187
10770 7178 16187 630 16187 14237 830 4776 6070 7742 16187 16187 16187 16187 16187 16187
1229 926 8959 12463 4776 14207 926 16187 16187 16187 16187 16187 16187 16187 16187 16187
1229 926 8959 12463 4776 14207 926 16187 6259 926 16187 16187 14125 16187 16187 926
1229 926 8959 12463 4776 14207 926 16187 926 14237 926 16187 10217 16187 16187 16187
10407 766 926 926 13021 926 16187 16187 16187 16187 16187 16187 16187 16187 16187 16187
4267 12233 11553 926 5406 6724 2837 926 926 16187 16187 16187 8268 7740 9429 16187
7926 7076 4776 10501 926 16187 2860 16187 16187 7740 9429 4776 2563 16187 16187 16187
6826 854 14237 2115 12036 16187 16187 16187 16187 16187 16187 16187 16187 16187 16187 16187
6826 3177 4776 3384 4057 8268 13089 10566 14776 1032 11742 8268 14776 13032 16187 16187
6826 854 14237 2115 12036 16187 8185 926 8268 4776 5777 16187 4776 926 16187 16187
7740 11839 8712 4931 3098 16187 16187 16187 16187 16187 16187 16187 16187 16187 16187 16187
9036 3171 2563 16187 12495 12495 16187 12495 16187 16187 5332 15096 16187 3286 16187 3286
7740 11839 8712 4931 3098 16187 14237 5415 7740 6635 4776 569 3177 926 16187 16187
1378 6150 8569 3235 2446 8710 4776 2167 12491 10501 3177 6359 3994 15781 16187 16187
4267 12233 11553 926 5406 6724 2837 926 926 16187 16187 16187 8268 7740 2383 16187
1378 1110 830 12401 3177 14734 1620 8272 16187 8798 6259 926 16187 16187 16187 2353
14919 9484 9296 7740 4931 6391 15389 6672 2837 9655 4776 3366 1857 16187 16187 16187
4267 12233 11553 926 5406 6188 2837 4325 16187 16187 14043 771 1954 4182 1919 16187
14919 9484 9296 7740 4931 6391 15389 9780 16187 16187 5332 4776 2563 5867 13607 16187
3171 12010 9070 6259 3098 8855 3177 4776 9431 9248 15930 830 6259 2067 6378 16187
3842 11889 8712 5867 2023 6011 8913 12233 13931 6011 16187 16187 6011 16187 16187 16187
3171 12010 9070 6259 3098 8855 3177 4776 9431 9248 15930 830 6259 2067 6378 16187
91 14776 12276 12923 15180 1919 4776 10033 13341 16187 16187 16187 16187 16187 16187 16187
91 14776 12276 12923 15180 1919 4776 10033 13341 16187 926 16187 16187 16187 15525 16187
91 13291 8710 5910 12233 4776 14596 16187 16187 5820 16187 16187 16187 9004 16187 10957
926 8268 14029 4776 16146 4751 8268 8710 6259 13074 8808 16187 16187 16187 16187 16187
3842 11889 4776 12012 12008 926 7740 8069 771 6826 926 16187 16187 16187 16187 16187
926 8268 8719 4776 15721 3177 14734 16058 13186 8268 8710 6259 7708 9290 16187 16187
926 8719 12894 5208 10610 6259 2563 16187 16187 16187 16187 16187 16187 16187 16187 16187
3842 11889 8712 11889 1138 4776 926 8268 5711 16187 14180 16187 1781 14237 9933 16187
926 8719 12894 5208 10610 6259 2563 16187 10355 8719 2263 983 16187 16187 16187 16187
4776 831 2894 8710 8268 926 8710 2856 16187 16187 16187 16187 16187 16187 16187 16187
4776 831 2894 8710 8268 926 8710 2856 16187 16187 816 16187 16187 8440 14043 16187
4776 831 2894 8710 8268 926 8710 2856 16187 16187 816 16187 16187 16187 16187 12349
13084 4750 926 91 16187 16187 16187 16187 16187 16187 16187 16187 16187 16187 16187 16187
13084 4750 926 91 16187 16187 445 830 926 16187 16187 16187 16187 16187 16187 16187
3098 6006 16187 5948 16187 14265 8268 14237 8712 5867 6259 11026 16187 16187 16187 13348
926 5580 8710 8213 8719 1885 297 10033 16187 16187 16187 16187 16187 16187 16187 16187
3842 11889 8712 5867 2023 6011 8913 12233 13931 6011 16187 6011 16187 16187 10983 16187
926 8710 1955 3935 1955 8170 15692 14225 16187 926 16187 9059 16187 16187 16187 16187
8712 12232 9754 15784 8712 1019 8726 6011 11031 1132 6173 16187 16187 16187 16187 16187
3842 11889 8712 5867 2023 6011 8913 12233 13931 6011 16187 16187 16187 16187 11889 5463
8712 4628 9754 10610 4776 2588 9484 6259 6535 630 16187 16187 16187 16187 16187 16187
3171 8710 15662 820 3094 4776 9442 11007 7045 14043 4776 8554 7045 16187 16187 16187
3171 8710 15662 820 3094 4776 9442 11007 7045 14043 4776 8554 7045 16187 7045 16187
3171 8710 4776 564 2563 16187 2601 16187 8084 16187 13348 16187 16187 16187 12757 13348
8712 12260 2446 2823 656 15525 7742 16187 16187 16187 16187 16187 16187 16187 16187 16187
3842 11889 8712 5867 2023 6011 8913 12233 13931 6011 16187 16187 16187 6011 16187 16187
8712 12260 2446 2823 656 15525 7742 16187 830 4776 6006 14237 5226 4776 10033 16187
4404 8710 384 2543 8719 1378 13811 14237 4311 3112 1954 15451 10072 195 16187 16187
8710 4776 10025 12835 8719 4776 10033 16187 9316 8719 4776 10033 16187 16187 16187 16187
8710 4776 10025 12835 8719 4776 10033 16187 1229 630 1955 630 1955 926 16187 926
13136 926 3847 6259 10602 15781 1955 4776 12820 7416 926 16187 16187 16187 16187 16187
4267 12233 11553 926 5406 6724 2837 926 926 16187 16187 16187 8268 7740 2383 16187
13142 13197 7926 9084 16187 14237 1453 4776 15597 564 7926 8719 4776 11978 2752 16187
4421 926 5867 8808 4931 3098 8268 7926 2326 118 643 12233 5463 954 16187 16187
3842 11889 4776 12012 13348 16187 12723 7740 926 3177 4776 2563 16187 9004 11889 7740
926 5086 8719 4776 5838 926 8719 14734 16058 1955 4932 16187 16187 16187 16187 16187
1919 6852 1583 983 8268 14734 8808 14005 926 1919 6259 10995 13474 10272 16187 16187
4267 926 4776 15064 3177 1390 16187 16187 5332 9332 16187 16187 14125 16187 816 16187
830 2122 926 8268 10978 8268 2563 8712 8710 6259 926 16187 14125 16187 14237 1919
926 8268 926 8268 926 14237 926 499 9070 16187 16187 16187 16187 16187 16187 16187
926 8268 926 8268 11046 926 8268 10480 14237 11166 16187 1885 1932 8268 5288 16187
926 8268 926 8268 926 14237 926 14776 3098 16187 16187 16187 91 16187 926 926
12008 10918 12233 4776 926 16187 16187 16187 16187 16187 16187 16187 16187 16187 16187 16187
12008 10918 12233 4776 926 16187 7740 8069 11553 16187 926 16187 16187 16187 16187 11953
12008 10918 12233 4776 926 16187 926 6724 4776 10033 16187 2263 926 16187 16187 16187
4776 9790 8157 3177 8710 1957 4189 8719 7661 16187 16187 16187 16187 16187 16187 16187
4776 4267 8084 16187 12545 5629 14180 16187 10437 16187 16187 1919 16187 2598 16187 540
4776 13811 8710 12256 16187 16187 14596 1919 14734 13459 830 926 14237 4776 10418 16187
7740 11553 6259 13477 11953 9828 16187 16187 16187 16187 16187 16187 16187 16187 16187 16187
7740 11553 6259 13477 11953 9828 16187 16187 1110 8719 3171 16187 16187 16187 16187 16187
7740 11553 6259 13477 11953 9828 16187 16187 1110 14745 14237 926 16187 16187 16187 1750
4776 7310 284 14776 3098 14237 4776 11404 14776 8213 16187 16187 16187 16187 16187 16187
4776 4267 8084 16187 11553 771 1954 10915 926 1919 4776 467 16187 16187 16187 16187
4776 7310 284 14776 3098 14237 4776 11404 14776 8213 16187 16187 16187 6070 16187 16187
11889 14734 16146 6721 8268 14069 5867 6259 5923 8268 14995 8268 6861 6977 16187 16187
4267 12233 11553 926 5406 6724 2837 926 926 16187 16187 16187 1954 926 16187 16187
8069 830 6259 8656 10244 10033 8710 6259 926 16187 16187 16187 9884 16187 16187 11889
7740 11839 7926 4931 12256 13084 6178 14069 16187 16187 16187 16187 16187 16187 16187 16187
9036 3171 2563 16187 12495 12495 16187 12495 16187 16187 5332 15096 16187 3286 16187 3286
7740 11839 7926 4931 12256 13084 6178 14069 16187 6535 16187 16187 16187 6070 16187 16187
4776 2494 14043 12303 15956 3211 16187 16187 16187 16187 16187 16187 16187 16187 16187 16187
4776 2494 14043 12303 15956 3211 16187 16187 9831 16187 13270 16187 14237 16187 16187 8719
4776 6499 9498 3098 9563 13529 7229 16187 1976 10501 4931 4776 10501 16187 16187 9767
7740 9084 9754 8069 3286 5463 5 1243 7001 2837 8719 4776 10033 16187 16187 16187
7740 9084 9754 8069 3286 5463 5 1243 7001 2837 8719 4776 10033 16187 16187 16187
7740 11530 4776 315 6423 3171 10033 16187 2326 16187 16187 16187 1957 4776 10571 12276
