7767 14237 10898 11553 6826 5074 1919 6259 926 15658 3847 5329 3238 15597 8503 16187
3842 11889 8712 5867 2023 6011 8913 12233 13931 6011 16187 10671 16187 6011 16187 16187
926 14569 1019 6173 8710 4660 1955 14016 8719 6259 11901 7693 4927 16187 16187 16187
7001 13317 16187 16187 16187 16187 16187 16187 16187 16187 16187 16187 16187 16187 16187 16187
7001 13317 16187 13316 16187 3748 4776 926 16187 16187 16187 16187 16187 16187 2837 16187
7001 12003 13588 8712 13348 13348 16187 926 16187 1955 3082 16187 9723 926 16187 926
15167 926 926 12008 15881 2832 16187 16187 16187 16187 16187 16187 16187 16187 16187 16187
3842 16187 16187 1737 8268 14180 4776 6499 16187 16187 16187 6070 2997 16187 16187 16187
926 5867 15594 4931 3335 14237 1175 16187 16187 7740 11839 2598 16187 16187 16187 16187
1229 6011 5208 1436 5463 4776 2563 8710 13436 8268 4537 5329 2296 9332 16187 16187
9036 3171 2563 16187 12495 10355 12495 16187 12233 14192 16187 16187 926 16187 926 16187
12008 7740 11530 8712 8268 14237 7740 15846 2823 16187 16187 16187 10887 9890 16187 926
14734 5999 14776 14648 8268 926 8268 14237 7926 5867 2148 11892 512 926 926 16187
3842 1957 14180 1737 16187 9339 8710 6259 926 16187 16187 16187 12669 12349 8719 4776
14734 8808 8710 13532 15840 11401 14596 14180 4776 4927 10967 4776 8230 1865 16187 16187
8712 5867 6259 1453 14029 14734 954 10967 8719 15525 16187 16187 16187 16187 16187 16187
3842 1957 14180 1737 16187 16187 14397 14397 512 9290 16187 926 16187 8719 16187 16187
8712 5867 6259 5948 3177 10770 16187 14237 15846 7740 4763 15274 830 4776 2572 16187
14272 8710 5329 13074 8710 4776 3299 14237 11166 3184 13943 5463 8712 6297 13411 16187
3842 1957 14180 1737 16187 16187 8268 14397 14237 926 6259 14148 8268 926 16187 16187
8712 4931 9754 3257 12008 8712 4931 10770 14237 2945 12606 16187 16187 9800 16187 10686
8712 5867 6259 4601 8949 16187 16187 16187 16187 16187 16187 16187 16187 16187 16187 16187
8712 5867 6259 4601 8949 16187 16187 16187 5297 6535 16187 16187 16187 16187 16187 16187
8712 5867 6259 5948 3177 10770 16187 14237 12431 6535 630 6259 5948 16187 16187 16187
5736 12233 926 8710 6259 4149 926 14237 1954 979 1378 16187 16187 16187 16187 16187
3842 16187 16187 1737 8268 14180 13348 16187 12767 16187 2148 4311 16187 6568 16187 308
3098 16187 16187 4949 926 820 14237 4537 11889 6259 926 16187 16187 16187 6748 16187
3917 8268 3171 458 14180 11553 1954 926 8033 14029 11382 5867 14143 13110 6801 16187
3842 1957 14180 1737 16187 16187 14397 2148 512 6259 926 16187 1954 643 16187 7970
926 5867 3809 6006 3112 9425 731 16187 12008 8712 5867 6070 2689 16187 16187 8439
13084 1329 4325 10827 6259 926 14029 3171 14237 4325 1950 4776 14596 16187 16187 16187
3842 11889 8712 5867 2023 6011 8913 12233 13931 6011 16187 10671 16187 16187 9577 16187
6259 5948 16187 7768 14237 4707 8268 1453 9070 16187 16187 16187 16187 830 4776 84
4421 9660 6259 5480 2494 3177 6826 1243 7661 14762 11022 16187 16187 16187 16187 16187
3842 11889 8712 5867 2023 6011 8913 12233 13931 6011 16187 10671 16187 16187 9577 16187
926 8710 1378 3177 9743 16187 9290 5463 1750 3177 1110 16187 16187 16187 8268 11889
4776 14596 8710 16139 14237 2684 2608 16187 16187 16187 16187 16187 16187 16187 16187 16187
4776 14596 8710 6259 12311 16187 8081 8268 926 14237 5459 12556 8710 926 16187 16187
4776 14596 8710 2543 8719 6259 2067 8063 12234 16187 684 926 15649 771 4927 12233
4776 926 8719 4776 2563 6699 6826 13129 3087 16187 16187 16187 16187 16187 16187 16187
4776 926 8719 4776 2563 6699 6826 13129 3087 16187 16187 16187 4687 12233 16187 16187
4776 926 8719 4776 2563 6699 6826 13129 3087 16187 10104 16187 16187 926 14029 4776
9070 1229 8268 14272 9084 6011 9429 3177 2572 3701 10988 2598 16187 16187 16187 16187
9036 3171 2563 16187 12495 10355 12495 16187 12233 14192 16187 12495 16187 16187 16187 11839
7740 11530 8712 16187 8719 926 7740 4779 8268 14237 7740 11553 6259 926 16187 16187
926 4931 6070 10355 8268 2148 13436 512 926 5867 12008 7877 10355 16187 16187 16187
3842 1957 14180 1737 16187 16187 14397 2148 512 6259 926 16187 16187 16187 8084 16187
926 4931 1954 8719 5937 3504 926 8268 6689 926 4931 14180 926 16187 16187 16187
4776 926 2612 8710 6070 11919 3177 12401 16146 16187 16187 16187 16187 16187 16187 16187
4776 4267 8084 16187 8084 11553 3908 14272 2598 16187 16187 8781 16187 16187 16187 11889
4776 926 8710 10770 12495 16187 14237 4776 2353 16187 10501 3177 14766 16187 16187 16187
6173 16187 16187 16187 16187 16187 16187 16187 16187 16187 16187 16187 16187 16187 16187 16187
6173 16187 1957 564 14426 14237 8712 5867 2148 16187 7740 16187 13348 16187 13348 16187
6173 16187 2684 2608 16187 7742 13663 16187 6070 7742 16187 16187 16187 16187 16187 9736
6876 926 5463 7926 6724 15597 10570 8719 13537 14237 4776 12805 4931 16139 16187 16187
3842 1957 14180 1737 16187 16187 8268 14397 14237 926 6259 2024 2563 16187 16187 16187
13474 8710 9389 8719 5530 15274 830 4776 4265 15433 16187 1750 16187 16187 16187 4311
703 7740 6124 10967 13627 12414 14776 9710 3177 14803 926 16187 16187 16187 16187 16187
14031 8268 13243 13348 16187 3192 16187 13348 16187 13348 5711 16187 12092 4776 12495 16187
7740 4537 6930 1390 11742 8268 1378 830 9070 14237 1378 830 12276 1620 3870 16187
926 13348 16187 16187 16187 16187 16187 16187 16187 16187 16187 16187 16187 16187 16187 16187
926 13348 16187 13348 7740 1442 4776 2563 9431 16187 4964 16187 2903 6173 16187 9813
926 13348 16187 1019 926 6173 926 9139 6550 4776 4862 8712 8710 14029 16187 16187
926 4776 4927 5463 14734 13957 8710 926 8710 5329 15389 7926 1644 12233 14192 16187
3842 3171 2856 11889 4776 12012 16187 3364 926 8268 12233 11553 12233 3286 16187 16187
926 4776 4927 5463 656 830 9070 16187 926 13348 16187 16187 16187 7740 8313 8712
5713 14776 5176 5570 12835 5463 1378 5208 2326 5407 11953 16187 16187 16187 16187 16187
5627 16187 9850 16187 12208 15978 13474 3847 6259 12007 8719 6259 1138 16187 5711 16187
10355 9577 16187 2097 3177 4198 983 16187 10315 1919 4776 926 16187 926 16187 13959
9063 8268 6259 10033 11953 926 4776 926 8268 5431 14237 14068 11953 14745 16187 16187
926 8268 7740 2383 16187 16187 926 8719 4776 2563 16187 16187 16187 16187 16187 16187
926 7740 7433 926 5867 15939 8710 3098 9655 16187 926 926 16187 16187 926 16187
14272 6259 8569 1747 830 8185 8268 12707 4776 10114 3855 15846 12727 16187 16187 16187
14272 6259 3667 3177 983 13348 16187 11401 16187 5297 2737 2837 8712 16187 16187 16187
14272 6259 15778 3171 2563 4931 12233 12650 16187 14251 16187 12127 13429 16187 16187 16187
926 13797 1019 14734 8808 3177 1245 6173 5656 9657 1955 6259 6153 926 16187 16187
3842 11889 8712 5867 2023 6011 8913 12233 13931 6011 16187 10671 16187 16187 9577 16187
926 8648 15866 14237 926 926 5111 1955 926 14237 2962 16187 16187 16187 16187 16187
4776 10709 8710 5329 4776 926 16187 16187 16187 16187 16187 16187 16187 16187 16187 16187
4776 4267 8084 16187 8084 11553 7926 7165 6259 926 16187 16187 16187 16187 926 16187
4776 4932 5463 15669 8744 15525 3177 4751 1919 9961 2994 16187 16187 926 16187 16187
7740 2326 12449 12233 11889 3171 2563 15978 3177 14180 4776 3098 2946 16187 16187 16187
9036 3171 2563 16187 12495 10355 12495 16187 12233 14192 16187 16187 926 16187 16187 16187
7740 2326 4531 3171 2563 16187 12606 1957 9431 16187 9431 983 8268 926 16187 10272
7740 1442 14745 4320 14734 10918 5 12291 13348 5711 16187 16187 16187 16187 16187 16187
7740 1442 13084 2595 5629 926 14237 926 16187 10501 8719 3171 16187 926 16187 16187
7740 16138 8197 8712 1954 10619 16187 13341 16187 2689 16187 16187 11839 5463 16187 926
12008 12127 9840 3177 3171 4302 4537 6546 1229 816 16187 16187 16187 16187 16187 16187
12008 12127 9840 5208 5329 8268 12716 8268 14237 14734 10496 2598 16187 16187 16187 16187
12008 12958 8710 3356 14237 8719 3171 10033 5867 16058 16187 6601 926 16187 13348 16187
4537 4552 9754 14518 6259 2601 5948 16187 16187 16187 16187 16187 16187 16187 16187 16187
4537 4552 9754 8733 8712 6259 3211 13348 16187 15956 16187 16187 16187 13348 16187 11889
4537 5272 12233 8733 6259 926 4240 15715 8712 16187 7347 4776 5562 16187 16187 16187
7740 771 13084 10400 14272 3171 4931 1515 12233 2823 16187 16187 16187 16187 16187 16187
9036 3171 2563 16187 12495 10355 12495 16187 12233 14192 16187 12495 16187 16187 16187 11839
7740 11530 3171 10033 16187 1229 7740 4931 16041 8712 16187 7970 16187 16187 16187 1957
14734 5425 13081 14219 8719 3171 512 8719 4776 9431 1378 16187 16187 16187 16187 16187
3842 1957 14180 1737 16187 16187 14397 14397 512 9290 16187 16187 16187 16187 16187 16187
14734 8808 8710 13532 15840 11401 14596 14180 4776 4927 10967 4776 8230 1865 16187 16187
4552 5329 15956 7401 16187 16187 16187 16187 16187 16187 16187 16187 16187 16187 16187 16187
4552 5329 15956 7401 16187 2458 8268 926 14237 926 16187 8712 16187 8710 16187 16187
4552 6011 2326 16187 3553 14043 15731 2296 926 15597 926 16187 16187 16187 16187 16187
8712 1138 5568 5711 6988 9831 14237 6259 2191 3177 14113 12233 5261 15848 284 16187
3842 16187 16187 1737 4776 6619 5627 16187 13141 1378 8913 11889 5463 16187 16187 2296
8712 1138 926 5711 16187 630 2148 3177 6259 400 471 512 6259 10288 4302 16187
6280 8268 8733 5463 816 4927 8268 926 2284 14734 16058 8835 16187 16187 16187 16187
4311 10036 8268 15043 771 6826 10355 926 12233 4189 1919 16187 9442 14237 13074 10418
13474 8710 16075 14237 14122 8656 1243 8719 778 8268 3202 1885 643 16187 16187 2326
7926 779 4776 7377 5463 10394 926 14237 7926 13816 4776 11889 13084 16146 10125 16187
3842 16187 16187 1737 4776 6619 5627 16187 14043 10217 16187 3384 14029 1583 16187 16187
7926 8710 6070 1222 16187 8268 12008 8719 4776 5509 16187 926 16187 16187 16187 16187
4776 11404 4837 4776 12298 14776 6535 926 830 6259 2563 16105 8719 926 16187 16187
3842 3171 2856 11889 4776 12012 16187 3364 926 8268 12233 11553 12233 3286 16187 16187
4776 10418 8710 232 14237 4493 8268 8726 3559 16187 4552 16187 16187 11889 16187 16187
2066 926 7076 5729 3185 16187 16187 16187 16187 16187 16187 16187 16187 16187 16187 16187
926 11878 12233 2327 9222 6259 5820 2563 15408 3177 10711 3171 1552 15095 16187 16187
926 13183 13213 15525 16187 16187 4776 10978 16187 926 16187 2689 16187 16187 1378 926
3171 2563 8710 14362 830 1750 4776 2588 1378 1919 15811 10288 6905 3102 16187 16187
3842 1957 14180 1737 16187 16187 14397 2148 512 6259 926 16187 1954 6259 926 16187
3171 2563 8710 1378 3177 4776 10566 13076 7740 9884 8466 8719 6259 15096 983 16187
8712 5867 13388 14457 4098 8339 16187 16187 16187 16187 16187 16187 16187 16187 16187 16187
8712 5867 3746 3177 1245 16187 16187 15347 16187 15846 5046 2823 16187 16187 16187 16187
8712 5867 9355 8268 450 14237 7855 16187 14237 10418 16187 4537 16187 16187 16187 6535
6173 8268 1659 110 926 16187 16187 16187 16187 16187 16187 16187 16187 16187 16187 16187
6173 8268 1659 110 926 16187 7981 16187 830 926 13348 16187 16187 5332 16187 16187
6173 8268 1659 110 926 16187 7981 16187 830 926 16187 16187 926 8719 816 16187
8712 8710 4776 14933 8268 1229 4776 926 926 926 14237 12261 926 16187 16187 16187
3842 16187 16187 1737 4776 6619 5627 16187 13141 1378 8913 16187 2148 2122 16187 16187
8712 8710 11953 4776 926 13348 16187 15658 684 4776 983 16187 16187 16187 16187 16187
13084 471 8710 1903 13907 132 16187 16187 16187 16187 16187 16187 16187 16187 16187 16187
13084 471 8710 1903 13907 132 16187 16187 16187 12495 16187 16187 16187 16187 830 16187
3098 10033 11953 6259 926 16187 9605 8712 8268 7926 926 16187 16187 926 16187 16187
4776 8676 14237 6006 14776 2176 14237 4776 10418 8710 6535 10355 16187 16187 16187 16187
4776 4267 8084 16187 4320 5463 8710 14734 983 16187 16187 16187 16187 16187 16187 16187
4776 132 4931 3098 8268 12008 12495 1597 5031 16187 771 16187 926 16187 16187 16187
4552 15957 38 6297 6090 12233 10610 4776 10986 3177 1954 11719 3098 14596 16187 16187
13341 7970 16187 9534 16187 12349 2903 13348 16187 13348 16187 3192 16187 16187 16187 9577
10355 3418 14237 6259 10355 13839 16187 12545 5629 4776 2122 926 16187 16187 16187 16187
4776 10033 2446 779 1954 11778 2837 10758 9105 8719 6259 2067 8268 926 10501 16187
3842 3171 2856 11889 4776 12012 16187 3364 926 8268 12233 11553 12233 3286 16187 16187
4776 10033 2446 779 1954 11778 2837 10758 9105 8719 6259 2067 8268 926 10501 16187
8069 11267 2257 8428 12233 1865 3171 4927 16187 16187 16187 16187 16187 16187 16187 16187
3842 1957 14180 1737 16187 16187 8268 14397 14237 926 6259 2024 2563 16187 16187 6535
8069 5747 3364 10603 6259 13501 8719 4776 926 3177 4776 926 16187 16187 16187 16187
1543 4931 3171 10033 9575 2598 16187 16187 16187 16187 16187 16187 16187 16187 16187 16187
3842 1957 14180 1737 16187 16187 14397 14397 512 9290 16187 16187 16187 16187 16187 16187
14180 14237 14180 6259 643 4063 10033 13348 16187 3257 16187 2510 91 16187 10272 16187
14691 2148 14691 3765 13348 16187 16187 16187 16187 16187 16187 16187 16187 16187 16187 16187
14691 16187 1957 9070 16187 9859 14237 8712 5867 16187 15096 16187 12008 7740 16187 9084
10355 13348 16187 16105 16187 2191 16187 12276 4183 3177 6259 4695 14237 5853 1090 926
11719 8268 10394 3102 4431 15597 983 16187 16187 16187 16187 16187 16187 16187 16187 16187
3842 1957 14180 1737 16187 16187 8268 14397 14237 926 16187 8069 2148 1954 10542 6053
7740 11530 8712 16187 8719 926 8268 1229 7740 4931 8781 16187 16187 16187 14861 9485
4776 2563 8710 5329 4776 9612 5328 3886 8920 926 2837 926 16187 16187 16187 16187
4776 2563 8710 5329 1791 8719 13592 4927 16187 14237 14734 10418 16187 12495 16187 16187
4776 2563 8710 11115 2837 4776 12256 2053 3994 5036 2373 2837 926 16187 926 16187
6259 9625 9850 13348 13348 16187 16187 16187 16187 16187 16187 16187 16187 16187 16187 16187
6259 9625 9850 13348 13348 16187 7314 16187 6363 16187 9431 16187 16187 16187 1957 16187
6259 10355 8199 16187 157 5867 16187 3366 16187 6442 16187 16187 8656 16187 7970 16187
14237 8268 3177 1245 8268 4776 1267 14776 4776 4856 8719 4776 14596 16187 16187 16187
14237 4776 14109 12232 5329 7347 9808 8726 8712 4931 11061 16187 6500 16187 8712 5867
14237 8268 8719 6259 4927 8268 3171 3886 8710 11953 1133 16187 3553 16187 16187 16187
4152 12018 8712 5867 2429 926 14029 8106 2970 8268 12008 1919 2148 9114 16187 16187
3842 1957 14180 1737 16187 16187 14397 2148 512 6259 926 16187 1954 6259 926 16187
8712 8710 8719 1229 630 3177 8712 16187 5332 2148 12291 16187 12349 4776 2563 16187
12940 926 684 926 8268 4776 11046 12852 16187 16187 16187 16187 16187 16187 16187 16187
3842 11889 8712 5867 2023 6011 8913 12233 13931 6011 16187 10671 16187 16187 9577 16187
7740 4931 4776 4406 13908 8719 4776 10033 16187 6259 926 16187 16187 926 16187 16187
14272 3847 7926 5373 1919 3171 10875 2598 16187 16187 16187 16187 16187 16187 16187 16187
14272 3847 9754 4189 6260 4152 16187 5329 16187 1793 8268 12008 3171 4931 11889 16187
14272 3847 7926 5373 1919 3171 10875 2598 16187 16187 8270 16187 16187 16187 7970 16187
8069 830 6259 10509 2563 8268 8712 8710 1022 14237 779 6259 14789 5022 6683 16187
3842 1957 14180 1737 16187 16187 14397 2148 512 6259 9290 16187 16187 1954 1133 16187
7740 11530 8712 16187 8719 926 8268 1229 7740 9084 1954 9429 1919 1954 10401 14237
6856 3177 4776 9044 3575 16187 16187 16187 16187 16187 16187 16187 16187 16187 16187 16187
3842 1957 14180 1737 16187 16187 14397 14397 512 9290 16187 16187 16187 16187 16187 16187
14180 3177 4776 2122 3114 14796 6850 5636 5463 2326 8733 4776 2563 16187 10571 16187
1138 4776 9301 3177 926 5711 8710 7661 10770 14237 2790 16187 16187 16187 16187 16187
3842 3171 2856 11889 4776 12012 16187 3364 926 8268 12233 11553 12233 3286 16187 16187
4776 12621 14776 10571 16038 14237 2176 16187 1344 12345 16187 1919 14397 13181 16187 16187
14069 5867 1954 4521 5505 1438 6423 4776 12899 16187 16187 16187 16187 16187 16187 16187
14069 5867 6259 1126 16187 6601 10501 16187 16187 16187 2563 1957 4776 8521 16187 16187
14069 5867 6259 2191 3177 2293 11953 8712 14180 16187 14237 2689 16187 8712 16187 14237
4776 2924 3177 14058 926 14237 6694 926 8268 3085 16187 16187 16187 16187 16187 16187
3842 1919 12127 926 3177 5937 1750 16187 12349 4311 7740 16187 13348 16187 3192 16187
4776 2924 3177 14058 926 14237 6694 926 8268 3085 16187 9059 926 16187 16187 8268
15870 3171 8710 7960 12233 6390 6161 1167 16187 16187 16187 16187 16187 16187 16187 16187
9036 3171 2563 16187 12495 10355 12495 16187 12233 14192 16187 16187 926 16187 16187 926
7740 11530 8712 16187 8719 926 8268 1229 7740 9084 1919 6011 16187 16187 16187 13348
4776 977 1957 8648 8099 10497 4931 1175 13348 13348 13348 16187 16187 16187 16187 16187
4776 4267 8084 16187 4320 5463 8710 14734 10566 14802 926 926 3115 16187 16187 1957
4776 977 1957 8648 8099 10497 4931 4931 1378 926 13348 16187 14237 16187 16187 4311
14180 7740 5208 1436 8710 3171 4537 2552 8712 16187 16187 16187 16187 16187 16187 16187
8726 6011 188 12233 2552 4404 8157 3177 84 8268 4311 12650 3171 10033 16187 5580
14180 7740 5208 1436 8710 3171 4537 2552 8712 16187 8710 16187 16187 16187 16187 16187
3171 4931 1378 5646 14237 926 2353 16187 16187 16187 16187 16187 16187 16187 16187 16187
3171 4931 1378 1543 4325 9084 16187 816 8719 4776 10033 16187 4832 16187 926 16187
3171 4931 1378 5646 14237 926 2353 16187 14180 14734 16146 5121 6499 16187 16187 926
6173 16187 16187 16187 16187 16187 16187 16187 16187 16187 16187 16187 16187 16187 16187 16187
6173 16187 6535 15174 830 2563 12233 16187 16187 16187 7970 16187 954 16187 16187 16187
6173 16187 12260 11553 12766 14069 16187 926 4776 926 16187 16187 16187 16187 16187 16187
14272 3847 5463 11553 12233 4552 1919 8093 8456 16187 16187 16187 16187 16187 16187 16187
14272 3847 9754 4189 6260 4152 16187 5329 16187 1793 8268 12008 3171 4931 16187 1378
14272 3847 7926 5373 1919 3171 10875 2598 16187 16187 2598 16187 16187 16187 16187 16187
4776 100 6683 8268 9311 8268 14237 1865 11889 5820 13720 10051 16187 16187 16187 16187
3842 16187 16187 1737 8268 14180 4776 16146 16187 14180 16187 16187 16187 16187 16187 16187
4776 5121 13839 10437 9498 6070 10355 16187 16187 8719 6259 4927 16187 14237 16187 16187
4624 6361 9594 926 1919 9734 15720 16187 16187 16187 16187 16187 16187 16187 16187 16187
4624 14776 1260 16187 12233 12650 1919 4776 926 14237 4624 14180 6683 830 4312 16187
4624 6361 9594 926 1919 9734 15720 16187 5350 16187 16187 16187 8719 4776 10033 16187
14237 8796 8268 8815 1543 7926 5867 926 4776 926 8808 8710 2296 9107 16187 16187
14237 4311 4776 14596 8710 6297 9332 16187 16187 14237 4776 10033 5867 16187 16187 16187
14237 7740 2446 3553 5463 8712 14827 6259 630 11385 9887 8719 983 16187 983 8719
8712 5867 14180 1229 10355 16187 16187 16187 16187 16187 16187 16187 16187 16187 16187 16187
8712 5867 15624 8268 11521 14237 11052 16187 2588 1378 2563 16187 16187 16187 7740 9429
8712 5867 14180 1229 10355 16187 14237 8712 5867 6259 16187 16187 13640 16187 14237 16187
7740 12449 12233 11889 3171 2563 6259 2601 5948 2148 512 7740 9084 16187 16187 16187
7740 9084 9754 8069 3286 5463 5 1243 7001 2837 8719 4776 10033 16187 14221 16187
7740 11530 926 9577 14237 8268 7742 8268 4776 4720 4931 14734 10418 6021 16187 16187
1058 3939 8693 4776 11283 16187 16187 16187 16187 16187 16187 16187 16187 16187 16187 16187
3842 1919 12127 926 3177 5937 1750 16187 12349 4311 7740 16187 13348 16187 3192 16187
7926 7076 14734 10638 6070 10355 16187 16187 16187 14237 12349 6683 6070 6626 16187 16187
8069 926 15881 9153 14237 1922 16187 16187 16187 16187 16187 16187 16187 16187 16187 16187
3842 16187 16187 1737 8268 14180 8268 12349 4776 6499 16187 16187 926 16187 16187 926
2446 8268 926 8710 5329 11943 16187 1955 8712 1955 7742 16187 16187 926 16187 16187
14272 4931 1799 1612 5807 13348 16187 16187 16187 16187 16187 16187 16187 16187 16187 16187
14272 4931 1515 10324 817 13529 5867 8456 13089 7926 9084 5463 2598 16187 16187 16187
14272 4931 10955 8719 3511 8268 12008 926 14237 6156 16187 926 16187 16187 4032 926
1955 12773 8268 14792 10051 12149 14464 926 1919 15597 12793 16187 16187 16187 16187 16187
3842 1957 14180 1737 16187 16187 8268 14397 14237 926 6259 2024 2563 16187 2552 9450
1955 830 4776 10051 8268 4325 14776 14029 4776 2601 8124 16187 16187 926 16187 16187
12008 5463 3644 9754 8815 4776 9424 1955 6259 2601 16187 16187 16187 16187 16187 16187
12008 5463 5867 8857 3748 5225 16187 6535 6585 16187 926 16187 9442 11778 2837 926
12008 5463 5867 1955 14221 1955 8712 13216 16187 7393 16187 14237 16187 10217 16187 16187
926 8710 15848 16187 16187 16187 16187 16187 16187 16187 16187 16187 16187 16187 16187 16187
926 8710 5329 1961 16187 5217 16187 14043 1229 14043 4325 9084 16187 816 16187 16187
926 8710 15848 16187 16187 926 1919 4776 16003 16187 926 16187 16187 15819 16187 16187
7740 9429 4776 10501 8719 926 8710 4776 5568 13178 10501 8719 4776 2563 16187 16187
7740 2446 11553 12233 8197 10156 8116 830 11711 6259 3984 14029 15389 8081 16187 12120
7740 2446 6635 4776 4924 4440 16187 6028 16187 6070 10879 16187 16187 16187 6535 630
12232 11553 5580 16105 2904 8596 7975 15525 3177 13537 16187 16187 16187 16187 16187 16187
5329 8569 16187 13089 13474 5867 1019 926 6173 16187 926 16187 16187 16187 16187 16187
6011 4628 9754 2823 9872 13348 13348 16187 3137 13879 13348 16187 16187 926 16187 6683
7740 7480 1919 4776 12835 5713 9288 684 16187 16187 16187 16187 16187 16187 16187 16187
7740 4931 816 12008 7740 4931 7661 13417 14237 9872 16187 926 16187 16187 16187 16187
7740 11530 4776 2400 5629 15103 11860 5867 8808 14237 926 3711 5867 16187 4404 1919
11722 8268 12008 14170 16187 16187 16187 16187 16187 16187 16187 16187 16187 16187 16187 16187
14272 5208 7740 1436 2598 16187 16187 8270 2598 16187 16187 9715 16187 786 16187 16187
1229 13474 15596 10918 12233 4776 1425 3177 4776 6176 1919 926 16187 16187 926 16187
2143 9484 4832 9143 8710 6259 6070 2689 10033 16187 16187 16187 16187 16187 16187 16187
9036 3171 2563 16187 12495 10355 12495 16187 12233 14192 16187 16187 926 16187 926 16187
2143 9484 7542 16187 6535 3356 16187 3356 8719 10033 16187 6259 2689 14465 16187 926
6259 13736 12260 830 4776 2601 6161 926 2837 4776 2643 16187 16187 16187 16187 16187
6259 5948 3177 4776 2002 3034 8710 4951 8719 3171 10008 12007 16187 16187 16187 16187
6259 13736 12260 830 4776 2601 6161 926 2837 4776 2643 16187 4776 10033 16187 7336
8712 5867 6259 12260 2552 830 14489 10671 16187 16187 16187 16187 16187 16187 16187 16187
8712 5867 6259 4601 8949 16187 16187 16187 16187 16187 7970 16187 4707 16187 16187 16187
8712 5867 6259 12260 2552 830 14489 10671 16187 7610 12233 1436 16187 16187 4687 16187
8680 7740 5297 11889 14734 3314 2148 512 14734 8185 16187 16187 16187 16187 16187 16187
14411 13799 16187 12467 16187 2097 3177 14734 8719 4776 2365 8719 3171 16187 16187 4142
8680 7740 5297 11889 14734 3314 2148 512 14734 8185 16187 16187 8185 16187 16187 16187
10967 926 16187 16187 16187 16187 16187 16187 16187 16187 16187 16187 16187 16187 16187 16187
3842 11889 8712 5867 2023 6011 8913 12233 13931 6011 16187 10671 16187 16187 10770 16187
12008 6259 15298 512 643 926 385 6259 15298 512 643 926 16187 3286 16187 6928
9790 13216 830 4776 7172 1919 16187 16187 16187 16187 16187 16187 16187 16187 16187 16187
3842 1957 14180 1737 16187 16187 14397 9382 16187 2563 16187 3112 12127 983 14237 6259
1378 11071 8268 2689 5820 643 3766 8268 14237 4987 3211 12233 16142 16187 16187 16187
926 2326 13092 3171 8157 16187 16187 16187 16187 16187 16187 16187 16187 16187 16187 16187
926 2326 13092 3171 8157 16187 3211 1919 6259 2563 16187 14180 16187 16187 16187 14029
926 13348 16187 1019 926 6173 926 9139 926 4931 2446 4776 8719 4776 10033 16187
13474 779 6259 926 3177 582 5463 6683 830 10855 2525 16187 16187 16187 16187 16187
3842 1957 14180 1737 16187 16187 14397 14397 512 9290 16187 16187 16187 1957 12291 16187
13474 8710 9389 8719 5530 15274 830 4776 4265 15433 16187 15392 8719 16187 16187 8456
13084 3766 3177 11196 15416 4776 8353 4152 8719 4776 12298 8710 9625 16187 16187 16187
3842 1957 14180 1737 16187 16187 14397 14397 512 9290 16187 926 16187 8719 16187 16187
4776 13839 8710 10355 8268 13084 8914 14069 16187 12051 8719 7558 8268 14237 4776 8521
12058 14237 12940 4552 9754 4230 1955 2263 6259 8974 10011 3211 16187 16187 16187 16187
3842 1957 14180 1737 16187 16187 8268 14397 14237 926 16187 16187 16187 16187 16187 16187
7740 11530 8712 16187 8719 926 8268 1229 7740 9084 15389 16187 1229 16187 16187 16187
14734 3910 8793 2858 11663 1957 14734 14164 16187 16187 16187 16187 16187 16187 16187 16187
14734 3910 8793 2858 11663 1957 14734 14164 16187 308 926 16187 926 16187 16187 16187
14734 9313 4125 11657 16187 926 4776 926 14237 926 16187 4776 926 16187 16187 926
3171 5095 14352 203 12233 13229 1954 9887 13348 16187 16187 16187 16187 16187 16187 16187
3842 16187 16187 1737 8268 14180 4776 16146 16187 16187 16187 2263 1229 16187 16187 16187
3171 4931 1378 5646 14237 926 2353 16187 14180 14734 16146 16187 16187 16187 16187 16187
8712 8710 8064 12233 9605 6826 926 13758 8162 983 16187 16187 16187 16187 16187 16187
3842 16187 16187 1737 4776 6619 5627 16187 13141 1378 8913 11889 5463 16187 926 16187
8712 8710 11953 9944 2123 14237 926 1110 16187 1133 8268 12716 16187 926 16187 16187
4776 132 8268 4776 10418 8268 4776 13094 16187 16187 16187 16187 16187 16187 16187 16187
4776 132 4931 9754 8569 16187 16187 16105 13616 16187 16187 9389 8712 16187 16187 16187
4776 132 8268 4776 10418 8268 4776 13094 16187 4776 14596 6297 630 16187 16187 16187
7740 8197 4776 926 926 6259 9484 15525 3177 9484 13348 16187 16187 16187 16187 16187
9036 3171 10033 8268 15978 983 8710 4776 926 8268 9290 16187 7456 12233 14192 926
7740 8197 4776 926 926 6259 9484 15525 3177 9484 13348 16187 327 1390 16187 643
3171 4931 9754 4949 16187 16187 16187 16187 16187 16187 16187 16187 16187 16187 16187 16187
3171 4931 9754 4949 16187 926 1955 7740 926 12349 16187 16187 16187 16187 16187 1957
3171 4931 10770 8268 14237 5906 16187 6601 4776 4267 9840 3177 4776 2563 16187 16187
4776 7949 4931 12495 11273 8268 14237 8712 4931 2446 6535 12105 12345 16187 16187 16187
4776 4267 10501 4931 5463 7909 3504 8268 7740 8313 8268 14272 4776 6286 2598 16187
4776 6006 4931 5288 16139 16187 10501 3177 4776 926 6905 16187 16187 16187 1344 6692
13474 5867 2446 5329 14180 5463 6816 14237 779 6826 5074 1919 4776 9288 16187 16187
13474 4931 14591 14237 5329 5463 9332 16187 16187 10566 6987 16187 3177 4776 2563 16187
13474 4931 9151 926 5867 63 14164 16187 6297 926 16187 16187 16187 12349 10036 16187
9461 3177 8339 1378 3644 9754 789 15002 4776 14237 14075 13449 3177 3171 2563 16187
3842 1957 14180 1737 16187 16187 14397 2148 512 6259 926 16187 1954 6259 926 16187
6070 15174 5288 16187 926 1919 6259 926 5867 16187 7336 2122 16187 16187 15819 9591
926 5463 5867 11889 13178 14237 14237 4776 100 15846 9086 8712 8268 926 16187 16187
3842 16187 16187 1737 8268 14180 4776 12349 16187 14180 12291 16187 16187 16187 926 16187
926 5867 3809 6006 3112 9425 731 16187 12008 8712 5867 6070 2689 16187 16187 12495
4776 8521 4931 9754 4776 5568 9684 830 9070 16187 16187 16187 16187 16187 16187 16187
4776 8521 4931 9754 4776 5568 9684 830 9070 16187 16187 16187 16187 16187 16187 16187
4776 8521 4931 6500 14237 7740 4552 5329 2552 13592 8719 926 7740 8313 16187 16187
3171 14150 14734 564 5459 15658 8710 11953 12233 9605 15731 16187 16187 16187 16187 16187
3842 3171 2856 11889 4776 12012 16187 3364 926 8268 12233 11553 12233 3286 16187 16187
3171 14150 14734 564 5459 15658 8710 11953 12233 9605 15731 16187 16187 16187 926 16187
926 926 8710 15761 1955 4776 817 16187 16187 16187 16187 16187 16187 16187 16187 16187
926 8710 6388 8719 4776 10501 3177 4776 7612 5867 16016 8268 926 16187 16187 16187
926 926 8710 12256 16187 16187 14237 13549 4776 954 16187 16187 16187 16187 11162 16187
926 8164 16187 16187 16187 16187 16187 16187 16187 16187 16187 16187 16187 16187 16187 16187
926 8164 16187 15597 9431 16187 15597 11738 16187 9084 16187 7742 16187 2541 16187 16187
926 447 16187 926 8268 4776 926 16187 13474 926 16187 16187 926 16187 16187 16187
13084 2746 91 16187 16187 16187 16187 16187 16187 16187 16187 16187 16187 16187 16187 16187
13084 2746 91 16187 4776 10583 16187 4776 9332 14596 16187 9332 14596 16187 14596 16187
3098 5646 950 16187 6259 926 12233 12650 16187 16187 16105 16187 14241 16187 14029 16187
15846 14069 2823 4404 2598 16187 16187 16187 16187 16187 16187 16187 16187 16187 16187 16187
3842 16187 16187 1737 4776 6619 5627 16187 7499 1243 12233 3171 9431 16187 1813 12028
15846 6096 779 2296 12766 1954 9332 950 830 9070 16187 16187 13152 16187 16187 11953
4776 745 4931 6259 926 10967 4776 14596 4493 926 6423 4776 14603 1787 16187 16187
3842 3171 2856 11889 4776 12012 16187 3364 926 8268 12233 11553 12233 3286 16187 16187
4776 926 8719 5802 13947 2904 2552 703 6259 9450 8271 14237 9296 2148 6991 16187
16146 926 14156 926 926 8268 2066 2522 8268 926 926 14237 3082 16076 926 16187
3842 1957 14180 1737 16187 16187 14397 14397 512 9290 16187 16187 16187 16187 16187 16187
14734 8808 8710 13532 15840 11401 14596 14180 4776 4927 10967 4776 8230 1865 16187 16187
6826 3177 4776 8846 926 8719 4776 12298 2598 16187 16187 16187 16187 16187 16187 16187
3842 1957 14180 1737 16187 16187 14397 14397 14192 16187 16187 16187 16187 16187 16187 16187
4776 13811 14237 10418 8710 6070 5543 16187 6070 5543 16187 6070 6626 10418 16187 16187
8712 4931 10571 15624 14237 1 16187 16187 16187 16187 16187 16187 16187 16187 16187 16187
8712 4931 10571 15624 14237 1 16187 1127 16187 11953 2608 4776 926 16187 771 12233
8712 4931 7742 10471 14237 4776 10418 1019 8245 1449 6173 4931 6535 10355 16187 16187
12536 4931 10355 12008 3364 11553 12766 869 8270 16187 16187 16187 16187 16187 16187 16187
3842 1957 14180 1737 16187 16187 8268 14397 14237 926 16187 16187 16187 16187 16187 16187
10355 4915 13797 16187 12545 5463 1885 643 16187 2148 926 16187 926 16187 12349 926
926 8268 4845 14827 1885 5232 926 16187 16187 16187 16187 16187 16187 16187 16187 16187
926 8268 13250 16187 15956 1543 820 8710 16041 926 16187 2097 3177 6259 926 16187
926 8268 6011 14776 5568 1955 4776 983 5208 2823 16187 91 16187 16187 16187 8719
15441 5867 195 91 3543 5500 4776 7640 10967 13592 6789 926 3994 926 16187 16187
3842 1957 14180 1737 16187 16187 8268 14397 14237 926 6259 2024 2563 16187 16187 16187
4537 5272 12233 8733 6259 926 14029 4776 4949 16187 16187 16187 16187 7742 16187 16187
49 2858 4776 926 926 9799 16187 16187 16187 16187 16187 16187 16187 16187 16187 16187
3842 16187 16187 1737 8268 14180 13348 16187 11553 6259 926 13348 16187 16187 16187 2176
1378 926 7251 926 926 5867 11907 216 16187 3098 16187 4707 8710 6348 10259 16187
1955 830 4776 6854 14069 14776 13084 15721 12233 5993 8712 16187 16187 16187 16187 16187
3842 1957 14180 1737 16187 16187 8268 14397 14237 926 6259 2024 2563 16187 16187 6535
14180 3177 15649 926 4776 9438 15658 8710 13474 926 2598 2598 16187 16187 2598 16187
7740 4552 9754 15956 16187 16187 16187 16187 16187 16187 16187 16187 16187 16187 16187 16187
7740 4552 9754 15956 16187 1157 12233 4552 16187 926 16105 8712 16187 16187 4032 15715
7740 11530 8712 16187 8719 926 7740 9577 14237 3364 16187 11728 16187 16187 16187 16187
8268 15649 4931 9754 8069 7432 2837 6259 3011 13926 3177 926 5867 6484 16187 16187
3842 1957 14180 1737 16187 16187 8268 14397 14237 926 6259 2024 2563 16187 2552 16187
1955 7740 926 8258 6011 6166 830 8719 6259 308 16187 16187 16187 16187 16187 16187
3171 2563 779 6070 9450 9955 14237 8710 5568 4409 14861 9485 16187 16187 16187 16187
3842 16187 16187 1737 8268 14180 4776 12349 16187 14180 12291 16187 16187 16187 926 16187
3171 2563 779 6070 9450 9955 14237 8710 2326 14272 628 926 12260 12233 16187 926
8712 4931 14734 10922 954 8719 1243 16187 16187 16187 16187 16187 16187 16187 16187 16187
3842 1957 14180 1737 16187 16187 14397 14397 512 9290 16187 16187 16187 16187 16187 16187
8712 4931 4776 10566 7385 8268 14939 926 4776 1787 779 8084 14362 16187 9290 16187
14237 14180 3177 3171 8710 10471 13907 6259 4707 12349 8920 16187 16187 16187 16187 16187
3842 1957 14180 1737 16187 16187 8268 14397 14237 926 16187 8069 16187 16187 16187 16187
12008 3484 13089 8710 385 12233 11553 6259 582 3177 4776 926 5867 926 16187 16187
14411 8268 7740 5208 2552 1543 820 5208 11553 15180 1919 3171 10033 16187 16187 16187
14411 8268 7740 973 9238 16187 1138 6390 1110 5711 16187 14596 16187 16187 16187 16187
7740 11530 8712 16187 8719 926 8268 1229 7740 9084 1954 12149 16187 10033 16187 16187
4776 926 15928 926 8268 1138 12008 2977 926 8710 1954 13348 5711 16187 16187 16187
3842 3171 2856 11889 4776 12012 16187 3364 926 8268 12233 11553 12233 3286 16187 16187
4776 926 15928 926 8268 1138 12008 2977 926 8710 1954 13348 5711 16187 16187 11889
6011 4537 9429 926 8710 1954 13743 5095 16187 16187 16187 16187 16187 16187 16187 16187
6011 11553 8093 8466 1157 11889 3171 16187 8719 11562 16187 8456 14237 926 16187 16187
6011 3364 4537 2823 13611 14237 9605 5463 15525 830 3171 16187 9577 15846 8197 16187
3461 3171 13839 14237 8269 771 2148 1360 7156 14237 926 14237 1641 16187 16187 16187
3842 1957 14180 1737 16187 16187 14397 2148 512 6259 926 16187 16187 16187 8084 16187
4776 10418 14237 8808 8710 926 12008 4776 10566 8139 926 16187 16187 8185 926 16187
7742 10471 13348 16187 16187 16187 16187 16187 16187 16187 16187 16187 16187 16187 16187 16187
7742 13084 16187 4552 7740 15956 12958 11953 3171 2563 16187 9442 10471 16187 16187 926
7742 10471 13348 16187 926 16187 1378 11889 6259 926 16187 16187 16187 16187 16187 16187
13931 1909 9290 16187 16187 16187 16187 16187 16187 16187 16187 16187 16187 16187 16187 16187
4624 12431 6259 10894 3177 7661 8268 7740 973 15640 16187 926 16187 16187 16187 10503
4624 3543 14180 2823 1229 3562 8719 643 16187 643 16187 16187 2148 8268 16187 16187
6011 3543 9754 12650 3171 10033 926 16187 16187 16187 16187 16187 16187 16187 16187 16187
6011 15846 2823 2148 512 9872 16187 926 8719 3171 2563 16187 16187 16187 16187 16187
6011 4628 9754 2823 9872 16187 926 8719 3171 10033 16187 16187 16187 16187 16187 16187
5332 7001 12149 3171 2563 14237 2552 8712 1955 1597 12291 1955 6011 5208 13348 16187
5329 8569 8268 12008 4776 12835 14776 14180 4776 10566 8185 16187 14180 16187 10566 9780
12008 3484 13089 8710 385 12233 11553 6259 2400 16187 7336 926 16187 16187 16187 12008
4776 10397 8710 7393 14084 12233 11961 1781 12224 3177 1945 16187 16187 16187 16187 16187
4776 4267 8084 16187 4320 4776 2563 4931 15452 1955 926 1955 4776 926 9139 16187
4776 10217 8197 6259 13436 9534 16187 3388 16187 91 16187 6070 5121 16187 15874 16187
3171 8268 2837 2093 8268 6546 1955 630 10770 1955 6259 2043 16187 16187 16187 16187
3842 16187 16187 1737 8268 14180 4776 16146 16187 14180 16187 16187 16187 16187 10879 16187
3171 2563 3847 5463 1344 7742 13348 16187 16138 16187 1957 14589 16187 16187 6713 16187
7740 926 3171 2563 14237 1959 16187 16187 16187 16187 16187 16187 16187 16187 16187 16187
9036 3171 10033 8268 15978 983 8710 12495 7613 12233 3667 16187 1919 1138 13178 16187
7740 926 3171 2563 14237 1959 16187 13348 16187 16187 14919 16187 12276 16187 16187 16187
12232 9754 7926 11553 11465 12233 5804 2598 16187 16187 16187 16187 16187 16187 16187 16187
5329 8569 16187 13089 13474 5867 1019 926 2598 16187 16187 16187 16187 16187 16187 16187
4552 6011 2326 16187 3553 7926 9431 8719 6259 3011 9290 16187 15 830 6259 926
7661 4776 6331 14237 929 14029 4776 9574 14029 926 1543 6070 9758 16187 16187 16187
3842 11889 8712 5867 2023 6011 8913 12233 13931 6011 16187 10671 16187 4032 15715 16187
4776 12621 14776 10571 16038 14237 2176 16187 1344 1955 7742 16187 4776 10033 10272 12233
4776 926 13926 9715 926 6179 14029 6259 15884 15781 14237 2135 8712 3748 7393 16187
3842 3171 2856 11889 4776 12012 16187 3364 926 8268 12233 11553 12233 3286 16187 16187
4776 926 15928 926 8268 1138 12008 2977 926 8710 1954 13348 5711 16187 16187 16187
15408 5332 4776 14596 10913 6546 2148 926 512 1157 6672 2326 16187 16187 16187 16187
3842 1957 14180 1737 16187 16187 8268 14397 14237 926 16187 8069 8710 16187 9640 16187
7740 11530 8712 16187 8719 926 8268 1229 7740 9084 1919 6011 16187 16187 6655 14230
2257 8710 5329 630 3177 1954 13926 12008 14595 13056 7742 9591 16187 16187 16187 16187
3842 1957 14180 1737 16187 16187 8268 14397 14237 926 6259 2024 2563 16187 16187 6535
5297 6259 3098 8855 3177 4776 10033 16187 926 926 16187 926 16187 926 16187 16187
4776 926 8268 926 926 13034 8710 6259 10953 11310 16187 16187 16187 16187 16187 16187
4776 926 8268 4311 12379 13348 16187 2148 16187 2053 926 3994 16187 487 16187 16187
4776 926 8268 926 926 13034 8710 6259 10953 11310 16187 16187 2563 16187 6259 7970
6979 14272 6011 3364 11753 1955 4086 16187 16187 16187 16187 16187 16187 16187 16187 16187
223 13348 16187 926 16187 2053 926 3177 4776 9290 16187 16187 13348 16187 16187 16187
8726 5808 3364 15002 6826 13164 4311 926 12187 7740 6635 8712 13348 13348 16187 926
4776 13498 13103 8710 669 13663 14237 11022 2837 2085 9410 16187 16187 16187 16187 16187
4776 4267 8084 16187 4320 4776 2563 4931 15452 10967 4776 926 16187 16187 16187 7937
4776 13498 13103 8710 669 13663 14237 11022 2837 2085 9410 16187 16187 5095 16187 14237
5920 16187 16187 16187 16187 16187 16187 16187 16187 16187 16187 16187 16187 16187 16187 16187
9036 3171 2563 16187 12495 10355 16187 2148 512 926 13348 16187 16187 9450 16187 16187
7740 4931 926 16187 11889 3171 8719 4776 14233 16187 16187 16187 1919 5463 16187 16187
14272 1954 6148 7937 3177 2122 8268 7742 5606 14237 4812 16187 16187 16187 16187 16187
14272 4931 1515 10324 817 13529 5867 8456 13089 7926 9084 5463 2598 16187 16187 16187
4776 12835 14776 830 4776 10566 10501 13074 14237 13436 16187 6070 9450 16187 16187 16187
13089 1378 8710 1229 15513 1955 12951 4776 2563 8710 7177 4241 16187 16187 16187 16187
3842 1957 14180 1737 16187 16187 14397 2148 512 6259 9290 16187 16187 1954 1133 16187
7740 11530 8712 16187 8719 926 8268 1229 7740 9084 1919 6011 16187 16187 6655 13348
4776 14596 2894 15846 7347 9455 13022 12233 4776 2563 16187 16187 16187 16187 16187 16187
4776 14596 4931 3278 16187 6601 4776 10566 10501 3177 4776 10033 16187 8185 5463 16187
4776 14596 2894 15846 7347 9455 13022 12233 4776 2563 16187 8270 16187 16187 16187 16187
7740 15831 8268 7740 252 14237 7740 15880 11953 9780 703 16187 16187 16187 16187 16187
7740 1951 5329 630 3559 1919 4776 11954 5414 6590 3177 4250 3416 16187 16187 16187
7740 1951 5297 926 10332 2103 4240 9316 8712 830 4776 9431 983 16187 9442 14465
4776 12529 8230 8268 7090 8651 8712 14180 5022 14237 3927 6527 12233 4776 1816 16187
4776 4267 10501 4931 5463 7909 3504 8268 7740 8313 8268 14272 4776 6286 2598 16187
4776 12529 8230 8268 7090 8651 8712 14180 5022 14237 3927 6527 12233 4776 1816 16187
4776 10217 926 7310 3588 3366 3847 5329 15232 1954 9803 14281 3177 4776 10033 16187
4776 4267 8710 10501 9850 8268 2837 14221 16187 16187 15525 16187 16187 16187 13348 16187
4776 10217 926 14237 9605 4776 7218 10918 8719 4269 16187 2598 16187 16187 16187 2598
8712 8710 1378 3177 12276 926 16187 16187 16187 16187 16187 16187 16187 16187 16187 16187
3842 1957 14180 1737 16187 16187 14397 9382 16187 2563 16187 3112 12127 983 16187 151
8712 8710 1378 3177 12276 926 16187 8185 16187 6695 16187 16187 926 16187 8185 16187
3171 8710 11698 14651 16187 16187 16187 16187 16187 16187 16187 16187 16187 16187 16187 16187
3171 8710 5329 14068 6259 11899 5867 14251 8268 9455 5208 12149 3171 2563 16187 13588
3171 8710 14272 14766 14237 7314 8710 830 8268 820 16187 16187 926 16187 16187 10983
926 11014 9468 8719 14734 954 1955 4776 1329 1872 15762 16187 16187 16187 16187 16187
3842 1919 12127 926 3177 5937 1750 16187 12349 4311 7740 16187 13348 16187 3192 16187
926 11014 9468 8719 14734 954 1955 4776 1329 1872 15762 16187 5820 16187 4017 16187
14272 5867 14219 8710 5463 13474 2446 926 2884 926 16187 16187 16187 16187 16187 16187
14272 5867 14219 8710 5463 13474 2446 926 2884 926 16187 16187 16187 15525 16187 16187
8712 5867 12117 16187 10983 8268 14237 926 14237 569 16187 926 16187 16187 16187 16187
6011 15956 4776 3176 16187 16187 16187 16187 16187 16187 16187 16187 16187 16187 16187 16187
6011 15846 11728 15525 8376 16187 12349 4776 2563 16187 16187 16187 6535 16187 6918 13089
6011 7433 13348 16187 6070 15174 16187 9178 16187 10373 3194 2858 4776 926 16187 16187
926 5867 8006 926 1019 926 10763 6173 2446 8710 11919 16187 16187 16187 16187 16187
3842 16187 16187 1737 8268 14180 4776 6499 16187 16187 6070 9450 16187 16187 16187 16187
926 5867 5602 926 1019 926 926 6173 8710 6259 5200 926 16187 16187 16187 16187
2143 9484 7542 16187 16187 16187 16187 16187 16187 16187 16187 16187 16187 16187 16187 16187
9036 3171 2563 16187 12495 10355 12495 16187 12233 14192 16187 16187 926 16187 16187 16187
2143 16187 926 3177 2053 926 3994 779 6259 1117 16187 11889 8719 3171 10033 16187
31 8268 3177 1245 8268 8710 8719 4404 6619 16187 16187 16187 16187 16187 16187 16187
3842 1957 14180 1737 16187 16187 8268 14397 14237 926 6259 2024 2563 16187 16187 6535
5297 8268 4776 9577 926 8719 3171 10033 14776 4776 7438 16187 1955 926 16187 16187
7742 8268 11789 8093 16187 16187 16187 16187 16187 16187 16187 16187 16187 16187 16187 16187
7742 8268 11789 8093 16187 12008 8712 8710 6259 926 16187 16187 16187 11247 16187 16187
7742 8268 5537 14029 16187 13839 16187 6619 16187 16187 929 3171 10033 16187 16187 16187
4776 4152 4931 1138 14030 5711 16187 16187 16187 16187 16187 16187 16187 16187 16187 16187
4776 4152 4931 1138 14030 5711 16187 926 8268 8719 4776 12298 3177 3171 2563 16187
4776 4152 4931 10355 8268 14237 684 15525 6070 7742 16187 16187 9004 16187 6535 4687
8069 4776 2550 3384 4931 15525 3177 4269 16187 16187 16187 16187 16187 16187 16187 16187
3842 1957 14180 1737 16187 16187 14397 14397 512 9290 16187 16187 16187 16187 16187 16187
14734 8808 8710 13532 15840 11401 14596 14180 4776 4927 10967 4776 8230 1865 16187 16187
8712 8710 14691 3765 512 15691 13021 16187 16187 16187 16187 16187 16187 16187 16187 16187
8712 8710 14691 3765 512 15691 13021 16187 16187 16187 12349 16187 12349 16187 12349 16187
8712 8710 10373 926 5463 2353 4306 926 4931 8621 2967 1919 3171 16187 16187 926
8712 8710 1954 10915 15848 9549 14029 5937 7658 16187 16187 16187 16187 16187 16187 16187
8712 8710 15389 4624 11553 12233 420 8268 5329 12149 16187 16187 16187 16187 9890 16187
8712 8710 1954 10915 15848 9549 14029 5937 7658 16187 16187 9442 14069 16187 6070 9450
14272 13411 14069 8719 5463 926 14842 1543 4776 4369 14325 1651 2598 16187 16187 16187
14272 4931 1515 10324 817 13529 5867 8456 13089 7926 9084 5463 2598 16187 16187 16187
4776 12835 14776 830 4776 10566 10501 13074 14237 13436 16187 6070 9450 16187 16187 16187
8712 8710 5944 8268 6700 14237 2115 16187 16187 16187 16187 16187 16187 16187 16187 16187
3842 1957 14180 1737 16187 9339 8710 6259 9001 16187 16187 16187 11889 8712 5867 16187
8712 8710 5944 8268 6700 14237 2115 16187 10399 926 16187 10372 1919 14734 10567 16187
7740 2326 4552 3553 1537 926 3847 7127 1954 8162 3171 983 16187 16187 16187 16187
9036 3171 2563 16187 12495 10355 12495 16187 12233 14192 16187 16187 926 16187 926 16187
7740 2326 6635 3171 2563 8268 5329 5568 8710 8712 10434 8712 5867 2002 16187 16187
8712 8710 1954 5906 7937 3177 7314 16187 16187 16187 16187 16187 16187 16187 16187 16187
8712 8710 12741 12606 12008 6259 10887 9684 16187 15819 830 4776 2563 16187 16187 16187
8712 8710 1954 5906 7937 3177 7314 16187 16187 830 4776 10566 5796 1378 16187 926
4776 6801 7926 10231 7165 7165 6259 5858 8477 870 5463 8411 8710 7312 926 16187
4776 4267 8084 16187 4320 4776 2563 4931 15452 10967 4776 926 16187 16187 16187 16187
4776 6801 7926 10231 7165 7165 6259 5858 8477 870 5463 8411 8710 7312 926 16187
5329 6259 3098 1023 830 6259 9339 8808 16187 16187 16187 16187 16187 16187 16187 16187
3842 16187 16187 1737 8268 14180 4624 16146 16187 14180 5713 5777 16187 16187 16187 16187
3171 983 4624 926 14029 5212 1955 926 6511 16187 2296 16187 14734 926 16187 16187
91 8268 6011 9605 14180 4776 8974 926 3575 16187 16187 16187 16187 16187 16187 16187
91 8268 12716 8268 4325 14173 16187 6259 9405 8268 14237 8712 5867 4032 15715 16187
13474 5362 6712 12233 12727 14734 1378 14029 1378 8043 16187 2148 926 16187 16187 16187
4325 12232 5329 11553 13758 2858 6722 8268 12008 830 5463 4565 5889 16187 16187 16187
4325 12232 5329 11553 13758 2858 6722 8268 12008 830 5463 4565 5889 16187 16187 16187
6011 3364 606 5463 8268 15870 8268 5463 4776 10033 13216 14029 12495 15096 16187 14029
14237 2016 8719 4776 954 3177 6086 926 13084 4927 7068 13348 13348 13348 16187 16187
14237 4776 12478 3847 5329 8733 4776 6071 13592 3765 3356 512 8712 8710 16187 16187
14237 14734 1110 13135 1919 4776 7339 8710 3335 16187 16187 926 13348 16187 16187 16187
14030 8268 1543 5867 4776 1832 2598 16187 16187 16187 16187 16187 16187 16187 16187 16187
14030 8268 1543 5867 4776 1832 2598 16187 14029 4776 2563 16187 10710 16187 16187 926
14043 4931 926 4537 6259 10894 16187 11889 830 4776 2563 16187 16187 16187 16187 16187
4776 564 950 8719 3171 2563 8710 10375 4776 926 16187 16187 16187 16187 16187 16187
4776 4267 10501 4931 5463 7909 3504 8268 7740 8313 8268 14272 4776 6286 2598 16187
4776 1378 273 6423 6259 926 14237 926 1895 2837 4776 5042 2598 16187 16187 15149
13474 5673 12233 9070 13474 779 6259 7620 13740 3177 926 926 16187 16187 16187 16187
3842 11889 8712 5867 2023 6011 8913 12233 13931 6011 16187 10671 16187 16187 9577 16187
13474 3638 14745 12233 6259 7712 1543 7926 8746 15555 8268 684 2837 10015 10041 16187
4325 11553 15597 12835 8913 1229 7742 8268 4325 16138 8069 14114 6011 16187 16187 16187
4325 11553 15597 12835 8913 1229 7742 8268 4325 16138 8069 14114 6011 16187 816 8719
4325 14776 7367 14237 926 926 5867 926 14237 926 16187 16187 16187 16187 16187 16187
4776 14596 4931 11186 14237 4776 5837 4931 14219 16187 16187 16187 16187 16187 16187 16187
4776 14596 4931 3278 16187 16187 15096 16187 9640 4776 2563 16187 4776 926 16187 13081
4776 14596 4931 9563 6152 8268 14237 4776 9128 4931 1175 13348 16187 16187 16187 6070
14069 8710 13084 15778 16187 16187 16187 16187 16187 16187 16187 16187 16187 16187 16187 16187
14069 8710 13084 15778 16187 9831 16187 14180 16187 16187 16187 16187 12441 16187 16187 16187
14069 8710 6259 10150 12782 16187 6259 926 1919 4776 926 16187 16187 926 16187 16187
4537 2823 4170 8268 1955 6011 12650 3171 10033 8268 5463 8712 8710 5329 12491 16187
5329 8569 8268 12008 5329 5463 10355 9890 16187 8712 8710 16187 16187 16187 16187 5046
4537 5272 12233 8733 6259 926 14029 4776 7438 16187 16187 6381 8719 6259 926 16187
5627 16187 16187 16187 16187 16187 16187 16187 16187 16187 16187 16187 16187 16187 16187 16187
5627 16187 5329 12495 630 12233 2823 14029 91 16187 16187 10207 1885 16187 16187 16187
5627 16187 9850 16187 7742 16187 7742 16187 14237 4776 2563 4931 16187 8069 2148 16187
4776 14596 4931 3278 16187 16187 16187 16187 16187 16187 16187 16187 16187 16187 16187 16187
4776 14596 4931 3278 16187 16187 926 16187 15662 4776 14599 16187 16187 926 16187 16187
4776 14596 4931 9563 6152 8268 14237 4776 9128 4931 1175 13348 16187 16187 16187 6070
8712 3364 5367 16187 16187 16187 16187 16187 16187 16187 16187 16187 16187 16187 16187 16187
8712 3364 5367 16187 2097 3177 16187 9442 15884 12233 2823 15715 16187 16187 2563 16187
8712 3364 14237 7508 13348 16187 6259 9450 11953 16187 643 16187 16187 926 16187 16187
1075 830 1954 7903 4931 14691 12008 14186 3177 14320 16187 16187 16187 16187 16187 16187
9036 3171 2563 16187 12495 10355 12495 16187 12233 14192 16187 12495 16187 16187 11839 16187
14919 16187 5329 4776 10418 4931 10355 8719 4776 2563 16187 16187 16187 16187 16187 926
2263 6259 5108 3177 4776 13334 10033 1019 926 6173 16187 16187 16187 16187 16187 16187
4776 4267 8084 16187 4320 5463 8710 14734 983 16187 926 16187 16187 16187 16187 16187
4776 1378 273 6423 6259 926 14237 926 1895 2837 4776 5042 2598 16187 16187 16187
8712 5867 6259 8752 12233 1654 4537 203 10355 7926 4931 16187 16187 16187 16187 16187
8712 5867 6259 5286 1138 15897 10033 5711 10299 3177 2974 926 14251 16187 16187 16187
8712 5867 6259 8752 12233 1654 4537 203 10355 7926 4931 16187 16187 16187 16187 16187
8719 3171 2037 8268 8712 8710 2815 16187 16187 16187 16187 16187 16187 16187 16187 16187
3842 1957 14180 1737 16187 16187 14397 2148 512 6259 926 16187 1954 643 16187 7970
8719 3171 10033 8268 7926 7076 1955 4421 926 16187 16187 16187 16187 16187 16187 16187
3171 11039 3177 9424 11921 10036 14237 10036 16187 16187 16187 16187 16187 16187 16187 16187
3171 4931 1378 1543 4325 9084 16187 816 8719 4776 10033 16187 16187 16187 16187 16187
3171 4931 1378 5646 14237 926 2353 16187 14180 14734 16146 16187 16187 926 16187 16187
5329 12495 630 926 8268 12008 8712 15846 8197 3575 4609 16187 16187 16187 16187 16187
5329 4409 16187 6535 630 6259 9332 14596 5463 16187 6297 2997 16187 16187 926 16187
1229 7926 14352 1543 926 8710 10299 10967 1954 2148 12291 6259 2563 16187 16187 16187
3177 1245 8268 4624 16138 14180 15956 11953 8712 16187 16187 16187 16187 16187 16187 16187
3842 1957 14180 1737 16187 16187 8268 14397 14237 926 6259 2024 2563 16187 16187 6535
12008 3484 13089 8710 385 12233 11553 6259 582 3177 4776 926 5867 926 16187 16187
7926 8710 6259 10894 40 4537 11889 926 926 8719 12658 16187 16187 16187 16187 16187
3842 16187 16187 1737 4776 6619 5627 16187 13141 1378 8913 11889 5463 16187 926 16187
7926 8710 6259 10894 40 4537 11889 926 926 8719 12658 16187 816 16187 16187 11839
926 8710 6259 13144 15291 14217 8268 1955 1378 926 10967 15715 15790 16187 16187 16187
3842 3171 2856 11889 4776 12012 16187 3364 926 8268 12233 11553 12233 3286 16187 16187
926 8710 6259 1659 926 14237 7926 14237 9653 11553 6259 8888 16187 16187 16187 16187
9085 10399 1390 8710 14029 4776 2601 8268 6259 6070 7742 16105 2122 7215 16187 16187
3842 1957 14180 1737 16187 16187 8268 14397 14237 926 6259 2024 2563 16187 16187 9450
10355 8353 14596 16187 2097 3177 6259 9154 1787 1919 6259 391 16187 16187 15043 5388
7740 3364 5329 11553 608 830 6259 10033 16187 16187 16187 16187 16187 16187 16187 16187
7740 3364 9754 14192 7401 15658 4931 16041 16148 14043 203 16187 926 16187 16187 16187
7740 11530 926 9577 14237 8268 7742 8268 4776 4720 4931 14734 10418 6021 16187 16187
7742 2296 771 6070 926 1825 3177 15597 8185 8069 16187 16187 16187 16187 16187 16187
9036 3171 2563 16187 12495 10355 12495 16187 12233 14192 16187 16187 926 16187 16187 926
7742 8268 7740 1951 91 7032 6011 5329 12233 6407 15525 16187 16187 2097 16187 16187
4366 1243 2968 8268 6259 926 3177 926 3364 2823 771 830 157 926 16187 16187
3842 11889 8712 5867 2023 6011 8913 12233 13931 6011 16187 10671 16187 16187 9577 16187
1378 11401 926 6218 14237 926 926 12233 1453 14029 3171 2037 16187 16187 16187 16187
1229 2598 16187 16187 16187 16187 16187 16187 16187 16187 16187 16187 16187 16187 16187 16187
1229 2598 16187 830 10394 8081 12835 12233 11553 12233 12545 16187 16187 16187 16187 16187
1229 2598 16187 926 16187 5332 7740 15956 16187 643 16187 4311 16187 16187 16187 16187
1450 5463 11953 15521 14043 2148 6179 13501 8719 4776 12252 926 16187 16187 16187 16187
3842 1957 14180 1737 16187 16187 8268 14397 14237 926 6259 2024 2563 16187 2552 9450
14237 10644 8710 13306 5867 8081 11798 15658 4537 13384 7708 16187 926 16187 16187 16187
926 926 14237 926 926 2451 3782 12835 16187 16187 16187 16187 16187 16187 16187 16187
926 926 5329 5568 2608 8569 12008 14734 4931 7336 13473 16187 16187 16187 16187 16187
926 926 14237 926 3372 6873 1955 4776 14802 8858 926 16187 16187 16187 16187 16187
4776 6006 8710 2176 14237 2326 926 3171 12444 5022 1919 4776 8213 7249 4189 16187
4776 4267 8084 16187 4320 5463 8710 14734 983 16187 926 16187 16187 16187 16187 16187
4776 6006 8710 12256 16187 16187 13663 10418 2563 13663 16187 9817 8719 16187 16187 16187
4931 926 926 14477 2903 14180 4776 2664 14043 15389 2598 16187 16187 16187 16187 16187
3842 1957 14180 1737 16187 16187 14397 14397 512 9290 16187 926 16187 12349 16187 16187
6259 14193 14029 10033 16187 16187 16187 8268 14237 10589 1957 14180 16187 16187 16187 16187
4776 4302 8710 1955 630 6259 8808 1955 4776 2946 16187 16187 16187 16187 16187 16187
4776 4267 8084 16187 4320 5463 7926 12515 12349 6259 11401 16187 10373 16187 16187 16187
4776 2946 14776 7730 8466 12233 2823 926 830 15721 16187 16187 16187 16187 16187 16187
4776 14635 3177 2563 5463 15881 15525 12233 3059 12495 6280 14855 12233 4874 8949 16187
3842 1957 14180 1737 16187 16187 8268 14397 14237 926 6259 14148 8268 926 16187 16187
4776 1378 5463 7740 1959 4931 4707 926 8719 15909 16187 6041 4776 926 16187 643
6687 8710 6259 3098 13587 10033 830 13592 983 13783 16187 16187 16187 16187 16187 16187
3842 16187 16187 1737 8268 4776 16146 1486 12233 8353 16187 983 16187 926 13348 16187
8710 15520 13276 4776 7306 3177 15520 12695 12233 5138 15520 5532 2598 16187 16187 16187
4624 2172 14691 2148 512 14272 10566 3177 2904 1442 1390 1243 2968 16187 16187 16187
9036 3171 2563 16187 12495 10355 12495 16187 12233 14192 16187 16187 926 16187 926 16187
7740 11530 12958 11953 3171 2563 14237 7740 2308 13832 16187 4537 16187 16187 16187 16187
3171 2601 926 3384 13942 12233 2823 4776 6879 3177 4776 10033 16187 16187 16187 16187
3171 8710 4776 63 4267 16187 7740 11553 8084 8466 16187 16187 816 16187 16187 16187
3171 8710 4776 564 2573 7740 3364 8197 13592 13926 14043 950 16187 16187 5947 2664
9743 926 14776 224 16187 16187 16187 16187 16187 16187 16187 16187 16187 16187 16187 16187
3842 11889 8712 5867 2023 6011 8913 12233 13931 6011 16187 10671 16187 4032 15715 16187
14734 9313 4125 11657 16187 4776 926 14237 1110 16187 12669 16187 2689 16187 16187 16187
7740 12232 9754 3667 12276 983 1919 3171 8726 7740 9498 6011 16187 16187 16187 16187
7740 12232 9754 8154 8712 16187 12233 9455 12115 4776 9431 3177 4776 9431 16187 8185
7740 11530 8712 16187 8719 926 8268 1229 7740 9084 1919 6011 16187 16187 16187 12233
4874 15762 14043 10653 16106 4574 6259 14273 4379 10033 2598 16187 16187 16187 16187 16187
5329 2296 6148 3823 16187 15956 13089 8712 8710 16187 16187 816 16187 16187 16187 16187
2945 13077 3171 1378 15525 13348 16187 926 13348 16187 6011 16187 13348 16187 11889 16187
8712 5867 14180 11953 6269 1919 5713 926 16187 16187 16187 16187 16187 16187 16187 16187
8712 5867 14180 1229 2444 3846 16187 1778 16187 8712 16187 16187 16187 11273 16187 16187
8712 5867 14180 6070 13074 14237 2229 12233 5522 1919 16187 16187 16187 16187 16187 16187
4325 13758 8268 4325 7001 8268 4325 14776 8093 6070 10355 16187 16187 16187 16187 16187
4325 14776 5462 926 8719 12409 16187 16187 1378 1919 1378 16187 8353 16187 16187 16187
4325 14776 9387 16187 16187 926 8719 13592 4927 16187 899 16187 16187 6918 16187 16187
8712 8710 9754 8069 5450 2689 16187 16187 16187 16187 16187 16187 16187 16187 16187 16187
8712 8710 9754 8069 5450 2689 16187 12606 16187 10401 512 7740 12298 16187 2903 16187
8712 8710 12606 16187 16187 8268 14237 8712 5867 6070 2689 16187 16187 16187 3356 7314
4421 10668 15881 6259 3984 12233 11178 14180 3177 14734 10418 906 16187 16187 16187 16187
3842 1919 12127 926 3177 5937 1750 16187 12349 4311 7740 16187 13348 16187 3192 16187
926 8710 1378 3177 9743 16187 9290 5463 1750 3177 4776 2563 16187 16187 926 16187
3171 10033 779 6259 5948 3177 1684 14237 5086 12008 8710 6535 4687 12233 14192 16187
3842 3171 16187 11889 10509 926 2563 8268 6259 926 731 16187 12233 4776 926 16187
3171 10033 779 1954 12256 13839 8268 9563 4776 582 16187 16187 16187 1436 16187 4687
7740 12102 13089 4325 11031 4537 6259 2385 12835 14237 9085 15525 6535 6280 16187 16187
7740 9084 9754 8069 3286 5463 5 1243 7001 2837 8719 4776 10033 16187 16187 16187
7740 11530 8712 16187 8719 926 8268 1229 7740 9084 1919 6011 16187 16187 6655 14230
3171 926 4776 10033 10967 13551 926 8719 2148 3969 16187 16187 16187 16187 16187 16187
3842 3171 2856 11889 4776 12012 16187 3364 926 8268 12233 11553 12233 3286 16187 16187
3171 926 4776 10770 9813 16187 14237 7740 9563 9431 2563 16187 10571 15096 2563 16187
4776 926 4931 1229 6685 8712 4931 9754 2689 16187 16187 16187 16187 16187 16187 16187
4776 4267 10501 4931 817 16187 5332 6683 8268 6683 830 926 16187 6683 16187 12149
4776 10033 4931 3098 8268 6297 16187 15525 16187 830 6259 926 926 13348 16187 13348
771 4776 13590 1125 14029 4776 926 13348 16187 16187 16187 16187 16187 16187 16187 16187
3842 11889 8712 5867 2023 6011 8913 12233 13931 6011 16187 10671 16187 16187 10770 16187
6259 5948 3177 8761 5867 13701 8268 2513 14237 1229 14029 16187 16187 16187 16187 16187
4776 2148 6011 12650 8712 4776 2461 8712 8710 16187 16187 16187 16187 16187 16187 16187
4776 4267 10501 4931 5463 7909 3504 8268 7740 8313 8268 14272 4776 6286 2598 16187
4776 2563 4537 4342 14237 4776 12760 3384 7740 15846 8093 10080 8712 13348 16187 16187
6259 9385 8710 16041 890 2837 8656 926 8268 12008 3774 13216 2903 12233 4312 16187
3842 1957 14180 1737 16187 16187 14397 2148 512 6259 926 16187 16187 16187 8084 16187
6259 5948 3177 4776 8339 3847 9754 5616 11297 9441 1957 14180 16187 8710 16187 16187
3367 9193 882 1954 6814 2115 3167 3177 4776 6915 9870 8719 12353 16187 16187 16187
3842 11889 8712 5867 2023 6011 8913 12233 13931 6011 16187 10671 16187 16187 9577 16187
4624 2552 4776 8312 4804 2858 6259 926 926 926 14237 926 926 12233 926 16187
7740 11839 9845 926 8268 15658 4931 2697 926 8719 3171 954 8268 4931 12256 16187
9036 3171 2563 16187 12495 10355 12495 16187 12233 14192 16187 16187 926 16187 926 16187
7740 11839 7926 4931 12256 13084 6178 14069 16187 4927 16187 4949 16187 16187 16187 9780
1229 7740 4931 15054 3748 16187 16187 16187 16187 16187 16187 16187 16187 16187 16187 16187
1229 7740 4931 15054 3748 16187 5520 16187 16187 16187 14734 7981 16187 16187 16187 926
1229 7740 118 926 16187 14237 7740 11553 12233 8466 3171 16187 11889 8712 16187 16187
15658 12232 9754 188 12233 12514 12115 3171 14634 2598 16187 16187 16187 16187 16187 16187
5329 8569 16187 13089 13474 5867 1019 926 6173 16187 926 16187 16187 16187 16187 16187
6011 15846 11728 16187 5948 8270 8719 4776 11846 1439 16187 477 8719 4776 10033 16187
4776 14596 8710 5516 13348 16187 16187 16187 16187 16187 16187 16187 16187 16187 16187 16187
4776 14596 8710 8423 9332 16187 6070 8268 12008 1543 4776 2601 8710 2148 8268 7740
4776 14596 8710 5516 13348 16187 14237 4776 10418 4931 14180 16187 15819 10418 16187 16187
5463 13942 2326 926 12233 9070 16187 16187 16187 16187 16187 16187 16187 16187 16187 16187
3842 1957 14180 1737 16187 16187 8268 14397 14237 926 16187 16187 16187 16187 16187 16187
8712 4628 9754 4537 15 13532 6259 4194 3177 1750 2689 16187 10663 14237 10710 16187
12008 830 4776 11191 3177 2904 8268 5329 16187 16187 16187 16187 16187 16187 16187 16187
12008 830 4776 11191 3177 2904 8268 5329 16187 6011 9429 16187 15846 7001 16187 16187
12008 830 1885 15096 926 11913 8268 13474 5867 6259 12561 926 8808 16187 16187 16187
12008 5329 15978 7926 5568 16105 8712 16187 16187 16187 16187 16187 16187 16187 16187 16187
12008 5329 1789 16187 5208 6011 11889 14745 8719 4404 926 16187 16187 16187 16187 16187
12008 5329 10394 4931 9106 16187 10566 3177 3171 16187 16187 4931 2588 3531 16187 16187
6259 14193 14029 10033 16187 16187 16187 16187 16187 16187 16187 16187 16187 16187 16187 16187
3842 3171 2856 11889 4776 12012 16187 3364 926 8268 12233 11553 12233 3286 16187 16187
6259 14193 14029 10033 16187 16187 16187 8268 14237 1919 4776 10418 16187 926 16187 14596
4776 14599 16187 16187 16187 16187 16187 16187 16187 16187 16187 16187 16187 16187 16187 16187
4776 14599 16187 4776 14596 8710 4776 14596 5463 7740 2383 10589 13089 4776 926 8710
4776 14599 16187 5036 16187 8710 6601 15658 926 4776 926 14237 926 16187 16187 926
3171 8710 2689 8268 1955 8712 3112 6011 14760 16187 16187 16187 16187 16187 16187 16187
3842 16187 16187 1737 4776 6619 5627 16187 14043 4932 16187 7991 16187 16187 6378 16187
3171 8710 14272 14766 14237 7314 8710 830 8268 820 16187 16187 10686 8268 16187 3553
8815 4776 2563 8268 5463 8710 8268 10967 6259 14635 3177 16187 16187 16187 16187 16187
9036 3171 2563 16187 12495 10355 12495 16187 12233 14192 16187 16187 926 16187 16187 16187
7740 4931 2758 12233 10603 15525 3171 10033 4931 9575 5350 14029 2753 8719 10203 16187
9316 14745 926 8710 6259 6140 926 830 6259 6013 2563 16187 16187 16187 16187 16187
3842 1957 14180 1737 16187 16187 14397 2148 512 6259 926 16187 1954 6259 926 16187
926 5867 3809 6006 3112 9425 731 16187 12008 8712 5867 5820 16187 16187 16187 16187
12008 1229 8710 4776 10033 16187 16187 16187 16187 16187 16187 16187 16187 16187 16187 16187
12008 1229 630 8270 16187 4537 3112 3171 2563 16187 16187 1957 14589 16187 926 16187
12008 1229 8710 4776 10033 16187 16187 13436 10566 3177 4776 926 7001 16187 16187 1110
1019 1889 8268 926 16187 16187 16187 16187 16187 16187 16187 16187 16187 16187 16187 16187
1019 1889 8268 926 16187 2979 16187 1329 16187 3748 16187 16187 16187 16187 6535 630
1019 15649 8710 10602 2837 9070 13348 16187 10033 16187 16187 16187 7970 16187 16187 16187
926 926 5867 8808 8710 8268 6381 10716 6259 7083 16187 16187 16187 16187 16187 16187
3842 8712 11889 4776 12012 13348 16187 5447 4776 2563 16187 6259 6304 12232 11889 12233
926 926 5867 132 8710 13893 1919 1954 3437 1380 3751 4263 8712 16187 16187 10983
14043 771 12233 15597 14585 16187 16187 16187 16187 16187 16187 16187 16187 16187 16187 16187
14043 771 12233 15597 14585 16187 16187 16187 6683 16187 14581 10355 16187 16187 2689 16187
14043 771 12233 15597 14585 16187 16187 16187 11839 16187 7740 16187 9084 16187 16187 4311
4325 7448 12233 8554 9222 8185 11889 3171 16187 16187 16187 16187 16187 16187 16187 16187
4325 14776 4537 14069 12233 2823 5576 926 16187 5297 1378 16187 13089 7926 5867 16187
4325 14776 9387 16187 16187 926 1919 6259 926 830 3171 16187 16187 16187 16187 12120
8712 3847 9754 7448 1378 16187 16187 16187 16187 16187 16187 16187 16187 16187 16187 16187
8712 3847 9754 11553 12233 16187 8781 12008 8719 4269 16187 926 16187 16187 16187 16187
8712 4628 9754 4537 15 13532 6259 4194 3177 1750 2689 16187 10663 14237 10710 16187
15843 3171 10033 8268 5711 6731 14826 5711 8710 6259 4659 12444 16187 16187 16187 16187
3842 11889 8712 5867 2023 6011 8913 12233 13931 6011 16187 10671 16187 16187 9577 16187
10355 8353 14596 16187 2097 3177 6259 9154 1787 1919 6259 9485 16187 16187 16187 16187
7740 1110 2167 12491 8268 12008 3171 4931 4537 2689 1957 6826 8506 16187 16187 16187
7740 4931 6391 3098 703 10967 4776 6406 16187 1378 16187 926 2903 16187 16187 16187
7740 4931 2758 12233 10603 15525 3171 10033 4931 9575 5350 14029 2753 8719 10203 16187
926 10150 3112 6259 926 3177 6905 2837 926 4776 10217 7897 10051 16187 16187 16187
3842 3171 2856 11889 4776 12012 16187 3364 926 8268 12233 11553 12233 3286 16187 16187
926 5867 5732 3177 4776 926 5033 926 14854 5463 926 4776 599 16187 16187 16187
6173 926 5086 15525 14180 4776 14776 2326 8268 15602 8268 926 16187 16187 16187 16187
3842 3171 2856 11889 4776 12012 16187 3364 926 8268 12233 11553 12233 3286 16187 16187
926 16187 6988 6585 10719 9429 12669 6259 2563 8719 4776 2563 16187 9311 16187 16187
7740 12020 4325 12232 9577 3171 10036 16187 16187 16187 16187 16187 16187 16187 16187 16187
7740 12020 7740 771 8781 12495 16187 4776 2601 4152 91 8712 8710 16187 12233 16187
7740 11530 8712 16187 8719 926 8268 1229 7740 9084 1919 6011 16187 16187 7742 4552
1138 4776 3648 926 5711 15846 5509 7435 6259 14231 16187 16187 16187 16187 16187 16187
1138 4776 3648 926 5711 15846 5509 7435 6259 14231 16187 9290 16187 6259 926 16187
1138 4776 926 5711 3927 12362 14237 779 6826 13181 4440 8719 4776 10983 16187 16187
7740 4931 926 16187 16187 16187 16187 16187 16187 16187 16187 16187 16187 16187 16187 16187
7740 4931 926 10967 4776 10442 9260 4776 12298 16187 12766 926 16187 16187 5942 16187
7740 4931 926 16187 14397 926 10967 3171 16187 16187 6535 16187 14237 7740 3032 12233
1390 6173 4776 10583 8710 6070 405 16187 16187 16187 16187 16187 16187 16187 16187 16187
3842 1957 14180 1737 16187 16187 14397 9382 16187 16187 2563 16187 7970 16187 16187 16187
6173 16187 3296 8767 9188 926 5867 10501 3177 12107 8268 9188 926 5867 9465 16187
13570 8268 4776 1754 3177 7910 14029 4776 926 7740 9084 10603 7594 16187 16187 16187
3842 1957 14180 1737 16187 16187 14397 2148 512 6259 926 16187 1954 6259 926 16187
7740 2446 6635 4776 4924 4440 16187 6028 16187 6070 10879 16187 16187 16187 6535 630
12495 1022 4927 15525 830 3171 2563 5867 13188 16187 16187 16187 16187 16187 16187 16187
9036 3171 2563 16187 12495 10355 12495 16187 12233 14192 16187 16187 926 16187 926 16187
14919 16187 5329 6535 1435 16187 1878 16187 16187 16187 7807 8719 4776 4832 16187 16187
4776 9745 4931 5922 13038 8268 6543 5329 11445 144 16187 16187 16187 16187 16187 16187
4776 4267 8084 16187 4320 16187 12515 12276 10211 16187 16187 7970 16187 16187 16187 15624
4776 2285 13839 2842 1588 16187 926 16187 830 926 16187 926 16187 16187 16187 16187
4776 15015 10398 4931 13076 8268 5329 2689 16187 16187 16187 16187 16187 16187 16187 16187
4776 4267 10501 4931 5463 7909 3504 8268 7740 8313 8268 14272 4776 6286 2598 16187
4776 14596 8710 5010 16187 926 14237 8710 1344 1344 1344 1344 1344 1344 10355 16187
4311 14069 8710 4776 14148 8268 6259 5580 8882 3249 8719 10781 16187 16187 16187 16187
3842 1957 14180 1737 16187 16187 8268 14397 14237 926 6259 2024 2563 16187 7310 16187
7742 8268 7926 8577 12233 4585 6259 9290 16187 15525 16187 16187 16187 16187 16187 16187
6259 4473 14237 2229 4189 3177 2469 14237 13730 515 16187 16187 16187 16187 16187 16187
3842 3171 2856 11889 4776 12012 16187 3364 926 8268 12233 11553 12233 3286 16187 16187
6259 12260 2552 16187 830 2353 16187 10983 5867 3766 3177 4776 10033 16187 16187 16187
4776 100 14776 14180 816 8710 6259 7393 926 10033 16187 16187 16187 16187 16187 16187
3842 3171 2856 11889 4776 12012 16187 3364 926 8268 12233 11553 12233 3286 16187 16187
4776 12621 14776 10571 16038 14237 2176 16187 1344 12233 2552 16187 8719 10033 16187 6215
7740 4931 6391 3098 703 10967 4776 6406 16187 16187 16187 16187 16187 16187 16187 16187
7740 4931 6391 3098 703 10967 4776 6406 16187 8719 6259 926 16187 16187 16187 6550
7740 4931 2758 1919 4776 10418 16187 6535 10355 14237 10355 16187 16187 16187 9780 16187
6826 820 1436 8712 4931 1839 12233 4776 8781 12008 7740 4552 5329 10503 5463 16187
3842 1957 14180 1737 16187 16187 8268 14397 14237 926 6259 2024 2563 16187 2552 9450
6826 820 1110 3171 10033 14237 11191 12102 8712 16187 16187 16187 16187 16187 16187 16187
4311 14069 5867 6259 3448 3376 16187 16187 16187 16187 16187 16187 16187 16187 16187 16187
4311 14069 5867 4776 3070 6013 12364 16187 10116 1919 10566 5796 3177 14734 7981 16187
7742 8712 5867 2148 14043 3765 6259 8081 926 16187 16187 16187 9178 16187 16187 16187
6073 13942 11889 6259 15174 8268 8726 2657 8268 14164 8719 1954 4231 180 16187 16187
3842 1957 14180 1737 16187 16187 8268 14397 14237 926 6259 2024 2563 16187 16187 6535
1378 11071 8268 2689 5820 643 3766 8268 14237 4987 3211 12233 16142 16187 16187 16187
