926 5137 8719 6259 2067 954 1955 926 5867 926 16187 16187 16187 16187 16187 16187
3842 1919 12127 926 2563 1019 1955 14069 14776 16187 10355 16187 16187 16187 16187 7251
926 5086 8719 4776 5838 926 8719 14734 13034 2598 16187 12233 16187 16187 2598 16187
4776 2563 2326 13213 15525 1955 5548 9812 10033 16105 8719 3400 3880 16187 16187 16187
4776 10033 4537 6227 13139 16187 16187 8719 9339 2191 3177 4776 9887 16187 56 16187
4776 10033 15881 6535 9332 15202 4776 8368 16187 926 8268 8712 5867 16187 16187 15096
926 926 13549 6259 9655 14029 926 926 5463 8710 14691 3765 512 15761 16187 16187
3842 4776 13182 16187 1957 8712 13216 10967 132 12233 12276 132 9431 16187 16187 15096
926 926 13549 6259 9655 14029 926 926 5463 8710 14691 3765 512 15761 16187 16187
5463 8592 8268 8712 5208 4189 2466 16187 16187 16187 16187 16187 16187 16187 16187 16187
14272 7401 8710 14734 15781 2598 16187 3554 4776 9365 16187 2598 16187 16187 16187 16187
8712 11900 6535 7742 16187 14180 4776 9450 2970 3177 4776 10033 16187 16187 16187 16187
7740 3175 7740 15956 15662 12008 7740 4552 9754 188 12233 15784 5463 830 6011 16187
7740 9084 9754 14518 5463 10967 6259 15433 3211 8268 12008 8712 926 16187 7188 16187
7740 11530 8712 8268 7740 973 9813 16041 4776 3366 13089 8712 5656 15525 13348 16187
1750 4421 926 13811 15743 14237 834 10272 12233 2823 8466 12233 2823 1170 16187 16187
4267 4710 11953 3171 2563 4931 6259 6071 10033 10918 16187 16187 15096 983 16187 16187
926 15325 3177 6826 10355 2122 15814 14237 6259 10602 14596 12233 10918 8712 2903 16187
4931 13474 6259 4217 926 14043 926 6148 10447 2598 16187 16187 16187 16187 16187 16187
4267 3177 14180 926 8569 16187 16187 16187 16187 926 16187 16187 16105 16187 926 16187
4776 9339 10501 3177 3171 10033 8710 8155 16187 16187 9290 16187 16187 16187 16187 16187
9655 1597 3177 4776 763 9216 7740 11839 3171 12232 2326 2823 6259 3098 2563 16187
4267 4710 11953 3171 2563 6259 6071 2563 16187 926 16187 926 16187 16187 15096 16187
8069 4776 2601 983 1778 16187 12208 6011 12233 12650 4776 15939 16187 16187 16187 15715
8563 15840 14237 7336 926 16187 16187 16187 16187 16187 16187 16187 16187 16187 16187 16187
3842 1919 12127 2191 3177 14255 12291 16187 6011 11553 9754 8069 8979 13348 16187 16187
7926 7165 926 16187 16187 9534 1955 14043 3847 16187 16187 16187 14734 15211 16187 16187
14069 14776 2296 9039 14237 3334 6423 2263 10710 14237 11546 584 16187 16187 16187 16187
14069 14776 10217 11331 3177 2122 16187 3171 10033 8268 4776 14596 16187 16187 6152 16187
14069 14776 2296 9039 14237 3334 6423 2263 10710 14237 11546 584 16187 16187 16187 16187
8798 926 14237 926 14125 8712 3748 11889 11824 16187 16187 16187 16187 16187 16187 16187
3842 1919 12127 926 2563 1019 8268 14237 14069 9498 6826 11039 3177 8712 16187 16187
926 14184 4882 8710 1957 1885 6070 564 8719 91 16187 91 16187 16187 16187 16187
8569 703 5367 12233 8569 820 8268 14237 5463 5033 8710 6188 12233 14315 16187 16187
4267 4710 11953 3171 2563 16187 4776 9431 1442 3177 926 16187 16187 16187 2053 926
10355 3575 12273 9594 8268 10355 12233 11553 6011 10918 16187 16187 16187 16187 10036 16187
12894 2840 926 1955 1954 926 926 10496 2598 16187 16187 16187 16187 16187 16187 16187
4267 10033 3177 14180 983 16187 16187 926 13348 16187 16187 10503 16187 16187 16187 16187
4421 7060 5867 926 926 8710 8069 8270 16187 16187 16187 16187 4311 16187 4277 16187
8712 3112 830 1954 12606 10244 14237 8656 926 16187 16187 16187 16187 16187 16187 16187
3842 1957 14180 1737 16187 16187 16187 8268 4776 10033 16187 7970 16187 9442 16187 16187
8712 3112 830 1954 12606 10244 14237 8656 926 16187 16187 16187 16187 16187 16187 16187
10217 582 3321 15525 3177 4776 5910 13277 11079 14237 4914 2858 6259 110 6379 16187
10217 582 3321 15525 3177 4776 5910 13277 11079 14237 4914 2858 6259 110 6379 16187
14734 3283 926 8710 9809 8268 926 12008 2516 8268 2837 12479 8224 16187 16187 16187
8712 5867 4776 14186 3177 8112 3177 926 16187 16187 16187 16187 16187 16187 16187 16187
3842 1957 14180 1737 16187 16187 8268 8069 6259 2765 9429 16187 8185 16187 5332 14180
8712 5867 4776 14186 3177 8112 3177 926 16187 926 16187 926 16187 16187 926 16187
4776 10887 8656 1019 13653 8268 926 8268 926 6173 14180 2451 15597 10638 2684 16187
4776 4267 4710 4931 10014 4776 950 15658 684 16105 1954 926 16187 16187 16187 12349
4776 10887 4949 6378 15438 8710 926 926 16187 1378 3177 12276 926 16187 16187 16187
3171 8710 1344 3841 1378 3177 4776 10566 2176 14237 9332 1133 3177 14180 983 16187
3842 1957 14180 1737 16187 16187 16187 8268 4776 9339 12835 16187 16187 16187 16187 16187
3171 8710 2446 1378 3177 4776 10566 926 653 10036 14237 2552 16187 16187 16187 6535
3171 2563 4931 5329 6259 3192 2664 2563 8268 14237 6011 5208 8158 16187 16187 16187
3171 4931 9754 6259 6071 10033 16187 16187 14043 9605 1229 14180 4776 2954 16187 926
3171 4931 6259 10770 476 10967 3137 14514 5867 564 13555 16187 16187 16187 16187 16187
830 926 3177 5830 14603 14237 14099 3171 8710 1378 3177 4776 926 8719 6215 16187
3842 1919 12127 926 3177 5937 1750 16187 12349 4891 4240 16041 926 16187 16187 16187
926 5867 5732 3177 4776 926 5033 926 14854 5463 926 4776 599 16187 16187 16187
6259 9450 10344 1919 3171 13734 16187 16187 16187 16187 16187 16187 16187 16187 16187 16187
6259 9450 10344 1919 3171 13734 16187 2563 16187 14350 16187 16187 16187 4776 2563 16187
6259 926 2598 16187 5462 926 926 8268 4335 16187 16187 16187 16187 16187 16187 16187
7740 973 926 8712 4931 9754 6259 3568 14125 10918 8719 4776 11401 16187 16187 16187
4267 4710 11953 3171 2563 6259 1138 3177 204 16187 16187 16187 16187 16187 16187 16187
7740 973 926 8712 4931 10355 8268 12008 8712 8710 13267 7742 16187 16187 16187 16187
4537 1954 4231 2563 14180 9311 16187 16187 16187 16187 16187 16187 16187 16187 16187 16187
4537 1954 4231 2563 14180 9311 16187 16187 16187 16187 926 16187 16187 926 16187 16187
7926 5867 6070 2469 8719 1157 7926 3847 16187 16187 8270 16187 16187 16187 16187 16187
7740 15846 8733 6259 3884 926 16187 16187 16187 16187 16187 16187 16187 16187 16187 16187
4267 4710 11953 3171 2563 6259 6071 2563 16187 926 16187 16187 16187 14125 16187 16187
7740 15846 8733 6259 3884 926 16187 16187 7740 9884 7740 4931 16187 16187 16187 926
7740 9884 12766 7578 12233 2552 8712 8084 6041 8712 4931 477 8719 4776 1747 16187
7740 5208 13479 1919 4776 84 3177 3171 10033 16187 16187 16187 16187 16187 16187 16187
7740 5208 13479 1919 4776 84 3177 3171 10033 16187 16187 16187 16187 16187 16187 6683
12008 91 4624 12431 12495 630 3177 14180 3177 4312 16187 16187 16187 16187 16187 16187
12008 91 5867 4776 10355 10501 4776 6664 16187 9498 9754 816 2598 16187 16187 16187
12008 7926 8710 4537 5695 16187 7926 243 1157 1515 830 5807 16187 16187 10094 16187
6265 4776 10217 9605 12233 12545 14237 1866 6259 9450 16187 16187 16187 16187 16187 16187
3842 11889 4776 12012 13348 16187 2150 5867 926 8719 3171 2563 16187 16187 16187 16187
4991 12233 14058 926 16187 16187 16187 6748 16187 14734 926 16187 16187 16187 16187 16187
1955 1919 1046 3177 5713 1133 8268 4776 10033 9084 9754 4552 4776 15939 6527 16187
4267 4710 11953 3171 2563 926 929 6173 8719 926 16187 16187 16187 16187 16187 16187
1955 15036 8268 12272 926 3847 12256 4189 16187 16187 16187 6683 11889 9382 16187 16187
926 926 8268 5358 14734 16058 15480 8268 939 7926 5208 8158 6259 10355 14596 16187
3842 4776 13182 16187 1957 8712 13216 10967 830 1919 12127 926 3177 4776 10033 16187
926 926 1955 926 14237 8710 5787 1919 926 5867 16187 16187 16187 16187 16187 16187
8712 5867 5329 11953 132 14237 6259 12725 11215 926 16187 16187 16187 16187 16187 16187
8712 5867 5329 4776 10033 5867 12732 16187 14069 16187 16187 9431 16187 16187 16187 16187
8712 5867 926 14237 926 8021 830 8455 12291 16187 16187 16187 308 16187 16187 13348
830 176 8268 13089 1856 926 926 4240 4325 1042 4776 926 16187 16187 16187 16187
4267 4710 11953 3171 2563 926 929 6173 8719 926 16187 16187 16187 16187 16187 16187
12233 984 6011 15525 3177 4776 15433 5711 16187 16187 4537 6683 8712 5867 2148 16187
8858 13129 8710 6259 6071 3211 5463 2326 7365 14029 14180 2713 16187 16187 16187 16187
4267 4710 11953 3171 2563 926 929 6173 8719 926 16187 16187 16187 16187 16187 16187
3098 3384 8268 12008 1378 5463 8710 6070 4687 12233 7535 16187 16187 16187 16187 16187
7740 11553 5329 12766 6259 11503 13398 14230 16187 16187 16187 16187 16187 16187 16187 16187
7740 11553 13084 13988 830 3171 2353 14043 14734 1133 16187 12232 2823 926 16187 16187
7740 11553 12233 2552 8712 14029 4776 10887 1583 13348 16187 926 16187 16187 16187 10571
4776 2563 8834 4776 12529 9475 3177 4776 9577 16187 16187 16187 16187 16187 16187 16187
4776 14599 4931 8569 14237 4776 13811 4931 6388 16187 16187 16187 16187 16187 16187 9410
4776 14599 4931 10716 7742 13663 16187 11842 4776 14596 16187 15649 4776 14596 16187 3748
9431 3177 14180 8712 4931 3098 12233 2552 4845 926 10918 14029 1583 16187 16187 16187
4267 4710 11953 3171 2563 4931 6259 6071 2563 16187 8270 16187 16187 16187 11901 14237
8719 12276 12805 8268 6011 1959 4776 2563 16187 8656 14237 7740 16187 16187 16187 16187
8712 5867 12766 6259 6689 8268 12008 4776 14596 8710 2429 4776 9790 16187 16187 16187
8712 5867 12766 6259 6689 8268 12008 4776 14596 8710 2429 4776 9790 16187 16187 16187
8712 5867 11022 2837 926 11077 14237 13663 2837 3367 926 926 16187 16187 16187 16187
7926 779 15202 10036 4390 11233 15489 5463 6011 188 12233 9178 16187 16187 16187 16187
7926 779 8093 12766 1229 13129 1919 4776 4440 16187 6070 16187 16187 16187 11889 8719
7926 779 15202 10036 4390 11233 15489 5463 6011 188 12233 9178 16187 16187 16187 16187
7926 15881 3102 1919 4776 926 474 15978 7926 6546 4446 830 2984 926 1885 16187
7926 15881 4776 10397 8913 1919 14734 5286 15821 5636 16187 16187 16187 16187 16187 16187
7926 15881 926 2837 4776 1094 1919 4776 1754 3177 4776 7814 16187 16187 926 16187
7634 5867 2752 14776 926 14237 930 8268 12008 14776 12495 10478 16187 16187 16187 16187
13937 14069 8268 1543 8069 5946 12233 13852 10967 4776 2563 5867 6259 16187 16187 16187
14734 9313 4125 11657 16187 8268 12008 1138 926 12168 9465 16187 926 16187 16187 16187
7740 9004 4776 14512 3177 14734 4987 926 10719 4776 2563 16187 16187 16187 16187 16187
4267 4710 11953 3171 2563 926 929 8719 4776 2563 16187 16187 16187 10571 16187 16187
7661 3177 5713 14776 13267 8719 4776 10566 1621 9899 12538 12316 16187 16187 16187 926
12008 5713 703 1449 8268 3171 12007 4931 5297 1046 3177 10770 13348 16187 16187 16187
4267 4710 11953 3171 2563 16187 8719 4776 2563 16187 8719 926 16187 926 16187 16187
14180 3177 5713 12835 2451 11106 10638 8719 4776 10583 16187 5947 16187 14237 2563 16187
12276 1860 3384 8710 13089 13474 8710 926 8719 1019 10734 2598 16187 16187 16187 16187
4267 4710 11953 3171 2563 16187 4776 9431 1378 16187 16187 16187 16187 16187 16187 16187
4776 13811 3177 3171 10033 8710 926 926 8719 3171 16187 16187 1229 630 16187 16187
926 14365 779 8093 12766 1378 3177 12276 1860 2946 16187 16187 16187 16187 16187 16187
3842 14069 16187 8268 11889 6259 926 8268 926 8719 4776 14589 16187 6259 9290 16187
926 14365 779 8093 12766 1378 3177 12276 1860 2946 16187 16187 16187 16187 16187 16187
7740 11553 12766 12233 11482 10203 14237 14272 8710 5372 8710 6070 6585 12233 4994 16187
9036 3171 2563 16187 15978 2263 1378 2148 16187 16187 16187 12349 15096 16187 16187 8466
7740 9429 7697 8710 5297 4776 564 8719 12276 3109 16187 14635 3177 630 16187 8185
5812 8268 779 6826 10355 13258 8268 4776 12835 771 10355 9452 16187 16187 16187 16187
4267 4710 11953 3171 2563 4931 6259 6071 10033 10918 16187 16187 15096 983 16187 16187
1110 3543 2823 13312 16187 1019 14237 4776 926 5007 1442 3171 2563 16187 10036 16187
5329 6259 12444 8268 12233 2823 13616 8268 12008 1344 10762 16187 16187 16187 16187 16187
3842 16187 16187 1737 9487 8268 10315 14029 9887 12233 10603 15525 16187 16187 16187 13348
926 5082 12233 1597 16187 1923 1378 8719 3171 10033 13348 16187 2326 16187 16187 7314
7740 16167 11889 5713 926 14210 16187 16187 16187 16187 16187 16187 16187 16187 16187 16187
4267 4710 11953 3171 2563 4931 6259 6071 10033 16187 10918 16187 983 16187 13783 16187
7740 16167 11889 5713 926 14210 16187 6724 830 3171 10033 16187 16187 16187 16187 16187
4776 13811 4931 6259 10894 11151 16187 16187 16187 16187 16187 16187 16187 16187 16187 16187
4776 13811 4931 6259 10894 11151 16187 1957 4776 10566 10501 3177 4776 9887 16187 8084
4776 13811 4931 6259 10894 11151 16187 1957 4776 3384 14237 926 5867 7742 16187 16187
6173 6011 6535 630 8592 8712 14180 8268 1378 14043 4776 16146 14043 14180 13348 16187
5329 14029 6259 7433 16187 6011 4552 6011 14635 3177 11889 16187 16187 16187 16187 16187
6173 12233 12263 4481 12233 3107 8459 16187 1378 3177 12276 9085 16187 8185 16187 16187
4776 9431 13756 12028 4931 12606 16187 16187 16187 16187 16187 16187 16187 16187 16187 16187
4776 9431 13756 12028 4931 12606 16187 16187 14237 7740 2326 3364 16105 16187 2285 2563
4776 9431 14278 3177 14272 7740 11553 8466 4776 2563 16187 8270 16187 16187 16187 16187
10669 9743 14776 5329 4032 6259 10033 11889 3171 16187 16187 16187 16187 16187 16187 16187
5329 1597 16187 2946 15956 16187 14180 10671 3177 3171 10033 16187 15846 2823 2326 16187
4325 14776 9387 16187 4537 6259 5948 3177 1750 16187 16187 830 15721 16187 16187 16187
5463 5867 15662 3171 10033 1411 9070 1229 16187 16187 16187 16187 16187 16187 16187 16187
5463 5867 15662 3171 10033 1411 9070 1229 16187 16187 16187 16187 11889 16187 16187 16187
5463 5867 4776 7610 12233 4776 10033 16187 16187 16187 14237 2148 12690 512 4776 926
7926 5086 12233 6259 6585 5459 8268 26 15004 1019 926 4747 6173 830 6276 16187
7926 6979 926 4776 5002 16187 2563 16187 100 13348 16187 16187 16187 16187 16187 6683
7926 5086 12233 6259 6585 5459 8268 26 15004 1019 926 4747 6173 830 6276 16187
9790 1919 926 9665 5867 9382 16187 16187 16187 16187 16187 16187 16187 16187 16187 16187
4267 4710 11953 3171 2563 16187 6259 926 3177 1954 8974 16187 10501 16187 926 16187
14734 9967 11198 830 4931 10913 6259 926 16187 14596 16187 12008 16187 2148 16187 16187
13136 15043 326 15983 4421 6017 5867 11247 16187 16187 16187 16187 16187 16187 16187 16187
13136 15043 326 15983 4421 6017 5867 11247 16187 564 16187 10429 16187 3841 16187 16187
13142 13197 7926 9084 16187 14237 15731 6259 926 16187 926 16187 16187 10033 16187 16187
8712 8710 10518 12233 2823 1954 16150 9625 2563 16187 16187 16187 16187 16187 16187 16187
8712 8710 10518 12233 2823 1954 16150 9625 2563 16187 6259 926 16187 16187 16187 2837
8712 8710 10394 5867 7314 11779 16187 1138 12167 14237 8798 13907 4776 14766 10501 16187
7740 9429 2837 4776 12298 3177 4776 10033 8268 8712 779 9238 10781 16187 16187 16187
9036 3171 2563 16187 15978 2263 1378 2148 16187 16187 16187 16187 16187 13348 16187 13348
7740 9429 4776 13839 9084 6259 10602 15781 12716 16187 8719 14734 10638 16187 16187 16187
7740 12232 9754 8152 3171 1378 3177 12128 9594 5867 12850 1133 8268 12576 16187 16187
7740 4552 9754 8456 4776 2002 8268 7740 11889 8712 16187 6535 16187 16187 13348 16187
7740 11530 926 926 8719 3171 16187 13474 2326 656 16187 983 9431 16187 16187 16187
8712 8710 14180 5463 14237 2148 16187 16187 16187 16187 16187 16187 16187 16187 16187 16187
8712 8710 4776 9405 16187 4537 1175 132 2837 11022 16187 16187 16187 15649 15819 10418
8712 8710 14180 5463 14237 2148 16187 12349 4776 12349 4776 12349 16187 12349 16187 14426
1430 10272 12233 7937 5022 14272 779 12766 9015 16187 16187 16187 16187 16187 16187 16187
4267 4710 11953 3171 2563 16187 6259 1138 3177 926 5711 16187 16187 16187 16187 16187
14734 9967 11198 830 4931 10913 6259 926 16187 16187 14596 16187 2326 16187 16187 16187
5463 5208 8093 2823 926 8268 926 8268 14043 926 16187 16187 16187 16187 16187 16187
8712 5867 14691 11889 8719 6259 4927 16187 5332 6683 2148 16187 12349 16187 6161 16187
8712 5867 12117 16187 10983 14237 926 14237 13876 3177 14180 14426 926 16187 16187 16187
4776 9790 9424 13216 830 1866 16187 16187 16187 16187 16187 16187 16187 16187 16187 16187
4776 9790 9424 13216 830 1866 16187 16187 16187 926 16187 5568 926 16187 926 16187
4776 13811 8710 14652 13348 16187 9884 8719 4776 9431 8656 13839 16187 16187 6070 630
926 5867 14405 14776 2805 16187 16187 16187 16187 16187 16187 16187 16187 16187 16187 16187
3842 16187 16187 1737 9487 8268 10315 5937 467 16187 16187 16187 16187 16187 8440 16187
926 5867 3098 12019 8710 4776 14766 13811 16187 16187 16187 91 16187 91 16187 16187
8719 14734 9534 1955 926 8268 7926 8710 926 926 4776 926 16187 16187 16187 16187
3842 1919 12127 926 3177 5937 1750 16187 3366 16187 926 16187 16187 9575 16187 16187
4776 15909 12893 14776 15761 1919 13084 1378 926 4776 10033 16187 16187 16187 16187 16187
4776 8808 10801 4931 8268 830 4776 10566 10501 8268 6070 7742 10471 16187 16187 16187
4776 6664 4931 926 8268 12008 4537 2474 14029 12233 15096 16187 16187 16187 16187 9290
4776 6664 4931 8622 14237 4776 10836 5629 6356 926 9665 14237 15568 4931 3098 16187
926 926 926 926 242 926 765 2598 16187 16187 16187 16187 16187 16187 16187 16187
926 926 203 4325 11031 926 8719 4776 6722 16187 16187 16187 16187 16187 16187 16187
926 926 926 926 242 926 765 2598 16187 926 16187 763 16187 11401 16187 16187
5463 983 8268 13474 3847 14272 12233 4552 16187 16187 16187 16187 16187 16187 16187 16187
8712 15881 6799 16187 16187 16187 2148 3177 4776 3531 16187 16187 16187 16187 16187 16187
8712 11900 6535 7742 16187 14180 4776 9450 2970 16187 14237 926 16187 16187 16187 16187
1390 16187 16187 16187 16187 16187 16187 16187 16187 16187 16187 16187 16187 16187 16187 16187
1390 16187 15525 3177 9484 16187 13216 16187 2148 16113 16187 16187 16187 8719 8719 16187
1390 16187 14397 1133 2326 2823 4776 630 8270 16187 512 7740 12773 16187 8456 8719
11558 8268 4776 13890 3177 3171 10033 4552 9754 9429 1094 4776 9790 11331 16187 16187
4267 4710 11953 3171 2563 926 929 8719 4776 2563 16187 16187 10571 16187 16187 16187
4776 2353 12592 4776 1676 1919 926 12315 14237 5217 16187 2858 4994 16187 926 16187
8712 5867 4702 5329 12233 926 4537 15043 1133 2446 4776 11063 1603 8719 14112 16187
8712 5867 4702 5329 12233 926 4537 15043 1133 2446 4776 11063 1603 8719 14112 16187
8712 5867 3098 5463 3171 10033 8710 6259 5948 3177 10770 16187 16187 7877 14596 16187
14237 14031 5359 7740 6635 4776 817 926 16187 16187 16187 16187 16187 16187 16187 16187
14237 14031 5359 7740 6635 4776 817 926 16187 830 4776 9431 983 16187 16187 16187
14237 15870 8712 9084 6173 16187 7168 13839 3177 926 8270 16187 16187 16187 16187 16187
6070 13558 8268 7163 7032 1919 6259 9525 2784 10442 14237 12298 16187 16187 16187 16187
4267 3177 14180 926 8569 16187 16187 16187 16187 16187 15662 16187 16187 5358 6683 16187
6070 13558 8268 7163 7032 1919 6259 9525 2784 10442 14237 12298 16187 16187 16187 1110
926 9084 9754 4189 16187 16187 16187 16187 16187 16187 16187 16187 16187 16187 16187 16187
926 9084 9754 4189 16187 8719 1157 2598 16187 16187 2598 16187 16187 16187 16187 16187
926 7812 1885 3991 16187 7926 3364 11530 8712 16187 16187 16187 16187 16187 16187 1919
8712 5623 9070 16187 16187 16187 16187 16187 16187 16187 16187 16187 16187 16187 16187 16187
8712 8710 15691 2856 16187 8569 4776 2122 16187 8710 16187 13348 16187 16187 16187 16187
8712 5623 9070 16187 1110 8712 16187 13348 16187 15202 16187 15846 15846 2823 16187 16187
3171 10033 15188 5462 10967 1750 926 16187 16187 16187 16187 16187 16187 16187 16187 16187
3171 926 4776 10033 10967 13551 926 8719 2148 16187 16187 16187 16187 1957 16187 16187
3171 10033 7159 4776 926 3177 9230 14237 2689 14237 8710 3335 16187 16187 8719 4776
12495 8569 13348 16187 16187 16187 16187 16187 16187 16187 16187 16187 16187 16187 16187 16187
12495 8569 13348 16187 926 16187 3257 8719 2563 16187 12349 4776 2563 16187 16187 16187
10355 2563 16187 16187 2148 14043 4776 6499 16187 3171 1378 16187 16187 16187 16187 16187
1350 5463 9036 8712 16187 16187 16187 16187 16187 16187 16187 16187 16187 16187 16187 16187
1350 5463 9036 8712 16187 14221 2148 16187 16187 12349 10217 16187 16187 16187 16187 16187
1350 5463 4776 15416 5629 9059 14237 14734 2149 875 8089 5286 16187 16187 16187 926
4537 9290 9424 926 15525 119 8268 2587 6527 14029 12891 16187 16187 16187 16187 16187
13937 14069 8268 1543 8069 5946 12233 497 8719 3171 2563 2598 16187 16187 16187 16187
7926 5867 5296 14237 3672 7401 14272 14734 10501 926 16187 2598 16187 16187 16187 16187
7926 15040 15525 4776 5309 1955 7742 16187 16187 16187 16187 16187 16187 16187 16187 16187
7926 6076 14734 16058 5889 16187 16187 8268 13474 4931 16187 12233 2823 16187 16187 16187
7926 15040 15525 4776 5309 1955 7742 16187 16187 4697 16187 16187 7336 8664 4707 16187
10915 16187 16187 16187 16187 16187 16187 16187 16187 16187 16187 16187 16187 16187 16187 16187
10915 5329 16187 14635 16187 16187 14230 16187 16187 12757 1019 8719 4776 10509 16187 16187
10915 16187 16187 8139 8808 5867 926 16187 7733 4776 9577 16187 2296 16187 16187 16187
9476 8719 10025 14776 10399 12233 4552 16187 16187 16187 16187 16187 16187 16187 16187 16187
4267 4710 11953 3171 2563 4931 6259 6071 1398 6071 2563 16187 16146 16187 16187 16187
3249 12349 8268 7854 2257 14237 5341 12600 16187 564 16187 1957 14589 16187 3192 16187
4776 8081 12714 3177 3171 5773 8710 582 926 12233 2823 10743 14237 15857 926 16187
4776 4267 8084 1442 8712 4931 16105 8268 8798 6259 6071 2563 16187 8270 16187 16187
4776 8081 12714 3177 3171 5773 8710 582 926 12233 2823 10743 14237 15857 926 16187
4776 5568 9424 10355 11953 3171 2563 8710 4776 8521 5898 16187 16187 16187 16187 16187
4776 5568 10355 3384 8710 4776 926 3384 16187 14030 16187 9084 16187 14350 2903 16187
4776 5568 10355 3384 8710 4776 926 3384 16187 16187 6297 4776 10810 16187 9884 926
9238 5463 4776 13434 926 14745 1919 6259 5267 16187 16187 16187 16187 16187 16187 16187
5329 12276 10864 3177 14258 16187 14180 16187 16187 16187 16187 16187 16187 16187 16187 16187
15096 9029 16187 926 4776 6722 3177 14734 7188 3177 926 16187 16187 16187 16187 16187
12008 12958 6672 8710 3257 16187 16187 16187 16187 16187 16187 16187 16187 16187 16187 16187
5329 14030 10355 12008 5463 4931 1955 1597 820 16187 12893 16187 14043 1019 926 1019
14180 11191 15846 15398 8913 14237 12149 16187 16187 16187 2765 3177 14254 16187 643 16187
9850 16187 16187 16187 16187 16187 16187 16187 16187 16187 16187 16187 16187 16187 16187 16187
9850 16187 5329 14180 4776 2563 5867 2148 16187 16187 16187 12008 16187 5332 16187 16187
9850 16187 14180 4776 9577 2326 6259 5208 2823 5580 16187 16187 16187 4125 11889 2326
4776 10033 4931 1175 16187 16187 16187 16187 16187 16187 16187 16187 16187 16187 16187 16187
4776 10033 4931 8569 8719 4776 10442 16187 7724 16187 16187 16187 16187 16187 8093 16187
4776 10033 15881 6535 9332 15202 4776 8368 16187 926 8268 4776 926 16187 14221 926
10355 4915 13797 16187 16187 16187 16187 16187 16187 16187 16187 16187 16187 16187 16187 16187
10355 4915 13797 16187 16187 4312 16187 8630 4776 9290 16187 11401 16187 16187 16187 16187
10355 4915 13797 16187 16187 4312 16187 5153 1919 6259 2067 926 16187 926 16187 16187
926 14237 4776 8331 7926 1953 14776 4776 5820 3384 926 5867 8719 4776 926 16187
3842 4776 13182 16187 1957 8712 13216 10967 132 12233 12276 132 9431 16187 16187 15096
926 14237 4776 8331 7926 1953 14776 4776 5820 3384 926 5867 8719 4776 926 16187
4776 1736 5867 6259 4851 16187 16187 16187 16187 16187 16187 16187 16187 16187 16187 16187
4776 1736 5867 6259 4851 16187 16187 2053 926 830 1213 6259 14601 9290 16187 16187
4776 1736 5867 6259 8124 1378 12233 4776 10033 1543 4776 10033 6297 16187 2148 16187
14069 8710 6259 5948 3177 3575 5463 11921 5463 7740 9429 13216 4927 12495 14221 16187
3842 1957 14180 1737 16187 16187 16187 8268 4776 9339 12835 16187 16187 16187 16187 16187
8712 8710 6259 2176 8268 11901 14237 6070 4688 132 12233 13637 16187 16187 16187 16187
14272 6259 4838 10033 16187 16187 16187 16187 16187 16187 16187 16187 16187 16187 16187 16187
14272 6259 4838 10033 16187 8569 16187 16187 9015 8710 5463 1378 3177 4776 7612 16187
14272 6259 3098 8344 13348 16187 16187 6011 11889 9070 16187 3865 7740 16167 3865 2053
8712 5867 2543 6550 6259 983 3177 9264 864 14237 7804 3177 3553 16187 16187 16187
3842 1957 14180 1737 16187 16187 8268 8069 4931 6259 926 16187 16187 16187 16187 16187
8712 5867 10302 8268 15231 8268 13792 8268 14237 11075 1098 16187 16187 16187 12923 16187
4776 132 8710 8376 8268 11195 8268 14237 926 1919 14272 8710 926 16187 16187 16187
4776 132 8710 8376 8268 11195 8268 14237 926 1919 14272 8710 926 16187 16187 16187
4776 132 8710 10355 14237 8712 926 4776 2122 7742 16187 16187 5297 926 8712 3112
14237 4776 2563 4931 8270 4776 63 983 1778 13348 13348 16187 16187 16187 16187 16187
3842 3171 2856 11889 4776 12012 16187 3364 11553 12766 926 16187 2598 16187 2598 16187
14237 4776 10418 8719 4776 10033 8710 12256 1955 7742 16187 14237 4776 10033 16187 926
2446 4776 10418 8710 5329 5463 10355 13943 830 926 14237 926 16187 16187 16187 16187
3842 1919 12127 926 2563 16187 14180 16187 16187 7970 16187 4707 16187 12349 4776 15909
2446 4776 926 5463 2121 4312 2903 9498 2689 12495 16187 13178 12233 4776 16187 16187
14237 7229 8710 6259 6181 16187 16187 16187 16187 16187 16187 16187 16187 16187 16187 16187
14237 11748 10418 8268 926 10418 13348 16187 16187 16187 10418 16187 564 16187 16187 16187
14237 7229 8710 6259 6181 16187 16187 16187 16187 11553 16187 5580 16187 16187 16187 16187
3098 1133 14810 8719 12630 3177 15597 14412 16187 16187 16187 16187 16187 16187 16187 16187
3842 16187 16187 1737 9487 8268 2599 5867 9605 6259 5820 16187 7001 16187 16187 16187
3098 1133 14810 8719 12630 3177 15597 14412 16187 15768 16187 9736 16187 16187 5358 16187
4776 9887 7740 8309 1919 8268 14180 771 6259 5844 1138 14031 12276 12422 5711 16187
4776 9887 7740 8309 1919 8268 14180 771 6259 5844 1138 14031 12276 12422 5711 16187
4776 9887 12431 4776 7500 7926 2326 4931 5425 8719 14734 16058 1787 16187 16187 926
8069 12233 3171 11401 926 5297 2737 2837 8712 16187 16187 16187 16187 16187 16187 16187
8069 926 15881 9153 14237 1922 16187 6280 16187 16187 16187 16187 16187 16187 16187 16187
8069 12233 3171 11401 926 5297 2737 2837 8712 16187 16187 16187 16187 16187 16187 12276
3171 8710 1378 3177 12276 14589 1860 1291 5048 1246 16187 16187 16187 16187 16187 16187
13084 1378 926 1885 1378 4931 9723 1229 16187 16187 16187 16187 16187 16187 3184 16187
4776 564 10501 3177 4776 2563 14237 4776 926 9498 16187 16187 16187 16187 16187 16187
15662 5329 4537 10727 6259 11361 3177 8846 12233 4552 4776 15781 14097 2598 16187 16187
15662 5329 4537 10727 6259 11361 3177 8846 12233 4552 4776 15781 14097 2598 16187 16187
7926 14237 9395 4552 8710 5463 3098 16187 643 8719 4776 12298 16187 16187 16187 16187
9063 15658 4776 12459 9546 12233 11553 3171 2563 16105 2598 16187 16187 16187 16187 16187
926 8268 13250 16187 15956 1543 820 8710 5807 16187 8185 16187 8719 3171 2563 16187
926 8268 8704 3418 4311 16187 12008 1138 926 5711 16187 16187 11889 7740 4931 16187
7740 14108 926 16187 16187 16187 16187 16187 16187 16187 16187 16187 16187 16187 16187 16187
1019 8796 8268 8712 8710 1329 13792 13532 4776 1676 16187 1378 12276 9574 16187 16187
7740 14108 926 16187 15956 8268 12008 4325 3364 11553 6826 9780 16187 8719 4776 10033
8712 5867 7742 9575 14237 12958 8710 6070 13583 16187 16187 16187 16187 16187 16187 16187
8712 5867 8738 5463 926 5867 13733 10638 14237 6499 9498 8993 6918 16187 16187 16187
8712 5867 10302 8268 15231 8268 13792 8268 14237 8093 16187 8710 14180 16187 16187 16187
5329 2689 16187 16187 16187 16187 16187 16187 16187 16187 16187 16187 16187 16187 16187 16187
5329 2689 16187 3098 8569 16187 8093 8456 5463 16187 926 16187 16187 16187 16187 13348
7926 2847 12233 2823 6259 926 16187 6259 926 14029 4776 308 16187 16187 16187 16187
15658 5682 8726 8712 4552 9754 8733 2191 13348 13348 13348 16187 16187 16187 16187 16187
15658 5682 8726 8712 4552 9754 8733 2191 13348 13348 13348 16187 8081 16187 2563 16187
15658 15846 8155 137 4776 12298 3177 15597 9682 2598 16187 2598 16187 643 16187 16187
926 1885 8207 4325 10727 10647 830 1885 16187 16187 16187 16187 16187 16187 16187 16187
3842 4776 13182 16187 1957 8712 13216 10967 830 1919 12127 1378 3177 12276 16187 16187
926 1885 8207 4325 10727 10647 830 1885 16187 926 8719 14734 8808 16187 16187 16187
926 5867 3098 12019 8710 4776 14766 13811 16187 16187 16187 16187 16187 16187 16187 16187
3842 16187 16187 1737 9487 8268 10315 5937 467 16187 16187 16187 16187 16187 8440 16187
926 5867 3098 12019 8710 4776 14766 13811 16187 16187 16187 16187 91 16187 6070 4687
1138 5463 926 8710 1515 12233 13931 10394 13348 5711 16187 16187 16187 16187 16187 16187
1138 13084 8913 926 5711 8710 5329 16187 16187 16187 8521 16187 3847 16187 16187 6378
1138 4776 926 5711 3927 12362 14237 779 6826 13181 4440 8719 4776 10983 16187 16187
8712 8710 11953 6259 10240 14237 2263 926 12835 16187 16187 16187 16187 16187 16187 16187
3842 16187 16187 1737 8268 12349 4776 6499 16187 16187 16187 8656 16187 6259 16187 16187
8712 8710 11953 4776 926 13348 16187 2053 926 3994 16187 16187 16187 16187 16187 16187
8712 8069 779 2263 13839 3177 4750 12835 16187 16187 16187 16187 16187 16187 16187 16187
3842 1957 14180 1737 16187 16187 8268 14397 926 16187 16187 9640 16187 926 16187 16187
8712 2446 5388 6259 2148 926 926 3115 16187 926 926 16187 16187 926 16187 16187
3356 2598 16187 16187 16187 16187 16187 16187 16187 16187 16187 16187 16187 16187 16187 16187
13084 1540 8268 13084 15180 16187 2148 2713 16187 9085 16187 5820 16187 16187 16187 16187
3356 2598 16187 703 16187 5537 3177 16187 9442 5804 16187 12349 4421 7810 16187 13839
12127 926 779 6259 289 926 16187 16187 16187 16187 16187 16187 16187 16187 16187 16187
12127 926 779 6259 289 926 16187 16187 16187 16187 15949 12008 4776 247 2903 16187
12127 926 9840 8710 13089 7926 5867 926 13086 926 2598 16187 16187 16187 16187 16187
3171 13734 12042 12233 4776 4770 10033 5153 12128 926 14237 926 9247 16187 16187 16187
4776 5562 16187 3847 9754 9605 817 16187 16187 16187 6070 2563 16187 16187 16187 16187
4776 5562 14220 8710 10917 176 3177 4776 513 16187 16187 16187 9450 10217 4194 16187
13208 4931 6259 2365 513 16187 16187 16187 16187 16187 16187 16187 16187 16187 16187 16187
4267 4710 11953 3171 2563 6259 6071 2563 16187 926 16187 16187 16187 11889 16187 16187
6259 4949 12444 16187 16187 2689 8268 8808 8710 4776 926 1778 16187 926 16187 926
7926 16105 6259 13429 14029 2260 14237 1954 8069 14491 13429 8719 7345 16187 16187 16187
3842 16187 16187 1737 9487 8268 10315 14029 4776 9887 16187 12233 16187 1583 16187 16187
7926 4390 6259 9405 13348 16187 13348 16187 926 8268 5562 926 3117 16187 16187 6173
1138 9640 11017 5711 939 8712 15202 14237 830 14180 16187 16187 16187 16187 16187 16187
1138 9640 11017 5711 8084 16105 16187 16187 10983 16187 14237 10941 8185 16187 16187 16187
1138 9640 11017 5711 939 8712 15202 14237 830 14180 16187 830 8712 4931 16187 16187
13587 926 137 4776 10033 5086 8719 1954 6403 12008 4512 7843 13811 16187 16187 16187
4267 4710 11953 3171 2563 4931 6259 6071 10033 10918 16187 16187 15096 983 16187 16187
6259 11143 14237 13134 10164 12233 11457 388 16187 16187 16187 3192 16187 16187 16187 16187
926 8710 5332 6259 2784 9385 16187 16187 16187 16187 16187 16187 16187 16187 16187 16187
926 8710 11410 13348 16187 16187 3137 983 16187 11889 4776 2563 16187 16187 16187 11889
926 8710 5332 6259 2784 9385 16187 8710 1954 926 7178 16187 16187 16187 16187 1957
15597 9043 12260 2823 6259 5948 926 512 8794 16187 16187 16187 16187 16187 16187 16187
3842 11889 4776 12012 13348 16187 11553 6259 653 926 4776 5711 16187 16187 16187 16187
4776 9290 3873 8726 4624 13758 4240 12132 16187 926 8268 14237 1229 10355 16187 16187
8712 656 830 9070 14029 5463 1505 587 13182 16187 16187 16187 16187 16187 16187 16187
8712 14180 13623 12911 8719 4776 2656 16187 16187 2296 16187 16187 16187 16187 16187 16187
8712 14180 8368 1229 926 16187 926 926 16187 926 16187 16187 926 16187 16187 926
6259 926 12008 8268 8719 9790 983 8268 6259 10924 16187 16187 16187 16187 16187 16187
3842 11889 4776 12012 13348 16187 2150 5867 926 16187 16187 16187 16187 16187 16187 16187
6259 926 15658 12020 7740 1442 4776 13103 16187 9605 14029 4776 1583 16187 16187 16187
12013 8710 10602 16187 16187 16187 16187 16187 16187 16187 16187 16187 16187 16187 16187 16187
12013 8710 10602 16187 4776 10418 6021 16187 2563 16187 14221 16187 16187 13348 16187 16187
12013 8710 10602 16187 4776 10418 6021 926 13348 16187 104 6259 2563 16187 1433 16187
14237 5463 2446 14150 4776 9887 16187 16187 16187 16187 16187 16187 16187 16187 16187 16187
14237 14180 4776 6343 8268 8893 14237 2162 1138 4856 5711 2598 2598 16187 2598 16187
14237 5463 2446 14150 4776 9887 16187 12233 10603 1885 16187 16187 16187 16187 16187 16187
11798 9360 8268 10394 13384 12349 1014 3634 16187 16187 16187 16187 16187 16187 16187 16187
14734 9313 4125 3364 2823 926 16187 10501 16187 3748 4776 11954 16187 16187 16187 16187
14734 9313 4125 11657 16187 8268 4776 1110 926 13348 16187 16187 16187 16187 16187 16187
6011 14470 8069 12149 8712 16187 16187 16187 16187 16187 16187 16187 16187 16187 16187 16187
6011 14470 8069 12149 8712 16187 16187 13089 6011 2326 16187 1381 16187 16187 16187 3177
6011 5208 14581 14734 9540 14237 15926 1543 8084 8466 16187 16187 16187 15096 16187 16187
12008 14029 4776 16146 4751 4776 9594 9887 10472 8712 16187 16187 16187 16187 16187 16187
3842 1957 14180 1737 16187 16187 8268 14397 926 16187 16187 16187 16187 16187 16187 16187
12008 4776 12850 10314 7740 12515 15525 3177 4776 10501 3177 4776 926 6905 16187 10272
5208 15893 9139 2908 8268 926 12945 14237 8733 6259 5736 12233 926 2598 16187 16187
13937 14069 8268 1543 8069 926 1019 926 13635 13348 16187 6173 16187 16187 16187 16187
7926 6601 3543 11553 16187 7805 16187 16187 926 12115 4776 9431 926 16187 16187 16187
13616 5713 10217 2954 14776 2296 1750 6724 12008 14069 14691 223 1919 5463 16187 16187
4267 4710 11953 3171 2563 4931 6259 6071 10033 10918 16187 16187 15096 983 16187 16187
3098 11646 1019 1955 2296 6173 8268 3437 12835 14237 2148 12233 15289 13348 16187 16187
7661 14237 10574 926 9498 926 14237 4325 926 13738 950 926 926 16187 16187 16187
4325 7661 926 16187 10501 14237 3177 1245 16187 16187 926 16187 16187 16187 9332 16187
7661 12291 16187 6381 4776 10918 14237 5328 3177 4776 5328 16187 2446 16187 1344 16187
4776 14596 8710 11300 14237 779 12766 10471 1229 630 8270 1229 1597 12291 8258 16187
4776 14596 8710 11300 14237 779 12766 10471 1229 630 8270 1229 1597 12291 8258 16187
4776 14596 8710 5516 13348 16187 14237 5356 13667 16187 2148 9290 16187 12349 16187 5217
15860 12232 5329 2552 1213 6259 3504 14029 6259 1552 137 926 5867 10560 16187 16187
4267 4710 11953 3171 2563 16187 6259 1138 3177 926 5711 16187 16187 16187 16187 16187
1138 643 8710 9540 8268 9455 15658 13197 8271 8710 6421 15389 5711 16187 2148 16187
8499 5064 779 12766 2170 3748 12233 926 10967 6259 9701 595 16187 16187 16187 16187
4267 4710 11953 3171 2563 926 929 4776 2563 12233 771 16187 16187 16187 16187 16187
926 5867 4588 14237 4125 1019 15202 10036 2598 16187 929 13348 16187 13348 16187 8081
13570 4776 5568 9424 6011 2552 8710 926 16187 16187 16187 16187 16187 16187 16187 16187
3842 1919 12127 926 3177 5937 1750 16187 3366 16187 926 2563 16187 8270 16187 16187
926 3643 926 1955 926 926 7740 7627 16187 16187 8270 1955 16187 926 16187 16187
15525 3177 16187 16187 16187 16187 16187 16187 16187 16187 16187 16187 16187 16187 16187 16187
4267 4710 11953 3171 2563 16187 6259 9431 1442 3177 926 14029 926 16187 16187 926
15525 3177 16187 8268 4776 926 8268 14237 6011 14776 9063 1442 16187 14241 16187 16187
1344 12524 8268 4325 11553 15949 15768 5463 1635 4776 10026 16187 16187 16187 16187 16187
3842 1957 14180 1737 16187 16187 16187 8268 7740 4552 16187 1407 2837 926 16187 16187
13474 3927 12958 6011 12232 14518 8268 14237 2148 16187 926 16187 16187 16187 16187 385
4776 2946 14180 11702 10355 6499 8268 11946 6826 10249 10248 926 16187 16187 16187 16187
4776 4267 4710 4931 10014 14745 16187 10770 16187 16187 15842 16187 16187 16187 16187 15819
4776 2946 14180 11702 10355 6499 8268 11946 6826 10249 10248 926 16187 16187 16187 8858
15404 8746 12273 926 14237 4311 7926 8710 926 4609 12233 10603 14734 6161 16187 16187
3842 1919 12127 926 3177 5937 1750 16187 3366 8268 9004 11889 6259 10033 16187 7970
926 1439 5867 10616 7117 926 12820 12431 2263 5946 91 16187 6070 15884 16187 16187
7740 4931 4846 926 14237 6432 2903 8719 4776 926 5942 16187 16187 16187 16187 16187
4267 4710 11953 3171 2563 926 16187 929 16187 643 16187 16187 16187 16187 16187 16187
7740 4931 4846 926 14237 6432 2903 8719 4776 926 5942 16187 16187 16187 16187 3192
7740 4552 9754 15956 15662 4624 9084 16187 16187 16187 16187 16187 16187 16187 16187 16187
7740 4552 9754 15956 15662 4624 9084 16187 2326 5407 16187 16187 16105 16187 16187 16187
7740 11530 4312 13348 13348 13348 16187 8081 817 16187 8081 9431 16187 9813 16187 16187
8719 4776 9790 926 8268 15870 2598 5711 16187 16187 16187 16187 16187 16187 16187 16187
3842 1919 12127 926 3177 5937 1750 16187 3366 16187 830 2563 16187 9084 16187 9574
4776 15909 14281 8710 3501 2837 926 8378 16187 16187 16187 13348 16187 16187 16187 16187
4776 15939 11558 2446 503 14029 9059 4125 926 16187 16187 16187 16187 16187 16187 16187
4776 4267 4710 4931 10014 4776 950 15658 684 16105 1954 14745 16187 8733 14745 16187
4776 9745 9544 4931 3257 1955 8710 12127 9745 9544 5463 9715 926 3247 16187 16187
5208 13592 9577 2024 8268 10033 8268 14043 5174 8869 12489 5463 2598 16187 16187 16187
4267 4710 11953 3171 2563 16187 6259 1138 3177 4776 4994 16187 1442 16187 2563 16187
703 5946 15525 7742 137 7926 4571 2858 4776 926 16187 14237 10033 926 15881 12233
13084 16187 16187 16187 16187 16187 16187 16187 16187 16187 16187 16187 16187 16187 16187 16187
13084 16187 845 12008 13084 1378 16187 7336 14029 4776 2002 16187 16187 16187 16187 16187
4776 12203 13216 14029 5534 13348 16187 308 16187 12349 6070 16187 16187 16187 16187 16187
3163 5867 11401 15525 8710 3335 2563 16187 16187 16187 16187 16187 16187 16187 16187 16187
4267 4710 11953 3171 2563 16187 6259 926 3177 1954 8974 16187 10501 16187 926 16187
926 5867 13811 8710 13616 8994 14237 7664 16187 16187 14237 7740 9429 16187 16187 16187
14069 4931 1229 630 8811 8719 3171 16187 16187 16187 16187 16187 16187 16187 16187 16187
14069 4931 14691 7310 11953 3171 10033 16187 5350 14029 4776 2002 16187 16187 16187 16187
14069 4931 1229 630 1955 6259 8974 7970 4440 16187 4776 2563 16187 16187 16187 16187
5463 8710 4776 4152 1955 14221 1955 7740 5208 4189 8712 15525 16187 16187 16187 16187
4267 3177 14180 926 8569 16187 16187 16187 16187 926 16187 16187 926 16187 16187 16187
4776 2563 8710 10201 14237 7294 13907 1750 9075 14043 8440 16187 16187 13216 16187 10240
8712 5867 11552 5463 4776 10033 15846 8084 6683 8270 16187 16187 16187 16187 16187 16187
8712 5867 9591 12233 8733 6011 16148 16187 4776 10033 14043 8069 6259 926 16187 16187
8712 5867 1378 3177 4776 7705 14237 10566 13792 1133 7740 11553 8084 8466 16187 16187
9431 3748 8268 14069 14776 1597 8268 1597 12835 16187 16187 16187 16187 16187 16187 16187
10242 3177 9743 16187 15956 5463 3171 10033 8710 6535 630 6259 6070 15174 16187 8974
9431 3748 8268 4776 7140 8710 3098 16187 16187 10770 16187 16187 15819 16187 12431 16187
4311 4624 9605 12233 926 11367 14237 4776 2563 12767 13623 12911 16187 16187 16187 16187
4311 4624 9605 12233 926 11367 14237 4776 2563 12767 13623 12911 16187 16187 14237 8719
4311 7926 13887 15243 926 8268 6738 3787 14237 926 14734 5200 16187 16187 16187 16187
8712 926 9070 8268 8712 926 9070 16187 16187 16187 16187 16187 16187 16187 16187 16187
3842 8712 16187 4776 12012 13348 16187 12020 3367 1442 3171 2563 4931 11889 6259 14139
8712 926 9070 8268 8712 926 9070 16187 16187 926 16187 2563 16187 16187 9813 11889
6259 9450 2148 512 5328 3177 2263 2664 4931 12501 5867 7737 16187 16187 16187 16187
6259 9450 2148 512 5328 3177 2263 2664 4931 12501 5867 7737 16187 16187 6011 16187
6259 4949 926 2563 16187 926 16187 14734 8719 4776 10033 1955 926 926 16187 16187
4776 14596 4931 5314 11209 1957 564 8268 926 8025 1957 4267 16187 16187 16187 16187
4776 14596 4931 5314 11209 1957 564 8268 926 8025 1957 4267 16187 16187 1138 16187
4776 14596 4931 3098 8268 4776 132 14237 4776 10418 4931 10915 8213 16187 16187 12757
2093 5463 1919 4776 1068 1799 926 10020 16187 16187 16187 16187 16187 16187 16187 16187
3842 1919 12127 2191 3177 830 2053 4776 7151 12233 12545 1398 10671 16187 779 6259
926 8710 1378 3177 9743 8213 12233 1436 3171 8710 6259 2122 2563 16187 2823 2148
10619 15525 3177 9484 14029 12276 8264 10931 16187 16187 16187 16187 16187 16187 16187 16187
5627 15525 3177 14139 3418 16187 2563 16187 16187 16187 16187 16187 16187 16187 16187 16187
10619 15525 3177 9484 14029 12276 8264 10931 16187 16187 10315 8268 16187 2296 3543 8093
5332 4624 2552 6259 926 14029 4776 1076 16187 16187 16187 16187 16187 16187 16187 16187
1543 14776 5713 4152 2975 2598 16187 16187 2598 16187 16187 14734 8185 16187 16187 16187
5332 4624 2552 6259 926 14029 4776 1076 16187 16187 16187 16187 16187 16187 16187 16187
14237 6824 10913 15002 4776 3177 15597 14229 16187 16187 16187 16187 16187 16187 16187 16187
14237 6748 8268 4776 2946 16187 15956 11953 4312 16187 9264 16187 16187 16187 8719 15597
14237 6824 10913 15002 4776 3177 15597 14229 16187 14237 4776 926 16187 16187 10669 16187
4325 561 1957 4776 10418 10501 12576 16187 16187 16187 16187 16187 16187 16187 16187 16187
4325 561 1957 4776 10418 10501 12576 16187 16187 16150 16187 9070 16187 8569 13089 4776
4325 561 1919 4776 10418 830 4776 1750 10501 3177 4776 16187 16187 16187 16187 926
1919 12127 3137 9438 7926 13942 926 14237 7076 1094 14097 512 8258 16187 16187 16187
4267 4710 11953 3171 2563 926 929 6173 8719 926 16187 16187 16187 16187 16187 16187
14734 14890 4837 3484 9827 8710 1957 14180 12291 926 16187 2115 16187 16187 1378 926
13429 4776 10033 6259 7742 12233 4552 5258 6161 6179 8719 6259 926 12887 16187 16187
3842 1919 12127 926 3177 5937 1750 16187 3366 16187 926 16187 16187 9575 16187 16187
926 1378 6988 6585 14808 16187 13942 12233 9429 13740 4776 3765 5820 16187 10033 16187
8069 830 6259 8656 10244 10033 16187 16187 16187 16187 16187 16187 16187 16187 16187 16187
4267 4710 11953 3171 2563 16187 8719 4776 2563 16187 8719 926 16187 8456 16187 16187
8069 830 6259 3098 926 926 5365 5867 513 10497 8710 4776 926 16187 16187 16187
7740 15956 10566 6071 10671 11553 6259 5948 3177 12102 830 3171 2563 16187 16187 16187
9036 3171 2563 16187 12495 12495 16187 16187 1597 9070 16187 16187 16187 16187 8781 3171
7740 11530 926 13348 16187 8719 5463 7740 6432 14029 4776 4927 16187 16187 16187 16187
133 8268 7740 8197 3171 2563 6259 8268 8423 926 9850 16187 16187 16187 16187 16187
4267 10033 3177 14180 983 16187 16187 926 13348 16187 16187 8781 16187 16187 16187 16187
2446 8268 3098 7748 5524 8268 7740 8592 16187 1378 4183 16187 5580 5993 4776 14596
12008 8712 771 4927 11385 8811 8268 8726 5568 4776 2353 12232 11553 926 8712 16187
3842 1957 14180 1737 16187 16187 16187 8268 4776 2221 16187 12233 2823 16187 16187 16187
8712 9084 159 12276 14808 12233 14734 10026 779 6259 10894 3177 926 16187 16187 16187
7542 2263 6259 14139 16187 16187 16187 16187 16187 16187 16187 16187 16187 16187 16187 16187
8710 3171 4776 4267 2563 9890 2598 16187 2563 16187 16187 7970 16187 16187 16187 16187
7542 2263 6259 10355 8704 830 9070 16187 12276 16187 13348 16187 13348 16187 13348 16187
7740 12773 6826 5820 4240 4776 8697 8268 12008 14180 4624 9605 8710 11901 926 16187
4267 4710 11953 3171 2563 926 929 4776 2563 12233 771 6259 926 16187 16187 16187
7740 6635 4776 10418 2837 926 926 14237 4384 926 16187 16187 16187 16187 16187 16187
14029 4776 16146 4751 8268 4776 10033 8710 3639 16187 16187 16187 16187 16187 16187 16187
4267 10033 3177 4776 5365 16187 4931 8719 16105 16187 16187 16187 204 8719 926 16187
4776 10418 8719 8944 8428 8710 2446 11759 1126 16187 14237 11953 926 926 8268 1138
14237 926 5867 14784 3177 4776 5562 14220 4931 6259 564 9045 16187 16187 16187 16187
3842 3171 2856 11889 4776 12012 16187 3364 11553 12766 926 16187 2598 16187 16187 5711
14237 926 5867 14784 3177 4776 5562 14220 4931 6259 564 9045 16187 16187 2563 16187
12008 14776 4325 7805 830 784 2598 16187 16187 16187 16187 16187 16187 16187 16187 16187
5329 14180 8710 8569 8268 12716 16187 926 16187 6348 8719 926 16187 16187 16187 16187
12008 14776 4624 12276 926 91 16187 6259 8081 2053 6259 9385 5711 16187 16187 6535
8712 12232 11553 12766 8270 8726 4325 6415 4776 3211 6348 4537 13824 6499 16187 16187
8712 12232 11553 926 6259 5948 8270 16187 9385 16187 2204 8268 14180 4776 3052 16187
8712 12232 11553 926 6259 3098 926 14029 4776 926 16187 16187 16187 16187 16187 16187
4776 1709 830 4776 2563 14776 5568 6070 15335 16187 16187 16187 16187 16187 16187 16187
4776 2616 3177 11632 2598 16187 8268 14734 9339 12835 16187 91 16187 12495 16187 16187
4776 7661 15358 14776 2176 14237 6826 3098 649 16187 4776 6664 16187 16187 14237 2689
8712 11744 9754 9070 8712 5867 4776 3403 13348 16187 16187 16187 16187 16187 16187 16187
8712 11744 9754 9070 8712 5867 4776 3403 13348 16187 13348 16187 13348 16187 13348 16187
8712 14807 8268 14237 926 1229 16187 3335 13348 16187 2974 13348 16187 926 16187 3257
4552 5329 14518 1138 4335 5711 14237 6011 4537 14470 12149 1138 926 5711 16187 16187
203 3364 3171 9290 789 11553 926 5713 4451 2598 16187 2598 16187 16187 16187 2598
1138 7926 5867 12766 5816 2837 4776 926 5711 3171 2563 8710 16139 16187 16187 16187
8712 6678 10355 1945 13907 6259 5948 3177 11608 16187 16187 16187 16187 16187 16187 16187
3842 16187 16187 1737 9487 8268 12604 8268 7740 16187 14139 16187 16187 16187 16187 12349
8712 6678 10355 1945 13907 6259 5948 3177 11608 16187 3765 16187 16187 16187 16187 16187
8712 5867 2176 13348 16187 16187 16187 16187 16187 16187 16187 16187 16187 16187 16187 16187
8712 5867 13978 12364 16187 16187 15347 16187 4552 16187 816 16187 9442 12545 14180 16187
8712 5867 2176 13348 16187 4103 8719 6259 2326 10501 3177 3171 10033 16187 926 16187
5568 4311 15846 1378 12149 1019 14237 10751 6173 4776 14596 5867 926 16187 16187 16187
3842 11889 4776 12012 13348 16187 2150 5867 926 3177 2353 16187 16187 16187 16187 7740
4325 10262 6259 6689 6259 6071 2563 16187 13334 2598 16187 16187 2599 4776 653 16187
1955 5208 2823 8466 8268 4776 8569 3461 9191 4776 10355 16187 16187 16187 16187 16187
1955 5208 2823 8466 8268 4776 8569 3461 9191 4776 10355 16187 16187 16187 15090 16187
1955 5208 2823 8466 8268 4776 13839 5711 8710 15597 926 16187 16187 16187 16187 16187
13084 8268 7740 9884 12431 8712 10496 926 1955 14634 926 16187 16187 16187 16187 16187
3842 16187 16187 1737 9487 8268 10315 14029 9887 12233 10603 15525 16187 16187 16187 13348
4776 9290 3873 8726 4624 13758 4240 12132 16187 2446 926 16187 16187 16187 16187 16187
14221 12495 15335 1133 14776 6297 11912 16187 16187 16187 16187 16187 16187 16187 16187 16187
4267 4710 11953 3171 2563 4931 6259 6071 1398 6071 2563 16187 16146 16187 16187 16187
10710 8268 12008 2689 16187 4687 12233 12650 830 4776 8185 16187 16187 16187 13348 16187
926 5867 5825 9534 12232 2823 13076 8719 4404 10033 8268 12008 3388 7393 91 16187
3842 16187 16187 1737 9487 8268 12604 8268 7740 973 9640 16187 8270 16187 6421 4124
926 5867 5825 9534 12232 2823 5288 8268 2543 8719 6259 6070 10053 2563 16187 9332
3171 2563 771 15819 11434 3177 4776 926 4194 2313 16187 16187 16187 16187 16187 16187
3171 8857 9872 9070 16187 926 8268 7740 2326 12449 12233 11889 3171 2563 16187 16187
3171 13792 1110 12556 243 4776 14596 10401 14180 4776 4927 12233 4776 12298 16187 6535
4325 12261 6259 5328 440 12671 14237 5568 7129 12233 3346 12401 16146 16187 16187 16187
4325 13758 10967 4776 4927 7926 14237 5032 4390 4776 8808 16187 16187 16187 9332 16187
4325 13758 10918 1957 4832 8268 3177 1245 8268 1019 1543 14776 4776 2752 2598 16187
6011 11889 12273 6096 8719 4776 2002 2598 16187 16187 16187 16187 16187 16187 16187 16187
1019 12766 14069 10471 5463 6173 16187 9813 6148 10501 3177 3171 16187 16187 16187 16187
1019 4791 8268 9501 8268 830 16041 8712 816 13348 16187 8081 16187 8081 2053 16146
8712 13942 5463 15937 771 12766 445 830 926 5867 10054 9905 16187 16187 16187 16187
8712 13942 12233 11553 13084 15802 16187 14734 16058 16187 14069 16187 16187 1885 16187 16187
8712 13942 12233 11553 16187 15802 16187 16187 14734 10566 12127 9887 15874 16187 12233 4776
7740 5208 5329 2348 15274 6259 13879 830 1229 9450 2122 8719 12401 476 16187 16187
4325 10716 14776 5329 830 9070 16187 6259 6421 10709 830 6011 16187 16187 16187 16187
7740 5208 13479 1919 4776 84 3177 3171 10033 16187 16187 16187 16187 16187 16187 16187
1957 14589 5463 926 9170 2903 16187 16187 16187 16187 16187 16187 16187 16187 16187 16187
1957 14589 13084 926 16187 3865 7740 14272 8712 12232 1436 11953 8712 16187 7314 16187
1957 14589 7926 926 16187 16187 4687 8268 7926 926 16187 16187 16187 16187 16187 16187
1955 14221 1955 4776 15387 8710 3010 8268 926 926 8710 6259 1590 16187 16187 16187
3842 1919 12127 926 5867 8268 14069 4931 9754 8069 8270 16187 16187 1146 16187 16187
1955 14221 1955 4776 15387 8710 3010 8268 926 926 8710 6259 1590 16187 16187 16187
7740 4931 2446 6391 6259 12560 11889 9534 16187 16187 16187 16187 16187 16187 16187 16187
8069 1919 13530 8858 4776 10033 926 12233 11553 6259 9450 16187 16187 16187 14237 926
7740 4931 2446 5153 1919 4776 6070 926 10719 4776 1781 16187 16187 16187 16187 16187
3192 926 926 1213 4406 8185 1955 926 13348 16187 16187 16187 16187 16187 16187 16187
4267 926 1919 3177 10496 926 12232 5332 4776 14195 16187 16187 16187 16187 16187 16187
926 8710 3257 1955 926 16187 16187 14734 8196 16187 16187 6259 11897 16187 16187 16187
8712 13942 12233 2823 6259 2805 11568 3177 13441 14237 10239 16187 16187 16187 16187 16187
3842 13474 5332 8268 7740 5208 1436 8268 6826 7926 4931 10355 14043 5031 16187 16187
7926 2446 8746 2903 1919 6292 10163 8268 15658 15846 3818 14734 926 875 16187 16187
6259 7336 926 13084 9341 3177 2122 14237 2122 16187 16187 16187 16187 16187 16187 16187
13084 1378 8069 14352 4776 14217 9002 2837 4776 926 16187 14734 1378 16187 926 926
4776 10217 8197 6259 13436 9534 16187 3388 16187 91 16187 16187 2837 595 16187 926
3703 2296 3114 9133 16187 16187 16187 16187 16187 16187 16187 16187 16187 16187 16187 16187
3634 16187 5329 6535 630 12233 2823 1378 3177 4776 10887 14112 16187 16187 16187 16187
3703 2296 3114 9133 16187 4311 4776 9623 3177 4776 2037 16187 16187 10033 5867 564
5463 9311 15909 16187 16187 16187 16187 16187 16187 16187 16187 16187 16187 16187 16187 16187
13084 16187 4537 12495 630 2148 512 4776 926 1033 16187 16187 16187 13348 16187 929
5463 9311 15909 16187 16187 9813 926 16187 6259 926 16187 16187 13640 16187 16187 16187
5463 12958 12770 8719 8712 5867 13501 2598 16187 16187 16187 16187 16187 16187 16187 16187
5463 12958 12770 8719 8712 5867 13501 2598 16187 16187 16187 16187 16187 13501 16187 16187
12958 4931 11162 14237 5329 8719 5937 3504 16187 7740 11553 8466 8719 6259 10033 16187
7926 5867 7664 8268 6626 14237 6705 12233 14192 14734 926 16187 16187 16187 16187 16187
7926 5867 11788 15978 7926 926 12233 1750 6259 2199 1020 16187 16187 2097 16187 16187
7926 5867 7664 8268 6626 14237 6705 12233 14192 14734 926 16187 16187 16187 16187 16187
14272 926 6227 830 9070 8719 3171 4927 8710 6985 16187 16187 16187 16187 16187 16187
14272 926 6227 830 9070 8719 3171 4927 8710 6985 16187 16187 16187 16187 16187 16187
14272 926 13464 10498 1957 564 8710 14734 5516 13839 16187 1378 13839 16187 12115 926
14734 1482 14237 16113 1482 1133 8268 8857 8268 7129 12233 14053 1588 14237 926 16187
4267 4710 11953 3171 2563 926 929 8719 771 1954 15063 16187 16187 16187 16187 16187
14734 5031 11553 3818 13188 3177 4776 13680 926 16187 16187 16187 16187 16187 16187 16187
8469 15525 4776 926 14281 10299 15525 6280 8268 12008 2552 8712 1955 8710 5332 16187
3842 1957 14180 1737 16187 16187 16187 8268 4776 9339 13811 16187 308 16187 16187 8781
926 5867 94 2312 2326 11657 14029 4776 6683 3177 4776 10033 16187 16187 16187 16187
7740 5226 7926 8069 11839 4776 14560 5095 926 4931 6259 926 8268 1229 10669 16187
4267 4710 11953 3171 2563 926 929 4776 2563 12233 771 6259 926 16187 16187 16187
7740 13063 14734 926 3177 15866 1603 926 926 926 12541 926 8719 3171 2563 16187
3171 6259 1022 4302 5463 4537 3847 9754 4189 16187 16187 16187 16187 16187 16187 16187
3171 8710 6259 13250 2563 16187 926 16187 5568 16187 2563 16187 16187 16187 16187 16187
3171 8710 6259 13736 926 13348 13348 13348 16187 8081 3137 2563 16187 9431 16187 5332
1955 8726 4624 9084 9754 15956 5463 12467 16187 16187 16187 16187 16187 16187 16187 16187
1955 9084 7740 10827 14029 4776 2946 3994 830 9455 6011 2598 16187 926 16187 16187
1955 9084 7740 10619 9484 16187 5820 3418 14069 16187 12495 16187 16187 4949 16187 16187
4123 10776 1176 8710 4537 6259 926 14237 926 8719 4776 15840 8510 3312 16187 16187
4267 4710 11953 3171 2563 4931 6259 6071 10033 10918 16187 16187 15096 983 16187 16187
14734 926 8710 9253 926 8268 4776 926 926 15658 10545 4776 9431 16187 9431 16187
926 779 4776 14589 926 8710 926 16187 16187 16187 16187 16187 16187 16187 16187 16187
926 779 4776 14589 926 8710 926 16187 16187 16187 8719 4776 16187 16187 16187 16187
926 926 5656 12233 15597 7121 1955 4776 10355 6329 16187 3364 9332 16187 12276 9465
6259 2097 3369 10033 10272 12233 2823 13050 2837 6259 14596 8268 6259 6394 16187 16187
6259 4149 7963 13285 16187 6259 1126 12233 12650 16187 16187 7740 8069 16187 16187 16187
6259 3098 7652 830 10671 3177 4776 8439 926 6764 16187 16187 3257 16187 16187 16187
12008 8268 4776 8521 3177 4776 2563 15846 8733 15860 7001 1138 6594 5711 16187 16187
15662 14031 15662 3364 9754 13474 14038 2598 16187 830 2353 16187 8944 2563 16187 16187
12008 4776 132 7165 926 14237 926 14237 7651 4325 14180 7001 2541 16187 16187 16187
4776 10217 8197 6259 13436 9534 16187 16187 16187 16187 16187 16187 16187 16187 16187 16187
4776 4267 8084 16187 11553 771 1954 9887 926 4776 15939 16187 16187 16187 16187 16187
4776 10217 8197 6259 13436 9534 16187 3388 16187 91 16187 16187 2837 6259 9290 16187
11946 8268 6826 9831 12232 2823 15174 16187 16187 16187 16187 16187 16187 16187 16187 16187
13937 14069 8268 1543 8069 5946 12233 13852 10967 4776 2563 5867 6259 5549 16187 16187
14180 10638 11553 13617 1822 14237 7938 2326 7493 12891 16187 10053 16187 16187 926 16187
7661 4776 9349 14237 4776 4792 14776 3908 15597 564 12008 15389 8710 6606 16187 16187
4776 12835 14776 661 14237 5627 2780 16187 8569 16187 2588 1378 16187 926 16187 13348
4776 12835 14776 661 14237 10355 6006 14237 4142 8154 926 7001 16187 16187 10671 3177
8268 1138 8796 8268 14180 816 8268 7740 16138 11553 5328 6259 926 5711 6173 16187
8017 16187 5329 2689 16187 6011 4537 6259 926 16187 16187 16187 929 16187 16187 16187
6173 8268 14237 16146 14792 1138 1442 5711 6148 926 926 16187 16187 16187 16187 16187
3171 2563 4931 10355 8268 12008 14069 9498 6826 703 7740 9084 9754 11889 13341 16187
3171 2563 4931 8569 16187 11063 1603 16187 472 8268 7740 3364 9754 16187 2758 16187
3171 2563 4931 10355 8268 12008 14069 9498 6826 703 7740 9084 16187 2148 8719 4776
7777 926 13942 6070 630 11889 1138 4776 6887 5711 14237 14691 11889 104 926 16187
3842 1919 4776 926 926 8268 7926 926 16187 926 8268 14237 926 926 16187 16187
926 10497 3418 1430 926 13148 926 8268 7777 926 14237 2085 926 16187 16187 16187
2837 3171 10709 8268 8712 3543 2823 11273 5463 3171 10033 8710 9754 830 10394 16187
3842 16187 16187 1737 9487 8268 10315 14029 9887 8719 12127 3384 13348 16187 16187 16187
3171 5095 926 8719 4776 10918 9635 3177 4776 926 16187 16187 926 16187 16187 16187
4776 6390 10047 8710 11889 6259 3838 12099 1614 14029 15270 16187 16187 16187 16187 16187
4776 4267 8710 10501 9850 8268 2837 14221 16187 16187 16187 16187 16187 16187 16187 9131
4776 12529 3384 1919 1885 6070 16150 6070 15291 6535 8268 6070 12715 16187 16187 3112
7740 9640 8726 6826 6545 2155 14470 5329 11553 926 10501 3177 5463 13429 16187 16187
7740 11789 12773 926 12233 9577 2903 16187 926 16187 5568 1378 16187 16187 16187 16187
7740 9640 14272 7926 8451 13089 7926 15452 8719 4776 10924 16187 8268 4325 16138 2823
6011 16138 8093 2383 15658 9084 8712 137 4325 8158 6011 16187 16187 16187 16187 16187
4311 6011 3543 7975 7742 6500 16187 6140 16187 6070 8457 16187 16187 16187 16187 16187
6011 16138 12149 8712 16187 7661 12291 14237 8712 1175 16187 16187 16187 715 14125 16187
8712 8470 6259 14596 16187 16187 16187 16187 16187 16187 16187 16187 16187 16187 16187 16187
3842 91 16187 2689 16187 9264 9484 16187 16187 11889 2053 4776 7970 16187 16187 16187
8712 8470 6259 14596 16187 12252 1919 4776 4194 3177 14734 16058 653 8268 6011 15846
7740 9429 12127 10355 6390 3543 12650 14237 9605 6148 2837 3171 14596 16187 16187 16187
9036 3171 2563 16187 15978 2263 1378 2148 16187 16187 16187 16187 16187 13348 16187 13348
7740 2446 3017 3117 1133 830 4776 10566 10501 16187 5329 13436 1957 14180 16187 9442
9447 11889 1954 4231 4152 926 2598 16187 16187 16187 16187 16187 16187 16187 16187 16187
203 6388 5463 1378 3177 1885 10094 4931 6259 4792 3177 4776 12386 15718 16187 16187
6826 14966 10249 926 16187 13839 16187 540 16187 16187 16187 16187 16187 7367 16187 16187
1229 8268 14272 11953 4776 9685 3177 7589 551 2598 16187 16187 16187 16187 16187 16187
1229 8268 4776 2904 3794 11842 11953 5967 12233 9605 926 3177 4082 12716 786 16187
1229 8268 12276 11916 8710 5463 820 12650 8712 14237 12149 4776 7178 16187 5174 16187
4776 5555 3235 8710 11953 1954 4750 8061 10299 12233 8832 4776 1787 16187 16187 16187
4776 4267 8084 16187 8569 5095 4931 2326 926 16187 2598 16187 16187 16187 16187 16187
4776 15781 2598 16187 6585 4776 926 11553 8719 926 6259 12153 16187 16187 16187 16187
1110 1229 926 8710 3475 10033 10967 10918 8719 926 16187 16187 16187 16187 16187 16187
4267 4710 11953 3171 2563 16187 6259 9431 983 16187 1442 16187 16187 2588 15096 983
926 4647 7740 4628 9754 10838 983 2585 4859 8719 12051 16187 16187 16187 10566 12127
1229 8726 8712 5867 6259 926 5937 4240 2327 12529 9574 14139 14139 9484 16187 16187
1229 7926 12260 2823 6170 8268 7248 9107 6306 1919 926 16187 15180 1919 16187 16187
1229 7926 14352 1543 926 8710 10299 10967 16187 16187 16187 16187 16187 16187 16187 16187
14734 11382 8710 6259 144 11901 3734 926 16187 16187 16187 16187 16187 16187 16187 16187
14734 926 8710 9253 926 8268 4776 926 926 15658 10545 4776 9431 15315 13573 16187
14734 11382 8710 6259 144 11901 3734 926 16187 16187 1378 830 926 16187 16187 16187
3171 8710 1954 13926 4846 12233 1865 14237 4846 12233 16187 16187 16187 16187 16187 16187
3842 1957 14180 1737 16187 16187 16187 8268 4776 926 16187 16187 16187 16187 15096 14237
4776 5245 11317 8710 6259 7945 2563 8710 4776 926 3177 4776 926 16187 16187 16187
1711 8712 8710 6070 10355 16187 16187 16187 16187 16187 16187 16187 16187 16187 16187 16187
3842 1957 14180 1737 16187 16187 16187 8268 8712 3644 4552 16187 13348 16187 16187 16187
1711 8712 8710 6070 10355 16187 16187 15264 10671 15846 7347 8712 16187 16187 16187 16187
12260 11553 3841 926 11244 5867 5217 15525 13089 7926 6124 14272 4325 771 10471 16187
3842 16187 16187 1737 9487 10315 1133 4311 816 16187 308 16187 16187 16187 16187 16187
926 3237 5463 7926 5867 5329 5496 14043 926 5332 16187 15846 2823 16187 16187 16187
9699 1481 8710 6070 2689 12495 16187 16187 16187 16187 16187 16187 16187 16187 16187 16187
4776 6006 4931 11889 14691 6672 7740 9884 8084 8466 16187 16187 8270 16187 16187 1378
4776 6006 8710 6535 8268 4776 132 8710 9313 8268 14237 4776 10418 8710 10602 16187
7740 11889 11439 1706 1955 1954 950 16187 16187 16187 16187 16187 16187 16187 16187 16187
7740 10866 926 926 16187 929 16187 16187 16187 16187 8719 16187 16187 16187 16187 1957
7740 1114 4776 10148 10967 1138 926 10497 5711 16187 16187 4990 14237 12650 16187 830
4776 14418 8710 8213 16187 16187 16187 16187 16187 16187 16187 16187 16187 16187 16187 16187
4776 14418 8710 10242 12495 1502 8268 14237 4845 5137 1093 16187 9736 16187 16187 16187
4776 14418 8710 8213 16187 5993 16187 10033 16187 15743 16187 684 926 16105 2903 16187
12090 14030 13348 16187 16187 16187 16187 16187 16187 16187 16187 16187 16187 16187 16187 16187
12090 14030 13348 16187 8268 1138 5095 926 5711 16187 10496 926 203 3847 4776 564
9501 13823 3847 2097 6527 12233 14734 14716 16187 14734 8808 4931 926 16187 926 16187
3171 8710 4404 1138 2563 1919 6259 315 5711 16187 16187 16187 16187 16187 16187 16187
4776 4267 8084 16187 13942 12233 8733 6259 10728 8719 12276 643 16187 16187 8456 16187
4776 9899 8521 8710 1175 16187 16187 16187 9277 11553 14966 11953 16187 203 8712 16187
1378 2148 9424 7740 6635 9498 4776 12835 16187 16187 16187 16187 16187 16187 16187 16187
1378 2148 9424 7740 6635 9498 4776 12835 16187 12008 1919 6259 14397 926 16187 16187
1378 1110 830 12401 3177 14734 1620 8272 16187 8798 6259 926 653 5867 16187 16187
8719 4776 12298 8268 6259 926 926 8710 2308 8268 8069 8726 6259 10894 13854 16187
3842 11889 4776 12012 13348 16187 11553 6259 3794 3908 4404 14029 1138 14272 8719 12276
4776 10418 8719 926 8710 2446 3177 6259 3192 4379 16187 2563 16187 16187 16187 4032
12008 7926 8093 3847 8268 14069 8710 13084 899 8521 16187 16187 16187 16187 16187 16187
15662 14031 15662 3364 9754 13474 14038 2598 16187 926 2598 16187 16187 16187 16187 16187
7926 3364 11553 12766 4776 63 564 1866 771 7926 13022 1778 16187 817 16187 14237
14031 8796 5288 16187 16187 16187 16187 16187 16187 16187 16187 16187 16187 16187 16187 16187
14031 8268 9139 13348 16187 926 7740 9605 3748 10967 4776 5946 16187 15302 12050 12028
14031 8796 8268 7740 4537 10957 6259 8230 2122 926 8719 4776 10033 16187 16187 16187
7740 4537 3364 9754 9605 8661 8719 926 5867 10418 8719 3171 10033 16187 16187 16187
13089 7740 7164 4776 2563 4931 1515 10967 2837 926 16187 10501 16187 16187 16187 16187
13089 3847 13474 11553 4776 5041 3177 4776 926 13758 10967 4776 926 16187 16187 16187
4143 5713 10614 11889 926 16187 16187 16187 16187 16187 16187 16187 16187 16187 16187 16187
4143 5713 10614 11889 926 16187 16187 11889 8719 4776 16146 16187 16187 16187 16187 16187
10496 7250 5153 16187 8710 2176 16187 7393 7742 16187 531 16187 6259 6140 13839 16187
9431 3748 8268 7740 1951 7499 1243 817 14237 10743 16187 16187 16187 16187 16187 16187
4267 4710 11953 3171 2563 16187 8719 4776 2563 16187 8719 926 16187 926 16187 16187
9431 3748 8268 4776 7140 8710 3098 16187 16187 15819 8268 6070 9450 16187 16187 16187
4552 9754 2526 830 12 16187 16187 16187 16187 16187 16187 16187 16187 16187 16187 16187
4552 9754 3432 15715 3171 16187 2552 16187 16187 8268 1229 8712 5867 5329 16187 16187
4552 9754 3432 15715 3171 16187 2823 1170 2598 16187 8719 4776 2563 16187 16187 5332
15662 4776 2494 14237 2353 8087 4776 2002 15480 926 7740 15846 8093 15956 16187 16187
15662 4776 2494 14237 2353 8087 4776 2002 15480 926 7740 15846 8093 15956 16187 16187
4776 13701 926 4776 10372 6070 7742 14237 14776 4142 450 16187 16187 16187 10217 926
8712 3418 10763 6553 8268 12956 5852 8268 9642 926 14237 12956 15712 16187 16187 16187
3842 1957 14180 1737 16187 16187 16187 8268 7740 4552 16187 1407 2837 4776 2601 16187
8712 4414 926 14029 926 16187 926 16187 16187 16187 16187 16187 16187 16187 16187 16187
7926 3847 5329 188 12233 9085 13592 2148 16187 16187 16187 16187 16187 16187 16187 16187
7926 3847 5329 188 12233 9085 13592 2148 16187 512 7345 3364 16187 16187 2148 16187
7926 3847 16187 630 2148 926 8719 4776 4949 16187 7347 14195 16187 16187 12650 16187
203 5208 6011 5329 1110 3171 2598 16187 16187 16187 16187 16187 16187 16187 16187 16187
203 5208 6011 5329 1110 3171 2598 16187 14599 16187 16187 16187 16187 10501 16187 16187
203 5208 6011 10603 1885 6259 926 8719 4776 2598 16187 16187 16187 16187 16187 16187
4776 3537 423 8710 5297 14069 8268 12008 8712 779 1954 9332 423 3177 4682 16187
4776 4267 8084 16187 11553 771 12233 3520 569 3177 4182 16187 16187 4440 16187 13141
4776 7367 9799 8710 1175 14237 7742 9283 16187 16187 6535 630 6259 9332 14596 16187
2326 16187 16187 16187 16187 16187 16187 16187 16187 16187 16187 16187 16187 16187 16187 16187
2326 16187 16187 9449 16187 11039 3177 6259 11953 926 16187 926 16187 8719 4776 10033
2326 16187 16187 16187 8139 926 12008 6011 9605 14180 8455 16187 16187 16187 7740 9429
12008 1889 8268 4552 9754 393 12233 9070 8268 8197 8712 6259 2327 16187 16187 16187
12008 1889 203 5208 4776 12298 3177 4776 2563 8710 1229 5463 10355 16187 16187 16187
12008 1889 8268 8712 8710 10355 6011 4628 16187 16187 830 6259 926 16187 643 16187
7740 973 5329 13616 14272 7740 9429 3177 4776 8199 16187 16187 16187 16187 16187 16187
4267 4710 11953 3171 2563 16187 9431 1378 3177 14112 16187 16187 16187 16187 16187 16187
7740 973 2758 4325 4552 16187 14237 1453 8719 4776 2572 16187 4098 16187 16187 5695
6011 3364 926 4776 2601 2563 2858 11953 6259 12050 12028 16187 16187 16187 16187 16187
4325 12232 11553 12766 6259 5537 13839 1778 926 16187 16187 16105 16187 830 4776 2563
4325 12232 4932 8719 4776 4927 16187 926 16187 16187 16187 1957 1885 16187 16187 16187
9484 9484 16187 16187 16187 16187 16187 16187 16187 16187 16187 16187 16187 16187 16187 16187
9484 8506 16187 2823 10399 7740 8069 830 6535 15096 16187 16187 308 16187 16187 16187
9484 9484 16187 8710 4776 564 3177 8712 7740 4931 1957 5463 16187 16187 12495 16187
4776 12298 3177 4776 2563 7165 1954 5945 12233 9632 16187 16187 16187 16187 16187 16187
4776 4267 8710 10501 9850 8268 2837 8712 16187 16187 16187 16187 16187 16187 13348 16187
4776 12298 3177 4776 2563 7165 1954 5945 12233 9632 16187 16187 2308 16187 14251 16187
2563 926 8093 12208 2313 8268 926 13216 15408 16187 16187 16187 16187 16187 16187 16187
3842 1957 14180 1737 16187 16187 8268 14043 8069 6259 15174 7937 3177 6259 16187 16187
926 8268 6070 10355 8268 12576 16187 16187 7742 16187 10566 5820 16187 2552 13348 16187
4776 10023 14482 8710 1954 14311 10033 14069 5867 13084 11053 5463 16187 16187 16187 16187
4776 4267 8084 16187 11553 771 6826 926 10967 926 15525 5463 16187 926 16187 926
4776 10023 14482 8710 1954 14311 10033 14069 5867 13084 11053 5463 16187 926 16187 16187
926 16113 13348 13348 13348 16187 16187 16187 16187 16187 16187 16187 16187 16187 16187 16187
926 16113 13348 13348 13348 16187 13549 926 13348 16187 13348 16187 10337 16187 12489 14708
926 11900 830 926 8899 16187 16187 14734 16187 16187 16187 16187 14734 16187 16187 16187
4311 7001 2552 4776 2521 3177 4776 7589 13348 16187 16187 16187 16187 16187 16187 16187
4311 7001 6649 10763 5867 11180 8710 8423 5415 16187 16187 16187 16187 16187 16187 16187
4311 7001 2552 4776 2521 3177 4776 7589 13348 16187 8268 7740 11553 12233 16187 16187
7740 16138 9605 10918 12233 5463 929 16187 16187 16187 16187 16187 16187 16187 16187 16187
7740 16138 9605 10918 12233 5463 1919 14272 13089 8719 4776 2563 16187 16187 16187 16187
7740 16138 9605 10918 12233 5463 929 16187 7740 3364 926 16187 16187 16187 16187 16187
