3171 2563 15846 11553 6011 2989 1955 4776 12529 7051 1957 4776 12298 16187 16187 16187
3842 16187 16187 1737 4776 12349 4776 6499 16187 8268 1955 1954 8172 16187 16187 1954
3171 2563 8710 6259 12260 8268 8710 6259 7945 4189 3177 14766 13348 16187 16187 10619
8726 6011 188 6259 15819 4994 7518 9577 8268 7740 4142 8154 15725 16187 16187 16187
3842 16187 16187 1737 4776 12349 4776 6499 16187 8268 1955 1954 8172 16187 16187 6070
6011 15846 10114 8719 1110 1919 4776 10033 16187 16187 4032 15715 16187 16187 16187 16187
8710 8712 11145 5329 13542 2598 16187 16187 16187 16187 16187 16187 16187 16187 16187 16187
3842 16187 16187 1737 8268 12349 4776 6499 16187 16187 926 8268 14237 926 16187 16187
8710 8712 4032 9316 2598 16187 16187 9625 2588 16187 4404 8719 16187 16187 16187 15043
830 1750 6259 11453 14237 12168 5627 2780 2563 8712 8710 6535 10355 16187 16187 16187
3842 16187 16187 1737 8268 12349 4776 6499 16187 16187 16187 15096 16187 16187 16187 16187
7740 4931 2758 2837 926 8268 15978 7740 6297 6635 8712 16187 8761 16187 16187 8719
6259 1138 12260 2552 5711 830 9455 1919 6259 5293 16187 16187 16187 16187 16187 16187
6259 1138 12260 2552 5711 830 9455 1919 6259 5293 16187 16187 11839 11953 3171 16187
6259 12260 2552 16187 830 9455 15658 779 926 16187 926 16187 16187 8719 4776 308
4776 11179 4931 14411 8268 14691 2326 926 9070 4609 16187 16187 16187 16187 16187 16187
4776 4267 8084 16187 2563 6664 2598 16187 14734 405 10501 8719 4776 2563 16187 10501
4776 2563 8710 10201 14237 7294 13907 1750 9075 14043 8440 16187 6680 16187 4832 16187
4325 13839 4776 3257 13926 16187 16187 16187 16187 16187 16187 16187 16187 16187 16187 16187
3842 16187 16187 1737 8268 14180 8719 12349 12349 12349 9151 16187 16187 12349 16187 16187
926 8268 8704 3418 4311 16187 2476 8268 14237 4325 11553 16187 6070 10355 16187 16187
5297 8268 8712 13942 4776 5568 4927 12233 6585 4776 14596 16187 16187 16187 16187 16187
3842 1957 14180 1737 16187 12467 16187 8268 926 14237 926 16187 16187 16187 16187 14029
13474 8710 16075 14237 14122 8656 1243 8719 778 8268 3202 1885 643 16187 16187 1957
15870 926 4475 3364 5257 8712 1955 6259 14956 10033 830 1919 63 8760 16187 16187
3842 16187 16187 1737 8268 14180 8719 12349 8719 4776 13276 16187 926 16187 5777 16187
7740 11530 8712 8268 7740 973 9813 16041 4776 3366 13089 8712 5656 15525 13348 16187
7926 5867 3908 4776 9790 8352 15330 3177 8782 13701 14237 4776 9790 9511 16187 16187
3842 16187 16187 1737 8268 12349 4776 6499 16187 16187 926 8268 14237 926 16187 16187
8712 5867 6259 10602 14599 14237 4530 3847 7742 2837 8712 16187 16187 16187 16187 16187
9137 8268 4776 8920 779 15729 14237 4624 11031 15715 6259 7891 2122 15093 13348 16187
3842 16187 16187 1737 8268 14180 8719 12349 8719 4776 13276 16187 926 16187 5777 16187
1019 5238 8268 3367 10449 771 4776 4645 9360 3748 8719 983 830 14734 14281 16187
6173 8268 14237 4776 8521 8268 15649 7740 15846 5329 15784 16187 16187 16187 16187 16187
3842 16187 16187 1737 4776 12349 4776 6499 16187 8268 1955 1954 8172 16187 16187 6070
6173 8268 14237 8712 8710 6070 2689 8719 1597 7558 16187 5937 8808 16187 16187 16187
5463 12232 11553 12766 6259 10355 5257 3177 9743 10217 950 8719 3171 2563 16187 16187
3842 16187 16187 1737 8268 12349 4776 6499 16187 16187 16187 926 16187 16187 16187 16187
5463 8710 4776 5119 3177 3171 2563 14237 15662 8712 1229 5812 16187 15956 16187 2563
8726 6011 4552 9754 11889 8712 1957 9431 4311 9137 14237 12650 4404 476 16187 16187
3842 16187 16187 1737 4776 3766 8268 12008 6259 9290 16187 16187 10571 16187 16187 16187
12008 3484 13089 8710 385 12495 13348 16187 15525 16187 7147 14734 926 16187 16187 817
1378 3177 4776 8270 8185 16105 8719 926 16187 16187 16187 16187 16187 16187 16187 16187
3842 16187 16187 1737 8268 12349 4776 6499 16187 16187 16187 926 16187 16187 16187 16187
6259 4949 12444 16187 6070 15174 16187 2689 10033 8268 7926 5867 926 8719 4776 1781
926 6251 14237 14180 3609 7742 16187 16187 16187 16187 16187 16187 16187 16187 16187 16187
926 5867 8148 6683 13178 16187 14237 4776 10033 16187 16187 8781 16187 16187 16187 2148
926 779 15761 10418 14237 6259 926 15831 1323 16187 926 16187 3409 16187 16187 16187
3171 8710 6259 14397 10197 9887 8268 5288 13348 16187 16187 16187 16187 16187 16187 16187
3842 16187 16187 1737 8268 12349 4776 6499 16187 16187 926 16187 16187 926 16187 16187
3171 8710 6259 3098 2563 8268 6259 15761 3211 16187 926 16187 5948 16187 16187 16187
203 11953 6259 15335 11262 2598 16187 16187 16187 16187 16187 16187 16187 16187 16187 16187
203 4776 6286 3847 6259 926 16148 11830 11889 926 9605 8693 6259 10033 12192 16187
1138 4776 9365 5711 926 14180 3177 4312 16187 4537 7076 5463 16187 16187 16187 16187
6694 926 12232 7742 8268 14029 926 11839 8268 6694 926 14470 5257 4312 16187 16187
3842 16187 16187 1737 4776 12349 4776 6499 16187 8268 1955 1954 8172 16187 16187 10501
926 5867 5825 9534 12232 2823 13076 8719 4404 10033 8268 12008 3388 7393 91 16187
12008 3171 2601 2563 9004 11889 1954 12349 4776 12489 8385 2563 16187 16187 16187 16187
12008 3171 8710 9754 5463 2563 16187 9745 16187 11039 3177 10288 926 16187 926 16187
12008 3171 8710 9754 7251 8719 4776 3886 16187 12650 16187 16187 16187 16187 16187 16187
926 3364 5329 6276 5463 7926 4931 5329 1726 14237 14180 5463 145 12233 8456 16187
3842 16187 16187 1737 4776 12349 4776 6499 16187 8268 1955 1954 8172 16187 4189 16187
926 8268 8704 3418 4311 16187 2476 8268 1229 13348 16187 929 16187 16187 16187 16187
3171 2563 779 8712 14180 16187 16187 16187 16187 16187 16187 16187 16187 16187 16187 16187
3171 2563 3847 9754 15382 4776 5293 926 16187 14043 12757 6173 16187 5332 16187 16187
3171 2563 10915 926 9070 4609 16187 14237 14734 100 2563 16187 926 16187 926 16187
12576 3171 2067 14351 5208 13807 10610 4776 6718 1545 14029 926 5867 1323 16187 16187
3842 16187 16187 1737 8268 12349 4776 6499 16187 16187 16187 15096 16187 16187 16187 16187
926 5867 10963 8710 926 10967 14734 13322 6489 16187 16187 16187 16187 7970 16187 7970
926 12767 926 1537 14237 926 14745 12008 1537 8710 7456 12233 12945 16187 16187 16187
926 8268 926 2480 14776 7669 3994 13348 16187 926 926 16187 3257 16187 16187 1023
926 8268 8704 3418 4311 16187 2476 8268 1229 13348 16187 929 16187 16187 16187 16187
7740 4142 15890 1919 7661 16187 16187 16187 16187 16187 16187 16187 16187 16187 16187 16187
7740 926 13348 16187 5272 16187 12008 8719 12276 2285 643 16187 16187 2148 14237 926
7740 926 8712 15978 4776 5033 3177 6259 1138 926 5711 5346 9070 16187 4776 2563
4776 15358 14776 2176 14237 2591 8548 6259 9391 16187 16187 16187 16187 16187 16187 16187
4776 4267 8084 16187 8084 13197 7740 8146 926 16187 16187 16187 926 16187 16187 16187
4776 6499 14776 4394 16187 6140 14237 4537 4931 5463 1378 3177 4776 926 10894 16187
830 5463 8712 5867 1344 11925 14237 2997 16187 16187 16187 16187 16187 16187 16187 16187
3842 16187 16187 1737 8268 12349 4776 6499 16187 16187 16187 926 16187 16187 16187 16187
5463 5867 4776 7610 12233 4776 10033 16187 16187 16187 7188 16187 16187 926 16187 16187
7740 15956 8712 5867 8719 9459 8268 6601 8719 15970 16187 16187 16187 16187 16187 16187
7740 11553 13084 10400 8726 8712 8710 11068 14043 5329 16187 10077 16187 12008 8712 5297
7740 9429 8712 10399 12233 12349 11274 3171 2563 16187 8569 16187 3278 16187 16187 10418
3171 12709 12233 4776 15197 8710 6259 7671 14237 232 5314 8350 6975 16187 16187 16187
3171 8857 9872 9070 16187 926 8268 1138 926 13348 5711 16187 16187 6259 926 16187
3171 10033 779 6259 5948 3177 1684 14237 5086 12008 8710 6535 4687 12233 14192 16187
8712 3007 15624 14237 11521 16187 16187 16187 16187 16187 16187 16187 16187 16187 16187 16187
8712 4931 9754 6070 12606 9890 16187 14237 15525 3177 4994 3994 16187 11839 8268 1229
8712 8710 15667 14237 9264 16187 16187 8719 15649 12233 4552 4776 12298 16187 2997 16187
14237 8733 13084 4710 11953 8712 8268 3171 2563 4931 926 1955 6259 15236 10033 16187
3842 16187 16187 1737 4776 12349 4776 6499 16187 8268 1955 1954 8172 16187 5036 3766
14237 6259 4779 8710 3098 830 6259 926 731 16187 2997 16187 2552 16187 16187 16187
779 5530 7723 5463 8712 4931 15202 6259 2970 3177 926 2598 16187 16187 16187 16187
3842 16187 16187 1737 8268 12349 4776 6499 16187 16187 16187 15096 1941 16187 16187 16105
926 5867 11916 4552 16187 7742 6259 5948 11889 4776 6722 16187 16187 15731 16187 11046
12654 14180 3177 4776 2122 14237 9955 8268 3171 8710 6259 6070 10024 13103 16187 16187
3842 16187 16187 1737 8268 12349 4776 6499 16187 16187 16187 15096 16187 16187 16187 16187
8719 12276 10442 16187 816 16187 10033 8268 4311 16187 12958 6011 11553 926 16187 16187
11039 3177 11889 4776 926 14029 6259 13342 7956 7615 16187 16187 16187 16187 16187 16187
3842 16187 16187 1737 8268 14180 8719 12349 8719 4776 13276 16187 4832 16187 13216 16187
12276 1860 10501 3177 4776 476 926 10315 8657 8268 2884 8268 1111 16187 7076 16187
2143 6986 13084 1213 9424 1955 6259 2175 4644 5463 7740 973 4170 3177 16187 16187
3842 16187 16187 1737 8268 14180 8719 12349 8719 4776 13276 16187 4832 16187 13216 16187
2143 9484 7542 16187 6535 13178 2563 16187 8506 16187 5804 4240 9316 16187 16187 16187
14919 15525 3177 9484 16187 16187 16187 16187 16187 16187 16187 16187 16187 16187 16187 16187
9850 15525 14139 16187 8710 8268 12716 16187 11889 12273 926 7336 16187 2984 817 16187
14919 9484 16187 7453 6006 8710 926 14029 4776 7612 3177 4776 926 16187 16187 16187
7926 8710 4868 8719 3171 2563 16187 16187 16187 16187 16187 16187 16187 16187 16187 16187
3842 16187 16187 1737 8268 12349 4776 6499 16187 16187 926 8268 14237 926 16187 16187
7926 8710 6259 6500 6051 3098 926 16187 1378 1378 10501 16187 16187 16187 6683 16187
7926 4441 4776 8588 3177 1138 16041 6259 3192 5711 16187 16187 16187 16187 16187 16187
3842 16187 16187 1737 8268 12349 4776 6499 16187 16187 16187 926 16187 16187 16187 16187
7926 926 13592 5930 8719 1885 926 16187 599 16187 2446 3364 16187 16187 16187 16187
8710 8712 2326 5463 8569 2598 16187 16187 16187 16187 16187 16187 16187 16187 16187 16187
3842 8712 16187 63 14029 4776 926 13348 16187 2563 16187 2053 4776 564 16187 16187
926 8710 9754 1955 3098 1955 11846 16187 1955 8712 4931 16187 16187 16187 16187 11889
6259 9935 8719 4776 4751 8710 5435 8719 5909 16187 16187 16187 16187 16187 16187 16187
3842 16187 16187 1737 8268 12349 4776 6499 16187 16187 926 16187 16187 926 16187 16187
6259 926 2598 16187 6140 2191 16187 4931 4776 926 3177 4776 10033 16187 16187 926
10080 13441 16187 16187 16187 16187 16187 16187 16187 16187 16187 16187 16187 16187 16187 16187
14031 1370 13348 16187 5297 15846 2823 16187 10770 16187 16187 16187 16187 16187 16187 16187
2599 5867 10259 8712 1919 926 8268 830 176 16187 16187 8181 16187 16187 1919 16187
12495 8569 15978 5463 8710 816 1543 3171 11039 3177 2563 12770 16187 16187 16187 16187
3842 16187 16187 1737 8268 12349 4776 6499 16187 16187 16187 15096 16187 16187 16187 16187
1229 630 830 13587 13348 16187 16187 2563 16187 7970 16187 16187 16187 2563 16187 7970
926 8268 4776 2285 13839 14776 14029 12489 14708 5509 16187 16187 16187 16187 16187 16187
926 8268 4776 2563 5046 2497 1957 1378 13182 16187 7740 2006 4776 2563 16187 16187
926 8268 4776 10033 4931 2176 12233 12650 16187 6259 926 16187 16187 16187 16187 16187
2550 16187 16187 16187 16187 16187 16187 16187 16187 16187 16187 16187 16187 16187 16187 16187
3842 16187 16187 1737 8268 12349 4776 6499 16187 16187 16187 15096 16187 16187 16187 16187
6173 16187 12260 2823 10399 12233 8152 3171 16187 16187 11789 15621 16187 16187 16187 16187
12116 5867 10033 9222 4931 1098 8268 8719 2263 16058 4927 8268 3177 1245 16187 16187
3842 16187 16187 1737 8268 12349 4776 6499 16187 16187 16187 15096 16187 16187 16187 16187
8719 4776 15939 8268 4776 9405 15881 4609 14237 14734 14482 7165 926 14237 946 16187
4776 10418 8719 926 8710 2446 3177 6259 3192 4379 16187 16187 16187 16187 16187 16187
3842 16187 16187 1737 8268 12349 4776 6499 16187 16187 926 16187 16187 926 16187 16187
4776 10418 8710 12489 14708 16187 11772 12739 7003 2894 3177 926 16187 16187 16187 8268
1098 13348 16187 16187 16187 16187 16187 16187 16187 16187 16187 16187 16187 16187 16187 16187
3842 8712 16187 63 14029 4776 926 13348 16187 327 8081 2563 15271 16187 16187 16187
1098 13348 16187 643 13089 7740 9605 6259 9450 2148 16187 8715 16187 16187 5297 926
6363 14139 9484 16187 16187 16187 16187 16187 16187 16187 16187 16187 16187 16187 16187 16187
5627 16187 9850 16187 7742 16187 13216 16187 7742 16187 2148 512 16187 1957 14180 16187
6363 16187 9431 983 10566 2563 16187 1110 8719 1138 926 16187 16187 16187 16187 13348
9519 10588 16187 16187 16187 16187 16187 16187 16187 16187 16187 16187 16187 16187 16187 16187
3842 16187 16187 1737 8268 14180 8719 12349 8719 4776 13276 16187 4832 16187 5137 16187
926 15034 926 14237 15783 1019 926 2598 16187 926 16187 16187 6173 16187 16187 16187
10496 13408 3927 6259 5695 9534 16187 16187 16187 16187 16187 16187 16187 16187 16187 16187
3842 16187 16187 1737 8268 12349 4776 6499 16187 16187 926 16187 16187 926 16187 16187
926 8710 6259 9964 13868 3211 1919 6259 14397 10569 14351 8712 5867 5329 2689 16187
4776 9389 926 15525 3177 9070 13592 11401 3177 4776 13879 13348 16187 16187 16187 16187
3842 16187 16187 1737 8268 12349 4776 6499 16187 16187 926 16187 16187 16187 926 16187
4776 132 8710 1344 15819 7740 7627 16187 926 16187 15743 16187 16187 817 16187 15043
12008 8726 6011 11031 11711 3171 10033 1329 6011 11031 6606 4776 10709 16187 16187 16187
12008 5329 1789 16187 12208 6011 6259 9450 6259 1138 2563 5711 16187 16187 2148 16187
12008 3730 16187 926 4931 12349 14180 4776 6499 8268 926 16187 15881 12349 16187 6070
8712 5867 13084 13209 830 6259 10355 9534 16187 16187 16187 16187 16187 16187 16187 16187
8712 5867 6259 4601 8949 16187 16187 8719 4776 5365 16187 16187 16187 16187 16187 16187
8712 5867 6259 16074 9575 10033 16187 8710 6259 1903 3177 15649 926 7975 4609 10967
7740 13063 14734 926 3177 15866 1603 926 926 926 12541 926 8719 3171 2563 16187
3842 16187 16187 1737 8268 14180 8719 14180 8268 12349 14237 1954 10244 16187 16187 12127
7740 926 8712 15978 4776 5033 3177 6259 1138 926 5711 5346 9070 16187 4776 2563
11558 8268 14069 8710 9754 8268 5329 8069 8719 6259 926 14824 16187 16187 16187 16187
3842 16187 16187 1737 8268 12349 4776 6499 16187 16187 16187 15096 16187 16187 16187 16187
926 5867 11916 4552 5329 6407 4776 9431 8656 926 8719 4776 2002 308 16187 16187
9063 8268 7740 1099 11498 6215 8719 3098 12051 6550 12276 817 8982 7953 16187 16187
3842 16187 16187 1737 8268 12349 4776 6499 16187 16187 926 16187 16187 926 16187 16187
926 8268 8704 3418 4311 16187 2476 8268 1229 13348 16187 16187 2712 13348 16187 16187
15337 5867 1787 1390 1019 5410 6173 9850 16187 16187 16187 16187 16187 16187 16187 16187
3842 16187 16187 1737 8268 14180 8719 12349 8719 4776 13276 16187 4832 16187 5137 16187
6173 16187 2684 2608 16187 10967 4776 6070 10442 16187 16187 4707 7740 3841 16187 830
926 8710 14221 12495 7664 5329 12233 11553 7902 8712 12008 13474 8781 8712 8719 16187
3842 16187 16187 1737 8268 12349 4776 6499 16187 8268 14237 926 16187 16187 16187 6683
926 8710 15848 16187 16187 91 8719 4776 1419 16187 14237 4776 1419 16187 8158 16187
8712 5867 7393 6974 12233 926 4776 926 8911 3513 830 3171 10033 16187 16187 16187
3842 16187 16187 1737 8268 12349 4776 6499 16187 16187 16187 926 16187 16187 16187 16187
8712 5867 6259 10355 8704 830 9070 16187 14237 4776 2563 4931 6259 926 16187 16187
12008 3171 2563 779 14691 12114 12233 4552 1919 5463 1362 3235 16187 16187 16187 16187
3842 16187 16187 1737 8268 12349 4776 6499 16187 16187 16187 15096 16187 16187 16187 16187
12008 3171 8710 1954 1138 926 5711 10033 8268 14237 3171 8710 12233 2823 12773 16187
4776 564 9424 12233 4552 13089 15715 3171 2563 8710 4537 5463 16187 16187 16187 16187
4776 4267 8084 16187 2563 6664 2598 16187 14734 405 10501 8719 4776 2563 16187 10501
4776 564 2563 3177 4776 1747 2598 16187 926 8268 1955 13474 7076 1955 1954 950
14691 8268 7740 8313 14691 8268 4325 4552 8710 2689 8719 4776 14589 16187 16187 16187
3842 16187 16187 1737 8268 14180 8719 12349 8719 4776 13276 16187 926 16187 5777 16187
6173 16187 14426 7926 5867 12766 11953 1955 926 14237 10355 16187 16187 16187 16187 2148
8712 8710 6259 3667 3177 983 16187 16187 16187 16187 16187 16187 16187 16187 16187 16187
3842 16187 16187 1737 8268 12349 4776 6499 16187 16187 16187 926 16187 16187 16187 16187
8712 8710 6259 4949 6514 10033 16187 6297 2148 512 6259 10894 6480 16187 16187 1957
14237 4325 1436 4776 4152 8710 8569 13663 5359 8268 13616 16187 16187 16187 16187 16187
14237 4624 11889 8712 5463 4927 16187 16187 16187 16187 817 16187 16187 926 16187 16187
14237 8268 4776 132 2598 16187 3537 1138 926 5711 16187 16187 1138 926 16187 5711
4776 7151 5568 5999 13089 14069 8710 6259 7890 12233 4776 10168 16187 16187 16187 16187
4776 14596 8710 8423 9332 16187 6070 8268 12008 2599 15846 2823 2148 7970 16187 16187
4776 14596 8710 16139 14237 2684 2608 16187 14397 6070 15096 16187 16187 6070 10373 16187
926 13529 926 8577 12233 6276 926 12593 15525 14237 14637 14734 926 1350 16187 16187
3842 16187 16187 1737 8268 12349 4776 6499 16187 16187 926 16187 16187 926 16187 16187
926 8268 8704 3418 4311 16187 2476 8268 1229 13348 16187 16187 2712 16187 16187 6304
926 13949 15846 5329 10603 3171 10033 4687 12233 14192 16187 16187 16187 16187 16187 16187
3842 16187 16187 1737 8268 14180 8719 12349 8719 4776 13276 16187 926 16187 8069 1954
926 5867 7051 4142 447 16187 16187 1229 8268 14237 14180 16187 2563 16187 16187 16187
8712 6179 11198 8268 2123 14237 6826 3034 12233 8733 5820 15720 16187 16187 16187 16187
3842 16187 16187 1737 8268 12349 4776 6499 16187 16187 16187 926 16187 16187 16187 16187
8712 8710 15667 14237 9264 16187 16187 954 1919 14248 16187 16187 16187 954 16187 16105
14031 8268 9290 16187 16187 16187 16187 16187 16187 16187 16187 16187 16187 16187 16187 16187
14031 8268 6683 8268 14069 5867 1991 926 5867 3192 16187 16187 16187 1378 13348 16187
14031 8268 14237 2359 1603 926 8710 4537 4868 16187 16187 16187 11889 5463 16187 983
6011 15956 5713 8404 14776 8719 5074 14237 6280 9591 4325 15956 8712 12495 16187 16187
3842 16187 16187 1737 4776 3766 8268 12008 6259 9290 16187 16187 16187 16187 16187 16187
6011 15846 2823 2148 512 9872 16187 926 8268 8719 4776 5562 16187 16187 16187 13348
14069 5867 6259 13129 926 12233 3171 10033 16187 16187 16187 16187 16187 16187 16187 16187
3842 8712 16187 63 2664 926 8268 4776 10033 16187 564 16187 16187 16187 16187 16187
14069 5867 6259 3098 8855 3177 7804 8719 3171 10033 16187 7333 16187 16187 16187 926
10355 6499 2837 4776 4927 16187 16187 16187 16187 16187 16187 16187 16187 16187 16187 16187
3842 16187 16187 1737 8268 12349 4776 6499 16187 16187 16187 15096 16187 16187 16187 16187
4776 10418 8710 6535 10355 1955 7742 16187 16187 10207 8268 7742 16187 1433 15525 16187
14031 8268 14237 8719 2037 14069 4931 13592 3141 8268 8712 5867 16187 16187 16187 16187
14031 8268 6683 8268 14069 5867 1991 926 5867 3192 16187 16187 16187 1378 13348 16187
12008 3484 13089 8710 385 12495 13348 16187 15525 16187 7147 14734 926 16187 16187 817
2327 8712 1955 6826 3177 4776 6306 5372 12260 2823 14916 16187 16187 16187 16187 16187
3842 16187 16187 1737 4776 12349 4776 6499 16187 8268 1955 1954 8172 16187 16187 6070
7926 14827 3171 1676 16187 830 1243 16187 8268 7970 16187 16187 12349 16187 16187 16187
926 1955 7742 1955 10336 4779 574 2837 926 16187 16187 16187 16187 16187 16187 16187
3842 16187 16187 1737 8268 12349 4776 6499 16187 16187 16187 15096 16187 16187 16187 16187
926 8268 8704 3418 4311 16187 2476 8268 1229 13348 16187 929 16187 16187 4931 7740
8712 779 4776 3138 2954 3177 3211 8268 10978 8268 14237 471 16187 16187 16187 16187
3842 16187 16187 1737 8268 12349 4776 6499 16187 16187 926 16187 16187 16187 926 16187
8712 8710 6259 3098 12805 16187 6500 8268 14237 8069 2148 5208 6011 5208 16187 11839
7740 2326 3553 4325 8733 2148 15978 3061 5867 601 7347 16041 8270 16187 16187 16187
2476 16187 4537 6259 926 3177 6259 10770 16187 643 16187 9442 8268 9442 14237 4776
7740 2326 6635 3171 2563 16187 1329 13348 16187 11553 8712 16187 16187 16187 16187 16187
5807 11953 4312 11789 3112 9070 188 12233 5907 2903 16187 16187 16187 16187 16187 16187
3842 16187 16187 1737 8268 14180 8719 12349 8719 4776 13276 16187 926 16187 5777 16187
8726 6011 14776 1621 12965 4311 3171 2563 8710 926 830 6011 16187 4311 16187 10918
15658 926 2903 3171 1435 9450 926 2598 16187 16187 16187 16187 16187 16187 16187 16187
3842 8712 16187 63 2664 926 8268 4776 10033 16187 564 16187 16187 16187 16187 16187
926 8268 8704 3418 4311 16187 2476 8268 1229 13348 16187 929 16187 16187 4931 16187
13975 8268 12373 1467 926 564 8268 11169 6259 5545 12849 14525 3177 926 926 16187
3842 16187 16187 1737 8268 12349 4776 6499 16187 16187 926 16187 16187 926 16187 16187
6259 4949 12444 16187 6070 15174 16187 10033 8268 10710 16187 12008 13474 8710 6259 8124
3171 8710 10602 6850 8268 10770 14237 2689 16187 16187 16187 16187 16187 16187 16187 16187
3842 16187 16187 1737 8268 12349 4776 6499 16187 16187 16187 926 16187 16187 16187 16187
3171 8710 6259 3098 2563 8268 6259 15761 3211 16187 926 16187 15819 16187 1957 14180
7926 2446 13081 11889 7926 13327 6259 15335 5841 16187 16187 16187 16187 16187 16187 16187
8712 15452 11889 13852 8710 5967 12233 926 5947 926 16187 926 16187 16187 926 16187
8712 5867 6259 10355 8704 830 9070 16187 2563 16187 7970 16187 16187 16187 7937 3177
4325 6077 12233 2327 12233 8733 15597 2400 14810 830 4776 9175 3177 4776 3163 16187
3842 16187 16187 1737 4776 12349 4776 6499 16187 8268 1955 1954 8172 16187 16187 6070
4325 5174 13216 8913 1955 1378 3177 12276 1860 14180 983 8185 16187 12495 16187 16187
8796 8268 7740 6635 4312 16187 16187 16187 16187 16187 16187 16187 16187 16187 16187 16187
8796 8268 7740 9084 16187 2552 8712 8719 15597 8456 16187 16187 16187 1229 2326 16187
8796 8268 7740 6635 4312 16187 6826 2148 16187 15 1957 6259 926 830 16187 16187
5937 15180 15846 8467 1055 3962 12233 6259 1186 8719 926 13907 6306 14043 926 16187
3842 16187 16187 1737 4776 12349 4776 6499 16187 8268 1955 1954 8172 16187 16187 10501
8726 3171 8710 4776 14635 3177 6801 6011 11889 1019 14237 15662 2598 16187 16187 5332
15870 2053 9332 3994 8710 4776 7610 4183 8268 12576 16187 16187 16187 16187 16187 16187
14031 8268 4776 10978 13348 16187 779 12766 10471 16187 6070 7742 16187 16187 16187 6535
7740 11530 12958 11953 3171 2563 14237 7740 2308 6011 12233 4776 2563 16187 16187 16187
3171 12505 2110 779 12766 10471 12233 5804 12467 16187 16187 16187 16187 16187 16187 16187
3842 16187 16187 1737 4776 12349 4776 6499 16187 8268 1955 1954 8172 16187 16187 16187
3171 8710 6259 5516 9450 10033 16187 11075 926 16187 14043 926 16187 1781 16187 16187
12716 13089 7740 12431 6259 2080 8719 1954 3888 1133 926 8268 7740 4931 10879 16187
3842 16187 16187 1737 8268 14180 8719 14180 8268 12349 14237 1954 10244 16187 16187 12127
7740 9429 8712 4931 4776 10566 13904 2563 7740 1442 5463 5365 16187 16187 2588 16187
14272 11953 4776 15401 13879 9137 5629 4776 9431 63 12020 2598 16187 16187 16187 16187
14272 6259 3667 3177 11198 16187 4189 8710 830 16187 16187 16187 16187 16187 16187 16187
4776 2563 7307 6259 7741 3177 9780 132 16187 3335 14237 9332 16187 9332 16187 16187
7740 11553 5329 1959 4776 16146 8656 14237 6535 10879 11953 9316 4312 16187 16187 16187
7740 11553 13084 926 3994 5189 16187 5297 12825 12291 16187 16187 16187 16187 16187 16187
7740 15846 2945 12650 3171 10036 16187 8712 8710 16187 16187 16187 2588 5365 16187 16187
926 926 8268 926 926 14776 3098 8719 15597 10638 16187 16187 16187 16187 16187 16187
926 926 8268 720 1019 926 12296 13348 16187 2598 16187 16187 6705 830 16187 16187
926 926 8268 926 926 14776 3098 8719 15597 10638 16187 16187 16187 830 4776 10033
12008 8712 4931 4776 854 926 926 5867 8268 926 9534 5463 7733 12127 3584 16187
3842 16187 16187 1737 8268 12349 4776 6499 16187 16187 926 16187 16187 926 16187 16187
12008 8712 8710 6259 6070 12690 2563 12233 12650 16187 16187 16187 7970 16187 4707 16187
8712 5867 5329 4963 8268 8798 8712 5867 14734 8373 6140 8798 8857 15549 6974 16187
8712 5867 5329 6259 6388 13103 14237 8712 5867 5046 5329 6971 16187 1957 4776 8781
8712 5867 5329 3257 8268 12008 8712 5867 6259 2802 12606 13498 13103 16187 16187 16105
4325 5174 8710 4776 3257 6507 3177 6530 8268 6071 8268 2122 8268 14237 471 16187
3842 16187 16187 1737 4776 12349 4776 6499 16187 8268 1955 1954 8172 16187 5036 3766
926 9084 6259 1117 15781 1955 8719 6259 926 16187 16187 16187 16187 11889 926 16187
15848 5011 3177 926 6259 8531 5867 1022 14237 6998 12099 1614 8974 16187 16187 16187
3842 16187 16187 1737 8268 12349 4776 6499 16187 16187 16187 15096 16187 16187 16187 16187
926 8710 6259 9964 13868 3211 1919 6259 14397 10569 14351 8712 5867 5329 2689 16187
15096 9029 16187 16187 16187 16187 16187 16187 16187 16187 16187 16187 16187 16187 16187 16187
3842 16187 16187 1737 8268 12349 4776 6499 16187 16187 16187 926 16187 16187 16187 16187
7926 1178 15525 1957 1954 15842 9044 16187 16105 16187 6683 16187 4687 16187 1378 830
9296 7740 973 223 12008 5463 5867 203 7740 1442 8712 16187 16187 16187 16187 16187
14031 7742 16187 16187 3098 10770 13348 16187 950 16187 10375 16187 16187 16187 7970 16187
7740 11530 12958 11953 3171 2563 14237 7740 2308 6011 12233 4776 2563 16187 16187 16187
6173 8268 14237 8712 1603 926 13086 2823 3098 16187 16187 16187 16187 16187 16187 16187
3842 3171 2856 11889 4776 12012 16187 3364 5329 12233 1436 16187 11889 16187 15840 1955
6173 8268 14237 8712 8710 6070 2689 8719 1597 7558 16187 8712 16187 14043 16187 16187
14237 9156 388 5137 13348 16187 16187 16187 16187 16187 16187 16187 16187 16187 16187 16187
3842 16187 16187 1737 8268 14180 8719 14180 8268 12349 14237 1954 10244 16187 16187 12127
14237 3177 1245 8268 14690 926 8710 15762 8719 1885 3335 8268 7970 9222 9534 16187
1378 3847 9754 2326 5941 4776 3449 830 4776 3137 1378 16187 16187 16187 16187 16187
3842 16187 16187 1737 8268 12349 4776 6499 16187 16187 16187 926 16187 16187 16187 16187
1378 3177 4776 564 5852 14373 5388 15525 14069 13348 16187 926 926 926 13348 16187
9484 9484 16187 16187 16187 16187 16187 16187 16187 16187 16187 16187 16187 16187 16187 16187
9036 3171 2563 16187 12495 15096 16187 12349 4776 1583 16187 12349 1378 16187 926 16187
2143 9484 16187 10671 12650 3171 2563 8268 8712 8710 16187 12233 6535 1597 11063 1603
2373 1390 3543 11553 12766 477 1543 8712 12770 8719 4776 14109 16187 16187 16187 16187
3842 16187 16187 1737 8268 12349 4776 6499 16187 16187 16187 926 16187 16187 16187 16187
2552 8712 8268 11192 1094 8268 14581 10355 16187 2500 16187 16187 5580 3098 8185 16187
1955 926 2876 2903 1229 3847 926 16187 16187 16187 16187 16187 16187 16187 16187 16187
3842 8712 16187 63 2664 926 8268 4776 10033 16187 564 16187 16187 16187 16187 16187
926 5867 8006 926 1019 926 10763 6173 2446 8710 11919 16187 8719 15597 10638 16187
1543 8710 14180 3171 9831 10299 10967 16187 16187 16187 16187 16187 16187 16187 16187 16187
3842 16187 16187 1737 8268 14180 8719 14180 8268 12349 14237 1954 8521 16187 7740 9884
8719 14426 7926 5867 6259 11422 16187 12008 1957 6259 1903 1919 15597 926 5328 12233
3034 16187 16187 16187 16187 16187 16187 16187 16187 16187 16187 16187 16187 16187 16187 16187
3842 16187 16187 1737 8268 12349 4776 6499 16187 16187 16187 926 16187 16187 16187 16187
1019 8727 582 15846 2526 8268 7740 9084 13348 16187 11889 16187 16003 5095 16187 13216
13474 8710 6259 5820 443 8268 14237 13474 8710 8719 1110 1919 15300 16187 16187 16187
3842 16187 16187 1737 8268 12349 4776 6499 16187 16187 16187 15096 16187 16187 16187 16187
926 5867 11916 4552 5329 6407 4776 6406 16187 16187 8719 8719 4776 476 16187 926
5358 9484 9484 8726 7740 11022 8712 7740 12232 9754 5138 6259 9424 16187 16187 16187
3842 16187 16187 1737 8268 14180 8719 12349 8719 4776 13276 16187 926 16187 5777 16187
7740 11530 12958 11953 3171 2563 14237 7740 2308 8712 13348 16187 16187 7970 16187 16187
926 771 4776 10646 4152 3177 7069 14029 8761 13959 820 8719 8353 16187 16187 16187
3842 16187 16187 1737 4776 12349 4776 6499 16187 8268 1955 1954 8172 16187 5036 3766
926 8710 6259 9964 13868 3211 1919 6259 14397 10569 14351 8712 5867 5329 2689 16187
2148 2122 3765 12545 16187 16187 16187 16187 16187 16187 16187 16187 16187 16187 16187 16187
14691 6672 8268 4537 1495 16187 14237 6259 13684 2598 16187 16187 1229 15096 16187 16187
6070 10355 13839 8268 10355 5033 16187 16187 6070 16187 16187 16187 16187 16187 16187 16187
7740 9009 8719 1110 1919 3171 5445 2122 10978 16187 16187 16187 16187 16187 16187 16187
7740 4931 8423 9872 16187 926 3171 12654 4776 10033 16187 16187 16187 2997 16187 16187
7740 1110 3171 2563 8268 2097 3177 3034 14237 14419 13348 16187 16187 16187 16187 13348
9063 8268 4776 10442 4931 1954 15691 9684 12233 9070 16187 16187 16187 16187 16187 16187
3842 16187 16187 1737 8268 12349 4776 6499 16187 16187 8719 4776 16187 16187 16187 16187
926 8268 8704 3418 4311 16187 2476 8268 1229 13348 16187 16187 2712 13348 16187 6640
7740 9429 5463 8712 9084 9296 4537 6259 9450 16187 16187 16187 16187 16187 16187 16187
7740 9429 9296 8712 6253 16187 12233 8733 1954 4750 926 830 6259 4949 16187 16187
7740 9429 8712 10399 12233 12349 11274 3171 2563 16187 8569 16187 3278 16187 16187 10571
4776 10033 8710 14733 8268 926 14237 2790 8268 1229 12495 14776 15520 10217 3418 16187
4776 10033 8710 13250 8268 8712 15249 1919 2713 3177 4994 16187 8185 16187 16187 16187
4776 10033 8710 6259 10358 7643 10967 10442 12233 12298 16187 16187 5836 6259 7151 14237
14043 8710 8712 6259 926 3177 2002 11839 5463 5867 6297 8423 6813 2598 16187 16187
3842 16187 16187 1737 8268 14180 8719 14180 8268 12349 14237 1954 8521 16187 7740 9884
1229 8268 12276 10054 6489 1919 5713 1133 14405 12276 3109 5917 16187 4776 10418 16187
1138 4776 10125 926 5711 3826 9563 1919 1885 4125 12232 5329 2823 2329 16187 16187
3842 16187 16187 1737 4776 12349 4776 6499 16187 8268 1955 1954 8172 16187 16187 1954
1138 4776 9301 3177 926 5711 8710 7661 10770 14237 2790 16187 643 3177 926 16187
1229 9296 14069 8710 6259 3043 4240 14180 16187 16187 16187 16187 16187 16187 16187 16187
1229 14069 5867 2326 4487 12233 8191 8630 16187 1885 16187 16187 16105 16187 16187 16187
1229 14069 5867 11684 13447 830 4776 2563 16187 4311 16187 929 16187 16187 9431 16187
4776 2221 8710 2326 8213 16187 16187 16187 16187 16187 16187 16187 16187 16187 16187 16187
4776 4267 8084 16187 2563 6664 2598 16187 14180 14734 10501 2598 16187 16187 2296 16187
4776 10033 8710 2326 264 10471 16187 7518 14029 4776 308 16187 16187 16187 16187 16187
926 14537 7076 1955 6259 6855 14237 6074 926 1919 2176 9465 14237 9442 11836 16187
926 5867 3870 8710 1515 12233 9605 15731 12233 6259 926 926 8719 926 16187 16187
926 12010 2904 3177 6259 13121 13186 3177 6259 8862 5459 16187 16187 5332 16187 16187
8704 15525 3177 9484 16187 16187 16187 16187 16187 16187 16187 16187 16187 16187 16187 16187
3842 16187 16187 1737 8268 14180 8719 12349 8719 4776 13276 16187 4832 16187 13216 16187
6259 5820 16187 16187 157 12028 1957 6259 4932 4557 14482 16187 16187 8081 16187 7937
5745 8710 4537 12495 10887 16187 16187 16187 16187 16187 16187 16187 16187 16187 16187 16187
3842 8712 16187 63 2664 926 8268 4776 10033 16187 564 16187 16187 16187 16187 8069
14069 8710 6259 10150 12782 16187 926 926 16187 10545 4776 10217 16187 653 16187 16187
14180 3177 4312 9498 7877 10355 16187 16187 16187 16187 16187 16187 16187 16187 16187 16187
3842 16187 16187 1737 8268 12349 4776 6499 16187 16187 16187 926 16187 16187 16187 16187
14180 4776 9339 13839 9498 15761 8719 15597 10638 16187 16187 16187 8719 16187 16187 16187
9850 16187 16187 16187 16187 16187 16187 16187 16187 16187 16187 16187 16187 16187 16187 16187
9850 16187 5329 4776 2563 4931 2326 16105 8719 4776 9339 10501 16187 16187 16187 16187
2143 9484 7542 16187 6535 13178 2563 16187 8506 16187 9591 16187 5332 4325 1955 15096
12008 13089 7926 8746 926 14734 12388 8710 12767 7723 16187 16187 16187 16187 16187 16187
12008 13570 8712 8093 8710 16187 3177 2904 16187 16187 11401 16187 15846 9605 817 16187
12008 7926 8710 6259 5695 9424 8268 14237 8712 10272 12233 2823 16187 16187 16187 16187
14043 16108 14043 5329 4776 15335 5463 14776 14776 8268 14043 4776 11889 16187 16187 16187
3842 16187 16187 1737 8268 14180 8719 14180 8268 12349 14237 1954 10244 16187 16187 12127
12008 15390 9349 8185 14776 6259 10983 926 11239 16187 12233 9178 926 16187 16105 16187
7542 8268 6259 8974 5463 3543 8093 2823 926 16187 16187 16187 16187 16187 16187 16187
3842 16187 16187 1737 8268 12349 4776 6499 16187 16187 16187 15096 16187 16187 16187 16187
7542 8268 6259 3098 926 13896 16187 926 2837 6259 926 16187 16187 16187 16187 16187
4776 4152 3177 1138 926 14237 926 5711 8710 1955 3175 1955 2256 16187 16187 16187
4776 4152 8710 5329 6852 16187 12349 16187 16187 16187 8719 6985 8719 12127 15096 13427
4776 10033 8710 7518 14029 4776 15939 926 13454 2837 926 926 16187 16187 16187 16187
6173 16187 16187 16187 16187 16187 16187 16187 16187 16187 16187 16187 16187 16187 16187 16187
6173 16187 6535 15174 830 2563 16187 16187 16187 14125 14734 983 16187 3748 16187 16187
6173 16187 14426 7926 926 16187 5548 16187 308 16187 9013 16187 12135 16187 8719 1885
5568 1565 12232 10503 4776 3575 8719 3171 2563 16187 16187 16187 16187 16187 16187 16187
3842 16187 16187 1737 4776 12349 4776 6499 16187 8268 1955 1954 8172 16187 16187 6070
12008 4776 10418 8710 8213 13348 16187 8268 5288 16187 16187 16187 16187 16187 3192 16187
4421 8152 7587 926 4776 926 3338 12849 926 1955 1954 10542 6053 926 9845 16187
3842 16187 16187 1737 8268 12349 4776 6499 16187 16187 926 16187 16187 926 16187 16187
926 8710 1378 3177 4776 10566 795 14237 854 12835 3177 14180 983 16187 16187 16187
12008 8719 4776 12298 8712 4931 4537 14030 830 9070 16187 16187 16187 16187 16187 16187
12008 4776 2563 3847 9754 7566 13592 8270 16187 2598 16187 16187 9431 8719 926 16187
12008 8712 8710 2446 1344 3010 1919 4152 16187 8710 16187 16187 16187 16187 16187 16187
14237 13474 3847 8712 1229 7651 14237 1229 2931 16187 16187 16187 16187 16187 16187 16187
14237 13474 3847 8712 11840 7742 8268 2837 595 16187 926 16187 9563 926 16187 16187
14237 13474 15452 3098 8268 12495 16187 12233 1436 16187 16187 11889 16187 2097 16187 16187
8719 4776 15721 3177 12276 5459 8712 5867 4537 6259 926 2326 16187 16187 16187 16187
3842 16187 16187 1737 8268 12349 4776 6499 16187 16187 926 16187 16187 926 16187 16187
4776 2563 8710 7742 9575 14237 7742 602 16187 16187 11839 16187 15358 16187 16187 5820
15649 8710 9754 2326 4776 2037 91 16187 16187 16187 16187 16187 16187 16187 16187 16187
3842 1957 14180 1737 16187 926 16187 926 8268 14237 926 16187 926 16187 16187 16187
5463 5867 4776 7610 12233 4776 10033 16187 16187 16187 7188 16187 16187 926 16187 16187
7740 11553 6826 5074 1090 15662 9455 12232 9429 3171 8710 6259 8569 2563 16187 16187
7740 11553 13084 10400 203 4776 12459 12233 5993 14272 7740 4537 1442 16187 2563 16187
7740 11530 926 9577 14237 8268 7742 8268 4776 4720 4931 14734 10418 6021 16187 16187
4776 1754 3177 4776 10033 8710 4517 10035 16187 16187 16187 16187 16187 16187 16187 16187
4776 4267 8084 16187 2563 6664 2598 16187 14734 10026 16187 6683 1957 16187 16187 16187
4776 1754 3177 4776 13839 8710 6070 10355 1955 7742 16187 16187 926 16187 16187 16187
12276 9574 14139 16187 16187 16187 16187 16187 16187 16187 16187 16187 16187 16187 16187 16187
12276 9574 14139 16187 779 12233 2451 830 4776 2563 16187 16187 16187 16187 16187 16187
12276 9574 9484 9484 16187 3257 476 16187 3137 2150 5867 926 13348 16187 13348 16187
8712 12232 2823 15174 8726 8712 9498 6259 4473 1343 16187 16187 16187 16187 16187 16187
8712 5867 5329 16187 449 8268 7740 4763 12276 12276 13429 16187 926 16187 16187 16187
8712 5867 6259 10355 8704 830 9070 16187 13341 16187 16187 14125 16187 16187 816 16187
8712 8093 13729 12233 926 16187 16187 16187 16187 16187 16187 16187 16187 16187 16187 16187
8712 779 13084 926 16187 12008 1378 830 8712 12008 6011 16187 15956 16187 16187 16187
8712 779 6259 5948 3177 2067 8268 12008 232 13701 16187 16187 16187 16187 16187 16187
6356 5867 643 8710 14561 2858 6128 13089 7926 15967 14734 14164 14237 14734 15781 16187
3842 16187 16187 1737 8268 12349 4776 6499 16187 16187 16187 15096 16187 16187 16187 16187
1098 16187 1750 926 8268 8719 4776 926 8268 14237 5463 5867 13343 13178 16187 2563
8712 8710 1378 6070 7742 10471 10978 8268 10372 8268 14237 1110 14596 16187 16187 16187
3842 16187 16187 1737 8268 12349 4776 6499 16187 16187 926 8268 14237 926 16187 16187
8712 8710 6259 3098 12805 16187 6500 8268 14237 8069 2148 5208 6011 5208 16187 11839
7740 4931 1229 10879 12233 2552 8712 8268 14237 4931 1229 9872 13089 7740 9084 16187
7740 4931 6391 6259 5948 2148 16187 512 7740 15956 5463 8712 13216 16187 16187 12495
7740 11530 926 13348 16187 16187 9431 983 16187 8146 10894 926 8719 4776 10033 1955
926 2446 5086 12233 13089 13474 14785 1885 5602 8710 926 16187 16187 16187 16187 16187
926 8268 926 2480 14776 7669 3994 13348 16187 926 926 16187 3257 16187 16187 1023
926 926 7076 11416 8268 4776 9290 15658 926 1885 16187 926 1885 16187 926 16187
14237 4776 6544 2598 16187 16187 16187 16187 16187 16187 16187 16187 16187 16187 16187 16187
3842 16187 16187 1737 8268 12349 4776 6499 16187 16187 16187 926 16187 16187 16187 16187
14237 4776 13103 8710 5350 7100 7742 16187 14237 926 8268 7742 16187 5226 16187 926
7740 4931 223 16187 16187 16187 16187 16187 16187 16187 16187 16187 16187 16187 16187 16187
7740 4931 223 16187 10566 11953 3171 2563 16187 4409 4776 2563 16187 14919 16187 11063
7740 11530 12958 11953 3171 2563 16187 12892 6259 1903 16187 3192 16187 3192 16187 3192
12716 7926 771 13129 926 11953 10299 12233 5530 16187 16187 16187 16187 16187 16187 16187
3842 16187 16187 1737 8268 14180 8719 12349 8719 4776 13276 16187 926 16187 10509 16187
14069 5867 6259 2191 3177 2293 11953 8712 14180 16187 14043 4776 926 16187 8794 16187
7740 1110 6011 1430 16187 16187 16187 16187 16187 16187 16187 16187 16187 16187 16187 16187
7740 11889 3210 16187 16187 6535 15174 2563 16187 9575 16187 16187 7742 5022 16187 16187
7740 1110 8712 13348 16187 10036 16187 926 16187 11889 771 6259 7345 926 16187 926
9886 8710 3257 830 4776 954 14237 2326 7668 6826 13129 6099 16187 16187 16187 16187
3842 16187 16187 1737 8268 12349 4776 6499 16187 16187 926 16187 16187 926 16187 16187
6259 3098 3460 16187 16105 3177 14734 5830 926 5867 926 14237 926 16187 9335 16187
4624 5174 8719 6259 1787 1543 8069 16115 3994 10353 11553 12766 926 1919 9128 16187
3842 16187 16187 1737 8268 14180 8719 12349 12349 14180 12291 8719 15909 1919 12127 16146
7740 11530 926 926 8719 3171 16187 643 12233 2823 6259 926 16187 16187 16187 16187
6826 4440 10727 11196 5326 14237 4776 1754 5463 14192 14776 4537 14030 16187 16187 16187
3842 1957 14180 1737 16187 926 16187 926 8268 14237 8069 6259 926 16187 16187 16187
6826 3177 4776 1246 1919 5537 15814 9605 11789 12233 4776 5777 3177 4776 11602 16187
14237 5329 8069 926 16187 16187 16187 16187 16187 16187 16187 16187 16187 16187 16187 16187
14237 5329 8069 926 16187 11789 2191 5463 8712 16187 16187 16105 16187 926 16187 16187
14237 8712 5867 3098 16187 830 4776 157 5867 16187 16187 16187 16187 16187 16187 16187
13084 8268 7740 973 8017 16187 16187 16187 16187 16187 16187 16187 16187 16187 16187 16187
3842 16187 16187 1737 4776 12349 4776 6499 16187 8268 1955 1954 8172 16187 16187 10501
6173 16187 14426 7926 926 16187 5548 16187 16187 11039 3177 4776 2563 16187 16187 16187
3171 10033 16187 16187 16187 16187 16187 16187 16187 16187 16187 16187 16187 16187 16187 16187
3171 10033 3364 11553 12766 6259 5820 10358 12444 16187 9332 16187 9332 16187 16187 16187
3171 10033 16187 10762 3418 7518 2563 8268 1919 9332 2994 16187 8710 4776 6070 926
7740 1951 6259 2199 12 1439 14230 15658 6535 630 10866 3171 2563 16187 16187 16187
7740 4931 6391 6259 5948 2148 16187 512 7740 15956 5463 8712 926 16187 16187 16187
7740 1110 8712 13348 16187 8719 16187 15096 16187 16187 926 16187 16187 16187 926 16187
4776 5981 8710 1229 12349 4776 12489 5463 8712 11461 10586 16187 16187 16187 16187 16187
4776 4267 8084 16187 2563 6664 2598 16187 6297 16187 8270 16187 512 6011 16187 16187
4776 14596 8710 5516 13348 16187 2543 16187 6718 4125 1919 4776 926 16187 16187 16187
4421 6017 5867 1781 7970 16187 16187 16187 16187 16187 16187 16187 16187 16187 16187 16187
3842 16187 16187 1737 8268 12349 4776 6499 16187 16187 16187 15096 1941 16187 16187 16105
926 8710 1378 3177 4776 10566 795 14237 854 12835 3177 14180 983 16187 16187 16187
4776 14596 8710 4927 12495 1348 14237 926 7674 12233 14192 1955 4776 13103 4818 16187
4776 14596 8710 15609 8268 14237 630 3177 4776 6664 9447 1755 16187 10710 16187 16187
4776 14596 8710 5516 13348 16187 2543 16187 6718 11778 91 8710 6259 10894 9290 8719
8710 12233 3211 16187 16187 16187 16187 16187 16187 16187 16187 16187 16187 16187 16187 16187
3842 16187 16187 1737 8268 12349 4776 6499 16187 16187 16187 926 16187 16187 16187 16187
8710 8712 4032 9316 2598 16187 16187 9625 830 10566 3177 4776 2563 16187 830 16187
7278 8913 12233 2588 5365 5867 564 6801 16187 16187 16187 16187 16187 16187 16187 16187
3842 16187 16187 1737 8268 12349 4776 6499 16187 16187 16187 15096 16187 16187 16187 16187
1378 3177 4776 564 5852 14373 5388 15525 14069 13348 16187 926 926 926 13348 16187
8712 8710 6259 4660 10033 8268 12008 8712 5867 6259 10355 1378 16187 16187 16187 16187
3842 16187 16187 1737 8268 12349 4776 6499 16187 16187 926 16187 16187 10957 16187 16187
8712 8710 6259 4949 6514 10033 16187 6297 2148 512 6259 10894 6480 16187 16187 6535
12008 4776 14637 7293 5463 4375 8710 14221 12495 11273 10967 4776 5328 4927 10709 16187
3842 16187 16187 1737 8268 12349 4776 6499 16187 16187 16187 15096 16187 16187 16187 16187
12008 4776 12536 8710 6297 3257 16187 12349 4776 6745 15781 13907 1885 16187 16187 16187
2053 11713 12491 3994 8710 4776 11406 7178 3177 14112 16187 16187 16187 16187 16187 16187
3842 16187 16187 1737 8268 14180 8719 12349 8719 4776 13276 16187 4832 16187 13216 16187
6173 16187 2684 2608 16187 11889 4776 1378 4776 564 16187 16187 16187 16187 16187 16187
10344 6712 5007 1133 14776 9734 6659 16187 16187 16187 16187 16187 16187 16187 16187 16187
3842 16187 16187 1737 8268 12349 4776 6499 16187 16187 16187 15096 16187 16187 16187 16187
4776 10418 8710 6535 10355 1955 7742 16187 16187 926 16105 14745 926 16187 16187 16187
7740 16138 8197 8712 6259 8704 15978 3177 4302 7847 12008 4776 14596 8710 3098 16187
7740 926 8712 15978 3171 2563 16187 9813 6124 10967 14734 16058 16187 1378 5738 16187
7740 926 8712 15978 3171 2563 16187 9813 9780 12291 16187 16187 11889 13348 16187 13348
579 2664 5388 2598 16187 16187 16187 16187 16187 16187 16187 16187 16187 16187 16187 16187
5627 16187 5329 12276 16058 14029 4776 4927 16187 983 16187 12349 16187 16187 13348 16187
6259 4949 12444 16187 6070 15174 16187 2689 10033 8268 13474 8710 926 16187 1885 16187
14069 8710 14691 2002 8719 3171 10033 6348 4776 8588 8438 16187 16187 16187 16187 16187
3842 16187 16187 1737 8268 12349 4776 6499 16187 16187 16187 15096 1941 16187 16187 16105
14069 8710 6259 10150 12782 16187 11889 926 16187 926 1919 4776 926 16187 16187 16187
926 8710 3257 1955 926 16187 16187 16187 16187 16187 16187 16187 16187 16187 16187 16187
926 8710 11410 13348 16187 8081 16187 1787 1919 10571 15174 16187 16187 2563 16187 6685
926 8710 6259 9964 13868 3211 1919 6259 14397 10569 14351 8712 5867 5329 2689 16187
926 926 5867 5562 14220 12576 5329 1378 3177 12276 926 4931 6259 926 14125 16187
3842 16187 16187 1737 8268 12349 4776 6499 16187 16187 926 16187 16187 926 16187 16187
926 926 8710 4776 564 13926 3177 14489 16187 4552 16187 14221 16187 16187 926 16187
5332 12463 4776 2432 8268 15649 14776 4776 6378 3171 2563 8710 6259 8974 16187 16187
3842 16187 16187 1737 8268 14180 8719 12349 8719 4776 13276 16187 926 16187 5777 16187
12008 4776 12536 8710 6297 3257 16187 12349 4776 6745 926 4848 16187 5332 16187 10879
3171 2563 771 1229 630 8811 12233 2823 5774 926 14112 13348 16187 16187 16187 16187
3842 16187 16187 1737 8268 12349 4776 6499 16187 16187 16187 15096 16187 16187 16187 16187
3171 2563 8710 6259 12260 2552 830 9455 15658 779 8084 12766 4998 8719 14195 16187
4776 10033 8710 7518 14029 4776 15939 926 13454 2837 926 926 16187 16187 16187 16187
3842 16187 16187 1737 8268 12349 4776 6499 16187 16187 926 16187 16187 926 16187 16187
4776 10033 8710 14269 11022 2837 14467 926 16187 16187 16187 16187 16187 16187 16187 16187
816 16187 16187 16187 16187 16187 16187 16187 16187 16187 16187 16187 16187 16187 16187 16187
13084 6465 16187 12233 8197 1885 6259 854 9534 16187 14237 1957 14734 8146 16187 14734
816 16187 16187 11839 6813 11953 926 926 16187 926 16187 16187 926 16187 16187 16187
2599 5867 5946 15525 1919 4776 7438 16187 16187 16187 16187 16187 16187 16187 16187 16187
2599 5867 1436 4776 10836 4931 11789 14069 16187 16187 630 16187 16187 11889 16187 16187
2599 5867 2552 203 8712 7076 8719 4776 13276 16187 9431 16187 16187 4776 9431 16187
4537 11889 14734 8808 8268 926 4882 8710 6259 1378 9290 8146 8719 4776 2563 16187
3842 16187 16187 1737 4776 12349 4776 6499 16187 8268 1955 1954 8172 16187 16187 6070
12008 7926 8710 6259 5695 9424 16187 1885 14180 6465 16187 16187 10913 16187 16105 16187
3171 3364 13807 9605 1157 14219 512 6259 14861 9485 9574 13280 16187 16187 16187 16187
3171 3364 11553 12766 10355 8726 8712 4931 10217 2563 14237 5329 1378 16187 5329 16187
3171 2563 3847 5463 1344 7742 13348 16187 13089 926 16187 16187 1378 9290 16187 16187
7740 3644 9754 9137 830 4776 2563 16187 16187 16187 16187 16187 16187 16187 16187 16187
7740 973 5329 13616 6173 16187 15846 9890 91 16187 14043 6407 16187 16187 16187 16187
7740 11530 12958 11953 3171 2563 14237 7740 2308 6011 12233 4776 2563 16187 16187 16187
1229 14069 5867 11684 13447 830 4776 2563 16187 16187 16187 16187 16187 16187 16187 16187
3842 16187 16187 1737 8268 14180 8719 14180 8268 12349 14237 1954 8521 16187 7740 11553
14237 5463 8710 13089 8712 15881 2148 5906 16187 3748 2837 4776 2285 983 16187 926
14043 8712 3364 2823 5463 15860 3364 5329 10373 6300 12233 926 14237 16187 16187 16187
3842 16187 16187 1737 8268 14180 8719 14180 12349 16187 12349 16187 12349 16187 132 16187
12008 3484 13089 8710 385 12495 13348 16187 7147 14734 11846 13188 3177 926 16187 926
4776 16146 2946 14237 4776 16146 12835 2446 11870 12233 4776 926 3177 3171 2563 16187
4776 4267 8084 16187 2563 6664 2598 16187 14734 10026 16187 6683 1957 4776 9790 16187
4776 10418 8710 6826 3177 4776 564 7740 11553 8084 8466 16187 16187 6535 16187 16187
10336 14237 2519 4779 574 2837 926 926 16187 16187 16187 16187 16187 16187 16187 16187
3842 16187 16187 1737 8268 14180 8719 12349 8719 4776 13276 16187 926 16187 8069 1954
926 8268 8704 3418 4311 16187 2476 8268 14237 4325 11553 16187 6070 10355 16187 16187
91 8710 4776 4152 3177 3171 2563 16187 16187 16187 16187 16187 16187 16187 16187 16187
3842 16187 16187 1737 8268 12349 4776 6499 16187 16187 16187 926 16187 16187 16187 16187
14069 8710 6259 10150 12782 16187 926 926 2837 4776 926 16187 16187 16187 16187 926
630 779 12766 16105 3177 2263 4994 16187 16187 16187 16187 16187 16187 16187 16187 16187
3842 16187 16187 1737 8268 12349 4776 6499 16187 16187 16187 926 16187 16187 16187 16187
5463 8710 487 15389 16187 2148 9780 512 4776 2563 16187 926 16187 16187 16187 7188
8712 5867 4776 9790 5033 14237 8712 926 2903 1543 4776 16146 8781 16187 16187 16187
8712 5867 6259 10355 8704 830 9070 16187 14237 4776 2563 5867 16187 16187 16187 6535
8712 5867 6259 10355 8704 830 9070 16187 2563 16187 7970 16187 16187 16187 16187 7970
9861 5867 10418 8710 10355 12495 16187 16187 16187 16187 16187 16187 16187 16187 16187 16187
3842 16187 16187 1737 8268 12349 4776 6499 16187 16187 16187 926 16187 16187 16187 16187
8712 5867 6259 10602 14599 14237 4530 3847 7742 2837 8712 16187 16187 16187 16187 16187
4624 9498 3745 2758 8268 14237 4624 2945 8154 16187 16187 16187 16187 16187 16187 16187
3842 16187 16187 1737 8268 14180 8719 12349 12349 14180 12291 8719 15909 1919 926 16187
7740 11530 12958 11953 3171 2563 14237 7740 2308 6011 12233 4776 2563 16187 16187 16187
4776 10960 14776 14691 12008 1927 16187 16187 16187 16187 16187 16187 16187 16187 16187 16187
4776 4267 8084 16187 2563 6664 2598 16187 14734 10026 16187 6683 1957 4776 9790 16187
4776 10960 14776 3809 16187 14237 9332 16187 9332 16187 16187 14237 11273 16187 8719 6259
7740 16138 7001 14237 2552 4776 12007 12576 16187 16187 16187 16187 16187 16187 16187 16187
7740 926 1436 13084 2148 13089 8712 4931 16105 16187 16187 816 830 13829 14237 12958
7740 16138 8197 8712 1954 10619 16187 13341 16187 2689 16187 16187 1378 16187 16187 16187
8796 8268 7926 7076 4776 10501 7742 8268 12008 2599 5867 2552 15389 9780 16187 16187
3842 16187 16187 1737 8268 12349 4776 6499 16187 16187 16187 15096 1941 16187 16187 16187
926 8268 8704 3418 4311 16187 2476 8268 1229 13348 16187 929 16187 16187 16187 16187
3171 2563 3391 926 926 8268 8542 16187 16187 16187 16187 16187 16187 16187 16187 16187
3842 3171 2856 11889 4776 12012 16187 3364 5329 12233 1436 16187 11889 16187 16187 5711
3171 10033 11842 6259 4091 6688 16187 6140 16187 16187 16153 16187 1378 16187 2148 16187
14272 6259 594 12233 2552 1954 9332 14596 6020 5463 4927 16187 16187 16187 16187 16187
3842 16187 16187 1737 8268 12349 4776 6499 16187 16187 16187 926 16187 16187 16187 16187
4776 2563 8710 10201 14237 7294 13907 1750 9075 14043 8440 16187 6680 16187 16187 12120
11748 8268 15978 13474 8710 1954 7575 16187 16187 16187 16187 16187 16187 16187 16187 16187
3842 1957 14180 1737 16187 926 16187 926 8268 14237 926 16187 1737 16187 16187 16187
7740 11530 8712 16187 8719 12276 8455 4924 4440 8719 4776 10983 16187 12233 926 16187
1138 2780 926 5711 779 7596 16187 16187 16187 16187 16187 16187 16187 16187 16187 16187
1138 926 5711 3388 3171 15526 926 16187 4189 16187 8719 564 16187 16187 2563 16187
1138 926 10080 5937 15692 13348 5711 16187 2837 9290 16187 16187 6259 926 16187 16187
6173 9084 7740 11393 4776 926 2598 16187 16187 16187 16187 16187 16187 16187 16187 16187
6173 16187 6535 15174 830 2563 16187 16187 16187 16187 14125 16187 14241 16187 16187 16187
6173 16187 2684 2608 16187 11889 4776 1378 15649 1378 8710 16187 12233 12650 16187 16187
14069 5867 13084 926 8268 13084 12141 7151 4189 8268 13084 14826 1019 13348 16187 16187
3842 16187 16187 1737 8268 12349 4776 6499 16187 16187 16187 15096 16187 16187 16187 16187
8712 5867 6259 10355 8704 830 9070 16187 14237 4776 2563 4931 6259 926 16187 16187
3774 2981 12892 1954 12256 9534 14237 6011 2326 12431 2858 14734 9043 16187 16187 16187
3842 16187 16187 1737 8268 12349 4776 6499 16187 16187 16187 15096 16187 16187 16187 16187
7740 15846 5946 1919 4776 11950 15720 11608 16187 13280 16187 6601 8719 5463 12233 8712
2117 12233 3171 10033 8268 7740 771 8093 5226 3177 8712 16187 16187 16187 16187 16187
3842 16187 16187 1737 4776 12349 4776 6499 16187 8268 1955 1954 8172 16187 16187 10501
926 14569 1019 6173 8710 4660 1955 14016 8719 6259 11901 7693 4927 16187 14058 16187
7740 3644 9754 8154 3171 12233 9455 1955 15096 1955 4776 11439 1706 14281 11674 16187
7740 4552 9754 8456 4776 2002 8268 7740 11889 8712 16187 9316 16187 6421 14237 15525
7740 11530 12958 11953 3171 2563 14237 7740 2308 6011 12233 4776 2563 16187 16187 16187
15662 5329 926 14043 15253 2598 16187 16187 16187 16187 16187 16187 16187 16187 16187 16187
15662 2598 16187 926 926 2598 16187 8081 2598 16187 11711 6259 12007 16187 16187 16187
8712 4414 926 14029 926 16187 5952 16187 16187 926 16187 8719 16187 16187 16187 1955
8710 14069 4856 8719 3171 10033 2598 16187 16187 16187 16187 16187 16187 16187 16187 16187
3842 16187 16187 1737 8268 12349 4776 6499 16187 16187 16187 15096 16187 16187 16187 16187
14069 8710 6259 10150 12782 16187 11889 926 16187 926 1919 4776 926 16187 16187 16187
4776 2353 12592 4776 1676 1919 926 12315 14237 5217 16187 16187 16187 16187 16187 16187
3842 16187 16187 1737 8268 12349 4776 6499 16187 16187 926 16187 16187 926 16187 16187
4776 10418 8710 3098 16187 12820 16187 10918 16187 926 926 5867 2563 16187 2821 16187
8712 4931 6535 630 6259 3667 3177 983 16187 16187 16187 16187 16187 16187 16187 16187
8712 4931 9754 6070 12606 9890 16187 14237 15525 3177 4994 3994 16187 11839 8268 12008
8712 8710 6259 6535 13929 2563 12233 2823 13631 6259 9155 2563 16187 16187 2148 16187
7740 9429 5463 926 926 684 926 1955 7742 1955 7740 11553 8084 8466 16187 16187
7740 926 8712 15978 3171 2563 16187 9813 6124 10967 14734 926 12008 1378 926 8712
7740 9429 8712 8710 14734 564 4189 6041 926 16187 16187 16187 16187 16187 16187 16187
10373 4776 10033 5867 3192 10709 8268 830 9070 16187 16187 16187 16187 16187 16187 16187
3842 16187 16187 1737 8268 12349 4776 6499 16187 16187 16187 15096 16187 16187 16187 16187
6259 12260 2552 830 14180 10671 3177 4776 10983 16187 14237 926 16187 16187 16187 16187
1955 6535 1955 13474 8710 15452 3644 9754 4552 8712 14029 15597 16058 16187 16187 16187
3842 8712 16187 63 2365 10501 16187 11889 4776 2563 16187 16187 16187 2563 9222 13348
1955 830 4776 6854 14069 14776 13084 15721 12233 5993 8712 16187 16187 16187 16187 16187
3177 1245 8268 4776 6161 779 6259 204 4125 830 4776 1110 8661 16187 16187 16187
3842 16187 16187 1737 8268 14180 8719 12349 8719 4776 13276 16187 926 16187 10509 16187
926 5867 13811 8710 13616 8994 14237 7664 16187 16187 14237 1229 9450 16187 4311 16187
15202 926 8268 4776 926 7165 6259 14125 16187 16187 16187 16187 16187 16187 16187 16187
3842 16187 16187 1737 8268 12349 4776 6499 16187 16187 16187 15096 16187 16187 16187 16187
926 5867 11916 4552 5329 6407 4776 6406 16187 16187 8719 8719 4776 476 16187 926
12654 1750 6259 5947 2664 13422 4776 10033 6297 779 6826 15819 10418 16187 16187 16187
3842 16187 16187 1737 8268 12349 4776 6499 16187 16187 16187 15096 16187 16187 16187 16187
7740 11839 8712 4931 3098 10918 4311 16187 10217 16187 16187 9431 16187 2552 16187 16187
4552 9754 2599 3171 1378 9605 2837 6011 16187 16187 16187 16187 16187 16187 16187 16187
4552 9754 3432 15715 3171 16187 8719 4776 2563 16187 5046 16187 1229 630 16187 5208
4552 12650 8712 13348 16187 11401 8268 14237 2588 8656 1243 2968 16187 12349 4776 926
6683 3171 10033 8710 6535 10355 16187 16187 16187 16187 16187 16187 16187 16187 16187 16187
3842 16187 16187 1737 8268 14180 8719 14180 8268 12349 14237 1954 8521 16187 7740 9884
2552 8712 13348 16187 327 6011 12233 12650 8712 6011 16187 6011 16187 13348 16187 1592
926 5867 4588 14237 4125 1019 15202 10036 2598 16187 16187 16187 16187 16187 16187 16187
3842 16187 16187 1737 8268 12349 4776 6499 16187 16187 16187 15096 1941 16187 16187 16105
926 5867 11916 4552 5329 6407 4776 6406 16187 16187 8719 8719 4776 476 16187 643
6070 10355 13348 16187 16187 16187 16187 16187 16187 16187 16187 16187 16187 16187 16187 16187
3842 16187 16187 1737 8268 12349 1954 12349 4776 6499 16187 16187 926 16187 16187 926
6070 10355 13348 16187 8692 16187 11889 5463 7926 5867 950 8719 6259 10887 926 16187
14237 5463 2018 6259 2553 5138 8719 4776 4927 4776 7981 15740 12401 16146 16187 16187
3842 16187 16187 1737 8268 12349 4776 6499 16187 16187 16187 15096 16187 16187 16187 16187
14237 5463 8710 13089 8712 15881 2148 5906 16187 3748 2837 4776 2563 16187 16187 5046
12650 15525 830 4776 926 8268 14237 12149 16187 16187 16187 16187 16187 16187 16187 16187
3842 16187 16187 1737 4776 12349 4776 6499 16187 8268 1955 1954 8172 16187 419 16187
926 14569 1019 6173 8710 4660 1955 14016 8719 6259 11901 7693 4927 16187 14058 16187
12008 14272 3847 4667 9063 10751 2598 16187 16187 16187 16187 16187 16187 16187 16187 16187
12008 14272 3847 4667 9063 10751 2598 16187 2598 16187 16187 11757 16187 2598 16187 2598
12008 8712 5867 5297 4032 9316 16187 16187 983 8268 14237 2148 5208 2823 16187 16187
14272 4552 6011 9429 8712 14180 7156 2598 16187 16187 16187 16187 16187 16187 16187 16187
14272 4552 7740 9429 3177 8712 2598 16187 926 926 2598 16187 16187 16187 2598 16187
14272 4552 6011 9429 8712 14180 7156 2598 16187 16187 8719 16187 2097 3177 14734 10033
8712 3364 2823 8592 5463 3171 476 4931 6297 16105 830 4776 820 16187 16187 16187
8712 5867 5329 6259 8794 1750 13348 16187 16187 12441 3177 11382 16187 16187 4707 12349
8712 5867 6259 10355 8704 830 9070 16187 14237 4776 2563 4931 6259 5948 16187 16187
5329 9070 8268 5463 5867 830 13616 16187 16187 16187 16187 16187 16187 16187 16187 16187
3842 16187 16187 1737 8268 12349 4776 6499 16187 16187 16187 15096 1941 16187 16187 16105
6011 15846 11728 15525 1955 630 6672 16187 4656 16187 14043 10894 16187 16187 16187 16187
6259 2601 5948 3177 3559 8808 2946 9605 3102 16187 16187 16187 16187 16187 16187 16187
6259 10355 8199 16187 11075 13907 4776 14596 8268 13907 13592 2148 16187 16187 16187 16187
6259 10355 8199 16187 15174 16187 9264 926 8268 12576 16187 5580 16187 16187 16187 13074
10033 8710 2997 926 7740 12232 1436 16187 16187 16187 16187 16187 16187 16187 16187 16187
3842 16187 16187 1737 8268 12349 4776 6499 16187 8268 1955 7740 12561 4531 16187 540
926 8710 10107 8268 12015 14237 5329 12820 14043 13743 16187 16187 91 16187 926 14734
223 3543 11553 12766 12276 9770 13429 16187 16187 16187 16187 16187 16187 16187 16187 16187
223 16187 11553 926 6259 13429 3177 1213 926 8268 10324 1955 926 16187 16187 16187
6011 4628 9754 2823 9872 16187 926 8719 3171 10033 16187 16187 16187 16187 16187 16187
10589 13089 4776 950 8710 13852 7740 3017 5463 630 16187 16187 16187 16187 16187 16187
3842 16187 16187 1737 8268 14180 8719 12349 8719 4776 13276 16187 926 16187 5777 16187
7740 11530 12958 11953 3171 2563 16187 16146 16187 14397 512 4776 10033 16187 16187 16187
12606 10033 8268 7742 13663 14237 6070 7742 2608 16187 16187 16187 16187 16187 16187 16187
3842 16187 16187 1737 8268 12349 4776 6499 16187 16187 16187 15096 16187 16187 16187 16187
926 8710 630 6635 8712 8268 4776 817 16187 16187 926 16187 16187 16187 16187 16187
7926 779 4776 4267 5649 15525 3177 13592 2563 8808 7740 11553 8466 16187 16187 16187
3842 16187 16187 1737 8268 12349 4776 6499 16187 16187 16187 15096 16187 16187 16187 16187
7926 8710 6259 4707 3177 6378 8268 14043 1229 7926 12232 11889 2904 12233 9429 16187
6173 926 15034 8913 779 4776 4064 926 954 16187 16187 16187 16187 16187 16187 16187
3842 3171 2856 11889 4776 12012 16187 3364 5329 12233 1436 16187 11889 16187 15840 1955
926 16187 6988 6585 8069 1919 926 14237 926 16187 12767 16187 12349 14237 10751 4776
1019 14734 3137 10887 9577 15846 8202 4776 926 3177 10684 926 16187 16187 16187 16187
3842 16187 16187 1737 8268 14180 8719 12349 8719 4776 13276 16187 1778 16187 926 16187
1019 5238 8268 3367 10449 771 4776 4645 9360 3748 8719 983 830 14734 14281 16187
4776 2563 8710 11953 1390 2103 14237 6011 9605 6259 5948 8719 9743 10217 2103 16187
3842 16187 16187 1737 8268 12349 4776 6499 16187 16187 926 16187 16187 926 16187 16187
4776 10418 8710 6535 10355 1955 7742 16187 16187 10207 8268 7742 7740 2296 16187 16187
1229 13758 14029 926 16187 16187 16187 16187 16187 16187 16187 16187 16187 16187 16187 16187
3842 16187 16187 1737 8268 14180 8719 14180 8268 12349 14237 1954 10244 16187 16187 12127
1229 10355 13348 16187 926 16187 2588 1378 11889 10288 926 16187 16187 16187 16187 7970
3171 870 8710 6535 630 11889 4776 1281 16187 16187 16187 16187 16187 16187 16187 16187
3842 16187 16187 1737 8268 12349 4776 6499 16187 16187 16187 15096 16187 16187 16187 16187
3171 8710 6259 3098 2563 830 14180 16187 16187 16187 10399 926 13348 16187 14350 16187
926 5867 10422 1390 3177 5627 779 6826 9332 2954 16187 16187 16187 16187 16187 16187
3842 16187 16187 1737 8268 12349 4776 6499 16187 16187 16187 15096 16187 16187 16187 16187
926 5867 11916 4552 5329 6407 4776 6406 16187 16187 8719 8719 4776 476 16187 643
15662 4931 4776 3870 3177 4365 926 3748 2598 16187 16187 16187 16187 16187 16187 16187
3842 16187 16187 1737 8268 14180 8719 12349 8719 4776 13276 16187 4832 16187 13216 16187
4776 2563 8368 1919 6259 11814 2837 4776 926 16187 16187 926 16187 16187 16187 926
4552 9754 14518 8712 12233 2823 1115 16187 16187 16187 16187 16187 16187 16187 16187 16187
4552 9754 3432 15715 3171 16187 8719 4776 2563 16187 8712 4931 10770 12233 12650 16187
4552 12650 8712 13348 16187 11401 8268 14237 7740 2552 16187 16187 6683 10036 16187 16187
4776 8213 12222 926 3177 1245 8268 4931 4404 12990 14029 3171 10033 16187 16187 16187
4776 4267 8084 16187 2563 6664 2598 16187 6297 14734 926 16187 16187 16187 2689 16187
4776 10033 8710 3332 9575 14237 6381 5022 16187 16187 926 16187 926 16187 16187 13539
7740 8309 12233 2552 4776 926 14029 12416 12654 9655 6826 9961 9216 16187 16187 16187
7740 771 6259 4660 983 16041 10324 4776 15939 9084 16187 816 16187 16187 16187 12008
7740 1110 3171 2563 8268 2097 3177 3034 14237 14419 13348 16187 16187 16187 13348 16187
8811 14412 3177 3600 561 4317 926 2446 3818 1142 16187 16187 16187 16187 16187 16187
3842 16187 16187 1737 8268 12349 4776 6499 16187 16187 16187 926 16187 16187 16187 16187
7926 13216 10918 2858 4776 2814 16187 4776 9431 10217 1954 1138 4172 926 16187 16187
13084 8382 926 6423 4776 11073 91 16187 16187 16187 16187 16187 16187 16187 16187 16187
3842 16187 16187 1737 8268 12349 4776 6499 16187 16187 16187 926 16187 16187 16187 16187
4776 132 8710 1344 15819 7740 7627 16187 926 16187 15743 16187 16187 817 16187 15043
7926 8710 5343 8858 3639 16187 16187 16187 16187 16187 16187 16187 16187 16187 16187 16187
7926 8710 1411 1919 14734 643 16187 16187 1229 16187 16187 16187 899 16187 16187 926
7926 8710 5343 8858 3639 16187 16187 926 4776 1787 14237 4776 926 16187 16187 926
12232 8712 2823 11889 15715 926 4776 926 14043 10588 4776 8686 13810 2598 16187 16187
3842 16187 16187 1737 4776 12349 4776 6499 16187 8268 1955 1954 8172 16187 16187 6070
5463 5867 4776 7610 12233 4776 10033 16187 16187 16187 16187 2148 16187 9085 16187 983
12008 3730 16187 16187 16187 16187 16187 16187 16187 16187 16187 16187 16187 16187 16187 16187
12008 5329 4776 4267 2563 7740 8084 1442 16187 983 8268 15715 3171 16187 16187 816
12008 3730 16187 926 14237 926 8712 8710 16187 1344 16187 16187 16187 16187 5917 16187
1543 14776 4325 1515 2598 16187 16187 16187 16187 16187 16187 16187 16187 16187 16187 16187
3842 16187 16187 1737 8268 14180 8719 12349 8719 4776 13276 16187 1778 16187 926 16187
1019 2466 14945 12362 6276 13348 16187 4697 16187 926 4776 9577 16187 926 926 8719
6535 10355 830 6259 157 1033 3211 16187 16187 16187 16187 16187 16187 16187 16187 16187
3842 16187 16187 1737 8268 12349 4776 6499 16187 16187 16187 926 16187 16187 16187 16187
2552 8712 830 926 2257 1583 13881 16187 3098 16187 16187 16187 11889 16187 926 16187
8796 8268 926 4900 7076 6259 926 926 8719 3171 2563 13348 16187 16187 16187 16187
3842 16187 16187 1737 8268 12349 4776 6499 16187 16187 16187 15096 1941 16187 16187 16187
926 8268 8704 3418 4311 16187 2476 8268 1229 13348 16187 929 16187 16187 5332 16187
8069 14219 8710 5463 14069 8710 6259 8808 5463 4487 6672 5208 2552 16187 16187 16187
3842 16187 16187 1737 8268 12349 4776 6499 16187 16187 16187 15096 16187 16187 16187 16187
7740 11530 8712 8268 7740 973 9813 16041 4776 3366 13089 8712 5656 15525 13348 16187
3171 14407 926 5867 12138 8268 15649 8710 6259 10646 513 10719 4776 308 16187 16187
3842 16187 16187 1737 8268 12349 4776 6499 16187 16187 926 16187 16187 926 16187 16187
3171 8710 6259 4949 9618 3177 6259 10033 14237 2847 5937 926 14237 926 14808 16187
3847 9754 5367 10913 830 9070 12008 9084 4776 5717 13348 16187 16187 16187 16187 16187
3842 16187 16187 1737 4776 12349 4776 6499 16187 8268 1955 1954 8172 16187 16187 6070
1138 3520 8712 14029 5711 16105 2191 8069 2263 12007 4931 8213 3962 12233 3171 16187
926 8710 1515 14029 8719 14734 5810 12233 5261 12127 983 6259 8270 2563 16187 16187
3842 16187 16187 1737 4776 12349 4776 6499 16187 8268 1955 1954 8172 16187 16187 16187
926 8710 6259 9964 13868 3211 1919 6259 14397 10569 14351 8712 5867 5329 2689 16187
8712 8368 3748 926 4776 5738 5463 8710 12677 15520 6177 926 3766 8258 14199 16187
3842 16187 16187 1737 8268 12349 4776 6499 16187 16187 926 16187 16187 926 16187 16187
8712 8710 6259 3098 12805 16187 6500 8268 14237 8069 2148 5208 16187 2823 16187 16187
4776 926 7347 1515 14029 16187 16187 16187 16187 16187 16187 16187 16187 16187 16187 16187
4776 926 14776 5329 13783 9400 16187 12489 926 16187 926 16187 926 16187 926 16187
4776 926 926 11711 12940 1919 4312 16187 16187 1885 16187 926 16187 16187 1885 16187
4325 16187 16187 16187 16187 16187 16187 16187 16187 16187 16187 16187 16187 16187 16187 16187
4325 16187 4537 926 8719 1378 9290 1378 4832 16187 4832 16187 16187 926 16187 16187
4325 926 15597 9038 2858 3171 2563 16187 1378 4931 4776 2221 16187 16187 16187 6070
8712 4931 3362 8719 15909 14237 15142 1138 4776 9138 5711 16187 16187 16187 16187 16187
8712 4931 9754 6070 12606 9890 16187 14237 15525 3177 4994 3994 16187 11839 8268 1229
8712 8710 6259 4949 6514 10033 16187 6297 2148 512 6259 10894 6480 16187 16187 6535
7926 3007 12233 11553 6259 5820 14104 14029 14272 926 4931 11889 16187 16187 16187 16187
3842 16187 16187 1737 8268 12349 4776 6499 16187 16187 926 16187 16187 926 16187 16187
7926 4931 6259 3098 8808 8268 12008 7926 4931 2446 6259 12933 16187 16187 16187 15096
3171 2563 8710 6152 16187 16187 16187 16187 16187 16187 16187 16187 16187 16187 16187 16187
3171 2563 8710 5329 6259 3211 16187 2122 14043 2326 16187 16187 2689 16187 16187 16187
3171 2563 8710 6259 94 8974 16187 926 926 10033 1919 6259 3211 16187 16187 16187
8712 4931 4776 6683 3177 4776 2563 5463 1433 4312 3748 16187 16187 16187 16187 16187
3842 16187 16187 1737 8268 12349 4776 6499 16187 16187 926 16187 16187 16187 10957 16187
8712 8710 6259 4949 6514 10033 16187 6297 2148 512 6259 10894 6480 16187 16187 1957
7661 3177 4312 4552 1865 11889 2097 8794 877 15658 4537 5367 12233 2823 926 16187
3842 16187 16187 1737 4776 12349 4776 6499 16187 8268 1955 1954 8172 16187 16187 6070
1019 5238 8268 3367 10449 771 4776 4645 9360 3748 8719 983 830 14734 14281 16187
3171 7544 5757 8710 5329 5350 13907 1500 1955 6259 10033 16187 16187 16187 16187 16187
3842 16187 16187 1737 8268 12349 4776 6499 16187 16187 16187 15096 16187 16187 16187 16187
3171 8710 6259 3098 2563 830 14180 16187 16187 16187 10399 926 13348 16187 14350 16187
926 8710 1378 3177 4776 10566 795 14237 854 12835 3177 14180 983 16187 16187 16187
3842 16187 16187 1737 8268 12349 4776 6499 16187 16187 926 16187 16187 926 16187 16187
926 8710 6259 9964 13868 3211 1919 6259 14397 10569 14351 8712 5867 5329 2689 16187
14237 830 9455 4998 8719 13431 8268 8712 8710 15389 3177 6259 14199 16187 16187 16187
3842 16187 16187 1737 8268 14180 8719 14180 8268 12349 14237 1954 10244 16187 16187 6259
14237 3177 1245 8268 14690 926 8710 15762 8719 1885 3335 8268 7970 9222 9534 16187
926 926 2598 16187 16187 16187 16187 16187 16187 16187 16187 16187 16187 16187 16187 16187
926 926 2598 16187 926 3372 14237 4776 926 9450 4776 10033 16187 926 16187 16187
926 926 2598 16187 926 2053 14734 926 3994 8710 2326 6259 9290 16187 16187 16187
