4776 9311 8719 4776 778 7084 8710 6070 12690 16187 16187 16187 16187 16187 16187 16187
4776 9790 9424 13216 830 1866 16187 16187 926 16187 16187 926 16187 16187 926 16187
4776 13811 14237 6006 14776 2446 9431 14263 16187 9431 16187 9429 3177 1245 3177 4312
3171 8710 1954 817 14596 3177 8496 926 14029 1954 13754 2689 4927 16187 16187 16187
3842 1957 14180 1737 16187 16187 9339 12835 16187 6259 926 16187 16187 16187 16187 16187
3171 8710 1954 926 1919 4776 926 16187 10033 16187 926 16187 16187 926 16187 16187
3171 3364 2823 4776 564 3108 10033 15525 5498 4624 12757 13348 13348 13348 16187 16187
3842 16187 16187 1737 16187 3192 16187 2563 7970 16187 8185 16187 16187 16187 16187 16187
3171 2563 3847 5329 14186 2122 8719 8712 5867 16153 9890 16187 14043 8069 16187 16187
8197 2904 5937 8078 13348 16187 16187 16187 16187 16187 16187 16187 16187 16187 16187 16187
4267 926 4776 10709 3177 4776 84 5656 8858 4776 10497 8710 12233 926 16187 16187
9813 926 830 13348 16187 16187 15846 7740 830 4776 564 16187 16187 16187 3278 16187
983 779 12209 703 16187 16187 16187 16187 16187 16187 16187 16187 16187 16187 16187 16187
4267 10033 12233 11553 4404 10709 8268 12233 926 1138 4776 8620 14237 4776 926 5711
1175 4924 4440 16187 6070 8268 14237 4776 11331 14776 926 16187 16187 926 16187 16187
8733 13616 6011 10187 2053 926 1390 3994 5329 2053 15043 6529 926 3994 16187 16187
4267 926 4776 1138 4325 14125 5711 830 4776 14241 3177 11953 16187 16187 16187 16187
2552 8712 1919 13852 6011 1110 16187 8185 16187 14043 2296 16187 2097 3177 926 2122
12367 16187 16187 16187 16187 16187 16187 16187 16187 16187 16187 16187 16187 16187 16187 16187
6594 16187 4537 9084 9754 9605 1213 6259 926 1955 6259 926 16187 830 4776 2563
12367 16187 5463 7740 4537 15956 14272 1138 4776 926 13348 5711 16187 16187 16187 1110
4776 926 14776 5329 13783 9400 16187 16187 16187 16187 16187 16187 16187 16187 16187 16187
3842 16187 16187 1737 8268 12349 14180 12291 16187 16105 8719 4776 816 16187 8656 1133
4776 926 16187 926 9498 10160 926 817 8268 14237 6535 926 16187 16187 16187 16187
7185 2572 8268 7708 1531 14237 6622 16187 16187 16187 16187 16187 16187 16187 16187 16187
3842 1957 14180 1737 16187 16187 16187 14397 4626 1957 4776 10033 16187 16187 16187 16187
1175 4924 4440 16187 9442 14237 4776 10418 16187 6070 10501 16187 16187 16187 16187 16187
7740 11889 3171 2563 1138 830 4776 223 14833 5711 16187 16187 16187 16187 16187 16187
7740 11889 3171 2563 16187 8268 7740 2326 4552 8719 15597 983 16187 16187 8185 16187
7740 6635 3171 2563 16187 7740 6601 6635 5463 8712 4931 16187 16187 16187 16187 16187
4776 10418 8710 6535 10355 8268 12495 16187 16187 16187 16187 16187 16187 16187 16187 16187
10242 16187 13141 12495 1597 926 926 12233 4312 16187 16187 2903 15389 3765 16187 6535
4776 10418 8710 6535 10355 8268 12495 16187 8313 8268 12576 16187 5580 8710 16187 16187
1138 1750 4421 10668 5711 2025 15662 16187 16187 16187 16187 16187 16187 16187 16187 16187
4267 10033 3177 14180 926 16187 11553 10471 16187 1583 1955 4776 983 16187 9084 16187
1138 14834 5496 8457 5711 16187 16187 5314 16187 16187 16187 10983 16187 3098 16187 16187
4776 8521 4931 11300 16187 16187 16187 16187 16187 16187 16187 16187 16187 16187 16187 16187
14272 4776 12459 9084 4325 4552 12233 5463 10397 2598 13348 16187 16187 16187 8719 16187
4776 8521 4931 6259 10894 926 16187 16187 8268 11889 1957 6259 6431 16187 16187 16187
4776 15939 8710 5329 11953 6328 14237 926 9594 820 16187 16187 16187 16187 16187 16187
3842 16187 16187 1737 8268 12349 4776 6499 16187 16187 12127 1378 16187 5942 16187 16187
4776 132 4931 3098 8268 12008 12495 1597 5031 16187 16187 16187 9736 16187 16187 16187
926 926 4656 926 926 4656 926 16187 16187 16187 16187 16187 16187 16187 16187 16187
926 926 15560 12982 13348 16187 13879 14043 5329 6259 10355 16187 16187 11728 16187 16187
926 926 4656 926 926 4656 926 16187 6535 14231 16187 5200 16187 10770 16187 16187
4311 10036 8268 4776 13434 2466 2326 11553 13084 10400 14272 4325 11031 3908 7508 16187
4311 10036 8268 14272 4552 7740 15956 2598 16187 16187 2598 16187 16187 3286 4776 9431
4311 8268 14069 5867 4827 16187 926 10967 6259 926 16187 16187 16187 16187 830 16187
1229 3171 8710 9754 830 3011 10094 16187 16187 16187 16187 16187 16187 16187 16187 16187
1229 14272 8710 8712 14180 11953 2598 16187 16187 2598 16187 16187 2598 16187 16187 16187
1229 8710 3171 10033 3257 2598 16187 16187 2353 3177 7416 16187 16187 16187 16187 16187
4776 13839 8710 10355 8268 13084 8914 14069 16187 16187 16187 16187 16187 16187 16187 16187
3842 16187 16187 1737 8268 12349 4776 6499 16187 16187 12127 1378 3177 4776 3384 16187
4776 13839 2598 16187 10710 13501 8719 4776 926 3177 926 16187 16187 16187 926 16187
10619 9484 926 16187 16187 16187 16187 16187 16187 16187 16187 16187 16187 16187 16187 16187
4267 12233 11553 5713 15043 1919 2550 4440 16187 14237 14776 926 926 16187 16187 16187
10619 9484 926 16187 4103 8719 3171 2563 16187 6259 926 12233 16187 16187 926 16187
4776 1754 3177 4776 10033 4537 8093 656 830 9070 16187 16187 16187 16187 16187 16187
4776 1754 3177 4776 10033 8710 4517 926 3177 4776 926 16187 926 926 16187 926
4776 1754 3177 4776 10033 8710 4517 926 3177 4776 2563 16187 16187 16187 16187 16187
5329 6231 6123 8268 7740 11553 2296 2308 5463 13076 16187 16187 16187 16187 16187 16187
5329 6231 6123 8268 7740 11553 2296 2308 5463 13076 16187 16187 926 1957 14180 16187
5332 7926 8710 1125 830 14634 13529 14237 14734 582 16187 16187 926 4624 926 16187
4240 6259 9290 5867 14164 9002 7926 6179 6259 11253 10918 7829 16187 16187 16187 16187
4267 926 4776 926 3177 2353 16187 14221 16187 13348 16187 16187 16187 16187 16187 16187
7740 8197 4776 926 926 6259 9484 15525 3177 9484 13348 16187 6173 16187 12529 16187
13474 414 3098 1369 14237 11656 830 1213 6259 3011 13926 16187 16187 16187 16187 16187
13474 13081 2326 6535 8268 14237 684 15597 9059 14237 875 926 16187 16187 16187 16187
13474 2446 2467 1885 16058 6874 16187 1885 4189 16187 13549 6259 10496 926 16187 16187
3171 2563 8710 1378 3177 4312 16187 16187 16187 16187 16187 16187 16187 16187 16187 16187
4267 3177 14180 820 6173 4776 9790 4927 926 5711 16187 2296 16187 16187 16187 8440
3171 2563 8710 1378 3177 4312 16187 10653 14237 7740 3364 2823 16187 16187 16187 16187
7740 4537 12020 4776 63 5328 15621 1955 7742 1955 3171 1824 9431 5328 16187 16187
7740 2383 5463 1885 926 879 1885 926 16187 16187 599 16187 16187 16187 16187 830
7740 4537 12020 8712 4931 1813 12028 2695 16187 11401 16187 16187 926 1919 4776 926
12149 4776 10298 8268 14831 8268 14237 2975 8719 4776 2384 13348 16187 16187 16187 16187
4267 926 4776 926 3177 2353 16187 14221 16187 13348 16187 16187 16187 16187 16187 16187
12149 13348 16187 13348 16187 2053 16146 4927 12495 16187 4776 10033 16187 9004 14237 13089
3171 4931 4776 5568 10033 15649 7740 8781 16187 16187 16187 16187 16187 16187 16187 16187
3171 4931 4776 5568 10033 15649 7740 8781 16187 8719 9431 16187 926 16187 8719 1885
3171 4931 4776 14596 3177 4949 16187 926 14237 4776 10033 3847 16187 16187 8270 16187
12008 15658 5867 2326 6423 4776 926 2598 16187 16187 16187 16187 16187 16187 16187 16187
1229 1543 4552 6011 5522 2598 16187 16187 2598 16187 16187 14734 2563 16187 16187 16187
12008 15658 5867 2326 6423 4776 926 2598 16187 16187 4537 16187 16187 11953 16187 16187
4776 8637 9498 13532 12127 3984 12233 15956 1543 14237 13089 4776 926 12232 5233 16187
3842 1957 14180 1737 16187 16187 9339 3942 16187 13022 4776 2563 16187 16187 16187 16187
4776 4440 14029 4776 11172 926 14776 9332 14237 11842 2903 14272 8710 12495 13758 16187
2143 9484 8268 830 1750 14272 8712 8710 16187 16187 16187 16187 16187 16187 16187 16187
9036 3171 2563 16187 12495 12495 15096 16187 12349 6259 13565 3177 3171 16187 16187 12349
2143 9484 16187 12650 5568 830 926 14237 926 16187 15658 14352 16187 16187 7970 16187
4776 9431 14255 12028 1093 16105 4776 2563 15147 16187 16187 16187 16187 16187 16187 16187
4776 2563 771 9070 1515 830 6259 6689 16187 983 12233 4776 5459 12008 16187 16187
4776 9431 14278 3177 14272 7740 4931 816 14029 4776 10376 926 16187 16187 8268 1955
5463 5463 2601 12805 3364 7347 6259 9290 2903 1957 4832 16187 16187 16187 16187 16187
5463 5867 13341 13341 16187 16187 6011 15846 2823 16187 16187 16187 16187 13348 16187 12008
5463 5867 2326 14272 16105 9070 1110 3171 2563 16187 5388 16187 16187 926 16187 16187
1229 7576 8710 6259 12007 5329 6259 9685 616 14043 326 13348 16187 16187 16187 16187
1229 1435 16187 926 8268 8719 6259 926 16187 16187 16187 926 16187 16187 16187 16187
1229 7576 8710 6259 12007 5329 6259 9685 616 14043 326 13348 16187 13348 16187 2563
1889 9290 8268 3171 8710 1543 4776 831 3177 4776 2601 6655 1787 7187 15525 16187
4267 3177 14180 820 6173 4776 9790 4927 926 5711 16187 11162 16187 16187 16187 16187
14919 9484 7740 11553 2296 12766 6259 10887 14230 3177 6695 1133 8268 5364 16187 926
830 9743 4383 15335 15658 5208 8268 7742 10471 16187 16187 16187 16187 16187 16187 16187
4267 3177 14180 820 6173 4776 9790 4927 926 5711 16187 11162 16187 16187 16187 16187
3177 1245 8268 4776 4412 926 5036 15814 14776 926 1955 7742 16187 16187 10207 16187
12008 14272 5867 1229 4660 1919 15520 5265 2598 16187 16187 16187 16187 16187 16187 16187
12008 5463 5867 1543 4776 11274 3609 16187 926 16187 9442 14237 4776 14596 16187 16187
12008 5463 5867 1955 14221 1955 8712 13216 16187 12276 16058 16187 16187 16187 16187 16187
926 8719 4776 1419 16187 16187 16187 16187 16187 16187 16187 16187 16187 16187 16187 16187
3842 8719 12127 4927 4776 10033 16187 11789 12127 16187 15874 16187 16187 16187 16187 1957
926 8719 7279 2598 16187 14734 8808 8710 926 16187 16187 14734 926 16187 16187 16187
15649 8710 10399 12233 4552 16187 16187 16187 16187 16187 16187 16187 16187 16187 16187 16187
15649 8710 10399 12233 4552 16187 4152 14043 8069 12233 4552 16187 16187 16187 16187 16187
15649 8710 1955 8712 3543 2823 16187 1919 1885 12835 16187 14029 5820 8506 14237 926
14237 5329 8719 6259 10355 4927 16187 16187 16187 16187 16187 16187 16187 16187 16187 16187
14237 5329 8069 926 16187 8456 16187 2598 16187 16187 12757 16187 16187 16187 16187 16187
14237 1344 3947 1229 16187 16187 385 1957 926 16187 12349 4776 926 16187 14221 926
4776 9385 5463 7926 8912 12233 2823 14734 2588 8710 1543 4776 11954 4152 926 16187
3842 1957 14180 1737 16187 16187 9339 12835 16187 6259 926 16187 16187 16187 16187 16187
4776 8808 5867 8979 4776 14596 16187 9591 16187 8270 16187 6535 16187 2466 2689 16187
14411 13799 16187 16187 16187 16187 16187 16187 16187 16187 16187 16187 16187 16187 16187 16187
14411 13799 16187 12467 16187 3364 9754 11553 6826 1842 3177 3171 16187 16187 14465 3364
14411 13799 16187 12467 16187 3364 12467 16187 9591 16187 7671 8719 3171 10033 16187 16187
12008 14272 4776 12459 16187 16187 16187 16187 16187 16187 16187 16187 16187 16187 16187 16187
12008 14272 4776 12459 16187 8313 11953 14734 8185 8710 4776 16153 3177 3171 16187 16187
12008 14272 3177 4421 926 2598 16187 926 16187 2598 16187 16187 9715 2598 16187 16187
6011 11553 5568 5627 15845 6856 8268 12170 8268 14043 9085 5711 16187 16187 16187 16187
9036 3171 2563 16187 12495 12495 15096 16187 2148 5812 16187 12349 7740 16187 926 16187
6011 11553 12233 5272 13089 8712 4931 16105 16187 16187 11889 8712 16187 16187 16187 16187
14043 3364 8268 1957 14589 8268 13089 7926 4931 13121 16187 16187 16187 16187 16187 16187
14043 15870 5329 16187 16187 2588 443 16187 2946 16187 8268 4552 16187 16187 16187 16187
14043 15870 8712 5867 5852 2053 16146 4927 2053 9094 16187 9094 16187 2627 16187 9070
5463 5867 4776 7610 12233 4776 10033 16187 16187 16187 16187 16187 16187 16187 16187 16187
5463 5867 13260 8268 926 16187 8439 16187 16187 16187 16187 16187 16187 16187 16187 3112
5463 5867 4776 16167 926 7740 1951 16187 16187 16187 16187 16187 16187 16187 16187 10953
2543 8719 1316 14043 4123 10776 8631 1019 2598 2598 16187 16187 16187 16187 16187 16187
4267 10033 3177 14180 926 16187 16187 11553 12233 1436 16187 11953 16187 8185 16187 16187
1175 574 16187 10355 2563 16187 10960 14237 11842 14776 6070 5543 16187 6070 8268 14237
6285 8396 7076 10217 10638 1955 4776 2053 10355 3994 14237 2053 4750 3994 926 16187
4267 926 4776 926 3177 2353 16187 14221 16187 16187 13348 16187 13348 16187 16187 3257
14734 10418 4931 7732 16187 2148 512 8712 16187 16187 16187 16187 16187 16187 16187 16187
1229 3171 10501 4931 2446 16105 6259 3098 8855 3177 5138 16187 16187 16187 16187 16187
1229 10242 3177 4312 14776 4776 926 926 16187 16187 16187 16187 16187 16187 14734 1435
1229 8710 3171 10033 3257 2598 16187 16187 1885 16187 16187 91 1378 16187 10571 12529
6011 7001 8268 9288 13348 16187 16187 16187 16187 16187 16187 16187 16187 16187 16187 16187
6011 7001 8268 9288 13348 16187 5948 16187 13839 8719 4776 10983 16187 14237 8798 16187
6011 6166 2598 16187 8081 7151 2857 16187 13122 11553 12233 926 3171 16187 16187 16187
12008 14272 6259 10116 3177 13994 16187 16187 16187 16187 16187 16187 16187 16187 16187 16187
12008 14272 11953 14734 8139 8808 2598 16187 16187 12825 12291 3177 5713 16187 16187 16187
12008 14272 6259 10116 3177 13994 16187 926 8712 3543 16187 7524 16187 926 16187 16187
4776 12364 4931 5329 5937 12732 16187 16187 16187 16187 16187 16187 16187 16187 16187 16187
4776 12364 4931 5329 5937 12732 16187 5329 16187 8569 16187 16187 9890 16187 16187 16187
4776 12364 4931 14426 5463 8712 5867 1885 16187 926 16187 16187 6601 926 16187 16187
4552 9754 3432 1919 3171 5251 8478 16187 16187 16187 16187 16187 16187 16187 16187 16187
4552 9754 3432 15715 3171 16187 16187 16187 1229 7740 9429 8712 14180 15729 16187 2713
4552 4422 1110 11293 2598 16187 926 16187 16187 8719 10033 2598 16187 16187 16187 16187
8710 5463 2326 1229 2598 16187 16187 16187 16187 16187 16187 16187 16187 16187 16187 16187
8710 5463 2326 1229 2598 16187 203 16187 926 8710 15662 16187 16187 11889 2598 16187
8710 5463 2326 1229 2598 16187 308 16187 926 16187 16187 16187 16187 16187 16187 16187
14069 14776 6826 6070 15048 15814 5463 771 9070 14029 4776 14954 3177 12276 9635 16187
3842 1957 14180 1737 16187 16187 9339 12835 16187 6259 16187 16187 16187 16187 9890 16187
14069 14776 6826 6070 15048 15814 5463 771 9070 14029 4776 14954 3177 12276 9635 16187
7740 9884 8093 12766 1229 1411 14237 8511 2837 6259 2563 16187 16187 16187 16187 16187
7740 9429 12127 11978 8719 3171 10033 6407 926 926 13216 7665 16187 7981 8268 7740
7740 9429 7697 8710 5297 4776 564 8719 12276 3109 16187 926 16187 16187 16187 16187
1885 10418 8710 5329 14231 12008 8712 8710 2945 11662 14237 13729 16187 16187 16187 16187
4267 10033 3177 14180 926 16187 11553 10471 16187 2954 8719 4776 10983 16187 16187 16187
1885 4152 2894 4931 7891 16187 3364 4552 6259 9131 9290 14237 6259 2563 16187 926
1378 9424 5463 7740 1951 13129 11953 8719 4776 476 8710 8712 5867 11655 16187 16187
4267 3177 14180 820 6173 4776 9790 4927 926 5711 16187 16187 2353 16187 16187 10272
1378 9424 5463 8710 9754 4776 9790 12576 8710 13094 16187 12349 16187 12489 3177 4776
14506 2598 16187 16187 16187 16187 16187 16187 16187 16187 16187 16187 16187 16187 16187 16187
4267 926 1885 1378 10501 3177 4776 8808 16187 1750 926 16187 16187 16187 16187 16187
1175 9575 13348 16187 10335 8268 1378 8268 7740 973 16187 16187 16187 16187 16187 16187
926 14237 926 8733 2563 3034 8719 15597 1110 4440 8268 9192 5695 10836 16187 16187
926 8268 13250 16187 15956 1543 820 8710 16041 926 830 4776 9431 983 8270 16187
926 14237 8557 11290 9498 15761 12495 16187 16187 12233 16187 11953 16187 16187 16187 16187
1138 12631 926 5711 9883 12233 808 2904 3177 3171 16187 16187 16187 16187 16187 16187
4267 926 4776 926 3177 2353 16187 14221 13348 16187 5200 16187 16187 16187 16187 16187
1138 13280 8710 4776 10887 11401 13348 5711 16187 14237 6683 1957 3098 16187 16187 16187
6532 2326 2598 16187 16187 16187 16187 16187 16187 16187 16187 16187 16187 16187 16187 16187
1543 8710 9551 14043 926 2598 16187 16187 2598 16187 16187 16187 16187 16187 16187 4311
6532 2326 2598 16187 16187 10344 1919 926 16187 16187 16187 16187 16187 16187 2599 16187
14069 14776 2148 13178 601 8719 3171 2563 13348 13348 13348 16187 16187 16187 16187 16187
14069 14776 8270 8185 15525 14069 16187 6322 14237 9070 16187 926 926 16187 16187 16187
14069 14776 1229 1597 16187 8185 8719 3171 16187 16187 10770 12233 12650 16187 926 16187
13474 4931 14180 816 16187 16187 16187 16187 16187 16187 16187 16187 16187 16187 16187 16187
13474 4931 9754 16187 14180 4776 10566 10501 3177 3171 2598 16187 16187 2599 16187 643
13474 4931 1344 14610 8719 1885 12582 16187 16187 9290 16187 16187 14734 11537 1955 4776
14031 13922 7740 1950 12233 11393 203 2689 8712 8710 16187 16187 16187 16187 16187 16187
14031 5359 8268 10080 3117 13348 16187 10033 16187 14237 6683 11889 926 16187 16187 16187
14031 7742 8268 15658 8710 6259 5820 443 5867 3192 16187 16187 3192 16187 3192 16187
8712 5867 7314 11779 16187 16187 16187 16187 16187 16187 16187 16187 16187 16187 16187 16187
8712 5867 5433 16187 16187 5332 8268 13474 3847 16187 14237 1885 8710 16187 16187 16187
8712 5867 7314 11779 16187 16187 15525 3177 8712 5463 8710 1954 926 14125 16187 16187
7740 4628 9754 15784 4776 4152 16187 16187 16187 16187 16187 16187 16187 16187 16187 16187
7740 973 5329 13616 14272 14069 8710 5463 12232 13917 10217 2103 3177 2712 16187 16187
7740 4628 9754 15784 4776 4152 16187 6011 4537 14518 630 16187 16187 2122 16187 12008
3171 8710 14180 9813 405 12008 8712 5867 6259 5948 3177 10770 16187 16187 16187 16187
4267 10033 3177 14180 926 16187 11553 16105 3102 16187 3841 926 16187 16187 16187 16187
3171 8710 1954 9332 476 16187 12650 16187 14237 4776 9290 16187 16187 13348 16187 16187
12276 5568 14986 12232 2823 4776 10418 14237 4776 6664 16187 16187 16187 16187 16187 16187
203 11953 6259 15335 11262 2598 16187 12233 926 6259 1583 16187 16187 6011 16187 14808
12276 5568 14986 8710 5463 12958 6546 7259 16187 13532 4776 926 16187 16187 16187 16187
4776 2243 926 3177 10355 14112 14776 10716 4951 16187 16187 16187 16187 16187 16187 16187
4776 2243 926 3177 10355 14112 14776 10716 4951 16187 3171 1378 16187 16187 16187 16187
4776 12745 926 10036 14237 14284 16187 8270 3748 4776 16146 16187 16187 926 8268 4776
12495 10415 830 6931 8268 1229 15658 9498 4325 9871 3171 2563 1957 2598 16187 16187
4267 10033 3177 14180 926 16187 11553 16105 3102 16187 3841 926 16187 16187 16187 16187
6070 10355 13348 16187 4103 1955 100 1955 8710 16187 10918 4311 16187 15525 16187 16187
926 9484 13570 3171 8710 6259 6070 9625 2563 8268 1919 1954 10571 9625 14596 16187
926 9070 10967 3171 10505 13348 16187 5568 6259 9290 12276 10054 926 16187 16187 16187
926 8710 8270 8855 1919 8712 16187 8268 12495 16187 14180 4776 16146 16187 16187 16187
7740 4931 1344 9528 2837 203 12690 4776 2563 4931 16187 16187 16187 16187 16187 16187
7740 4931 3316 16187 10355 14237 9743 9498 9743 10217 16187 15658 16187 5627 16187 16187
7740 4931 1344 9528 2837 203 12690 4776 2563 4931 16187 16187 16187 16187 16187 4931
7740 3364 9754 14192 7401 15658 4931 16041 16148 14043 203 16187 16187 16187 16187 16187
7740 3364 9754 5759 8712 16187 983 16187 983 16187 8313 2598 16187 16187 16187 16187
7740 2326 5208 2552 15662 820 15658 3364 1885 16187 2097 2550 1919 4856 16187 16187
7740 1951 5297 926 10332 2103 4240 9316 8712 830 4776 9431 983 16187 16187 16187
7740 2383 1378 3177 4776 2365 703 91 8710 5463 6011 14776 16187 12233 12650 8712
7740 5297 6635 8712 16187 12606 12233 11553 12467 926 830 926 16187 16187 16187 16187
7740 4552 9754 188 12233 8197 926 8268 6041 11558 8268 8712 5867 5329 1179 16187
7740 4552 9754 15956 14272 100 188 6713 16187 16187 4325 3543 16187 16187 16187 926
7740 11530 8712 16187 8719 926 8268 1229 7740 9084 16187 16187 16187 9131 16187 926
7926 779 6259 6388 11913 10862 14237 7926 5867 12349 3908 8712 16187 16187 16187 16187
3842 91 16187 16187 7740 15956 14272 4776 284 14776 16187 16187 16187 16187 16187 16187
7926 779 6259 5948 3177 4679 14237 779 6826 6148 2894 3924 16187 1865 16187 16187
3171 5947 7610 10033 3112 6259 8475 16153 12233 4776 10602 308 3177 926 16187 16187
3842 16187 16187 1737 8268 14237 6259 5804 16187 2148 16187 16187 16187 16187 16187 16187
3171 2563 8710 9563 830 12608 16187 14237 2053 8710 5463 16187 16187 16187 16187 16187
14272 2148 5208 7740 1436 11953 3171 5463 779 9754 12467 12766 8592 2598 16187 16187
14272 6672 2598 16187 16187 2097 3177 6259 926 16187 5365 16187 643 16187 16187 5580
14272 8810 3847 8710 13134 16187 6070 4687 12233 4776 926 16187 16187 16187 16187 16187
569 3177 8121 91 16187 16187 16187 16187 16187 16187 16187 16187 16187 16187 16187 16187
569 3177 8121 91 16187 13216 16187 13429 16187 10026 16187 11331 16187 8270 16187 12767
569 3177 8121 91 16187 13216 16187 12233 2823 2148 3177 6259 10887 4152 16187 16187
8712 3364 11553 12766 4927 8270 8268 12008 8710 5329 16187 16187 16187 16187 16187 16187
8712 3364 5367 16187 983 16187 1793 3177 4776 14043 14180 3177 5713 2946 16187 16187
8712 3364 14237 7508 13348 16187 13348 16187 6070 4687 16187 10373 2308 16187 16187 16187
12008 9137 6259 1033 1229 8710 2697 12127 8808 8719 3171 2563 13348 16187 16187 16187
1229 203 3847 5463 4189 2598 16187 16187 2598 16187 16187 8592 8268 4776 14596 16187
12008 9591 3177 5713 926 926 16187 14180 4776 10033 8710 16187 16187 16187 16187 16187
10566 9943 3994 7740 15956 14272 6011 9084 2588 1747 3994 14237 3171 2563 16187 16187
4267 3177 14180 820 6173 4776 9790 4927 926 5711 16187 11162 16187 16187 16187 16187
10566 1133 5153 4172 926 14776 12606 8268 14237 3171 8710 13084 8685 16187 16187 16187
3171 5095 926 8719 4776 10918 9635 3177 4776 926 16187 16187 16187 16187 16187 16187
3842 16187 16187 1737 8268 12349 4776 6499 16187 16187 9450 16187 9450 10509 2563 16187
4776 2563 779 2446 4641 14237 6259 10894 3177 564 3177 8712 16187 16187 16187 16187
4624 12431 6259 10894 3177 7661 8268 7740 973 15640 16187 16187 16187 16187 16187 16187
4267 4710 11953 1213 6259 8556 16187 3177 12276 2563 16187 14635 3177 16187 16187 16187
4624 16138 2823 10602 16187 16187 926 8719 3171 10033 16187 16187 16187 16187 16187 16187
15843 14237 926 8268 14069 14776 13084 4352 12233 13931 4776 15489 13567 16187 16187 16187
3842 1957 14180 1737 16187 16187 9339 8710 6259 926 16187 1378 5463 16187 1229 7740
2446 8268 14272 7926 5867 1919 5463 8413 926 6259 926 16187 16187 13348 16187 929
5533 926 8710 4776 926 9450 9424 7740 11553 8084 8466 8719 12276 2285 643 16187
4267 926 4776 926 3177 2353 16187 14221 16187 16187 13348 16187 16187 926 16187 16187
8710 8712 11953 926 2598 16187 16187 10957 16187 14373 16187 16187 1885 16187 14125 16187
7926 8710 1954 9365 10294 9091 16187 16187 16187 16187 16187 16187 16187 16187 16187 16187
3842 16187 16187 1737 8268 12349 4776 6499 16187 16187 1378 16187 16187 2563 16187 13949
7926 8710 1954 9365 10294 9091 16187 1229 630 16187 5332 8712 7001 16187 16187 16187
926 8268 926 779 9063 10957 4776 926 16187 16187 16187 16187 16187 16187 16187 16187
926 8268 926 16187 720 8719 3171 10033 16187 16187 16187 16187 16187 16187 16187 1957
926 8268 926 16187 926 16187 7926 926 12233 3764 16187 16187 8268 10669 13348 16187
7740 8695 4776 8215 4598 14029 16108 1378 8710 6259 926 14043 1954 926 16187 16187
7740 2383 1378 3177 4776 2365 703 91 8710 5463 12276 16146 16187 2148 16187 2519
7740 15915 12825 12291 16187 926 926 830 4312 16187 16187 4687 16187 16187 2097 12835
7926 14005 4776 983 3177 5804 14237 16146 8500 162 5463 4776 926 4598 14029 16187
3842 1957 14180 1737 16187 16187 9339 8710 6259 926 16187 1378 16187 16187 13348 16187
7926 7076 8712 10915 49 14237 13549 6259 9894 14237 40 10418 16187 16187 1378 9424
7740 973 5329 13616 13474 779 13592 16146 954 12233 2451 16187 16187 16187 16187 16187
7740 973 5329 13616 13474 779 13592 16146 954 12233 2451 16187 16187 926 16187 16187
7740 973 14364 7740 15771 8712 16187 6635 16187 8712 16187 16187 16187 16187 16187 16187
926 8710 6259 869 2844 14281 3177 1213 6259 15265 16187 16187 16187 16187 16187 16187
926 8710 11953 6259 6161 3177 14195 16187 16187 14180 4776 5820 6070 10011 16187 16187
926 8710 6259 13144 15291 14217 8268 1955 1378 926 10967 15715 15790 16187 16187 16187
926 16187 16187 16187 16187 16187 16187 16187 16187 16187 16187 16187 16187 16187 16187 16187
926 16187 13250 16187 15956 16187 643 16187 4325 16187 14745 16187 16187 16187 16187 16187
926 16187 9773 14029 4776 10988 8710 8719 15096 16187 14426 16187 16187 16187 16187 16187
5329 8726 15846 6096 779 1157 12233 1436 11953 8712 13348 13348 13348 16187 16187 16187
5329 1955 8569 1955 6826 820 1436 16187 11953 12835 14776 8719 6259 926 16187 16187
15658 12232 8084 9429 12266 2053 926 771 8712 8719 1885 2598 16187 16187 2598 16187
7740 926 3171 1919 3192 12362 8268 7740 1110 926 926 16187 16187 16187 16187 16187
9036 3171 2563 16187 12495 12495 15096 16187 12349 817 16187 9431 16187 9813 16187 926
7740 926 3171 2563 14237 1959 16187 13348 16187 13348 16187 16187 16187 16187 16187 16187
13570 8268 14069 8710 13084 8199 5463 1378 5208 6683 11007 12233 1955 7742 16187 16187
13570 8268 4667 8710 926 14237 6188 4609 16187 16187 5332 16187 16187 16187 926 16187
8796 8268 8712 5867 2548 926 13348 13348 16187 13348 16187 15202 16187 3192 16187 3192
12149 8712 16187 16187 16187 16187 16187 16187 16187 16187 16187 16187 16187 16187 16187 16187
12149 8712 16187 8268 8719 16146 16187 4537 4776 926 16187 16187 16187 16187 13348 16187
12149 8712 16187 8268 1955 2296 16187 926 16187 9577 12233 2823 16187 16187 16187 16187
6535 630 4776 5568 1371 2410 4931 926 926 5867 8808 16187 16187 16187 16187 16187
4267 3177 14180 820 6173 4776 9790 4927 926 5711 16187 16187 2353 16187 16187 16187
5297 6259 3098 8855 16187 14237 4776 6071 5867 2122 16187 16187 16187 6011 12260 16187
2466 703 4537 4189 15525 5463 4927 16187 16187 16187 16187 16187 16187 16187 16187 16187
15649 14281 3847 7740 1114 2598 16187 16187 2598 16187 16187 8440 2563 7740 9429 8712
5297 1344 10355 91 830 4776 3052 16187 10026 16187 10907 16187 9442 16187 9666 16187
12127 9534 8719 3171 10033 4931 12489 14708 16187 16187 16187 16187 16187 16187 16187 16187
4267 3177 14180 820 6173 4931 4537 926 926 16187 16187 11889 13348 16187 16187 16187
12127 1023 8710 6259 12529 14620 16187 9442 14237 4776 582 5867 3177 4776 1167 14776
3171 10033 779 12958 8268 3211 8268 2122 8268 1369 15848 16187 16187 16187 16187 16187
3171 10033 8710 5329 447 16187 3841 16187 12008 7740 9004 11889 7740 16187 16187 6535
3171 10033 16187 3543 2823 8466 830 14180 3177 2904 10967 926 16187 16187 16187 16187
14237 9296 4776 308 13345 830 10781 16187 16187 16187 16187 16187 16187 16187 16187 16187
1229 14069 5867 2326 4487 12233 8191 8630 16187 1885 16187 16187 16187 14237 1885 13046
14237 1229 8710 630 3177 4776 1787 16187 16187 10373 7001 16187 16187 16187 13348 16187
14272 6259 6655 8716 13348 16187 16187 16187 16187 16187 16187 16187 16187 16187 16187 16187
14272 6259 6655 8716 13348 16187 4776 2563 16187 16187 14180 16187 13348 16187 16187 16187
14272 6259 11406 13348 16187 100 13348 16187 926 13348 16187 2486 16187 11763 16187 16187
2053 926 13836 3994 8710 14464 15871 10770 13348 16187 16187 16187 16187 16187 16187 16187
4267 10033 3177 14180 926 16187 11553 10471 16187 16187 830 4776 1583 16187 16187 16187
926 7466 4931 4473 1955 2296 16187 16187 1955 5296 1955 1954 926 16187 16187 16187
6173 8268 2684 2608 8268 4812 8268 5005 8268 13663 8268 11022 16187 16187 16187 16187
10242 3177 4312 10355 16187 16187 8569 8719 10566 10107 16187 789 11889 6011 16187 16187
6173 8268 15658 8710 926 517 16187 16187 16187 830 1885 9431 16187 1229 16187 16187
7740 5297 11553 13084 10400 15662 13852 11839 5463 4931 6259 10355 10400 13348 16187 16187
7740 2383 8712 3364 2823 1378 3177 9743 926 926 8268 12008 2263 5297 13250 16187
7740 5297 6635 8712 16187 16187 13089 7740 9429 5463 16187 926 16187 10077 12233 15597
5936 5463 5867 6259 15626 16187 16187 16187 16187 16187 16187 16187 16187 16187 16187 16187
4267 3177 14180 820 6173 4776 9790 4927 926 5711 16187 16187 2353 16187 16187 16187
5297 6070 630 6259 8974 14237 1860 3177 8457 8268 4240 14180 5713 1243 16187 16187
14889 8712 14237 8712 9277 926 8268 12008 4537 1955 6259 13759 16187 16187 16187 16187
3842 1957 14180 1737 16187 16187 9339 8710 6259 926 16187 16187 16187 16187 16187 16187
1955 7742 8712 3543 11553 8466 4312 8719 6826 926 16187 16105 16187 7001 16187 1110
12167 4098 14180 8710 7004 7148 1955 4776 926 926 1907 16187 16187 16187 16187 16187
4267 10033 3177 4776 2353 1138 926 5711 926 8268 8719 926 16187 16187 16187 14397
2446 8383 4776 1787 5867 14741 1946 2550 3384 16187 926 9793 16187 8798 16187 16187
4776 1138 1896 5711 4440 14776 2446 6535 3724 16187 16187 16187 16187 16187 16187 16187
4776 2053 6801 3994 15093 4931 10355 16187 12495 16187 16187 14237 16187 1378 4537 6683
4776 2053 6801 3994 15093 4931 10355 16187 16187 16187 1500 15715 1919 4776 12835 16187
91 8268 830 15202 8268 4776 2768 7365 16187 16187 16187 16187 16187 16187 16187 16187
91 8268 13084 8200 16187 5332 4776 10710 16187 16187 16187 14745 16187 16187 16187 16187
91 8268 830 15202 8268 4776 2768 7365 16187 5332 16187 6070 16187 16187 954 16187
3061 9450 10509 10033 11953 926 14237 15597 926 16187 16187 16187 16187 16187 16187 16187
4267 10033 12233 4776 5365 11953 14745 5463 7926 14352 16187 16187 15842 16187 16187 16187
1175 9575 13348 16187 10335 8268 1378 9736 16187 16187 4537 16187 16187 16187 16187 7742
8733 12276 11401 5711 16187 16187 16187 16187 16187 16187 16187 16187 16187 16187 16187 16187
4267 12233 11553 5713 15043 1919 2550 4440 16187 16187 926 16187 16187 16187 16187 16187
7001 2552 8712 16187 13348 16187 10036 16187 16187 16187 16187 11889 16187 16187 16187 16187
926 8710 5329 4776 11845 14281 3177 5747 5867 15827 6259 5375 9742 16187 16187 16187
926 8710 6388 8719 4776 10501 3177 4776 7612 5867 16016 8268 926 16187 16187 16187
926 8710 9773 12115 4409 16187 6535 1507 6745 2563 643 8710 16187 2148 512 16187
11022 2837 12058 15247 16187 16187 16187 16187 16187 16187 16187 16187 16187 16187 16187 16187
4267 10033 3177 14180 926 16187 16187 11553 16187 1436 11953 3171 1378 16187 16187 16187
11022 2837 12058 15247 16187 10355 2563 8268 7926 7076 6259 10240 3934 15658 926 16187
15408 8268 926 3847 9754 4552 630 12233 12954 6905 16187 16187 16187 16187 16187 16187
13570 8268 8712 13942 12233 2823 1378 3177 9743 7723 926 16187 16187 16105 6259 10728
13089 8712 8710 6724 830 5713 2513 8268 8712 11900 12267 7742 16187 14237 2689 16187
10941 12870 8710 4776 9290 13348 16187 16187 16187 16187 16187 16187 16187 16187 16187 16187
4267 926 4776 926 3177 2353 16187 14221 16187 16187 13348 16187 13348 16187 16187 10953
14734 8179 11900 14776 4142 926 16187 16187 16187 16187 16187 16187 9205 14745 16187 16187
926 1955 7740 9884 8592 1597 12291 926 6259 926 2563 779 6259 10710 10583 16187
3842 11889 12127 63 5328 3177 8712 16187 8268 7740 3364 11553 1505 16187 16187 16187
926 1955 7740 9884 8592 1597 12291 926 6259 926 2563 779 6259 10710 10583 16187
12127 926 9840 8710 223 14237 9625 16187 16187 16187 16187 16187 16187 16187 16187 16187
4267 3177 14180 820 6173 4776 9790 4927 926 5711 16187 2296 16187 16187 16187 16187
12127 926 9840 8710 1344 6635 8712 16187 16187 16187 7791 16187 16187 16187 9431 926
4776 7970 3177 1138 9214 4776 6390 9385 5711 4931 9723 926 16187 16187 16187 16187
4776 4267 8084 16187 8569 5095 4931 926 2598 16187 16187 16187 16187 16187 16187 16187
4776 3384 1919 1799 8719 4776 8564 4931 8213 16187 16187 16187 16187 816 16187 16187
5332 6011 11553 10710 15845 16187 16187 16187 16187 16187 16187 16187 16187 16187 16187 16187
5332 16187 16187 630 2148 3177 4776 10033 16187 7740 9884 8466 8719 6259 15096 16187
5332 6011 11553 10710 15845 16187 12260 11553 6011 16187 16187 16187 13348 16187 13348 16187
8712 5867 14180 10770 16187 16187 16187 16187 16187 16187 16187 16187 16187 16187 16187 16187
8712 5867 14180 4537 6388 16187 16187 2588 1378 16187 16187 13348 16187 16187 16187 16187
8712 5867 14180 10770 16187 14237 2148 16187 9577 16187 15358 16187 14808 14237 14069 16187
7740 16138 4537 2823 13611 14237 9605 5463 15525 14069 16187 16187 16187 16187 16187 16187
7740 16138 8093 12650 3171 10036 13348 16187 6500 16187 15658 926 16187 703 16187 16187
7740 9429 8712 8710 983 830 1885 12233 2903 1885 10418 8043 4404 13182 16187 16187
4325 14776 4537 14069 12233 2823 5576 926 16187 16187 16187 16187 16187 16187 16187 16187
4325 14776 3914 12495 8268 2326 16187 16187 16187 6535 630 6259 926 16187 16187 16187
4325 14776 7367 14237 14272 7740 1436 5463 8712 8710 16187 16187 2148 16187 16187 16187
15152 13348 13348 16187 16187 16187 16187 16187 16187 16187 16187 16187 16187 16187 16187 16187
15152 13348 13348 16187 12003 4776 2601 2563 8268 1954 4750 16187 15096 16187 12781 16187
15152 13348 13348 16187 12003 4776 3646 8081 16187 3177 6259 926 16187 16187 16187 16187
4776 2946 14776 3098 16187 16187 16187 16187 16187 16187 16187 16187 16187 16187 16187 16187
10242 16187 4628 9754 10610 4776 2563 14029 6259 9605 14180 4776 2563 16187 16187 16187
4776 132 13811 8710 12489 14708 16187 16187 11772 926 16187 926 16187 16187 926 16187
4776 1138 3418 5711 3177 4776 2563 6297 771 716 14348 14465 16187 16187 16187 16187
4776 5562 8268 3847 9754 8712 2598 16187 16187 9360 2598 16187 16187 2598 16187 16187
4776 1138 10011 5711 10501 3177 4776 2563 8710 6535 6670 16187 16187 16187 16187 16187
8326 7558 8710 6259 2563 926 2837 12273 926 16187 16187 16187 16187 16187 16187 16187
4267 10033 3177 4776 5365 2598 16187 16187 12515 16187 4776 6363 16187 16187 16187 16187
4421 9712 5867 8162 3653 2002 574 8268 8710 5695 16187 816 16187 16187 10114 16187
12276 3942 1919 8712 8710 5463 1243 8309 2837 14237 7740 3032 12233 4128 11153 16187
4267 3177 14180 820 6173 4776 9790 4927 926 5711 16187 16187 2353 16187 16187 16187
5463 8710 4776 564 4927 12233 5993 8712 16187 16187 16187 11889 16187 16187 16187 16187
3177 5713 6209 15768 8268 7740 5208 5568 1436 7740 12561 4531 3171 1378 16187 16187
4267 10033 3177 14180 926 16187 11553 16105 15597 16058 16187 16187 926 8719 926 16187
7740 11839 6209 4931 15832 16187 16187 4776 2563 16187 7970 16187 16187 16187 16187 10036
12276 8264 12805 15715 3171 308 4931 2429 6259 5948 3177 926 13348 13348 16187 16187
4267 3177 14180 820 6173 4776 9790 4927 926 5711 16187 16187 2353 16187 16187 16187
14919 3177 9484 3418 16187 926 16187 15658 926 12233 926 926 16187 16187 16187 16187
12008 3171 8710 5329 4776 5568 10583 8719 4776 2563 16187 16187 16187 16187 16187 16187
12008 13084 16187 16187 630 2148 3177 4776 4152 16187 16187 16187 16187 4994 6011 16187
12008 3171 8710 2326 8268 8719 12276 3109 16187 564 16187 7740 14180 1442 4776 13114
13852 779 12233 1923 14745 3748 4776 5095 16187 16187 16187 16187 16187 16187 16187 16187
3842 16187 16187 1737 8268 12349 14180 13348 16187 308 16187 8268 14029 16187 14426 16187
1955 2296 926 8710 5695 16187 6797 8268 14237 8712 13348 16187 16187 16187 16187 16187
6173 14734 2752 2598 16187 16187 16187 16187 16187 16187 16187 16187 16187 16187 16187 16187
10242 3177 4312 10355 16187 16187 8569 8719 15597 16187 308 16187 284 16187 16187 16187
6173 14734 2752 2598 16187 9465 926 4776 8268 4325 8733 6259 926 16187 16187 16187
7740 12232 4142 8154 3171 4779 8268 8712 5867 6070 12606 16187 16187 16187 16187 16187
9036 3171 2563 16187 12495 12495 15096 16187 12349 6259 13565 3177 3171 2563 16187 6259
7740 12232 4142 8154 3171 2563 16187 830 4776 4924 4440 16187 16187 16187 16187 2329
6011 14776 8719 7448 3177 6259 4949 14419 16187 16187 16187 16187 16187 16187 16187 16187
9036 3171 2563 16187 12495 12495 15096 16187 2148 5332 16187 12349 817 16187 16187 817
6011 14776 8719 7448 3177 6259 4949 14419 16187 10033 16187 926 16187 12008 6011 16187
2263 1893 10770 14237 8712 779 1378 3177 1378 3177 12276 14180 983 1860 4023 16187
4267 3177 14180 820 6173 4776 9790 4927 926 5711 16187 16187 2353 16187 16187 10272
2263 7664 12832 2627 771 9070 6979 971 14029 4776 948 10953 16187 4927 16187 16187
3171 4931 6259 6070 15624 2563 830 9070 8268 7740 11553 12233 1436 16187 16187 16187
3171 8710 7594 16187 2563 16187 1378 16187 1750 16187 830 16187 16187 16187 13348 16187
3171 8710 14272 12127 7753 14596 3543 2823 16187 16187 10373 14029 12276 12489 9484 16187
5329 137 4776 1330 3609 2903 8719 8708 1383 15846 6237 9605 6259 4320 16187 16187
3842 16187 16187 1737 8268 12349 4776 12489 8268 14180 16187 8185 16187 14180 8185 16187
5329 3257 12008 5046 13904 9591 12233 8733 830 6259 854 2712 12805 16187 926 16187
7740 15956 6826 820 15525 14069 11530 3171 2563 12008 8712 13942 4776 10549 926 16187
9036 3171 2563 16187 12495 12495 15096 16187 12349 6259 13565 16187 12349 7377 16187 12349
7740 1110 8712 6348 14180 6378 16187 7742 8268 14237 926 14237 8798 16187 12232 16187
4776 12835 14776 12477 8719 5350 8081 1486 14237 4776 926 14776 7484 11622 16187 16187
3842 1957 14180 1737 16187 16187 9339 3942 16187 4776 10418 4931 6297 16187 1344 16187
4776 12835 14776 12477 8719 5350 8081 1486 14237 4776 926 14776 7484 11622 16187 16187
830 9070 12716 8268 4776 191 15138 3177 4776 9577 8710 926 10588 5867 9534 16187
4267 3177 14180 820 6173 4776 9790 4927 926 5711 16187 11162 16187 16187 16187 16187
830 9070 12716 8268 4776 191 15138 3177 4776 9577 8710 926 10588 5867 9534 16187
12233 7589 5463 926 6063 4776 2563 12232 2823 1954 9937 16187 16187 16187 16187 16187
3842 16187 16187 1737 4776 12349 4776 1787 7740 14362 16187 308 16187 1133 16187 3553
926 5867 8521 771 14745 16187 926 8268 14029 4776 16146 1957 14180 4776 926 16187
6173 8268 3208 15425 14237 3163 9666 7347 4776 2563 4098 4776 7273 13182 16187 16187
10242 16187 3364 9754 2823 8270 8268 12008 4537 4931 9754 2689 16187 9890 16187 16187
6173 8268 14237 16146 14792 1138 1442 5711 6148 926 926 16187 1138 926 16187 16187
12276 2752 656 830 4776 10240 5867 4331 14237 8762 926 16187 16187 16187 16187 16187
203 14029 12625 9084 3367 10603 1390 14211 4537 15525 3177 4776 12168 2598 16187 16187
203 450 8710 8712 926 2598 16187 16187 15842 4931 926 1919 5463 16187 16187 11839
5297 8268 7740 9429 7926 3364 11553 12766 8069 8270 16187 16187 16187 16187 16187 16187
5359 8268 816 13348 16187 926 16187 1378 11889 16187 7188 16187 6731 16187 487 16187
5297 8268 7740 9429 7926 3364 11553 16187 10150 10603 1597 3177 4776 10033 2263 9872
4776 10583 8268 6689 8423 11135 8268 4931 5329 6348 1271 3177 3839 16187 16187 16187
3842 1957 14180 1737 16187 16187 9339 12835 16187 6259 926 16187 16187 16187 16187 16187
4776 132 6955 779 6070 9450 3177 4776 2002 16187 16187 9736 16187 16187 10894 16187
6267 8710 4776 926 16187 16187 16187 16187 16187 16187 16187 16187 16187 16187 16187 16187
4267 926 4776 10709 3177 4776 84 7416 8858 4776 8794 1787 4776 926 16187 16187
14734 926 8710 1378 3177 12276 926 16187 8268 12008 9004 3177 6259 926 16187 926
4776 10960 14776 3809 16187 16187 16187 16187 16187 16187 16187 16187 16187 16187 16187 16187
4776 132 6955 779 5329 10471 2263 15781 7742 9890 16187 12349 16187 16187 16187 16187
4776 10960 14776 3809 16187 14237 12401 16146 16187 14237 12401 16146 16187 16187 16187 16187
14599 8268 5358 14237 12894 3364 9754 11553 12766 8270 16187 16187 16187 16187 16187 16187
4267 10033 3177 14180 926 16187 16187 11553 10471 16187 830 1378 11889 16187 16187 16187
2446 8268 14069 14776 6826 7855 3766 8719 3171 2563 16187 9431 16187 3177 4776 2563
4776 8554 1957 6259 926 14237 7127 8069 2148 9831 16187 16187 16187 16187 16187 16187
3842 16187 16187 1737 8268 12349 4776 6499 16187 16187 9450 16187 3044 16187 16187 16187
4776 6161 4571 15525 3177 6306 16187 6797 16187 10710 14237 4776 10033 16187 12010 9070
7740 4931 6297 10879 13089 7740 5226 3171 4931 10299 12233 994 16187 16187 16187 16187
7740 4931 6297 2292 8719 2837 4776 6568 14237 9546 10355 9831 12233 2552 3171 16187
7740 4931 2446 6391 6259 12560 11889 9534 16187 16187 16187 16187 1957 16187 16187 16187
14237 3643 8710 6535 8569 8719 14734 954 16187 16187 16187 16187 16187 16187 16187 16187
3842 1957 14180 1737 16187 16187 14397 14397 14192 16187 16187 16187 16187 16187 16187 16187
14237 8069 8268 8796 8268 1138 15854 8523 5711 16187 6011 188 16187 4404 12006 10358
1442 3171 1957 4776 926 12162 5777 8719 926 8268 14043 14237 6070 15090 13348 16187
4267 10033 3177 4776 5365 2598 16187 16187 15096 16187 16187 9004 4776 926 16187 16187
7542 8268 926 1378 3177 12276 926 16187 12276 12362 16187 16187 9004 4776 11978 16187
4776 2563 8710 5329 1791 8719 13592 4927 16187 16187 16187 16187 16187 16187 16187 16187
4267 10033 3177 14180 926 16187 16187 11553 16187 16187 816 8719 14180 16187 16187 16187
4776 2563 8710 10355 8268 12008 1138 4776 926 5711 8710 6259 926 16187 16187 16187
13775 4906 8607 2598 16187 16187 16187 16187 16187 16187 16187 16187 16187 16187 16187 16187
4100 926 13912 8268 10686 16187 14180 5208 16187 1436 1919 4776 2122 4440 16187 5804
13775 4906 8607 2598 16187 12233 14734 3994 4311 14734 2598 16187 1885 2598 16187 16187
8268 926 926 4931 2446 6535 10355 1955 7742 16187 16187 16187 16187 16187 16187 16187
3842 11889 12127 63 5328 3177 8712 16187 8268 1138 6011 16138 2823 816 16187 2563
926 8268 1955 1919 4776 12835 8268 926 14237 4776 14596 4931 16187 16187 16187 16187
7740 9563 6635 4776 5041 1957 4776 5946 1955 4776 926 13081 16074 1940 16187 16187
7740 11839 6209 4931 15832 16187 16187 4776 2563 16187 1344 1954 9332 14596 16187 16187
7740 9563 6635 12272 15748 16187 6738 12127 10566 3177 16187 8185 16187 16187 16187 16187
9151 6297 2842 6259 10355 926 16187 16187 16187 16187 16187 16187 16187 16187 16187 16187
4267 926 4776 926 3177 2353 16187 14221 16187 16187 13348 16187 16187 16187 16187 10429
1955 6259 3537 8268 4776 13607 8710 8268 6011 14470 6011 15956 16187 14180 16187 16187
7740 11553 8466 14180 4776 763 605 8719 4776 15208 14237 926 308 16187 16187 16187
7740 2383 5463 8710 926 16187 16187 7970 1378 16187 7740 9084 16187 16187 16187 16187
7740 9429 8712 8710 983 830 1885 12233 2903 1885 10418 8043 4404 13182 16187 16187
7740 9009 8719 1110 1919 4776 6331 8268 14237 4776 2563 3847 9754 4230 16187 16187
4267 10033 3177 4776 5365 2598 16187 16187 12515 16187 4776 9339 16187 16187 16187 16187
7740 4931 4846 926 14237 6432 2903 8719 4776 926 5942 16187 16187 16187 16187 16187
13474 2296 15881 491 830 1885 8569 6499 1125 9385 8268 9455 2598 16187 16187 16187
13474 13081 2326 6535 9594 16187 16187 16187 14237 10501 8719 14180 16187 16187 4931 6535
13474 3873 16187 12233 14734 9040 16187 7926 4931 926 2598 16187 16187 16187 16187 16187
13084 8268 3171 8710 13170 8268 16122 8268 12013 14237 13811 16187 16187 16187 16187 16187
3842 16187 16187 1737 8268 12349 4776 12349 4776 6499 16187 16187 926 16187 16187 926
3171 8710 10288 2478 13348 16187 2563 13348 13348 13348 13348 16187 8081 16187 1864 16187
4659 2598 16187 16187 16187 16187 16187 16187 16187 16187 16187 16187 16187 16187 16187 16187
8084 8466 2119 2598 16187 16187 816 16187 10033 16187 6297 12349 817 16187 12349 2903
4659 2598 16187 4546 8268 4776 926 15658 3177 4776 10033 8710 10602 16187 16187 16187
14237 7740 14325 11839 3177 926 926 5867 2053 926 3994 16187 16187 16187 16187 16187
9036 3171 2563 16187 12495 12495 15096 16187 2148 5812 16187 12349 16187 12349 16187 12349
14237 7740 2446 3553 4776 10033 5867 6259 8974 16187 9290 8719 4776 2563 16187 800
3644 9754 10503 6826 3177 4776 820 14029 3171 926 13348 16187 16187 16187 16187 16187
4267 12233 11553 5713 15043 1919 2550 4440 16187 14237 926 926 16187 16187 16187 16187
9501 13823 3847 2097 6527 12233 14734 14716 16187 4776 10033 16187 16187 16187 6535 16187
6011 3364 2326 10503 7926 4931 6259 926 8268 1955 7742 1955 6259 14288 9059 16187
9036 3171 2563 16187 12495 12495 15096 16187 2148 5812 16187 12349 16187 7164 16187 926
6011 5711 16187 4537 6683 12008 8712 5867 2148 16187 512 7740 16187 5332 15956 16187
6173 4776 6499 14776 7962 8268 10566 9943 8268 4721 926 14237 7974 926 16187 16187
10242 3177 4312 10355 16187 16187 8569 8719 15597 16187 308 16187 16187 16187 13178 16187
6173 16187 2684 2608 16187 14237 11553 1378 3177 4776 9887 16187 14043 1957 16187 16187
13474 8710 4990 13348 16187 16187 16187 16187 16187 16187 16187 16187 16187 16187 16187 16187
13474 8710 4990 13348 16187 16187 6683 11889 14237 15096 16187 830 16187 14426 9887 16187
13474 8710 2176 8268 5463 8710 11273 16187 16187 9290 8719 6259 2563 16187 16187 16187
1430 926 16187 16187 16187 16187 16187 16187 16187 16187 16187 16187 16187 16187 16187 16187
4267 926 4776 10709 3177 4776 84 5656 8858 16187 14125 16187 16187 16187 16187 6683
1430 926 16187 476 5463 926 8268 1019 6297 4776 926 3177 926 6173 16187 9004
8712 5362 6011 1543 6011 14776 12233 2006 5937 643 16187 16187 16187 16187 16187 16187
8712 5362 6011 1543 6011 14776 12233 2006 5937 3504 16187 2251 9070 8719 994 16187
8712 5362 6011 1543 6011 14776 12233 2006 5937 643 16187 16187 8268 11889 16187 16187
4776 2601 9424 8710 4537 7891 8268 2843 8268 14237 5329 4032 15715 16187 16187 16187
4776 4267 8084 16187 8569 5095 4931 8270 16187 16187 16187 16187 16187 16187 16187 16187
4776 2601 9046 6546 6070 5820 9563 4240 14919 9483 16187 926 5867 16187 16187 16187
12276 926 8710 3803 16187 16187 16187 16187 16187 16187 16187 16187 16187 16187 16187 16187
4267 3177 14180 820 6173 16187 11401 3177 4776 2563 16187 926 13348 16187 13348 16187
12276 926 8710 11582 16187 11401 3177 16187 16187 16187 926 16187 16187 16187 16187 16187
12233 9070 8268 3171 8710 11953 7188 16187 16187 16187 16187 16187 16187 16187 16187 16187
9036 3171 2563 16187 12495 12495 15096 16187 2148 5332 16187 5332 16187 817 9290 16187
1229 7926 14352 1543 926 8710 10299 10967 16187 16187 2149 3171 16187 7970 3177 4776
6771 6557 15658 13084 1378 6644 16187 16187 16187 16187 16187 16187 16187 16187 16187 16187
4267 3177 14180 820 6173 4931 4537 6259 3794 926 5711 16187 16187 16187 16187 11889
15790 8710 1378 1213 12805 16187 12650 3171 2563 16187 6259 5948 16187 16187 13348 16187
8726 6011 10671 3177 12058 16066 8268 6011 12260 2552 3171 10033 16187 16187 16187 16187
9296 5329 16187 15715 8712 8268 8719 13592 3384 5463 16187 16187 16187 16187 16187 16187
7740 973 14364 7740 15771 8712 16187 929 16187 16187 7740 10603 13832 16187 16187 16187
1350 8268 10288 12449 12233 8733 6259 10728 3177 5713 16187 16187 16187 16187 16187 16187
1350 8268 10288 12449 12233 8733 6259 10728 3177 5713 16187 16187 16187 16187 16187 16187
1350 8268 10288 12449 12233 8733 6259 10728 3177 5713 16187 16187 16187 16187 16187 6748
4552 9754 9605 9070 223 16187 16187 16187 16187 16187 16187 16187 16187 16187 16187 16187
4552 9754 9605 9070 223 16187 816 2598 16187 16187 16187 2563 16187 16187 16187 16187
4552 4422 1110 8712 8710 926 16187 16187 8139 1167 16187 16187 16187 3192 16187 14237
8719 1378 4183 8268 3171 10033 8710 14652 16187 16187 16187 16187 16187 16187 16187 16187
4267 3177 14180 820 6173 4776 9790 4927 926 5711 16187 2296 16187 16187 16187 16187
8719 9131 8081 7026 14457 13348 16187 3137 2150 16187 6011 16187 1436 16187 16187 6011
7740 12892 3171 2563 6259 8704 15525 3177 14255 16187 16187 16187 16187 16187 16187 16187
9036 3171 2563 16187 12495 12495 15096 16187 12349 6259 13565 16187 16187 3286 16187 16187
7740 12892 8712 6259 9484 9484 16187 4142 6683 2148 12233 2823 9316 16187 16187 16187
7740 3553 6011 2666 3171 315 14237 1453 12276 4183 830 8712 16187 16187 16187 16187
7740 3553 5329 16187 8185 16187 926 14237 926 16187 7742 16187 16187 1583 16187 1329
7740 3553 6011 12149 8712 1955 630 1955 7740 9084 13348 16187 16187 9431 13348 16187
1885 9465 7698 1885 14443 8270 512 13592 16146 3384 16187 16187 16187 16187 16187 16187
1885 5459 3847 9754 9577 2903 16187 1885 2903 1885 816 5217 16187 8798 16187 7926
1885 9465 7698 1885 14443 8270 512 13592 16146 3384 16187 1583 16187 16187 16187 16187
12650 12481 16187 16187 16187 16187 16187 16187 16187 16187 16187 16187 16187 16187 16187 16187
2476 16187 16187 16187 11393 4776 132 16187 3177 4776 12835 16187 10571 16187 16187 16187
4142 447 13348 16187 16187 10983 14112 8268 7970 16187 16187 16187 16187 10429 16187 14237
13089 926 1919 4776 9438 2053 15662 2598 3994 16187 16187 16187 16187 16187 16187 16187
3842 11889 8712 5867 2023 6011 8913 12233 13931 6011 16187 16187 6011 16187 16187 16187
13089 926 1138 8451 5711 926 2458 8268 13474 926 10781 2598 16187 16187 16187 16187
13570 7740 973 5329 926 15715 8712 6543 12276 12362 9498 3192 16187 16187 16187 16187
9036 3171 2563 16187 12495 12495 15096 16187 2148 5332 16187 5332 16187 817 9290 16187
7740 9429 8712 10399 12233 12349 11274 3171 2563 16187 7310 16187 16187 16187 4032 15715
1954 9332 8268 14937 14237 11839 6813 10033 8268 7742 4032 3795 15525 16187 16187 16187
4267 10033 3177 14180 926 16187 11553 16105 6011 16187 16187 16187 1903 16187 16187 16187
1954 9332 2719 471 15649 13464 3847 12650 16187 5820 16187 13348 16187 13348 16187 13348
9743 4440 8268 9563 1919 1885 5459 8268 9084 9754 8467 13436 16187 16187 16187 16187
7594 10418 16187 15142 6259 5820 16187 16187 16187 16187 16187 16187 16187 16187 2329 16187
14734 2752 5568 5164 8287 14745 12008 4325 8093 11644 14745 16187 16187 16187 16187 13780
3177 1245 8268 8712 8710 1954 1482 926 14029 5812 926 8268 8796 2598 16187 16187
4267 10033 3177 14180 926 16187 11553 16105 3102 16187 3841 926 830 4776 2563 16187
8719 4994 8268 8712 5867 926 6905 15658 10272 6905 14237 359 13348 16187 16187 16187
926 926 3543 9605 6259 5121 5317 8268 830 13474 4931 14652 12495 16187 16187 16187
926 8092 16187 5867 1955 2115 830 15846 6155 3177 983 16187 16187 16187 16187 16187
926 926 15560 12982 13348 16187 13879 13348 16187 15658 4552 4776 9431 2588 16187 8268
4142 447 8268 14237 8726 6011 11553 4776 3984 8268 4552 12650 8712 16187 16187 16187
4267 926 4776 2563 16187 16187 926 14029 4776 926 16187 16187 16187 16187 16187 16187
4142 447 16187 9563 830 4776 2563 16187 2543 16187 6535 7742 16187 1344 2002 16187
8719 12276 3109 5713 12835 14776 6826 3177 4776 564 8084 8466 16187 16187 16187 16187
4267 3177 14180 820 6173 4776 9790 4927 926 5711 16187 11162 16187 16187 16187 16187
8719 12276 10442 9534 16187 9431 8268 14237 6594 16187 7740 16187 8158 2903 4776 1419
448 7804 3177 7987 9689 2904 5208 5272 15520 9431 13811 14237 5988 8712 2598 16187
4267 3177 14180 820 6173 4776 9790 4927 926 5711 16187 16187 2353 16187 16187 16187
1175 9575 13348 16187 10335 8268 15649 9450 926 16187 16187 1941 16187 5459 16187 16187
7740 12020 7740 771 6259 14491 10931 13348 16187 16187 16187 16187 16187 16187 16187 16187
7740 2383 5463 1138 6390 11382 13348 5711 16187 16187 4763 2599 16187 3730 16187 16187
7740 15915 1957 3171 476 16187 926 16187 926 4776 926 16187 16187 926 16187 926
1378 4931 4776 4406 8311 3177 4776 2563 16187 16187 16187 16187 16187 16187 16187 16187
1378 4931 4776 4406 2563 5046 16187 5329 1378 5463 16187 16187 6297 16187 14030 16187
1378 3177 12276 926 16187 983 8268 4776 9790 16187 16187 16187 16187 2296 16187 16187
7740 1442 14734 13103 8268 14237 7740 2326 11889 14734 2033 16187 16187 16187 16187 16187
7740 1442 10242 3177 3171 8719 4776 10033 16187 8719 4776 2563 16187 16187 16187 16187
7740 1442 14745 14029 9279 14237 926 1019 14237 3177 1245 5788 6173 16187 14237 1344
13084 8268 6011 4537 3575 8712 2858 5937 467 16187 16187 16187 16187 16187 16187 16187
13084 8268 12495 1115 16187 11789 6259 10894 16187 14581 830 4776 2563 16187 16187 16187
3098 13348 16187 13348 16187 7740 4552 16187 11889 9450 2588 16187 12495 15096 16187 16187
5329 2326 5937 899 7001 3562 10033 16187 16187 16187 16187 16187 16187 16187 16187 16187
5329 2326 16187 16187 16187 12349 16187 8726 8712 5867 16187 16187 13348 16187 13348 16187
15658 15846 8155 137 4776 12298 3177 15597 9682 2598 16187 11166 16187 8719 8719 4776
9137 6259 1033 13348 16187 16187 16187 16187 16187 16187 16187 16187 16187 16187 16187 16187
4267 12233 11553 5713 15043 1919 2550 4440 16187 12114 16187 926 16187 16187 16187 16187
9591 8592 16187 14596 5463 2067 4924 4776 2612 16187 926 16187 926 16187 12349 926
4776 10033 12181 5329 12233 926 13592 3177 926 5867 14194 14043 2513 16187 16187 16187
3842 16187 16187 1737 8268 12349 14180 12291 16187 12349 12291 16187 12349 12349 10036 16187
4776 10033 15881 6535 9332 15202 4776 8368 16187 926 8268 926 14237 926 16187 16187
5463 12232 2823 7254 13348 16187 16187 16187 16187 16187 16187 16187 16187 16187 16187 16187
5463 5867 14180 7740 973 5967 12233 1436 16187 926 6259 926 16187 16187 16187 16187
5463 5867 14180 10471 7742 16187 4552 16187 9062 8719 4776 2563 16187 16187 16187 16187
6173 12233 1105 14237 12906 8258 4325 9605 7164 14029 926 16187 16187 16187 16187 16187
4325 10501 14237 13474 15738 10036 16187 16187 16187 16187 16187 16187 16187 16187 16187 16187
6173 16187 12260 11553 926 830 1378 10501 8268 15649 8710 2326 16187 16187 16187 16187
8712 5867 9122 1919 4929 12835 8268 1597 1919 15597 16058 3241 16187 16187 16187 16187
8712 5867 13978 12364 16187 16187 15347 16187 14237 2148 3177 14180 3177 4312 16187 16187
8712 5867 16150 14974 11953 8794 643 8268 14237 8712 5462 7147 6070 11162 16187 16187
926 8710 9754 1955 3098 1955 11846 16187 16187 16187 16187 16187 16187 16187 16187 16187
926 8710 14411 16187 16187 16187 2148 512 6259 10894 16187 16187 9004 11889 15715 16187
926 8710 9773 12115 4409 16187 6535 1507 6745 2563 3766 3112 4776 10033 16187 12495
14734 8808 91 8710 1872 8069 6259 10894 3177 6259 926 16187 16187 16187 16187 16187
4267 3177 14180 820 6173 4931 4537 6259 3794 926 5711 16187 16187 16187 16187 16187
14734 8808 8710 13532 15840 11401 14596 14180 4776 4927 10967 4776 8230 1865 16187 16187
14237 4776 132 8710 1229 5695 14237 2326 9113 12233 5463 3513 16187 16187 16187 16187
3842 3171 2856 11889 4776 12012 16187 3364 926 1919 4776 2598 16187 16187 16187 16187
14237 4776 132 8710 1229 5695 14237 2326 9113 12233 5463 3513 16187 8268 7740 12449
4776 5200 7178 8710 5894 8268 12233 1436 4776 14589 16187 16187 16187 16187 16187 16187
4776 4267 8084 16187 8569 5095 4931 16187 2148 926 16187 16187 16187 16187 16187 16187
4776 9955 4931 12349 4776 12489 8268 8069 830 926 16187 16187 16187 16187 16187 6535
11914 926 8710 4776 9290 16187 16187 16187 16187 16187 16187 16187 16187 16187 16187 16187
4267 926 4776 15064 9498 5329 6033 2837 4776 926 3177 4776 16187 16187 16187 16187
12273 3811 2135 14734 14596 8719 4776 1462 13811 16187 10917 16187 926 16187 926 16187
7740 1951 9796 12233 3842 926 926 8268 926 8268 926 16187 16187 16187 16187 16187
7740 973 926 12233 14550 3171 1378 16187 13348 16187 13348 16187 16187 16187 16187 16187
7740 533 12127 3384 16187 16187 3384 5463 1957 14734 16146 16187 16187 16187 16187 16187
15401 8268 6826 5820 9332 12894 16187 16187 16187 16187 16187 16187 16187 16187 16187 16187
4267 10033 3177 14180 926 16187 11553 10471 16187 16187 830 4776 308 16187 16187 16187
9563 7835 11416 16187 4776 10033 16187 3177 4776 817 12135 16187 16187 13178 16187 16187
4776 8676 4325 12261 1957 14776 2176 16187 16187 16187 16187 16187 16187 16187 16187 16187
4776 8676 4325 12261 1957 14776 2176 16187 12495 16187 9431 14263 16187 830 16187 16187
4776 8676 14237 6006 14776 2176 14237 4776 10418 8710 6535 10355 16187 6070 8268 14237
3171 8710 4776 14635 3177 2563 5463 7740 12232 1110 12233 8733 16187 16187 16187 16187
3171 8710 7594 16187 2563 16187 9442 14237 4776 4707 4776 10033 16187 13074 16187 16187
3171 8710 14272 14766 14237 7314 8710 830 8268 820 16187 926 16187 16187 926 16187
7740 12232 9754 8152 3171 2563 6259 1138 9290 12098 5711 2563 2837 13592 7156 16187
7740 12232 9754 8154 3171 12233 100 1955 8712 8710 2945 6169 1957 6931 16187 16187
7740 11530 3171 10033 13348 16187 10953 14237 2326 16187 7970 412 16187 16187 16187 16187
12716 8268 14795 2517 8710 6259 10887 5810 16187 16187 16187 16187 16187 16187 16187 16187
12716 8268 14795 2517 8710 6259 10887 5810 16187 16187 16187 3531 929 16187 16187 16187
12716 8268 8712 8710 10770 16187 7740 16138 16187 9577 6070 4687 16187 16187 16187 16187
12008 1889 203 5208 6011 15466 8268 13089 14069 14776 1229 1597 8185 2598 13348 16187
1229 203 9084 4776 2563 771 13592 2598 16187 16187 2598 16187 16187 2598 16187 16187
12008 1955 7740 1959 8712 8268 7740 11839 8268 3098 4152 16187 16187 16187 16187 16187
5627 16187 16187 16187 16187 16187 16187 16187 16187 16187 16187 16187 16187 16187 16187 16187
5627 16187 9850 16187 7742 16187 2097 3177 4776 8662 7949 16187 6535 16187 12495 16187
5627 16187 477 8719 13348 16187 16187 16187 9429 4624 11553 16187 6683 830 6259 2712
926 8710 6259 2176 13501 14237 4776 926 926 14776 8213 9890 16187 16187 16187 16187
3842 11889 12127 63 5328 3177 8712 16187 8268 7740 3364 11553 1505 16187 16187 16187
926 8710 6259 2176 12976 12233 4776 1726 14112 16187 15956 16187 16187 16187 13348 16187
14237 9461 3177 15243 8268 3171 2563 8710 11905 8719 15535 926 16187 16187 16187 16187
3842 1957 14180 1737 16187 16187 9339 12835 16187 6259 926 16187 16187 16187 16187 11889
14237 9461 3177 15243 8268 3171 2563 8710 11905 8719 8712 16187 7970 16187 16187 16187
14513 12233 1436 3171 2563 16105 9070 7001 15525 14237 10603 15525 2148 11953 14745 16187
4267 926 4776 926 3177 2353 16187 14221 16187 16187 13348 16187 16187 16187 16187 16187
2552 8712 13089 8712 5656 14029 2024 10344 4832 926 16187 14139 16187 14919 16187 16187
4776 2563 771 14311 3673 16187 16187 16187 16187 16187 16187 16187 16187 16187 16187 16187
14272 6259 3667 3177 11198 16187 8710 5463 1390 16187 12276 926 16187 926 16187 1952
4776 2563 771 14311 3673 16187 2446 5329 6535 16187 6535 630 12233 16187 926 16187
5329 12233 11393 6259 630 2148 9643 8521 13348 16187 16187 16187 16187 16187 16187 16187
5329 12233 11393 16187 13474 5867 10566 3177 4776 10355 16187 16187 16187 6535 16187 16187
5329 12233 11393 6259 630 2148 9643 8521 13348 16187 4626 3177 6259 10033 16187 16187
4776 10033 5388 926 5867 926 1019 16187 16187 16187 16187 16187 16187 16187 16187 16187
3842 8719 12127 4927 12495 16187 16187 6683 1957 16187 16187 16187 16187 7970 16187 16187
4776 10033 5388 926 5867 926 1019 16187 2148 2984 10355 13348 16187 13129 16187 16187
7740 1110 15788 12008 8268 14734 11434 8710 3748 16187 16187 16187 16187 16187 16187 16187
7740 2383 13474 14237 1110 14776 16187 8719 4776 926 16187 16187 16187 16187 16187 16187
7740 1110 3367 6972 16187 3098 16187 16187 16187 16187 14237 6381 8719 6259 2067 14237
3171 8710 1543 4325 7185 4776 926 6161 8268 6259 10270 926 3177 13792 820 16187
3842 16187 16187 1737 8268 14180 8268 12349 4776 983 16187 16187 16187 16187 16187 16187
3171 8710 2689 16187 10033 8268 14237 6826 3177 8712 5867 926 16187 16187 16187 16187
4624 4552 9754 15956 8268 14237 8712 3847 9754 630 8438 16187 16187 16187 16187 16187
7740 4552 9754 5638 4312 16187 16187 9429 8268 6011 11553 2842 8712 16187 16187 16187
7740 11530 4312 13348 13348 13348 16187 13879 14043 5328 16187 6173 16187 5947 8521 16187
7740 9429 9431 983 8719 926 3171 14635 3177 9203 11553 12766 10471 16187 16187 16187
7740 9429 5463 8712 9084 9296 4537 6259 9450 16187 16187 8268 7740 8313 16187 16187
7740 9429 7740 1959 3171 2563 1957 6259 3257 11656 16187 6683 1229 16187 5820 16187
5359 16187 16187 16187 16187 16187 16187 16187 16187 16187 16187 16187 16187 16187 16187 16187
5359 16187 816 16187 9859 9002 14237 8712 5867 2148 16187 512 4537 16187 16187 16187
5359 16187 816 16187 16187 7314 11779 830 3171 14180 4776 4856 16187 16187 11889 8712
4776 926 8710 1344 1590 14237 2446 12857 6826 1175 9935 6575 8043 16187 16187 16187
3842 8719 12127 4927 12495 16187 15956 16187 7740 11553 12233 5243 2148 16187 16187 16187
4776 10033 8710 10716 2176 1955 7742 16187 14237 4776 1419 16187 15819 284 16187 15392
4776 2296 926 11615 926 779 9450 12233 4189 1919 91 16187 16187 16187 16187 16187
3842 1957 14180 1737 16187 16187 9339 12835 16187 6259 926 16187 16187 16187 16187 14043
4776 3078 8710 16187 11953 14734 8808 950 91 16187 16187 926 16187 14734 12835 16187
926 4931 6259 9684 12576 16187 16187 16187 16187 16187 16187 16187 16187 16187 16187 16187
926 4931 6259 9684 12576 16187 16187 14734 8719 4776 1787 16187 16187 16187 926 16187
926 4931 6259 926 5365 817 3632 943 16187 14180 4776 926 16187 8719 4776 10033
7740 3644 9754 14581 830 5713 12835 8268 4325 11031 40 14237 10217 2614 16187 16187
7740 3644 9754 8069 5522 12233 10628 203 630 3171 2563 2292 16187 8712 16187 16187
7740 11530 8890 926 6635 8712 16187 6635 10684 16187 16187 4687 5095 16187 3748 4776
4776 5628 14237 926 4440 9498 7661 10336 14237 10770 16187 16187 16187 16187 16187 16187
10242 9498 926 1955 630 1955 4776 10501 3177 4776 16187 16187 16187 16187 16187 16187
4776 5628 14237 926 4440 9498 7661 10336 14237 10770 16187 16187 16187 16187 16187 16187
13464 8268 3171 12260 11553 12766 14272 6197 1885 5217 16187 16187 16187 16187 16187 16187
2383 14272 2598 16187 16187 6390 2598 16187 926 16187 2598 16187 2598 16187 16187 816
2446 14180 4776 13839 14237 4776 132 8710 5695 16187 7742 16187 16187 16187 16187 830
14776 4776 926 15272 1750 926 926 830 15597 926 3177 5713 926 7981 16187 16187
4267 926 4776 926 3177 2353 16187 14221 16187 16187 926 13348 16187 16187 16187 16187
14734 10033 3644 1919 926 3177 4776 926 14237 8710 6259 926 926 16187 16187 16187
14237 4311 8712 7164 2326 13076 9070 16187 16187 16187 16187 16187 16187 16187 16187 16187
14237 4311 8712 7164 2326 4931 7336 926 16187 9591 1919 3171 2563 16187 2326 16187
14237 15857 2598 9070 2598 16187 4776 9431 1378 16187 2053 926 16187 16187 16187 16187
4776 297 4931 1378 3177 4776 4267 2024 9577 16017 7740 9884 8084 8466 16187 16187
4267 3177 14180 820 6173 4776 9790 4927 926 5711 16187 16187 2353 16187 16187 16187
4776 94 3513 8710 7742 13936 16187 14237 1919 12127 16146 8710 16187 5217 16187 8455
7742 8268 8712 5867 15978 14069 2326 8710 9754 630 6672 6173 16187 16187 16187 16187
8796 8712 5867 9449 12008 8712 5867 10518 12233 2823 16187 16187 8719 4776 2563 16187
7742 8268 8712 5867 91 16187 926 16187 10983 3177 14766 16187 16187 16187 14237 7742
6696 2591 926 12233 2552 14734 2223 9207 14237 926 2858 4776 926 4701 8061 16187
4267 926 4776 926 3177 2353 16187 14221 16187 13348 16187 16187 16187 16187 16187 16187
12273 13769 3847 14734 564 12233 8197 643 12233 3774 16187 15658 16187 8146 16187 16187
14237 4776 559 8710 6152 16187 16187 16187 16187 16187 16187 16187 16187 16187 16187 16187
3842 1957 14180 1737 16187 16187 9339 12835 16187 6259 926 16187 16187 16187 16187 16187
14237 4931 1344 15096 1955 4776 2002 7508 16187 4931 10471 16187 16187 16187 16187 11889
14272 5809 3667 3177 6259 10355 4152 2894 13348 16187 16187 16187 16187 16187 16187 16187
14272 2563 9498 4325 15715 2598 16187 14237 926 2598 16187 16187 16187 16187 16187 16187
14272 7740 2326 6635 11953 4776 9431 2563 4931 4776 926 3177 4776 3384 16187 16187
4776 9431 4931 8361 15743 8268 7254 14237 12561 12606 16187 16187 16187 16187 16187 16187
4776 2563 4931 9754 8569 8268 9612 6545 8710 6259 10894 16187 16187 16187 10983 16187
4776 2563 4931 3335 13348 16187 11530 8712 13348 16187 12019 3177 13021 1955 5713 12835
1430 926 8710 1378 1450 16187 16187 16187 16187 16187 16187 16187 16187 16187 16187 16187
4267 926 4776 15064 3177 4776 8808 16187 5041 3177 4776 8795 16187 16187 16187 16187
1430 926 8710 1378 1450 16187 16187 49 14069 5867 2148 926 16187 16187 16187 16187
1866 16187 16187 16187 16187 16187 16187 16187 16187 16187 16187 16187 16187 16187 16187 16187
1390 16187 15525 3177 9484 16187 13216 16187 2148 8719 5463 16187 16187 12467 1955 4776
1866 16187 13084 926 13348 16187 3803 16187 11889 1597 16187 16187 16187 16187 16187 16187
13084 1378 926 14237 14069 14776 13084 8440 926 14029 16187 16187 16187 16187 16187 16187
13084 1378 926 14237 14069 14776 13084 8440 926 14029 16187 16187 16187 16187 16187 16187
4776 13441 13182 8710 8213 16187 6695 14254 16187 15335 12291 16187 16187 8719 4776 10033
2383 14272 2598 16187 16187 16187 16187 16187 16187 16187 16187 16187 16187 16187 16187 16187
2383 14272 2598 16187 16187 2598 16187 16187 2598 16187 16187 11711 5937 6259 2563 16187
1175 4924 4440 16187 6070 8268 14237 10716 8710 4776 926 16187 16187 13348 16187 13348
8712 5867 15667 12233 1436 5463 1954 772 84 11889 13932 8948 12515 12349 16187 16187
8712 5867 10534 10719 8268 14237 8093 13542 16187 12233 10503 8719 12276 16187 643 8719
8712 5867 2296 1781 8798 15949 12233 6683 1957 16187 16187 16187 6071 16187 16187 2689
8017 3117 8268 3030 3171 1919 6259 13094 8710 4537 6259 13084 13084 16187 16187 16187
3842 11889 12127 63 5328 3177 8712 16187 8268 1138 6011 15846 2823 6259 6535 9450
13089 4776 13819 12208 8268 6011 3543 12495 16187 10709 16187 16187 16187 16187 16187 16187
4624 9605 8712 14237 4552 9754 7448 12233 2552 14237 13637 14180 3177 8712 16187 16187
4267 926 4776 926 3177 2353 16187 14221 16187 16187 13348 16187 13348 16187 3192 16003
4624 15956 1955 630 1955 13474 14352 16187 16187 16187 16187 16187 16187 6535 16187 16187
12008 9431 3177 14180 2599 5867 2552 4776 10355 703 13341 16187 16187 16187 16187 16187
1229 1597 703 8309 223 1919 5463 2223 14237 4776 926 16187 16187 16187 9332 16187
12008 9431 3177 14180 8712 4931 926 1957 4776 926 5867 16187 8710 16187 11953 16187
13474 5867 5046 6259 2803 830 926 9465 1019 8069 13089 869 926 2903 6173 16187
13474 5867 2148 13076 512 892 16187 9290 5208 4776 11401 16187 16187 16187 16187 643
13474 5867 10917 1957 2165 1885 926 772 10397 8719 4269 16187 16187 6683 16187 16187
8712 779 6259 6231 1435 14237 899 8521 16187 16187 16187 16187 16187 16187 16187 16187
8712 779 13084 4152 16187 1348 14237 8712 5867 6259 5820 16187 16187 16187 16187 16187
8712 779 6259 5948 3177 2067 8268 12008 232 13701 16187 9442 16187 16187 16187 16187
14069 14776 13084 2746 8719 3171 2563 16187 16187 16187 16187 16187 16187 16187 16187 16187
14069 14776 8270 8185 15525 14069 16187 12515 12276 16058 816 16187 16187 16187 16187 16187
14069 14776 12583 3177 3132 14029 4776 2894 13348 16187 13348 16187 9431 6635 3177 1245
14231 16187 16187 16187 16187 16187 16187 16187 16187 16187 16187 16187 16187 16187 16187 16187
13084 8268 8712 3364 9754 11553 12766 6188 1955 1378 3177 8712 16187 16187 5332 15096
8712 15846 8733 6011 2033 8712 15846 8733 6011 2526 16187 12276 8835 16187 4431 16187
5090 1603 6259 6875 7004 8710 12328 11779 830 9831 16187 16187 16187 16187 16187 16187
4267 10033 3177 14180 926 16187 11553 16105 16187 308 16187 1133 16187 926 16187 16187
6363 16187 14180 4776 9577 8710 6535 630 6259 14397 512 9961 16187 14350 16187 16187
3171 9707 2053 12518 3994 8710 14180 6259 10894 3177 12311 16187 16187 16187 16187 16187
4267 3177 14180 820 6173 4776 9790 4927 926 5711 16187 16187 2353 16187 16187 16187
3171 8710 1378 3177 12276 14180 983 926 16187 10033 771 16187 6297 2148 926 16187
8496 8710 3631 12233 926 5836 4776 12778 8719 4776 13501 16187 16187 16187 16187 16187
3842 1919 12127 926 3177 5937 1750 16187 12349 3735 926 16187 1787 16187 16187 16187
13474 8710 6259 10079 14237 6259 3827 1919 10024 2367 800 1331 16187 16187 16187 16187
5568 1903 10614 12232 9429 4325 968 9605 3765 983 830 12507 512 830 11814 16187
3842 16187 16187 1737 8268 12349 4776 6499 16187 16187 9450 16187 16187 16187 9887 16187
14237 10644 8710 13306 5867 8081 11798 15658 4537 13384 7708 16187 4994 16187 10033 16187
