8712 13081 4537 3257 12818 2176 926 926 8268 5288 16187 16187 16187 16187 16187 16187
3842 8712 16187 63 983 16187 9605 8712 14180 4776 12349 15389 12349 4776 6745 926
8712 14807 8268 14237 926 1229 16187 1885 2903 1919 1885 16187 16187 16187 926 16187
5274 7740 12650 6259 4964 2563 8268 12276 12362 14776 6070 3192 16187 16187 16187 16187
9036 3171 2563 16187 12349 4776 12489 8268 12008 8712 4931 12349 16187 16187 16187 16187
7740 11530 12958 11953 3171 2563 8710 4776 14635 3177 2122 16187 16187 16187 16187 16187
12716 8268 8719 16146 13055 8268 926 8710 4537 6259 2520 16187 16187 16187 16187 16187
12716 8268 8719 4776 12298 8268 10467 4009 1885 5602 16187 926 16187 16187 16187 12349
12716 8268 8719 16146 13055 8268 926 8710 4537 6259 2520 16187 16187 926 16187 8719
6594 16187 16187 16187 16187 16187 16187 16187 16187 16187 16187 16187 16187 16187 16187 16187
6594 16187 4537 6594 16187 14635 3177 16187 10033 11889 3171 1378 16187 1110 14043 16187
6594 13348 16187 926 16187 1378 7740 1951 16187 16187 16187 16187 16187 16187 16187 13348
7377 3177 9850 16187 16187 16187 16187 16187 16187 16187 16187 16187 16187 16187 16187 16187
9036 3171 2563 16187 15978 3177 2263 6259 6070 10709 16187 16187 630 2148 16187 12349
6070 447 16187 12008 7740 11553 6259 926 3177 926 16187 16187 16187 16187 16187 16187
4832 8710 9754 6259 8569 2563 12008 12117 14237 12019 8710 4537 8270 16187 16187 16187
3842 1957 14180 1737 16187 12467 16187 8268 1955 6259 2563 1957 8712 16187 16187 926
7740 11530 12958 11953 3171 2563 16187 6535 630 9890 16187 1110 16187 16187 16187 16187
5713 14776 7661 10915 7594 8185 1919 13084 11839 6381 2858 4312 12114 16187 16187 16187
5713 14776 9339 12835 8268 7740 14470 11870 16187 4776 926 16187 16187 16187 2563 16187
5713 14776 14180 1133 5463 2842 8866 547 16187 4404 10709 16187 14734 10033 16187 16187
7740 2383 8712 11118 12233 11553 6259 8264 12133 1919 4776 9290 8268 12495 16187 16187
7740 11553 13084 10400 203 4776 12459 12233 5993 14272 7740 4537 1442 16187 2563 16187
7740 11553 6826 14966 16187 2552 203 1378 926 8712 16187 5836 10967 4776 2563 16187
342 12892 5463 8808 643 8268 1954 3744 16187 16187 16187 16187 16187 16187 16187 16187
3842 1957 14180 1737 16187 12467 16187 8268 1955 6259 2563 1957 8712 16187 16187 10355
3098 476 1919 1684 14237 5086 14237 12583 3177 10355 3766 16187 14237 3356 16187 6713
4776 926 3177 8710 4776 12850 926 2563 8084 16187 16187 16187 16187 16187 16187 16187
3842 3171 2856 11889 4776 12012 16187 3364 926 12233 3764 4776 13348 16187 16187 5711
4776 926 8710 10024 916 926 5375 16187 7278 14029 2024 16187 16187 1919 2176 16187
5463 5867 1750 3777 9706 203 6013 8712 14823 1919 9450 5638 12233 4776 2946 16187
3842 1957 14180 1737 16187 12467 16187 8268 1955 6259 2563 1957 6173 16187 16187 16187
5463 5867 4776 7610 12233 4776 10033 16187 926 16187 6102 10967 926 16187 926 16187
7926 3847 7742 1955 4776 4941 926 8790 12233 12729 926 16187 16187 16187 16187 16187
3842 8712 16187 63 983 16187 9605 8712 14180 4776 12349 10036 4240 6259 2563 16187
7926 3847 7742 1955 4776 4941 926 8790 12233 12729 926 16187 8835 16187 926 16187
9296 5329 16187 16187 16187 16187 16187 16187 16187 16187 16187 16187 16187 16187 16187 16187
9296 5329 16187 15715 8712 16187 14043 8069 8719 4776 2563 16187 16187 16187 6535 16187
12008 5275 13348 16187 3776 16187 4687 14029 4776 9465 16187 4776 926 16187 16187 16187
9764 6826 3177 4776 4422 14776 926 16187 16187 16187 16187 16187 16187 16187 16187 16187
3842 1957 14180 1737 16187 12467 16187 8268 926 12892 4776 2563 16187 4776 926 16187
13474 6837 1954 16139 9534 16187 1229 8268 8719 4776 10418 16187 14596 16187 12495 16187
8719 9131 8081 7026 14457 13348 16187 16187 16187 16187 16187 16187 16187 16187 16187 16187
3842 1957 14180 1737 16187 16187 14397 2148 10719 16187 16187 6259 9640 16187 16187 9640
8719 9131 8081 7026 14457 13348 16187 3137 2150 16187 6011 16187 1381 16187 16187 16187
7740 1951 6259 7740 926 3171 2563 16187 16187 16187 16187 16187 16187 16187 16187 16187
7740 1951 6259 7807 9999 16187 1229 1229 1229 1229 16187 16187 14776 16187 6011 2552
7740 1951 6259 7740 926 3171 2563 16187 926 16187 16187 16187 16187 16187 7970 16187
14069 14776 6826 2689 3241 4776 926 4924 8268 830 176 12008 14691 12495 12820 16187
3842 1957 14180 1737 16187 12467 16187 8268 1955 9487 8719 326 512 926 16187 16187
14069 14776 6826 3356 14465 1919 4776 3168 14237 926 16187 926 16187 15525 16187 16187
6011 15846 12782 703 5463 6011 2329 8258 16187 16187 16187 16187 16187 16187 16187 16187
6011 15846 11728 15525 8376 16187 12349 4776 2563 16187 16187 16187 6535 10719 16187 2563
6011 15846 11728 16187 5948 8270 16187 512 8457 16187 14180 16187 817 16187 16187 16187
7740 10603 5463 12233 2823 1954 16150 5453 3235 12233 4776 10033 16187 16187 16187 16187
9036 3171 2563 16187 12495 12495 15096 16187 12349 8781 16187 16187 926 16187 16187 926
7740 4531 8712 16187 2148 10967 4776 10033 12233 12003 8712 16187 12127 4927 16187 9004
7926 15881 8506 830 5463 16187 16187 16187 16187 16187 16187 16187 16187 16187 16187 16187
7926 15881 8506 830 5463 16187 16105 16187 11789 2191 16187 6070 16187 16187 16187 16187
7926 15881 8506 830 5463 16187 16105 9070 16187 4776 10033 16187 7970 16187 16187 16187
12276 926 8710 8656 16187 16187 16187 16187 16187 16187 16187 16187 16187 16187 16187 16187
6259 6862 8913 10967 1483 16187 2588 16187 2563 13348 16187 12349 9484 16187 9431 2563
6259 5820 926 16187 2563 8719 3171 8869 16187 11553 4776 926 16187 16187 16187 16187
14031 8268 14237 7661 13422 2903 14237 10299 3418 16187 16187 16187 16187 16187 16187 16187
14031 8268 9139 13348 16187 926 7740 9605 16187 830 4776 9431 983 16187 16187 16187
7740 4537 3644 9754 9137 12233 7001 2552 8712 10036 16187 16187 10671 2552 16187 16187
2263 11953 16041 4776 3984 12233 5174 5937 8835 16187 16187 16187 16187 16187 16187 16187
3842 1957 14180 1737 16187 12467 16187 8268 1955 6259 2563 1957 6173 16187 16187 16187
2263 4949 216 16187 16187 15988 6390 4302 12233 4776 10728 16187 16187 16187 16187 16187
6259 12260 2552 16187 16187 16187 16187 16187 16187 16187 16187 16187 16187 16187 16187 16187
6259 12260 2552 16187 830 9455 15658 779 6259 13839 16187 13839 16187 13839 16187 3748
6259 12260 2552 16187 830 9455 15658 779 4776 582 16187 16187 14180 16187 2689 16187
13943 3171 13216 8719 6259 8455 13811 8719 4776 157 5867 16187 16187 16187 16187 16187
3842 1957 14180 1737 16187 12467 16187 9487 9938 8268 983 13348 16187 16187 2461 512
8719 10420 14237 8710 5463 926 16187 926 16187 6297 926 16187 16187 16187 16187 16187
4969 11900 564 1955 6259 9514 16187 16187 16187 16187 16187 16187 16187 16187 16187 16187
3842 1957 14180 1737 16187 12467 16187 9487 9938 8268 983 198 8719 16187 15096 16187
1175 574 16187 6259 10887 14029 7740 10503 6011 11553 12233 10503 5463 16187 16187 16187
10355 15781 13348 16187 16187 16187 16187 16187 16187 16187 16187 16187 16187 16187 16187 16187
13084 6465 16187 12478 1919 4776 1419 1750 1378 3177 4776 10033 16187 16187 926 16187
10355 15781 13348 16187 1430 16187 16105 16187 5009 16187 16187 9290 16187 2588 16187 14237
14411 16187 16187 16187 16187 16187 16187 16187 16187 16187 16187 16187 16187 16187 16187 16187
14411 16187 14272 9498 4325 6683 16187 2598 16187 16187 2598 16187 16187 14734 16187 16187
14411 16187 14272 9498 4325 6683 830 6259 926 8268 8710 1954 13926 16187 16187 16187
8712 8710 10710 7314 14237 8712 8710 15310 926 7314 16187 16187 16187 16187 16187 16187
8712 8710 10518 12233 2823 1954 16150 9625 2563 16187 6259 926 16187 16187 16187 14125
8712 8710 10710 7314 14237 8712 8710 15310 926 7314 16187 16187 16187 6683 16187 817
14272 6259 3098 926 9241 12233 2172 10967 13348 16187 16187 16187 16187 16187 16187 16187
3842 3171 2856 11889 4776 12012 16187 7981 8268 7926 5297 926 1919 4776 926 16187
4776 2221 4931 3098 16187 16187 8268 7740 11553 15819 926 16187 132 16187 16187 16187
3461 16187 16187 16187 16187 16187 16187 16187 16187 16187 16187 16187 16187 16187 16187 16187
3842 1957 14180 1737 16187 16187 9339 8710 6259 926 16187 16187 2296 16187 13436 16187
7661 14237 10574 926 9498 926 14237 4325 4552 4776 926 16187 16187 16187 926 16187
14237 91 7926 15881 12233 10567 12669 8268 10315 7661 9059 875 6070 540 16187 16187
3842 1957 14180 1737 16187 12467 16187 8268 1955 6259 2563 16187 7970 16187 11889 16187
14237 7926 7365 16187 13348 16187 12008 2837 8712 16187 13089 7740 11839 16187 9316 8712
7740 1442 4776 10033 1957 4776 7151 14112 5186 8719 8648 1310 8268 3644 14029 16187
9036 3171 10033 8268 15978 983 8710 12495 7613 12233 11870 16187 14237 14029 16187 16187
7740 1442 4776 10033 1957 4776 7151 14112 5186 8719 8648 1310 8268 3644 14029 16187
5332 7926 8710 1125 830 14634 13529 14237 14734 582 16187 16187 16187 16187 16187 16187
3842 1957 14180 1737 16187 12467 16187 8268 1955 6259 2563 1957 8712 16187 16187 16187
5329 1955 630 2122 12008 6259 2148 9332 14596 16187 7740 9429 7740 15956 16187 16187
4776 10217 14761 13559 14776 384 9780 16187 16187 16187 16187 16187 16187 16187 16187 16187
4776 10217 14776 10939 8719 4776 2563 16187 2053 926 1919 4776 926 16187 16187 926
4776 10217 14776 10939 8719 1110 16187 8185 8719 8185 11889 3171 16187 16187 8719 6259
14272 6672 2598 16187 16187 16187 16187 16187 16187 16187 16187 16187 16187 16187 16187 16187
14272 6672 2598 16187 8719 926 2598 16187 16187 2598 16187 16187 14734 7188 16187 16187
14272 15846 7926 10603 8719 4776 926 2598 16187 16187 14734 10418 16187 16187 16187 16187
8712 8710 3730 14937 16187 16187 16187 16187 16187 16187 16187 16187 16187 16187 16187 16187
3842 1957 14180 1737 16187 16187 9339 8710 6259 926 8719 6259 643 16187 7970 16187
8712 8710 3730 14937 16187 2148 512 7740 771 6259 10501 3177 4776 10033 16187 16187
7740 4931 6070 15090 2837 3171 12007 16187 16187 16187 16187 16187 16187 16187 16187 16187
9036 3171 2563 16187 15978 3177 2263 6259 2601 5777 3766 16187 16187 9442 8268 4776
7740 4931 6070 15090 2837 3171 12007 16187 2326 4931 4776 10566 9332 9431 16187 16187
10761 16187 16187 16187 16187 16187 16187 16187 16187 16187 16187 16187 16187 16187 16187 16187
10217 2598 16187 13720 6140 14237 2053 14734 16146 7981 16187 926 16187 926 16187 926
1378 8710 6685 16187 13348 16187 15658 9084 16187 816 13348 16187 16187 16187 13348 16187
4172 926 8710 12256 1955 6905 14745 5303 8719 9780 15814 16187 16187 16187 16187 16187
3842 1919 12127 926 3177 5937 1750 16187 12349 4311 7740 16187 13348 16187 3192 16187
926 5816 10918 1919 6259 2765 3177 7668 2128 2837 971 926 16187 16187 16187 16187
4791 830 3171 7937 3177 2856 16187 16187 16187 16187 16187 16187 16187 16187 16187 16187
3842 1919 12127 926 3177 5937 1750 16187 12349 4311 8268 4311 16187 926 16187 16187
4791 16187 2067 8268 4776 4302 926 16187 2903 16187 2997 16187 16187 2563 16187 10272
13474 5362 6712 12233 12727 14734 1378 14029 1378 8043 16187 16187 16187 16187 16187 16187
13474 5867 5967 12233 1453 2903 4776 11041 926 14237 4776 2077 14776 9808 16187 16187
13474 5362 6712 12233 12727 14734 1378 14029 1378 8043 16187 16058 14237 1885 926 16187
13089 15520 9288 926 926 9052 4325 3818 5265 16187 16187 16187 16187 16187 16187 16187
4325 11031 11499 7761 16187 443 16187 15202 16187 8710 14734 10033 16187 16187 16187 16187
4624 2552 14734 7764 8268 14734 11700 8268 14734 5505 8268 14734 3848 16187 16187 14734
13053 11367 6894 13348 16187 16187 16187 16187 16187 16187 16187 16187 16187 16187 16187 16187
9036 3171 10033 8268 15978 983 8710 12495 7613 12233 9264 16187 16187 16187 2563 16187
7740 926 3171 1919 3192 12362 8268 7740 1110 926 926 16187 4707 12349 4776 954
4325 7661 926 12495 10344 4776 90 3177 15597 1486 14237 2327 12233 8733 926 16187
4325 7661 926 12495 10344 4776 90 3177 15597 1486 14237 2327 12233 8733 926 16187
4325 7661 6133 13348 16187 8268 12495 16187 16187 1957 14734 2974 16187 16187 16187 16187
7740 4931 9754 5807 3177 15715 6259 2444 10586 3177 6259 7963 1398 14251 16187 16187
7740 4931 6391 6259 5948 2148 16187 512 7740 4537 6683 1957 6259 6070 15096 983
7740 4931 2758 2837 926 8268 15978 7740 6297 6635 8712 16187 3210 16187 10036 16187
4776 10418 8710 232 14237 4493 8268 8726 3559 16187 16187 16187 16187 16187 16187 16187
3842 1957 14180 1737 16187 16187 12467 8268 14237 13549 6259 2563 16187 10957 16187 4832
4776 10418 8710 232 14237 4493 8268 8726 3559 16187 4552 16187 16187 983 16187 2552
1378 3543 9754 2823 6381 3748 2837 4776 14982 13258 3177 3171 10033 16187 16187 16187
3842 1957 14180 1737 16187 12467 16187 8268 1955 6259 2563 1957 8712 16187 16187 926
1378 9290 1378 5738 1378 1787 13348 16187 12102 13348 16187 9316 3171 2563 16187 10887
7740 9884 8584 5463 926 8710 4776 564 926 7926 2326 6253 1957 8712 16187 16187
7740 11553 13084 926 3994 5189 16187 5297 1919 926 16187 16187 16187 16187 16187 16187
7740 11553 2696 926 5867 926 14237 2446 926 16187 16187 16187 16187 16187 16187 16187
6826 3177 15597 4440 5022 14776 5580 12256 16187 16187 16187 16187 16187 16187 16187 16187
3842 1957 14180 1737 16187 12467 16187 8268 1955 6259 2563 16187 7970 16187 477 8719
6826 3177 4312 1919 926 8268 6826 3177 4312 1919 14536 926 15217 16187 926 16187
10324 14050 8268 8429 5208 2823 926 16187 16187 16187 16187 16187 16187 16187 16187 16187
3842 1957 14180 1737 16187 12467 16187 8268 1955 9487 8719 326 512 926 16187 16187
7740 4537 12431 3171 2563 6259 9178 926 13348 16187 2486 11704 16187 7926 5867 926
6173 4032 13453 16187 16187 16187 16187 16187 16187 16187 16187 16187 16187 16187 16187 16187
9036 3171 2563 16187 15978 1957 8506 1919 926 16187 926 16187 16187 16187 16187 16187
6173 4032 13453 16187 2326 926 16187 16187 8719 4776 2563 16187 643 16187 16187 3745
5332 4776 14596 16187 16187 16187 16187 16187 16187 16187 16187 16187 16187 16187 16187 16187
3842 1957 14180 1737 16187 12467 16187 8268 1955 6259 2563 16187 7970 16187 12767 16187
1229 4776 9956 3177 4949 6071 8710 5463 8710 4776 926 16187 16187 13474 10471 16187
4776 14599 14237 14596 5046 4552 11553 15597 3766 8268 12008 4325 14776 2446 14982 16187
3842 1957 14180 1737 16187 12467 16187 8268 1955 6259 2563 16187 7970 16187 12349 16187
4776 12835 14776 7742 926 14237 4512 4618 16187 4537 16187 4687 16187 9890 16187 14043
7063 926 8268 1955 926 5867 2403 11698 8268 8710 2446 6070 10355 16187 16187 16187
3842 1957 14180 1737 16187 12467 16187 8268 1955 9487 8719 326 5137 16187 10315 6259
926 8268 1378 3177 12276 926 8268 4931 2296 6259 926 8268 7740 9429 16187 385
14272 8710 4776 159 2903 2598 16187 16187 16187 16187 16187 16187 16187 16187 16187 16187
14272 8710 4776 159 2903 2598 16187 16187 11711 14029 6259 1583 2598 16187 16187 16187
14272 8710 4776 159 2903 2598 16187 16187 11711 14029 6259 11839 6813 2598 16187 16187
14217 8268 926 14237 926 12225 8719 4776 509 15452 11889 6259 7937 3177 13667 16187
3842 1957 14180 1737 16187 12467 16187 9487 9938 8268 983 198 8719 16187 15096 16187
926 5867 9534 4931 12349 4776 12489 14237 926 2466 12008 14030 7542 16187 10418 16187
13474 3847 9754 13988 9455 14237 13474 5867 5568 4998 8719 1885 10666 16187 16187 16187
3842 8712 11889 4776 12012 13348 16187 5447 4776 2563 16187 6635 4776 2563 16187 16187
13474 3873 16187 12233 14734 12233 14734 15781 4931 926 926 14237 926 2326 4776 926
8712 2446 9084 9754 4552 5463 7742 2413 16187 16187 16187 16187 16187 16187 16187 16187
8712 2446 9084 9754 4552 5463 7742 2413 16187 926 16187 16187 16187 9290 16187 8719
8712 2446 5388 5463 1955 8712 1955 4776 10033 8710 926 16187 1955 12 8710 16187
7740 16138 12003 4776 926 8268 14237 5463 5867 6259 16068 12276 5459 16187 16187 16187
7740 16138 8093 12650 3171 10036 13348 16187 926 16187 151 16187 7723 16187 16187 16187
7740 16138 12003 4776 926 8268 14237 5463 5867 6259 16068 12276 5459 16187 5867 16187
8069 4421 926 5137 11789 1955 630 1955 12 926 16187 16187 16187 16187 16187 16187
3842 1957 14180 1737 16187 12467 16187 8268 1955 6259 2563 16187 7970 16187 12349 16187
7740 2446 11530 4776 2053 926 3994 3177 926 16187 16187 16187 16187 15090 16187 16187
8796 8712 8710 14180 7687 8268 14180 1146 16187 16187 16187 16187 16187 16187 16187 16187
14069 8710 14691 5545 6390 8719 4776 10033 1957 14180 16187 16187 15096 16187 16187 16187
8796 8712 8710 14180 7687 8268 14180 1146 16187 16187 16187 8719 4776 2285 643 16187
13084 8268 926 926 2858 15597 1787 14237 9546 4776 12337 5524 16187 16187 16187 16187
3842 3171 2856 11889 4776 12012 16187 7981 16187 14221 16187 16187 12233 16187 16187 16187
926 4776 14596 3177 926 14237 4776 926 15846 8733 1378 1378 6070 1126 3384 16187
12576 6070 1320 5278 4776 4440 9498 13107 14237 2684 9575 16187 16187 16187 16187 16187
3842 1957 14180 1737 16187 12467 16187 8268 1955 6259 2563 1957 8712 16187 16187 16187
8719 5463 4927 1885 926 1110 1885 5562 16187 10324 926 16187 16187 16187 16187 16187
12008 14734 9534 91 8710 10710 6767 16187 16187 16187 16187 16187 16187 16187 16187 16187
3842 1957 14180 1737 16187 12467 16187 8268 1955 6259 2563 1957 8712 16187 16187 16187
12008 14734 9534 91 8710 10710 6767 16187 2563 16187 10272 12233 9605 6259 926 16187
4311 13474 8309 4223 16187 16187 16187 16187 16187 16187 16187 16187 16187 16187 16187 16187
4311 13474 8309 4223 16187 8710 8719 6259 6070 9290 6070 10355 16187 16187 16187 9576
13474 929 8451 6826 7708 582 8719 4776 14783 14237 12767 14163 4776 9330 16187 16187
4776 12298 3177 3171 2563 8781 9070 2261 8268 12008 5329 3127 2903 926 9890 16187
4776 12298 3177 3171 2563 8781 9070 2261 8268 12008 5329 3127 2903 926 9890 16187
4776 12298 3177 4776 2563 7165 1954 5945 12233 9632 16187 16187 16187 2563 14241 16187
8712 8710 5463 10355 16187 16187 16187 16187 16187 16187 16187 16187 16187 16187 16187 16187
8712 8710 14691 3765 512 15691 13021 16187 16187 16187 12349 16187 12127 9887 1955 926
8712 8710 3171 7949 5463 2326 13549 4776 10033 14512 16187 630 2148 12690 512 4776
5463 3543 8158 6011 15389 13348 16187 16187 16187 16187 16187 16187 16187 16187 16187 16187
5463 3543 8158 6011 15389 13348 16187 973 2689 14043 9743 15658 4776 9431 16187 16187
5463 3543 8093 5367 8268 12008 8712 11921 1957 14589 8656 12291 16187 12349 1378 16187
12008 5329 768 7485 8268 4399 8268 4687 13701 9890 16187 16187 16187 16187 16187 16187
12008 5329 1789 16187 16187 12208 6011 926 9070 16187 926 13348 16187 13348 16187 13348
12008 5329 768 7485 8268 4399 8268 4687 13701 9890 16187 926 16187 16187 16187 16187
1247 926 8710 12256 16187 16187 16187 16187 16187 16187 16187 16187 16187 16187 16187 16187
3842 1919 12127 926 3177 5937 1750 16187 12349 4311 7740 16187 13348 16187 3192 16187
4776 13839 8710 3098 8268 4776 10418 8710 8213 16187 16187 6535 16187 830 4776 157
830 176 8268 4776 926 926 13173 14776 5329 4776 4473 926 16187 16187 16187 16187
3842 1957 14180 1737 16187 12467 16187 8268 1955 6259 2563 1957 8712 16187 16187 16187
1955 830 926 8268 6259 3011 14217 11215 926 1019 926 4549 6173 11461 1885 16187
12273 13023 15870 771 15389 6672 8719 8456 13089 7926 11839 11953 3171 419 16187 16187
7740 12431 926 2665 4776 5095 16187 2588 1378 926 16187 7251 16187 16187 1378 1378
7740 12431 926 2665 4776 5095 16187 4776 9605 9070 9605 14745 16187 8270 16187 16187
4776 12745 926 10036 14237 14284 16187 16187 16187 16187 16187 16187 16187 16187 16187 16187
3842 1919 12127 926 3177 5937 1750 16187 12349 4311 7740 16187 13089 8712 4931 16187
4776 12745 926 10036 14237 14284 16187 926 4776 14596 926 4776 14596 16187 926 16187
14272 2326 10889 14776 4776 7489 3177 5463 10936 16187 16187 16187 16187 16187 16187 16187
14272 6259 7708 9450 2563 16187 16187 16187 16187 16187 16187 16187 16187 16187 16187 16187
14272 2326 10889 14776 4776 7489 3177 5463 10936 16187 8710 16187 16187 16187 16187 16187
5463 5867 4537 14272 8712 15452 11889 12495 16187 16187 16187 16187 16187 16187 16187 16187
5463 5867 1543 3171 2563 4111 16187 8719 4776 2563 16187 16187 16187 16187 1957 4776
5463 5867 8712 16187 1110 8268 6011 11553 6259 926 16187 16187 16187 16187 16187 16187
4537 15978 13852 11839 8712 4931 6259 10355 10400 16187 16187 16187 16187 16187 16187 16187
3842 1957 14180 1737 16187 12467 16187 8268 1955 6259 2563 16187 7970 16187 477 8719
1955 830 926 8268 6259 3011 100 14776 926 16187 16187 926 16187 16187 16187 16187
14069 8710 13084 5820 926 15990 16187 16187 16187 16187 16187 16187 16187 16187 16187 16187
3842 3171 2856 11889 4776 12012 16187 7981 16187 14221 16187 16187 12233 16187 16187 16187
14069 8710 6259 926 14281 16187 1644 12233 13317 16187 9605 16187 4404 16187 16187 16187
6259 7891 10033 16187 16187 16187 16187 16187 16187 16187 16187 16187 16187 16187 16187 16187
6259 7891 10033 16187 2446 1378 3177 12276 14180 926 16187 14221 16187 16187 16187 16187
6259 7767 10898 3211 14426 16187 16187 2296 6259 14596 16187 547 16187 5200 16187 3409
14180 8719 14180 8268 6070 7742 10471 16187 16187 16187 16187 16187 16187 16187 16187 16187
8719 3511 8268 10566 3177 3171 9431 10244 4931 9754 8069 7805 16187 16187 16187 16187
14180 8719 14180 8268 6259 3098 14237 6987 9577 16187 16187 16187 8719 4776 16187 16187
4642 8268 4776 14596 8710 6259 10770 1453 14029 582 5967 12233 13317 15525 15358 16187
3842 1957 14180 1737 16187 12467 16187 8268 1955 6259 2563 16187 7970 16187 12349 16187
8719 6259 2191 14180 8185 1837 12233 14180 16146 8185 8268 1750 8719 11239 8185 16187
4776 13811 8710 3326 15505 14237 4776 1736 3112 4776 10033 10150 3789 16187 16187 16187
4776 13811 8710 3326 15505 14237 4776 1736 3112 4776 10033 10150 3789 16187 926 16187
4776 13811 8710 12256 16187 16187 10418 10967 926 16187 10033 16187 5208 16187 926 16187
763 2885 7251 5463 4776 11151 12013 8719 3171 10033 11900 16187 16187 16187 16187 16187
4267 10033 3177 4776 5365 2598 16187 16187 4931 8781 16187 16187 14734 10033 16187 16187
1954 13903 8268 6845 10193 2221 16187 6070 9450 3177 4776 10033 16187 16187 16187 16187
3171 3449 11530 4776 9431 1378 14237 2308 3171 1378 7877 10770 16187 16187 16187 16187
3842 3171 16187 11889 8712 16187 5388 13348 16187 11553 16187 8466 6259 5948 16187 16187
3171 2563 8710 1378 3177 4776 564 8185 7740 9884 8466 3171 5365 16187 12349 16187
926 9457 926 8710 6070 10355 8719 14734 954 16187 16187 16187 16187 16187 16187 16187
3842 1919 12127 926 3177 5937 1750 16187 12349 4311 7740 16187 13089 8712 16187 16187
926 9457 926 8710 6070 10355 8719 14734 954 16187 16187 16105 16187 16187 16187 1378
7740 3644 9754 12732 926 926 14237 926 926 1955 12738 16187 16187 16187 16187 16187
7740 9084 9754 10751 4776 2400 5629 1378 3177 4312 14237 15561 1957 14180 16187 16187
7740 11530 8712 8268 7740 973 9813 16041 4776 3366 13089 8712 5656 15525 13348 16187
4776 926 14776 926 926 16187 16187 16187 16187 16187 16187 16187 16187 16187 16187 16187
4776 926 14776 926 926 16187 6297 14734 10033 16187 16187 6259 926 16187 16187 926
4776 926 14776 926 926 16187 6297 14734 10033 8710 5297 12495 16187 12495 16187 16187
13089 9063 2712 3171 8268 7740 2308 4776 2601 11178 8268 1378 3387 4851 16187 16187
9036 3171 10033 8268 15978 983 8710 12495 7613 12233 9264 16187 16187 16187 2563 16187
7740 926 10915 1919 14180 8592 16187 16146 5121 2946 16187 8084 16187 16187 16187 1919
68 14237 3410 8197 15870 15597 564 6499 8084 16187 16187 16187 16187 16187 16187 16187
3842 1957 14180 1737 16187 12467 16187 8268 1955 6259 2563 1957 8712 16187 16187 10355
3098 476 1919 1684 14237 5086 14237 12583 3177 10355 3766 16187 14237 3356 16187 12505
3171 2563 3112 9743 8569 3478 926 5463 7926 8710 8719 6683 3098 16187 16187 16187
3842 3171 16187 11889 8712 13348 16187 13348 16187 2974 13348 16187 10033 16187 6363 12291
3171 2563 771 15819 11434 3177 4776 926 4194 2313 16187 8084 9605 6259 8270 16187
3171 14470 2823 11953 10217 2103 12008 6546 11889 10217 1243 16187 16187 16187 16187 16187
3842 1957 14180 1737 16187 12467 16187 8268 1955 6259 2563 1957 8712 16187 16187 10355
3171 14470 2823 11953 10217 2103 12008 6546 11889 10217 1243 16187 3364 3364 7188 16187
8798 14073 4931 15202 1957 14589 1955 2115 16187 16187 16187 16187 16187 16187 16187 16187
3842 1957 14180 1737 16187 12467 16187 926 8719 4776 9577 16187 15374 16187 3192 16187
14069 8710 472 1957 4189 91 8710 6259 7739 3177 4776 2285 13839 16187 16187 926
9890 4927 8710 10602 5711 16187 16187 16187 16187 16187 16187 16187 16187 16187 16187 16187
9036 3171 2563 16187 5812 12008 8712 4931 1229 2002 16187 16187 16187 16187 11889 13348
7740 973 6259 11537 3177 13640 10552 16187 15649 4931 8719 4776 10566 10501 3177 3171
3171 5095 14858 7740 5329 5568 1114 12008 2665 1955 1954 1954 950 16187 16187 16187
3842 3171 16187 11889 1138 926 926 5711 16187 16187 1138 2002 5711 16187 16187 4032
3171 2563 15846 11553 6011 2989 1955 4776 12529 7051 1957 4776 12298 16187 16187 16187
8796 8712 5867 9449 12008 8712 5867 10518 12233 2823 16187 16187 16187 16187 16187 16187
14069 5867 14691 8719 3171 10033 12233 2326 7568 6011 16187 10503 16187 16187 16187 7970
8796 8712 5867 15667 12233 1436 5463 3177 4776 926 16187 643 16187 6348 16187 16187
4776 10418 8268 4776 6006 8268 4776 12364 9498 14180 12489 14708 16187 16187 16187 16187
10242 3177 4776 926 12892 4609 4776 8521 830 9070 16187 16187 16187 16187 16187 16187
4776 10418 8268 12364 14237 13811 9498 10602 16187 6070 10355 16187 16187 8719 4776 1419
5852 926 14139 16187 16187 16187 16187 16187 16187 16187 16187 16187 16187 16187 16187 16187
3842 1957 14180 1737 16187 12467 16187 926 6550 4776 983 16187 656 16187 6070 16187
1378 3177 4312 8710 2148 11953 5463 8157 16187 16187 13932 8948 15956 16187 643 16187
7926 6381 926 8719 4776 11858 8268 14237 7926 15452 3098 4537 3127 14069 16187 16187
3842 1957 14180 1737 16187 12467 16187 8268 1955 6259 2563 1957 8712 16187 16187 926
7926 14827 7926 5208 1381 2903 12233 1885 14237 159 6259 4251 15571 16187 12958 3177
2823 10355 2598 16187 16187 16187 16187 16187 16187 16187 16187 16187 16187 16187 16187 16187
14691 6672 8268 4537 1495 16187 14237 2148 16187 5200 16187 816 16187 12349 1378 16187
9484 9484 7742 2842 16187 830 4776 9431 308 16187 14350 16187 14350 16187 15232 3177
926 6905 8710 2246 1919 1954 15278 5653 3177 13546 11913 14237 12883 8268 926 16187
3842 3171 2856 11889 4776 12012 16187 7981 16187 14221 1919 16187 2148 16187 16187 16187
926 15755 8268 15658 11022 3171 8268 414 6905 12233 2823 6259 387 3177 4750 16187
9707 830 1213 6259 1138 13089 15846 6011 9289 2903 2598 5711 16187 16187 16187 16187
3842 1957 14180 1737 16187 12467 16187 8268 1955 6259 2563 1957 8712 16187 16187 10355
6259 6871 12232 5743 16187 16146 4927 12233 9605 4776 926 16187 16187 16187 16187 10879
8185 11889 3171 14776 15662 7740 1110 8185 16187 16187 16187 16187 16187 16187 16187 16187
9036 3171 2563 16187 12349 4776 12489 8268 12008 8712 4931 12349 16187 16187 16187 16187
7740 1110 3171 2563 13348 16187 12102 8712 16187 16187 16187 4927 16187 16187 16187 16187
4776 10033 8710 3332 9575 14237 6381 5022 16187 16187 16187 16187 16187 16187 16187 16187
3842 3171 2856 11889 4776 12012 16187 3364 926 12233 3764 4776 13348 16187 16187 16187
4776 10033 8710 3332 9575 14237 6381 5022 16187 16187 16187 16187 4687 830 6259 926
6011 16138 11553 1954 8206 983 16187 16187 16187 16187 16187 16187 16187 16187 16187 16187
6011 16138 8093 1453 2904 16187 16187 929 14069 16187 15520 4994 16187 4311 16187 13959
6011 16138 2823 926 13348 16187 13879 10967 43 16187 16187 1138 5711 16187 16187 16187
8712 4931 4776 9790 8719 4288 6550 3171 13783 16187 16187 16187 16187 16187 16187 16187
3842 1957 14180 1737 16187 12467 16187 9487 9938 8268 983 13348 16187 16187 12773 16187
8712 4931 4776 9790 8719 4288 6550 3171 13783 16187 16187 4931 16187 2903 16187 6384
6011 11553 12766 11409 16187 16187 16187 16187 16187 16187 16187 16187 16187 16187 16187 16187
6011 11553 12766 11409 16187 6500 8712 16187 5332 15662 7740 771 3765 5074 16187 16187
6011 11553 12766 4846 1919 6259 8808 12233 6259 926 14237 2326 926 8794 16187 16187
14734 9465 4671 16181 16187 16187 16187 16187 16187 16187 16187 16187 16187 16187 16187 16187
14734 9465 4671 16181 16187 10207 8268 14237 684 926 2837 926 16187 8258 1885 926
14734 9313 4125 11657 16187 926 4776 926 8268 926 12008 4325 11031 6535 16187 16187
7740 1819 6259 63 2712 15846 8197 9070 6259 8270 3109 16187 16187 16187 16187 16187
9036 3171 2563 16187 12495 12495 15096 16187 12349 8781 16187 16187 15096 132 16187 16187
7740 4531 3171 10033 16187 4537 6683 11007 12233 9563 830 4776 216 3177 14112 16187
7926 13197 8712 11953 9484 12291 7740 15407 8712 8710 1229 2689 16187 16187 16187 16187
3842 8712 16187 63 983 16187 9605 8712 14180 4776 12349 15389 16187 12349 4776 2563
7926 6601 3543 11553 16187 2097 3177 6259 8858 443 16187 8719 4776 926 16187 16187
3171 8710 4776 14635 3177 10033 5463 4931 16105 3841 830 4776 10887 1583 16187 16187
3171 8710 4776 14635 3177 10033 5463 5208 926 5293 926 16187 4924 4440 16187 16187
3171 8710 4776 564 2563 16187 4776 926 13348 16187 16187 16187 16187 16187 16187 16187
2326 12247 14237 5102 14596 11331 16187 16187 16187 16187 16187 16187 16187 16187 16187 16187
3842 3171 2856 11889 4776 12012 16187 7981 8268 7926 5297 926 1919 4776 926 16187
6173 12717 2598 16187 9465 12233 4776 7188 16187 16187 16187 9450 7740 16187 3364 7740
13474 3007 12233 5329 11553 630 13139 8719 4776 2563 16187 16187 16187 16187 16187 16187
3842 1957 14180 1737 16187 12467 16187 8268 1955 6259 2563 16187 7970 16187 1957 16187
13474 7165 1229 5259 14237 9366 8268 8798 13474 243 8947 14029 1885 14585 16187 16187
4776 4152 8710 8423 2002 8268 14237 14180 4776 2946 9084 15597 15781 6535 7742 16187
4776 4152 8710 8423 2002 8268 14237 14180 4776 2946 9084 15597 15781 6535 7742 16187
4776 4152 8710 6070 2805 14237 4776 2946 2451 10571 7742 16187 3748 4776 10501 16187
12233 9070 8268 5463 5867 6259 2199 10501 3177 4776 10567 3177 3171 10033 16187 16187
3842 1957 14180 1737 16187 12467 16187 8268 1955 6259 2563 1957 8712 16187 16187 16187
12008 1799 5334 8710 6259 2563 5463 1433 12276 14808 10719 16187 16187 14734 11434 3177
8069 8719 10288 8185 6011 14776 9710 3177 13668 14272 8710 1750 926 16187 16187 16187
3842 1957 14180 1737 16187 12467 16187 8268 1955 6259 2563 16187 7970 16187 12349 16187
7740 4931 2758 2837 926 8268 15978 7740 6297 6635 8712 16187 14221 16187 16187 63
6173 4776 5174 4297 8719 4776 2034 16187 16187 16187 16187 16187 16187 16187 16187 16187
6173 4776 5174 4297 8719 4776 2034 16187 10033 16187 16187 16187 16187 16187 16187 16187
6173 4776 6499 14776 7962 8268 10566 9943 8268 4721 926 14237 7974 926 16187 16187
4776 14596 10400 771 8811 8268 12008 9009 14350 8719 4776 12529 13578 16187 16187 16187
4776 14596 14029 10781 8710 9754 14180 5463 9780 10967 16146 10011 8185 16187 16187 14043
4776 14596 2894 15846 7347 9455 13022 12233 4776 2563 16187 4776 926 16187 15597 926
4776 4152 8710 14411 12495 8268 12576 5329 4776 1787 5867 12850 16187 16187 16187 16187
4776 4152 8710 14411 12495 8268 12576 5329 4776 1787 5867 12850 16187 8944 2563 16187
4776 4152 8710 6070 2805 14237 4776 2946 2451 10571 7742 16187 3748 16187 16187 16187
7740 5272 5807 5463 926 926 4931 4776 10566 6987 10033 3177 2263 11401 16187 16187
9036 3171 2563 16187 15978 3177 2263 983 16187 2148 6545 1954 4994 16187 926 16187
7740 11530 8712 8268 3171 2563 12232 2823 6259 10355 2563 14237 2847 1378 16187 926
4776 5202 8719 4776 780 9277 2823 4776 4267 100 2563 8084 16187 16187 16187 16187
3842 1957 14180 1737 16187 12467 16187 8268 1955 6259 2563 1957 8712 16187 16187 926
4776 16146 6729 10595 779 8710 5463 1731 3847 6259 5695 15781 8719 11095 14745 16187
14237 8712 5867 13084 10372 5463 12581 3177 4776 2077 14776 2296 10770 16187 16187 16187
14237 8712 5867 13084 10372 5463 12581 3177 4776 2077 14776 2296 10770 16187 10770 16187
14237 8712 5867 3098 16187 16187 14237 15525 3177 4776 14457 16187 16187 7740 9431 16187
5390 6714 8710 6259 9306 3177 13667 16187 16187 16187 16187 16187 16187 16187 16187 16187
3842 1919 12127 926 3177 5937 1750 16187 12349 4311 8268 4311 16187 926 12233 3818
7740 1442 3171 14251 14029 4776 10887 1583 8719 9073 16187 926 926 16187 926 16187
7740 4931 6297 2292 8719 2837 4776 6568 14237 9546 10355 9831 12233 2552 3171 16187
9036 3171 2563 16187 12495 12495 15096 16187 12349 4776 12349 926 16187 6488 16187 926
7740 4931 2758 2837 203 10355 926 926 4931 16187 16187 16187 16187 16187 16187 16187
5528 13947 3504 8712 8268 8719 14443 12127 926 2563 8710 3177 1245 4776 9790 16187
3842 1957 14180 1737 16187 12467 16187 8268 1955 6259 2563 16187 7970 16187 16187 16187
1955 830 926 8268 6259 3011 14217 11215 926 1019 926 4549 6173 11461 1885 16187
91 8268 12716 8268 4325 14173 16187 16187 16187 16187 16187 16187 16187 16187 16187 16187
13474 5867 12495 6535 12233 2823 1378 16187 926 16187 16187 16187 16187 10033 16187 5148
13474 5867 6626 8268 6140 14237 1090 16187 14734 13384 16187 16187 16187 16187 16187 8719
4776 926 2598 16187 16187 16187 16187 16187 16187 16187 16187 16187 16187 16187 16187 16187
4776 926 2598 16187 926 926 4931 6259 8081 926 16187 16187 2053 926 16187 16187
4776 926 2598 16187 8368 926 12233 926 13089 4776 926 2563 6173 16187 4537 15881
7926 3112 8808 3177 11457 926 8206 16187 16187 16187 16187 16187 16187 16187 16187 16187
3842 1957 14180 1737 16187 16187 12467 8268 14237 11553 385 926 16187 1954 4269 16187
7926 771 6259 3098 15781 14237 6259 1136 14164 16187 1019 926 16187 9004 926 16187
12940 1819 926 8710 6259 926 15658 15881 2858 2432 14237 15846 8093 5138 16187 16187
4267 926 4776 2563 5208 11553 5713 926 1919 7926 8069 926 1919 5463 16187 16187
7740 973 6259 11537 3177 13640 10552 16187 16187 2128 91 16187 16187 16187 16187 16187
14237 12233 2823 2148 10434 11953 8712 8268 8712 5867 5329 6259 5442 10978 16187 16187
14237 8798 5297 6011 3644 9754 8158 16187 2598 16187 16187 2598 16187 16187 16187 16187
14237 8798 7926 779 12233 9085 16187 10566 926 3171 16187 16187 16187 6683 16187 16187
4776 8635 8268 12716 8268 6280 7165 11273 14237 4776 15762 1142 16187 16187 16187 16187
3842 1957 14180 1737 16187 12467 16187 926 16187 8719 4776 2563 16187 4277 16187 16187
4776 8635 8268 12716 8268 6280 7165 11273 14237 4776 15762 1142 16187 11860 12536 16187
12716 926 3847 5288 8158 4776 6465 12233 12128 16187 16187 16187 16187 16187 16187 16187
3842 1957 14180 1737 16187 12467 16187 8268 1955 9487 8719 326 512 926 16187 16187
12716 8268 926 15649 8710 4776 564 8710 13827 4537 12650 4312 7661 14237 12149 16187
3222 14734 6161 8223 12233 13529 14373 8268 14734 12660 9059 8093 12341 14745 16187 16187
3842 1957 14180 1737 16187 12467 16187 8268 1955 6259 2563 1957 8712 16187 16187 10355
4624 2552 14734 7764 8268 14734 11700 8268 14734 5505 8268 14734 3848 16187 7147 14734
7926 2446 8746 2903 1919 6292 10163 8268 15658 15846 3818 14734 926 875 16187 16187
3842 8712 11889 4776 12012 13348 16187 5447 1138 3177 5711 2563 16105 16187 16187 926
7926 5388 6011 12127 9450 12931 12051 16187 1378 16187 16187 16187 16187 16187 16187 16187
3171 8710 6259 2326 10355 2563 14237 2847 630 2148 5633 16187 16187 16187 16187 16187
3171 8710 6259 14411 476 4776 10033 8710 3356 8719 1597 1486 16187 11757 16187 12349
3171 8710 6259 10033 5329 12233 2823 2329 16187 816 8456 16187 16187 926 16187 926
926 16187 16187 16187 16187 16187 16187 16187 16187 16187 16187 16187 16187 16187 16187 16187
926 16187 13250 16187 15956 16187 6685 16187 9084 16187 16187 926 16187 16187 16187 16187
926 16187 6594 16187 1019 926 15221 16187 5580 16105 14029 6259 13182 16187 16187 6011
6259 3597 5463 4624 5208 14180 9605 1778 13348 16187 16187 16187 16187 16187 16187 16187
3842 3171 2856 11889 4776 12012 16187 3364 926 12233 6276 2598 16187 16187 16187 16187
6259 12260 2552 16187 830 9455 15658 779 4776 582 16187 16187 14362 16187 16187 16187
13529 926 12349 926 14237 926 8719 3171 476 16187 16187 16187 16187 16187 16187 16187
3842 1919 12127 926 3177 5937 1750 16187 12349 4311 8268 4311 16187 926 12233 16187
926 5867 12945 8710 13178 16187 4776 4189 12008 91 16187 8710 16187 3748 4776 16187
14237 4776 1754 3177 4776 13839 16187 16187 16187 16187 16187 16187 16187 16187 16187 16187
3842 1957 14180 1737 16187 12467 16187 926 16187 8719 6259 9487 8719 14138 5889 16187
14237 4776 12711 3177 926 5867 11180 8710 10399 12495 16187 16187 16187 16187 14237 14237
7740 1110 8712 6348 14180 6378 16187 16187 16187 16187 16187 16187 16187 16187 16187 16187
7740 11553 13084 10400 8726 8712 8710 11068 14043 5329 16187 16187 2097 16187 9813 8944
7740 1110 8712 6348 14180 6378 16187 926 16187 13348 16187 13348 16187 13348 16187 9431
5329 6259 9391 14029 4776 2002 13348 16187 16187 16187 16187 16187 16187 16187 16187 16187
3842 3171 2856 11889 4776 12012 16187 7981 16187 14221 16187 16187 12233 16187 16187 16187
5329 6259 3098 6071 10033 12008 8712 13549 4776 3449 14272 8712 1644 16187 16187 16187
12233 14275 2903 16187 16187 16187 16187 16187 16187 16187 16187 16187 16187 16187 16187 16187
3842 1957 14180 1737 16187 12467 16187 8268 1955 6259 2563 1957 8712 16187 16187 10355
9331 6011 830 9655 12276 3109 16187 3192 16187 3192 12135 16187 16187 7970 16187 16187
4325 14776 6509 2837 4776 12686 926 14237 14734 9230 6161 16187 16187 16187 16187 16187
4325 14776 6509 2837 4776 12686 926 14237 14734 9230 6161 16187 16187 2837 2837 926
4325 14776 11643 8719 15597 6499 8268 14237 926 7520 926 830 564 950 5863 16187
4325 9498 1515 12233 9577 4776 3299 8719 14272 4931 9015 8719 4776 15727 16187 16187
3842 11889 14833 8268 3171 8710 1229 14272 8712 3543 11553 12766 16187 2148 16187 12349
4325 9498 6070 926 14237 795 8268 14237 771 1597 3098 11331 16187 10599 3262 16187
10242 9498 926 1955 7367 7157 2946 8719 15597 16058 816 16187 16187 16187 16187 16187
10242 3177 4776 12835 2326 11553 6259 9450 12233 4776 12835 16187 16187 16187 12008 16187
6173 8268 2684 2608 8268 4812 8268 5005 8268 13663 8268 11022 16187 16187 16187 16187
1229 7740 6166 15662 2598 16187 16187 16187 16187 16187 16187 16187 16187 16187 16187 16187
1229 7740 6166 15662 2598 16187 3137 419 16187 2598 16187 16187 16187 16187 16187 16187
1229 7740 1344 4531 8712 13348 16187 929 8719 4776 9431 16187 7937 3177 16187 16187
9577 6826 13988 820 8268 15662 14776 4325 3908 3171 2598 16187 16187 16187 16187 16187
3842 1957 14180 1737 16187 12467 16187 8268 1955 6259 2563 16187 7970 16187 16187 16187
7740 11530 12958 11953 3171 2563 16187 9004 11889 5568 14043 13474 5867 16187 16187 16187
7740 4552 9754 15956 8268 7740 4537 9084 9754 11889 8712 16187 16187 16187 16187 16187
7740 4552 9754 15956 15662 4624 9084 16187 3286 5463 8712 4931 16187 16187 3177 16187
7740 11530 8712 16187 8719 926 7740 5297 9813 12233 11889 926 9577 16187 16187 16187
15438 8268 7740 9084 5329 14518 630 10967 476 8715 16187 16187 16187 16187 16187 16187
9036 3171 2563 16187 12495 12495 15096 16187 12349 8781 16187 16187 926 8719 4776 308
1955 7740 8592 8268 3171 1378 8710 226 12233 3818 6259 8974 16187 16187 16187 7970
6173 7740 15956 11191 9277 15890 1919 9070 8268 12008 7740 2326 4531 3171 2563 16187
9036 3171 2563 16187 12495 12495 15096 16187 12349 8781 12349 16187 2588 16187 12349 8719
6173 7740 15956 11191 9277 2823 926 2903 8268 12008 6259 290 16020 16187 7742 16187
14237 12524 8268 4325 14776 7970 412 16187 16187 16187 16187 16187 16187 16187 16187 16187
14237 12524 8268 4325 14776 7970 412 16187 14237 16187 16187 830 1778 12233 16187 16187
14237 9680 12233 8004 472 2598 16187 1885 16187 926 3177 4776 926 16187 16187 16187
9238 2598 16187 16187 16187 16187 16187 16187 16187 16187 16187 16187 16187 16187 16187 16187
5329 447 16187 16187 12008 8712 5867 4537 6259 4219 1229 16187 14029 16187 16187 16187
2945 8744 14029 6011 16187 816 8719 4776 4927 16187 9316 3171 10033 16187 16187 2148
8712 3364 14237 7508 3543 11553 12766 926 16187 16187 16187 16187 16187 16187 16187 16187
8712 3364 14237 7508 3543 11553 12766 926 16187 16187 8270 16187 12008 16187 2689 16187
8712 3364 14237 7508 13348 16187 13348 16187 15202 10036 16187 926 14029 6259 4235 16187
7508 8726 6011 5208 10603 3171 10033 2837 14180 7156 2552 8712 16187 16187 16187 16187
9036 3171 2563 16187 12349 4776 12489 8268 12008 8712 4931 12349 16187 16187 16187 16187
7740 4537 11763 15715 3171 2563 1919 12276 6215 5463 3171 8710 4776 817 926 16187
10710 8268 12008 2689 16187 16187 16187 16187 16187 16187 16187 16187 16187 16187 16187 16187
3842 1957 14180 1737 16187 12467 16187 8268 1955 6259 2563 16187 7970 16187 477 8719
1175 12013 13348 16187 4103 16187 6070 9450 10894 12495 16187 14237 1229 6535 16187 3356
5582 926 4390 4776 564 3886 3177 9083 16187 16187 16187 16187 16187 16187 16187 16187
3842 1919 12127 926 3177 5937 1750 16187 12349 4311 8268 4311 16187 926 12233 3818
926 1378 6988 6585 14808 16187 12260 16187 4311 1093 16187 7336 926 16187 4776 926
8457 2598 16187 16187 16187 16187 16187 16187 16187 16187 16187 16187 16187 16187 16187 16187
4267 10033 3177 4776 5365 2598 16187 16187 4931 816 16187 16187 16187 2598 16187 16187
8710 7926 8069 11912 8268 14043 8710 7926 3037 6286 2598 16187 16187 2598 16187 16187
12008 3132 926 5332 8268 5463 5867 6259 204 7045 6365 16187 16187 16187 16187 16187
3842 1957 14180 1737 16187 12467 16187 8268 1955 6259 2563 1957 8712 16187 16187 16187
12008 830 1885 15096 926 11913 8268 13474 5867 6259 12561 926 8808 16187 16187 16187
13474 939 8712 14029 1378 10011 6304 14237 2383 14272 2598 16187 16187 16187 16187 16187
3842 1957 14180 1737 16187 12467 16187 8268 1955 6259 2563 16187 7970 16187 1957 16187
13474 779 10471 5777 14237 11153 8719 3098 926 16187 8719 4776 308 16187 16187 16187
13474 3112 3171 2563 13074 2837 8548 1885 12835 9540 14029 1885 15491 16187 16187 16187
3842 1957 14180 1737 16187 12467 16187 926 8268 14237 926 926 4931 6259 926 16187
13474 7165 4776 5453 13822 12233 14858 4624 12260 10888 13454 16187 7367 950 16187 16187
6259 11039 3177 7452 8620 3177 4776 9960 246 16187 16187 16187 16187 16187 16187 16187
6259 11039 3177 7452 8620 3177 4776 9960 246 16187 16187 16187 1110 16187 8185 16187
6259 2765 3177 926 16187 13034 14237 926 8268 8069 8719 4776 816 16187 16187 926
8712 2326 4537 3391 12276 8456 5463 703 11889 3171 9605 16105 16187 16187 16187 16187
8712 2326 9084 9754 8438 16187 5463 4931 1919 16187 12233 12298 16187 16187 16187 830
8712 2326 3112 6011 9429 16187 15907 830 4776 7310 16187 91 16187 12431 926 16187
7740 4537 12020 8712 4931 1813 12028 2695 16187 16187 16187 16187 16187 16187 16187 16187
7740 4537 12020 8712 4931 1813 12028 2695 16187 11401 16187 16187 7740 6683 16187 926
7740 4537 12020 8712 4931 1813 12028 2695 16187 9575 16187 9790 817 16187 16187 16187
3052 15174 16187 16187 16187 16187 16187 16187 16187 16187 16187 16187 16187 16187 16187 16187
4267 3177 4776 5358 1865 8268 12716 8268 7817 3171 2563 16187 5580 12328 16187 14180
1175 574 16187 14919 3177 9484 3418 16187 14816 926 16187 15956 16187 16187 12187 13907
8712 771 6826 10355 6499 14237 6259 15335 8200 16187 16187 16187 16187 16187 16187 16187
3842 1957 14180 1737 16187 12467 16187 8268 1955 9487 8719 326 512 926 16187 10272
8712 8710 9894 13089 385 14237 13587 13089 15142 830 16187 16187 16187 10033 16187 16187
1229 13474 882 14745 8719 2444 7424 16187 16187 16187 16187 16187 16187 16187 16187 16187
1229 13474 882 14745 8719 6259 926 16187 16187 926 8719 4776 926 926 14237 15597
1229 13474 15596 10918 12233 4776 1425 3177 4776 6176 1919 926 16187 16187 926 16187
9296 3171 8710 15978 7740 771 2326 3192 12362 16187 16187 16187 16187 16187 16187 16187
9036 3171 2563 16187 4302 5463 2689 1919 8712 12495 16187 12495 16187 16187 8712 16187
1229 630 3177 4776 4856 8719 3171 2563 8710 11953 6259 926 16187 16187 16187 816
1885 954 4931 12317 14237 13474 9084 9754 926 7410 16187 16187 16187 16187 16187 16187
3842 1957 14180 1737 16187 12467 16187 8268 926 12892 4776 2563 16187 4776 926 16187
13474 8710 2176 8268 5463 8710 11273 16187 8719 3171 10033 16187 16187 7970 16187 16187
5329 1344 13348 16187 16187 16187 16187 16187 16187 16187 16187 16187 16187 16187 16187 16187
5329 1344 13348 16187 13348 16187 8556 3286 16187 3366 16187 830 16187 16187 830 16187
14237 9680 12233 8004 472 2598 16187 926 4776 10033 2598 16187 16187 16187 16187 16187
1132 8726 2263 4776 1138 12723 5711 926 16187 16187 16187 16187 16187 16187 16187 16187
3842 1957 14180 1737 16187 12467 16187 8268 1955 6259 2563 1957 8712 16187 16187 16187
1955 830 4776 10051 8268 4325 14776 14029 4776 2601 8124 16187 1583 16187 15819 16187
3192 8506 15232 4421 926 1955 4776 926 14237 4776 13226 4906 14148 16187 16187 16187
3842 1919 12127 926 3177 5937 1750 16187 12349 4311 8268 4311 16187 926 12233 3818
926 14569 8710 8719 3171 6550 1885 9404 1243 16187 16187 16187 16187 5820 6683 3177
8017 16187 16187 16187 16187 16187 16187 16187 16187 16187 16187 16187 16187 16187 16187 16187
8017 16187 5329 4537 926 16187 4609 1919 5463 16187 16187 12349 9431 16187 16187 16187
1138 8268 14237 6011 5448 8719 8283 16187 4562 2598 16187 16187 16187 2712 3847 16187
13474 8710 6259 2365 3942 1919 3171 10033 8268 6231 13473 16187 16187 16187 16187 16187
3842 1957 14180 1737 16187 12467 16187 926 8268 14237 926 12291 16187 6259 13879 16187
13474 8710 6259 10079 14237 6259 3827 1919 10024 2367 800 1331 16187 1957 14745 6173
830 10566 3177 4312 8268 3171 8710 15597 9431 2365 2563 16187 16187 16187 16187 16187
3842 1957 14180 1737 16187 12467 16187 8268 1955 6259 2563 1957 8712 16187 16187 16187
830 5820 16187 8268 6748 3177 14734 926 16187 14029 926 926 13348 16187 13348 16187
4537 1955 15096 1955 6011 14776 3562 9591 12233 10603 8712 16187 16187 16187 16187 16187
8726 786 8268 13588 1954 926 14281 8268 3520 12825 5328 2606 7981 2451 8712 16187
4537 1955 7742 7740 8093 6683 1957 12276 4125 5867 7981 13089 4325 9178 16187 16187
3355 3221 8710 14634 13348 16187 16187 16187 16187 16187 16187 16187 16187 16187 16187 16187
4267 926 4776 2563 5208 11553 5713 10217 926 11239 16187 16187 16187 16187 16187 11889
6259 4949 12444 16187 2263 5695 16187 7032 1138 4325 14125 5711 16187 4776 926 3177
14470 2823 6259 10355 9847 830 9743 10315 6801 16187 16187 16187 16187 16187 16187 16187
3842 1957 14180 1737 16187 12467 16187 8268 1955 6259 2563 1957 8712 16187 16187 10355
7001 2552 8712 15978 2263 630 2148 512 5937 4379 3244 2563 16187 6655 16187 16187
7740 3644 9754 9137 12233 9178 926 13348 16187 16187 16187 16187 16187 16187 16187 16187
7740 3644 9754 7001 14029 16187 14635 3177 14029 10033 16187 16058 16187 16187 16187 16187
7740 3644 9754 9137 830 1885 3137 419 16187 14221 13348 16187 6535 16187 1813 16187
13592 11843 12233 6569 582 3364 5568 2823 6259 2199 1635 16187 16187 16187 16187 16187
3842 11889 14833 8268 3171 8710 1229 8569 8712 9447 6070 8268 14237 16187 1378 16187
10619 9484 7740 2006 13832 1378 3177 4776 11247 2563 5867 11998 10671 16187 16187 926
15043 14288 6259 5948 3177 4198 983 2858 1799 1105 3994 12832 8831 14237 13508 16187
3842 1957 14180 1737 16187 12467 16187 8268 1955 6259 2563 1957 8712 16187 16187 16187
1378 8710 6685 16187 9290 15658 8710 4776 2053 926 16187 16187 16187 16187 16187 16187
1213 1229 15142 6692 2827 12232 8093 8733 1213 6259 1405 4710 16187 16187 16187 16187
3842 1957 14180 1737 16187 12467 16187 8268 1955 6931 16187 11553 926 16187 16187 9431
14272 15846 7926 10603 8719 4776 926 2598 16187 16187 2598 16187 16187 16187 15096 16187
15978 7926 5867 6259 4929 9365 16187 16187 16187 16187 16187 16187 16187 16187 16187 16187
3842 1957 14180 1737 16187 12467 16187 8268 1955 6259 2563 16187 7970 16187 12349 16187
8719 4994 8268 7740 9429 3171 3384 7837 6259 4142 9332 800 1676 16187 12723 16187
6173 14237 1885 10624 1957 10315 4987 3211 8710 2446 1344 4910 16187 16187 16187 16187
3842 3171 2856 11889 4776 12012 16187 7981 16187 14221 1919 16187 2148 16187 16187 16187
6173 14237 1885 10624 1957 10315 4987 3211 8710 2446 1344 4910 16187 16187 16187 16187
4931 14069 9591 9831 12233 8733 3171 8270 14043 8710 8712 6348 6276 2598 16187 16187
3842 1957 14180 1737 16187 12467 16187 8268 1955 6259 2563 1957 6173 16187 16187 16187
8719 5463 4927 8712 5867 6601 2148 7664 3177 6259 10033 512 6011 968 14518 16187
1027 16074 656 6259 2373 3177 10387 926 16187 16187 16187 16187 16187 16187 16187 16187
3842 1919 12127 5804 16187 926 5867 6985 8710 4776 926 16187 16187 926 16187 16187
1378 3177 926 5867 11998 926 4931 926 6662 926 16187 926 16187 16187 16187 16187
7740 7448 9754 11553 1535 16187 16187 16187 16187 16187 16187 16187 16187 16187 16187 16187
7740 7448 9754 11553 1535 16187 926 926 16187 8577 12233 8733 2148 4750 16187 14043
7740 1110 6011 1430 16187 16105 16187 12276 4269 16187 16187 16187 8584 16187 16187 5095
926 8710 5329 926 8268 5335 16172 8268 5335 13566 6692 16187 16187 16187 16187 16187
926 8710 5329 926 8268 5335 16172 8268 5335 13566 6692 16187 16187 2097 16187 16187
926 8710 6259 8423 7560 12008 4142 1963 7551 16187 926 16187 16105 15840 16187 1787
14237 4776 13811 2598 16187 16187 16187 16187 16187 16187 16187 16187 16187 16187 16187 16187
3842 1957 14180 1737 16187 16187 12467 8268 14237 926 16187 7970 16187 4707 16187 8719
14237 4776 13811 2598 16187 926 926 16187 926 16187 2598 16187 16187 5200 16187 16187
4776 926 637 779 6259 13568 15063 3177 8622 4859 13348 16187 16187 16187 16187 16187
3842 3171 2856 11889 4776 12012 16187 3364 926 12233 3764 4776 13348 16187 16187 16187
4776 926 637 779 6259 13568 15063 3177 8622 4859 13348 16187 13348 16187 16187 3511
11296 830 10359 5656 10324 8719 1138 926 5711 16187 16187 16187 16187 16187 16187 16187
3842 1957 14180 1737 16187 12467 16187 8268 1955 6259 2563 1957 8712 16187 16187 16187
7740 973 6259 11537 3177 13640 10552 16187 16187 2128 91 16187 16187 16187 16187 16187
4032 9316 12008 5046 5329 13907 6178 16187 16187 16187 16187 16187 16187 16187 16187 16187
3842 3171 16187 9264 16187 10770 16187 15096 1941 2837 4776 2563 16187 926 16187 6297
2552 3171 2563 16187 2601 8268 8712 779 926 926 926 16187 926 16187 16187 5200
4325 5568 15351 2837 4776 5442 4462 3177 4325 11031 10931 16187 16187 16187 16187 16187
4325 5568 15351 2837 4776 5442 4462 3177 4325 11031 10931 16187 16187 16187 16187 16187
4325 2251 9070 3177 4776 7612 3177 7981 8719 1138 12052 5365 817 13535 5711 16187
5463 8710 8268 137 15221 6598 12276 2398 12349 10036 6259 15335 4440 929 13348 16187
3842 1957 14180 1737 16187 12467 16187 8268 1955 9487 8719 16187 16187 9954 16187 16187
5463 8710 8268 137 15221 16187 5618 2148 512 5937 84 16187 16187 16187 16187 16187
6297 8712 5208 9605 11925 8719 6214 926 16187 16187 16187 16187 16187 16187 16187 16187
3842 8712 16187 63 16187 9605 8712 8268 4776 8521 5463 7740 11839 16187 16187 926
5463 983 8268 8796 8268 7740 3644 9754 1344 14029 16187 14029 4776 10887 1583 16187
6635 8712 8069 8270 13348 16187 16187 16187 16187 16187 16187 16187 16187 16187 16187 16187
3842 8712 16187 63 983 16187 9605 8712 14180 4776 12349 4776 6745 10036 16187 5332
926 7991 8268 9455 2598 16187 15597 8185 830 4776 15211 3177 16187 16187 16187 16187
7740 1110 14180 4776 12051 7926 14005 8268 8069 12233 4776 1781 1153 16187 16187 16187
7740 771 12773 6259 11117 16187 5332 1229 2326 9084 4776 9887 4931 14180 4776 926
7740 1110 13089 8081 5388 14776 2689 13348 16187 14237 4776 10418 8710 4776 564 16187
7926 8610 6259 926 3177 926 1019 13348 16187 16187 16187 16187 16187 16187 16187 16187
3842 8712 11889 4776 12012 13348 16187 5447 4776 2563 16187 15335 4776 7310 16187 4624
7926 8610 6259 926 3177 926 1019 13348 16187 13348 16187 13348 16187 16187 2526 16187
5329 7401 16187 16187 16187 16187 16187 16187 16187 16187 16187 16187 16187 16187 16187 16187
5329 7401 16187 830 12276 14589 1860 4931 6259 2563 16187 14230 16187 6535 16187 6535
5329 15291 1957 14180 16187 8268 7740 11553 12233 1436 16187 16187 926 16187 16187 9563
2263 5329 3356 1229 14272 8710 14069 8781 12233 4552 2598 16187 16187 16187 16187 16187
3842 1957 14180 1737 16187 12467 16187 8268 1955 6931 16187 11553 8712 16187 6381 8719
2263 4949 216 16187 16187 15988 8592 16187 926 12233 4776 10033 16187 926 13348 16187
4776 13839 14237 4776 12835 14776 3098 16187 16187 16187 16187 16187 16187 16187 16187 16187
3842 1919 12127 926 3177 5937 1750 16187 12349 4311 7740 16187 13348 16187 3192 16187
4776 13839 14237 4776 12835 14776 3098 16187 12233 4776 10672 10894 16187 16187 16187 11889
10967 4776 11913 12233 4776 12582 8268 4325 926 12958 16187 16187 16187 16187 16187 16187
3842 3171 1378 16187 11839 8268 7740 9429 14272 2148 16187 8858 4931 4776 9290 16187
1138 4776 6406 5711 8710 1378 3177 4776 5365 5867 564 16187 8185 16187 16187 10983
5463 3847 9754 8905 8313 8712 5867 6259 6388 10033 16187 16187 16187 16187 16187 16187
3842 1957 14180 1737 16187 12467 16187 8268 1955 6931 16187 11553 926 8719 4776 2563
5463 3847 9754 8905 8313 8712 5867 6259 3098 10033 16187 16187 1903 16187 10770 16187
6683 49 2858 6259 926 5463 926 12349 6259 8124 7900 16187 16187 16187 16187 16187
3842 1957 14180 1737 16187 12467 16187 8268 1955 6259 2563 1957 8712 16187 16187 926
1955 6259 3537 8268 8712 5867 5329 8569 16187 12008 4776 4152 16187 779 926 926
7742 8268 7740 1951 91 7032 6011 5329 12233 6407 15525 16187 16187 16187 16187 16187
7742 8268 7740 4552 643 4240 4776 4927 16187 1110 16187 16187 16187 16187 8719 16187
7742 8268 7740 5208 13429 1957 14589 8656 15720 16187 11839 16187 16187 16187 11889 13348
7740 4931 2326 2677 830 5463 8268 2599 8913 8268 12008 926 9084 3098 7508 16187
9036 3171 2563 16187 12495 12495 15096 16187 12349 8781 16187 16187 926 16187 16187 926
7740 11839 5463 8712 4931 6070 2002 14237 6692 16187 1344 15819 16187 10033 16187 6297
6363 9484 830 6259 2563 5463 7740 2326 4531 16187 16187 16187 16187 16187 16187 16187
9036 3171 2563 16187 12495 12495 15096 16187 12349 4776 12349 16187 12349 1378 926 9431
6363 9484 3171 2563 8710 9754 8569 16187 10154 8268 12495 16187 7724 16187 12233 16187
7740 968 7676 3171 1378 2903 830 3537 6094 14237 113 2974 7544 8317 5568 16187
9036 3171 2563 16187 15978 3177 2263 6259 10709 16187 12233 926 16187 16187 16187 16187
7740 1951 899 12233 12655 7740 4931 7336 15525 4776 2563 16187 16187 6535 630 16187
14237 5568 1378 5208 2823 4776 7524 16187 16187 16187 16187 16187 16187 16187 16187 16187
14237 12233 2823 6818 2837 1213 6259 5562 13348 16187 13348 16187 16187 16187 13348 5711
14237 12233 2823 6818 2837 1213 6259 5562 13348 16187 13348 16187 16187 16187 7970 16187
926 12767 6135 1138 4231 820 12115 14311 3859 8268 15828 5711 16187 16187 16187 16187
926 8268 6011 9605 4776 10400 16187 10335 2255 16187 16187 16187 12495 16187 16187 16187
926 8268 6011 9605 4776 14596 8719 926 14237 4776 10033 16187 16187 16187 16187 16187
926 779 7807 1885 5602 8719 4776 4932 8268 14237 4325 10603 12401 16146 16187 16187
3842 3171 2856 11889 4776 12012 16187 7981 16187 14221 1919 16187 2148 16187 16187 16187
926 779 15761 10418 14237 6259 926 3177 6259 926 16187 6140 12008 15649 7740 926
10619 9484 16187 16187 16187 16187 16187 16187 16187 16187 16187 16187 16187 16187 16187 16187
10619 9625 16187 14350 8268 6689 8268 6689 16187 16187 16187 16187 2296 16187 16187 16187
10619 9484 16187 16187 8569 7740 11553 12233 1436 16187 16187 926 16187 16187 13348 16187
10501 3177 3171 4931 9575 8719 926 8268 926 16187 16187 16187 16187 16187 16187 16187
3842 1957 14180 1737 16187 16187 12467 8268 14237 11553 6259 926 16187 1954 9577 16187
6259 4949 926 2563 16187 926 14237 4776 926 4931 16187 16187 16187 16187 16187 16187
9743 1778 6356 10503 4776 4941 12036 14776 9160 2705 16187 16187 16187 16187 16187 16187
3842 1957 14180 1737 16187 12467 16187 8268 1955 6259 2563 1957 8712 16187 16187 10355
9743 9498 4776 12455 16187 4537 6259 2385 16187 10315 9577 16187 9316 926 16187 16187
7740 12020 6011 7742 14237 3553 5463 5937 983 15846 14581 3765 4431 512 8457 16187
7740 11553 13084 13988 830 3171 2353 14043 14734 1133 16187 9084 9754 9786 830 4312
7740 11553 12233 1436 8268 11563 12233 12273 15043 13348 16187 14350 16187 16187 14596 16187
5463 4931 4776 4710 7740 16105 16187 16187 16187 16187 16187 16187 16187 16187 16187 16187
3842 1957 14180 1737 16187 12467 16187 8268 1955 6259 2563 16187 7970 16187 12349 16187
5463 4931 6259 10355 5801 16187 954 16187 12349 4776 926 16187 16187 16187 8781 16187
7740 973 5329 1229 13616 7740 6635 4776 9534 3177 926 16187 16187 16187 16187 16187
7740 973 5329 13616 14272 14069 8710 5463 12232 13917 10217 2103 3177 2712 16187 16187
7740 973 2758 5463 4325 8084 16187 16187 816 16187 8719 12276 16146 16187 16187 15458
5332 4624 14776 8781 6423 1919 16078 3177 1825 5463 15202 4931 16187 16187 16187 16187
9036 3171 2563 16187 12495 12495 15096 16187 12349 7740 7433 16187 9178 16187 926 16187
12008 5713 14776 6680 16187 5463 14180 8710 4776 926 3177 4776 14596 16187 16187 16187
3171 8890 15387 8710 8944 8268 15658 1819 13084 1378 5687 830 14745 6713 16187 16187
3842 3171 16187 11889 1138 926 926 5711 16187 16187 1138 2002 5711 16187 16187 4032
3171 983 4624 926 14029 5212 1955 926 6511 16187 16187 2296 16187 16187 16187 16187
7740 10503 14180 4776 6135 14776 9400 16187 16187 16187 16187 16187 16187 16187 16187 16187
7740 973 8017 8268 7740 926 2786 12364 7740 7448 4776 14109 16187 16187 16187 16187
7740 11530 8712 16187 8719 926 16187 9813 16187 8719 4776 5562 16187 16187 16187 16187
13758 14029 14707 14237 2066 16187 16187 16187 16187 16187 16187 16187 16187 16187 16187 16187
3842 1919 12127 926 3177 5937 1750 16187 12349 4311 8268 4311 16187 12233 926 16187
6259 4858 4189 10967 14745 16187 7032 203 4325 9498 16187 816 16187 16187 11765 16187
8726 6011 9429 7740 1951 2095 1157 8268 7740 11553 9754 16187 16187 16187 16187 16187
8726 6011 9429 7740 1951 2095 1157 8268 7740 11553 9754 16187 11889 16187 16187 16187
7740 4537 9429 8712 8710 3098 10770 13348 16187 7777 926 16187 16187 2689 16187 16187
4776 10033 10781 8710 6259 14431 11264 16187 16187 16187 16187 16187 16187 16187 16187 16187
4776 10033 10781 8710 9754 3098 16187 4776 8081 926 16187 14426 8084 16187 16187 16187
4776 10033 10781 8710 6259 14431 11264 16187 643 8719 4776 926 2598 16187 16187 16187
10080 1146 284 3171 8710 6259 3098 10978 2563 1919 6259 3098 14596 16187 16187 16187
3842 1957 14180 1737 16187 12467 16187 8268 1955 6259 2563 1957 8712 16187 16187 16187
1378 11401 7926 14827 926 14237 8451 8811 8719 14745 16187 5200 926 16187 16187 16187
5329 6259 5948 3177 10770 8268 4537 6259 6761 16187 16187 16187 16187 16187 16187 16187
3842 3171 2856 11889 4776 12012 16187 7981 16187 14221 16187 16187 12233 16187 16187 16187
2552 564 8719 9577 8268 6259 9816 10967 2353 8557 2385 16187 6356 926 16187 13148
7740 5005 1138 6259 6394 4609 5711 1954 10619 9484 13348 16187 16187 16187 16187 16187
7740 771 926 830 8274 16187 15096 983 16187 16187 16187 7740 1442 3171 2563 16187
7740 1110 4776 157 5867 16187 1787 16187 16187 13141 12233 5967 12233 926 16187 15043
12716 8268 13089 8712 11496 2263 6021 8268 7740 5208 2552 13084 2148 11693 16187 16187
12716 8268 13089 8712 11496 2263 6021 8268 7740 5208 2552 13084 2148 11693 16187 6011
12716 8268 13089 8712 11496 2263 6021 8268 7740 5208 2552 14237 3543 7001 16187 830
4421 15337 1019 5441 6173 9055 6073 926 1019 926 6173 16187 16187 16187 16187 16187
3842 3171 2856 11889 4776 12012 16187 7981 16187 14221 1919 926 16187 16187 16187 16187
926 447 16187 14237 926 16187 7970 2837 4776 1378 16187 5046 4776 2053 926 3994
8712 5867 13250 8268 10274 14237 9918 13348 16187 16187 16187 16187 16187 16187 16187 16187
8712 5867 10285 8268 11789 14380 16187 512 6259 3794 5095 16187 3364 3364 9786 830
8712 5867 13804 13348 5711 16187 8081 817 16187 926 16187 16187 1941 16187 4776 9431
6259 10355 11379 12232 2823 1138 6259 7909 14596 5711 8268 674 16187 16187 16187 16187
6259 4149 7963 13285 16187 1233 3748 6259 540 16187 16187 10272 16187 16187 12757 926
6259 10355 10978 830 11017 14237 8404 13348 16187 15819 284 16187 2689 3766 16187 2500
926 8268 7740 6635 203 8712 4931 9754 49 11007 830 926 16187 16187 16187 16187
926 8268 7740 6635 203 8712 4931 9754 49 11007 830 926 16187 926 16187 16187
926 8268 7740 6124 11953 13089 14237 13474 4931 10915 16187 16187 16187 16187 16187 16187
8719 3171 8503 8268 8712 5867 4537 8443 14237 10974 16187 16187 16187 16187 16187 16187
3842 3171 2856 11889 4776 12012 16187 7981 8268 7926 5297 926 1919 16187 16187 16187
8719 3171 10033 8268 7926 7076 1955 4421 926 16187 16187 16187 16187 16187 16187 16187
1350 8268 4325 14776 10915 15071 14029 15597 10638 16187 16187 16187 16187 16187 16187 16187
3842 1957 14180 1737 16187 12467 16187 8268 1955 9487 8719 326 512 926 16187 16187
7740 2446 11530 4776 2053 926 3994 3177 926 16187 16187 16187 16187 16187 16187 16187
926 7147 926 8069 1138 926 2903 5711 16187 16187 16187 16187 16187 16187 16187 16187
3842 8712 11889 4776 12012 13348 16187 5447 4776 2563 16187 6635 4776 9790 16187 16187
926 8268 8712 13942 8268 8710 6259 6070 5562 2563 5046 16187 16187 16187 10355 16187
4776 12894 8268 12364 8268 14599 8268 10418 8268 3758 8268 12621 8268 7151 16187 16187
3842 1957 14180 1737 16187 16187 12467 8268 14237 7740 9084 16187 5407 16187 16187 16187
4776 132 8710 10355 14237 8712 926 4776 2122 7742 16187 16187 11530 16187 16187 16187
984 2451 830 3171 2563 15978 8712 15846 188 12233 2451 830 6011 16187 16187 16187
9036 3171 2563 16187 5812 12008 8712 4931 1229 2002 16187 8712 16187 16187 7188 16187
7740 973 2758 5463 4325 8084 16187 16187 816 16187 8719 4927 16187 926 16187 16187
7742 7740 2383 9431 9424 1436 8710 2263 5329 6070 10355 16187 16187 16187 16187 16187
9036 3171 2563 16187 5812 12008 8712 4931 1229 2002 16187 7740 9429 16187 16187 16187
7740 11553 6826 14966 16187 2552 203 12276 926 926 15939 16187 16187 16187 16187 16187
8726 6011 5208 8268 6011 14470 188 12233 10603 4404 12006 8726 8712 5867 2574 16187
8726 6011 188 12233 6166 15662 4931 7926 7456 12233 4552 5463 2598 16187 16187 16187
8726 6011 1110 926 8268 7001 12650 8712 16187 10315 16187 926 16187 16187 16187 7740
7740 2696 10566 3177 4776 9216 14237 8268 9139 8268 1951 7740 8719 4776 8219 16187
7740 4931 9986 2837 4776 1507 1736 16187 14180 5463 14776 2689 16187 16187 4032 6259
7740 1110 4776 157 5867 16187 1787 16187 16187 1133 16187 15374 16187 8002 5830 926
4776 12364 8710 15347 1919 569 3177 1684 16187 16187 16187 16187 16187 16187 16187 16187
3842 1957 14180 1737 16187 16187 16187 14397 7931 16187 926 16187 16187 16187 16187 16187
4776 12364 8710 15347 1919 569 3177 1684 16187 3575 16187 16187 16187 16187 1919 16187
4776 11401 8710 6585 13089 3171 15846 5367 8268 15846 2823 4776 2037 16187 16187 16187
3842 3171 2856 11889 4776 12012 16187 3364 926 12233 3764 4776 13348 16187 16187 5711
4776 1369 8710 5463 5713 10217 2967 5463 14776 15907 6259 4932 14776 1883 926 16187
13474 8093 2467 10799 5867 13976 8268 1229 15662 3543 4624 2598 16187 16187 16187 16187
13474 8093 2467 10799 5867 13976 8268 1229 15662 3543 4624 2598 16187 16187 2598 16187
13474 3873 16187 12233 14734 15781 1919 4776 10501 3177 4776 926 16187 16187 11162 16187
10566 1133 10628 4776 1138 3934 5711 2255 16187 16187 16187 16187 16187 16187 16187 16187
10242 3177 15041 14426 5867 11331 14093 8200 16187 8719 4776 10033 16187 16187 16187 16187
14180 8719 14180 8268 6259 3296 7652 830 11247 13348 16187 3137 14514 16187 564 16187
5463 5867 12431 926 3929 830 15389 13348 16187 16187 16187 16187 16187 16187 16187 16187
3842 1957 14180 1737 16187 12467 16187 8268 1955 6259 2563 16187 7970 16187 477 8719
5463 5867 12431 926 3929 830 926 8719 16146 2598 16187 16187 643 16187 16187 14734
4624 2172 6259 15335 703 11953 15520 9339 12835 816 4609 16187 16187 16187 16187 16187
4624 14776 3081 12233 10503 3171 8710 4776 2037 8268 7508 16187 16187 16105 16187 16187
4624 2552 6826 3177 4776 926 1750 2308 16187 16187 16187 16187 16187 16187 16187 6535
14031 7742 7926 3847 6259 10602 15781 14237 8710 11789 6259 5010 2248 16187 16187 16187
14031 8268 9139 13348 16187 926 7740 9605 8719 4776 4927 16187 1110 16187 16187 16187
14031 8268 14237 926 5867 1110 8661 8268 6070 4687 14029 4776 9465 16187 16187 16187
3171 2563 8710 9643 8268 14237 15870 15846 1042 6011 13634 830 2148 13348 16187 16187
3842 3171 16187 9264 16187 10770 16187 15096 1941 2837 4776 2563 16187 16187 16187 4776
3171 2563 8710 7401 14272 7740 8152 2689 16187 16187 4687 16187 926 16187 16187 1138
7508 8268 4776 1754 3177 14272 7740 9004 13216 16187 16187 16187 16187 16187 16187 16187
3842 1957 14180 1737 16187 12467 16187 8268 1955 9487 8719 326 512 926 16187 16187
12716 8268 14734 8710 2837 11953 926 8268 4776 1754 3177 4776 10033 8710 926 16187
4776 12298 5898 14528 8719 926 3177 10217 12621 9594 14237 13546 16187 16187 16187 16187
4776 12298 3177 4776 2563 7165 1954 5945 12233 9632 16187 16187 16187 16187 16187 16187
4776 12298 5041 4931 5822 14237 1378 3177 12276 926 3177 14180 983 16187 8185 16187
8069 1955 7740 12650 8712 5332 8268 7740 5297 5272 203 7594 3171 2563 8710 16187
3842 1957 14180 1737 16187 12467 16187 8268 1955 6259 2563 1957 8712 16187 16187 926
1955 830 926 8268 6259 3011 14217 11215 926 1019 926 4549 6173 11461 1885 16187
12715 10418 10967 14749 15751 14237 1350 14069 8710 13084 2122 8719 8712 16187 16187 16187
3842 1957 14180 1737 16187 12467 16187 8268 1955 6259 2563 16187 7970 16187 477 16187
1378 1110 830 14180 14237 4776 13839 16187 16187 14397 11239 8185 11889 16187 16187 16187
14237 926 3644 9754 1344 11173 9743 10565 8798 16187 16187 16187 16187 16187 16187 16187
14237 926 3644 9754 1344 11173 9743 10565 8798 16187 7480 2598 16187 16187 1919 1378
14237 926 2598 16187 16187 5332 7926 926 14734 926 12233 6276 4312 16187 16187 16187
6173 16187 16187 16187 16187 16187 16187 16187 16187 16187 16187 16187 16187 16187 16187 16187
6173 16187 6535 15174 830 2563 12233 16187 1885 954 16187 926 16187 15819 16187 16187
6173 16187 12260 16187 10399 12233 4924 1919 6259 3766 16187 16187 16187 16187 16187 16187
8712 5867 12495 6535 14237 12495 15347 830 2263 16058 10355 8712 5867 4642 6661 16187
8712 5867 12495 8172 12233 2823 830 6259 2149 14043 7725 9887 16187 4832 16187 4832
8712 5867 10841 8268 1321 8268 1557 8268 14237 8712 5867 3356 8268 12495 16187 16187
7740 10603 4776 2601 10686 14635 3177 6152 8268 13832 16187 16187 16187 16187 16187 16187
9036 3171 2563 16187 15978 3177 2263 6259 2601 5777 16187 14029 16187 926 16187 926
7740 4531 3171 10033 16187 4537 6683 11007 12233 10566 2384 12518 16187 16187 13023 8268
14272 8710 1919 12128 9594 1919 926 14237 926 2598 16187 16187 16187 16187 16187 16187
3842 1957 14180 1737 16187 16187 9339 8710 6259 926 8719 6259 643 16187 7970 16187
4776 2221 8710 6070 10355 14237 7740 9429 5867 11953 8712 16187 16187 16187 16187 16187
7740 8313 14272 4931 2903 1919 5463 10609 926 926 2598 16187 16187 16187 16187 16187
7740 8313 8569 11889 6011 2348 12758 4931 8569 16187 4776 284 16187 10355 16187 16187
7740 11530 8712 16187 8719 926 1919 926 2326 5463 7740 16187 16187 2765 3177 16187
4776 5121 13839 8710 2148 512 9710 8268 12495 16187 16187 16187 16187 16187 16187 16187
3842 1957 4776 1737 8268 8069 4624 11553 6259 926 16187 16187 14241 16187 16187 16187
4776 13839 14237 4776 12835 9498 3098 16187 12576 16187 15520 8808 16187 926 926 926
