4537 13758 10918 10967 15715 3171 1957 4776 14112 8268 14237 7740 4931 3745 2758 16187
3842 3171 16187 11889 4776 10033 8268 8712 5867 10355 8268 6011 16138 11553 12233 2552
1655 12233 14180 3102 8719 9222 3171 10917 10033 13348 16187 830 4776 1441 16187 16187
6173 926 926 145 6259 10761 8081 1545 8719 6071 16187 16187 16187 16187 16187 16187
3842 3171 16187 11889 4776 10033 8268 8712 5867 10355 8268 6011 16138 11553 12233 2552
1655 12233 14180 3102 8719 9222 3171 10917 10033 13348 16187 830 4776 1441 16187 16187
4776 14596 16187 16187 16187 16187 16187 16187 16187 16187 16187 16187 16187 16187 16187 16187
3842 3171 16187 11889 4776 10033 8268 8712 5867 10355 8268 6011 16138 11553 12233 2552
1655 12233 14180 3102 8719 9222 3171 10917 10033 13348 16187 830 4776 1441 16187 16187
8712 4931 6259 926 2563 16187 16187 16187 16187 16187 16187 16187 16187 16187 16187 16187
3842 3171 16187 9840 6259 2149 2563 16187 7542 16187 6259 10894 3177 16187 16187 16187
1655 12233 14180 3102 8719 9222 3171 10917 10033 13348 16187 830 4776 1441 16187 16187
8712 5867 6259 10355 9203 16187 16187 16187 16187 16187 16187 16187 16187 16187 16187 16187
3842 3171 16187 11889 4776 10033 8268 8712 5867 10355 8268 6011 16138 11553 12233 2823
1655 12233 14180 3102 8719 9222 3171 10917 10033 13348 16187 830 4776 1441 16187 16187
926 11077 8710 1515 12233 3818 6259 10887 7970 1378 11401 8268 9715 12276 15721 16187
3842 3171 16187 11889 4776 10033 8268 8712 5867 10355 8268 6011 16138 11553 12233 2823
1655 12233 14180 3102 8719 9222 3171 10917 10033 13348 16187 830 4776 1441 16187 16187
8712 8710 4927 926 15624 16187 16187 16187 16187 16187 16187 16187 16187 16187 16187 16187
3842 3171 16187 11889 4776 10033 8268 8712 5867 10355 8268 6011 16138 11553 12233 2823
1655 12233 14180 3102 8719 9222 3171 10917 10033 13348 16187 830 4776 1441 16187 16187
4776 3527 926 4931 9230 14237 926 16187 16187 16187 16187 16187 16187 16187 16187 16187
3842 3171 16187 11889 4776 10033 8268 8712 5867 10355 8268 6011 16138 11553 12233 2823
1655 12233 14180 3102 8719 9222 3171 10917 10033 13348 16187 830 4776 1441 16187 16187
8712 2025 4537 203 9749 4624 14776 10967 12401 16146 14237 15520 2077 16187 16187 16187
3842 3171 16187 11889 4776 10033 8268 8712 5867 10355 8268 6011 16138 11553 12233 2823
1655 12233 14180 3102 8719 9222 3171 10917 10033 13348 16187 830 4776 1441 16187 16187
12553 13348 5711 16187 16187 16187 16187 16187 16187 16187 16187 16187 16187 16187 16187 16187
3842 3171 16187 11889 4776 10033 8268 8712 5867 10355 8268 6011 16138 11553 12233 2823
1655 12233 14180 3102 8719 9222 3171 10917 10033 13348 16187 830 4776 1441 16187 16187
14237 8656 1378 3177 4776 564 14172 8268 8719 12276 8456 16187 16187 16187 16187 16187
3842 3171 16187 11889 4776 10033 8268 8712 5867 10355 8268 6011 16138 11553 12233 2823
1655 12233 14180 3102 8719 9222 3171 10917 10033 13348 16187 830 4776 1441 16187 16187
8712 779 6826 3527 1722 14237 6259 1781 11680 16187 16187 16187 16187 16187 16187 16187
3842 3171 16187 9840 6259 2149 2563 16187 8710 4776 6499 6276 16187 830 926 16187
1655 12233 14180 3102 8719 9222 3171 10917 10033 13348 16187 830 4776 1441 16187 16187
1909 9290 12431 4776 9790 11401 16187 16187 16187 16187 16187 16187 16187 16187 16187 16187
3842 3171 16187 9840 6259 2149 2563 16187 7542 16187 6259 10894 16187 16187 16187 2167
1655 12233 14180 3102 8719 9222 3171 10917 10033 13348 16187 830 4776 1441 16187 16187
1543 5867 4776 10567 2598 16187 16187 16187 16187 16187 16187 16187 16187 16187 16187 16187
3842 3171 16187 9840 6259 2149 2563 16187 8710 4776 6499 6276 16187 830 926 16187
1655 12233 14180 3102 8719 9222 3171 10917 10033 13348 16187 830 4776 1441 16187 16187
5463 16105 9070 188 12233 2552 8712 14180 4776 2148 16187 16187 16187 16187 16187 16187
3842 3171 16187 11889 4776 10033 8268 8712 5867 10355 8268 6011 16138 11553 12233 2823
1655 12233 14180 3102 8719 9222 3171 10917 10033 13348 16187 830 4776 1441 16187 16187
14440 1299 4931 13181 16187 16187 16187 16187 16187 16187 16187 16187 16187 16187 16187 16187
3842 3171 16187 9840 6259 2149 2563 16187 7542 16187 6259 10894 3177 16187 16187 16187
1655 12233 14180 3102 8719 9222 3171 10917 10033 13348 16187 830 4776 1441 16187 16187
7740 12892 3171 2563 6259 9484 16187 16187 16187 16187 16187 16187 16187 16187 16187 16187
3842 3171 16187 11889 4776 10033 8268 8712 5867 10355 8268 6011 16138 11553 12233 2552
1655 12233 14180 3102 8719 9222 3171 10917 10033 13348 16187 830 4776 1441 16187 16187
4776 5041 4931 1229 11987 7740 3364 5407 3765 8726 926 926 12233 4776 1076 16187
3842 3171 16187 9840 6259 2149 2563 16187 8710 4776 6499 6276 16187 830 926 16187
1655 12233 14180 3102 8719 9222 3171 10917 10033 13348 16187 830 4776 1441 16187 16187
7740 8313 12422 16187 16187 16187 16187 16187 16187 16187 16187 16187 16187 16187 16187 16187
3842 3171 16187 9840 6259 2149 2563 16187 8710 4776 6499 6276 16187 830 926 16187
1655 12233 14180 3102 8719 9222 3171 10917 10033 13348 16187 830 4776 1441 16187 16187
926 9813 868 5119 91 14237 8712 5867 6797 16187 16187 16187 16187 16187 16187 16187
3842 3171 16187 9840 6259 2149 2563 16187 8710 4776 6499 6276 16187 830 926 16187
1655 12233 14180 3102 8719 9222 3171 10917 10033 13348 16187 830 4776 1441 16187 16187
12716 8268 4776 5820 4472 3177 3171 2563 5340 8719 2263 3052 16187 16187 16187 16187
3842 3171 16187 11889 4776 10033 8268 8712 5867 10355 8268 6011 16138 11553 12233 2823
1655 12233 14180 3102 8719 9222 3171 10917 10033 13348 16187 830 4776 1441 16187 16187
926 16187 16187 16187 16187 16187 16187 16187 16187 16187 16187 16187 16187 16187 16187 16187
3842 3171 16187 11889 4776 10033 8268 8712 5867 10355 8268 6011 16138 11553 12233 2552
1655 12233 14180 3102 8719 9222 3171 10917 10033 13348 16187 830 4776 1441 16187 16187
8712 3112 830 1954 12606 10244 14237 8656 926 16187 16187 16187 16187 16187 16187 16187
3842 3171 16187 11889 4776 10033 8268 8712 5867 10355 8268 6011 16138 11553 12233 2823
1655 12233 14180 3102 8719 9222 3171 10917 10033 13348 16187 830 4776 1441 16187 16187
7831 926 8710 3098 1955 1954 9925 3042 14237 4648 7825 9457 926 16187 16187 16187
3842 3171 16187 9840 6259 2149 2563 16187 8710 4776 6499 6276 16187 830 926 16187
1655 12233 14180 3102 8719 9222 3171 10917 10033 13348 16187 830 4776 1441 16187 16187
1344 789 7831 4041 11484 9534 14237 5463 8710 487 6259 5948 16187 16187 16187 16187
3842 3171 16187 11889 4776 10033 8268 8712 5867 10355 8268 6011 16138 11553 12233 2823
1655 12233 14180 3102 8719 9222 3171 10917 10033 13348 16187 830 4776 1441 16187 16187
6259 14426 926 5463 6179 13501 5350 7978 16187 16187 16187 16187 16187 16187 16187 16187
3842 3171 16187 11889 4776 10033 8268 8712 5867 10355 8268 6011 16138 11553 12233 2552
1655 12233 14180 3102 8719 9222 3171 10917 10033 13348 16187 830 4776 1441 16187 16187
5332 4624 14776 8781 6423 1919 16078 3177 1825 5463 15202 4931 16187 16187 16187 16187
3842 3171 16187 11889 4776 10033 8268 8712 5867 10355 8268 6011 16138 11553 12233 2823
1655 12233 14180 3102 8719 9222 3171 10917 10033 13348 16187 830 4776 1441 16187 16187
4311 8268 4776 926 16187 16187 16187 16187 16187 16187 16187 16187 16187 16187 16187 16187
3842 3171 16187 11889 4776 10033 8268 8712 5867 10355 8268 6011 16138 11553 12233 2552
1655 12233 14180 3102 8719 9222 3171 10917 10033 13348 16187 830 4776 1441 16187 16187
14069 8710 13084 8808 10801 16187 16187 16187 16187 16187 16187 16187 16187 16187 16187 16187
3842 3171 16187 11889 4776 10033 8268 8712 5867 10355 8268 6011 16138 11553 12233 2823
1655 12233 14180 3102 8719 9222 3171 10917 10033 13348 16187 830 4776 1441 16187 16187
1138 1750 4421 10668 5711 2025 15662 16187 16187 16187 16187 16187 16187 16187 16187 16187
3842 3171 16187 11889 4776 10033 8268 8712 5867 10355 8268 6011 16138 11553 12233 2823
1655 12233 14180 3102 8719 9222 3171 10917 10033 13348 16187 830 4776 1441 16187 16187
8712 5867 5297 716 2689 16187 16187 16187 16187 16187 16187 16187 16187 16187 16187 16187
3842 3171 16187 9840 6259 2149 2563 16187 7542 16187 6259 10894 3177 16187 16187 16187
1655 12233 14180 3102 8719 9222 3171 10917 10033 13348 16187 830 4776 1441 16187 16187
7740 11839 3171 4931 1954 12256 13103 16187 16187 16187 16187 16187 16187 16187 16187 16187
3842 3171 16187 9840 6259 2149 2563 16187 7542 16187 6259 10894 3177 16187 16187 16187
1655 12233 14180 3102 8719 9222 3171 10917 10033 13348 16187 830 4776 1441 16187 16187
1229 14272 9084 8733 3171 9618 1229 5695 2598 16187 16187 16187 16187 16187 16187 16187
3842 3171 16187 9840 6259 2149 2563 16187 8710 4776 6499 6276 16187 830 926 16187
1655 12233 14180 3102 8719 9222 3171 10917 10033 13348 16187 830 4776 1441 16187 16187
15597 2400 8268 15597 6289 8268 8710 8423 4303 8798 10434 12233 2552 4634 16187 16187
3842 3171 16187 11889 4776 10033 8268 8712 5867 10355 8268 6011 16138 11553 12233 2823
1655 12233 14180 3102 8719 9222 3171 10917 10033 13348 16187 830 4776 1441 16187 16187
4776 14599 8710 10518 12233 2823 6259 10894 9449 16187 16187 16187 16187 16187 16187 16187
3842 3171 16187 9840 6259 2149 2563 16187 8710 4776 6499 6276 16187 830 926 16187
1655 12233 14180 3102 8719 9222 3171 10917 10033 13348 16187 830 4776 1441 16187 16187
3171 8710 6826 10355 817 8982 2053 11728 14237 5657 3994 2563 16187 16187 16187 16187
3842 3171 16187 11889 4776 10033 8268 8712 5867 10355 8268 6011 16138 11553 12233 2552
1655 12233 14180 3102 8719 9222 3171 10917 10033 13348 16187 830 4776 1441 16187 16187
6259 9450 2148 512 5328 3177 2263 2664 4931 12501 5867 7737 16187 16187 16187 16187
3842 3171 16187 9840 6259 2149 2563 16187 7542 16187 6259 10894 3177 16187 16187 16187
1655 12233 14180 3102 8719 9222 3171 10917 10033 13348 16187 830 4776 1441 16187 16187
5329 6259 3098 1023 830 6259 9339 8808 16187 16187 16187 16187 16187 16187 16187 16187
3842 3171 16187 11889 4776 10033 8268 8712 5867 10355 8268 6011 16138 11553 12233 2823
1655 12233 14180 3102 8719 9222 3171 10917 10033 13348 16187 830 4776 1441 16187 16187
12008 12115 4776 926 4931 6259 15819 10033 5463 771 10762 12835 16187 16187 16187 16187
3842 3171 16187 9840 6259 2149 2563 16187 8710 4776 6499 6276 16187 830 926 16187
1655 12233 14180 3102 8719 9222 3171 10917 10033 13348 16187 830 4776 1441 16187 16187
12008 4776 15907 4440 14776 10915 3098 14237 16076 7398 2326 5208 14889 16187 16187 16187
3842 3171 16187 11889 4776 10033 8268 8712 5867 10355 8268 6011 16138 11553 12233 2823
1655 12233 14180 3102 8719 9222 3171 10917 10033 13348 16187 830 4776 1441 16187 16187
7742 8268 5537 14029 16187 16187 16187 16187 16187 16187 16187 16187 16187 16187 16187 16187
3842 3171 16187 9840 6259 2149 2563 16187 8710 4776 6499 6276 16187 830 926 16187
1655 12233 14180 3102 8719 9222 3171 10917 10033 13348 16187 830 4776 1441 16187 16187
4776 8947 3177 4776 5425 12716 8710 6259 1242 16187 16187 16187 16187 16187 16187 16187
3842 3171 16187 11889 4776 10033 8268 8712 5867 10355 8268 6011 16138 11553 12233 2823
1655 12233 14180 3102 8719 9222 3171 10917 10033 13348 16187 830 4776 1441 16187 16187
11558 8268 4776 13890 3177 3171 10033 4552 9754 9429 1094 4776 9790 11331 16187 16187
3842 3171 16187 11889 4776 10033 8268 8712 5867 10355 8268 6011 16138 11553 12233 2552
1655 12233 14180 3102 8719 9222 3171 10917 10033 13348 16187 830 4776 1441 16187 16187
6259 15781 1229 5902 8268 13474 779 12233 12721 593 9265 13348 16187 16187 16187 16187
3842 3171 16187 11889 4776 10033 8268 8712 5867 10355 8268 6011 16138 11553 12233 2552
1655 12233 14180 3102 8719 9222 3171 10917 10033 13348 16187 830 4776 1441 16187 16187
3171 8710 6259 6070 10355 2563 16187 16187 16187 16187 16187 16187 16187 16187 16187 16187
3842 3171 16187 11889 4776 10033 8268 8712 5867 10355 8268 6011 16138 11553 12233 2823
1655 12233 14180 3102 8719 9222 3171 10917 10033 13348 16187 830 4776 1441 16187 16187
6597 1230 13348 16187 16187 16187 16187 16187 16187 16187 16187 16187 16187 16187 16187 16187
3842 3171 16187 9840 6259 2149 2563 16187 8710 4776 6499 6276 16187 830 926 16187
1655 12233 14180 3102 8719 9222 3171 10917 10033 13348 16187 830 4776 1441 16187 16187
926 4931 926 14237 4931 14364 12233 926 13242 12233 12507 16187 16187 16187 16187 16187
3842 3171 16187 9840 6259 2149 2563 16187 7542 16187 6259 10894 3177 16187 16187 16187
1655 12233 14180 3102 8719 9222 3171 10917 10033 13348 16187 830 4776 1441 16187 16187
6173 10566 3177 4776 13783 12051 8710 7758 10719 3171 10033 16187 16187 16187 16187 16187
3842 3171 16187 9840 6259 2149 2563 16187 8710 4776 6499 6276 16187 830 926 16187
1655 12233 14180 3102 8719 9222 3171 10917 10033 13348 16187 830 4776 1441 16187 16187
7926 9113 6259 11113 5463 15335 14172 5208 870 16187 16187 16187 16187 16187 16187 16187
3842 3171 16187 9840 6259 2149 2563 16187 8710 4776 6499 6276 16187 830 926 16187
1655 12233 14180 3102 8719 9222 3171 10917 10033 13348 16187 830 4776 1441 16187 16187
14237 9139 3847 8712 9786 3748 16187 16187 16187 16187 16187 16187 16187 16187 16187 16187
3842 3171 16187 11889 4776 10033 8268 8712 5867 10355 8268 6011 16138 11553 12233 2823
1655 12233 14180 3102 8719 9222 3171 10917 10033 13348 16187 830 4776 1441 16187 16187
14180 4776 2954 14776 12195 16187 16187 16187 16187 16187 16187 16187 16187 16187 16187 16187
3842 3171 16187 9840 6259 2149 2563 16187 7542 16187 6259 10894 3177 16187 16187 16187
1655 12233 14180 3102 8719 9222 3171 10917 10033 13348 16187 830 4776 1441 16187 16187
926 5867 9957 9498 3098 16187 16187 16187 16187 16187 16187 16187 16187 16187 16187 16187
3842 3171 16187 9840 6259 2149 2563 16187 8710 4776 6499 6276 16187 830 926 16187
1655 12233 14180 3102 8719 9222 3171 10917 10033 13348 16187 830 4776 1441 16187 16187
12127 8808 4931 5329 12479 16187 16187 16187 16187 16187 16187 16187 16187 16187 16187 16187
3842 3171 16187 9840 6259 2149 2563 16187 7542 16187 6259 10894 3177 16187 16187 16187
1655 12233 14180 3102 8719 9222 3171 10917 10033 13348 16187 830 4776 1441 16187 16187
3171 4931 6259 926 12233 4776 926 10728 13348 16187 16187 16187 16187 16187 16187 16187
3842 3171 16187 11889 4776 10033 8268 8712 5867 10355 8268 6011 16138 11553 12233 2552
1655 12233 14180 3102 8719 9222 3171 10917 10033 13348 16187 830 4776 1441 16187 16187
8712 9447 11889 6259 8569 5721 8268 12008 8712 5867 5329 16187 16187 16187 16187 16187
3842 3171 16187 9840 6259 2149 2563 16187 7542 16187 6259 10894 16187 16187 16187 12495
1655 12233 14180 3102 8719 9222 3171 10917 10033 13348 16187 830 4776 1441 16187 16187
15978 3177 4776 5358 8268 6545 2221 14043 10418 2598 16187 16187 16187 16187 16187 16187
3842 3171 16187 11889 4776 10033 8268 8712 5867 10355 8268 6011 16138 11553 12233 2823
1655 12233 14180 3102 8719 9222 3171 10917 10033 13348 16187 830 4776 1441 16187 16187
5297 4552 16187 16187 16187 16187 16187 16187 16187 16187 16187 16187 16187 16187 16187 16187
3842 3171 16187 9840 6259 2149 2563 16187 7542 16187 6259 10894 3177 16187 16187 16187
1655 12233 14180 3102 8719 9222 3171 10917 10033 13348 16187 830 4776 1441 16187 16187
7740 2976 15525 423 630 8270 16187 16187 16187 16187 16187 16187 16187 16187 16187 16187
3842 3171 16187 11889 4776 10033 8268 8712 5867 10355 8268 6011 16138 11553 12233 2823
1655 12233 14180 3102 8719 9222 3171 10917 10033 13348 16187 830 4776 1441 16187 16187
6259 9684 16187 16187 16187 16187 16187 16187 16187 16187 16187 16187 16187 16187 16187 16187
3842 3171 16187 11889 4776 10033 8268 8712 5867 10355 8268 6011 16138 11553 12233 2823
1655 12233 14180 3102 8719 9222 3171 10917 10033 13348 16187 830 4776 1441 16187 16187
14734 13110 4440 10719 4776 2563 14776 6259 7652 12233 12650 16187 16187 16187 16187 16187
3842 3171 16187 9840 6259 2149 2563 16187 7542 16187 6259 10894 3177 16187 16187 16187
1655 12233 14180 3102 8719 9222 3171 10917 10033 13348 16187 830 4776 1441 16187 16187
14237 3171 8710 6259 2176 10033 7508 16187 16187 16187 16187 16187 16187 16187 16187 16187
3842 3171 16187 9840 6259 2149 2563 16187 8710 4776 6499 6276 16187 830 926 16187
1655 12233 14180 3102 8719 9222 3171 10917 10033 13348 16187 830 4776 1441 16187 16187
12276 6745 8620 14237 1885 926 12515 9070 12233 4776 2169 12233 12650 6259 2563 16187
3842 3171 16187 11889 4776 10033 8268 8712 5867 10355 8268 6011 16138 11553 12233 2823
1655 12233 14180 3102 8719 9222 3171 10917 10033 13348 16187 830 4776 1441 16187 16187
12401 8808 779 6259 14788 13881 8268 15649 9721 14029 9708 16187 16187 16187 16187 16187
3842 3171 16187 9840 6259 2149 2563 16187 8710 4776 6499 6276 16187 830 926 16187
1655 12233 14180 3102 8719 9222 3171 10917 10033 13348 16187 830 4776 1441 16187 16187
4776 10033 8710 2684 10471 1919 4776 8124 1487 3177 4776 1726 9954 3177 926 16187
3842 3171 16187 11889 4776 10033 8268 8712 5867 10355 8268 6011 16138 11553 12233 2823
1655 12233 14180 3102 8719 9222 3171 10917 10033 13348 16187 830 4776 1441 16187 16187
4776 5568 10355 9424 11953 3171 10033 8710 4776 3078 16187 16187 16187 16187 16187 16187
3842 3171 16187 11889 4776 10033 8268 8712 5867 10355 8268 6011 16138 11553 12233 2552
1655 12233 14180 3102 8719 9222 3171 10917 10033 13348 16187 830 4776 1441 16187 16187
14139 9484 16187 16187 16187 16187 16187 16187 16187 16187 16187 16187 16187 16187 16187 16187
3842 3171 16187 11889 4776 10033 8268 8712 5867 10355 8268 6011 16138 11553 12233 2823
1655 12233 14180 3102 8719 9222 3171 10917 10033 13348 16187 830 4776 1441 16187 16187
4776 8078 3177 4776 6377 926 8719 4776 10515 926 3177 926 1186 16187 16187 16187
3842 3171 16187 9840 6259 2149 2563 16187 8710 4776 6499 6276 16187 830 926 16187
1655 12233 14180 3102 8719 9222 3171 10917 10033 13348 16187 830 4776 1441 16187 16187
5356 13667 5656 3748 15 11889 9382 31 8719 5909 16187 16187 16187 16187 16187 16187
3842 3171 16187 11889 4776 10033 8268 8712 5867 10355 8268 6011 16138 11553 12233 2552
1655 12233 14180 3102 8719 9222 3171 10917 10033 13348 16187 830 4776 1441 16187 16187
14272 6259 6303 7740 4931 16187 16187 16187 16187 16187 16187 16187 16187 16187 16187 16187
3842 3171 16187 9840 6259 2149 2563 16187 8710 4776 6499 6276 16187 830 926 16187
1655 12233 14180 3102 8719 9222 3171 10917 10033 13348 16187 830 4776 1441 16187 16187
8712 7164 3748 1507 8268 14237 9084 9754 2121 2903 137 8712 4931 11789 12349 16187
3842 3171 16187 11889 4776 10033 8268 8712 5867 10355 8268 6011 16138 11553 12233 2552
1655 12233 14180 3102 8719 9222 3171 10917 10033 13348 16187 830 4776 1441 16187 16187
4624 16138 2823 10602 16187 16187 16187 16187 16187 16187 16187 16187 16187 16187 16187 16187
3842 3171 16187 11889 4776 10033 8268 8712 5867 10355 8268 6011 16138 11553 12233 2823
1655 12233 14180 3102 8719 9222 3171 10917 10033 13348 16187 830 4776 1441 16187 16187
1229 4776 9956 3177 4949 6071 8710 1495 1778 4776 6 1919 6259 7151 2598 16187
3842 3171 16187 9840 6259 2149 2563 16187 7542 16187 6259 10894 3177 16187 16187 16187
1655 12233 14180 3102 8719 9222 3171 10917 10033 13348 16187 830 4776 1441 16187 16187
1058 3939 8693 4776 11283 16187 16187 16187 16187 16187 16187 16187 16187 16187 16187 16187
3842 3171 16187 11889 4776 10033 8268 8712 5867 10355 8268 6011 16138 11553 12233 2823
1655 12233 14180 3102 8719 9222 3171 10917 10033 13348 16187 830 4776 1441 16187 16187
7974 14827 15525 13474 779 9692 16187 16187 16187 16187 16187 16187 16187 16187 16187 16187
3842 3171 16187 11889 4776 10033 8268 8712 5867 10355 8268 6011 16138 11553 12233 2823
1655 12233 14180 3102 8719 9222 3171 10917 10033 13348 16187 830 4776 1441 16187 16187
4776 5910 13317 8268 926 926 8268 8710 6259 4565 443 16187 16187 16187 16187 16187
3842 3171 16187 9840 6259 2149 2563 16187 8710 4776 6499 6276 16187 830 926 16187
1655 12233 14180 3102 8719 9222 3171 10917 10033 13348 16187 830 4776 1441 16187 16187
10955 8710 5297 6259 15778 8719 326 4571 16187 16187 16187 16187 16187 16187 16187 16187
3842 3171 16187 11889 4776 10033 8268 8712 5867 10355 8268 6011 16138 11553 12233 2823
1655 12233 14180 3102 8719 9222 3171 10917 10033 13348 16187 830 4776 1441 16187 16187
3171 2563 3847 5329 14186 2122 8719 8712 5867 16153 9890 16187 16187 16187 16187 16187
3842 3171 16187 11889 4776 10033 8268 8712 5867 10355 8268 6011 16138 11553 12233 2823
1655 12233 14180 3102 8719 9222 3171 10917 10033 13348 16187 830 4776 1441 16187 16187
2599 5867 9605 1378 9424 49 8268 12576 16187 16187 16187 16187 16187 16187 16187 16187
3842 3171 16187 9840 6259 2149 2563 16187 8710 4776 6499 6276 16187 830 926 16187
1655 12233 14180 3102 8719 9222 3171 10917 10033 13348 16187 830 4776 1441 16187 16187
1229 7740 1453 13084 10312 830 14734 8521 16187 16187 16187 16187 16187 16187 16187 16187
3842 3171 16187 11889 4776 10033 8268 8712 5867 10355 8268 6011 16138 11553 12233 2552
1655 12233 14180 3102 8719 9222 3171 10917 10033 13348 16187 830 4776 1441 16187 16187
7740 3364 9754 9605 2077 4776 9431 1813 14043 12050 12028 3177 3171 2563 16187 16187
3842 3171 16187 11889 4776 10033 8268 8712 5867 10355 8268 6011 16138 11553 12233 2823
1655 12233 14180 3102 8719 9222 3171 10917 10033 13348 16187 830 4776 1441 16187 16187
6070 12606 16187 16187 16187 16187 16187 16187 16187 16187 16187 16187 16187 16187 16187 16187
3842 3171 16187 9840 6259 2149 2563 16187 8710 4776 6499 6276 16187 830 926 16187
1655 12233 14180 3102 8719 9222 3171 10917 10033 13348 16187 830 4776 1441 16187 16187
5238 8268 4776 13839 830 6392 1327 926 1390 8710 6535 1207 14029 16187 16187 16187
3842 3171 16187 11889 4776 10033 8268 8712 5867 10355 8268 6011 16138 11553 12233 2823
1655 12233 14180 3102 8719 9222 3171 10917 10033 13348 16187 830 4776 1441 16187 16187
9290 14029 2643 13973 2601 10686 3177 10033 2858 1398 14251 16187 16187 16187 16187 16187
3842 3171 16187 11889 4776 10033 8268 8712 5867 10355 8268 6011 16138 11553 12233 2823
1655 12233 14180 3102 8719 9222 3171 10917 10033 13348 16187 830 4776 1441 16187 16187
14411 1502 820 5208 4189 14029 926 16187 16187 16187 16187 16187 16187 16187 16187 16187
3842 3171 16187 9840 6259 2149 2563 16187 7542 16187 6259 10894 3177 16187 16187 16187
1655 12233 14180 3102 8719 9222 3171 10917 10033 13348 16187 830 4776 1441 16187 16187
6259 10894 6929 12233 1138 5711 3211 1138 926 13348 16187 16187 16187 16187 16187 16187
3842 3171 16187 11889 4776 10033 8268 8712 5867 10355 8268 6011 16138 11553 12233 2823
1655 12233 14180 3102 8719 9222 3171 10917 10033 13348 16187 830 4776 1441 16187 16187
6689 3171 3364 2451 168 8268 5568 14112 5208 926 4776 3449 8719 3171 12538 16187
3842 3171 16187 9840 6259 2149 2563 16187 7542 16187 6259 10894 3177 16187 16187 16187
1655 12233 14180 3102 8719 9222 3171 10917 10033 13348 16187 830 4776 1441 16187 16187
14325 14672 13832 5329 6070 926 3177 3171 8761 16187 16187 16187 16187 16187 16187 16187
3842 3171 16187 9840 6259 2149 2563 16187 8710 4776 6499 6276 16187 830 926 16187
1655 12233 14180 3102 8719 9222 3171 10917 10033 13348 16187 830 4776 1441 16187 16187
11244 13092 4776 6585 2903 9575 16187 16187 16187 16187 16187 16187 16187 16187 16187 16187
3842 3171 16187 9840 6259 2149 2563 16187 7542 16187 6259 10894 16187 16187 16187 3177
1655 12233 14180 3102 8719 9222 3171 10917 10033 13348 16187 830 4776 1441 16187 16187
8719 3511 8268 3171 4931 4776 9431 10936 9455 8084 2326 16105 6550 4776 2563 16187
3842 3171 16187 11889 4776 10033 8268 8712 5867 10355 8268 6011 16138 11553 12233 2823
1655 12233 14180 3102 8719 9222 3171 10917 10033 13348 16187 830 4776 1441 16187 16187
4776 2595 5629 1885 14237 926 4931 5314 11209 16187 16187 16187 16187 16187 16187 16187
3842 3171 16187 9840 6259 2149 2563 16187 8710 4776 6499 6276 16187 830 926 16187
1655 12233 14180 3102 8719 9222 3171 10917 10033 13348 16187 830 4776 1441 16187 16187
8712 8710 6259 10214 10314 12233 8268 14237 3322 4776 2563 4152 4634 16187 16187 16187
3842 3171 16187 9840 6259 2149 2563 16187 8710 4776 6499 6276 16187 830 926 16187
1655 12233 14180 3102 8719 9222 3171 10917 10033 13348 16187 830 4776 1441 16187 16187
13181 1146 14457 8268 9563 6006 14237 4302 14265 8268 12654 3690 5947 2664 16187 16187
3842 3171 16187 9840 6259 2149 2563 16187 8710 4776 6499 6276 16187 830 926 16187
1655 12233 14180 3102 8719 9222 3171 10917 10033 13348 16187 830 4776 1441 16187 16187
14272 7740 12102 11953 3171 9577 8710 203 12105 4776 13141 14776 13663 16187 16187 16187
3842 3171 16187 9840 6259 2149 2563 16187 7542 16187 6259 10894 3177 16187 16187 16187
1655 12233 14180 3102 8719 9222 3171 10917 10033 13348 16187 830 4776 1441 16187 16187
15895 14237 926 14776 7661 12256 2946 14237 8197 5831 6499 16187 16187 16187 16187 16187
3842 3171 16187 11889 4776 10033 8268 8712 5867 10355 8268 6011 16138 11553 12233 2823
1655 12233 14180 3102 8719 9222 3171 10917 10033 13348 16187 830 4776 1441 16187 16187
15408 8268 4624 12431 15637 14112 5416 1919 4537 6259 13939 3177 926 926 16187 16187
3842 3171 16187 11889 4776 10033 8268 8712 5867 10355 8268 6011 16138 11553 12233 2823
1655 12233 14180 3102 8719 9222 3171 10917 10033 13348 16187 830 4776 1441 16187 16187
15843 10566 1133 13280 8268 7926 3847 9754 926 8712 14237 9745 1120 16187 16187 16187
3842 3171 16187 9840 6259 2149 2563 16187 7542 16187 6259 10894 3177 16187 16187 16187
1655 12233 14180 3102 8719 9222 3171 10917 10033 13348 16187 830 4776 1441 16187 16187
12008 2599 5867 9605 5820 91 8268 8542 4776 9290 5208 5329 11192 13348 16187 16187
3842 3171 16187 11889 4776 10033 8268 8712 5867 10355 8268 6011 16138 11553 12233 2552
1655 12233 14180 3102 8719 9222 3171 10917 10033 13348 16187 830 4776 1441 16187 16187
926 4931 926 2837 4776 2353 8268 10799 16187 16187 16187 16187 16187 16187 16187 16187
3842 3171 16187 11889 4776 10033 8268 8712 5867 10355 8268 6011 16138 11553 12233 2823
1655 12233 14180 3102 8719 9222 3171 10917 10033 13348 16187 830 4776 1441 16187 16187
1378 926 4776 16146 12233 2053 4552 4776 15392 2558 3994 16187 16187 16187 16187 16187
3842 3171 16187 11889 4776 10033 8268 8712 5867 10355 8268 6011 16138 11553 12233 2823
1655 12233 14180 3102 8719 9222 3171 10917 10033 13348 16187 830 4776 1441 16187 16187
7740 4931 6391 6826 16187 16187 16187 16187 16187 16187 16187 16187 16187 16187 16187 16187
3842 3171 16187 11889 4776 10033 8268 8712 5867 10355 8268 6011 16138 11553 12233 2823
1655 12233 14180 3102 8719 9222 3171 10917 10033 13348 16187 830 4776 1441 16187 16187
1957 9431 7740 11839 8268 1019 9084 7740 2552 6259 9780 10033 2598 16187 16187 16187
3842 3171 16187 9840 6259 2149 2563 16187 7542 16187 6259 10894 3177 16187 16187 16187
1655 12233 14180 3102 8719 9222 3171 10917 10033 13348 16187 830 4776 1441 16187 16187
6259 926 15525 3177 9305 14237 12181 8353 830 14734 926 13186 16187 16187 16187 16187
3842 3171 16187 9840 6259 2149 2563 16187 7542 16187 6259 10894 3177 16187 16187 16187
1655 12233 14180 3102 8719 9222 3171 10917 10033 13348 16187 830 4776 1441 16187 16187
1955 4776 926 6585 8719 4776 15416 8307 16187 16187 16187 16187 16187 16187 16187 16187
3842 3171 16187 11889 4776 10033 8268 8712 5867 10355 8268 6011 16138 11553 12233 2823
1655 12233 14180 3102 8719 9222 3171 10917 10033 13348 16187 830 4776 1441 16187 16187
2837 4776 12298 3177 3171 2563 8268 6011 15846 2552 6259 9780 926 11110 16187 16187
3842 3171 16187 11889 4776 10033 8268 8712 5867 10355 8268 6011 16138 11553 12233 2823
1655 12233 14180 3102 8719 9222 3171 10917 10033 13348 16187 830 4776 1441 16187 16187
14237 1229 4776 1378 15658 684 1885 11382 16187 16187 16187 16187 16187 16187 16187 16187
3842 3171 16187 11889 4776 10033 8268 8712 5867 10355 8268 6011 16138 11553 12233 2823
1655 12233 14180 3102 8719 9222 3171 10917 10033 13348 16187 830 4776 1441 16187 16187
4776 13839 14776 10355 14237 926 926 3112 830 6259 10762 8887 16187 16187 16187 16187
3842 3171 16187 9840 6259 2149 2563 16187 7542 16187 6259 10894 16187 16187 16187 2167
1655 12233 14180 3102 8719 9222 3171 10917 10033 13348 16187 830 4776 1441 16187 16187
1711 8268 734 779 926 4776 2563 16187 16187 16187 16187 16187 16187 16187 16187 16187
3842 3171 16187 9840 6259 2149 2563 16187 8710 4776 6499 6276 16187 830 926 16187
1655 12233 14180 3102 8719 9222 3171 10917 10033 13348 16187 830 4776 1441 16187 16187
15231 2598 16187 16187 16187 16187 16187 16187 16187 16187 16187 16187 16187 16187 16187 16187
3842 3171 16187 9840 6259 2149 2563 16187 8710 4776 6499 6276 16187 830 926 16187
1655 12233 14180 3102 8719 9222 3171 10917 10033 13348 16187 830 4776 1441 16187 16187
14237 4624 11889 8712 5463 4927 16187 16187 16187 16187 16187 16187 16187 16187 16187 16187
3842 3171 16187 11889 4776 10033 8268 8712 5867 10355 8268 6011 16138 11553 12233 2823
1655 12233 14180 3102 8719 9222 3171 10917 10033 13348 16187 830 4776 1441 16187 16187
926 926 8710 1378 9290 15658 8026 12233 9887 718 16187 16187 16187 16187 16187 16187
3842 3171 16187 9840 6259 2149 2563 16187 8710 4776 6499 6276 16187 830 926 16187
1655 12233 14180 3102 8719 9222 3171 10917 10033 13348 16187 830 4776 1441 16187 16187
3364 13474 2823 12545 12233 6259 13904 926 2598 16187 16187 16187 16187 16187 16187 16187
3842 3171 16187 9840 6259 2149 2563 16187 7542 16187 6259 10894 3177 16187 16187 16187
1655 12233 14180 3102 8719 9222 3171 10917 10033 13348 16187 830 4776 1441 16187 16187
6070 10355 13348 16187 16187 16187 16187 16187 16187 16187 16187 16187 16187 16187 16187 16187
3842 3171 16187 9840 6259 2149 2563 16187 8710 4776 6499 6276 16187 830 926 16187
1655 12233 14180 3102 8719 9222 3171 10917 10033 13348 16187 830 4776 1441 16187 16187
7542 8268 1138 13208 5711 8710 6259 15819 471 16187 16187 16187 16187 16187 16187 16187
3842 3171 16187 11889 4776 10033 8268 8712 5867 10355 8268 6011 16138 11553 12233 2823
1655 12233 14180 3102 8719 9222 3171 10917 10033 13348 16187 830 4776 1441 16187 16187
91 4776 8404 4537 926 9264 10770 14237 2550 5119 16187 16187 16187 16187 16187 16187
3842 3171 16187 9840 6259 2149 2563 16187 8710 4776 6499 6276 16187 830 926 16187
1655 12233 14180 3102 8719 9222 3171 10917 10033 13348 16187 830 4776 1441 16187 16187
4776 6161 4571 15525 3177 6306 16187 16187 16187 16187 16187 16187 16187 16187 16187 16187
3842 3171 16187 11889 4776 10033 8268 8712 5867 10355 8268 6011 16138 11553 12233 2823
1655 12233 14180 3102 8719 9222 3171 10917 10033 13348 16187 830 4776 1441 16187 16187
4776 10418 8710 5329 7594 8719 3171 1378 16187 16187 16187 16187 16187 16187 16187 16187
3842 3171 16187 11889 4776 10033 8268 8712 5867 10355 8268 6011 16138 11553 12233 2823
1655 12233 14180 3102 8719 9222 3171 10917 10033 13348 16187 830 4776 1441 16187 16187
8712 5867 15978 3177 5713 9039 4776 9131 14281 779 6259 9221 12601 16187 16187 16187
3842 3171 16187 11889 4776 10033 8268 8712 5867 10355 8268 6011 16138 11553 12233 2823
1655 12233 14180 3102 8719 9222 3171 10917 10033 13348 16187 830 4776 1441 16187 16187
14180 1885 10399 4189 926 12233 14691 15202 1885 7367 926 926 16187 16187 16187 16187
3842 3171 16187 9840 6259 2149 2563 16187 8710 4776 6499 6276 16187 830 926 16187
1655 12233 14180 3102 8719 9222 3171 10917 10033 13348 16187 830 4776 1441 16187 16187
6594 13348 16187 16187 16187 16187 16187 16187 16187 16187 16187 16187 16187 16187 16187 16187
3842 3171 16187 9840 6259 2149 2563 16187 8710 4776 6499 6276 16187 830 926 16187
1655 12233 14180 3102 8719 9222 3171 10917 10033 13348 16187 830 4776 1441 16187 16187
13084 16187 16187 16187 16187 16187 16187 16187 16187 16187 16187 16187 16187 16187 16187 16187
3842 3171 16187 11889 4776 10033 8268 8712 5867 10355 8268 6011 16138 11553 12233 2823
1655 12233 14180 3102 8719 9222 3171 10917 10033 13348 16187 830 4776 1441 16187 16187
7740 9429 8268 13907 14745 8268 7740 12232 9754 11553 12571 15202 16187 16187 16187 16187
3842 3171 16187 9840 6259 2149 2563 16187 7542 16187 6259 10894 3177 16187 16187 16187
1655 12233 14180 3102 8719 9222 3171 10917 10033 13348 16187 830 4776 1441 16187 16187
3364 8712 789 2823 13592 926 2598 16187 16187 16187 16187 16187 16187 16187 16187 16187
3842 3171 16187 9840 6259 2149 2563 16187 8710 4776 6499 6276 16187 830 926 16187
1655 12233 14180 3102 8719 9222 3171 10917 10033 13348 16187 830 4776 1441 16187 16187
8712 3847 9754 9605 13592 8270 512 3171 5711 16187 16187 16187 16187 16187 16187 16187
3842 3171 16187 9840 6259 2149 2563 16187 7542 16187 6259 10894 3177 16187 16187 16187
1655 12233 14180 3102 8719 9222 3171 10917 10033 13348 16187 830 4776 1441 16187 16187
3796 926 15304 926 4917 926 14237 3204 926 2823 8790 12233 12729 1885 16187 16187
3842 3171 16187 11889 4776 10033 8268 8712 5867 10355 8268 6011 16138 11553 12233 2823
1655 12233 14180 3102 8719 9222 3171 10917 10033 13348 16187 830 4776 1441 16187 16187
8796 8268 3177 1245 3171 2563 8710 6259 12478 8268 14180 8185 14776 16187 16187 16187
3842 3171 16187 11889 4776 10033 8268 8712 5867 10355 8268 6011 16138 11553 12233 2823
1655 12233 14180 3102 8719 9222 3171 10917 10033 13348 16187 830 4776 1441 16187 16187
6011 15846 9890 7001 1919 4776 10033 14043 6011 4628 9754 16187 16187 16187 16187 16187
3842 3171 16187 9840 6259 2149 2563 16187 8710 4776 6499 6276 16187 830 926 16187
1655 12233 14180 3102 8719 9222 3171 10917 10033 13348 16187 830 4776 1441 16187 16187
4776 4477 14237 926 926 1865 4776 9790 8157 3177 8808 14237 15840 12825 2819 16187
3842 3171 16187 11889 4776 10033 8268 8712 5867 10355 8268 6011 16138 11553 12233 2823
1655 12233 14180 3102 8719 9222 3171 10917 10033 13348 16187 830 4776 1441 16187 16187
1138 926 5711 8710 6259 6070 7742 10471 10033 3537 16187 16187 16187 16187 16187 16187
3842 3171 16187 11889 4776 10033 8268 8712 5867 10355 8268 6011 16138 11553 12233 2823
1655 12233 14180 3102 8719 9222 3171 10917 10033 13348 16187 830 4776 1441 16187 16187
9316 926 11716 4609 4931 1435 8719 10781 16187 16187 16187 16187 16187 16187 16187 16187
3842 3171 16187 11889 4776 10033 8268 8712 5867 10355 8268 6011 16138 11553 12233 2823
1655 12233 14180 3102 8719 9222 3171 10917 10033 13348 16187 830 4776 1441 16187 16187
5462 14180 3177 4312 12721 8733 2903 8268 14776 926 14043 926 16187 16187 16187 16187
3842 3171 16187 11889 4776 10033 8268 8712 5867 10355 8268 6011 16138 11553 12233 2823
1655 12233 14180 3102 8719 9222 3171 10917 10033 13348 16187 830 4776 1441 16187 16187
7740 12232 11553 12233 1436 5463 5867 12276 1860 14220 3177 3171 7310 16187 16187 16187
3842 3171 16187 9840 6259 2149 2563 16187 7542 16187 6259 10894 3177 16187 16187 16187
1655 12233 14180 3102 8719 9222 3171 10917 10033 13348 16187 830 4776 1441 16187 16187
6259 594 8268 8712 2326 8710 16187 16187 16187 16187 16187 16187 16187 16187 16187 16187
3842 3171 16187 11889 4776 10033 8268 8712 5867 10355 8268 6011 16138 11553 12233 2823
1655 12233 14180 3102 8719 9222 3171 10917 10033 13348 16187 830 4776 1441 16187 16187
2143 9484 4832 9143 8710 6259 6070 2689 10033 16187 16187 16187 16187 16187 16187 16187
3842 3171 16187 9840 6259 2149 2563 16187 7542 16187 6259 10894 3177 16187 16187 16187
1655 12233 14180 3102 8719 9222 3171 10917 10033 13348 16187 830 4776 1441 16187 16187
8712 15881 6363 3418 10967 9070 16187 16187 16187 16187 16187 16187 16187 16187 16187 16187
3842 3171 16187 11889 4776 10033 8268 8712 5867 10355 8268 6011 16138 11553 12233 2823
1655 12233 14180 3102 8719 9222 3171 10917 10033 13348 16187 830 4776 1441 16187 16187
7926 5329 5568 6234 4949 12233 14734 15721 8268 7926 14768 4312 16187 16187 16187 16187
3842 3171 16187 9840 6259 2149 2563 16187 7542 16187 6259 10894 16187 16187 16187 2167
1655 12233 14180 3102 8719 9222 3171 10917 10033 13348 16187 830 4776 1441 16187 16187
4776 13175 8710 6259 3098 8808 8268 1919 14734 13459 830 926 16187 16187 16187 16187
3842 3171 16187 9840 6259 2149 2563 16187 7542 16187 6259 10894 3177 16187 16187 16187
1655 12233 14180 3102 8719 9222 3171 10917 10033 13348 16187 830 4776 1441 16187 16187
6313 1545 16187 16187 16187 16187 16187 16187 16187 16187 16187 16187 16187 16187 16187 16187
3842 3171 16187 9840 6259 2149 2563 16187 8710 4776 6499 6276 16187 830 926 16187
1655 12233 14180 3102 8719 9222 3171 10917 10033 13348 16187 830 4776 1441 16187 16187
2053 4776 14673 3994 8710 1378 3177 4776 564 8185 8719 4776 10983 16187 16187 16187
3842 3171 16187 11889 4776 10033 8268 8712 5867 10355 8268 6011 16138 11553 12233 2823
1655 12233 14180 3102 8719 9222 3171 10917 10033 13348 16187 830 4776 1441 16187 16187
4311 7740 11839 12233 8197 8712 6259 9575 16187 16187 16187 16187 16187 16187 16187 16187
3842 3171 16187 11889 4776 10033 8268 8712 5867 10355 8268 6011 16138 11553 12233 2823
1655 12233 14180 3102 8719 9222 3171 10917 10033 13348 16187 830 4776 1441 16187 16187
4421 926 8710 3257 1955 926 8268 1919 14734 1921 15452 16187 16187 16187 16187 16187
3842 3171 16187 11889 4776 10033 8268 8712 5867 10355 8268 6011 16138 11553 12233 2823
1655 12233 14180 3102 8719 9222 3171 10917 10033 13348 16187 830 4776 1441 16187 16187
15843 3171 10033 8268 5711 6731 14826 5711 8710 6259 4659 12444 16187 16187 16187 16187
3842 3171 16187 11889 4776 10033 8268 8712 5867 10355 8268 6011 16138 11553 12233 2552
1655 12233 14180 3102 8719 9222 3171 10917 10033 13348 16187 830 4776 1441 16187 16187
8712 8710 1954 15525 14237 15525 12444 16187 16187 16187 16187 16187 16187 16187 16187 16187
3842 3171 16187 11889 4776 10033 8268 8712 5867 10355 8268 6011 16138 11553 12233 2823
1655 12233 14180 3102 8719 9222 3171 10917 10033 13348 16187 830 4776 1441 16187 16187
4552 9754 9605 9070 223 8268 4776 2563 8710 10355 16187 16187 16187 16187 16187 16187
3842 3171 16187 11889 4776 10033 8268 8712 5867 10355 8268 6011 16138 11553 12233 2823
1655 12233 14180 3102 8719 9222 3171 10917 10033 13348 16187 830 4776 1441 16187 16187
7740 4409 8712 1919 10217 8506 15978 4776 5568 3098 9424 8710 2263 2221 16187 16187
3842 3171 16187 11889 4776 10033 8268 8712 5867 10355 8268 6011 16138 11553 12233 2823
1655 12233 14180 3102 8719 9222 3171 10917 10033 13348 16187 830 4776 1441 16187 16187
926 8268 8712 12767 8494 4609 10967 1750 6259 10710 5011 3177 5463 8974 14596 16187
3842 3171 16187 9840 6259 2149 2563 16187 7542 16187 6259 10894 16187 16187 16187 2167
1655 12233 14180 3102 8719 9222 3171 10917 10033 13348 16187 830 4776 1441 16187 16187
13474 8710 6188 2858 1885 9059 5867 5732 14237 4776 10033 3609 14069 16187 16187 16187
3842 3171 16187 9840 6259 2149 2563 16187 8710 4776 6499 6276 16187 830 926 16187
1655 12233 14180 3102 8719 9222 3171 10917 10033 13348 16187 830 4776 1441 16187 16187
11558 8268 14069 8710 9754 8268 5329 8069 8719 6259 926 14824 16187 16187 16187 16187
3842 3171 16187 9840 6259 2149 2563 16187 8710 4776 6499 6276 16187 830 926 16187
1655 12233 14180 3102 8719 9222 3171 10917 10033 13348 16187 830 4776 1441 16187 16187
7740 1951 15 11007 12233 14180 2263 9476 16187 16187 16187 16187 16187 16187 16187 16187
3842 3171 16187 9840 6259 2149 2563 16187 8710 4776 6499 6276 16187 830 926 16187
1655 12233 14180 3102 8719 9222 3171 10917 10033 13348 16187 830 4776 1441 16187 16187
1954 12684 2033 16187 16187 16187 16187 16187 16187 16187 16187 16187 16187 16187 16187 16187
3842 3171 16187 11889 4776 10033 8268 8712 5867 10355 8268 6011 16138 11553 12233 2823
1655 12233 14180 3102 8719 9222 3171 10917 10033 13348 16187 830 4776 1441 16187 16187
8712 13942 12233 2823 6259 2805 11568 3177 13441 14237 10239 16187 16187 16187 16187 16187
3842 3171 16187 9840 6259 2149 2563 16187 8710 4776 6499 6276 16187 830 926 16187
1655 12233 14180 3102 8719 9222 3171 10917 10033 13348 16187 830 4776 1441 16187 16187
8712 8710 10373 926 5463 2353 4306 926 4931 8621 2967 1919 3171 16187 16187 16187
3842 3171 16187 9840 6259 2149 2563 16187 7542 16187 6259 10894 3177 16187 16187 16187
1655 12233 14180 3102 8719 9222 3171 10917 10033 13348 16187 830 4776 1441 16187 16187
1378 12260 11393 4776 11041 1781 3513 3177 4776 2563 16187 16187 16187 16187 16187 16187
3842 3171 16187 9840 6259 2149 2563 16187 8710 4776 6499 6276 16187 830 926 16187
1655 12233 14180 3102 8719 9222 3171 10917 10033 13348 16187 830 4776 1441 16187 16187
8726 8712 5568 771 6259 2494 12233 870 4776 284 16187 16187 16187 16187 16187 16187
3842 3171 16187 9840 6259 2149 2563 16187 7542 16187 6259 10894 3177 16187 16187 16187
1655 12233 14180 3102 8719 9222 3171 10917 10033 13348 16187 830 4776 1441 16187 16187
6354 2384 12276 8264 14241 16187 16187 16187 16187 16187 16187 16187 16187 16187 16187 16187
3842 3171 16187 11889 4776 10033 8268 8712 5867 10355 8268 6011 16138 11553 12233 2552
1655 12233 14180 3102 8719 9222 3171 10917 10033 13348 16187 830 4776 1441 16187 16187
12008 14272 11953 14734 8139 8808 2598 16187 16187 16187 16187 16187 16187 16187 16187 16187
3842 3171 16187 11889 4776 10033 8268 8712 5867 10355 8268 6011 16138 11553 12233 2823
1655 12233 14180 3102 8719 9222 3171 10917 10033 13348 16187 830 4776 1441 16187 16187
6173 12233 4776 5405 15433 926 7458 16187 16187 16187 16187 16187 16187 16187 16187 16187
3842 3171 16187 11889 4776 10033 8268 8712 5867 10355 8268 6011 16138 11553 12233 2552
1655 12233 14180 3102 8719 9222 3171 10917 10033 13348 16187 830 4776 1441 16187 16187
1229 8268 3171 2563 6201 9070 13758 15525 13348 16187 16187 16187 16187 16187 16187 16187
3842 3171 16187 9840 6259 2149 2563 16187 8710 4776 6499 6276 16187 830 926 16187
1655 12233 14180 3102 8719 9222 3171 10917 10033 13348 16187 830 4776 1441 16187 16187
7854 2257 3847 5329 11553 15180 1919 6140 15358 14043 6140 582 830 5463 8438 16187
3842 3171 16187 11889 4776 10033 8268 8712 5867 10355 8268 6011 16138 11553 12233 2823
1655 12233 14180 3102 8719 9222 3171 10917 10033 13348 16187 830 4776 1441 16187 16187
9316 3171 10033 4931 1378 3177 4776 4298 3177 12276 2563 1515 643 16187 16187 16187
3842 3171 16187 11889 4776 10033 8268 8712 5867 10355 8268 6011 16138 11553 12233 2823
1655 12233 14180 3102 8719 9222 3171 10917 10033 13348 16187 830 4776 1441 16187 16187
15846 1440 8710 11889 6259 6093 1311 13089 3962 12233 14734 1462 8268 12128 926 16187
3842 3171 16187 9840 6259 2149 2563 16187 8710 4776 6499 6276 16187 830 926 16187
1655 12233 14180 3102 8719 9222 3171 10917 10033 13348 16187 830 4776 1441 16187 16187
2945 5329 830 9070 16187 16187 16187 16187 16187 16187 16187 16187 16187 16187 16187 16187
3842 3171 16187 11889 4776 10033 8268 8712 5867 10355 8268 6011 16138 11553 12233 2823
1655 12233 14180 3102 8719 9222 3171 10917 10033 13348 16187 830 4776 1441 16187 16187
579 2664 5388 2598 16187 16187 16187 16187 16187 16187 16187 16187 16187 16187 16187 16187
3842 3171 16187 11889 4776 10033 8268 8712 5867 10355 8268 6011 16138 11553 12233 2552
1655 12233 14180 3102 8719 9222 3171 10917 10033 13348 16187 830 4776 1441 16187 16187
7740 11889 4370 5498 1955 1866 16187 16187 16187 16187 16187 16187 16187 16187 16187 16187
3842 3171 16187 11889 4776 10033 8268 8712 5867 10355 8268 6011 16138 11553 12233 2823
1655 12233 14180 3102 8719 9222 3171 10917 10033 13348 16187 830 4776 1441 16187 16187
5463 4931 6259 2563 4032 9316 16187 16187 16187 16187 16187 16187 16187 16187 16187 16187
3842 3171 16187 9840 6259 2149 2563 16187 7542 16187 6259 10894 3177 16187 16187 16187
1655 12233 14180 3102 8719 9222 3171 10917 10033 13348 16187 830 4776 1441 16187 16187
4776 3137 1033 4624 11031 14029 926 5867 12380 14237 5088 568 16187 16187 16187 16187
3842 3171 16187 9840 6259 2149 2563 16187 8710 4776 6499 6276 16187 830 926 16187
1655 12233 14180 3102 8719 9222 3171 10917 10033 13348 16187 830 4776 1441 16187 16187
6259 8282 3177 4776 14207 13607 11413 1383 6259 926 7333 3112 4776 10033 9332 16187
3842 3171 16187 9840 6259 2149 2563 16187 7542 16187 6259 10894 3177 16187 16187 16187
1655 12233 14180 3102 8719 9222 3171 10917 10033 13348 16187 830 4776 1441 16187 16187
4776 13839 1029 8719 8808 14237 8712 8710 6259 15174 8170 423 926 16187 16187 16187
3842 3171 16187 11889 4776 10033 8268 8712 5867 10355 8268 6011 16138 11553 12233 2823
1655 12233 14180 3102 8719 9222 3171 10917 10033 13348 16187 830 4776 1441 16187 16187
4776 10960 14237 8733 2903 8710 8213 14237 4776 7310 284 14776 10716 2176 16187 16187
3842 3171 16187 11889 4776 10033 8268 8712 5867 10355 8268 6011 16138 11553 12233 2823
1655 12233 14180 3102 8719 9222 3171 10917 10033 13348 16187 830 4776 1441 16187 16187
7542 6259 3098 10033 8004 5568 3942 8710 6259 15819 12233 10355 14596 16187 16187 16187
3842 3171 16187 11889 4776 10033 8268 8712 5867 10355 8268 6011 16138 11553 12233 2823
1655 12233 14180 3102 8719 9222 3171 10917 10033 13348 16187 830 4776 1441 16187 16187
3171 8710 5580 1378 6286 3177 6259 6071 6801 13348 16187 16187 16187 16187 16187 16187
3842 3171 16187 11889 4776 10033 8268 8712 5867 10355 8268 6011 16138 11553 12233 2823
1655 12233 14180 3102 8719 9222 3171 10917 10033 13348 16187 830 4776 1441 16187 16187
14069 8710 5297 2365 12051 8719 7558 11889 4776 9975 5186 14237 14029 6306 926 16187
3842 3171 16187 11889 4776 10033 8268 8712 5867 10355 8268 6011 16138 11553 12233 2823
1655 12233 14180 3102 8719 9222 3171 10917 10033 13348 16187 830 4776 1441 16187 16187
4776 6161 7164 1776 16187 16187 16187 16187 16187 16187 16187 16187 16187 16187 16187 16187
3842 3171 16187 11889 4776 10033 8268 8712 5867 10355 8268 6011 16138 11553 12233 2823
1655 12233 14180 3102 8719 9222 3171 10917 10033 13348 16187 830 4776 1441 16187 16187
12008 13084 1378 2326 13213 15525 16187 16187 16187 16187 16187 16187 16187 16187 16187 16187
3842 3171 16187 9840 6259 2149 2563 16187 7542 16187 6259 10894 16187 16187 16187 12495
1655 12233 14180 3102 8719 9222 3171 10917 10033 13348 16187 830 4776 1441 16187 16187
4776 4286 5946 5898 14237 8664 1056 6550 12298 5898 14776 5329 12233 2823 2329 16187
3842 3171 16187 9840 6259 2149 2563 16187 7542 16187 6259 10894 3177 16187 16187 16187
1655 12233 14180 3102 8719 9222 3171 10917 10033 13348 16187 830 4776 1441 16187 16187
1138 1342 10085 3163 5711 8710 5329 6259 2563 830 10394 16187 16187 16187 16187 16187
3842 3171 16187 11889 4776 10033 8268 8712 5867 10355 8268 6011 16138 11553 12233 2823
1655 12233 14180 3102 8719 9222 3171 10917 10033 13348 16187 830 4776 1441 16187 16187
13474 2429 3112 4776 9790 10382 3504 8268 830 14180 6120 16187 16187 16187 16187 16187
3842 3171 16187 11889 4776 10033 8268 8712 5867 10355 8268 6011 16138 11553 12233 2823
1655 12233 14180 3102 8719 9222 3171 10917 10033 13348 16187 830 4776 1441 16187 16187
926 5867 11916 4552 5329 6407 4776 6406 16187 16187 16187 16187 16187 16187 16187 16187
3842 3171 16187 11889 4776 10033 8268 8712 5867 10355 8268 6011 16138 11553 12233 2552
1655 12233 14180 3102 8719 9222 3171 10917 10033 13348 16187 830 4776 1441 16187 16187
4776 8424 2122 4440 14776 7742 10471 12495 16187 16187 16187 16187 16187 16187 16187 16187
3842 3171 16187 11889 4776 10033 8268 8712 5867 10355 8268 6011 16138 11553 12233 2823
1655 12233 14180 3102 8719 9222 3171 10917 10033 13348 16187 830 4776 1441 16187 16187
14180 4776 926 10709 12233 4776 478 8268 12576 14069 8710 14691 7791 16187 16187 16187
3842 3171 16187 9840 6259 2149 2563 16187 7542 16187 6259 10894 3177 16187 16187 16187
1655 12233 14180 3102 8719 9222 3171 10917 10033 13348 16187 830 4776 1441 16187 16187
4776 12835 14776 7742 10316 4487 8710 14043 14237 13074 16187 16187 16187 16187 16187 16187
3842 3171 16187 9840 6259 2149 2563 16187 8710 4776 6499 6276 16187 830 926 16187
1655 12233 14180 3102 8719 9222 3171 10917 10033 13348 16187 830 4776 1441 16187 16187
4776 15401 926 2296 3553 830 6306 16187 16187 16187 16187 16187 16187 16187 16187 16187
3842 3171 16187 9840 6259 2149 2563 16187 7542 16187 6259 10894 3177 16187 16187 16187
1655 12233 14180 3102 8719 9222 3171 10917 10033 13348 16187 830 4776 1441 16187 16187
137 8712 8710 9754 16187 16187 16187 16187 16187 16187 16187 16187 16187 16187 16187 16187
3842 3171 16187 9840 6259 2149 2563 16187 7542 16187 6259 10894 16187 16187 16187 3177
1655 12233 14180 3102 8719 9222 3171 10917 10033 13348 16187 830 4776 1441 16187 16187
14237 5463 5867 14272 10566 3177 3171 10033 8001 3177 16187 16187 16187 16187 16187 16187
3842 3171 16187 11889 4776 10033 8268 8712 5867 10355 8268 6011 16138 11553 12233 2823
1655 12233 14180 3102 8719 9222 3171 10917 10033 13348 16187 830 4776 1441 16187 16187
16146 512 5463 8268 14069 8710 14691 1126 12233 1436 11953 3171 2563 16187 16187 16187
3842 3171 16187 9840 6259 2149 2563 16187 7542 16187 6259 10894 3177 16187 16187 16187
1655 12233 14180 3102 8719 9222 3171 10917 10033 13348 16187 830 4776 1441 16187 16187
10862 13348 16187 16187 16187 16187 16187 16187 16187 16187 16187 16187 16187 16187 16187 16187
3842 3171 16187 11889 4776 10033 8268 8712 5867 10355 8268 6011 16138 11553 12233 2823
1655 12233 14180 3102 8719 9222 3171 10917 10033 13348 16187 830 4776 1441 16187 16187
11022 2837 7777 926 16187 16187 16187 16187 16187 16187 16187 16187 16187 16187 16187 16187
3842 3171 16187 11889 4776 10033 8268 8712 5867 10355 8268 6011 16138 11553 12233 2823
1655 12233 14180 3102 8719 9222 3171 10917 10033 13348 16187 830 4776 1441 16187 16187
8712 4931 3356 14237 12092 8719 5463 6259 10108 926 3177 5298 16105 6011 14760 16187
3842 3171 16187 9840 6259 2149 2563 16187 8710 4776 6499 6276 16187 830 926 16187
1655 12233 14180 3102 8719 9222 3171 10917 10033 13348 16187 830 4776 1441 16187 16187
6070 15884 12233 10751 4776 9793 16187 16187 16187 16187 16187 16187 16187 16187 16187 16187
3842 3171 16187 11889 4776 10033 8268 8712 5867 10355 8268 6011 16138 11553 12233 2823
1655 12233 14180 3102 8719 9222 3171 10917 10033 13348 16187 830 4776 1441 16187 16187
4776 10418 8710 1344 10355 8719 10566 13298 16187 16187 16187 16187 16187 16187 16187 16187
3842 3171 16187 9840 6259 2149 2563 16187 8710 4776 6499 6276 16187 830 926 16187
1655 12233 14180 3102 8719 9222 3171 10917 10033 13348 16187 830 4776 1441 16187 16187
4776 9431 4931 8361 15743 8268 7254 14237 12561 12606 16187 16187 16187 16187 16187 16187
3842 3171 16187 11889 4776 10033 8268 8712 5867 10355 8268 6011 16138 11553 12233 2552
1655 12233 14180 3102 8719 9222 3171 10917 10033 13348 16187 830 4776 1441 16187 16187
4776 926 9685 4931 5329 1378 3177 14734 564 16187 16187 16187 16187 16187 16187 16187
3842 3171 16187 9840 6259 2149 2563 16187 8710 4776 6499 6276 16187 830 926 16187
1655 12233 14180 3102 8719 9222 3171 10917 10033 13348 16187 830 4776 1441 16187 16187
14069 8710 6259 6378 5463 3171 10033 6598 4776 13434 4169 830 564 6006 16187 16187
3842 3171 16187 11889 4776 10033 8268 8712 5867 10355 8268 6011 16138 11553 12233 2823
1655 12233 14180 3102 8719 9222 3171 10917 10033 13348 16187 830 4776 1441 16187 16187
830 14726 8268 15662 3847 926 926 12721 6259 12380 14029 14734 926 2598 16187 16187
3842 3171 16187 9840 6259 2149 2563 16187 8710 4776 6499 6276 16187 830 926 16187
1655 12233 14180 3102 8719 9222 3171 10917 10033 13348 16187 830 4776 1441 16187 16187
14734 679 3177 14734 875 4931 1229 926 10471 16187 16187 16187 16187 16187 16187 16187
3842 3171 16187 9840 6259 2149 2563 16187 7542 16187 6259 10894 16187 16187 16187 3177
1655 12233 14180 3102 8719 9222 3171 10917 10033 13348 16187 830 4776 1441 16187 16187
10967 4776 15776 15093 8268 7740 4931 4537 926 1919 203 5822 4776 6006 8710 16187
3842 3171 16187 11889 4776 10033 8268 8712 5867 10355 8268 6011 16138 11553 12233 2823
1655 12233 14180 3102 8719 9222 3171 10917 10033 13348 16187 830 4776 1441 16187 16187
7740 973 15 11007 12233 4776 3137 1378 16187 16187 16187 16187 16187 16187 16187 16187
3842 3171 16187 9840 6259 2149 2563 16187 7542 16187 6259 10894 16187 16187 16187 2167
1655 12233 14180 3102 8719 9222 3171 10917 10033 13348 16187 830 4776 1441 16187 16187
3171 8710 6259 2326 10355 2563 14237 2847 630 2148 5633 16187 16187 16187 16187 16187
3842 3171 16187 9840 6259 2149 2563 16187 7542 16187 6259 10894 3177 16187 16187 16187
1655 12233 14180 3102 8719 9222 3171 10917 10033 13348 16187 830 4776 1441 16187 16187
6011 5208 13758 12233 1110 4776 8687 8268 13436 14237 926 926 16187 16187 16187 16187
3842 3171 16187 11889 4776 10033 8268 8712 5867 10355 8268 6011 16138 11553 12233 2823
1655 12233 14180 3102 8719 9222 3171 10917 10033 13348 16187 830 4776 1441 16187 16187
4776 9431 5328 10244 13081 11889 8712 4931 926 5463 13811 13348 16187 16187 16187 16187
3842 3171 16187 9840 6259 2149 2563 16187 7542 16187 6259 10894 3177 16187 16187 16187
1655 12233 14180 3102 8719 9222 3171 10917 10033 13348 16187 830 4776 1441 16187 16187
2446 11196 8268 1116 9955 8710 14561 8719 1957 4776 12298 16187 16187 16187 16187 16187
3842 3171 16187 9840 6259 2149 2563 16187 7542 16187 6259 10894 3177 16187 16187 16187
1655 12233 14180 3102 8719 9222 3171 10917 10033 13348 16187 830 4776 1441 16187 16187
2984 5713 10217 1955 4776 13141 4931 6259 5537 13758 4949 16187 16187 16187 16187 16187
3842 3171 16187 11889 4776 10033 8268 8712 5867 10355 8268 6011 16138 11553 12233 2823
1655 12233 14180 3102 8719 9222 3171 10917 10033 13348 16187 830 4776 1441 16187 16187
926 926 4312 15525 8268 12008 4776 8404 14776 4998 8719 4776 11017 16187 16187 16187
3842 3171 16187 9840 6259 2149 2563 16187 7542 16187 6259 10894 3177 16187 16187 16187
1655 12233 14180 3102 8719 9222 3171 10917 10033 13348 16187 830 4776 1441 16187 16187
10217 10614 15658 4914 14029 6259 4927 12233 5668 16146 10614 12233 8815 4776 14617 16187
3842 3171 16187 9840 6259 2149 2563 16187 7542 16187 6259 10894 3177 16187 16187 16187
1655 12233 14180 3102 8719 9222 3171 10917 10033 13348 16187 830 4776 1441 16187 16187
3171 8710 1954 176 3177 853 1378 5867 926 13348 13348 16187 16187 16187 16187 16187
3842 3171 16187 11889 4776 10033 8268 8712 5867 10355 8268 6011 16138 11553 12233 2823
1655 12233 14180 3102 8719 9222 3171 10917 10033 13348 16187 830 4776 1441 16187 16187
5496 8710 5967 12233 8855 1919 14734 8081 13719 1919 4776 8794 1787 16187 16187 16187
3842 3171 16187 9840 6259 2149 2563 16187 7542 16187 6259 10894 3177 16187 16187 16187
1655 12233 14180 3102 8719 9222 3171 10917 10033 13348 16187 830 4776 1441 16187 16187
4537 13411 3735 6259 13565 16187 16187 16187 16187 16187 16187 16187 16187 16187 16187 16187
3842 3171 16187 11889 4776 10033 8268 8712 5867 10355 8268 6011 16138 11553 12233 2552
1655 12233 14180 3102 8719 9222 3171 10917 10033 13348 16187 830 4776 1441 16187 16187
8712 13959 9070 12127 983 7740 2552 5463 9450 3384 13348 16187 16187 16187 16187 16187
3842 3171 16187 9840 6259 2149 2563 16187 7542 16187 6259 10894 3177 16187 16187 16187
1655 12233 14180 3102 8719 9222 3171 10917 10033 13348 16187 830 4776 1441 16187 16187
14237 9680 12233 8004 472 2598 16187 16187 16187 16187 16187 16187 16187 16187 16187 16187
3842 3171 16187 9840 6259 2149 2563 16187 8710 4776 6499 6276 16187 830 926 16187
1655 12233 14180 3102 8719 9222 3171 10917 10033 13348 16187 830 4776 1441 16187 16187
12631 1019 926 6173 2143 926 926 10337 16187 16187 16187 16187 16187 16187 16187 16187
3842 3171 16187 11889 4776 10033 8268 8712 5867 10355 8268 6011 16138 11553 12233 2823
1655 12233 14180 3102 8719 9222 3171 10917 10033 13348 16187 830 4776 1441 16187 16187
3171 2563 8710 14691 3765 512 6259 7962 15496 830 4776 9213 16187 16187 16187 16187
3842 3171 16187 11889 4776 10033 8268 8712 5867 10355 8268 6011 16138 11553 12233 2823
1655 12233 14180 3102 8719 9222 3171 10917 10033 13348 16187 830 4776 1441 16187 16187
7740 2308 926 14807 1954 14281 5519 16187 16187 16187 16187 16187 16187 16187 16187 16187
3842 3171 16187 11889 4776 10033 8268 8712 5867 10355 8268 6011 16138 11553 12233 2823
1655 12233 14180 3102 8719 9222 3171 10917 10033 13348 16187 830 4776 1441 16187 16187
926 13942 12233 11553 771 1954 926 13135 1919 6259 9131 9290 15142 926 16187 16187
3842 3171 16187 11889 4776 10033 8268 8712 5867 10355 8268 6011 16138 11553 12233 2823
1655 12233 14180 3102 8719 9222 3171 10917 10033 13348 16187 830 4776 1441 16187 16187
14069 8710 2326 630 12233 11889 8719 3171 10033 16187 16187 16187 16187 16187 16187 16187
3842 3171 16187 11889 4776 10033 8268 8712 5867 10355 8268 6011 16138 11553 12233 2823
1655 12233 14180 3102 8719 9222 3171 10917 10033 13348 16187 830 4776 1441 16187 16187
203 15846 8712 926 10781 2598 16187 16187 16187 16187 16187 16187 16187 16187 16187 16187
3842 3171 16187 9840 6259 2149 2563 16187 7542 16187 6259 10894 3177 16187 16187 16187
1655 12233 14180 3102 8719 9222 3171 10917 10033 13348 16187 830 4776 1441 16187 16187
7926 5867 6070 2469 8719 1157 7926 3847 16187 16187 16187 16187 16187 16187 16187 16187
3842 3171 16187 11889 4776 10033 8268 8712 5867 10355 8268 6011 16138 11553 12233 2823
1655 12233 14180 3102 8719 9222 3171 10917 10033 13348 16187 830 4776 1441 16187 16187
926 8268 12233 6381 4776 12414 12233 7422 4098 16187 16187 16187 16187 16187 16187 16187
3842 3171 16187 9840 6259 2149 2563 16187 8710 4776 6499 6276 16187 830 926 16187
1655 12233 14180 3102 8719 9222 3171 10917 10033 13348 16187 830 4776 1441 16187 16187
8712 7094 14029 4776 854 8268 2176 3766 3177 643 14397 512 4776 7096 15720 16187
3842 3171 16187 9840 6259 2149 2563 16187 7542 16187 6259 10894 3177 16187 16187 16187
1655 12233 14180 3102 8719 9222 3171 10917 10033 13348 16187 830 4776 1441 16187 16187
926 14237 926 9577 10355 10836 14029 1583 1955 7742 16187 16187 16187 16187 16187 16187
3842 3171 16187 9840 6259 2149 2563 16187 7542 16187 6259 10894 3177 16187 16187 16187
1655 12233 14180 3102 8719 9222 3171 10917 10033 13348 16187 830 4776 1441 16187 16187
12495 8866 16187 16187 16187 16187 16187 16187 16187 16187 16187 16187 16187 16187 16187 16187
3842 3171 16187 11889 4776 10033 8268 8712 5867 10355 8268 6011 16138 11553 12233 2823
1655 12233 14180 3102 8719 9222 3171 10917 10033 13348 16187 830 4776 1441 16187 16187
7740 973 423 13242 5332 16187 16187 16187 16187 16187 16187 16187 16187 16187 16187 16187
3842 3171 16187 11889 4776 10033 8268 8712 5867 10355 8268 6011 16138 11553 12233 2552
1655 12233 14180 3102 8719 9222 3171 10917 10033 13348 16187 830 4776 1441 16187 16187
4776 10033 8710 7742 13663 14237 11022 16187 16187 16187 16187 16187 16187 16187 16187 16187
3842 3171 16187 9840 6259 2149 2563 16187 8710 4776 6499 6276 16187 830 926 16187
1655 12233 14180 3102 8719 9222 3171 10917 10033 13348 16187 830 4776 1441 16187 16187
14411 203 10355 8710 4776 10033 2598 16187 16187 16187 16187 16187 16187 16187 16187 16187
3842 3171 16187 9840 6259 2149 2563 16187 8710 4776 6499 6276 16187 830 926 16187
1655 12233 14180 3102 8719 9222 3171 10917 10033 13348 16187 830 4776 1441 16187 16187
13758 8719 830 4776 11146 8268 12149 8712 830 4776 11608 16187 16187 16187 16187 16187
3842 3171 16187 11889 4776 10033 8268 8712 5867 10355 8268 6011 16138 11553 12233 2823
1655 12233 14180 3102 8719 9222 3171 10917 10033 13348 16187 830 4776 1441 16187 16187
13474 3927 12958 6011 12232 14518 8268 14237 2148 16187 16187 16187 16187 16187 16187 16187
3842 3171 16187 9840 6259 2149 2563 16187 7542 16187 6259 10894 16187 16187 16187 12495
1655 12233 14180 3102 8719 9222 3171 10917 10033 13348 16187 830 4776 1441 16187 16187
8712 5867 12349 15520 13034 16187 16187 16187 16187 16187 16187 16187 16187 16187 16187 16187
3842 3171 16187 9840 6259 2149 2563 16187 8710 4776 6499 6276 16187 830 926 16187
1655 12233 14180 3102 8719 9222 3171 10917 10033 13348 16187 830 4776 1441 16187 16187
14237 3171 2037 8710 4776 4979 2970 830 14745 16187 16187 16187 16187 16187 16187 16187
3842 3171 16187 11889 4776 10033 8268 8712 5867 10355 8268 6011 16138 11553 12233 2823
1655 12233 14180 3102 8719 9222 3171 10917 10033 13348 16187 830 4776 1441 16187 16187
11652 13923 926 5867 13726 1919 9422 14237 14734 11198 12233 926 6689 12915 9766 16187
3842 3171 16187 11889 4776 10033 8268 8712 5867 10355 8268 6011 16138 11553 12233 2823
1655 12233 14180 3102 8719 9222 3171 10917 10033 13348 16187 830 4776 1441 16187 16187
1350 8268 14272 1919 926 3662 8710 9754 10355 2598 16187 16187 16187 16187 16187 16187
3842 3171 16187 9840 6259 2149 2563 16187 8710 4776 6499 6276 16187 830 926 16187
1655 12233 14180 3102 8719 9222 3171 10917 10033 13348 16187 830 4776 1441 16187 16187
4776 13839 8710 10355 926 13992 6259 10894 3177 9321 12233 4776 2943 926 16187 16187
3842 3171 16187 11889 4776 10033 8268 8712 5867 10355 8268 6011 16138 11553 12233 2552
1655 12233 14180 3102 8719 9222 3171 10917 10033 13348 16187 830 4776 1441 16187 16187
104 4776 1138 14217 8719 4776 2558 5711 3384 16187 16187 16187 16187 16187 16187 16187
3842 3171 16187 9840 6259 2149 2563 16187 7542 16187 6259 10894 16187 16187 16187 2167
1655 12233 14180 3102 8719 9222 3171 10917 10033 13348 16187 830 4776 1441 16187 16187
8126 926 8268 7742 4552 9754 8733 9070 11728 16187 16187 16187 16187 16187 16187 16187
3842 3171 16187 9840 6259 2149 2563 16187 7542 16187 6259 10894 3177 16187 16187 16187
1655 12233 14180 3102 8719 9222 3171 10917 10033 13348 16187 830 4776 1441 16187 16187
12008 4776 2563 12892 9070 7401 14272 7740 12773 9264 5326 14237 14368 4440 16187 16187
3842 3171 16187 11889 4776 10033 8268 8712 5867 10355 8268 6011 16138 11553 12233 2823
1655 12233 14180 3102 8719 9222 3171 10917 10033 13348 16187 830 4776 1441 16187 16187
4776 10033 6179 13501 8719 926 14029 4776 6545 926 16187 16187 16187 16187 16187 16187
3842 3171 16187 9840 6259 2149 2563 16187 8710 4776 6499 6276 16187 830 926 16187
1655 12233 14180 3102 8719 9222 3171 10917 10033 13348 16187 830 4776 1441 16187 16187
8712 14180 8368 1229 926 16187 16187 16187 16187 16187 16187 16187 16187 16187 16187 16187
3842 3171 16187 9840 6259 2149 2563 16187 7542 16187 6259 10894 3177 16187 16187 16187
1655 12233 14180 3102 8719 9222 3171 10917 10033 13348 16187 830 4776 1441 16187 16187
8712 8710 8064 12233 9605 6826 926 13758 8162 983 16187 16187 16187 16187 16187 16187
3842 3171 16187 9840 6259 2149 2563 16187 7542 16187 6259 10894 3177 16187 16187 16187
1655 12233 14180 3102 8719 9222 3171 10917 10033 13348 16187 830 4776 1441 16187 16187
7740 12260 1436 3171 2563 4931 6070 7742 10471 16187 16187 16187 16187 16187 16187 16187
3842 3171 16187 11889 4776 10033 8268 8712 5867 10355 8268 6011 16138 11553 12233 2823
1655 12233 14180 3102 8719 9222 3171 10917 10033 13348 16187 830 4776 1441 16187 16187
6259 4949 8974 8268 5329 4615 2837 4776 11085 926 2563 3177 4776 9790 13429 16187
3842 3171 16187 11889 4776 10033 8268 8712 5867 10355 8268 6011 16138 11553 12233 2823
1655 12233 14180 3102 8719 9222 3171 10917 10033 13348 16187 830 4776 1441 16187 16187
6011 15846 8093 6683 1957 820 4776 9790 4927 10036 16187 16187 16187 16187 16187 16187
3842 3171 16187 11889 4776 10033 8268 8712 5867 10355 8268 6011 16138 11553 12233 2823
1655 12233 14180 3102 8719 9222 3171 10917 10033 13348 16187 830 4776 1441 16187 16187
5332 4624 13758 12233 4776 9339 3418 4421 15337 9642 425 16187 16187 16187 16187 16187
3842 3171 16187 11889 4776 10033 8268 8712 5867 10355 8268 6011 16138 11553 12233 2823
1655 12233 14180 3102 8719 9222 3171 10917 10033 13348 16187 830 4776 1441 16187 16187
926 8719 4776 926 476 8714 4931 4537 4404 926 14482 12115 926 5867 671 16187
3842 3171 16187 11889 4776 10033 8268 8712 5867 10355 8268 6011 16138 11553 12233 2823
1655 12233 14180 3102 8719 9222 3171 10917 10033 13348 16187 830 4776 1441 16187 16187
4776 7151 4189 14237 4604 14776 6070 15174 16187 16187 16187 16187 16187 16187 16187 16187
3842 3171 16187 9840 6259 2149 2563 16187 8710 4776 6499 6276 16187 830 926 16187
1655 12233 14180 3102 8719 9222 3171 10917 10033 13348 16187 830 4776 1441 16187 16187
14272 6259 11406 13348 16187 16187 16187 16187 16187 16187 16187 16187 16187 16187 16187 16187
3842 3171 16187 11889 4776 10033 8268 8712 5867 10355 8268 6011 16138 11553 12233 2823
1655 12233 14180 3102 8719 9222 3171 10917 10033 13348 16187 830 4776 1441 16187 16187
1247 926 8710 12256 16187 16187 16187 16187 16187 16187 16187 16187 16187 16187 16187 16187
3842 3171 16187 11889 4776 10033 8268 8712 5867 10355 8268 6011 16138 11553 12233 2552
1655 12233 14180 3102 8719 9222 3171 10917 10033 13348 16187 830 4776 1441 16187 16187
14069 5867 2046 9955 8268 4525 4971 14237 5200 4434 12233 9605 4776 60 926 16187
3842 3171 16187 9840 6259 2149 2563 16187 8710 4776 6499 6276 16187 830 926 16187
1655 12233 14180 3102 8719 9222 3171 10917 10033 13348 16187 830 4776 1441 16187 16187
7740 12232 9754 8154 8712 16187 16187 16187 16187 16187 16187 16187 16187 16187 16187 16187
3842 3171 16187 11889 4776 10033 8268 8712 5867 10355 8268 6011 16138 11553 12233 2823
1655 12233 14180 3102 8719 9222 3171 10917 10033 13348 16187 830 4776 1441 16187 16187
10669 4552 9754 7001 2858 4776 926 13348 16187 16187 16187 16187 16187 16187 16187 16187
3842 3171 16187 9840 6259 2149 2563 16187 7542 16187 6259 10894 3177 16187 16187 16187
1655 12233 14180 3102 8719 9222 3171 10917 10033 13348 16187 830 4776 1441 16187 16187
7926 3579 12401 3584 1919 11917 12051 8268 14237 8093 13947 4776 10978 7001 8913 16187
3842 3171 16187 9840 6259 2149 2563 16187 7542 16187 6259 10894 3177 16187 16187 16187
1655 12233 14180 3102 8719 9222 3171 10917 10033 13348 16187 830 4776 1441 16187 16187
14069 5867 6070 9450 6664 14237 4776 14651 3847 5329 14192 926 16187 16187 16187 16187
3842 3171 16187 11889 4776 10033 8268 8712 5867 10355 8268 6011 16138 11553 12233 2823
1655 12233 14180 3102 8719 9222 3171 10917 10033 13348 16187 830 4776 1441 16187 16187
1138 7740 1951 10025 5711 16187 16187 16187 16187 16187 16187 16187 16187 16187 16187 16187
3842 3171 16187 11889 4776 10033 8268 8712 5867 10355 8268 6011 16138 11553 12233 2823
1655 12233 14180 3102 8719 9222 3171 10917 10033 13348 16187 830 4776 1441 16187 16187
926 779 12555 3192 7282 1019 6666 6259 926 7576 6173 16187 16187 16187 16187 16187
3842 3171 16187 9840 6259 2149 2563 16187 7542 16187 6259 10894 16187 16187 16187 2167
1655 12233 14180 3102 8719 9222 3171 10917 10033 13348 16187 830 4776 1441 16187 16187
8712 4931 1435 12576 16187 16187 16187 16187 16187 16187 16187 16187 16187 16187 16187 16187
3842 3171 16187 9840 6259 2149 2563 16187 8710 4776 6499 6276 16187 830 926 16187
1655 12233 14180 3102 8719 9222 3171 10917 10033 13348 16187 830 4776 1441 16187 16187
4776 9887 7740 8309 1919 8268 14180 771 6259 5844 1138 14031 12276 12422 5711 16187
3842 3171 16187 9840 6259 2149 2563 16187 7542 16187 6259 10894 3177 16187 16187 16187
1655 12233 14180 3102 8719 9222 3171 10917 10033 13348 16187 830 4776 1441 16187 16187
926 5867 9335 8710 8268 6259 1990 3011 14217 8004 10355 15452 10567 14745 16187 16187
3842 3171 16187 9840 6259 2149 2563 16187 7542 16187 6259 10894 3177 16187 16187 16187
1655 12233 14180 3102 8719 9222 3171 10917 10033 13348 16187 830 4776 1441 16187 16187
3171 2563 8710 6259 2122 9618 12149 16187 16187 16187 16187 16187 16187 16187 16187 16187
3842 3171 16187 9840 6259 2149 2563 16187 7542 16187 6259 10894 16187 16187 16187 12495
1655 12233 14180 3102 8719 9222 3171 10917 10033 13348 16187 830 4776 1441 16187 16187
8712 14470 8815 6826 820 10967 16041 4776 11599 16187 16187 16187 16187 16187 16187 16187
3842 3171 16187 9840 6259 2149 2563 16187 7542 16187 6259 10894 3177 16187 16187 16187
1655 12233 14180 3102 8719 9222 3171 10917 10033 13348 16187 830 4776 1441 16187 16187
531 7740 4531 3171 6070 630 14237 15846 5046 2823 15715 10036 16187 16187 16187 16187
3842 3171 16187 9840 6259 2149 2563 16187 7542 16187 6259 10894 3177 16187 16187 16187
1655 12233 14180 3102 8719 9222 3171 10917 10033 13348 16187 830 4776 1441 16187 16187
