6826 3543 11553 12766 14156 8719 4776 2563 16187 16187 16187 16187 16187 16187 16187 16187
3842 3171 16187 11889 4776 10033 8268 7740 11889 8712 16187 7740 9084 9754 16187 16187
1655 12233 14180 3102 8719 9222 3171 10917 10033 13348 16187 8719 4776 2285 16187 16187
3364 1378 8069 8152 14272 5713 8542 9498 3908 10418 2598 16187 16187 16187 16187 16187
3842 3171 16187 11889 4776 10033 8268 7740 11889 8712 16187 9084 9754 16187 13348 16187
1655 12233 14180 3102 8719 9222 3171 10917 10033 13348 16187 8719 4776 2285 16187 16187
1919 6259 3765 5646 13839 8268 4776 10033 12232 11553 12766 437 14043 9925 13906 16187
3842 3171 16187 9840 6259 2149 2563 16187 8710 4776 926 16187 16187 16187 7740 13081
1655 12233 14180 3102 8719 9222 3171 10917 10033 13348 16187 8719 4776 2285 16187 16187
7661 1133 14776 12256 4703 3177 203 4776 2053 16146 8311 3994 5174 16187 16187 16187
3842 3171 16187 9840 6259 2149 2563 16187 5208 5568 5580 6011 5208 3553 830 16187
1655 12233 14180 3102 8719 9222 3171 10917 10033 13348 16187 8719 4776 2285 16187 16187
12008 14069 14776 12495 1597 926 12233 2326 8154 8712 16187 16187 16187 16187 16187 16187
3842 3171 16187 9840 6259 2149 2563 16187 5208 5568 5580 6011 5208 3553 830 16187
1655 12233 14180 3102 8719 9222 3171 10917 10033 13348 16187 8719 4776 2285 16187 16187
4776 13607 15452 14691 11889 6011 11553 8466 8258 16187 16187 16187 16187 16187 16187 16187
3842 3171 16187 9840 6259 2149 2563 16187 8710 4776 926 16187 16187 16187 7740 13081
1655 12233 14180 3102 8719 9222 3171 10917 10033 13348 16187 8719 4776 2285 16187 16187
8017 12008 13084 3171 2563 779 926 2689 14465 16187 16187 16187 16187 16187 16187 16187
3842 3171 16187 11889 4776 10033 8268 7740 11889 8712 16187 9084 9754 16187 8258 16187
1655 12233 14180 3102 8719 9222 3171 10917 10033 13348 16187 8719 4776 2285 16187 16187
7740 4931 6259 9450 9238 14029 5463 8438 16187 16187 16187 16187 16187 16187 16187 16187
3842 3171 16187 9840 6259 2149 2563 16187 8710 4776 926 16187 16187 16187 7740 13081
1655 12233 14180 3102 8719 9222 3171 10917 10033 13348 16187 8719 4776 2285 16187 16187
1955 3367 926 7069 2903 4776 7637 8268 8712 779 4537 926 12233 3191 16187 16187
3842 3171 16187 9840 6259 2149 2563 16187 779 6259 926 926 16187 16187 926 926
1655 12233 14180 3102 8719 9222 3171 10917 10033 13348 16187 8719 4776 2285 16187 16187
7926 4931 1229 4941 14237 1229 3257 5463 7740 9084 9754 14518 15389 11889 3171 16187
3842 3171 16187 9840 6259 2149 2563 16187 8710 4776 926 16187 16187 16187 926 16187
1655 12233 14180 3102 8719 9222 3171 10917 10033 13348 16187 8719 4776 2285 16187 16187
926 9767 14029 1885 926 8258 1885 1019 926 6173 926 16187 16187 16187 16187 16187
3842 3171 16187 9840 6259 2149 2563 16187 779 6259 926 926 16187 16187 926 926
1655 12233 14180 3102 8719 9222 3171 10917 10033 13348 16187 8719 4776 2285 16187 16187
3171 8710 9754 6259 11142 3177 11247 16187 16187 16187 16187 16187 16187 16187 16187 16187
3842 3171 16187 9840 6259 2149 2563 16187 5208 5568 5580 6011 5208 3553 830 16187
1655 12233 14180 3102 8719 9222 3171 10917 10033 13348 16187 8719 4776 2285 16187 16187
7742 7740 12232 8197 8712 10509 16187 16187 16187 16187 16187 16187 16187 16187 16187 16187
3842 3171 16187 11889 4776 10033 8268 7740 11889 8712 16187 9084 9754 16187 8258 16187
1655 12233 14180 3102 8719 9222 3171 10917 10033 13348 16187 8719 4776 2285 16187 16187
8712 6179 1954 9332 1019 8726 869 11135 6173 5033 14237 5853 926 8712 15525 16187
3842 3171 16187 9840 6259 2149 2563 16187 8710 4776 926 16187 16187 16187 7740 13081
1655 12233 14180 3102 8719 9222 3171 10917 10033 13348 16187 8719 4776 2285 16187 16187
9290 14029 2643 779 6259 10355 9332 4152 16187 16187 16187 16187 16187 16187 16187 16187
3842 3171 16187 9840 6259 2149 2563 16187 8710 4776 926 16187 16187 16187 7740 13081
1655 12233 14180 3102 8719 9222 3171 10917 10033 13348 16187 8719 4776 2285 16187 16187
3171 10950 2563 7159 6070 7742 4776 926 926 2837 4776 6915 14588 3177 926 16187
3842 3171 16187 9840 6259 2149 2563 16187 8710 4776 926 16187 16187 16187 7740 13081
1655 12233 14180 3102 8719 9222 3171 10917 10033 13348 16187 8719 4776 2285 16187 16187
4317 830 5332 8268 4776 270 926 14272 13942 6259 10710 2458 16187 16187 16187 16187
3842 3171 16187 9840 6259 2149 2563 16187 779 6259 926 926 16187 16187 926 926
1655 12233 14180 3102 8719 9222 3171 10917 10033 13348 16187 8719 4776 2285 16187 16187
14237 4624 4552 9754 11553 4776 13076 926 926 8719 3171 1378 16187 16187 16187 16187
3842 3171 16187 9840 6259 2149 2563 16187 8710 4776 926 16187 16187 16187 7740 13081
1655 12233 14180 3102 8719 9222 3171 10917 10033 13348 16187 8719 4776 2285 16187 16187
14237 10566 5046 14734 10566 7649 10033 8084 16187 16187 16187 16187 16187 16187 16187 16187
3842 3171 16187 11889 4776 10033 8268 7740 11889 8712 16187 7740 9084 9754 16187 16187
1655 12233 14180 3102 8719 9222 3171 10917 10033 13348 16187 8719 4776 2285 16187 16187
8712 5867 11039 3177 4776 9442 14237 4776 11339 8746 11457 5231 16187 16187 16187 16187
3842 3171 16187 9840 6259 2149 2563 16187 8710 4776 926 16187 16187 16187 926 16187
1655 12233 14180 3102 8719 9222 3171 10917 10033 13348 16187 8719 4776 2285 16187 16187
7401 14272 10566 820 6683 830 8719 6259 3356 2563 16187 16187 16187 16187 16187 16187
3842 3171 16187 9840 6259 2149 2563 16187 8710 4776 926 16187 16187 16187 7740 13081
1655 12233 14180 3102 8719 9222 3171 10917 10033 13348 16187 8719 4776 2285 16187 16187
5272 9070 8710 1954 8927 6741 10033 16187 16187 16187 16187 16187 16187 16187 16187 16187
3842 3171 16187 9840 6259 2149 2563 16187 5208 5568 5580 6011 5208 3553 830 16187
1655 12233 14180 3102 8719 9222 3171 10917 10033 13348 16187 8719 4776 2285 16187 16187
4776 2588 1873 1019 4776 926 6173 8144 4776 10033 816 2858 9484 9484 6659 16187
3842 3171 16187 11889 4776 10033 8268 7740 11889 8712 16187 7740 9084 9754 16187 16187
1655 12233 14180 3102 8719 9222 3171 10917 10033 13348 16187 8719 4776 2285 16187 16187
4949 12576 8712 9277 2823 8268 3299 8710 5329 2296 1793 512 12491 16187 16187 16187
3842 3171 16187 9840 6259 2149 2563 16187 5208 5568 5580 6011 5208 3553 830 16187
1655 12233 14180 3102 8719 9222 3171 10917 10033 13348 16187 8719 4776 2285 16187 16187
7740 4931 7336 15090 1919 4776 12334 3177 3171 14596 16187 16187 16187 16187 16187 16187
3842 3171 16187 9840 6259 2149 2563 16187 8710 4776 926 16187 16187 16187 926 16187
1655 12233 14180 3102 8719 9222 3171 10917 10033 13348 16187 8719 4776 2285 16187 16187
4776 5286 8268 5602 8268 14164 14237 5459 12556 3478 13431 8663 4776 13103 16187 16187
3842 3171 16187 11889 4776 10033 8268 7740 11889 8712 16187 7740 9084 9754 16187 16187
1655 12233 14180 3102 8719 9222 3171 10917 10033 13348 16187 8719 4776 2285 16187 16187
9084 983 2326 9207 5463 9442 2598 16187 16187 16187 16187 16187 16187 16187 16187 16187
3842 3171 16187 11889 4776 10033 8268 7740 11889 8712 16187 7740 9084 9754 16187 16187
1655 12233 14180 3102 8719 9222 3171 10917 10033 13348 16187 8719 4776 2285 16187 16187
8712 5867 1229 9918 8268 2689 14237 3356 5463 8712 5867 4032 6259 15335 8585 16187
3842 3171 16187 11889 4776 10033 8268 7740 11889 8712 16187 9084 9754 16187 8258 16187
1655 12233 14180 3102 8719 9222 3171 10917 10033 13348 16187 8719 4776 2285 16187 16187
1229 8268 5463 5867 4776 12309 3177 1138 2336 14237 9478 13034 4552 5530 5711 16187
3842 3171 16187 9840 6259 2149 2563 16187 8710 4776 926 16187 16187 16187 926 16187
1655 12233 14180 3102 8719 9222 3171 10917 10033 13348 16187 8719 4776 2285 16187 16187
3177 1245 8268 8712 8710 1954 1482 926 14029 5812 926 8268 8796 2598 16187 16187
3842 3171 16187 9840 6259 2149 2563 16187 8710 4776 926 16187 16187 16187 926 16187
1655 12233 14180 3102 8719 9222 3171 10917 10033 13348 16187 8719 4776 2285 16187 16187
14237 8712 14180 7164 1229 7742 16187 16187 16187 16187 16187 16187 16187 16187 16187 16187
3842 3171 16187 11889 4776 10033 8268 7740 11889 8712 16187 9084 9754 16187 13348 16187
1655 12233 14180 3102 8719 9222 3171 10917 10033 13348 16187 8719 4776 2285 16187 16187
7740 2296 12149 15715 10799 15924 16187 16187 16187 16187 16187 16187 16187 16187 16187 16187
3842 3171 16187 9840 6259 2149 2563 16187 8710 4776 926 16187 16187 16187 926 16187
1655 12233 14180 3102 8719 9222 3171 10917 10033 13348 16187 8719 4776 2285 16187 16187
4776 10033 4495 1919 4776 9139 5867 10917 10875 8258 1954 6141 9122 1919 6963 16187
3842 3171 16187 11889 4776 10033 8268 7740 11889 8712 16187 9084 9754 16187 13348 16187
1655 12233 14180 3102 8719 9222 3171 10917 10033 13348 16187 8719 4776 2285 16187 16187
2789 926 5867 2053 1027 3994 8710 6259 4949 8974 13348 16187 16187 16187 16187 16187
3842 3171 16187 11889 4776 10033 8268 7740 11889 8712 16187 9084 9754 16187 13348 16187
1655 12233 14180 3102 8719 9222 3171 10917 10033 13348 16187 8719 4776 2285 16187 16187
7740 4552 9754 9429 5463 4776 14596 2894 8710 12495 6140 16187 16187 16187 16187 16187
3842 3171 16187 11889 4776 10033 8268 7740 11889 8712 16187 9084 9754 16187 8258 16187
1655 12233 14180 3102 8719 9222 3171 10917 10033 13348 16187 8719 4776 2285 16187 16187
3171 10033 8710 9972 1919 6259 6070 10355 5121 13839 16187 16187 16187 16187 16187 16187
3842 3171 16187 11889 4776 10033 8268 7740 11889 8712 16187 7740 9084 9754 16187 16187
1655 12233 14180 3102 8719 9222 3171 10917 10033 13348 16187 8719 4776 2285 16187 16187
8719 6259 15335 1133 3177 4776 10969 4194 8268 13559 9498 15831 1955 926 16187 16187
3842 3171 16187 9840 6259 2149 2563 16187 779 6259 926 926 16187 16187 926 926
1655 12233 14180 3102 8719 9222 3171 10917 10033 13348 16187 8719 4776 2285 16187 16187
1229 630 1229 5463 4776 15900 7151 1958 10324 11692 643 11004 6011 12233 5804 16187
3842 3171 16187 11889 4776 10033 8268 7740 11889 8712 16187 9084 9754 16187 8258 16187
1655 12233 14180 3102 8719 9222 3171 10917 10033 13348 16187 8719 4776 2285 16187 16187
10691 926 3171 3011 9139 6550 4776 4862 14237 926 14029 14745 830 8139 888 16187
3842 3171 16187 11889 4776 10033 8268 7740 11889 8712 16187 7740 9084 9754 16187 16187
1655 12233 14180 3102 8719 9222 3171 10917 10033 13348 16187 8719 4776 2285 16187 16187
4776 13896 13549 4312 926 9043 16187 16187 16187 16187 16187 16187 16187 16187 16187 16187
3842 3171 16187 11889 4776 10033 8268 7740 11889 8712 16187 7740 9084 9754 16187 16187
1655 12233 14180 3102 8719 9222 3171 10917 10033 13348 16187 8719 4776 2285 16187 16187
6685 950 926 926 8710 4776 5602 15658 12260 13758 12233 4626 1919 4776 2051 16187
3842 3171 16187 11889 4776 10033 8268 7740 11889 8712 16187 9084 9754 16187 8258 16187
1655 12233 14180 3102 8719 9222 3171 10917 10033 13348 16187 8719 4776 2285 16187 16187
5095 10758 779 8093 13081 2148 11889 11516 16187 16187 16187 16187 16187 16187 16187 16187
3842 3171 16187 11889 4776 10033 8268 7740 11889 8712 16187 7740 9084 9754 16187 16187
1655 12233 14180 3102 8719 9222 3171 10917 10033 13348 16187 8719 4776 2285 16187 16187
14734 926 14470 8467 10710 12008 4325 14776 926 14237 4776 11331 14776 10599 3262 16187
3842 3171 16187 9840 6259 2149 2563 16187 5208 5568 5580 6011 5208 3553 830 16187
1655 12233 14180 3102 8719 9222 3171 10917 10033 13348 16187 8719 4776 2285 16187 16187
4776 10093 14029 926 926 5867 3504 10719 4776 10033 14776 854 16187 16187 16187 16187
3842 3171 16187 11889 4776 10033 8268 7740 11889 8712 16187 7740 9084 9754 16187 16187
1655 12233 14180 3102 8719 9222 3171 10917 10033 13348 16187 8719 4776 2285 16187 16187
3171 10033 2204 8719 1597 1486 16187 16187 16187 16187 16187 16187 16187 16187 16187 16187
3842 3171 16187 11889 4776 10033 8268 7740 11889 8712 16187 7740 9084 9754 16187 16187
1655 12233 14180 3102 8719 9222 3171 10917 10033 13348 16187 8719 4776 2285 16187 16187
14411 8268 3171 10033 8710 5329 3257 16187 16187 16187 16187 16187 16187 16187 16187 16187
3842 3171 16187 11889 4776 10033 8268 7740 11889 8712 16187 7740 9084 9754 16187 16187
1655 12233 14180 3102 8719 9222 3171 10917 10033 13348 16187 8719 4776 2285 16187 16187
4240 926 8268 926 926 3007 12233 6133 14734 2264 16187 16187 16187 16187 16187 16187
3842 3171 16187 9840 6259 2149 2563 16187 8710 4776 926 16187 16187 16187 926 16187
1655 12233 14180 3102 8719 9222 3171 10917 10033 13348 16187 8719 4776 2285 16187 16187
926 13384 11889 6259 926 4582 2598 16187 16187 16187 16187 16187 16187 16187 16187 16187
3842 3171 16187 9840 6259 2149 2563 16187 8710 4776 926 16187 16187 16187 926 16187
1655 12233 14180 3102 8719 9222 3171 10917 10033 13348 16187 8719 4776 2285 16187 16187
4931 14069 6259 11223 14029 3171 2563 2598 16187 16187 16187 16187 16187 16187 16187 16187
3842 3171 16187 9840 6259 2149 2563 16187 5208 5568 5580 6011 5208 3553 830 16187
1655 12233 14180 3102 8719 9222 3171 10917 10033 13348 16187 8719 4776 2285 16187 16187
4325 12232 11553 12766 6259 5537 13839 1778 926 16187 16187 16187 16187 16187 16187 16187
3842 3171 16187 9840 6259 2149 2563 16187 779 6259 926 926 16187 16187 926 926
1655 12233 14180 3102 8719 9222 3171 10917 10033 13348 16187 8719 4776 2285 16187 16187
7926 5867 11889 6259 8761 15658 1644 12233 2327 12958 16187 16187 16187 16187 16187 16187
3842 3171 16187 9840 6259 2149 2563 16187 779 6259 926 926 16187 16187 926 926
1655 12233 14180 3102 8719 9222 3171 10917 10033 13348 16187 8719 4776 2285 16187 16187
926 8710 3257 830 4776 954 3177 12128 16187 16187 16187 16187 16187 16187 16187 16187
3842 3171 16187 9840 6259 2149 2563 16187 8710 4776 926 16187 16187 16187 7740 13081
1655 12233 14180 3102 8719 9222 3171 10917 10033 13348 16187 8719 4776 2285 16187 16187
8719 15721 3177 10217 926 16187 16187 16187 16187 16187 16187 16187 16187 16187 16187 16187
3842 3171 16187 9840 6259 2149 2563 16187 5208 5568 5580 6011 5208 3553 830 16187
1655 12233 14180 3102 8719 9222 3171 10917 10033 13348 16187 8719 4776 2285 16187 16187
10107 8268 10710 14237 6700 16187 16187 16187 16187 16187 16187 16187 16187 16187 16187 16187
3842 3171 16187 9840 6259 2149 2563 16187 8710 4776 926 16187 16187 16187 7740 13081
1655 12233 14180 3102 8719 9222 3171 10917 10033 13348 16187 8719 4776 2285 16187 16187
926 8710 1378 3177 4776 10566 795 14237 854 12835 3177 14180 983 16187 16187 16187
3842 3171 16187 9840 6259 2149 2563 16187 8710 4776 926 16187 16187 16187 7740 13081
1655 12233 14180 3102 8719 9222 3171 10917 10033 13348 16187 8719 4776 2285 16187 16187
7742 8268 6011 16138 4537 11553 12233 12650 12233 10603 15525 13348 16187 16187 16187 16187
3842 3171 16187 9840 6259 2149 2563 16187 779 6259 926 926 16187 16187 926 926
1655 12233 14180 3102 8719 9222 3171 10917 10033 13348 16187 8719 4776 2285 16187 16187
5713 14776 10217 8124 12893 15658 3520 15597 564 14237 2451 3748 12401 16146 4445 16187
3842 3171 16187 11889 4776 10033 8268 7740 11889 8712 16187 9084 9754 16187 13348 16187
1655 12233 14180 3102 8719 9222 3171 10917 10033 13348 16187 8719 4776 2285 16187 16187
14069 5867 5329 1597 926 8270 512 5463 5629 926 14237 15339 16187 16187 16187 16187
3842 3171 16187 9840 6259 2149 2563 16187 5208 5568 5580 6011 5208 3553 830 16187
1655 12233 14180 3102 8719 9222 3171 10917 10033 13348 16187 8719 4776 2285 16187 16187
14237 6259 4779 8710 3098 830 6259 926 731 16187 16187 16187 16187 16187 16187 16187
3842 3171 16187 9840 6259 2149 2563 16187 779 6259 926 926 16187 16187 926 926
1655 12233 14180 3102 8719 9222 3171 10917 10033 13348 16187 8719 4776 2285 16187 16187
14237 14031 5359 7740 6635 4776 817 926 16187 16187 16187 16187 16187 16187 16187 16187
3842 3171 16187 11889 4776 10033 8268 7740 11889 8712 16187 7740 9084 9754 16187 16187
1655 12233 14180 3102 8719 9222 3171 10917 10033 13348 16187 8719 4776 2285 16187 16187
7926 771 6259 5516 954 14237 6381 8719 1954 5267 11947 9534 16187 16187 16187 16187
3842 3171 16187 11889 4776 10033 8268 7740 11889 8712 16187 7740 9084 9754 16187 16187
1655 12233 14180 3102 8719 9222 3171 10917 10033 13348 16187 8719 4776 2285 16187 16187
10799 15924 4931 8569 1955 2296 8268 7926 5867 3098 16187 16187 16187 16187 16187 16187
3842 3171 16187 9840 6259 2149 2563 16187 5208 5568 5580 6011 5208 3553 830 16187
1655 12233 14180 3102 8719 9222 3171 10917 10033 13348 16187 8719 4776 2285 16187 16187
926 14237 2977 926 2687 4776 1750 1094 4776 4832 16187 16187 16187 16187 16187 16187
3842 3171 16187 9840 6259 2149 2563 16187 5208 5568 5580 6011 5208 3553 830 16187
1655 12233 14180 3102 8719 9222 3171 10917 10033 13348 16187 8719 4776 2285 16187 16187
13852 385 12233 8733 2903 15597 8456 13348 16187 16187 16187 16187 16187 16187 16187 16187
3842 3171 16187 9840 6259 2149 2563 16187 5208 5568 5580 6011 5208 3553 830 16187
1655 12233 14180 3102 8719 9222 3171 10917 10033 13348 16187 8719 4776 2285 16187 16187
9461 3177 2122 4440 8268 7740 3543 8167 6011 5463 3171 2563 8710 14397 13929 16187
3842 3171 16187 11889 4776 10033 8268 7740 11889 8712 16187 9084 9754 16187 8258 16187
1655 12233 14180 3102 8719 9222 3171 10917 10033 13348 16187 8719 4776 2285 16187 16187
3171 2563 3006 1778 4776 13876 5463 16105 2903 926 14237 4931 6070 9473 761 16187
3842 3171 16187 9840 6259 2149 2563 16187 8710 4776 926 16187 16187 16187 7740 13081
1655 12233 14180 3102 8719 9222 3171 10917 10033 13348 16187 8719 4776 2285 16187 16187
7742 12276 10187 8710 12349 13348 16187 16187 16187 16187 16187 16187 16187 16187 16187 16187
3842 3171 16187 11889 4776 10033 8268 7740 11889 8712 16187 7740 9084 9754 16187 16187
1655 12233 14180 3102 8719 9222 3171 10917 10033 13348 16187 8719 4776 2285 16187 16187
4776 13607 8710 6297 6070 15174 16187 16187 16187 16187 16187 16187 16187 16187 16187 16187
3842 3171 16187 9840 6259 2149 2563 16187 779 6259 926 926 16187 16187 926 926
1655 12233 14180 3102 8719 9222 3171 10917 10033 13348 16187 8719 4776 2285 16187 16187
7740 2446 6635 4776 4924 4440 16187 16187 16187 16187 16187 16187 16187 16187 16187 16187
3842 3171 16187 11889 4776 10033 8268 7740 11889 8712 16187 7740 9084 9754 16187 16187
1655 12233 14180 3102 8719 9222 3171 10917 10033 13348 16187 8719 4776 2285 16187 16187
10501 3177 3171 4931 9575 8719 926 8268 926 16187 16187 16187 16187 16187 16187 16187
3842 3171 16187 9840 6259 2149 2563 16187 5208 5568 5580 6011 5208 3553 830 16187
1655 12233 14180 3102 8719 9222 3171 10917 10033 13348 16187 8719 4776 2285 16187 16187
2552 3171 10033 12233 5138 5937 926 9346 8268 5329 12233 2823 9106 16187 16187 16187
3842 3171 16187 9840 6259 2149 2563 16187 5208 5568 5580 6011 5208 3553 830 16187
1655 12233 14180 3102 8719 9222 3171 10917 10033 13348 16187 8719 4776 2285 16187 16187
223 16187 16187 16187 16187 16187 16187 16187 16187 16187 16187 16187 16187 16187 16187 16187
3842 3171 16187 9840 6259 2149 2563 16187 5208 5568 5580 6011 5208 3553 830 16187
1655 12233 14180 3102 8719 9222 3171 10917 10033 13348 16187 8719 4776 2285 16187 16187
6259 9961 8568 10967 12276 926 8268 1229 7740 8197 8712 2143 9484 16187 16187 16187
3842 3171 16187 9840 6259 2149 2563 16187 5208 5568 5580 6011 5208 3553 830 16187
1655 12233 14180 3102 8719 9222 3171 10917 10033 13348 16187 8719 4776 2285 16187 16187
3644 9754 9137 12233 9605 14029 8712 3366 16187 16187 16187 16187 16187 16187 16187 16187
3842 3171 16187 11889 4776 10033 8268 7740 11889 8712 16187 7740 9084 9754 16187 16187
1655 12233 14180 3102 8719 9222 3171 10917 10033 13348 16187 8719 4776 2285 16187 16187
8069 7831 926 5867 4536 12233 1952 926 16187 16187 16187 16187 16187 16187 16187 16187
3842 3171 16187 11889 4776 10033 8268 7740 11889 8712 16187 7740 9084 9754 16187 16187
1655 12233 14180 3102 8719 9222 3171 10917 10033 13348 16187 8719 4776 2285 16187 16187
6096 4787 4189 6070 7742 5022 11889 926 13586 8719 1243 2077 16187 16187 16187 16187
3842 3171 16187 11889 4776 10033 8268 7740 11889 8712 16187 9084 9754 16187 8258 16187
1655 12233 14180 3102 8719 9222 3171 10917 10033 13348 16187 8719 4776 2285 16187 16187
2148 2871 8268 8712 5867 11953 817 14237 8081 5097 13021 10884 16187 16187 16187 16187
3842 3171 16187 9840 6259 2149 2563 16187 5208 5568 5580 6011 5208 3553 830 16187
1655 12233 14180 3102 8719 9222 3171 10917 10033 13348 16187 8719 4776 2285 16187 16187
4776 5200 7178 8710 5894 8268 12233 1436 4776 14589 16187 16187 16187 16187 16187 16187
3842 3171 16187 11889 4776 10033 8268 7740 11889 8712 16187 9084 9754 16187 8258 16187
1655 12233 14180 3102 8719 9222 3171 10917 10033 13348 16187 8719 4776 2285 16187 16187
13474 118 926 6259 926 16187 16187 16187 16187 16187 16187 16187 16187 16187 16187 16187
3842 3171 16187 9840 6259 2149 2563 16187 8710 4776 926 16187 16187 16187 926 16187
1655 12233 14180 3102 8719 9222 3171 10917 10033 13348 16187 8719 4776 2285 16187 16187
1229 3847 8712 5174 2903 12233 4776 6568 2598 16187 16187 16187 16187 16187 16187 16187
3842 3171 16187 9840 6259 2149 2563 16187 8710 4776 926 16187 16187 16187 926 16187
1655 12233 14180 3102 8719 9222 3171 10917 10033 13348 16187 8719 4776 2285 16187 16187
4776 10033 12181 5329 12233 926 13592 3177 926 5867 14194 14043 2513 16187 16187 16187
3842 3171 16187 11889 4776 10033 8268 7740 11889 8712 16187 9084 9754 16187 13348 16187
1655 12233 14180 3102 8719 9222 3171 10917 10033 13348 16187 8719 4776 2285 16187 16187
12307 16187 16187 16187 16187 16187 16187 16187 16187 16187 16187 16187 16187 16187 16187 16187
3842 3171 16187 11889 4776 10033 8268 7740 11889 8712 16187 7740 9084 9754 16187 16187
1655 12233 14180 3102 8719 9222 3171 10917 10033 13348 16187 8719 4776 2285 16187 16187
1098 16187 16187 16187 16187 16187 16187 16187 16187 16187 16187 16187 16187 16187 16187 16187
3842 3171 16187 11889 4776 10033 8268 7740 11889 8712 16187 9084 9754 16187 8258 16187
1655 12233 14180 3102 8719 9222 3171 10917 10033 13348 16187 8719 4776 2285 16187 16187
9780 8690 830 9780 8542 16187 16187 16187 16187 16187 16187 16187 16187 16187 16187 16187
3842 3171 16187 11889 4776 10033 8268 7740 11889 8712 16187 7740 9084 9754 16187 16187
1655 12233 14180 3102 8719 9222 3171 10917 10033 13348 16187 8719 4776 2285 16187 16187
1543 4931 3171 10033 9575 2598 16187 16187 16187 16187 16187 16187 16187 16187 16187 16187
3842 3171 16187 9840 6259 2149 2563 16187 8710 4776 926 16187 16187 16187 7740 13081
1655 12233 14180 3102 8719 9222 3171 10917 10033 13348 16187 8719 4776 2285 16187 16187
4624 771 6259 8569 14113 8719 15520 467 16187 16187 16187 16187 16187 16187 16187 16187
3842 3171 16187 11889 4776 10033 8268 7740 11889 8712 16187 7740 9084 9754 16187 16187
1655 12233 14180 3102 8719 9222 3171 10917 10033 13348 16187 8719 4776 2285 16187 16187
4776 12835 14776 14180 4142 13074 8268 3069 926 926 8268 14237 15291 926 16187 16187
3842 3171 16187 11889 4776 10033 8268 7740 11889 8712 16187 9084 9754 16187 8258 16187
1655 12233 14180 3102 8719 9222 3171 10917 10033 13348 16187 8719 4776 2285 16187 16187
5463 3543 8158 6011 15389 13348 16187 16187 16187 16187 16187 16187 16187 16187 16187 16187
3842 3171 16187 9840 6259 2149 2563 16187 5208 5568 5580 6011 5208 3553 830 16187
1655 12233 14180 3102 8719 9222 3171 10917 10033 13348 16187 8719 4776 2285 16187 16187
926 5340 12233 926 8268 12233 11553 14745 3185 2903 14237 926 1954 777 9290 16187
3842 3171 16187 9840 6259 2149 2563 16187 779 6259 926 926 16187 16187 926 926
1655 12233 14180 3102 8719 9222 3171 10917 10033 13348 16187 8719 4776 2285 16187 16187
3171 3112 4776 10033 1229 630 2148 9332 16187 16187 16187 16187 16187 16187 16187 16187
3842 3171 16187 11889 4776 10033 8268 7740 11889 8712 16187 7740 9084 9754 16187 16187
1655 12233 14180 3102 8719 9222 3171 10917 10033 13348 16187 8719 4776 2285 16187 16187
7740 9084 9754 11889 5463 1957 14180 16187 16187 16187 16187 16187 16187 16187 16187 16187
3842 3171 16187 9840 6259 2149 2563 16187 5208 5568 5580 6011 5208 3553 830 16187
1655 12233 14180 3102 8719 9222 3171 10917 10033 13348 16187 8719 4776 2285 16187 16187
15662 4776 926 653 2598 16187 16187 16187 16187 16187 16187 16187 16187 16187 16187 16187
3842 3171 16187 11889 4776 10033 8268 7740 11889 8712 16187 9084 9754 16187 13348 16187
1655 12233 14180 3102 8719 9222 3171 10917 10033 13348 16187 8719 4776 2285 16187 16187
7740 771 6259 10355 983 16187 16187 16187 16187 16187 16187 16187 16187 16187 16187 16187
3842 3171 16187 11889 4776 10033 8268 7740 11889 8712 16187 9084 9754 16187 13348 16187
1655 12233 14180 3102 8719 9222 3171 10917 10033 13348 16187 8719 4776 2285 16187 16187
3648 8710 6259 2563 11042 12233 2263 14775 926 8719 12127 2191 3177 4776 6226 16187
3842 3171 16187 9840 6259 2149 2563 16187 779 6259 926 926 16187 16187 926 926
1655 12233 14180 3102 8719 9222 3171 10917 10033 13348 16187 8719 4776 2285 16187 16187
12298 16187 16187 16187 16187 16187 16187 16187 16187 16187 16187 16187 16187 16187 16187 16187
3842 3171 16187 9840 6259 2149 2563 16187 5208 5568 5580 6011 5208 3553 830 16187
1655 12233 14180 3102 8719 9222 3171 10917 10033 13348 16187 8719 4776 2285 16187 16187
7926 13942 12233 2823 1075 830 1885 7926 5867 6259 13412 926 6978 16187 16187 16187
3842 3171 16187 11889 4776 10033 8268 7740 11889 8712 16187 9084 9754 16187 13348 16187
1655 12233 14180 3102 8719 9222 3171 10917 10033 13348 16187 8719 4776 2285 16187 16187
322 322 16187 16187 16187 16187 16187 16187 16187 16187 16187 16187 16187 16187 16187 16187
3842 3171 16187 9840 6259 2149 2563 16187 5208 5568 5580 6011 5208 3553 830 16187
1655 12233 14180 3102 8719 9222 3171 10917 10033 13348 16187 8719 4776 2285 16187 16187
7740 9884 8466 3171 10033 1597 12291 14237 11553 2296 12766 9106 16187 16187 16187 16187
3842 3171 16187 9840 6259 2149 2563 16187 779 6259 926 926 16187 16187 926 926
1655 12233 14180 3102 8719 9222 3171 10917 10033 13348 16187 8719 4776 2285 16187 16187
1378 3177 4776 10566 2997 14237 7705 2563 8084 8268 14237 2326 10355 16187 16187 16187
3842 3171 16187 9840 6259 2149 2563 16187 779 6259 926 926 16187 16187 926 926
1655 12233 14180 3102 8719 9222 3171 10917 10033 13348 16187 8719 4776 2285 16187 16187
4776 10418 4931 10602 16187 16187 16187 16187 16187 16187 16187 16187 16187 16187 16187 16187
3842 3171 16187 9840 6259 2149 2563 16187 5208 5568 5580 6011 5208 3553 830 16187
1655 12233 14180 3102 8719 9222 3171 10917 10033 13348 16187 8719 4776 2285 16187 16187
1378 12232 9429 5463 3171 10033 8710 5329 6259 11063 16187 16187 16187 16187 16187 16187
3842 3171 16187 9840 6259 2149 2563 16187 8710 4776 926 16187 16187 16187 7740 13081
1655 12233 14180 3102 8719 9222 3171 10917 10033 13348 16187 8719 4776 2285 16187 16187
4949 8268 4949 16187 16187 16187 16187 16187 16187 16187 16187 16187 16187 16187 16187 16187
3842 3171 16187 11889 4776 10033 8268 7740 11889 8712 16187 9084 9754 16187 13348 16187
1655 12233 14180 3102 8719 9222 3171 10917 10033 13348 16187 8719 4776 2285 16187 16187
6569 1019 5174 2122 6173 4776 10400 6423 2053 6569 3994 8710 14397 10355 16187 16187
3842 3171 16187 11889 4776 10033 8268 7740 11889 8712 16187 9084 9754 16187 13348 16187
1655 12233 14180 3102 8719 9222 3171 10917 10033 13348 16187 8719 4776 2285 16187 16187
1543 9084 4325 10603 6259 14842 8719 13907 6259 926 926 8719 5333 2598 16187 16187
3842 3171 16187 11889 4776 10033 8268 7740 11889 8712 16187 7740 9084 9754 16187 16187
1655 12233 14180 3102 8719 9222 3171 10917 10033 13348 16187 8719 4776 2285 16187 16187
7651 12008 12991 8268 926 1740 926 8719 4776 14834 2167 3177 3244 16187 16187 16187
3842 3171 16187 9840 6259 2149 2563 16187 779 6259 926 926 16187 16187 926 926
1655 12233 14180 3102 8719 9222 3171 10917 10033 13348 16187 8719 4776 2285 16187 16187
7975 4609 8726 6011 14776 6259 13348 16187 16187 16187 16187 16187 16187 16187 16187 16187
3842 3171 16187 9840 6259 2149 2563 16187 8710 4776 926 16187 16187 16187 926 16187
1655 12233 14180 3102 8719 9222 3171 10917 10033 13348 16187 8719 4776 2285 16187 16187
4325 16105 15597 926 2563 5022 10918 8719 926 6259 10033 15142 204 12416 16187 16187
3842 3171 16187 11889 4776 10033 8268 7740 11889 8712 16187 7740 9084 9754 16187 16187
1655 12233 14180 3102 8719 9222 3171 10917 10033 13348 16187 8719 4776 2285 16187 16187
4776 1754 3177 3171 10033 10899 820 1778 15658 14776 15 830 16146 820 16187 16187
3842 3171 16187 11889 4776 10033 8268 7740 11889 8712 16187 7740 9084 9754 16187 16187
1655 12233 14180 3102 8719 9222 3171 10917 10033 13348 16187 8719 4776 2285 16187 16187
4032 6259 12650 13348 16187 16187 16187 16187 16187 16187 16187 16187 16187 16187 16187 16187
3842 3171 16187 9840 6259 2149 2563 16187 779 6259 926 926 16187 16187 926 926
1655 12233 14180 3102 8719 9222 3171 10917 10033 13348 16187 8719 4776 2285 16187 16187
6363 15525 3177 9484 11477 12952 10716 3927 4776 10971 16187 16187 16187 16187 16187 16187
3842 3171 16187 11889 4776 10033 8268 7740 11889 8712 16187 7740 9084 9754 16187 16187
1655 12233 14180 3102 8719 9222 3171 10917 10033 13348 16187 8719 4776 2285 16187 16187
8124 16187 16187 16187 16187 16187 16187 16187 16187 16187 16187 16187 16187 16187 16187 16187
3842 3171 16187 9840 6259 2149 2563 16187 779 6259 926 926 16187 16187 926 926
1655 12233 14180 3102 8719 9222 3171 10917 10033 13348 16187 8719 4776 2285 16187 16187
3171 2563 12233 9070 8710 14272 7740 9429 6011 3543 2552 1378 983 16187 16187 16187
3842 3171 16187 11889 4776 10033 8268 7740 11889 8712 16187 7740 9084 9754 16187 16187
1655 12233 14180 3102 8719 9222 3171 10917 10033 13348 16187 8719 4776 2285 16187 16187
5568 14029 4776 7687 16187 16187 16187 16187 16187 16187 16187 16187 16187 16187 16187 16187
3842 3171 16187 11889 4776 10033 8268 7740 11889 8712 16187 7740 9084 9754 16187 16187
1655 12233 14180 3102 8719 9222 3171 10917 10033 13348 16187 8719 4776 2285 16187 16187
4776 6801 779 12233 4552 1919 5937 4987 8268 10396 8268 4963 14237 12832 14961 16187
3842 3171 16187 11889 4776 10033 8268 7740 11889 8712 16187 9084 9754 16187 13348 16187
1655 12233 14180 3102 8719 9222 3171 10917 10033 13348 16187 8719 4776 2285 16187 16187
11296 830 10359 5656 10324 8719 1138 926 5711 16187 16187 16187 16187 16187 16187 16187
3842 3171 16187 9840 6259 2149 2563 16187 779 6259 926 926 16187 16187 926 926
1655 12233 14180 3102 8719 9222 3171 10917 10033 13348 16187 8719 4776 2285 16187 16187
3171 10033 3847 5463 6070 8268 6070 7742 16187 16187 16187 16187 16187 16187 16187 16187
3842 3171 16187 9840 6259 2149 2563 16187 8710 4776 926 16187 16187 16187 7740 13081
1655 12233 14180 3102 8719 9222 3171 10917 10033 13348 16187 8719 4776 2285 16187 16187
4776 14596 10781 6546 1344 2002 14237 8710 15260 10967 5946 12233 5759 16187 16187 16187
3842 3171 16187 11889 4776 10033 8268 7740 11889 8712 16187 9084 9754 16187 13348 16187
1655 12233 14180 3102 8719 9222 3171 10917 10033 13348 16187 8719 4776 2285 16187 16187
3171 8710 6259 2563 6011 4917 13086 12650 8258 6011 9085 16187 16187 16187 16187 16187
3842 3171 16187 11889 4776 10033 8268 7740 11889 8712 16187 9084 9754 16187 13348 16187
1655 12233 14180 3102 8719 9222 3171 10917 10033 13348 16187 8719 4776 2285 16187 16187
8712 5867 12495 9736 14237 12349 4776 12489 830 14397 16128 4440 16187 16187 16187 16187
3842 3171 16187 11889 4776 10033 8268 7740 11889 8712 16187 7740 9084 9754 16187 16187
1655 12233 14180 3102 8719 9222 3171 10917 10033 13348 16187 8719 4776 2285 16187 16187
7740 11530 8712 16187 16187 16187 16187 16187 16187 16187 16187 16187 16187 16187 16187 16187
3842 3171 16187 11889 4776 10033 8268 7740 11889 8712 16187 9084 9754 16187 8258 16187
1655 12233 14180 3102 8719 9222 3171 10917 10033 13348 16187 8719 4776 2285 16187 16187
5678 1853 7740 4552 9754 2326 5407 630 11953 14734 4189 16187 16187 16187 16187 16187
3842 3171 16187 11889 4776 10033 8268 7740 11889 8712 16187 9084 9754 16187 13348 16187
1655 12233 14180 3102 8719 9222 3171 10917 10033 13348 16187 8719 4776 2285 16187 16187
4776 2563 779 6259 2601 5948 3177 2053 8974 3766 3994 16187 16187 16187 16187 16187
3842 3171 16187 11889 4776 10033 8268 7740 11889 8712 16187 9084 9754 16187 8258 16187
1655 12233 14180 3102 8719 9222 3171 10917 10033 13348 16187 8719 4776 2285 16187 16187
14183 2598 2598 16187 16187 16187 16187 16187 16187 16187 16187 16187 16187 16187 16187 16187
3842 3171 16187 9840 6259 2149 2563 16187 5208 5568 5580 6011 5208 3553 830 16187
1655 12233 14180 3102 8719 9222 3171 10917 10033 13348 16187 8719 4776 2285 16187 16187
4404 1138 4383 7937 3177 14766 5711 16187 16187 16187 16187 16187 16187 16187 16187 16187
3842 3171 16187 11889 4776 10033 8268 7740 11889 8712 16187 9084 9754 16187 8258 16187
1655 12233 14180 3102 8719 9222 3171 10917 10033 13348 16187 8719 4776 2285 16187 16187
3171 10033 779 6070 10762 11646 14237 12013 16187 16187 16187 16187 16187 16187 16187 16187
3842 3171 16187 9840 6259 2149 2563 16187 779 6259 926 926 16187 16187 926 926
1655 12233 14180 3102 8719 9222 3171 10917 10033 13348 16187 8719 4776 2285 16187 16187
4776 2563 3847 10328 6826 1919 2263 14186 3177 13592 5820 8157 3177 14112 2122 16187
3842 3171 16187 9840 6259 2149 2563 16187 779 6259 926 926 16187 16187 926 926
1655 12233 14180 3102 8719 9222 3171 10917 10033 13348 16187 8719 4776 2285 16187 16187
7740 12232 11889 12233 2172 15389 9332 3302 4776 926 3177 14180 5463 16187 16187 16187
3842 3171 16187 9840 6259 2149 2563 16187 8710 4776 926 16187 16187 16187 7740 13081
1655 12233 14180 3102 8719 9222 3171 10917 10033 13348 16187 8719 4776 2285 16187 16187
7777 926 7076 7777 926 1955 5568 7926 5208 16187 16187 16187 16187 16187 16187 16187
3842 3171 16187 9840 6259 2149 2563 16187 779 6259 926 926 16187 16187 926 926
1655 12233 14180 3102 8719 9222 3171 10917 10033 13348 16187 8719 4776 2285 16187 16187
7740 9431 4931 926 2837 4776 5358 8719 3171 10033 16187 16187 16187 16187 16187 16187
3842 3171 16187 9840 6259 2149 2563 16187 779 6259 926 926 16187 16187 926 926
1655 12233 14180 3102 8719 9222 3171 10917 10033 13348 16187 8719 4776 2285 16187 16187
11553 9754 8466 5463 6041 4776 2322 5007 16187 16187 16187 16187 16187 16187 16187 16187
3842 3171 16187 11889 4776 10033 8268 7740 11889 8712 16187 7740 9084 9754 16187 16187
1655 12233 14180 3102 8719 9222 3171 10917 10033 13348 16187 8719 4776 2285 16187 16187
6259 2163 926 8268 926 14237 15347 8268 926 8710 5069 2909 830 1885 2974 16187
3842 3171 16187 9840 6259 2149 2563 16187 779 6259 926 926 16187 16187 926 926
1655 12233 14180 3102 8719 9222 3171 10917 10033 13348 16187 8719 4776 2285 16187 16187
14180 3177 4776 2122 3114 14796 6850 5636 5463 2326 8733 4776 2563 16187 16187 16187
3842 3171 16187 11889 4776 10033 8268 7740 11889 8712 16187 9084 9754 16187 8258 16187
1655 12233 14180 3102 8719 9222 3171 10917 10033 13348 16187 8719 4776 2285 16187 16187
13474 7076 7593 926 8268 6259 3192 13021 12904 8268 6259 2176 517 926 9385 16187
3842 3171 16187 11889 4776 10033 8268 7740 11889 8712 16187 7740 9084 9754 16187 16187
1655 12233 14180 3102 8719 9222 3171 10917 10033 13348 16187 8719 4776 2285 16187 16187
9563 1919 3171 10033 5867 2002 5033 2598 16187 16187 16187 16187 16187 16187 16187 16187
3842 3171 16187 9840 6259 2149 2563 16187 779 6259 926 926 16187 16187 926 926
1655 12233 14180 3102 8719 9222 3171 10917 10033 13348 16187 8719 4776 2285 16187 16187
4776 828 3994 8598 14769 14776 4776 564 10501 8719 3171 6801 16187 16187 16187 16187
3842 3171 16187 11889 4776 10033 8268 7740 11889 8712 16187 9084 9754 16187 8258 16187
1655 12233 14180 3102 8719 9222 3171 10917 10033 13348 16187 8719 4776 2285 16187 16187
8712 8710 2903 12233 2904 12233 6077 4776 8215 16187 16187 16187 16187 16187 16187 16187
3842 3171 16187 11889 4776 10033 8268 7740 11889 8712 16187 7740 9084 9754 16187 16187
1655 12233 14180 3102 8719 9222 3171 10917 10033 13348 16187 8719 4776 2285 16187 16187
6173 49 12233 3059 8268 7740 9084 5329 14518 630 16187 16187 16187 16187 16187 16187
3842 3171 16187 11889 4776 10033 8268 7740 11889 8712 16187 7740 9084 9754 16187 16187
1655 12233 14180 3102 8719 9222 3171 10917 10033 13348 16187 8719 4776 2285 16187 16187
7740 12431 3171 8124 10033 830 12276 15572 1019 7401 1390 4891 2968 13348 16187 16187
3842 3171 16187 9840 6259 2149 2563 16187 5208 5568 5580 6011 5208 3553 830 16187
1655 12233 14180 3102 8719 9222 3171 10917 10033 13348 16187 8719 4776 2285 16187 16187
4776 5257 3177 12387 8719 926 8710 13519 14237 1098 16187 16187 16187 16187 16187 16187
3842 3171 16187 9840 6259 2149 2563 16187 8710 4776 926 16187 16187 16187 926 16187
1655 12233 14180 3102 8719 9222 3171 10917 10033 13348 16187 8719 4776 2285 16187 16187
9063 8268 14069 5867 926 926 5867 574 16187 16187 16187 16187 16187 16187 16187 16187
3842 3171 16187 11889 4776 10033 8268 7740 11889 8712 16187 9084 9754 16187 13348 16187
1655 12233 14180 3102 8719 9222 3171 10917 10033 13348 16187 8719 4776 2285 16187 16187
3171 10033 771 6826 15819 4924 4440 8719 8712 16187 16187 16187 16187 16187 16187 16187
3842 3171 16187 9840 6259 2149 2563 16187 779 6259 926 926 16187 16187 926 926
1655 12233 14180 3102 8719 9222 3171 10917 10033 13348 16187 8719 4776 2285 16187 16187
4776 11253 8710 14029 6259 926 8268 14237 14069 8710 13084 4927 3748 16187 16187 16187
3842 3171 16187 11889 4776 10033 8268 7740 11889 8712 16187 7740 9084 9754 16187 16187
1655 12233 14180 3102 8719 9222 3171 10917 10033 13348 16187 8719 4776 2285 16187 16187
8712 5867 10534 10719 8268 14237 8093 13542 16187 16187 16187 16187 16187 16187 16187 16187
3842 3171 16187 11889 4776 10033 8268 7740 11889 8712 16187 9084 9754 16187 8258 16187
1655 12233 14180 3102 8719 9222 3171 10917 10033 13348 16187 8719 4776 2285 16187 16187
8808 10801 8710 10569 8268 14237 8712 5867 6259 10887 10501 3177 4776 10033 16187 16187
3842 3171 16187 9840 6259 2149 2563 16187 779 6259 926 926 16187 16187 926 926
1655 12233 14180 3102 8719 9222 3171 10917 10033 13348 16187 8719 4776 2285 16187 16187
14069 5867 13807 1157 5463 8710 5329 2689 8719 8712 16187 16187 16187 16187 16187 16187
3842 3171 16187 9840 6259 2149 2563 16187 5208 5568 5580 6011 5208 3553 830 16187
1655 12233 14180 3102 8719 9222 3171 10917 10033 13348 16187 8719 4776 2285 16187 16187
7926 7076 6259 926 3827 926 10921 9941 14237 926 16187 16187 16187 16187 16187 16187
3842 3171 16187 9840 6259 2149 2563 16187 8710 4776 926 16187 16187 16187 926 16187
1655 12233 14180 3102 8719 9222 3171 10917 10033 13348 16187 8719 4776 2285 16187 16187
1597 8268 1597 820 1436 5463 926 1390 8710 4776 7705 8569 2563 8084 16187 16187
3842 3171 16187 9840 6259 2149 2563 16187 8710 4776 926 16187 16187 16187 7740 13081
1655 12233 14180 3102 8719 9222 3171 10917 10033 13348 16187 8719 4776 2285 16187 16187
926 926 16187 16187 16187 16187 16187 16187 16187 16187 16187 16187 16187 16187 16187 16187
3842 3171 16187 9840 6259 2149 2563 16187 5208 5568 5580 6011 5208 3553 830 16187
1655 12233 14180 3102 8719 9222 3171 10917 10033 13348 16187 8719 4776 2285 16187 16187
3171 8157 3177 4856 8268 12576 8423 450 8268 8710 5329 830 12127 10166 16187 16187
3842 3171 16187 11889 4776 10033 8268 7740 11889 8712 16187 9084 9754 16187 13348 16187
1655 12233 14180 3102 8719 9222 3171 10917 10033 13348 16187 8719 4776 2285 16187 16187
4776 9424 8710 16187 16187 16187 16187 16187 16187 16187 16187 16187 16187 16187 16187 16187
3842 3171 16187 9840 6259 2149 2563 16187 5208 5568 5580 6011 5208 3553 830 16187
1655 12233 14180 3102 8719 9222 3171 10917 10033 13348 16187 8719 4776 2285 16187 16187
1138 5398 13907 6259 7323 5711 13942 14635 3177 9800 5936 16187 16187 16187 16187 16187
3842 3171 16187 11889 4776 10033 8268 7740 11889 8712 16187 9084 9754 16187 8258 16187
1655 12233 14180 3102 8719 9222 3171 10917 10033 13348 16187 8719 4776 2285 16187 16187
6407 8712 16187 16187 16187 16187 16187 16187 16187 16187 16187 16187 16187 16187 16187 16187
3842 3171 16187 11889 4776 10033 8268 7740 11889 8712 16187 7740 9084 9754 16187 16187
1655 12233 14180 3102 8719 9222 3171 10917 10033 13348 16187 8719 4776 2285 16187 16187
13975 8268 3171 8710 9754 1954 1197 9290 14043 926 9890 16187 16187 16187 16187 16187
3842 3171 16187 11889 4776 10033 8268 7740 11889 8712 16187 7740 9084 9754 16187 16187
1655 12233 14180 3102 8719 9222 3171 10917 10033 13348 16187 8719 4776 2285 16187 16187
14237 926 3748 7812 3609 3847 5329 11712 9666 820 8719 12276 15939 16187 16187 16187
3842 3171 16187 11889 4776 10033 8268 7740 11889 8712 16187 9084 9754 16187 13348 16187
1655 12233 14180 3102 8719 9222 3171 10917 10033 13348 16187 8719 4776 2285 16187 16187
9296 6011 4628 9754 16187 16187 16187 16187 16187 16187 16187 16187 16187 16187 16187 16187
3842 3171 16187 11889 4776 10033 8268 7740 11889 8712 16187 9084 9754 16187 13348 16187
1655 12233 14180 3102 8719 9222 3171 10917 10033 13348 16187 8719 4776 2285 16187 16187
7926 14762 1954 2002 14426 14596 8745 1138 13131 8268 861 983 5711 16187 16187 16187
3842 3171 16187 11889 4776 10033 8268 7740 11889 8712 16187 9084 9754 16187 13348 16187
1655 12233 14180 3102 8719 9222 3171 10917 10033 13348 16187 8719 4776 2285 16187 16187
3454 4776 1440 8974 2563 4363 414 4776 13645 16187 16187 16187 16187 16187 16187 16187
3842 3171 16187 11889 4776 10033 8268 7740 11889 8712 16187 7740 9084 9754 16187 16187
1655 12233 14180 3102 8719 9222 3171 10917 10033 13348 16187 8719 4776 2285 16187 16187
8712 5867 6259 3098 2563 14237 2847 14180 3177 4776 926 14780 3735 8712 16187 16187
3842 3171 16187 9840 6259 2149 2563 16187 779 6259 926 926 16187 16187 926 926
1655 12233 14180 3102 8719 9222 3171 10917 10033 13348 16187 8719 4776 2285 16187 16187
14272 6259 8124 14596 8268 14272 6259 8124 3513 8268 14272 6259 8124 7151 16187 16187
3842 3171 16187 11889 4776 10033 8268 7740 11889 8712 16187 7740 9084 9754 16187 16187
1655 12233 14180 3102 8719 9222 3171 10917 10033 13348 16187 8719 4776 2285 16187 16187
12008 6259 8230 15846 8268 15846 926 8268 12232 11553 16105 8712 926 8270 16187 16187
3842 3171 16187 9840 6259 2149 2563 16187 8710 4776 926 16187 16187 16187 7740 13081
1655 12233 14180 3102 8719 9222 3171 10917 10033 13348 16187 8719 4776 2285 16187 16187
14069 9498 13084 12092 3766 2858 8712 12114 16187 16187 16187 16187 16187 16187 16187 16187
3842 3171 16187 9840 6259 2149 2563 16187 5208 5568 5580 6011 5208 3553 830 16187
1655 12233 14180 3102 8719 9222 3171 10917 10033 13348 16187 8719 4776 2285 16187 16187
14180 3171 8710 5329 9222 2680 899 1955 7926 8451 14734 7188 926 16187 16187 16187
3842 3171 16187 9840 6259 2149 2563 16187 779 6259 926 926 16187 16187 926 926
1655 12233 14180 3102 8719 9222 3171 10917 10033 13348 16187 8719 4776 2285 16187 16187
4776 12128 14237 9057 8388 2903 4931 6259 11146 12008 7740 9429 8712 5867 10355 16187
3842 3171 16187 11889 4776 10033 8268 7740 11889 8712 16187 9084 9754 16187 13348 16187
1655 12233 14180 3102 8719 9222 3171 10917 10033 13348 16187 8719 4776 2285 16187 16187
8798 8268 4776 14465 8093 1344 3785 2858 13592 11039 3177 6259 2601 16187 16187 16187
3842 3171 16187 9840 6259 2149 2563 16187 779 6259 926 926 16187 16187 926 926
1655 12233 14180 3102 8719 9222 3171 10917 10033 13348 16187 8719 4776 2285 16187 16187
8712 4931 7742 10471 14237 6297 11681 4776 12805 16187 16187 16187 16187 16187 16187 16187
3842 3171 16187 9840 6259 2149 2563 16187 8710 4776 926 16187 16187 16187 926 16187
1655 12233 14180 3102 8719 9222 3171 10917 10033 13348 16187 8719 4776 2285 16187 16187
1138 7926 5867 12766 5816 2837 4776 926 5711 3171 2563 8710 16139 16187 16187 16187
3842 3171 16187 11889 4776 10033 8268 7740 11889 8712 16187 9084 9754 16187 13348 16187
1655 12233 14180 3102 8719 9222 3171 10917 10033 13348 16187 8719 4776 2285 16187 16187
12536 4931 10355 12008 3364 11553 12766 869 8270 16187 16187 16187 16187 16187 16187 16187
3842 3171 16187 11889 4776 10033 8268 7740 11889 8712 16187 9084 9754 16187 13348 16187
1655 12233 14180 3102 8719 9222 3171 10917 10033 13348 16187 8719 4776 2285 16187 16187
3543 7926 6381 14734 643 9431 8268 14043 14734 10312 12233 11702 4776 926 2598 16187
3842 3171 16187 11889 4776 10033 8268 7740 11889 8712 16187 9084 9754 16187 13348 16187
1655 12233 14180 3102 8719 9222 3171 10917 10033 13348 16187 8719 4776 2285 16187 16187
12233 8733 6259 2563 11953 1213 6259 4779 4931 2446 8719 8569 14113 8268 11558 16187
3842 3171 16187 9840 6259 2149 2563 16187 5208 5568 5580 6011 5208 3553 830 16187
1655 12233 14180 3102 8719 9222 3171 10917 10033 13348 16187 8719 4776 2285 16187 16187
4152 8710 2256 3175 16187 16187 16187 16187 16187 16187 16187 16187 16187 16187 16187 16187
3842 3171 16187 9840 6259 2149 2563 16187 8710 4776 926 16187 16187 16187 7740 13081
1655 12233 14180 3102 8719 9222 3171 10917 10033 13348 16187 8719 4776 2285 16187 16187
7740 14263 3171 10033 14919 9484 16187 16187 16187 16187 16187 16187 16187 16187 16187 16187
3842 3171 16187 11889 4776 10033 8268 7740 11889 8712 16187 7740 9084 9754 16187 16187
1655 12233 14180 3102 8719 9222 3171 10917 10033 13348 16187 8719 4776 2285 16187 16187
4404 4472 12233 3171 10033 8710 4776 14186 3177 6664 16187 16187 16187 16187 16187 16187
3842 3171 16187 11889 4776 10033 8268 7740 11889 8712 16187 9084 9754 16187 13348 16187
1655 12233 14180 3102 8719 9222 3171 10917 10033 13348 16187 8719 4776 2285 16187 16187
8712 8710 3098 12233 2552 2941 3573 4552 703 5463 13474 12232 9754 11606 4552 16187
3842 3171 16187 9840 6259 2149 2563 16187 779 6259 926 926 16187 16187 926 926
1655 12233 14180 3102 8719 9222 3171 10917 10033 13348 16187 8719 4776 2285 16187 16187
14272 4624 2552 8710 5580 5695 14596 7032 8268 14237 8124 10418 2837 14180 2946 16187
3842 3171 16187 9840 6259 2149 2563 16187 5208 5568 5580 6011 5208 3553 830 16187
1655 12233 14180 3102 8719 9222 3171 10917 10033 13348 16187 8719 4776 2285 16187 16187
9296 5463 5867 926 12576 8268 15978 3461 8268 4325 14776 10217 9780 12835 16187 16187
3842 3171 16187 11889 4776 10033 8268 7740 11889 8712 16187 9084 9754 16187 8258 16187
1655 12233 14180 3102 8719 9222 3171 10917 10033 13348 16187 8719 4776 2285 16187 16187
12008 8268 4776 12715 14599 5208 1453 4776 10566 3177 4776 5638 16187 16187 16187 16187
3842 3171 16187 11889 4776 10033 8268 7740 11889 8712 16187 9084 9754 16187 8258 16187
1655 12233 14180 3102 8719 9222 3171 10917 10033 13348 16187 8719 4776 2285 16187 16187
13029 779 12233 13758 12233 10751 5463 16187 16187 16187 16187 16187 16187 16187 16187 16187
3842 3171 16187 9840 6259 2149 2563 16187 8710 4776 926 16187 16187 16187 7740 13081
1655 12233 14180 3102 8719 9222 3171 10917 10033 13348 16187 8719 4776 2285 16187 16187
4325 9498 9754 4951 10967 4776 14596 8268 12008 4325 3364 11553 1941 630 10150 16187
3842 3171 16187 9840 6259 2149 2563 16187 779 6259 926 926 16187 16187 926 926
1655 12233 14180 3102 8719 9222 3171 10917 10033 13348 16187 8719 4776 2285 16187 16187
1229 14069 5867 15389 830 10394 16187 16187 16187 16187 16187 16187 16187 16187 16187 16187
3842 3171 16187 11889 4776 10033 8268 7740 11889 8712 16187 7740 9084 9754 16187 16187
1655 12233 14180 3102 8719 9222 3171 10917 10033 13348 16187 8719 4776 2285 16187 16187
8712 8710 16187 16187 16187 16187 16187 16187 16187 16187 16187 16187 16187 16187 16187 16187
3842 3171 16187 11889 4776 10033 8268 7740 11889 8712 16187 9084 9754 16187 13348 16187
1655 12233 14180 3102 8719 9222 3171 10917 10033 13348 16187 8719 4776 2285 16187 16187
6390 926 779 12431 12233 2823 4776 4267 6390 3211 15525 14069 16187 16187 16187 16187
3842 3171 16187 11889 4776 10033 8268 7740 11889 8712 16187 9084 9754 16187 13348 16187
1655 12233 14180 3102 8719 9222 3171 10917 10033 13348 16187 8719 4776 2285 16187 16187
1329 8268 3171 2563 8710 6259 3667 3177 9831 16187 16187 16187 16187 16187 16187 16187
3842 3171 16187 9840 6259 2149 2563 16187 5208 5568 5580 6011 5208 3553 830 16187
1655 12233 14180 3102 8719 9222 3171 10917 10033 13348 16187 8719 4776 2285 16187 16187
926 1959 2143 15525 3177 9484 1019 5538 6173 3699 7742 10471 926 7273 16187 16187
3842 3171 16187 11889 4776 10033 8268 7740 11889 8712 16187 7740 9084 9754 16187 16187
1655 12233 14180 3102 8719 9222 3171 10917 10033 13348 16187 8719 4776 2285 16187 16187
7740 2446 14583 10332 10244 8185 8268 14043 1133 5463 1453 13501 8719 1378 16187 16187
3842 3171 16187 9840 6259 2149 2563 16187 8710 4776 926 16187 16187 16187 7740 13081
1655 12233 14180 3102 8719 9222 3171 10917 10033 13348 16187 8719 4776 2285 16187 16187
15477 926 1390 8710 1378 3177 9743 12740 5463 779 1378 10315 830 2103 16187 16187
3842 3171 16187 11889 4776 10033 8268 7740 11889 8712 16187 7740 9084 9754 16187 16187
1655 12233 14180 3102 8719 9222 3171 10917 10033 13348 16187 8719 4776 2285 16187 16187
8712 8710 3171 7949 5463 2326 13549 4776 10033 14512 16187 16187 16187 16187 16187 16187
3842 3171 16187 11889 4776 10033 8268 7740 11889 8712 16187 9084 9754 16187 13348 16187
1655 12233 14180 3102 8719 9222 3171 10917 10033 13348 16187 8719 4776 2285 16187 16187
14272 5208 1378 2326 926 11953 5463 2598 16187 16187 16187 16187 16187 16187 16187 16187
3842 3171 16187 11889 4776 10033 8268 7740 11889 8712 16187 9084 9754 16187 8258 16187
1655 12233 14180 3102 8719 9222 3171 10917 10033 13348 16187 8719 4776 2285 16187 16187
6011 7433 13348 16187 16187 16187 16187 16187 16187 16187 16187 16187 16187 16187 16187 16187
3842 3171 16187 11889 4776 10033 8268 7740 11889 8712 16187 9084 9754 16187 8258 16187
1655 12233 14180 3102 8719 9222 3171 10917 10033 13348 16187 8719 4776 2285 16187 16187
1754 4776 6437 15814 15649 14776 12256 8268 14043 8270 8592 926 8710 16187 16187 16187
3842 3171 16187 9840 6259 2149 2563 16187 5208 5568 5580 6011 5208 3553 830 16187
1655 12233 14180 3102 8719 9222 3171 10917 10033 13348 16187 8719 4776 2285 16187 16187
15870 7740 973 223 12008 7740 4552 9754 9429 926 4776 10709 16187 16187 16187 16187
3842 3171 16187 11889 4776 10033 8268 7740 11889 8712 16187 9084 9754 16187 8258 16187
1655 12233 14180 3102 8719 9222 3171 10917 10033 13348 16187 8719 4776 2285 16187 16187
3171 8710 4776 10442 3177 1378 3177 4776 564 8185 8084 16187 16187 16187 16187 16187
3842 3171 16187 9840 6259 2149 2563 16187 779 6259 926 926 16187 16187 926 926
1655 12233 14180 3102 8719 9222 3171 10917 10033 13348 16187 8719 4776 2285 16187 16187
1229 630 3177 14272 16105 4776 1866 8808 3098 779 12766 15842 16187 16187 16187 16187
3842 3171 16187 11889 4776 10033 8268 7740 11889 8712 16187 9084 9754 16187 8258 16187
1655 12233 14180 3102 8719 9222 3171 10917 10033 13348 16187 8719 4776 2285 16187 16187
4325 12892 2904 13084 13353 11953 14745 16187 16187 16187 16187 16187 16187 16187 16187 16187
3842 3171 16187 11889 4776 10033 8268 7740 11889 8712 16187 9084 9754 16187 13348 16187
1655 12233 14180 3102 8719 9222 3171 10917 10033 13348 16187 8719 4776 2285 16187 16187
7740 1442 3171 13896 10808 8268 14237 8712 8710 5288 6259 10602 1378 16187 16187 16187
3842 3171 16187 11889 4776 10033 8268 7740 11889 8712 16187 7740 9084 9754 16187 16187
1655 12233 14180 3102 8719 9222 3171 10917 10033 13348 16187 8719 4776 2285 16187 16187
3171 2563 8710 11953 926 926 15658 8710 6259 10054 926 16187 16187 16187 16187 16187
3842 3171 16187 9840 6259 2149 2563 16187 8710 4776 926 16187 16187 16187 926 16187
1655 12233 14180 3102 8719 9222 3171 10917 10033 13348 16187 8719 4776 2285 16187 16187
4776 4152 4931 6070 14273 10294 830 6259 10728 12529 16187 16187 16187 16187 16187 16187
3842 3171 16187 9840 6259 2149 2563 16187 779 6259 926 926 16187 16187 926 926
1655 12233 14180 3102 8719 9222 3171 10917 10033 13348 16187 8719 4776 2285 16187 16187
4776 2563 779 4776 14910 6179 5463 31 8710 14362 830 16187 16187 16187 16187 16187
3842 3171 16187 9840 6259 2149 2563 16187 8710 4776 926 16187 16187 16187 926 16187
1655 12233 14180 3102 8719 9222 3171 10917 10033 13348 16187 8719 4776 2285 16187 16187
10080 1146 284 3171 8710 6259 3098 10978 2563 1919 6259 3098 14596 16187 16187 16187
3842 3171 16187 11889 4776 10033 8268 7740 11889 8712 16187 9084 9754 16187 8258 16187
1655 12233 14180 3102 8719 9222 3171 10917 10033 13348 16187 8719 4776 2285 16187 16187
1019 14272 2148 5208 7740 1436 2598 16187 16187 16187 16187 16187 16187 16187 16187 16187
3842 3171 16187 9840 6259 2149 2563 16187 8710 4776 926 16187 16187 16187 926 16187
1655 12233 14180 3102 8719 9222 3171 10917 10033 13348 16187 8719 4776 2285 16187 16187
3540 10733 14148 14470 926 10671 3177 4776 9577 16187 16187 16187 16187 16187 16187 16187
3842 3171 16187 11889 4776 10033 8268 7740 11889 8712 16187 7740 9084 9754 16187 16187
1655 12233 14180 3102 8719 9222 3171 10917 10033 13348 16187 8719 4776 2285 16187 16187
11382 6546 5463 14734 926 6280 10272 6259 4994 13077 16187 16187 16187 16187 16187 16187
3842 3171 16187 9840 6259 2149 2563 16187 5208 5568 5580 6011 5208 3553 830 16187
1655 12233 14180 3102 8719 9222 3171 10917 10033 13348 16187 8719 4776 2285 16187 16187
9790 926 1545 11953 13000 4932 8268 9790 926 3177 10355 14237 8569 16187 16187 16187
3842 3171 16187 11889 4776 10033 8268 7740 11889 8712 16187 7740 9084 9754 16187 16187
1655 12233 14180 3102 8719 9222 3171 10917 10033 13348 16187 8719 4776 2285 16187 16187
630 3177 4776 926 5033 8710 6724 1019 10355 13348 16187 16187 16187 16187 16187 16187
3842 3171 16187 9840 6259 2149 2563 16187 779 6259 926 926 16187 16187 926 926
1655 12233 14180 3102 8719 9222 3171 10917 10033 13348 16187 8719 4776 2285 16187 16187
4776 10418 4931 10355 14237 4776 4152 4931 10355 16187 16187 16187 16187 16187 16187 16187
3842 3171 16187 11889 4776 10033 8268 7740 11889 8712 16187 7740 9084 9754 16187 16187
1655 12233 14180 3102 8719 9222 3171 10917 10033 13348 16187 8719 4776 2285 16187 16187
8712 3364 5367 16187 16187 16187 16187 16187 16187 16187 16187 16187 16187 16187 16187 16187
3842 3171 16187 9840 6259 2149 2563 16187 779 6259 926 926 16187 16187 926 926
1655 12233 14180 3102 8719 9222 3171 10917 10033 13348 16187 8719 4776 2285 16187 16187
7926 5867 6259 5646 5095 8268 15202 7926 15881 14734 4751 4609 10967 14734 926 16187
3842 3171 16187 11889 4776 10033 8268 7740 11889 8712 16187 9084 9754 16187 8258 16187
1655 12233 14180 3102 8719 9222 3171 10917 10033 13348 16187 8719 4776 2285 16187 16187
1597 9780 7889 9498 13532 7862 12233 4552 6640 4325 12449 1919 4776 5174 9911 16187
3842 3171 16187 11889 4776 10033 8268 7740 11889 8712 16187 7740 9084 9754 16187 16187
1655 12233 14180 3102 8719 9222 3171 10917 10033 13348 16187 8719 4776 2285 16187 16187
926 8715 8710 5463 14635 3177 6259 10033 16187 16187 16187 16187 16187 16187 16187 16187
3842 3171 16187 9840 6259 2149 2563 16187 779 6259 926 926 16187 16187 926 926
1655 12233 14180 3102 8719 9222 3171 10917 10033 13348 16187 8719 4776 2285 16187 16187
7926 9084 5329 12709 14734 9059 4863 830 6276 16187 16187 16187 16187 16187 16187 16187
3842 3171 16187 11889 4776 10033 8268 7740 11889 8712 16187 9084 9754 16187 13348 16187
1655 12233 14180 3102 8719 9222 3171 10917 10033 13348 16187 8719 4776 2285 16187 16187
1955 8710 8268 12844 8710 6259 7393 14812 14237 7393 1980 9450 471 16187 16187 16187
3842 3171 16187 9840 6259 2149 2563 16187 8710 4776 926 16187 16187 16187 7740 13081
1655 12233 14180 3102 8719 9222 3171 10917 10033 13348 16187 8719 4776 2285 16187 16187
9264 16187 16187 16187 16187 16187 16187 16187 16187 16187 16187 16187 16187 16187 16187 16187
3842 3171 16187 11889 4776 10033 8268 7740 11889 8712 16187 7740 9084 9754 16187 16187
1655 12233 14180 3102 8719 9222 3171 10917 10033 13348 16187 8719 4776 2285 16187 16187
14237 1213 10145 4325 14776 12495 13348 16187 16187 16187 16187 16187 16187 16187 16187 16187
3842 3171 16187 9840 6259 2149 2563 16187 8710 4776 926 16187 16187 16187 7740 13081
1655 12233 14180 3102 8719 9222 3171 10917 10033 13348 16187 8719 4776 2285 16187 16187
7926 15846 13931 4312 7508 16187 16187 16187 16187 16187 16187 16187 16187 16187 16187 16187
3842 3171 16187 9840 6259 2149 2563 16187 5208 5568 5580 6011 5208 3553 830 16187
1655 12233 14180 3102 8719 9222 3171 10917 10033 13348 16187 8719 4776 2285 16187 16187
8719 10025 8268 4776 2601 1138 2563 5711 8710 6259 11361 3177 7145 16187 16187 16187
3842 3171 16187 9840 6259 2149 2563 16187 5208 5568 5580 6011 5208 3553 830 16187
1655 12233 14180 3102 8719 9222 3171 10917 10033 13348 16187 8719 4776 2285 16187 16187
3171 2251 9070 6259 10894 3177 4776 630 9404 1138 926 5711 16187 16187 16187 16187
3842 3171 16187 9840 6259 2149 2563 16187 779 6259 926 926 16187 16187 926 926
1655 12233 14180 3102 8719 9222 3171 10917 10033 13348 16187 8719 4776 2285 16187 16187
7004 926 8710 6259 6140 2122 7970 8719 4776 9222 16187 16187 16187 16187 16187 16187
3842 3171 16187 11889 4776 10033 8268 7740 11889 8712 16187 7740 9084 9754 16187 16187
1655 12233 14180 3102 8719 9222 3171 10917 10033 13348 16187 8719 4776 2285 16187 16187
3329 4710 13348 16187 16187 16187 16187 16187 16187 16187 16187 16187 16187 16187 16187 16187
3842 3171 16187 9840 6259 2149 2563 16187 5208 5568 5580 6011 5208 3553 830 16187
1655 12233 14180 3102 8719 9222 3171 10917 10033 13348 16187 8719 4776 2285 16187 16187
6259 11585 8710 2474 2858 4776 926 5867 12999 14237 13802 1957 14734 926 14585 16187
3842 3171 16187 9840 6259 2149 2563 16187 5208 5568 5580 6011 5208 3553 830 16187
1655 12233 14180 3102 8719 9222 3171 10917 10033 13348 16187 8719 4776 2285 16187 16187
15595 11965 4776 9339 12738 14029 15597 16058 8258 12413 4312 16187 16187 16187 16187 16187
3842 3171 16187 11889 4776 10033 8268 7740 11889 8712 16187 9084 9754 16187 13348 16187
1655 12233 14180 3102 8719 9222 3171 10917 10033 13348 16187 8719 4776 2285 16187 16187
12008 8712 5867 2446 6259 13783 7937 5463 8710 11890 830 6259 8455 9887 16187 16187
3842 3171 16187 11889 4776 10033 8268 7740 11889 8712 16187 7740 9084 9754 16187 16187
1655 12233 14180 3102 8719 9222 3171 10917 10033 13348 16187 8719 4776 2285 16187 16187
12008 7740 11553 8466 14219 16187 16187 16187 16187 16187 16187 16187 16187 16187 16187 16187
3842 3171 16187 9840 6259 2149 2563 16187 5208 5568 5580 6011 5208 3553 830 16187
1655 12233 14180 3102 8719 9222 3171 10917 10033 13348 16187 8719 4776 2285 16187 16187
8712 8710 4776 564 10033 3177 4776 5365 13348 13348 16187 16187 16187 16187 16187 16187
3842 3171 16187 9840 6259 2149 2563 16187 8710 4776 926 16187 16187 16187 7740 13081
1655 12233 14180 3102 8719 9222 3171 10917 10033 13348 16187 8719 4776 2285 16187 16187
5272 203 8712 12232 827 15525 8069 4776 10566 4750 926 2598 16187 16187 16187 16187
3842 3171 16187 11889 4776 10033 8268 7740 11889 8712 16187 7740 9084 9754 16187 16187
1655 12233 14180 3102 8719 9222 3171 10917 10033 13348 16187 8719 4776 2285 16187 16187
1957 14589 5463 5867 14272 7740 973 4103 16187 16187 16187 16187 16187 16187 16187 16187
3842 3171 16187 11889 4776 10033 8268 7740 11889 8712 16187 7740 9084 9754 16187 16187
1655 12233 14180 3102 8719 9222 3171 10917 10033 13348 16187 8719 4776 2285 16187 16187
14069 5867 14691 8719 3171 10033 12233 2326 7568 6011 16187 16187 16187 16187 16187 16187
3842 3171 16187 9840 6259 2149 2563 16187 5208 5568 5580 6011 5208 3553 830 16187
1655 12233 14180 3102 8719 9222 3171 10917 10033 13348 16187 8719 4776 2285 16187 16187
12276 8264 1860 4931 9715 8268 4776 4406 15939 9701 16187 16187 16187 16187 16187 16187
3842 3171 16187 9840 6259 2149 2563 16187 5208 5568 5580 6011 5208 3553 830 16187
1655 12233 14180 3102 8719 9222 3171 10917 10033 13348 16187 8719 4776 2285 16187 16187
7740 11530 8712 8268 7740 973 9813 16041 4776 3366 13089 8712 5656 15525 13348 16187
3842 3171 16187 9840 6259 2149 2563 16187 8710 4776 926 16187 16187 16187 926 16187
1655 12233 14180 3102 8719 9222 3171 10917 10033 13348 16187 8719 4776 2285 16187 16187
14031 7742 8268 15658 5682 16187 16187 16187 16187 16187 16187 16187 16187 16187 16187 16187
3842 3171 16187 9840 6259 2149 2563 16187 5208 5568 5580 6011 5208 3553 830 16187
1655 12233 14180 3102 8719 9222 3171 10917 10033 13348 16187 8719 4776 2285 16187 16187
5463 13942 12233 2823 4776 5568 1264 8719 4776 2563 16187 16187 16187 16187 16187 16187
3842 3171 16187 9840 6259 2149 2563 16187 8710 4776 926 16187 16187 16187 7740 13081
1655 12233 14180 3102 8719 9222 3171 10917 10033 13348 16187 8719 4776 2285 16187 16187
1229 9578 9511 14876 6259 1781 8268 13929 926 12233 13149 16187 16187 16187 16187 16187
3842 3171 16187 11889 4776 10033 8268 7740 11889 8712 16187 7740 9084 9754 16187 16187
1655 12233 14180 3102 8719 9222 3171 10917 10033 13348 16187 8719 4776 2285 16187 16187
5713 7891 5388 14776 9666 4776 8172 11715 926 16187 16187 16187 16187 16187 16187 16187
3842 3171 16187 9840 6259 2149 2563 16187 779 6259 926 926 16187 16187 926 926
1655 12233 14180 3102 8719 9222 3171 10917 10033 13348 16187 8719 4776 2285 16187 16187
4776 12852 11698 4931 9754 15695 1919 3171 13089 12273 926 4931 8719 1885 4277 16187
3842 3171 16187 11889 4776 10033 8268 7740 11889 8712 16187 9084 9754 16187 8258 16187
1655 12233 14180 3102 8719 9222 3171 10917 10033 13348 16187 8719 4776 2285 16187 16187
14043 8712 3364 2823 5463 15860 3364 5329 10373 6300 12233 926 14237 16187 16187 16187
3842 3171 16187 11889 4776 10033 8268 7740 11889 8712 16187 7740 9084 9754 16187 16187
1655 12233 14180 3102 8719 9222 3171 10917 10033 13348 16187 8719 4776 2285 16187 16187
15398 10918 14237 12149 16187 16187 16187 16187 16187 16187 16187 16187 16187 16187 16187 16187
3842 3171 16187 9840 6259 2149 2563 16187 779 6259 926 926 16187 16187 926 926
1655 12233 14180 3102 8719 9222 3171 10917 10033 13348 16187 8719 4776 2285 16187 16187
4776 114 8719 4776 5777 4931 5329 926 8268 8712 4931 4776 2563 16187 16187 16187
3842 3171 16187 9840 6259 2149 2563 16187 779 6259 926 926 16187 16187 926 926
1655 12233 14180 3102 8719 9222 3171 10917 10033 13348 16187 8719 4776 2285 16187 16187
8710 926 13631 1213 6259 11698 216 5463 13474 9813 926 926 2598 16187 16187 16187
3842 3171 16187 9840 6259 2149 2563 16187 5208 5568 5580 6011 5208 3553 830 16187
1655 12233 14180 3102 8719 9222 3171 10917 10033 13348 16187 8719 4776 2285 16187 16187
13570 8268 1138 4776 926 8697 5711 4537 3847 5329 4189 1955 6259 3211 16187 16187
3842 3171 16187 9840 6259 2149 2563 16187 5208 5568 5580 6011 5208 3553 830 16187
1655 12233 14180 3102 8719 9222 3171 10917 10033 13348 16187 8719 4776 2285 16187 16187
6011 11553 12233 12650 3171 1378 12233 12650 4776 8261 926 16187 16187 16187 16187 16187
3842 3171 16187 9840 6259 2149 2563 16187 779 6259 926 926 16187 16187 926 926
1655 12233 14180 3102 8719 9222 3171 10917 10033 13348 16187 8719 4776 2285 16187 16187
8712 4931 9754 4537 2123 2598 16187 16187 16187 16187 16187 16187 16187 16187 16187 16187
3842 3171 16187 9840 6259 2149 2563 16187 5208 5568 5580 6011 5208 3553 830 16187
1655 12233 14180 3102 8719 9222 3171 10917 10033 13348 16187 8719 4776 2285 16187 16187
8712 8710 1213 6259 5217 15902 14596 5463 15846 7975 1919 6011 16187 16187 16187 16187
3842 3171 16187 9840 6259 2149 2563 16187 779 6259 926 926 16187 16187 926 926
1655 12233 14180 3102 8719 9222 3171 10917 10033 13348 16187 8719 4776 2285 16187 16187
8719 15909 7508 16187 16187 16187 16187 16187 16187 16187 16187 16187 16187 16187 16187 16187
3842 3171 16187 11889 4776 10033 8268 7740 11889 8712 16187 7740 9084 9754 16187 16187
1655 12233 14180 3102 8719 9222 3171 10917 10033 13348 16187 8719 4776 2285 16187 16187
14237 4918 14180 5463 8268 3171 8710 3553 16187 16187 16187 16187 16187 16187 16187 16187
3842 3171 16187 11889 4776 10033 8268 7740 11889 8712 16187 7740 9084 9754 16187 16187
1655 12233 14180 3102 8719 9222 3171 10917 10033 13348 16187 8719 4776 2285 16187 16187
3765 9311 8268 2148 2122 16187 16187 16187 16187 16187 16187 16187 16187 16187 16187 16187
3842 3171 16187 11889 4776 10033 8268 7740 11889 8712 16187 9084 9754 16187 13348 16187
1655 12233 14180 3102 8719 9222 3171 10917 10033 13348 16187 8719 4776 2285 16187 16187
11889 7740 8592 8258 8268 4776 10418 8710 1378 3177 4776 10033 5867 564 1777 16187
3842 3171 16187 11889 4776 10033 8268 7740 11889 8712 16187 9084 9754 16187 13348 16187
1655 12233 14180 3102 8719 9222 3171 10917 10033 13348 16187 8719 4776 2285 16187 16187
4624 2446 2552 6259 6289 5463 1684 14237 5086 8268 3352 5022 14237 1233 12911 16187
3842 3171 16187 9840 6259 2149 2563 16187 5208 5568 5580 6011 5208 3553 830 16187
1655 12233 14180 3102 8719 9222 3171 10917 10033 13348 16187 8719 4776 2285 16187 16187
7530 14776 14796 1019 1138 8710 5463 10941 665 2598 5711 16187 16187 16187 16187 16187
3842 3171 16187 9840 6259 2149 2563 16187 779 6259 926 926 16187 16187 926 926
1655 12233 14180 3102 8719 9222 3171 10917 10033 13348 16187 8719 4776 2285 16187 16187
4776 4277 8309 49 8913 14537 15202 4325 7164 15285 14854 1185 14029 2263 13949 16187
3842 3171 16187 9840 6259 2149 2563 16187 779 6259 926 926 16187 16187 926 926
1655 12233 14180 3102 8719 9222 3171 10917 10033 13348 16187 8719 4776 2285 16187 16187
13834 8710 4537 11889 5463 16187 16187 16187 16187 16187 16187 16187 16187 16187 16187 16187
3842 3171 16187 9840 6259 2149 2563 16187 8710 4776 926 16187 16187 16187 926 16187
1655 12233 14180 3102 8719 9222 3171 10917 10033 13348 16187 8719 4776 2285 16187 16187
5463 12232 9754 11553 12766 7805 16187 16187 16187 16187 16187 16187 16187 16187 16187 16187
3842 3171 16187 9840 6259 2149 2563 16187 5208 5568 5580 6011 5208 3553 830 16187
1655 12233 14180 3102 8719 9222 3171 10917 10033 13348 16187 8719 4776 2285 16187 16187
6655 10355 10418 16187 16187 16187 16187 16187 16187 16187 16187 16187 16187 16187 16187 16187
3842 3171 16187 9840 6259 2149 2563 16187 5208 5568 5580 6011 5208 3553 830 16187
1655 12233 14180 3102 8719 9222 3171 10917 10033 13348 16187 8719 4776 2285 16187 16187
926 4537 8710 9754 4032 8712 16187 16187 16187 16187 16187 16187 16187 16187 16187 16187
3842 3171 16187 9840 6259 2149 2563 16187 779 6259 926 926 16187 16187 926 926
1655 12233 14180 3102 8719 9222 3171 10917 10033 13348 16187 8719 4776 2285 16187 16187
8712 8710 14180 5463 14237 2148 16187 16187 16187 16187 16187 16187 16187 16187 16187 16187
3842 3171 16187 9840 6259 2149 2563 16187 5208 5568 5580 6011 5208 3553 830 16187
1655 12233 14180 3102 8719 9222 3171 10917 10033 13348 16187 8719 4776 2285 16187 16187
1799 926 4931 5695 14237 1229 4931 9942 14537 16187 16187 16187 16187 16187 16187 16187
3842 3171 16187 9840 6259 2149 2563 16187 5208 5568 5580 6011 5208 3553 830 16187
1655 12233 14180 3102 8719 9222 3171 10917 10033 13348 16187 8719 4776 2285 16187 16187
9431 4624 11553 4776 2353 8268 926 926 16187 16187 16187 16187 16187 16187 16187 16187
3842 3171 16187 9840 6259 2149 2563 16187 5208 5568 5580 6011 5208 3553 830 16187
1655 12233 14180 3102 8719 9222 3171 10917 10033 13348 16187 8719 4776 2285 16187 16187
4776 6801 3112 5257 3177 4776 926 5627 13810 14237 3847 5463 1344 10355 16187 16187
3842 3171 16187 9840 6259 2149 2563 16187 5208 5568 5580 6011 5208 3553 830 16187
1655 12233 14180 3102 8719 9222 3171 10917 10033 13348 16187 8719 4776 2285 16187 16187
4776 10418 8710 12489 14708 16187 16187 16187 16187 16187 16187 16187 16187 16187 16187 16187
3842 3171 16187 11889 4776 10033 8268 7740 11889 8712 16187 9084 9754 16187 13348 16187
1655 12233 14180 3102 8719 9222 3171 10917 10033 13348 16187 8719 4776 2285 16187 16187
