6826 3543 11553 12766 14156 8719 4776 2563 16187 16187 16187 16187 16187 16187 16187 16187
6826 3543 11553 12766 14156 8719 4776 2563 16187 4832 16187 13348 16187 16187 926 16187
6826 14776 4512 6054 8268 4404 15626 16187 8656 1133 16187 5148 16187 16187 8719 983
3364 1378 8069 8152 14272 5713 8542 9498 3908 10418 2598 16187 16187 16187 16187 16187
3364 4776 8521 771 12766 14491 14237 630 2148 2598 16187 16187 9715 926 16187 16187
3364 1378 8069 8152 14272 5713 8542 9498 3908 10418 2598 16187 16187 2598 16187 16187
1919 6259 3765 5646 13839 8268 4776 10033 12232 11553 12766 437 14043 9925 13906 16187
1919 6259 3765 5646 13839 8268 4776 10033 12232 11553 12766 437 14043 9925 13906 16187
1919 6259 9813 9392 14237 6791 2353 8268 4776 926 8710 5297 9332 14237 10336 16187
7661 1133 14776 12256 4703 3177 203 4776 2053 16146 8311 3994 5174 16187 16187 16187
7661 4776 9349 14237 4776 4792 14776 3908 15597 564 12008 15389 8710 6606 16187 16187
7661 1133 14776 12256 4703 3177 203 4776 2053 16146 8311 3994 5174 16187 16187 16187
12008 14069 14776 12495 1597 926 12233 2326 8154 8712 16187 16187 16187 16187 16187 16187
12008 14069 14776 6826 3098 4440 6797 203 11637 4931 14761 8719 9666 16187 16187 16187
12008 14069 14776 12495 1597 926 12233 2326 8154 8712 16187 16187 16187 16187 16187 16187
4776 13607 15452 14691 11889 6011 11553 8466 8258 16187 16187 16187 16187 16187 16187 16187
4776 13607 8268 1955 8710 12773 8268 8710 5516 8268 14237 11301 2903 7742 16187 16187
4776 13607 15452 14691 11889 6011 11553 8466 8258 16187 16187 13348 16187 16187 16187 9655
8017 12008 13084 3171 2563 779 926 2689 14465 16187 16187 16187 16187 16187 16187 16187
8017 12008 13084 3171 2563 779 926 2689 14465 16187 16187 926 16187 16187 14491 16145
8017 3117 8268 3030 3171 1919 6259 13094 8710 4537 6259 13084 13084 16187 16187 16187
7740 4931 6259 9450 9238 14029 5463 8438 16187 16187 16187 16187 16187 16187 16187 16187
7740 4931 6259 9450 9238 14029 5463 8438 16187 16187 16187 14631 830 12233 16187 16187
7740 4931 6259 9450 9238 14029 5463 8438 16187 16187 5388 7314 16187 16187 16187 15715
1955 3367 926 7069 2903 4776 7637 8268 8712 779 4537 926 12233 3191 16187 16187
1955 13474 810 10967 4776 9669 8268 14069 8710 1954 11273 9540 8719 1885 8311 16187
1955 3367 926 7069 2903 4776 7637 8268 8712 779 4537 926 12233 3191 16187 16187
7926 4931 1229 4941 14237 1229 3257 5463 7740 9084 9754 14518 15389 11889 3171 16187
7926 4931 12669 1955 8569 1955 4172 8268 14237 9139 8710 7926 2115 13348 16187 1885
7926 4931 1229 4941 14237 1229 3257 5463 7740 9084 9754 14518 15389 11889 3171 16187
926 9767 14029 1885 926 8258 1885 1019 926 6173 926 16187 16187 16187 16187 16187
926 3994 779 12766 926 2837 926 16187 16187 16187 385 8719 1954 15842 926 16187
926 9767 14029 1885 926 8258 1885 1019 926 6173 926 16187 16187 16187 16187 6173
3171 8710 9754 6259 11142 3177 11247 16187 16187 16187 16187 16187 16187 16187 16187 16187
3171 8710 6259 3098 6071 471 13348 13348 13348 16187 7098 14237 13607 16187 16187 284
3171 8710 9754 6259 11142 3177 11247 16187 6173 16187 16187 16187 16187 16187 16187 16187
7742 7740 12232 8197 8712 10509 16187 16187 16187 16187 16187 16187 16187 16187 16187 16187
7742 7740 12232 8197 8712 10509 16187 16187 16187 2712 8712 14043 1229 16187 6011 16187
7742 7740 973 926 13086 8197 8712 12233 6011 926 16187 16187 16187 16187 4277 8258
8712 6179 1954 9332 1019 8726 869 11135 6173 5033 14237 5853 926 8712 15525 16187
8712 5257 12233 13758 14029 2024 14180 4776 983 14237 3376 9070 12233 5804 16187 16187
8712 6179 1954 9332 1019 8726 869 11135 6173 5033 14237 5853 926 8712 15525 16187
9290 14029 2643 779 6259 10355 9332 4152 16187 16187 16187 16187 16187 16187 16187 16187
9290 14029 2643 779 6259 10355 9332 4152 16187 14596 16187 926 16187 7975 4609 10967
9290 14029 2643 13973 2601 10686 3177 10033 2858 1398 14251 16187 16187 1919 2713 2077
3171 10950 2563 7159 6070 7742 4776 926 926 2837 4776 6915 14588 3177 926 16187
3171 5388 6259 8311 3177 2760 5463 8710 1750 14397 12679 12115 4776 926 16187 16187
3171 10950 2563 7159 6070 7742 4776 926 926 2837 4776 6915 14588 3177 926 16187
4317 830 5332 8268 4776 270 926 14272 13942 6259 10710 2458 16187 16187 16187 16187
4317 830 5332 8268 4776 270 926 14272 13942 6259 10710 2458 16187 16187 16187 16187
4317 926 1955 1378 3177 14734 8196 12993 16187 6259 4320 16187 14734 997 16187 16187
14237 4624 4552 9754 11553 4776 13076 926 926 8719 3171 1378 16187 16187 16187 16187
14237 4624 4552 9754 11553 4776 13076 926 926 8719 3171 1378 16187 8569 2563 16187
14237 4624 4552 9754 11553 4776 13076 926 926 8719 3171 1378 16187 16187 1138 5711
14237 10566 5046 14734 10566 7649 10033 8084 16187 16187 16187 16187 16187 16187 16187 16187
14237 10566 5046 14734 10566 7649 10033 8084 16187 16187 16187 16187 13411 8719 16187 16187
14237 14180 3177 3171 4240 1750 926 2837 926 13348 16187 13348 16187 13348 16187 13348
8712 5867 11039 3177 4776 9442 14237 4776 11339 8746 11457 5231 16187 16187 16187 16187
8712 8999 4372 14237 10918 8719 11859 8268 11039 3177 2165 4776 3449 2989 16187 16187
8712 5867 11039 3177 4776 9442 14237 4776 11339 8746 11457 5231 16187 16187 16187 16187
7401 14272 10566 820 6683 830 8719 6259 3356 2563 16187 16187 16187 16187 16187 16187
5286 14180 983 2563 8268 14217 9605 14272 4325 188 16187 16187 16187 16187 16187 16187
7401 14272 10566 820 6683 830 8719 6259 3356 2563 16187 16187 16187 926 16187 16187
5272 9070 8710 1954 8927 6741 10033 16187 16187 16187 16187 16187 16187 16187 16187 16187
5272 9070 8710 1954 8927 6741 10033 16187 15480 16187 16187 16187 13348 16187 16187 16187
5272 203 8712 8710 10518 12233 5627 16187 2598 16187 16187 2598 16187 16187 2598 16187
4776 2588 1873 1019 4776 926 6173 8144 4776 10033 816 2858 9484 9484 6659 16187
4776 5200 8710 6259 10355 10596 830 4776 2563 1955 6259 2601 7740 9429 16187 16187
4776 2588 1873 1019 4776 926 6173 8144 4776 10033 816 2858 9484 9484 6659 16187
4949 12576 8712 9277 2823 8268 3299 8710 5329 2296 1793 512 12491 16187 16187 16187
4949 4776 6915 14237 8946 4481 12232 5329 2823 4776 4025 16187 16187 5332 8258 16187
4949 12576 8712 9277 2823 8268 3299 8710 5329 2296 1793 512 12491 16187 16187 8719
7740 4931 7336 15090 1919 4776 12334 3177 3171 14596 16187 16187 16187 16187 16187 16187
7740 4931 15 830 15389 12606 14237 926 9743 1957 4776 2588 1033 16187 16187 16187
7740 4931 7336 15090 1919 4776 12334 3177 3171 14596 16187 16187 10217 8506 16187 16187
4776 5286 8268 5602 8268 14164 14237 5459 12556 3478 13431 8663 4776 13103 16187 16187
4776 8635 8268 12716 8268 6280 7165 11273 14237 4776 15762 1142 16187 16187 16187 4487
4776 5286 8268 5602 8268 14164 14237 5459 12556 3478 13431 8663 4776 13103 16187 16187
9084 983 2326 9207 5463 9442 2598 16187 16187 16187 16187 16187 16187 16187 16187 16187
9084 7740 11393 7926 5867 10743 2598 16187 16187 1885 16187 6601 1885 16187 16187 1885
9084 983 2326 9207 5463 9442 2598 16187 926 926 16187 16187 16187 2598 16187 16187
8712 5867 1229 9918 8268 2689 14237 3356 5463 8712 5867 4032 6259 15335 8585 16187
8712 5867 6535 2309 3826 8268 14237 6011 4628 9754 10080 8712 16187 16187 16187 16187
8712 5867 1229 9918 8268 2689 14237 3356 5463 8712 5867 4032 6259 15335 8585 16187
1229 8268 5463 5867 4776 12309 3177 1138 2336 14237 9478 13034 4552 5530 5711 16187
1229 8268 5463 5867 4776 12309 3177 1138 2336 14237 9478 13034 4552 5530 5711 16187
1229 8268 12233 4776 14678 15658 14776 926 14734 6506 9203 10669 2823 13768 16187 16187
3177 1245 8268 8712 8710 1954 1482 926 14029 5812 926 8268 8796 2598 16187 16187
3177 1245 8268 3171 10033 8710 9754 8569 1957 14180 13348 16187 12757 6173 16187 9640
3177 1245 8268 8712 8710 1954 1482 926 14029 5812 926 8268 8796 2598 16187 16187
14237 8712 14180 7164 1229 7742 16187 16187 16187 16187 16187 16187 16187 16187 16187 16187
14237 5463 8710 14272 4624 12650 16187 16187 11889 6071 16187 10051 16187 16187 6161 16187
14237 8712 14180 7164 1229 7742 16187 16187 4931 16187 5328 16187 13348 16187 16187 9655
7740 2296 12149 15715 10799 15924 16187 16187 16187 16187 16187 16187 16187 16187 16187 16187
7740 2308 8712 1344 7428 16187 16187 16187 16187 10671 16187 16187 15715 3171 16187 16187
7740 2296 12149 15715 10799 15924 16187 16187 16187 16187 16187 16187 16187 16187 16187 16187
4776 10033 4495 1919 4776 9139 5867 10917 10875 8258 1954 6141 9122 1919 6963 16187
4776 10033 4495 1919 4776 9139 5867 10917 10875 8258 1954 6141 9122 1919 6963 16187
4776 10033 8710 3545 3594 1919 6685 8339 12233 6276 9605 4776 926 385 16187 16187
2789 926 5867 2053 1027 3994 8710 6259 4949 8974 13348 16187 16187 16187 16187 16187
8069 6259 926 8719 5910 10497 8710 8270 512 3171 13348 16187 13348 16187 10033 16187
2789 926 5867 2053 1027 3994 8710 6259 4949 8974 13348 16187 16187 16187 7970 16187
7740 4552 9754 9429 5463 4776 14596 2894 8710 12495 6140 16187 16187 16187 16187 16187
7740 4552 9754 9429 5463 4776 14596 2894 8710 12495 6140 16187 11530 16187 16187 16187
7740 4552 9754 9429 13837 5867 8808 12232 11553 8592 13084 12233 11632 16187 16187 16187
3171 10033 8710 9972 1919 6259 6070 10355 5121 13839 16187 16187 16187 16187 16187 16187
3171 10033 8710 1954 5830 893 3177 14272 7926 7156 16187 16187 16187 16187 13348 16187
3171 10033 8710 9972 1919 6259 6070 10355 5121 13839 16187 4832 16187 16187 6259 8974
8719 6259 15335 1133 3177 4776 10969 4194 8268 13559 9498 15831 1955 926 16187 16187
8719 6259 4927 8268 8712 5867 6259 8974 176 3177 6259 14514 2921 2837 926 16187
8719 6259 15335 1133 3177 4776 10969 4194 8268 13559 9498 15831 1955 926 16187 16187
1229 630 1229 5463 4776 15900 7151 1958 10324 11692 643 11004 6011 12233 5804 16187
1229 630 3177 8712 8710 14221 10967 4776 11614 16187 926 8712 5867 12349 4776 12489
1229 630 1229 5463 4776 15900 7151 1958 10324 11692 643 11004 6011 12233 5804 16187
10691 926 3171 3011 9139 6550 4776 4862 14237 926 14029 14745 830 8139 888 16187
926 10150 3112 6259 926 3177 6905 2837 926 4776 10217 7897 10051 16187 6550 15597
10691 926 3171 3011 9139 6550 4776 4862 14237 926 14029 14745 830 8139 888 16187
4776 13896 13549 4312 926 9043 16187 16187 16187 16187 16187 16187 16187 16187 16187 16187
4776 13896 13549 4312 926 9043 16187 14808 2598 16187 16187 2598 16187 16187 16187 16187
4776 9450 12725 11215 5748 4931 13178 12233 16187 16187 16187 16187 16187 16187 16187 16187
6685 950 926 926 8710 4776 5602 15658 12260 13758 12233 4626 1919 4776 2051 16187
12338 4421 926 8268 6259 15658 5867 926 8580 6259 8081 2457 14029 4776 926 16187
6685 950 926 926 8710 4776 5602 15658 12260 13758 12233 4626 1919 4776 2051 16187
5095 10758 779 8093 13081 2148 11889 11516 16187 16187 16187 16187 16187 16187 16187 16187
6215 8470 2904 7926 6601 9084 9754 16187 7001 16187 16187 2598 16187 16187 929 16187
5095 10758 779 8093 13081 2148 11889 11516 16187 16187 8084 16187 16187 512 5937 14043
14734 926 14470 8467 10710 12008 4325 14776 926 14237 4776 11331 14776 10599 3262 16187
14734 926 14470 8467 10710 12008 4325 14776 926 14237 4776 11331 14776 10599 3262 16187
14734 926 14470 8467 10710 12008 4325 14776 926 14237 4776 11331 14776 10599 3262 16187
4776 10093 14029 926 926 5867 3504 10719 4776 10033 14776 854 16187 16187 16187 16187
4776 10344 926 926 16105 6259 2148 13074 2053 926 3994 512 7063 926 16187 16187
4776 10093 14029 926 926 5867 3504 10719 4776 10033 14776 854 16187 16187 16187 926
3171 10033 2204 8719 1597 1486 16187 16187 16187 16187 16187 16187 16187 16187 16187 16187
3171 10033 2204 8719 1597 1486 16187 16187 16187 16187 5388 14272 11180 16187 926 16187
3171 10033 15188 5462 10967 1750 926 16187 16187 16187 16187 16187 16187 16187 16187 6550
14411 8268 3171 10033 8710 5329 3257 16187 16187 16187 16187 16187 16187 16187 16187 16187
14411 1502 820 5208 4189 14029 926 16187 16187 1545 16187 16187 16187 14734 16187 6140
14411 8268 3171 10033 8710 5329 3257 16187 16187 16187 16187 2167 12256 16187 4707 16187
4240 926 8268 926 926 3007 12233 6133 14734 2264 16187 16187 16187 16187 16187 16187
4240 926 8268 926 926 3007 12233 6133 14734 2264 16187 16187 14237 14734 5415 16187
4240 926 3748 12233 13720 8268 7926 8428 12233 11553 4776 926 10036 16187 16187 16187
926 13384 11889 6259 926 4582 2598 16187 16187 16187 16187 16187 16187 16187 16187 16187
926 13384 11889 6259 926 4582 2598 16187 14734 926 16187 16187 13501 16187 2598 16187
926 4106 7076 926 926 5176 16187 16187 16187 10978 16187 8719 2263 3257 16187 4707
4931 14069 6259 11223 14029 3171 2563 2598 16187 16187 16187 16187 16187 16187 16187 16187
5463 8710 6259 6070 10355 14220 16187 4832 16187 4832 16187 12495 7613 16187 16187 16187
4931 14069 6259 11223 14029 3171 2563 2598 16187 2598 16187 2598 16187 16187 2598 16187
4325 12232 11553 12766 6259 5537 13839 1778 926 16187 16187 16187 16187 16187 16187 16187
4325 12232 11553 12766 6259 5537 13839 1778 926 16187 16187 14734 16187 16187 6550 1885
4325 3364 11553 926 12233 5530 14237 9430 4776 1627 1919 3168 12233 9223 16187 16187
7926 5867 11889 6259 8761 15658 1644 12233 2327 12958 16187 16187 16187 16187 16187 16187
7926 5867 5568 6259 15335 12028 8719 8712 16187 8268 10036 16187 16187 16187 16187 16187
7926 5867 11889 6259 8761 15658 1644 12233 2327 12958 16187 16187 16187 16187 16187 16187
926 8710 3257 830 4776 954 3177 12128 16187 16187 16187 16187 16187 16187 16187 16187
926 8710 3257 830 4776 954 3177 12128 16187 16187 16187 16187 16187 16187 16187 16187
926 8710 15202 10036 8719 4776 6141 4776 2999 6141 16187 7742 16187 16187 16187 16187
8719 15721 3177 10217 926 16187 16187 16187 16187 16187 16187 16187 16187 16187 16187 16187
8719 9623 8268 6259 3667 3177 983 16187 9831 16187 16187 13348 16187 13348 16187 13348
8719 15721 3177 10217 926 16187 5365 6173 16187 7742 16187 16187 16187 16187 16187 16187
10107 8268 10710 14237 6700 16187 16187 16187 16187 16187 16187 16187 16187 16187 16187 16187
10107 8268 10710 14237 6700 16187 16187 16187 16187 16187 16187 9786 16187 1957 12135 16187
7185 2572 8268 7708 1531 14237 6622 16187 16187 14734 8404 8268 9563 16187 16187 16187
926 8710 1378 3177 4776 10566 795 14237 854 12835 3177 14180 983 16187 16187 16187
926 8710 6601 4776 10566 8990 3177 14180 926 1133 16187 8093 926 16187 16187 16187
926 8710 1378 3177 4776 10566 795 14237 854 12835 3177 14180 983 16187 16187 16187
7742 8268 6011 16138 4537 11553 12233 12650 12233 10603 15525 13348 16187 16187 16187 16187
7742 8268 6011 16138 4537 11553 12233 12650 12233 10603 15525 13348 16187 16187 16187 13832
7742 8268 6011 9884 12431 4776 10400 14029 14272 12233 14518 16187 16187 16187 926 16187
5713 14776 10217 8124 12893 15658 3520 15597 564 14237 2451 3748 12401 16146 4445 16187
5713 10217 9288 12022 926 926 7954 926 7661 14762 6259 11022 4776 926 7724 16187
5713 14776 10217 8124 12893 15658 3520 15597 564 14237 2451 3748 12401 16146 4445 16187
14069 5867 5329 1597 926 8270 512 5463 5629 926 14237 15339 16187 16187 16187 16187
14069 5867 13084 6985 12233 13592 3177 4312 16187 16187 16187 16187 16187 16187 9442 5777
14069 5867 5329 1597 926 8270 512 5463 5629 926 14237 15339 16187 16187 16187 6918
14237 6259 4779 8710 3098 830 6259 926 731 16187 16187 16187 16187 16187 16187 16187
14237 6259 3098 3211 8712 8710 6259 10762 13839 16187 16187 16187 16187 16187 16187 16187
14237 6259 4779 8710 3098 830 6259 926 731 16187 16187 14125 16187 14046 16187 16187
14237 14031 5359 7740 6635 4776 817 926 16187 16187 16187 16187 16187 16187 16187 16187
14237 7740 973 5329 926 9890 16187 13348 5711 16187 16187 7314 16187 16187 16187 9961
14237 14031 5359 7740 6635 4776 817 926 16187 16187 16187 16187 926 16187 16187 7740
7926 771 6259 5516 954 14237 6381 8719 1954 5267 11947 9534 16187 16187 16187 16187
7926 1819 3177 6259 4927 12233 9605 10918 1957 926 16187 6259 926 16187 16187 2296
7926 771 6259 3098 15781 14237 6259 1136 14164 16187 16187 13089 926 16187 16187 3553
10799 15924 4931 8569 1955 2296 8268 7926 5867 3098 16187 16187 16187 16187 16187 16187
10799 15924 4931 8569 1955 2296 8268 7926 5867 3098 16187 16187 16187 2097 10638 16187
8796 8268 8712 5867 5463 8569 16187 4931 5442 10978 16187 16187 2689 16187 16187 16187
926 14237 2977 926 2687 4776 1750 1094 4776 4832 16187 16187 16187 16187 16187 16187
926 14237 2977 926 2687 4776 1750 1094 4776 4832 16187 13216 16187 926 16187 10397
926 14237 926 5867 3098 132 8710 4776 7121 3177 3171 15827 2563 16187 3554 12233
13852 385 12233 8733 2903 15597 8456 13348 16187 16187 16187 16187 16187 16187 16187 16187
13852 385 12233 8733 2903 15597 8456 13348 16187 16187 16028 1919 16187 16187 16187 16187
13852 6011 188 5937 4125 12233 3038 16187 5807 16187 16187 16187 16187 3312 16187 16187
9461 3177 2122 4440 8268 7740 3543 8167 6011 5463 3171 2563 8710 14397 13929 16187
9461 3177 8339 1378 3644 9754 789 15002 4776 14237 14075 13449 3177 3171 2563 16187
9461 3177 2122 4440 8268 7740 3543 8167 6011 5463 3171 2563 8710 14397 13929 16187
3171 2563 3006 1778 4776 13876 5463 16105 2903 926 14237 4931 6070 9473 761 16187
3171 10033 14281 8710 12256 12008 8712 8710 5329 3257 1957 4776 9790 983 16187 16187
3171 2563 3006 1778 4776 13876 5463 16105 2903 926 14237 4931 6070 9473 761 16187
7742 12276 10187 8710 12349 13348 16187 16187 16187 16187 16187 16187 16187 16187 16187 16187
7742 12276 10187 8710 12349 13348 16187 13348 16187 13348 16187 16187 13348 16187 16187 6500
7742 12276 10187 8710 12349 13348 16187 13348 16187 16187 16187 7970 16187 16187 16187 8996
4776 13607 8710 6297 6070 15174 16187 16187 16187 16187 16187 16187 16187 16187 16187 16187
4776 13607 8710 11692 16187 16187 16187 16187 11162 16187 10566 11788 5947 7610 14237 4473
4776 13607 8710 6297 6070 15174 16187 16187 926 16187 16187 2296 14125 16187 16187 16187
7740 2446 6635 4776 4924 4440 16187 16187 16187 16187 16187 16187 16187 16187 16187 16187
7740 2446 11889 4776 2946 16187 3553 4325 9884 2296 16187 16187 16187 2167 16187 16187
7740 2446 6635 4776 4924 4440 16187 6028 16187 10566 3177 4776 926 653 16187 16187
10501 3177 3171 4931 9575 8719 926 8268 926 16187 16187 16187 16187 16187 16187 16187
10501 3177 3171 4931 9575 8719 926 8268 926 16187 8710 6259 6378 16187 16187 16187
10501 5627 2780 779 5017 2903 132 8268 12008 4776 9790 14596 16187 16187 16187 16187
2552 3171 10033 12233 5138 5937 926 9346 8268 5329 12233 2823 9106 16187 16187 16187
2552 8712 8726 6011 9605 4776 3984 6011 3364 4552 14221 8268 14221 14219 16187 16187
2552 3171 10033 12233 5138 5937 926 9346 8268 5329 12233 2823 9106 16187 16187 16187
223 16187 16187 16187 16187 16187 16187 16187 16187 16187 16187 16187 16187 16187 16187 16187
223 16187 16187 16187 16187 16187 16187 13348 16187 13348 16187 13348 16187 6173 16187 4990
223 16187 16187 16187 16187 16187 16187 16187 16187 16187 16187 16187 16187 8329 16187 16187
6259 9961 8568 10967 12276 926 8268 1229 7740 8197 8712 2143 9484 16187 16187 16187
6259 4832 12233 5272 8710 2945 8158 13592 11954 9424 16187 16187 13348 16187 2974 13348
6259 9961 8568 10967 12276 926 8268 1229 7740 8197 8712 2143 9484 16187 16187 16187
3644 9754 9137 12233 9605 14029 8712 3366 16187 16187 16187 16187 16187 16187 16187 16187
3644 9754 9137 12233 9605 14029 8712 3366 16187 13348 16187 11461 16187 16187 16187 16187
3644 9754 10503 14180 4776 1126 4859 11953 3171 2563 16187 16187 16187 16187 16187 11889
8069 7831 926 5867 4536 12233 1952 926 16187 16187 16187 16187 16187 16187 16187 16187
8069 13089 14069 8710 6259 15819 9290 8268 7926 8710 8857 15831 1955 6259 15387 16187
8069 7831 926 5867 4536 12233 1952 926 16187 1955 6259 926 926 16187 16187 16187
6096 4787 4189 6070 7742 5022 11889 926 13586 8719 1243 2077 16187 16187 16187 16187
6096 4787 4189 6070 7742 5022 11889 926 13586 8719 1243 2077 16187 2598 16187 8172
13852 7871 926 1955 4776 926 14237 13474 3112 4776 926 10601 16187 16187 16187 16187
2148 2871 8268 8712 5867 11953 817 14237 8081 5097 13021 10884 16187 16187 16187 16187
2148 2871 8268 8712 5867 11953 817 14237 8081 5097 13021 10884 16187 3298 926 16187
2148 5431 8268 14069 14776 8656 13298 3177 820 3841 11431 6888 4776 10033 16187 926
4776 5200 7178 8710 5894 8268 12233 1436 4776 14589 16187 16187 16187 16187 16187 16187
4776 5200 7178 8710 5894 8268 12233 1436 4776 14589 16187 16187 16187 13348 16187 16187
4776 11978 10011 16003 4931 9754 6535 9591 830 4776 954 16187 16187 16187 16187 16187
13474 118 926 6259 926 16187 16187 16187 16187 16187 16187 16187 16187 16187 16187 16187
13474 8710 4990 13348 16187 16187 16187 16187 13623 12911 8719 15096 16187 16187 16187 926
13474 118 926 6259 926 16187 16187 16187 16187 926 16187 8719 6259 13121 1885 16187
1229 3847 8712 5174 2903 12233 4776 6568 2598 16187 16187 16187 16187 16187 16187 16187
1229 3847 8712 5174 2903 12233 4776 6568 2598 16187 2598 16187 2598 16187 16187 2598
1229 630 11874 8719 4776 1787 1999 5746 11953 1138 926 5711 13348 16187 16187 8710
4776 10033 12181 5329 12233 926 13592 3177 926 5867 14194 14043 2513 16187 16187 16187
4776 10033 3847 9754 11490 4776 10474 8712 3364 9884 16187 16187 16187 16187 16187 16187
4776 10033 12181 5329 12233 926 13592 3177 926 5867 14194 14043 2513 16187 14902 16187
12307 16187 16187 16187 16187 16187 16187 16187 16187 16187 16187 16187 16187 16187 16187 16187
12307 16187 16187 16187 16187 16187 16187 16187 16187 16187 8719 14180 16187 15814 16187 16187
12307 16187 16187 16187 16187 16187 16187 16187 16187 16187 16187 16187 8834 14734 2167 14080
1098 16187 16187 16187 16187 16187 16187 16187 16187 16187 16187 16187 16187 16187 16187 16187
1098 16187 16187 16187 16187 8124 13348 16187 16187 16187 16187 1378 16187 16187 16187 16187
1098 16187 16187 16187 16187 16187 16187 11265 16187 16187 6365 16187 16187 16187 16187 16187
9780 8690 830 9780 8542 16187 16187 16187 16187 16187 16187 16187 16187 16187 16187 16187
9780 8690 830 9780 8542 16187 16187 16187 2296 16187 16187 16187 8719 4149 16187 16187
13213 830 926 6423 14765 16187 16187 16187 12757 9070 16187 16187 16187 16187 513 16187
1543 4931 3171 10033 9575 2598 16187 16187 16187 16187 16187 16187 16187 16187 16187 16187
1543 4931 3171 10033 9575 2598 16187 16187 4931 16187 16187 16187 16187 16187 16187 16187
1543 4931 12276 926 926 5404 8808 2598 16187 4990 2598 16187 16187 2598 16187 16187
4624 771 6259 8569 14113 8719 15520 467 16187 16187 16187 16187 16187 16187 16187 16187
4624 771 6259 8569 14113 8719 15520 467 16187 16187 16187 8719 4776 13114 16187 16187
4624 13637 6259 5948 3177 11798 12351 4523 8268 12495 16187 16187 16187 16187 16187 16187
4776 12835 14776 14180 4142 13074 8268 3069 926 926 8268 14237 15291 926 16187 16187
4776 12835 14776 14180 4142 13074 8268 3069 926 926 8268 14237 15291 926 16187 16187
4776 12835 14776 12477 8719 5350 8081 1486 14237 4776 926 14776 7484 11622 16187 16187
5463 3543 8158 6011 15389 13348 16187 16187 16187 16187 16187 16187 16187 16187 16187 16187
5463 3543 8158 6011 15389 13348 16187 6133 14776 16187 16187 16187 16187 960 16187 2974
5463 3543 8158 6011 15389 13348 16187 14596 16187 13907 1405 16187 16187 16187 4311 16187
926 5340 12233 926 8268 12233 11553 14745 3185 2903 14237 926 1954 777 9290 16187
926 12208 14734 926 11889 926 12233 926 14734 5537 14237 4628 9754 2823 926 16187
926 5340 12233 926 8268 12233 11553 14745 3185 2903 14237 926 1954 777 9290 16187
3171 3112 4776 10033 1229 630 2148 9332 16187 16187 16187 16187 16187 16187 16187 16187
3171 4931 1378 1543 4325 9084 16187 14237 926 16187 16187 16187 1919 16187 9138 4277
3171 3112 4776 10033 1229 630 2148 9332 16187 512 3171 1378 16187 8712 16187 16187
7740 9084 9754 11889 5463 1957 14180 16187 16187 16187 16187 16187 16187 16187 16187 16187
7740 9084 9754 11889 5463 1957 14180 16187 16187 16187 926 16187 16187 14221 16187 16187
7740 4552 9754 8456 11153 10566 3177 4776 983 16187 16187 16187 16187 16187 16187 8719
15662 4776 926 653 2598 16187 16187 16187 16187 16187 16187 16187 16187 16187 16187 16187
15662 8710 7926 1229 926 2598 16187 2598 16187 16187 2598 16187 16187 2598 16187 15981
15662 4776 926 653 2598 16187 2541 9290 16187 8710 16187 16187 16187 16187 16187 16187
7740 771 6259 10355 983 16187 16187 16187 16187 16187 16187 16187 16187 16187 16187 16187
7740 771 6259 10355 983 16187 16187 926 10603 4776 2946 4537 3553 4325 7001 16187
7740 771 6259 10355 983 16187 16187 16187 16187 6173 16187 2689 16187 16187 16187 16187
3648 8710 6259 2563 11042 12233 2263 14775 926 8719 12127 2191 3177 4776 6226 16187
5084 1955 6259 4592 14281 3177 2308 3826 8268 4776 13799 12937 4390 4994 14112 16187
3648 8710 6259 2563 11042 12233 2263 14775 926 8719 12127 2191 3177 4776 6226 16187
12298 16187 16187 16187 16187 16187 16187 16187 16187 16187 16187 16187 16187 16187 16187 16187
12298 16187 16187 16187 16187 2903 16187 16187 1750 4421 10668 16187 16187 6259 6071 817
12298 16187 16187 16187 16187 16187 16187 16187 16187 16187 16187 16187 16187 16187 16187 16187
7926 13942 12233 2823 1075 830 1885 7926 5867 6259 13412 926 6978 16187 16187 16187
7926 13942 12233 11553 926 4776 14133 6070 12767 16187 16187 16187 16187 16187 14734 14043
7926 13942 12233 2823 1075 830 1885 7926 5867 6259 13412 926 6978 16187 16187 15949
322 322 16187 16187 16187 16187 16187 16187 16187 16187 16187 16187 16187 16187 16187 16187
7001 13317 16187 16187 16187 16187 16187 16187 16187 16187 16187 16187 2689 14465 16187 16187
322 322 16187 16187 16187 16187 16187 16187 16187 16187 16187 16187 16187 16187 16187 16187
7740 9884 8466 3171 10033 1597 12291 14237 11553 2296 12766 9106 16187 16187 16187 16187
7740 9884 8466 3171 9313 4201 2563 6259 9450 6689 2968 16187 4931 16187 16187 16187
7740 9884 8466 3171 10033 1597 12291 14237 11553 2296 12766 9106 16187 16187 7740 8584
1378 3177 4776 10566 2997 14237 7705 2563 8084 8268 14237 2326 10355 16187 16187 16187
1378 3177 4776 10566 2309 4440 771 13084 11608 14043 15392 8719 8712 16187 16187 16187
1378 3177 4776 10566 2997 14237 7705 2563 8084 8268 14237 2326 10355 16187 16187 16187
4776 10418 4931 10602 16187 16187 16187 16187 16187 16187 16187 16187 16187 16187 16187 16187
4776 10418 4931 10602 16187 16187 16187 16187 16187 16187 16187 12349 11247 16187 16187 926
4776 10418 4931 10602 16187 16187 16187 16187 16187 16187 817 817 16187 16187 16187 16187
1378 12232 9429 5463 3171 10033 8710 5329 6259 11063 16187 16187 16187 16187 16187 16187
1378 12232 11553 12766 6259 5537 13839 14237 10355 2103 1957 14180 13348 16187 16187 16187
1378 12232 9429 5463 3171 10033 8710 5329 6259 11063 16187 3765 16187 16187 16187 16187
4949 8268 4949 16187 16187 16187 16187 16187 16187 16187 16187 16187 16187 16187 16187 16187
4949 8268 4949 16187 16187 16187 16187 16187 16187 16187 16187 16187 929 16187 16187 16187
1957 14734 2521 16187 16187 13942 926 16187 16187 926 16187 16187 16187 16187 16187 16187
6569 1019 5174 2122 6173 4776 10400 6423 2053 6569 3994 8710 14397 10355 16187 16187
6569 1019 5174 2122 6173 4776 10400 6423 2053 6569 3994 8710 14397 10355 16187 16187
14586 8710 9004 830 4776 653 6888 15658 9013 6259 15096 983 2968 16187 8901 16187
1543 9084 4325 10603 6259 14842 8719 13907 6259 926 926 8719 5333 2598 16187 16187
3364 13474 2823 12545 12233 6259 13904 926 2598 16187 926 2598 16187 16187 2598 16187
1543 9084 4325 10603 6259 14842 8719 13907 6259 926 926 8719 5333 2598 16187 16187
7651 12008 12991 8268 926 1740 926 8719 4776 14834 2167 3177 3244 16187 16187 16187
7651 12008 12991 8268 926 1740 926 8719 4776 14834 2167 3177 3244 16187 16187 16187
7651 8268 12576 8268 1885 5097 13021 10783 926 16187 16187 16187 16187 7926 16187 16187
7975 4609 8726 6011 14776 6259 13348 16187 16187 16187 16187 16187 16187 16187 16187 16187
7975 1919 8712 6011 15846 5329 2823 9872 16187 16187 8719 16187 16187 16187 16187 16187
7975 4609 8726 6011 14776 6259 13348 16187 14230 16187 4628 16187 16187 830 16187 9431
4325 16105 15597 926 2563 5022 10918 8719 926 6259 10033 15142 204 12416 16187 16187
4325 11553 6259 15335 9154 14834 14237 10011 4440 5022 16187 8404 16187 16187 5200 16187
4325 16105 15597 926 2563 5022 10918 8719 926 6259 10033 15142 204 12416 16187 16187
4776 1754 3177 3171 10033 10899 820 1778 15658 14776 15 830 16146 820 16187 16187
4776 1754 3177 3171 10033 10899 820 1778 15658 14776 15 830 16146 820 16187 16187
4776 1754 8001 3177 4776 14640 926 5629 13660 8268 4538 14237 10394 6672 16187 16187
4032 6259 12650 13348 16187 16187 16187 16187 16187 16187 16187 16187 16187 16187 16187 16187
4032 6259 12650 13348 16187 13348 16187 16187 8506 16187 16187 16187 16187 16187 16187 16187
4032 6259 12650 14029 1022 3059 4832 16187 4832 16187 9591 16187 8913 12008 8712 4931
6363 15525 3177 9484 11477 12952 10716 3927 4776 10971 16187 16187 16187 16187 16187 16187
6363 9484 870 5 4387 10257 16187 10257 16187 8719 3171 2563 16187 16187 8719 994
6363 15525 3177 9484 11477 12952 10716 3927 4776 10971 16187 926 16187 16187 926 16187
8124 16187 16187 16187 16187 16187 16187 16187 16187 16187 16187 16187 16187 16187 16187 16187
8124 16187 16187 16187 16187 16187 16187 16187 13839 16187 16187 16187 16187 13839 16187 8831
8124 16187 16187 16187 16187 16187 16187 16187 16187 8206 16187 16187 12757 2522 16187 16187
3171 2563 12233 9070 8710 14272 7740 9429 6011 3543 2552 1378 983 16187 16187 16187
3171 2563 6253 4927 12233 10399 12233 8733 3171 6683 11889 5820 14237 4473 3826 16187
3171 2563 12233 9070 8710 14272 7740 9429 6011 3543 2552 1378 983 16187 8719 4776
5568 14029 4776 7687 16187 16187 16187 16187 16187 16187 16187 16187 16187 16187 16187 16187
5568 14029 4776 7687 16187 2563 16187 8084 16187 16187 1957 14180 12291 16187 16187 16187
5568 6664 16187 16187 16187 3184 16187 16187 16187 14591 8887 16187 16187 16187 16187 16187
4776 6801 779 12233 4552 1919 5937 4987 8268 10396 8268 4963 14237 12832 14961 16187
4776 6801 779 12233 4552 1919 5937 4987 8268 10396 8268 4963 14237 12832 14961 16187
4776 6801 8710 1229 15640 3177 6011 8770 5463 8712 889 11301 5937 4751 16187 564
11296 830 10359 5656 10324 8719 1138 926 5711 16187 16187 16187 16187 16187 16187 16187
540 16105 1443 5867 13896 1138 926 926 5711 10967 926 16187 16187 16187 16187 8719
11296 830 10359 5656 10324 8719 1138 926 5711 16187 16187 16187 926 16187 16187 16187
3171 10033 3847 5463 6070 8268 6070 7742 16187 16187 16187 16187 16187 16187 16187 16187
3171 10033 771 6826 15819 4924 4440 8719 8712 16187 16187 16187 16187 16187 16187 16187
3171 10033 3847 5463 6070 8268 6070 7742 16187 16187 2097 16187 16187 16187 16187 16187
4776 14596 10781 6546 1344 2002 14237 8710 15260 10967 5946 12233 5759 16187 16187 16187
4776 14596 10781 6546 1344 2002 14237 8710 15260 10967 5946 12233 5759 16187 16187 6150
4776 14596 10781 8710 6535 10107 15202 6011 9223 1957 4776 9834 16187 16187 16187 1344
3171 8710 6259 2563 6011 4917 13086 12650 8258 6011 9085 16187 16187 16187 16187 16187
3171 8710 6259 2563 6011 4917 13086 12650 8258 6011 9085 16187 13348 16187 6011 16187
3171 8710 6259 2563 5463 3112 6011 459 12233 7001 12233 4776 8185 16187 16187 16187
8712 5867 12495 9736 14237 12349 4776 12489 830 14397 16128 4440 16187 16187 16187 16187
8712 5867 12495 9736 14237 12349 4776 12489 830 14397 16128 4440 16187 16187 16187 8440
8712 5867 12495 6535 14237 12495 15347 830 2263 16058 10355 8712 5867 4642 6661 16187
7740 11530 8712 16187 16187 16187 16187 16187 16187 16187 16187 16187 16187 16187 16187 16187
7740 11530 8712 13348 16187 13348 16187 12757 6173 16187 8270 16187 16187 16187 16187 16187
7740 11530 8712 16187 16187 16187 16187 16187 16187 14373 13348 16187 16187 4863 16187 16187
5678 1853 7740 4552 9754 2326 5407 630 11953 14734 4189 16187 16187 16187 16187 16187
11645 926 4931 15848 12008 9084 9754 9605 630 1134 16187 16187 16187 2097 8811 16187
5678 1853 7740 4552 9754 2326 5407 630 11953 14734 4189 16187 16187 16187 5341 16187
4776 2563 779 6259 2601 5948 3177 2053 8974 3766 3994 16187 16187 16187 16187 16187
4776 2563 779 4776 14910 6179 5463 31 8710 14362 830 16187 16187 16187 16187 16187
4776 2563 779 6259 2601 5948 3177 2053 8974 3766 3994 16187 15806 16187 4832 16187
14183 2598 2598 16187 16187 16187 16187 16187 16187 16187 16187 16187 16187 16187 16187 16187
10355 15781 13348 16187 6011 16187 16187 15096 2563 16187 16187 16187 5534 16187 16187 16187
14183 2598 2598 16187 2598 16187 16187 2598 16187 16187 6150 16187 16187 4931 16187 16187
4404 1138 4383 7937 3177 14766 5711 16187 16187 16187 16187 16187 16187 16187 16187 16187
4404 1138 4383 7937 3177 14766 5711 16187 16187 2563 16187 1110 16187 16187 16187 13348
4404 926 91 926 6826 9332 8506 16187 926 16187 11180 16187 926 16187 3011 14217
3171 10033 779 6070 10762 11646 14237 12013 16187 16187 16187 16187 16187 16187 16187 16187
3171 10033 779 6070 10762 11646 14237 12013 16187 10770 16187 5036 16187 16187 16187 16187
3171 10033 779 1954 12256 13839 8268 9563 4776 582 16187 16187 16187 926 16187 16187
4776 2563 3847 10328 6826 1919 2263 14186 3177 13592 5820 8157 3177 14112 2122 16187
4776 2563 8428 7742 1919 1954 9332 8726 5329 2002 1453 14029 4776 7191 10983 16187
4776 2563 3847 10328 6826 1919 2263 14186 3177 13592 5820 8157 3177 14112 2122 16187
7740 12232 11889 12233 2172 15389 9332 3302 4776 926 3177 14180 5463 16187 16187 16187
7740 12232 9497 12233 1436 5463 4776 564 10501 3177 4776 10033 8710 4776 10418 16187
7740 12232 11889 12233 2172 15389 9332 3302 4776 926 3177 14180 5463 16187 16187 16187
7777 926 7076 7777 926 1955 5568 7926 5208 16187 16187 16187 16187 16187 16187 16187
9642 926 7076 4421 926 1019 926 926 8268 9605 8712 2598 2598 16187 16187 8710
7777 926 7076 7777 926 1955 5568 7926 5208 16187 14734 4125 16187 16187 2903 16187
7740 9431 4931 926 2837 4776 5358 8719 3171 10033 16187 16187 16187 16187 16187 16187
7740 9431 4931 926 2837 4776 5358 8719 3171 10033 16187 16187 16187 6635 8680 16187
7740 9431 1442 3171 2563 13089 8712 2979 8719 4776 2729 14237 7740 11530 8712 16187
11553 9754 8466 5463 6041 4776 2322 5007 16187 16187 16187 16187 16187 16187 16187 16187
11553 9754 8466 5463 6041 4776 2322 5007 16187 16187 16187 16187 16187 16187 16187 8858
11553 9754 8466 5463 6041 4776 2322 5007 16187 16187 16187 16187 223 16187 16187 16187
6259 2163 926 8268 926 14237 15347 8268 926 8710 5069 2909 830 1885 2974 16187
6259 11585 8710 2474 2858 4776 926 5867 12999 14237 13802 1957 14734 926 14585 16187
6259 2163 926 8268 926 14237 15347 8268 926 8710 5069 2909 830 1885 2974 16187
14180 3177 4776 2122 3114 14796 6850 5636 5463 2326 8733 4776 2563 16187 16187 16187
14180 3177 4776 2122 3114 14796 6850 5636 5463 2326 8733 4776 2563 16187 16187 16187
14180 3177 3171 9113 12233 15662 8712 5867 1229 10355 16187 16187 16187 16187 5328 16187
13474 7076 7593 926 8268 6259 3192 13021 12904 8268 6259 2176 517 926 9385 16187
13474 8710 6281 445 830 4776 7734 3177 4776 926 14237 926 1885 5562 16187 16187
13474 7076 7593 926 8268 6259 3192 13021 12904 8268 6259 2176 517 926 9385 16187
9563 1919 3171 10033 5867 2002 5033 2598 16187 16187 16187 16187 16187 16187 16187 16187
9563 3962 12233 1138 4776 2588 13103 9577 5711 16187 16187 16187 4931 16187 1955 7742
9563 1919 3171 10033 5867 2002 5033 2598 16187 16187 10315 8657 16187 9431 16187 16187
4776 828 3994 8598 14769 14776 4776 564 10501 8719 3171 6801 16187 16187 16187 16187
4776 564 4440 9498 1919 926 5867 8808 8268 3177 1245 16187 16187 16187 16187 16187
4776 828 3994 8598 14769 14776 4776 564 10501 8719 3171 6801 16187 16187 13178 13348
8712 8710 2903 12233 2904 12233 6077 4776 8215 16187 16187 16187 16187 16187 16187 16187
8712 8710 8093 2326 16105 6500 16187 16187 926 16187 16187 12349 4776 132 16187 16187
8712 8710 2903 12233 2904 12233 6077 4776 8215 16187 9438 16187 16187 2598 16187 2598
6173 49 12233 3059 8268 7740 9084 5329 14518 630 16187 16187 16187 16187 16187 16187
6173 8268 14237 8712 8710 6070 2689 8719 1597 7558 16187 2326 13060 16187 16187 16187
6173 49 12233 3059 8268 7740 9084 5329 14518 630 16187 16187 16187 4927 16187 16187
7740 12431 3171 8124 10033 830 12276 15572 1019 7401 1390 4891 2968 13348 16187 16187
7740 12431 3171 8124 10033 830 12276 15572 1019 7401 1390 4891 2968 13348 16187 13348
7740 12431 6259 3984 12233 2552 3171 2563 1957 6259 926 4544 16187 926 16187 4656
4776 5257 3177 12387 8719 926 8710 13519 14237 1098 16187 16187 16187 16187 16187 16187
4776 5257 3177 12387 8719 926 8710 13519 14237 1098 16187 16187 16187 16187 2837 7764
4776 926 5867 10301 12233 14180 3177 3171 2598 16187 16187 16187 16187 16187 16187 16187
9063 8268 14069 5867 926 926 5867 574 16187 16187 16187 16187 16187 16187 16187 16187
9063 8268 7206 12790 5867 795 14237 5580 2790 5257 3177 7151 16187 16187 16187 16187
9063 8268 14069 5867 926 926 5867 574 16187 6259 5033 16187 16187 16187 16187 16187
3171 10033 771 6826 15819 4924 4440 8719 8712 16187 16187 16187 16187 16187 16187 16187
3171 10033 771 6826 15819 4924 4440 8719 8712 16187 16187 16187 16187 16187 16187 16187
3171 10033 15846 2823 7864 1955 6259 8974 8719 4776 1243 12233 13758 16187 16187 16187
4776 11253 8710 14029 6259 926 8268 14237 14069 8710 13084 4927 3748 16187 16187 16187
4776 3942 8710 5463 14069 5867 6280 6259 9438 16108 4776 9139 8069 11674 16187 16187
4776 11253 8710 14029 6259 926 8268 14237 14069 8710 13084 4927 3748 16187 16187 8069
8712 5867 10534 10719 8268 14237 8093 13542 16187 16187 16187 16187 16187 16187 16187 16187
8712 5867 2296 1781 8798 15949 12233 6683 1957 16187 16187 16187 16187 4473 16187 16187
8712 5867 10534 10719 8268 14237 8093 13542 16187 12233 6407 8712 13348 16187 13348 16187
8808 10801 8710 10569 8268 14237 8712 5867 6259 10887 10501 3177 4776 10033 16187 16187
1919 926 8712 8710 1954 10136 6689 1919 926 8712 5867 1954 13459 16187 16187 926
8808 10801 8710 10569 8268 14237 8712 5867 6259 10887 10501 3177 4776 10033 16187 16187
14069 5867 13807 1157 5463 8710 5329 2689 8719 8712 16187 16187 16187 16187 16187 16187
14069 5867 4537 1378 9424 7740 188 12233 15956 2598 16187 16187 16187 929 16187 16187
14069 5867 13807 1157 5463 8710 5329 2689 8719 8712 16187 16187 11889 12440 16187 5777
7926 7076 6259 926 3827 926 10921 9941 14237 926 16187 16187 16187 16187 16187 16187
7926 7076 6259 926 3827 926 10921 9941 14237 926 16187 16187 16187 16187 16187 16187
7926 5086 12233 6259 6585 5459 8268 26 15004 1019 926 4747 6173 830 6276 16187
1597 8268 1597 820 1436 5463 926 1390 8710 4776 7705 8569 2563 8084 16187 16187
1597 820 2552 3171 1955 6259 8974 8268 12008 7740 6748 12260 11553 2329 15389 16187
1597 8268 1597 820 1436 5463 926 1390 8710 4776 7705 15978 3177 1885 13341 16187
926 926 16187 16187 16187 16187 16187 16187 16187 16187 16187 16187 16187 16187 16187 16187
926 926 16187 16187 16187 16187 16187 16187 12127 3278 16187 16187 16187 13623 16187 16187
926 926 16187 16187 16187 16187 926 16187 16187 954 16187 8360 16187 15387 16187 2526
3171 8157 3177 4856 8268 12576 8423 450 8268 8710 5329 830 12127 10166 16187 16187
3171 2563 3112 9743 8569 3478 926 5463 7926 8710 8719 6683 3098 16187 16187 16187
3171 8157 3177 4856 8268 12576 8423 450 8268 8710 5329 830 12127 10166 16187 16187
4776 9424 8710 16187 16187 16187 16187 16187 16187 16187 16187 16187 16187 16187 16187 16187
4776 9899 8521 8710 1175 16187 16187 16187 16187 16187 6601 16187 15819 2563 16187 7742
4776 9424 8710 16187 16187 16187 13348 16187 6918 16187 16187 16187 16187 6918 13348 16187
1138 5398 13907 6259 7323 5711 13942 14635 3177 9800 5936 16187 16187 16187 16187 16187
1138 5398 13907 6259 7323 5711 13942 14635 3177 9800 5936 16187 16187 16187 11404 9222
1138 9879 5711 8710 1378 926 7740 12232 14397 3842 1920 16187 16187 16187 16187 16187
6407 8712 16187 16187 16187 16187 16187 16187 16187 16187 16187 16187 16187 16187 16187 16187
6407 8712 16187 16187 16187 16187 16187 16187 10978 16187 8831 16187 2097 8811 16187 16187
6407 8712 16187 16187 16187 16187 16187 16187 11530 1750 2689 16187 16187 16187 16187 6918
13975 8268 3171 8710 9754 1954 1197 9290 14043 926 9890 16187 16187 16187 16187 16187
830 7345 8268 8712 4931 926 14237 2945 8158 6011 5462 9449 16187 11331 16187 16187
13975 8268 3171 8710 9754 1954 1197 9290 14043 926 9890 16187 16187 16187 5824 13348
14237 926 3748 7812 3609 3847 5329 11712 9666 820 8719 12276 15939 16187 16187 16187
14237 8499 926 8710 7742 14069 8710 9754 1157 12233 1436 11953 14745 16187 16187 2689
14237 926 3748 7812 3609 3847 5329 11712 9666 820 8719 12276 15939 16187 9890 16187
9296 6011 4628 9754 16187 16187 16187 16187 16187 16187 16187 16187 16187 16187 16187 16187
9296 5332 6011 4628 9754 16187 16187 8712 16187 16187 16187 14043 2712 16187 16187 16187
9296 6011 4628 9754 16187 2552 8712 16187 16187 12349 10036 16187 16187 16187 9813 786
7926 14762 1954 2002 14426 14596 8745 1138 13131 8268 861 983 5711 16187 16187 16187
7926 14762 1954 2002 14426 14596 8745 1138 13131 8268 861 983 5711 16187 16187 4404
7926 8710 12233 926 3115 14272 8438 8710 12233 1621 8438 16187 16187 16187 16187 100
3454 4776 1440 8974 2563 4363 414 4776 13645 16187 16187 16187 16187 16187 16187 16187
12298 3177 1019 6070 10710 6173 14596 16187 8710 6259 6070 7708 14596 16187 14237 15870
3454 4776 1440 8974 2563 4363 414 4776 13645 16187 16187 926 16187 10272 16187 9178
8712 5867 6259 3098 2563 14237 2847 14180 3177 4776 926 14780 3735 8712 16187 16187
8712 5867 6259 2037 3177 4776 10887 8268 14225 8268 8692 16053 1919 13084 8057 16187
8712 5867 6259 3098 2563 14237 2847 14180 3177 4776 926 14780 3735 8712 16187 16187
14272 6259 8124 14596 8268 14272 6259 8124 3513 8268 14272 6259 8124 7151 16187 16187
14272 6259 1138 12167 7970 5711 9534 2837 1213 6259 3011 13926 13348 16187 13348 16187
14272 6259 8124 14596 8268 14272 6259 8124 3513 8268 14272 6259 8124 7151 16187 16187
12008 6259 8230 15846 8268 15846 926 8268 12232 11553 16105 8712 926 8270 16187 16187
12008 4776 10033 3847 11553 6259 15335 854 5804 4440 16187 926 14776 8781 16187 16187
12008 6259 8230 15846 8268 15846 926 8268 12232 11553 16105 8712 926 8270 16187 6297
14069 9498 13084 12092 3766 2858 8712 12114 16187 16187 16187 16187 16187 16187 16187 16187
14069 9498 13084 12092 3766 2858 8712 12114 16187 5463 8712 16187 16187 16187 16187 16187
14069 9498 6826 703 5463 5580 11318 9070 16187 16187 16187 7740 6635 8712 16187 16187
14180 3171 8710 5329 9222 2680 899 1955 7926 8451 14734 7188 926 16187 16187 16187
14180 926 8719 4836 1955 8712 14237 12232 2823 8719 6259 643 16187 16187 16187 16187
14180 3171 8710 5329 9222 2680 899 1955 7926 8451 14734 7188 926 16187 16187 16187
4776 12128 14237 9057 8388 2903 4931 6259 11146 12008 7740 9429 8712 5867 10355 16187
4776 5830 12455 3177 2563 9222 11789 8467 485 13907 7767 14237 10898 13348 13348 16187
4776 12128 14237 9057 8388 2903 4931 6259 11146 12008 7740 9429 8712 5867 10355 16187
8798 8268 4776 14465 8093 1344 3785 2858 13592 11039 3177 6259 2601 16187 16187 16187
8798 8268 14180 3177 1885 926 12233 4776 3011 9290 8467 12233 561 16187 926 16187
8798 8268 4776 14465 8093 1344 3785 2858 13592 11039 3177 6259 2601 16187 16187 7336
8712 4931 7742 10471 14237 6297 11681 4776 12805 16187 16187 16187 16187 16187 16187 16187
8712 4931 7742 10471 14237 6297 11681 4776 12805 16187 16105 6259 2563 16187 10272 16187
8712 4931 7742 10471 14237 4776 10418 1019 8245 1449 6173 4931 6535 10355 16187 16187
1138 7926 5867 12766 5816 2837 4776 926 5711 3171 2563 8710 16139 16187 16187 16187
1138 13089 6011 11031 8719 1110 5711 8710 926 8268 11075 13907 1823 16187 16187 16187
1138 7926 5867 12766 5816 2837 4776 926 5711 3171 2563 8710 16139 16187 16187 16187
12536 4931 10355 12008 3364 11553 12766 869 8270 16187 16187 16187 16187 16187 16187 16187
12536 4931 10355 12008 3364 11553 12766 869 8270 16187 16187 16187 7740 9431 16187 16187
6826 820 1110 3171 10033 14237 11191 12102 8712 16187 16187 16187 16187 16187 16187 16187
3543 7926 6381 14734 643 9431 8268 14043 14734 10312 12233 11702 4776 926 2598 16187
3543 7926 6381 14734 643 9431 8268 14043 14734 10312 12233 11702 4776 926 2598 16187
3543 7926 6381 14734 643 9431 8268 14043 14734 10312 12233 11702 4776 926 2598 16187
12233 8733 6259 2563 11953 1213 6259 4779 4931 2446 8719 8569 14113 8268 11558 16187
12233 9070 8712 8710 63 564 15978 926 15846 926 2823 12276 13341 564 5534 16187
12233 8733 6259 2563 11953 1213 6259 4779 4931 2446 8719 8569 14113 8268 11558 16187
4152 8710 2256 3175 16187 16187 16187 16187 16187 16187 16187 16187 16187 16187 16187 16187
4152 8710 2256 3175 16187 16187 1138 4776 926 5007 5711 16187 16187 16187 8185 16187
4152 4776 14599 8710 1344 6013 16187 16187 5388 16187 16187 16187 8781 16187 16187 11530
7740 14263 3171 10033 14919 9484 16187 16187 16187 16187 16187 16187 16187 16187 16187 16187
7740 14263 3171 6259 9484 15525 3177 9484 16187 13348 16187 16187 3257 16187 3211 16187
7740 14263 3171 10033 14919 9484 16187 926 16187 564 16187 13348 16187 8084 13348 16187
4404 4472 12233 3171 10033 8710 4776 14186 3177 6664 16187 16187 16187 16187 16187 16187
4404 4472 12233 3171 10033 8710 4776 14186 3177 6664 16187 16187 16187 8588 16187 16187
4404 9332 9840 3177 4776 10033 8710 4776 926 6001 16187 16187 4776 9431 10033 16187
8712 8710 3098 12233 2552 2941 3573 4552 703 5463 13474 12232 9754 11606 4552 16187
8712 8710 13083 12233 2263 8588 14237 6253 12233 4754 8712 1955 9473 1955 786 16187
8712 8710 3098 12233 2552 2941 3573 4552 703 5463 13474 12232 9754 11606 4552 16187
14272 4624 2552 8710 5580 5695 14596 7032 8268 14237 8124 10418 2837 14180 2946 16187
14272 11900 8710 4325 8021 4776 14596 1919 6259 14430 4656 513 16187 16187 16187 16187
14272 4624 2552 8710 5580 5695 14596 7032 8268 14237 8124 10418 2837 14180 2946 16187
9296 5463 5867 926 12576 8268 15978 3461 8268 4325 14776 10217 9780 12835 16187 16187
9296 5463 5867 926 12576 8268 15978 3461 8268 4325 14776 10217 9780 12835 16187 16187
9296 5463 15846 8537 12276 904 1919 3171 2211 14362 1955 926 926 16187 16187 16187
12008 8268 4776 12715 14599 5208 1453 4776 10566 3177 4776 5638 16187 16187 16187 16187
12008 8268 4776 8521 1919 4776 2037 8710 6388 16187 16187 16187 9577 16187 15202 16187
12008 8268 4776 12715 14599 5208 1453 4776 10566 3177 4776 5638 16187 10315 4776 1676
13029 779 12233 13758 12233 10751 5463 16187 16187 16187 16187 16187 16187 16187 16187 16187
4311 10036 8268 14272 4552 7740 15956 2598 16187 16187 2598 16187 16187 2598 16187 16187
13029 779 12233 13758 12233 10751 5463 16187 926 16187 929 926 16187 16187 16187 4863
4325 9498 9754 4951 10967 4776 14596 8268 12008 4325 3364 11553 1941 630 10150 16187
4325 9498 10602 1955 10660 12835 8268 12008 6381 4312 5022 14237 2476 13348 16187 16187
4325 9498 9754 4951 10967 4776 14596 8268 12008 4325 3364 11553 1941 630 10150 16187
1229 14069 5867 15389 830 10394 16187 16187 16187 16187 16187 16187 16187 16187 16187 16187
1229 14069 5867 15389 830 10394 16187 14776 10355 16187 16187 16187 16187 7314 16187 16187
1229 14069 5867 2326 4487 12233 8191 8630 16187 14596 16187 16187 16187 16187 16187 15715
8712 8710 16187 16187 16187 16187 16187 16187 16187 16187 16187 16187 16187 16187 16187 16187
8712 8710 16187 16187 16187 16187 16187 16187 6683 10036 16187 16187 16187 8719 5463 16187
8712 8710 16187 16187 16187 16187 16187 2615 16187 2329 16187 16187 7671 16187 16187 16187
6390 926 779 12431 12233 2823 4776 4267 6390 3211 15525 14069 16187 16187 16187 16187
6390 12038 771 6259 6140 15776 8268 1955 7742 1955 6259 6140 14192 2903 16187 16187
6390 926 779 12431 12233 2823 4776 4267 6390 3211 15525 14069 16187 16187 2296 16187
1329 8268 3171 2563 8710 6259 3667 3177 9831 16187 16187 16187 16187 16187 16187 16187
1329 5332 8268 15658 926 3171 419 2598 16187 2598 16187 16187 11530 16187 2598 16187
1329 8268 3171 2563 8710 6259 3667 3177 9831 16187 7740 2552 16187 10531 16187 7742
926 1959 2143 15525 3177 9484 1019 5538 6173 3699 7742 10471 926 7273 16187 16187
926 11437 15525 3177 6259 926 1076 16187 8404 16187 9442 4152 16187 2122 16187 16187
926 1959 2143 15525 3177 9484 1019 5538 6173 3699 7742 10471 926 7273 16187 7742
7740 2446 14583 10332 10244 8185 8268 14043 1133 5463 1453 13501 8719 1378 16187 16187
7740 2446 14583 10332 10244 8185 8268 14043 1133 5463 1453 13501 8719 1378 16187 16187
7740 2446 7164 12545 12233 12276 7981 4240 1750 1411 830 12495 15096 16187 16187 16187
15477 926 1390 8710 1378 3177 9743 12740 5463 779 1378 10315 830 2103 16187 16187
15043 5867 1105 8710 6259 4241 3011 9139 15658 8744 2858 6259 926 9290 16187 13348
15477 926 1390 8710 1378 3177 9743 12740 5463 779 1378 10315 830 2103 16187 16187
8712 8710 3171 7949 5463 2326 13549 4776 10033 14512 16187 16187 16187 16187 16187 16187
8712 8710 5453 5463 4776 176 9084 5329 12782 14029 16187 16187 16187 8719 16187 16187
8712 8710 3171 7949 5463 2326 13549 4776 10033 14512 16187 4697 1885 16187 16187 6231
14272 5208 1378 2326 926 11953 5463 2598 16187 16187 16187 16187 16187 16187 16187 16187
14272 7740 1110 11953 926 5867 926 8710 1885 16139 926 16187 16187 16187 13623 16187
14272 5208 1378 2326 926 11953 5463 2598 16187 16187 8781 15525 16187 16187 9715 926
6011 7433 13348 16187 16187 16187 16187 16187 16187 16187 16187 16187 16187 16187 16187 16187
6011 926 5099 3171 10936 16187 16187 8270 16187 16187 16187 16187 16187 16187 16187 16187
6011 7433 13348 16187 8710 3257 16187 16187 16187 3257 11656 16187 16187 16187 1329 16187
1754 4776 6437 15814 15649 14776 12256 8268 14043 8270 8592 926 8710 16187 16187 16187
6748 1954 8229 2837 4776 10033 15271 12233 926 4776 926 9138 4277 16187 16187 2598
1754 4776 6437 15814 15649 14776 12256 8268 14043 8270 8592 926 8710 16187 16187 16187
15870 7740 973 223 12008 7740 4552 9754 9429 926 4776 10709 16187 16187 16187 16187
15870 7740 973 223 12008 7740 4552 9754 9429 926 4776 10709 16187 16187 13216 14029
15870 7740 973 4537 5329 6259 14230 16187 13529 5867 16187 16187 16187 13089 7926 926
3171 8710 4776 10442 3177 1378 3177 4776 564 8185 8084 16187 16187 16187 16187 16187
3171 8710 4776 10442 3177 1378 3177 4776 564 8185 8084 16187 16187 16187 16187 14043
3171 8710 4776 10566 2176 2563 7740 11553 8084 8466 16187 16187 16187 7742 16187 16187
1229 630 3177 14272 16105 4776 1866 8808 3098 779 12766 15842 16187 16187 16187 16187
1229 630 3177 8712 8710 14221 10967 4776 11614 16187 10501 3177 4776 10033 16187 15096
1229 630 3177 14272 16105 4776 1866 8808 3098 779 12766 15842 16187 4776 6070 7742
4325 12892 2904 13084 13353 11953 14745 16187 16187 16187 16187 16187 16187 16187 16187 16187
4325 7448 12233 8554 9222 8185 11889 3171 16187 16187 16187 16187 4924 16187 16187 1919
4325 12892 2904 13084 13353 11953 14745 16187 16187 926 16187 16187 16187 6745 618 16187
7740 1442 3171 13896 10808 8268 14237 8712 8710 5288 6259 10602 1378 16187 16187 16187
7740 1442 3171 13896 10808 8268 14237 8712 8710 5288 6259 10602 1378 16187 16187 16187
7740 1442 3171 14251 14029 4776 10887 1583 8719 9073 16187 16187 7733 12127 3584 3177
3171 2563 8710 11953 926 926 15658 8710 6259 10054 926 16187 16187 16187 16187 16187
3171 2563 8710 11953 926 926 15658 8710 6259 10054 926 16187 16187 16187 16187 13081
3171 2563 8710 6929 12233 4776 10560 8268 12008 5568 13237 1243 929 16187 16187 15810
4776 4152 4931 6070 14273 10294 830 6259 10728 12529 16187 16187 16187 16187 16187 16187
4776 4152 4931 6070 14273 10294 830 6259 10728 12529 16187 16187 16187 13348 16187 13348
4776 4152 4931 6070 6140 14237 6070 12606 16187 16187 1170 13348 16187 13348 16187 12757
4776 2563 779 4776 14910 6179 5463 31 8710 14362 830 16187 16187 16187 16187 16187
4776 2563 779 4776 14910 6179 5463 31 8710 14362 830 16187 16187 16187 16187 16187
4776 2563 779 7807 4776 10567 4776 9431 1378 771 14237 7100 14029 2122 16187 16187
10080 1146 284 3171 8710 6259 3098 10978 2563 1919 6259 3098 14596 16187 16187 16187
10080 4152 8268 10080 2550 4440 8268 10080 11017 16187 15846 8093 6407 16187 16187 6259
10080 1146 284 3171 8710 6259 3098 10978 2563 1919 6259 3098 14596 16187 16187 10762
1019 14272 2148 5208 7740 1436 2598 16187 16187 16187 16187 16187 16187 16187 16187 16187
1019 12766 14069 10471 5463 6173 16187 1378 926 16187 16187 16187 16187 16187 16187 16187
1019 14272 2148 5208 7740 1436 2598 16187 16187 8710 8270 512 16187 16187 16187 16187
3540 10733 14148 14470 926 10671 3177 4776 9577 16187 16187 16187 16187 16187 16187 16187
4624 11031 4776 926 5015 6259 9850 15525 3177 14139 14029 4776 926 16187 16187 8584
3540 10733 14148 14470 926 10671 3177 4776 9577 16187 16187 16187 16187 16187 16187 16187
11382 6546 5463 14734 926 6280 10272 6259 4994 13077 16187 16187 16187 16187 16187 16187
437 1955 6286 8268 3171 8710 8719 1597 15527 6259 13134 10033 16187 16187 16187 10272
11382 6546 5463 14734 926 6280 10272 6259 4994 13077 16187 929 16187 5086 16187 16187
9790 926 1545 11953 13000 4932 8268 9790 926 3177 10355 14237 8569 16187 16187 16187
9790 926 1545 11953 13000 4932 8268 9790 926 3177 10355 14237 8569 16187 7310 284
9790 1919 4776 14596 7740 1465 7401 14272 4931 926 13086 5367 16187 16187 16187 16187
630 3177 4776 926 5033 8710 6724 1019 10355 13348 16187 16187 16187 16187 16187 16187
630 11889 926 5384 8719 2053 926 3994 14237 13837 9861 8719 2053 15123 3994 16187
630 3177 4776 926 5033 8710 6724 1019 10355 13348 16187 16187 16187 16187 6173 16187
4776 10418 4931 10355 14237 4776 4152 4931 10355 16187 16187 16187 16187 16187 16187 16187
4776 10418 4931 10355 8268 4776 5568 1378 16187 12233 2823 16187 16187 16187 16187 16187
4776 10418 4931 10355 14237 4776 4152 4931 10355 16187 16187 16187 16187 3257 16187 16187
8712 3364 5367 16187 16187 16187 16187 16187 16187 16187 16187 16187 16187 16187 16187 16187
8712 3364 5367 16187 8726 4325 11031 926 16187 16187 16187 16187 3044 16187 477 16187
8712 3364 5367 16187 16187 16187 2903 16187 16187 16187 16187 16187 16187 16187 16187 1222
7926 5867 6259 5646 5095 8268 15202 7926 15881 14734 4751 4609 10967 14734 926 16187
7926 5867 6259 5646 5095 8268 15202 7926 15881 14734 4751 4609 10967 14734 926 16187
7926 5867 6259 983 26 8268 830 926 15525 8376 13348 16187 16187 926 16187 11644
1597 9780 7889 9498 13532 7862 12233 4552 6640 4325 12449 1919 4776 5174 9911 16187
1597 820 2552 3171 1955 6259 8974 8268 12008 7740 6748 12260 11553 2329 15389 16187
1597 9780 7889 9498 13532 7862 12233 4552 6640 4325 12449 1919 4776 5174 9911 16187
926 8715 8710 5463 14635 3177 6259 10033 16187 16187 16187 16187 16187 16187 16187 16187
926 8715 8710 5463 14635 3177 6259 10033 16187 16187 16187 385 10418 16187 16187 16187
926 5867 13877 1378 11071 14776 5329 2689 16187 16187 16187 16187 16187 16187 16187 4017
7926 9084 5329 12709 14734 9059 4863 830 6276 16187 16187 16187 16187 16187 16187 16187
7926 9084 9754 6358 1957 4776 5145 15978 7926 9084 9754 188 12233 9605 3102 16187
7926 9084 5329 12709 14734 9059 4863 830 6276 16187 16187 16187 16187 3137 16187 16187
1955 8710 8268 12844 8710 6259 7393 14812 14237 7393 1980 9450 471 16187 16187 16187
8719 983 926 14827 7926 779 6826 2746 3177 14734 16058 16187 16187 16187 926 16187
1955 8710 8268 12844 8710 6259 7393 14812 14237 7393 1980 9450 471 16187 5341 16187
9264 16187 16187 16187 16187 16187 16187 16187 16187 16187 16187 16187 16187 16187 16187 16187
9264 12198 12478 16187 16187 16187 16187 16187 926 16187 1676 16187 926 16187 926 16187
9264 16187 16187 16187 16187 16187 16187 16187 8089 10315 4707 2837 6356 926 16187 16187
14237 1213 10145 4325 14776 12495 13348 16187 16187 16187 16187 16187 16187 16187 16187 16187
14237 1213 10145 4325 14776 12495 13348 16187 14043 1199 8630 4776 8794 3044 16187 16187
14237 1213 10145 4325 14776 12495 13348 16187 16187 16187 16187 16187 16187 16187 16187 16187
7926 15846 13931 4312 7508 16187 16187 16187 16187 16187 16187 16187 16187 16187 16187 16187
7926 15846 7001 12233 13136 932 16187 8360 12233 16187 16187 16187 2263 9640 16187 16187
7926 15846 13931 4312 7508 16187 16187 16187 16187 16187 5415 16187 6259 9701 16187 15525
8719 10025 8268 4776 2601 1138 2563 5711 8710 6259 11361 3177 7145 16187 16187 16187
8719 10025 8268 3171 10033 8710 4197 3650 14237 926 926 5022 16187 16187 926 16187
8719 10025 8268 4776 2601 1138 2563 5711 8710 6259 11361 3177 7145 16187 2598 16187
3171 2251 9070 6259 10894 3177 4776 630 9404 1138 926 5711 16187 16187 16187 16187
3171 13250 9450 10509 2359 10033 3537 8710 6259 5947 2664 926 16187 16187 16187 16187
3171 2251 9070 6259 10894 3177 4776 630 9404 1138 926 5711 16187 16187 16187 8781
7004 926 8710 6259 6140 2122 7970 8719 4776 9222 16187 16187 16187 16187 16187 16187
7004 926 8710 6259 6140 2122 7970 8719 4776 9222 16187 16187 16187 16187 9429 926
1350 4776 8199 3177 4776 10033 8268 4776 6688 8710 13295 16187 16187 16187 13348 16187
3329 4710 13348 16187 16187 16187 16187 16187 16187 16187 16187 16187 16187 16187 16187 16187
4487 6644 926 16187 16187 16187 16187 16187 16187 16187 16187 16187 16187 16187 16187 16187
3329 4710 13348 16187 16187 13997 983 16187 16187 16187 10036 16187 816 16187 16187 8712
6259 11585 8710 2474 2858 4776 926 5867 12999 14237 13802 1957 14734 926 14585 16187
6259 11585 8710 2474 2858 4776 926 5867 12999 14237 13802 1957 14734 926 14585 16187
6259 9385 8710 16041 890 2837 8656 926 8268 12008 3774 13216 2903 12233 4312 16187
15595 11965 4776 9339 12738 14029 15597 16058 8258 12413 4312 16187 16187 16187 16187 16187
11711 14029 1954 10571 16038 8759 12233 11803 6905 16187 5388 16187 16187 926 16187 16187
15595 11965 4776 9339 12738 14029 15597 16058 8258 12413 4312 16187 16187 13348 16187 16187
12008 8712 5867 2446 6259 13783 7937 5463 8710 11890 830 6259 8455 9887 16187 16187
12008 8712 5867 2446 6259 13783 7937 5463 8710 11890 830 6259 8455 9887 16187 16187
12008 8712 2446 779 1954 13903 2087 5463 3294 4776 926 9385 16187 16187 13216 16187
12008 7740 11553 8466 14219 16187 16187 16187 16187 16187 16187 16187 16187 16187 16187 16187
12008 7740 11553 8466 14219 16187 3171 983 16187 8258 16187 1229 16187 7740 1951 8268
12008 7740 11553 12233 1436 4776 5393 16187 13348 16187 16187 16187 16187 16187 16187 16187
8712 8710 4776 564 10033 3177 4776 5365 13348 13348 16187 16187 16187 16187 16187 16187
8712 8710 6259 6070 7367 926 3177 4776 4992 3177 12891 14237 1694 16187 16187 16187
8712 8710 4776 564 10033 3177 4776 5365 13348 13348 16187 13348 16187 13348 16187 16187
5272 203 8712 12232 827 15525 8069 4776 10566 4750 926 2598 16187 16187 16187 16187
2429 7926 7076 6905 12008 8712 11900 7742 830 4776 2563 2263 14596 16187 16187 16187
5272 203 8712 12232 827 15525 8069 4776 10566 4750 926 2598 16187 16187 16187 16187
1957 14589 5463 5867 14272 7740 973 4103 16187 16187 16187 16187 16187 16187 16187 16187
1957 14589 5463 926 9170 2903 16187 16187 4931 4687 12233 14192 16187 16187 16187 16187
1957 14589 5463 5867 14272 7740 973 4103 16187 2066 5867 3504 49 16187 16187 926
14069 5867 14691 8719 3171 10033 12233 2326 7568 6011 16187 16187 16187 16187 16187 16187
14069 5867 14691 8719 3171 10033 12233 2326 7568 6011 16187 10503 8719 12276 467 16187
14069 5867 14691 91 5463 779 9754 12766 10471 12349 14237 12349 16187 8270 16187 16187
12276 8264 1860 4931 9715 8268 4776 4406 15939 9701 16187 16187 16187 16187 16187 16187
12276 8264 1860 4931 9715 8268 4776 4406 15939 9701 16187 16187 7393 4776 6499 16187
12276 574 5627 1019 15525 3177 9484 6173 15167 4530 8710 5148 2461 16187 16187 16187
7740 11530 8712 8268 7740 973 9813 16041 4776 3366 13089 8712 5656 15525 13348 16187
7740 9084 9754 2326 14518 5463 4776 2563 12232 2823 5463 10355 16187 16187 16187 1110
7740 11530 8712 8268 7740 973 9813 16041 4776 3366 13089 8712 5656 15525 13348 16187
14031 7742 8268 15658 5682 16187 16187 16187 16187 16187 16187 16187 16187 16187 16187 16187
14031 7742 8268 15658 5682 16187 16187 16187 16187 1885 16187 16187 16187 16187 2167 16187
14031 8796 5288 16187 16187 16187 16187 13348 16187 6011 9431 10983 16187 16187 1243 16187
5463 13942 12233 2823 4776 5568 1264 8719 4776 2563 16187 16187 16187 16187 16187 16187
5463 5867 14272 6259 471 3543 4552 8268 8710 9754 8712 16187 16187 13348 16187 13348
5463 13942 12233 2823 4776 5568 1264 8719 4776 2563 16187 926 16187 16187 16187 16187
1229 9578 9511 14876 6259 1781 8268 13929 926 12233 13149 16187 16187 16187 16187 16187
1229 630 3177 8712 8710 14221 10967 4776 11614 16187 10501 3177 8712 16187 8710 4032
1229 9578 9511 14876 6259 1781 8268 13929 926 12233 13149 16187 5537 16187 15956 16187
5713 7891 5388 14776 9666 4776 8172 11715 926 16187 16187 16187 16187 16187 16187 16187
5713 7891 5388 14776 9666 4776 8172 11715 926 16187 16187 1864 16187 1435 16187 4240
5713 14776 926 15658 14776 4537 3908 10024 8268 8815 16187 16187 3095 16187 7926 926
4776 12852 11698 4931 9754 15695 1919 3171 13089 12273 926 4931 8719 1885 4277 16187
4776 12852 11698 4931 9754 15695 1919 3171 13089 12273 926 4931 8719 1885 4277 16187
4776 12852 771 926 5463 926 9084 5329 15956 4776 5820 1787 16187 16187 16187 5568
14043 8712 3364 2823 5463 15860 3364 5329 10373 6300 12233 926 14237 16187 16187 16187
14043 8712 3364 2823 5463 15860 3364 5329 10373 6300 12233 926 14237 16187 16187 16187
14043 8268 203 12233 13931 6259 15043 1919 6259 5212 521 8719 14734 13034 2598 16187
15398 10918 14237 12149 16187 16187 16187 16187 16187 16187 16187 16187 16187 16187 16187 16187
9737 2903 2752 13348 16187 13023 16187 14816 5328 5627 16187 6173 16187 16187 16187 16187
15398 10918 14237 12149 16187 16187 16187 16187 16187 16187 16187 8456 16187 16187 2598 16187
4776 114 8719 4776 5777 4931 5329 926 8268 8712 4931 4776 2563 16187 16187 16187
4776 114 8719 4776 5777 4931 5329 926 8268 8712 4931 4776 2563 16187 8719 4927
4776 2563 4537 5143 4776 926 13876 14237 8808 10801 16187 9780 16187 16187 16187 512
8710 926 13631 1213 6259 11698 216 5463 13474 9813 926 926 2598 16187 16187 16187
8710 926 926 13084 10501 3177 4776 926 14596 2598 16187 16187 8081 926 16187 16187
8710 926 3841 4032 4990 830 8268 1955 4523 13942 12233 8158 14734 9784 2598 16187
13570 8268 1138 4776 926 8697 5711 4537 3847 5329 4189 1955 6259 3211 16187 16187
13570 8268 7740 4931 4776 5568 1378 8719 4776 5777 12233 4552 1229 16187 16187 8719
13570 8268 1138 4776 926 8697 5711 4537 3847 5329 4189 1955 6259 3211 16187 16187
6011 11553 12233 12650 3171 1378 12233 12650 4776 8261 926 16187 16187 16187 16187 16187
6011 11553 12233 12650 3171 1378 12233 12650 4776 8261 926 16187 16187 16187 1955 7742
6011 11553 5568 5627 15845 6856 8268 12170 8268 14043 9085 5711 16187 16187 8270 16187
8712 4931 9754 4537 2123 2598 16187 16187 16187 16187 16187 16187 16187 16187 16187 16187
8712 4931 9754 4537 2123 2598 16187 16187 16187 16187 4277 16187 16187 5711 16187 16187
8712 4931 9754 6070 12606 9890 16187 16187 16187 16187 8712 16187 1110 16187 16187 16187
8712 8710 1213 6259 5217 15902 14596 5463 15846 7975 1919 6011 16187 16187 16187 16187
8712 8710 1213 6259 5217 15902 14596 5463 15846 7975 1919 6011 16187 1273 16187 4277
8712 8710 1213 6259 5217 15902 14596 5463 15846 7975 1919 6011 16187 16187 16187 16187
8719 15909 7508 16187 16187 16187 16187 16187 16187 16187 16187 16187 16187 16187 16187 16187
8719 15909 7508 16187 16187 926 16187 926 16187 13060 4776 2563 16187 16187 16187 10571
8719 15909 7508 16187 16187 16187 16187 16187 16187 5947 4379 16187 3211 16187 16187 11889
14237 4918 14180 5463 8268 3171 8710 3553 16187 16187 16187 16187 16187 16187 16187 16187
14237 4918 14180 5463 8268 3171 8710 3553 16187 16187 926 16187 16187 16187 16187 16187
14237 2823 6259 6685 8268 8115 2598 16187 16187 8710 6724 16187 926 16187 16187 926
3765 9311 8268 2148 2122 16187 16187 16187 16187 16187 16187 16187 16187 16187 16187 16187
3765 9311 8268 2148 2122 16187 16187 10671 16187 16187 6259 5948 16187 16187 16187 16187
830 13616 8875 11536 14237 926 16187 6090 16187 5200 16187 16187 5200 16187 16187 16187
11889 7740 8592 8258 8268 4776 10418 8710 1378 3177 4776 10033 5867 564 1777 16187
11889 14180 10355 2024 308 8268 926 12495 779 6259 1117 5121 13839 16187 15831 6905
11889 7740 8592 8258 8268 4776 10418 8710 1378 3177 4776 10033 5867 564 1777 16187
4624 2446 2552 6259 6289 5463 1684 14237 5086 8268 3352 5022 14237 1233 12911 16187
4624 2446 2552 6259 6289 5463 1684 14237 5086 8268 3352 5022 14237 1233 12911 16187
4624 2446 11553 6259 10372 14457 4152 4493 1954 926 16187 16187 16187 16187 5624 4776
7530 14776 14796 1019 1138 8710 5463 10941 665 2598 5711 16187 16187 16187 16187 16187
1450 12233 13799 3171 5568 656 8719 1138 4776 15571 5711 16187 16187 8710 4776 9578
7530 14776 14796 1019 1138 8710 5463 10941 665 2598 5711 16187 16187 2148 3177 1110
4776 4277 8309 49 8913 14537 15202 4325 7164 15285 14854 1185 14029 2263 13949 16187
4776 15776 3384 8710 6070 10355 14237 3112 6011 10879 830 14272 8710 12233 13758 16187
4776 4277 8309 49 8913 14537 15202 4325 7164 15285 14854 1185 14029 2263 13949 16187
13834 8710 4537 11889 5463 16187 16187 16187 16187 16187 16187 16187 16187 16187 16187 16187
13834 8710 4537 11889 5463 16187 16187 16187 16187 16187 16187 6173 16187 3553 16187 16187
2216 4931 1282 512 5463 16187 16187 16187 8712 16187 16187 16187 16187 16187 16187 16187
5463 12232 9754 11553 12766 7805 16187 16187 16187 16187 16187 16187 16187 16187 16187 16187
5463 12232 9754 11553 12766 7805 16187 16187 16187 1229 14221 16187 16187 10953 16187 16187
5463 12232 9754 11553 12766 7805 16187 16187 14069 16187 8093 12766 16187 16187 8719 5463
6655 10355 10418 16187 16187 16187 16187 16187 16187 16187 16187 16187 16187 16187 16187 16187
6655 10355 10418 16187 16187 16187 16187 16187 16187 1750 2296 16187 16187 16187 7671 16187
3701 4776 8569 16187 16187 16187 16187 16187 8093 3554 12233 2823 6259 3460 16187 16187
926 4537 8710 9754 4032 8712 16187 16187 16187 16187 16187 16187 16187 16187 16187 16187
926 9070 10967 3171 10505 13348 16187 13348 16187 6150 12518 16187 16187 14125 13348 16187
926 4537 8710 9754 4032 8712 16187 16187 16187 10036 16187 16187 16187 10531 16187 4240
8712 8710 14180 5463 14237 2148 16187 16187 16187 16187 16187 16187 16187 16187 16187 16187
8712 8710 14180 12900 12115 4776 7687 16187 14180 16187 8712 16187 12825 12291 16187 14069
8712 8710 14180 5463 14237 2148 16187 512 1157 6672 13907 14745 16187 512 6011 16187
1799 926 4931 5695 14237 1229 4931 9942 14537 16187 16187 16187 16187 16187 16187 16187
1799 926 4931 5695 14237 1229 4931 9942 14537 16187 16187 16187 16187 3765 13348 16187
1799 926 8710 1213 6259 5646 950 8268 9563 1919 3171 14635 3177 954 16187 16187
9431 4624 11553 4776 2353 8268 926 926 16187 16187 16187 16187 16187 16187 16187 16187
9431 3177 14180 8268 14069 8710 13084 13583 643 14043 7240 91 16187 1750 926 16187
9431 4624 11553 4776 2353 8268 926 926 16187 10272 6259 10710 16187 16187 16187 16187
4776 6801 3112 5257 3177 4776 926 5627 13810 14237 3847 5463 1344 10355 16187 16187
4776 6801 3112 5257 3177 4776 926 5627 13810 14237 3847 5463 1344 10355 16187 16187
4776 6801 8710 1229 15640 3177 6011 8770 5463 8712 889 11301 5937 4751 16187 564
4776 10418 8710 12489 14708 16187 16187 16187 16187 16187 16187 16187 16187 16187 16187 16187
4776 10418 8710 12489 14708 16187 16187 12256 16187 16187 16187 16187 7076 16187 16187 16187
4776 10418 8710 12489 14708 16187 16187 12256 16187 16187 16187 16187 7076 16187 16187 16187
