7740 9429 5463 8710 4776 11998 2573 6011 5208 8197 3171 2563 16187 16187 16187 16187
3842 3171 2856 11889 4776 12012 16187 3364 11553 12766 16187 16187 2598 16187 16187 16187
1655 12233 14180 3102 8719 9222 3171 10917 10033 13348 16187 10953 926 8719 4776 1419
13474 5388 2903 11912 14237 926 16187 16187 16187 16187 16187 16187 16187 16187 16187 16187
3842 3171 2856 11889 4776 12012 16187 3364 11553 12766 16187 16187 2598 16187 16187 16187
1655 12233 14180 3102 8719 9222 3171 10917 10033 13348 16187 10953 926 8719 4776 1419
926 10242 7740 1959 4776 2563 9431 8258 7740 2696 4776 308 16187 16187 16187 16187
3842 3171 2856 11889 4776 12012 16187 3364 11553 12766 16187 16187 2598 16187 16187 16187
1655 12233 14180 3102 8719 9222 3171 10917 10033 13348 16187 10953 926 8719 4776 1419
8710 926 3841 4032 4990 830 8268 1955 4523 13942 12233 8158 14734 9784 2598 16187
3842 3171 2856 11889 4776 12012 16187 3364 11553 12766 16187 16187 2598 16187 16187 16187
1655 12233 14180 3102 8719 9222 3171 10917 10033 13348 16187 10953 926 8719 4776 1419
15854 4240 15854 16187 16187 16187 16187 16187 16187 16187 16187 16187 16187 16187 16187 16187
3842 3171 2856 11889 4776 12012 16187 3364 11553 12766 16187 16187 2598 16187 16187 16187
1655 12233 14180 3102 8719 9222 3171 10917 10033 13348 16187 10953 926 8719 4776 1419
6259 926 10894 8268 1957 564 16187 16187 16187 16187 16187 16187 16187 16187 16187 16187
3842 3171 2856 11889 4776 12012 16187 3364 11553 12766 16187 16187 2598 16187 16187 16187
1655 12233 14180 3102 8719 9222 3171 10917 10033 13348 16187 10953 926 8719 4776 1419
7740 4537 6930 1390 11742 8268 1378 830 9070 14237 1378 830 12276 1620 3870 16187
3842 3171 2856 11889 4776 12012 16187 3364 11553 12766 16187 16187 2598 16187 16187 16187
1655 12233 14180 3102 8719 9222 3171 10917 10033 13348 16187 10953 926 8719 4776 1419
15389 12260 7001 223 8726 7926 11553 2327 5463 16187 16187 16187 16187 16187 16187 16187
3842 3171 2856 11889 4776 12012 16187 3364 11553 12766 16187 16187 2598 16187 16187 16187
1655 12233 14180 3102 8719 9222 3171 10917 10033 13348 16187 10953 926 8719 4776 1419
7740 8313 8268 13758 14029 13348 16187 16187 16187 16187 16187 16187 16187 16187 16187 16187
3842 3171 2856 11889 4776 12012 16187 3364 11553 12766 16187 16187 2598 16187 16187 16187
1655 12233 14180 3102 8719 9222 3171 10917 10033 13348 16187 10953 926 8719 4776 1419
4776 926 14776 6122 8719 4776 2037 3177 4776 9666 3177 926 2685 16187 16187 16187
3842 3171 2856 11889 4776 12012 16187 3364 11553 12766 16187 16187 2598 16187 16187 16187
1655 12233 14180 3102 8719 9222 3171 10917 10033 13348 16187 10953 926 8719 4776 1419
3171 1543 4776 8811 4245 8268 12008 5329 6188 16187 16187 16187 16187 16187 16187 16187
3842 3171 2856 11889 4776 12012 16187 3364 11553 12766 16187 16187 2598 16187 16187 16187
1655 12233 14180 3102 8719 9222 3171 10917 10033 13348 16187 10953 926 8719 4776 1419
8712 8710 5568 1344 10006 14237 716 405 8268 12576 16187 16187 16187 16187 16187 16187
3842 3171 2856 11889 4776 12012 16187 3364 11553 12766 16187 16187 2598 16187 16187 16187
1655 12233 14180 3102 8719 9222 3171 10917 10033 13348 16187 10953 926 8719 4776 1419
447 830 9455 15658 11889 11153 16187 16187 16187 16187 16187 16187 16187 16187 16187 16187
3842 3171 2856 11889 4776 12012 16187 3364 11553 12766 16187 16187 2598 16187 16187 16187
1655 12233 14180 3102 8719 9222 3171 10917 10033 13348 16187 10953 926 8719 4776 1419
3171 1378 8710 6601 1955 4267 1955 1138 926 10709 5711 13348 16187 16187 16187 16187
3842 3171 2856 11889 4776 12012 16187 3364 11553 12766 16187 16187 2598 16187 16187 16187
1655 12233 14180 3102 8719 9222 3171 10917 10033 13348 16187 10953 926 8719 4776 1419
1711 4776 10033 779 4776 6683 14237 14581 3177 6259 16105 830 5480 4302 16187 16187
3842 3171 2856 11889 4776 12012 16187 3364 11553 12766 16187 16187 2598 16187 16187 16187
1655 12233 14180 3102 8719 9222 3171 10917 10033 13348 16187 10953 926 8719 4776 1419
6013 926 16187 16187 16187 16187 16187 16187 16187 16187 16187 16187 16187 16187 16187 16187
3842 3171 2856 11889 4776 12012 16187 3364 11553 12766 16187 16187 2598 16187 16187 16187
1655 12233 14180 3102 8719 9222 3171 10917 10033 13348 16187 10953 926 8719 4776 1419
4776 9431 10501 3177 4776 10033 7094 13388 14029 11488 16187 16187 16187 16187 16187 16187
3842 3171 2856 11889 4776 12012 16187 3364 11553 12766 16187 16187 2598 16187 16187 16187
1655 12233 14180 3102 8719 9222 3171 10917 10033 13348 16187 10953 926 8719 4776 1419
6826 820 14776 6535 8569 820 8268 6826 4537 11394 8719 2894 8258 14745 16187 16187
3842 3171 2856 11889 4776 12012 16187 3364 11553 12766 16187 16187 2598 16187 16187 16187
1655 12233 14180 3102 8719 9222 3171 10917 10033 13348 16187 10953 926 8719 4776 1419
14237 7926 9084 8712 7742 16187 16187 16187 16187 16187 16187 16187 16187 16187 16187 16187
3842 3171 2856 11889 4776 12012 16187 3364 11553 12766 16187 16187 2598 16187 16187 16187
1655 12233 14180 3102 8719 9222 3171 10917 10033 13348 16187 10953 926 8719 4776 1419
7926 9084 1954 11643 15781 8719 3171 960 16187 16187 16187 16187 16187 16187 16187 16187
3842 3171 2856 11889 4776 12012 16187 3364 11553 12766 16187 16187 2598 16187 16187 16187
1655 12233 14180 3102 8719 9222 3171 10917 10033 13348 16187 10953 926 8719 4776 1419
4776 926 926 1885 5463 4776 9349 8710 5297 14029 4776 6133 16187 16187 16187 16187
3842 3171 2856 11889 4776 12012 16187 3364 11553 12766 16187 16187 2598 16187 16187 16187
1655 12233 14180 3102 8719 9222 3171 10917 10033 13348 16187 10953 926 8719 4776 1419
8710 7926 8069 11912 8268 14043 8710 7926 3037 6286 2598 16187 16187 16187 16187 16187
3842 3171 2856 11889 4776 12012 16187 3364 11553 12766 16187 16187 2598 16187 16187 16187
1655 12233 14180 3102 8719 9222 3171 10917 10033 13348 16187 10953 926 8719 4776 1419
5627 14139 15525 3177 9484 8268 10316 2903 12233 9850 830 926 16187 16187 16187 16187
3842 3171 2856 11889 4776 12012 16187 3364 11553 12766 16187 16187 2598 16187 16187 16187
1655 12233 14180 3102 8719 9222 3171 10917 10033 13348 16187 10953 926 8719 4776 1419
14237 1229 779 1866 16187 16187 16187 16187 16187 16187 16187 16187 16187 16187 16187 16187
3842 3171 2856 11889 4776 12012 16187 3364 11553 12766 16187 16187 2598 16187 16187 16187
1655 12233 14180 3102 8719 9222 3171 10917 10033 13348 16187 10953 926 8719 4776 1419
926 830 4312 8268 6259 9349 8710 1515 12233 9605 4312 10918 1919 15597 7987 16187
3842 3171 2856 11889 4776 12012 16187 3364 11553 12766 16187 16187 2598 16187 16187 16187
1655 12233 14180 3102 8719 9222 3171 10917 10033 13348 16187 10953 926 8719 4776 1419
8712 8710 1378 3177 13093 926 5867 564 16187 16187 16187 16187 16187 16187 16187 16187
3842 3171 2856 11889 4776 12012 16187 3364 11553 12766 16187 16187 2598 16187 16187 16187
1655 12233 14180 3102 8719 9222 3171 10917 10033 13348 16187 10953 926 8719 4776 1419
4776 14596 8710 2987 8268 15662 12232 4325 159 3171 9290 8719 1954 10192 2598 16187
3842 3171 2856 11889 4776 12012 16187 3364 11553 12766 16187 16187 2598 16187 16187 16187
1655 12233 14180 3102 8719 9222 3171 10917 10033 13348 16187 10953 926 8719 4776 1419
6297 8268 7740 9084 9754 9429 8712 4931 14180 5463 3098 16187 16187 16187 16187 16187
3842 3171 2856 11889 4776 12012 16187 3364 11553 12766 16187 16187 2598 16187 16187 16187
1655 12233 14180 3102 8719 9222 3171 10917 10033 13348 16187 10953 926 8719 4776 1419
5807 11953 4312 11789 3112 9070 188 12233 5907 2903 16187 16187 16187 16187 16187 16187
3842 3171 2856 11889 4776 12012 16187 3364 11553 12766 16187 16187 2598 16187 16187 16187
1655 12233 14180 3102 8719 9222 3171 10917 10033 13348 16187 10953 926 8719 4776 1419
1019 3418 14139 14139 15525 3177 9484 6173 3171 8710 6259 2563 11953 12102 13348 16187
3842 3171 2856 11889 4776 12012 16187 3364 11553 12766 16187 16187 2598 16187 16187 16187
1655 12233 14180 3102 8719 9222 3171 10917 10033 13348 16187 10953 926 8719 4776 1419
12008 3171 10033 4931 5442 9684 16187 16187 16187 16187 16187 16187 16187 16187 16187 16187
3842 3171 2856 11889 4776 12012 16187 3364 11553 12766 16187 16187 2598 16187 16187 16187
1655 12233 14180 3102 8719 9222 3171 10917 10033 13348 16187 10953 926 8719 4776 1419
926 13348 16187 16187 16187 16187 16187 16187 16187 16187 16187 16187 16187 16187 16187 16187
3842 3171 2856 11889 4776 12012 16187 3364 11553 12766 16187 16187 2598 16187 16187 16187
1655 12233 14180 3102 8719 9222 3171 10917 10033 13348 16187 10953 926 8719 4776 1419
7740 926 6826 3177 3171 11039 8268 15741 8712 779 6259 8794 3208 2400 16187 16187
3842 3171 2856 11889 4776 12012 16187 3364 11553 12766 16187 16187 2598 16187 16187 16187
1655 12233 14180 3102 8719 9222 3171 10917 10033 13348 16187 10953 926 8719 4776 1419
926 1644 14691 12233 4552 1919 14734 2458 1229 926 13959 14745 1919 926 16187 16187
3842 3171 2856 11889 4776 12012 16187 3364 11553 12766 16187 16187 2598 16187 16187 16187
1655 12233 14180 3102 8719 9222 3171 10917 10033 13348 16187 10953 926 8719 4776 1419
13797 4776 12545 15323 8710 3335 16187 16187 16187 16187 16187 16187 16187 16187 16187 16187
3842 3171 2856 11889 4776 12012 16187 3364 11553 12766 16187 16187 2598 16187 16187 16187
1655 12233 14180 3102 8719 9222 3171 10917 10033 13348 16187 10953 926 8719 4776 1419
4311 4624 9605 12233 926 11367 14237 4776 2563 12767 13623 12911 16187 16187 16187 16187
3842 3171 2856 11889 4776 12012 16187 3364 11553 12766 16187 16187 2598 16187 16187 16187
1655 12233 14180 3102 8719 9222 3171 10917 10033 13348 16187 10953 926 8719 4776 1419
4776 13555 779 13758 2097 6538 8268 10442 1919 926 5867 926 16187 16187 16187 16187
3842 3171 2856 11889 4776 12012 16187 3364 11553 12766 16187 16187 2598 16187 16187 16187
1655 12233 14180 3102 8719 9222 3171 10917 10033 13348 16187 10953 926 8719 4776 1419
15715 926 13348 16187 16187 16187 16187 16187 16187 16187 16187 16187 16187 16187 16187 16187
3842 3171 2856 11889 4776 12012 16187 3364 11553 12766 16187 16187 2598 16187 16187 16187
1655 12233 14180 3102 8719 9222 3171 10917 10033 13348 16187 10953 926 8719 4776 1419
8726 14069 14776 11191 899 1919 8712 8268 1229 2823 8712 12008 5329 830 9070 16187
3842 3171 2856 11889 4776 12012 16187 3364 11553 12766 16187 16187 2598 16187 16187 16187
1655 12233 14180 3102 8719 9222 3171 10917 10033 13348 16187 10953 926 8719 4776 1419
926 926 8710 926 16187 16187 16187 16187 16187 16187 16187 16187 16187 16187 16187 16187
3842 3171 2856 11889 4776 12012 16187 3364 11553 12766 16187 16187 2598 16187 16187 16187
1655 12233 14180 3102 8719 9222 3171 10917 10033 13348 16187 10953 926 8719 4776 1419
2962 16187 16187 16187 16187 16187 16187 16187 16187 16187 16187 16187 16187 16187 16187 16187
3842 3171 2856 11889 4776 12012 16187 3364 11553 12766 16187 16187 2598 16187 16187 16187
1655 12233 14180 3102 8719 9222 3171 10917 10033 13348 16187 10953 926 8719 4776 1419
3171 2563 771 15819 11434 3177 4776 926 4194 2313 16187 16187 16187 16187 16187 16187
3842 3171 2856 11889 4776 12012 16187 3364 11553 12766 16187 16187 2598 16187 16187 16187
1655 12233 14180 3102 8719 9222 3171 10917 10033 13348 16187 10953 926 8719 4776 1419
7926 8710 11953 12233 7812 14734 643 926 14237 14734 8899 16187 16187 16187 16187 16187
3842 3171 2856 11889 4776 12012 16187 3364 11553 12766 16187 16187 2598 16187 16187 16187
1655 12233 14180 3102 8719 9222 3171 10917 10033 13348 16187 10953 926 8719 4776 1419
5329 1955 8569 1955 6826 820 1436 16187 16187 16187 16187 16187 16187 16187 16187 16187
3842 3171 2856 11889 4776 12012 16187 3364 11553 12766 16187 16187 2598 16187 16187 16187
1655 12233 14180 3102 8719 9222 3171 10917 10033 13348 16187 10953 926 8719 4776 1419
4776 16003 954 16187 16187 16187 16187 16187 16187 16187 16187 16187 16187 16187 16187 16187
3842 3171 2856 11889 4776 12012 16187 3364 11553 12766 16187 16187 2598 16187 16187 16187
1655 12233 14180 3102 8719 9222 3171 10917 10033 13348 16187 10953 926 8719 4776 1419
9576 7926 12515 14734 16058 643 4240 4776 10480 830 12422 5568 14352 14272 14833 16187
3842 3171 2856 11889 4776 12012 16187 3364 11553 12766 16187 16187 2598 16187 16187 16187
1655 12233 14180 3102 8719 9222 3171 10917 10033 13348 16187 10953 926 8719 4776 1419
7742 8268 7740 1951 91 7032 6011 5329 12233 6407 15525 16187 16187 16187 16187 16187
3842 3171 2856 11889 4776 12012 16187 3364 11553 12766 16187 16187 2598 16187 16187 16187
1655 12233 14180 3102 8719 9222 3171 10917 10033 13348 16187 10953 926 8719 4776 1419
7740 8154 3171 12233 10671 3177 4776 10983 14237 4776 13035 16187 16187 16187 16187 16187
3842 3171 2856 11889 4776 12012 16187 3364 11553 12766 16187 16187 2598 16187 16187 16187
1655 12233 14180 3102 8719 9222 3171 10917 10033 13348 16187 10953 926 8719 4776 1419
4776 10583 8710 4546 14237 4776 9511 14776 7742 10471 16187 16187 16187 16187 16187 16187
3842 3171 2856 11889 4776 12012 16187 3364 11553 12766 16187 16187 2598 16187 16187 16187
1655 12233 14180 3102 8719 9222 3171 10917 10033 13348 16187 10953 926 8719 4776 1419
9431 3748 4776 2601 9496 9424 16187 16187 16187 16187 16187 16187 16187 16187 16187 16187
3842 3171 2856 11889 4776 12012 16187 3364 11553 12766 16187 16187 2598 16187 16187 16187
1655 12233 14180 3102 8719 9222 3171 10917 10033 13348 16187 10953 926 8719 4776 1419
7740 926 8712 3171 926 16187 16187 16187 16187 16187 16187 16187 16187 16187 16187 16187
3842 3171 2856 11889 4776 12012 16187 3364 11553 12766 16187 16187 2598 16187 16187 16187
1655 12233 14180 3102 8719 9222 3171 10917 10033 13348 16187 10953 926 8719 4776 1419
2903 8719 4776 15933 13348 16187 16187 16187 16187 16187 16187 16187 16187 16187 16187 16187
3842 3171 2856 11889 4776 12012 16187 3364 11553 12766 16187 16187 2598 16187 16187 16187
1655 12233 14180 3102 8719 9222 3171 10917 10033 13348 16187 10953 926 8719 4776 1419
1138 926 5711 3388 3171 15526 926 16187 16187 16187 16187 16187 16187 16187 16187 16187
3842 3171 2856 11889 4776 12012 16187 3364 11553 12766 16187 16187 2598 16187 16187 16187
1655 12233 14180 3102 8719 9222 3171 10917 10033 13348 16187 10953 926 8719 4776 1419
7926 6159 8223 11946 7926 8710 2429 6259 12715 14237 3790 9290 16187 16187 16187 16187
3842 3171 2856 11889 4776 12012 16187 3364 11553 12766 16187 16187 2598 16187 16187 16187
1655 12233 14180 3102 8719 9222 3171 10917 10033 13348 16187 10953 926 8719 4776 1419
926 1439 7076 3748 7661 3177 4312 8719 1486 5463 3112 4776 15518 9332 16187 16187
3842 3171 2856 11889 4776 12012 16187 3364 11553 12766 16187 16187 2598 16187 16187 16187
1655 12233 14180 3102 8719 9222 3171 10917 10033 13348 16187 10953 926 8719 4776 1419
3177 1245 8268 1856 14237 7998 5867 14506 8710 4776 926 3177 3171 10033 16187 16187
3842 3171 2856 11889 4776 12012 16187 3364 11553 12766 16187 16187 2598 16187 16187 16187
1655 12233 14180 3102 8719 9222 3171 10917 10033 13348 16187 10953 926 8719 4776 1419
7740 968 7676 3171 1378 2903 830 3537 6094 14237 113 2974 7544 8317 5568 16187
3842 3171 2856 11889 4776 12012 16187 3364 11553 12766 16187 16187 2598 16187 16187 16187
1655 12233 14180 3102 8719 9222 3171 10917 10033 13348 16187 10953 926 8719 4776 1419
4776 15096 6801 4931 6259 6070 4231 14596 12008 771 6259 6070 8622 8521 16187 16187
3842 3171 2856 11889 4776 12012 16187 3364 11553 12766 16187 16187 2598 16187 16187 16187
1655 12233 14180 3102 8719 9222 3171 10917 10033 13348 16187 10953 926 8719 4776 1419
9850 4776 9385 926 4776 9339 12835 16187 16187 16187 16187 16187 16187 16187 16187 16187
3842 3171 2856 11889 4776 12012 16187 3364 11553 12766 16187 16187 2598 16187 16187 16187
1655 12233 14180 3102 8719 9222 3171 10917 10033 13348 16187 10953 926 8719 4776 1419
9290 7740 12102 4776 14255 2894 10265 14029 5713 9216 16187 16187 16187 16187 16187 16187
3842 3171 2856 11889 4776 12012 16187 3364 11553 12766 16187 16187 2598 16187 16187 16187
1655 12233 14180 3102 8719 9222 3171 10917 10033 13348 16187 10953 926 8719 4776 1419
4776 10709 8710 7652 820 11889 926 14237 14272 4552 6011 14518 8719 5736 2598 16187
3842 3171 2856 11889 4776 12012 16187 3364 11553 12766 16187 16187 2598 16187 16187 16187
1655 12233 14180 3102 8719 9222 3171 10917 10033 13348 16187 10953 926 8719 4776 1419
3171 2563 3543 2823 8466 830 5430 8719 4269 12233 4261 8712 16187 16187 16187 16187
3842 3171 2856 11889 4776 12012 16187 3364 11553 12766 16187 16187 2598 16187 16187 16187
1655 12233 14180 3102 8719 9222 3171 10917 10033 13348 16187 10953 926 8719 4776 1419
3171 2563 4931 926 11063 14237 14231 16187 16187 16187 16187 16187 16187 16187 16187 16187
3842 3171 2856 11889 4776 12012 16187 3364 11553 12766 16187 16187 2598 16187 16187 16187
1655 12233 14180 3102 8719 9222 3171 10917 10033 13348 16187 10953 926 8719 4776 1419
926 8268 4776 3011 2053 926 9498 4103 8268 4931 5329 15174 16187 16187 16187 16187
3842 3171 2856 11889 4776 12012 16187 3364 11553 12766 16187 16187 2598 16187 16187 16187
1655 12233 14180 3102 8719 9222 3171 10917 10033 13348 16187 10953 926 8719 4776 1419
1885 954 4931 12317 14237 13474 9084 9754 926 7410 16187 16187 16187 16187 16187 16187
3842 3171 2856 11889 4776 12012 16187 3364 11553 12766 16187 16187 2598 16187 16187 16187
1655 12233 14180 3102 8719 9222 3171 10917 10033 13348 16187 10953 926 8719 4776 1419
5812 15202 7001 12790 12650 8712 7740 8197 10619 9484 16187 16187 16187 16187 16187 16187
3842 3171 2856 11889 4776 12012 16187 3364 11553 12766 16187 16187 2598 16187 16187 16187
1655 12233 14180 3102 8719 9222 3171 10917 10033 13348 16187 10953 926 8719 4776 1419
926 8710 8719 14734 3235 1955 4776 8569 5095 16187 16187 16187 16187 16187 16187 16187
3842 3171 2856 11889 4776 12012 16187 3364 11553 12766 16187 16187 2598 16187 16187 16187
1655 12233 14180 3102 8719 9222 3171 10917 10033 13348 16187 10953 926 8719 4776 1419
8069 14219 8710 5463 3011 1726 9441 14776 926 5713 12835 16187 16187 16187 16187 16187
3842 3171 2856 11889 4776 12012 16187 3364 11553 12766 16187 16187 2598 16187 16187 16187
1655 12233 14180 3102 8719 9222 3171 10917 10033 13348 16187 10953 926 8719 4776 1419
7926 5867 6259 5095 5463 7740 3364 2823 10355 7981 1919 16187 16187 16187 16187 16187
3842 3171 2856 11889 4776 12012 16187 3364 11553 12766 16187 16187 2598 16187 16187 16187
1655 12233 14180 3102 8719 9222 3171 10917 10033 13348 16187 10953 926 8719 4776 1419
7740 11889 5463 4776 1419 11434 8710 5329 6259 926 6503 1383 5463 1597 926 16187
3842 3171 2856 11889 4776 12012 16187 3364 11553 12766 16187 16187 2598 16187 16187 16187
1655 12233 14180 3102 8719 9222 3171 10917 10033 13348 16187 10953 926 8719 4776 1419
8712 3364 14237 7508 3543 11553 12766 926 16187 16187 16187 16187 16187 16187 16187 16187
3842 3171 2856 11889 4776 12012 16187 3364 11553 12766 16187 16187 2598 16187 16187 16187
1655 12233 14180 3102 8719 9222 3171 10917 10033 13348 16187 10953 926 8719 4776 1419
5463 5867 8712 16187 16187 16187 16187 16187 16187 16187 16187 16187 16187 16187 16187 16187
3842 3171 2856 11889 4776 12012 16187 3364 11553 12766 16187 16187 2598 16187 16187 16187
1655 12233 14180 3102 8719 9222 3171 10917 10033 13348 16187 10953 926 8719 4776 1419
6259 926 2598 16187 16187 16187 16187 16187 16187 16187 16187 16187 16187 16187 16187 16187
3842 3171 2856 11889 4776 12012 16187 3364 11553 12766 16187 16187 2598 16187 16187 16187
1655 12233 14180 3102 8719 9222 3171 10917 10033 13348 16187 10953 926 8719 4776 1419
13907 8685 8268 14180 14776 889 14237 13768 16187 16187 16187 16187 16187 16187 16187 16187
3842 3171 2856 11889 4776 12012 16187 3364 11553 12766 16187 16187 2598 16187 16187 16187
1655 12233 14180 3102 8719 9222 3171 10917 10033 13348 16187 10953 926 8719 4776 1419
3171 4393 6259 6070 47 11063 12805 16187 16187 16187 16187 16187 16187 16187 16187 16187
3842 3171 2856 11889 4776 12012 16187 3364 11553 12766 16187 16187 2598 16187 16187 16187
1655 12233 14180 3102 8719 9222 3171 10917 10033 13348 16187 10953 926 8719 4776 1419
4776 9790 9424 13216 830 1866 16187 16187 16187 16187 16187 16187 16187 16187 16187 16187
3842 3171 2856 11889 4776 12012 16187 3364 11553 12766 16187 16187 2598 16187 16187 16187
1655 12233 14180 3102 8719 9222 3171 10917 10033 13348 16187 10953 926 8719 4776 1419
4776 9887 350 8712 2903 16187 16187 16187 16187 16187 16187 16187 16187 16187 16187 16187
3842 3171 2856 11889 4776 12012 16187 3364 11553 12766 16187 16187 2598 16187 16187 16187
1655 12233 14180 3102 8719 9222 3171 10917 10033 13348 16187 10953 926 8719 4776 1419
6011 188 6259 8974 6071 10686 8268 2552 5562 16187 16187 16187 16187 16187 16187 16187
3842 3171 2856 11889 4776 12012 16187 3364 11553 12766 16187 16187 2598 16187 16187 16187
1655 12233 14180 3102 8719 9222 3171 10917 10033 13348 16187 10953 926 8719 4776 1419
15649 5389 16105 9070 9640 1138 14272 8726 5711 8069 2148 16187 16187 16187 16187 16187
3842 3171 2856 11889 4776 12012 16187 3364 11553 12766 16187 16187 2598 16187 16187 16187
1655 12233 14180 3102 8719 9222 3171 10917 10033 13348 16187 10953 926 8719 4776 1419
8815 5937 9831 16187 16187 16187 16187 16187 16187 16187 16187 16187 16187 16187 16187 16187
3842 3171 2856 11889 4776 12012 16187 3364 11553 12766 16187 16187 2598 16187 16187 16187
1655 12233 14180 3102 8719 9222 3171 10917 10033 13348 16187 10953 926 8719 4776 1419
8712 12232 8733 2191 4311 12233 5174 1543 4776 12956 8710 3175 8268 816 2598 16187
3842 3171 2856 11889 4776 12012 16187 3364 11553 12766 16187 16187 2598 16187 16187 16187
1655 12233 14180 3102 8719 9222 3171 10917 10033 13348 16187 10953 926 8719 4776 1419
5329 3171 10033 16187 16187 16187 16187 16187 16187 16187 16187 16187 16187 16187 16187 16187
3842 3171 2856 11889 4776 12012 16187 3364 11553 12766 16187 16187 2598 16187 16187 16187
1655 12233 14180 3102 8719 9222 3171 10917 10033 13348 16187 10953 926 8719 4776 1419
8726 15715 3171 3847 9754 4320 5937 5217 8268 6011 12260 11553 13084 5217 16187 16187
3842 3171 2856 11889 4776 12012 16187 3364 11553 12766 16187 16187 2598 16187 16187 16187
1655 12233 14180 3102 8719 9222 3171 10917 10033 13348 16187 10953 926 8719 4776 1419
926 4647 7740 4628 9754 10838 983 2585 4859 8719 12051 16187 16187 16187 16187 16187
3842 3171 2856 11889 4776 12012 16187 3364 11553 12766 16187 16187 2598 16187 16187 16187
1655 12233 14180 3102 8719 9222 3171 10917 10033 13348 16187 10953 926 8719 4776 1419
91 8710 12276 3320 2894 4311 16187 16187 16187 16187 16187 16187 16187 16187 16187 16187
3842 3171 2856 11889 4776 12012 16187 3364 11553 12766 16187 16187 2598 16187 16187 16187
1655 12233 14180 3102 8719 9222 3171 10917 10033 13348 16187 10953 926 8719 4776 1419
3171 2563 4931 9754 10355 8268 7740 11789 9004 5611 6550 8712 16187 16187 16187 16187
3842 3171 2856 11889 4776 12012 16187 3364 11553 12766 16187 16187 2598 16187 16187 16187
1655 12233 14180 3102 8719 9222 3171 10917 10033 13348 16187 10953 926 8719 4776 1419
547 3171 10033 8719 13592 16146 3531 14237 8712 12232 2823 1260 12233 926 16187 16187
3842 3171 2856 11889 4776 12012 16187 3364 11553 12766 16187 16187 2598 16187 16187 16187
1655 12233 14180 3102 8719 9222 3171 10917 10033 13348 16187 10953 926 8719 4776 1419
926 926 11331 10967 8331 8710 13084 13209 830 6297 1750 8622 16187 16187 16187 16187
3842 3171 2856 11889 4776 12012 16187 3364 11553 12766 16187 16187 2598 16187 16187 16187
1655 12233 14180 3102 8719 9222 3171 10917 10033 13348 16187 10953 926 8719 4776 1419
203 4776 6286 3847 6259 926 16148 11830 11889 926 9605 8693 6259 10033 12192 16187
3842 3171 2856 11889 4776 12012 16187 3364 11553 12766 16187 16187 2598 16187 16187 16187
1655 12233 14180 3102 8719 9222 3171 10917 10033 13348 16187 10953 926 8719 4776 1419
3171 16105 14745 10770 12233 12650 16187 16187 16187 16187 16187 16187 16187 16187 16187 16187
3842 3171 2856 11889 4776 12012 16187 3364 11553 12766 16187 16187 2598 16187 16187 16187
1655 12233 14180 3102 8719 9222 3171 10917 10033 13348 16187 10953 926 8719 4776 1419
5359 8268 816 16187 16187 16187 16187 16187 16187 16187 16187 16187 16187 16187 16187 16187
3842 3171 2856 11889 4776 12012 16187 3364 11553 12766 16187 16187 2598 16187 16187 16187
1655 12233 14180 3102 8719 9222 3171 10917 10033 13348 16187 10953 926 8719 4776 1419
1209 16187 16187 16187 16187 16187 16187 16187 16187 16187 16187 16187 16187 16187 16187 16187
3842 3171 2856 11889 4776 12012 16187 3364 11553 12766 16187 16187 2598 16187 16187 16187
1655 12233 14180 3102 8719 9222 3171 10917 10033 13348 16187 10953 926 8719 4776 1419
3171 3249 4931 6259 5948 8270 4311 7740 6310 16187 16187 16187 16187 16187 16187 16187
3842 3171 2856 11889 4776 12012 16187 3364 11553 12766 16187 16187 2598 16187 16187 16187
1655 12233 14180 3102 8719 9222 3171 10917 10033 13348 16187 10953 926 8719 4776 1419
13825 13461 12233 1453 12349 4776 1787 1919 6259 16067 202 16187 16187 16187 16187 16187
3842 3171 2856 11889 4776 12012 16187 3364 11553 12766 16187 16187 2598 16187 16187 16187
1655 12233 14180 3102 8719 9222 3171 10917 10033 13348 16187 10953 926 8719 4776 1419
8258 16041 926 2837 6259 926 16187 16187 16187 16187 16187 16187 16187 16187 16187 16187
3842 3171 2856 11889 4776 12012 16187 3364 11553 12766 16187 16187 2598 16187 16187 16187
1655 12233 14180 3102 8719 9222 3171 10917 10033 13348 16187 10953 926 8719 4776 1419
830 5463 8712 5867 1344 11925 14237 2997 16187 16187 16187 16187 16187 16187 16187 16187
3842 3171 2856 11889 4776 12012 16187 3364 11553 12766 16187 16187 2598 16187 16187 16187
1655 12233 14180 3102 8719 9222 3171 10917 10033 13348 16187 10953 926 8719 4776 1419
12008 13089 7926 8746 926 14734 12388 8710 12767 7723 16187 16187 16187 16187 16187 16187
3842 3171 2856 11889 4776 12012 16187 3364 11553 12766 16187 16187 2598 16187 16187 16187
1655 12233 14180 3102 8719 9222 3171 10917 10033 13348 16187 10953 926 8719 4776 1419
4776 501 6124 10967 3171 10033 14776 4853 14237 13792 12233 1436 4776 14589 16187 16187
3842 3171 2856 11889 4776 12012 16187 3364 11553 12766 16187 16187 2598 16187 16187 16187
1655 12233 14180 3102 8719 9222 3171 10917 10033 13348 16187 10953 926 8719 4776 1419
6173 16187 16187 16187 16187 16187 16187 16187 16187 16187 16187 16187 16187 16187 16187 16187
3842 3171 2856 11889 4776 12012 16187 3364 11553 12766 16187 16187 2598 16187 16187 16187
1655 12233 14180 3102 8719 9222 3171 10917 10033 13348 16187 10953 926 8719 4776 1419
4325 4552 9754 8733 4312 11889 3171 6713 15978 4325 8093 9084 16187 16187 16187 16187
3842 3171 2856 11889 4776 12012 16187 3364 11553 12766 16187 16187 2598 16187 16187 16187
1655 12233 14180 3102 8719 9222 3171 10917 10033 13348 16187 10953 926 8719 4776 1419
12276 926 8710 11582 16187 16187 16187 16187 16187 16187 16187 16187 16187 16187 16187 16187
3842 3171 2856 11889 4776 12012 16187 3364 11553 12766 16187 16187 2598 16187 16187 16187
1655 12233 14180 3102 8719 9222 3171 10917 10033 13348 16187 10953 926 8719 4776 1419
14272 8710 8712 1919 5713 11222 2598 16187 16187 16187 16187 16187 16187 16187 16187 16187
3842 3171 2856 11889 4776 12012 16187 3364 11553 12766 16187 16187 2598 16187 16187 16187
1655 12233 14180 3102 8719 9222 3171 10917 10033 13348 16187 10953 926 8719 4776 1419
2429 4776 308 8470 15520 6215 16187 16187 16187 16187 16187 16187 16187 16187 16187 16187
3842 3171 2856 11889 4776 12012 16187 3364 11553 12766 16187 16187 2598 16187 16187 16187
1655 12233 14180 3102 8719 9222 3171 10917 10033 13348 16187 10953 926 8719 4776 1419
12495 1597 12835 12233 14192 14237 12495 630 9015 16187 16187 16187 16187 16187 16187 16187
3842 3171 2856 11889 4776 12012 16187 3364 11553 12766 16187 16187 2598 16187 16187 16187
1655 12233 14180 3102 8719 9222 3171 10917 10033 13348 16187 10953 926 8719 4776 1419
14467 1083 2102 926 4537 1955 7393 1955 4776 1754 3177 4776 2946 4552 4889 16187
3842 3171 2856 11889 4776 12012 16187 3364 11553 12766 16187 16187 2598 16187 16187 16187
1655 12233 14180 3102 8719 9222 3171 10917 10033 13348 16187 10953 926 8719 4776 1419
7740 2383 5463 1885 926 879 1885 926 16187 16187 16187 16187 16187 16187 16187 16187
3842 3171 2856 11889 4776 12012 16187 3364 11553 12766 16187 16187 2598 16187 16187 16187
1655 12233 14180 3102 8719 9222 3171 10917 10033 13348 16187 10953 926 8719 4776 1419
6259 10355 7937 3177 7314 14237 447 830 4421 8948 10671 16187 16187 16187 16187 16187
3842 3171 2856 11889 4776 12012 16187 3364 11553 12766 16187 16187 2598 16187 16187 16187
1655 12233 14180 3102 8719 9222 3171 10917 10033 13348 16187 10953 926 8719 4776 1419
12716 4325 14776 5329 926 8719 13592 4927 16187 16187 16187 16187 16187 16187 16187 16187
3842 3171 2856 11889 4776 12012 16187 3364 11553 12766 16187 16187 2598 16187 16187 16187
1655 12233 14180 3102 8719 9222 3171 10917 10033 13348 16187 10953 926 8719 4776 1419
5329 10399 12233 10503 3171 4931 3641 3251 2837 11854 16187 16187 16187 16187 16187 16187
3842 3171 2856 11889 4776 12012 16187 3364 11553 12766 16187 16187 2598 16187 16187 16187
1655 12233 14180 3102 8719 9222 3171 10917 10033 13348 16187 10953 926 8719 4776 1419
926 8268 13250 16187 16187 16187 16187 16187 16187 16187 16187 16187 16187 16187 16187 16187
3842 3171 2856 11889 4776 12012 16187 3364 11553 12766 16187 16187 2598 16187 16187 16187
1655 12233 14180 3102 8719 9222 3171 10917 10033 13348 16187 10953 926 8719 4776 1419
12495 8569 8268 15978 8712 3364 11553 12766 6259 5948 2148 16187 16187 16187 16187 16187
3842 3171 2856 11889 4776 12012 16187 3364 11553 12766 16187 16187 2598 16187 16187 16187
1655 12233 14180 3102 8719 9222 3171 10917 10033 13348 16187 10953 926 8719 4776 1419
3171 10033 11842 6259 4091 6688 16187 16187 16187 16187 16187 16187 16187 16187 16187 16187
3842 3171 2856 11889 4776 12012 16187 3364 11553 12766 16187 16187 2598 16187 16187 16187
1655 12233 14180 3102 8719 9222 3171 10917 10033 13348 16187 10953 926 8719 4776 1419
12008 14180 8719 14180 8268 6259 6535 10355 2122 10033 16187 16187 16187 16187 16187 16187
3842 3171 2856 11889 4776 12012 16187 3364 11553 12766 16187 16187 2598 16187 16187 16187
1655 12233 14180 3102 8719 9222 3171 10917 10033 13348 16187 10953 926 8719 4776 1419
11834 8268 926 15452 6070 15291 16187 16187 16187 16187 16187 16187 16187 16187 16187 16187
3842 3171 2856 11889 4776 12012 16187 3364 11553 12766 16187 16187 2598 16187 16187 16187
1655 12233 14180 3102 8719 9222 3171 10917 10033 13348 16187 10953 926 8719 4776 1419
7740 4142 8154 3171 2563 16187 16187 16187 16187 16187 16187 16187 16187 16187 16187 16187
3842 3171 2856 11889 4776 12012 16187 3364 11553 12766 16187 16187 2598 16187 16187 16187
1655 12233 14180 3102 8719 9222 3171 10917 10033 13348 16187 10953 926 8719 4776 1419
13474 5867 6626 8268 6140 14237 1090 16187 16187 16187 16187 16187 16187 16187 16187 16187
3842 3171 2856 11889 4776 12012 16187 3364 11553 12766 16187 16187 2598 16187 16187 16187
1655 12233 14180 3102 8719 9222 3171 10917 10033 13348 16187 10953 926 8719 4776 1419
4537 15202 6011 968 11889 4312 12233 14165 8719 7661 16187 16187 16187 16187 16187 16187
3842 3171 2856 11889 4776 12012 16187 3364 11553 12766 16187 16187 2598 16187 16187 16187
1655 12233 14180 3102 8719 9222 3171 10917 10033 13348 16187 10953 926 8719 4776 1419
6748 9743 820 196 11953 4776 3078 9429 4325 3364 4552 6259 8270 15781 16187 16187
3842 3171 2856 11889 4776 12012 16187 3364 11553 12766 16187 16187 2598 16187 16187 16187
1655 12233 14180 3102 8719 9222 3171 10917 10033 13348 16187 10953 926 8719 4776 1419
9296 8712 15846 16187 16187 16187 16187 16187 16187 16187 16187 16187 16187 16187 16187 16187
3842 3171 2856 11889 4776 12012 16187 3364 11553 12766 16187 16187 2598 16187 16187 16187
1655 12233 14180 3102 8719 9222 3171 10917 10033 13348 16187 10953 926 8719 4776 1419
779 5530 7723 5463 8712 4931 15202 6259 2970 3177 926 2598 16187 16187 16187 16187
3842 3171 2856 11889 4776 12012 16187 3364 11553 12766 16187 16187 2598 16187 16187 16187
1655 12233 14180 3102 8719 9222 3171 10917 10033 13348 16187 10953 926 8719 4776 1419
926 926 8710 6259 3098 14596 8268 14237 5463 5867 14272 7740 11889 11953 8712 16187
3842 3171 2856 11889 4776 12012 16187 3364 11553 12766 16187 16187 2598 16187 16187 16187
1655 12233 14180 3102 8719 9222 3171 10917 10033 13348 16187 10953 926 8719 4776 1419
15658 5682 8726 8712 4552 9754 8733 2191 13348 13348 13348 16187 16187 16187 16187 16187
3842 3171 2856 11889 4776 12012 16187 3364 11553 12766 16187 16187 2598 16187 16187 16187
1655 12233 14180 3102 8719 9222 3171 10917 10033 13348 16187 10953 926 8719 4776 1419
7740 11530 8712 16187 16187 16187 16187 16187 16187 16187 16187 16187 16187 16187 16187 16187
3842 3171 2856 11889 4776 12012 16187 3364 11553 12766 16187 16187 2598 16187 16187 16187
1655 12233 14180 3102 8719 9222 3171 10917 10033 13348 16187 10953 926 8719 4776 1419
2053 926 3994 8710 6929 12233 6259 300 6705 12233 13938 2903 16187 16187 16187 16187
3842 3171 2856 11889 4776 12012 16187 3364 11553 12766 16187 16187 2598 16187 16187 16187
1655 12233 14180 3102 8719 9222 3171 10917 10033 13348 16187 10953 926 8719 4776 1419
10355 9424 16187 16187 16187 16187 16187 16187 16187 16187 16187 16187 16187 16187 16187 16187
3842 3171 2856 11889 4776 12012 16187 3364 11553 12766 16187 16187 2598 16187 16187 16187
1655 12233 14180 3102 8719 9222 3171 10917 10033 13348 16187 10953 926 8719 4776 1419
4776 100 6683 8268 9311 8268 14237 1865 11889 5820 13720 10051 16187 16187 16187 16187
3842 3171 2856 11889 4776 12012 16187 3364 11553 12766 16187 16187 2598 16187 16187 16187
1655 12233 14180 3102 8719 9222 3171 10917 10033 13348 16187 10953 926 8719 4776 1419
6173 14734 2752 2598 16187 16187 16187 16187 16187 16187 16187 16187 16187 16187 16187 16187
3842 3171 2856 11889 4776 12012 16187 3364 11553 12766 16187 16187 2598 16187 16187 16187
1655 12233 14180 3102 8719 9222 3171 10917 10033 13348 16187 10953 926 8719 4776 1419
14069 8710 14691 11162 11953 8712 8268 12654 2263 5947 7610 9431 1865 16187 16187 16187
3842 3171 2856 11889 4776 12012 16187 3364 11553 12766 16187 16187 2598 16187 16187 16187
1655 12233 14180 3102 8719 9222 3171 10917 10033 13348 16187 10953 926 8719 4776 1419
4776 13498 13103 8710 1878 11022 2837 926 7099 4776 14537 4384 4231 926 16187 16187
3842 3171 2856 11889 4776 12012 16187 3364 11553 12766 16187 16187 2598 16187 16187 16187
1655 12233 14180 3102 8719 9222 3171 10917 10033 13348 16187 10953 926 8719 4776 1419
13474 12232 8733 926 15237 5867 15387 2526 16187 16187 16187 16187 16187 16187 16187 16187
3842 3171 2856 11889 4776 12012 16187 3364 11553 12766 16187 16187 2598 16187 16187 16187
1655 12233 14180 3102 8719 9222 3171 10917 10033 13348 16187 10953 926 8719 4776 1419
8710 14069 4856 8719 3171 10033 2598 16187 16187 16187 16187 16187 16187 16187 16187 16187
3842 3171 2856 11889 4776 12012 16187 3364 11553 12766 16187 16187 2598 16187 16187 16187
1655 12233 14180 3102 8719 9222 3171 10917 10033 13348 16187 10953 926 8719 4776 1419
4325 8733 3171 10033 6826 14272 2148 5812 9850 15525 3177 9484 16187 16187 16187 16187
3842 3171 2856 11889 4776 12012 16187 3364 11553 12766 16187 16187 2598 16187 16187 16187
1655 12233 14180 3102 8719 9222 3171 10917 10033 13348 16187 10953 926 8719 4776 1419
14734 3910 8793 2858 11663 1957 14734 14164 16187 16187 16187 16187 16187 16187 16187 16187
3842 3171 2856 11889 4776 12012 16187 3364 11553 12766 16187 16187 2598 16187 16187 16187
1655 12233 14180 3102 8719 9222 3171 10917 10033 13348 16187 10953 926 8719 4776 1419
11191 11720 14029 4776 15798 3177 4776 10033 2905 16187 16187 16187 16187 16187 16187 16187
3842 3171 2856 11889 4776 12012 16187 3364 11553 12766 16187 16187 2598 16187 16187 16187
1655 12233 14180 3102 8719 9222 3171 10917 10033 13348 16187 10953 926 8719 4776 1419
4537 5272 12233 8733 6259 926 4240 15715 8712 16187 16187 16187 16187 16187 16187 16187
3842 3171 2856 11889 4776 12012 16187 3364 11553 12766 16187 16187 2598 16187 16187 16187
1655 12233 14180 3102 8719 9222 3171 10917 10033 13348 16187 10953 926 8719 4776 1419
7926 8710 6259 7594 950 14237 5329 15940 1957 14180 16187 16187 16187 16187 16187 16187
3842 3171 2856 11889 4776 12012 16187 3364 11553 12766 16187 16187 2598 16187 16187 16187
1655 12233 14180 3102 8719 9222 3171 10917 10033 13348 16187 10953 926 8719 4776 1419
4776 14599 8710 437 14237 11063 2780 8268 4776 5837 3177 8712 8710 9392 16187 16187
3842 3171 2856 11889 4776 12012 16187 3364 11553 12766 16187 16187 2598 16187 16187 16187
1655 12233 14180 3102 8719 9222 3171 10917 10033 13348 16187 10953 926 8719 4776 1419
926 4451 4931 6259 9684 12576 16187 16187 16187 16187 16187 16187 16187 16187 16187 16187
3842 3171 2856 11889 4776 12012 16187 3364 11553 12766 16187 16187 2598 16187 16187 16187
1655 12233 14180 3102 8719 9222 3171 10917 10033 13348 16187 10953 926 8719 4776 1419
5329 1229 11162 8268 12008 5297 6070 10602 8268 8710 4776 6006 16187 16187 16187 16187
3842 3171 2856 11889 4776 12012 16187 3364 11553 12766 16187 16187 2598 16187 16187 16187
1655 12233 14180 3102 8719 9222 3171 10917 10033 13348 16187 10953 926 8719 4776 1419
14272 6259 9744 13348 16187 16187 16187 16187 16187 16187 16187 16187 16187 16187 16187 16187
3842 3171 2856 11889 4776 12012 16187 3364 11553 12766 16187 16187 2598 16187 16187 16187
1655 12233 14180 3102 8719 9222 3171 10917 10033 13348 16187 10953 926 8719 4776 1419
4152 4776 14599 8710 1344 6013 16187 16187 16187 16187 16187 16187 16187 16187 16187 16187
3842 3171 2856 11889 4776 12012 16187 3364 11553 12766 16187 16187 2598 16187 16187 16187
1655 12233 14180 3102 8719 9222 3171 10917 10033 13348 16187 10953 926 8719 4776 1419
13907 4776 6622 4776 2563 12232 9754 2823 4032 15715 16187 16187 16187 16187 16187 16187
3842 3171 2856 11889 4776 12012 16187 3364 11553 12766 16187 16187 2598 16187 16187 16187
1655 12233 14180 3102 8719 9222 3171 10917 10033 13348 16187 10953 926 8719 4776 1419
1229 7542 8268 7740 1110 2326 3171 10033 10967 10442 12233 12298 16187 16187 16187 16187
3842 3171 2856 11889 4776 12012 16187 3364 11553 12766 16187 16187 2598 16187 16187 16187
1655 12233 14180 3102 8719 9222 3171 10917 10033 13348 16187 10953 926 8719 4776 1419
14237 8268 4776 132 2598 16187 16187 16187 16187 16187 16187 16187 16187 16187 16187 16187
3842 3171 2856 11889 4776 12012 16187 3364 11553 12766 16187 16187 2598 16187 16187 16187
1655 12233 14180 3102 8719 9222 3171 10917 10033 13348 16187 10953 926 8719 4776 1419
12008 14272 6259 10116 3177 13994 16187 16187 16187 16187 16187 16187 16187 16187 16187 16187
3842 3171 2856 11889 4776 12012 16187 3364 11553 12766 16187 16187 2598 16187 16187 16187
1655 12233 14180 3102 8719 9222 3171 10917 10033 13348 16187 10953 926 8719 4776 1419
926 8470 926 12233 14361 6585 12233 14745 16187 16187 16187 16187 16187 16187 16187 16187
3842 3171 2856 11889 4776 12012 16187 3364 11553 12766 16187 16187 2598 16187 16187 16187
1655 12233 14180 3102 8719 9222 3171 10917 10033 13348 16187 10953 926 8719 4776 1419
7740 4628 9754 15784 4776 4152 16187 16187 16187 16187 16187 16187 16187 16187 16187 16187
3842 3171 2856 11889 4776 12012 16187 3364 11553 12766 16187 16187 2598 16187 16187 16187
1655 12233 14180 3102 8719 9222 3171 10917 10033 13348 16187 10953 926 8719 4776 1419
8712 5867 3554 12233 2823 11889 13592 16146 10011 3211 16187 16187 16187 16187 16187 16187
3842 3171 2856 11889 4776 12012 16187 3364 11553 12766 16187 16187 2598 16187 16187 16187
1655 12233 14180 3102 8719 9222 3171 10917 10033 13348 16187 10953 926 8719 4776 1419
4552 6011 3141 7926 15846 14810 16187 16187 16187 16187 16187 16187 16187 16187 16187 16187
3842 3171 2856 11889 4776 12012 16187 3364 11553 12766 16187 16187 2598 16187 16187 16187
1655 12233 14180 3102 8719 9222 3171 10917 10033 13348 16187 10953 926 8719 4776 1419
820 4537 12349 6518 3171 2563 16187 16187 16187 16187 16187 16187 16187 16187 16187 16187
3842 3171 2856 11889 4776 12012 16187 3364 11553 12766 16187 16187 2598 16187 16187 16187
1655 12233 14180 3102 8719 9222 3171 10917 10033 13348 16187 10953 926 8719 4776 1419
12008 14272 11921 13089 5937 10026 7165 4994 2598 16187 16187 16187 16187 16187 16187 16187
3842 3171 2856 11889 4776 12012 16187 3364 11553 12766 16187 16187 2598 16187 16187 16187
1655 12233 14180 3102 8719 9222 3171 10917 10033 13348 16187 10953 926 8719 4776 1419
8069 4776 13110 4440 9498 10401 14237 6070 12606 16187 16187 16187 16187 16187 16187 16187
3842 3171 2856 11889 4776 12012 16187 3364 11553 12766 16187 16187 2598 16187 16187 16187
1655 12233 14180 3102 8719 9222 3171 10917 10033 13348 16187 10953 926 8719 4776 1419
4311 7926 926 11553 12233 926 12233 5272 15389 16187 16187 16187 16187 16187 16187 16187
3842 3171 2856 11889 4776 12012 16187 3364 11553 12766 16187 16187 2598 16187 16187 16187
1655 12233 14180 3102 8719 9222 3171 10917 10033 13348 16187 10953 926 8719 4776 1419
1955 4776 10033 8428 8268 4624 2552 926 1842 926 926 926 16187 16187 16187 16187
3842 3171 2856 11889 4776 12012 16187 3364 11553 12766 16187 16187 2598 16187 16187 16187
1655 12233 14180 3102 8719 9222 3171 10917 10033 13348 16187 10953 926 8719 4776 1419
10770 13348 16187 16187 16187 16187 16187 16187 16187 16187 16187 16187 16187 16187 16187 16187
3842 3171 2856 11889 4776 12012 16187 3364 11553 12766 16187 16187 2598 16187 16187 16187
1655 12233 14180 3102 8719 9222 3171 10917 10033 13348 16187 10953 926 8719 4776 1419
7926 10452 6905 1919 2410 8268 8838 8268 14237 10212 3748 4776 14394 16187 16187 16187
3842 3171 2856 11889 4776 12012 16187 3364 11553 12766 16187 16187 2598 16187 16187 16187
1655 12233 14180 3102 8719 9222 3171 10917 10033 13348 16187 10953 926 8719 4776 1419
4776 15057 3177 4776 926 926 8268 14237 4776 9490 15879 14287 16187 16187 16187 16187
3842 3171 2856 11889 4776 12012 16187 3364 11553 12766 16187 16187 2598 16187 16187 16187
1655 12233 14180 3102 8719 9222 3171 10917 10033 13348 16187 10953 926 8719 4776 1419
7740 4537 12449 4312 12233 3339 2903 13348 16187 16187 16187 16187 16187 16187 16187 16187
3842 3171 2856 11889 4776 12012 16187 3364 11553 12766 16187 16187 2598 16187 16187 16187
1655 12233 14180 3102 8719 9222 3171 10917 10033 13348 16187 10953 926 8719 4776 1419
10967 4776 10709 3177 15740 3177 7310 284 7740 1344 6635 4776 10033 16187 16187 16187
3842 3171 2856 11889 4776 12012 16187 3364 11553 12766 16187 16187 2598 16187 16187 16187
1655 12233 14180 3102 8719 9222 3171 10917 10033 13348 16187 10953 926 8719 4776 1419
3171 8710 1378 3177 9743 16038 8185 5463 6011 5208 2172 1229 630 10967 16187 16187
3842 3171 2856 11889 4776 12012 16187 3364 11553 12766 16187 16187 2598 16187 16187 16187
1655 12233 14180 3102 8719 9222 3171 10917 10033 13348 16187 10953 926 8719 4776 1419
7740 10246 13089 7740 8309 12233 2552 10714 1919 926 8719 4776 8869 16187 16187 16187
3842 3171 2856 11889 4776 12012 16187 3364 11553 12766 16187 16187 2598 16187 16187 16187
1655 12233 14180 3102 8719 9222 3171 10917 10033 13348 16187 10953 926 8719 4776 1419
13474 5867 15 830 1885 5602 8268 5329 13616 8726 7926 5867 8858 14043 11912 16187
3842 3171 2856 11889 4776 12012 16187 3364 11553 12766 16187 16187 2598 16187 16187 16187
1655 12233 14180 3102 8719 9222 3171 10917 10033 13348 16187 10953 926 8719 4776 1419
8712 5867 5329 6070 2115 2563 10259 1919 16146 3171 8157 1133 16187 16187 16187 16187
3842 3171 2856 11889 4776 12012 16187 3364 11553 12766 16187 16187 2598 16187 16187 16187
1655 12233 14180 3102 8719 9222 3171 10917 10033 13348 16187 10953 926 8719 4776 1419
14272 4552 6011 9429 8712 14180 7156 2598 16187 16187 16187 16187 16187 16187 16187 16187
3842 3171 2856 11889 4776 12012 16187 3364 11553 12766 16187 16187 2598 16187 16187 16187
1655 12233 14180 3102 8719 9222 3171 10917 10033 13348 16187 10953 926 8719 4776 1419
926 3364 5329 7188 6905 8719 12044 6826 4440 16187 16187 16187 16187 16187 16187 16187
3842 3171 2856 11889 4776 12012 16187 3364 11553 12766 16187 16187 2598 16187 16187 16187
1655 12233 14180 3102 8719 9222 3171 10917 10033 13348 16187 10953 926 8719 4776 1419
14069 8710 6259 1435 10501 12233 3171 10033 4689 1110 15649 5208 5329 2823 926 16187
3842 3171 2856 11889 4776 12012 16187 3364 11553 12766 16187 16187 2598 16187 16187 16187
1655 12233 14180 3102 8719 9222 3171 10917 10033 13348 16187 10953 926 8719 4776 1419
4776 8339 9084 5329 926 4776 737 10418 2837 3774 926 16187 16187 16187 16187 16187
3842 3171 2856 11889 4776 12012 16187 3364 11553 12766 16187 16187 2598 16187 16187 16187
1655 12233 14180 3102 8719 9222 3171 10917 10033 13348 16187 10953 926 8719 4776 1419
1390 16187 16187 16187 16187 16187 16187 16187 16187 16187 16187 16187 16187 16187 16187 16187
3842 3171 2856 11889 4776 12012 16187 3364 11553 12766 16187 16187 2598 16187 16187 16187
1655 12233 14180 3102 8719 9222 3171 10917 10033 13348 16187 10953 926 8719 4776 1419
11946 4776 1754 3177 4776 13839 8710 6794 869 16187 16187 16187 16187 16187 16187 16187
3842 3171 2856 11889 4776 12012 16187 3364 11553 12766 16187 16187 2598 16187 16187 16187
1655 12233 14180 3102 8719 9222 3171 10917 10033 13348 16187 10953 926 8719 4776 1419
1955 1597 820 8592 8258 9070 8268 3171 2563 8710 11839 6813 16187 16187 16187 16187
3842 3171 2856 11889 4776 12012 16187 3364 11553 12766 16187 16187 2598 16187 16187 16187
1655 12233 14180 3102 8719 9222 3171 10917 10033 13348 16187 10953 926 8719 4776 1419
8712 5867 6259 6535 13129 2563 12008 7740 9084 9754 8456 5463 16187 16187 16187 16187
3842 3171 2856 11889 4776 12012 16187 3364 11553 12766 16187 16187 2598 16187 16187 16187
1655 12233 14180 3102 8719 9222 3171 10917 10033 13348 16187 10953 926 8719 4776 1419
3171 8710 5148 6259 16038 13817 830 9070 16187 16187 16187 16187 16187 16187 16187 16187
3842 3171 2856 11889 4776 12012 16187 3364 11553 12766 16187 16187 2598 16187 16187 16187
1655 12233 14180 3102 8719 9222 3171 10917 10033 13348 16187 10953 926 8719 4776 1419
4776 4924 4310 4776 1597 9239 926 8710 2326 3098 8268 8712 5867 4537 16187 16187
3842 3171 2856 11889 4776 12012 16187 3364 11553 12766 16187 16187 2598 16187 16187 16187
1655 12233 14180 3102 8719 9222 3171 10917 10033 13348 16187 10953 926 8719 4776 1419
12239 926 8913 14237 926 926 830 10770 13348 16187 16187 16187 16187 16187 16187 16187
3842 3171 2856 11889 4776 12012 16187 3364 11553 12766 16187 16187 2598 16187 16187 16187
1655 12233 14180 3102 8719 9222 3171 10917 10033 13348 16187 10953 926 8719 4776 1419
9715 5641 4776 2211 6689 5967 12233 7698 8712 16187 16187 16187 16187 16187 16187 16187
3842 3171 2856 11889 4776 12012 16187 3364 11553 12766 16187 16187 2598 16187 16187 16187
1655 12233 14180 3102 8719 9222 3171 10917 10033 13348 16187 10953 926 8719 4776 1419
3171 2563 8710 7401 14272 7740 8152 2689 16187 16187 16187 16187 16187 16187 16187 16187
3842 3171 2856 11889 4776 12012 16187 3364 11553 12766 16187 16187 2598 16187 16187 16187
1655 12233 14180 3102 8719 9222 3171 10917 10033 13348 16187 10953 926 8719 4776 1419
3171 8710 1954 8213 10033 12233 12650 14043 9577 3011 820 16187 16187 16187 16187 16187
3842 3171 2856 11889 4776 12012 16187 3364 11553 12766 16187 16187 2598 16187 16187 16187
1655 12233 14180 3102 8719 9222 3171 10917 10033 13348 16187 10953 926 8719 4776 1419
6011 15956 8268 14426 830 926 16187 16187 16187 16187 16187 16187 16187 16187 16187 16187
3842 3171 2856 11889 4776 12012 16187 3364 11553 12766 16187 16187 2598 16187 16187 16187
1655 12233 14180 3102 8719 9222 3171 10917 10033 13348 16187 10953 926 8719 4776 1419
4776 11978 10011 16003 4931 9754 6535 9591 830 4776 954 16187 16187 16187 16187 16187
3842 3171 2856 11889 4776 12012 16187 3364 11553 12766 16187 16187 2598 16187 16187 16187
1655 12233 14180 3102 8719 9222 3171 10917 10033 13348 16187 10953 926 8719 4776 1419
14031 9290 8268 4776 10836 5629 14180 3177 4776 2946 8710 6348 8520 16187 16187 16187
3842 3171 2856 11889 4776 12012 16187 3364 11553 12766 16187 16187 2598 16187 16187 16187
1655 12233 14180 3102 8719 9222 3171 10917 10033 13348 16187 10953 926 8719 4776 1419
8712 5867 1229 7843 16187 16187 16187 16187 16187 16187 16187 16187 16187 16187 16187 16187
3842 3171 2856 11889 4776 12012 16187 3364 11553 12766 16187 16187 2598 16187 16187 16187
1655 12233 14180 3102 8719 9222 3171 10917 10033 13348 16187 10953 926 8719 4776 1419
3847 4750 926 4776 11401 2598 16187 16187 16187 16187 16187 16187 16187 16187 16187 16187
3842 3171 2856 11889 4776 12012 16187 3364 11553 12766 16187 16187 2598 16187 16187 16187
1655 12233 14180 3102 8719 9222 3171 10917 10033 13348 16187 10953 926 8719 4776 1419
12008 926 2446 926 1919 14248 16187 16187 16187 16187 16187 16187 16187 16187 16187 16187
3842 3171 2856 11889 4776 12012 16187 3364 11553 12766 16187 16187 2598 16187 16187 16187
1655 12233 14180 3102 8719 9222 3171 10917 10033 13348 16187 10953 926 8719 4776 1419
4776 132 8710 10355 14237 8712 926 4776 2122 7742 16187 16187 16187 16187 16187 16187
3842 3171 2856 11889 4776 12012 16187 3364 11553 12766 16187 16187 2598 16187 16187 16187
1655 12233 14180 3102 8719 9222 3171 10917 10033 13348 16187 10953 926 8719 4776 1419
3171 8268 3177 1245 8268 9612 926 14734 2422 1919 14164 926 1019 926 6173 16187
3842 3171 2856 11889 4776 12012 16187 3364 11553 12766 16187 16187 2598 16187 16187 16187
1655 12233 14180 3102 8719 9222 3171 10917 10033 13348 16187 10953 926 8719 4776 1419
926 13183 13213 15525 16187 16187 16187 16187 16187 16187 16187 16187 16187 16187 16187 16187
3842 3171 2856 11889 4776 12012 16187 3364 11553 12766 16187 16187 2598 16187 16187 16187
1655 12233 14180 3102 8719 9222 3171 10917 10033 13348 16187 10953 926 8719 4776 1419
926 926 16074 1955 7742 16187 16187 16187 16187 16187 16187 16187 16187 16187 16187 16187
3842 3171 2856 11889 4776 12012 16187 3364 11553 12766 16187 16187 2598 16187 16187 16187
1655 12233 14180 3102 8719 9222 3171 10917 10033 13348 16187 10953 926 8719 4776 1419
7001 4697 14237 12650 6011 16138 11889 8712 16187 16187 16187 16187 16187 16187 16187 16187
3842 3171 2856 11889 4776 12012 16187 3364 11553 12766 16187 16187 2598 16187 16187 16187
1655 12233 14180 3102 8719 9222 3171 10917 10033 13348 16187 10953 926 8719 4776 1419
1390 6173 4776 6985 3177 1110 14237 203 2513 4671 926 512 15721 16187 16187 16187
3842 3171 2856 11889 4776 12012 16187 3364 11553 12766 16187 16187 2598 16187 16187 16187
1655 12233 14180 3102 8719 9222 3171 10917 10033 13348 16187 10953 926 8719 4776 1419
8197 9070 6259 4320 16187 16187 16187 16187 16187 16187 16187 16187 16187 16187 16187 16187
3842 3171 2856 11889 4776 12012 16187 3364 11553 12766 16187 16187 2598 16187 16187 16187
1655 12233 14180 3102 8719 9222 3171 10917 10033 13348 16187 10953 926 8719 4776 1419
4776 16146 6259 14453 8268 926 16187 16187 16187 16187 16187 16187 16187 16187 16187 16187
3842 3171 2856 11889 4776 12012 16187 3364 11553 12766 16187 16187 2598 16187 16187 16187
1655 12233 14180 3102 8719 9222 3171 10917 10033 13348 16187 10953 926 8719 4776 1419
7740 4537 12020 2148 13411 8719 14237 1778 8712 16187 16187 16187 16187 16187 16187 16187
3842 3171 2856 11889 4776 12012 16187 3364 11553 12766 16187 16187 2598 16187 16187 16187
1655 12233 14180 3102 8719 9222 3171 10917 10033 13348 16187 10953 926 8719 4776 1419
8712 3543 9754 12008 8719 5463 2037 8268 10669 9338 9070 16187 16187 16187 16187 16187
3842 3171 2856 11889 4776 12012 16187 3364 11553 12766 16187 16187 2598 16187 16187 16187
1655 12233 14180 3102 8719 9222 3171 10917 10033 13348 16187 10953 926 8719 4776 1419
4325 15846 13931 9455 5463 503 4776 926 9455 16187 16187 16187 16187 16187 16187 16187
3842 3171 2856 11889 4776 12012 16187 3364 11553 12766 16187 16187 2598 16187 16187 16187
1655 12233 14180 3102 8719 9222 3171 10917 10033 13348 16187 10953 926 8719 4776 1419
4776 8662 14596 8710 10710 16187 16187 16187 16187 16187 16187 16187 16187 16187 16187 16187
3842 3171 2856 11889 4776 12012 16187 3364 11553 12766 16187 16187 2598 16187 16187 16187
1655 12233 14180 3102 8719 9222 3171 10917 10033 13348 16187 10953 926 8719 4776 1419
2500 1390 1507 13498 16187 16187 16187 16187 16187 16187 16187 16187 16187 16187 16187 16187
3842 3171 2856 11889 4776 12012 16187 3364 11553 12766 16187 16187 2598 16187 16187 16187
1655 12233 14180 3102 8719 9222 3171 10917 10033 13348 16187 10953 926 8719 4776 1419
926 8710 13074 10719 14237 15870 779 8093 926 8270 16187 16187 16187 16187 16187 16187
3842 3171 2856 11889 4776 12012 16187 3364 11553 12766 16187 16187 2598 16187 16187 16187
1655 12233 14180 3102 8719 9222 3171 10917 10033 13348 16187 10953 926 8719 4776 1419
8712 8710 14180 6070 6695 14237 926 16187 16187 16187 16187 16187 16187 16187 16187 16187
3842 3171 2856 11889 4776 12012 16187 3364 11553 12766 16187 16187 2598 16187 16187 16187
1655 12233 14180 3102 8719 9222 3171 10917 10033 13348 16187 10953 926 8719 4776 1419
14237 1390 16187 16187 16187 16187 16187 16187 16187 16187 16187 16187 16187 16187 16187 16187
3842 3171 2856 11889 4776 12012 16187 3364 11553 12766 16187 16187 2598 16187 16187 16187
1655 12233 14180 3102 8719 9222 3171 10917 10033 13348 16187 10953 926 8719 4776 1419
14652 13348 16187 16187 16187 16187 16187 16187 16187 16187 16187 16187 16187 16187 16187 16187
3842 3171 2856 11889 4776 12012 16187 3364 11553 12766 16187 16187 2598 16187 16187 16187
1655 12233 14180 3102 8719 9222 3171 10917 10033 13348 16187 10953 926 8719 4776 1419
3171 3886 4931 491 830 2469 7377 3177 4302 830 4776 6070 9431 13434 1588 16187
3842 3171 2856 11889 4776 12012 16187 3364 11553 12766 16187 16187 2598 16187 16187 16187
1655 12233 14180 3102 8719 9222 3171 10917 10033 13348 16187 10953 926 8719 4776 1419
6546 11889 7740 3543 11553 12766 14069 16187 16187 16187 16187 16187 16187 16187 16187 16187
3842 3171 2856 11889 4776 12012 16187 3364 11553 12766 16187 16187 2598 16187 16187 16187
1655 12233 14180 3102 8719 9222 3171 10917 10033 13348 16187 10953 926 8719 4776 1419
12495 7758 8268 12495 1507 8268 4537 5329 6259 10355 10400 14029 1853 5867 10501 16187
3842 3171 2856 11889 4776 12012 16187 3364 11553 12766 16187 16187 2598 16187 16187 16187
1655 12233 14180 3102 8719 9222 3171 10917 10033 13348 16187 10953 926 8719 4776 1419
10918 8719 926 8268 4776 926 14776 9808 13285 14237 15689 6259 926 3177 16187 16187
3842 3171 2856 11889 4776 12012 16187 3364 11553 12766 16187 16187 2598 16187 16187 16187
1655 12233 14180 3102 8719 9222 3171 10917 10033 13348 16187 10953 926 8719 4776 1419
6173 12716 8268 3025 14734 13314 3177 11923 926 2837 6259 1138 9514 5711 16187 16187
3842 3171 2856 11889 4776 12012 16187 3364 11553 12766 16187 16187 2598 16187 16187 16187
1655 12233 14180 3102 8719 9222 3171 10917 10033 13348 16187 10953 926 8719 4776 1419
7740 4552 9754 12003 4776 15740 5463 4776 13799 3364 11553 10471 2148 16187 16187 16187
3842 3171 2856 11889 4776 12012 16187 3364 11553 12766 16187 16187 2598 16187 16187 16187
1655 12233 14180 3102 8719 9222 3171 10917 10033 13348 16187 10953 926 8719 4776 1419
7740 11839 1515 8719 5463 7740 12232 8554 4776 2563 14237 3249 14029 16187 16187 16187
3842 3171 2856 11889 4776 12012 16187 3364 11553 12766 16187 16187 2598 16187 16187 16187
1655 12233 14180 3102 8719 9222 3171 10917 10033 13348 16187 10953 926 8719 4776 1419
12911 10967 14596 2894 14237 5713 10217 2946 8268 14180 16146 703 14776 4231 16187 16187
3842 3171 2856 11889 4776 12012 16187 3364 11553 12766 16187 16187 2598 16187 16187 16187
1655 12233 14180 3102 8719 9222 3171 10917 10033 13348 16187 10953 926 8719 4776 1419
8712 4537 11921 12233 11553 6826 8846 8719 14069 16187 16187 16187 16187 16187 16187 16187
3842 3171 2856 11889 4776 12012 16187 3364 11553 12766 16187 16187 2598 16187 16187 16187
1655 12233 14180 3102 8719 9222 3171 10917 10033 13348 16187 10953 926 8719 4776 1419
1453 5937 2752 16187 16187 16187 16187 16187 16187 16187 16187 16187 16187 16187 16187 16187
3842 3171 2856 11889 4776 12012 16187 3364 11553 12766 16187 16187 2598 16187 16187 16187
1655 12233 14180 3102 8719 9222 3171 10917 10033 13348 16187 10953 926 8719 4776 1419
7740 2326 12449 12233 11889 3171 2563 15978 3177 14180 4776 3098 2946 16187 16187 16187
3842 3171 2856 11889 4776 12012 16187 3364 11553 12766 16187 16187 2598 16187 16187 16187
1655 12233 14180 3102 8719 9222 3171 10917 10033 13348 16187 10953 926 8719 4776 1419
12008 830 12422 5867 9175 8268 2599 5867 13679 703 2903 16187 16187 16187 16187 16187
3842 3171 2856 11889 4776 12012 16187 3364 11553 12766 16187 16187 2598 16187 16187 16187
1655 12233 14180 3102 8719 9222 3171 10917 10033 13348 16187 10953 926 8719 4776 1419
9431 3177 14180 8268 4776 10686 16187 16187 16187 16187 16187 16187 16187 16187 16187 16187
3842 3171 2856 11889 4776 12012 16187 3364 11553 12766 16187 16187 2598 16187 16187 16187
1655 12233 14180 3102 8719 9222 3171 10917 10033 13348 16187 10953 926 8719 4776 1419
15761 4189 16187 16187 16187 16187 16187 16187 16187 16187 16187 16187 16187 16187 16187 16187
3842 3171 2856 11889 4776 12012 16187 3364 11553 12766 16187 16187 2598 16187 16187 16187
1655 12233 14180 3102 8719 9222 3171 10917 10033 13348 16187 10953 926 8719 4776 1419
4776 12894 4931 1229 10355 16187 16187 16187 16187 16187 16187 16187 16187 16187 16187 16187
3842 3171 2856 11889 4776 12012 16187 3364 11553 12766 16187 16187 2598 16187 16187 16187
1655 12233 14180 3102 8719 9222 3171 10917 10033 13348 16187 10953 926 8719 4776 1419
6259 10033 2097 3177 680 9779 14237 15907 830 15597 7987 16187 16187 16187 16187 16187
3842 3171 2856 11889 4776 12012 16187 3364 11553 12766 16187 16187 2598 16187 16187 16187
1655 12233 14180 3102 8719 9222 3171 10917 10033 13348 16187 10953 926 8719 4776 1419
4142 447 13348 16187 16187 16187 16187 16187 16187 16187 16187 16187 16187 16187 16187 16187
3842 3171 2856 11889 4776 12012 16187 3364 11553 12766 16187 16187 2598 16187 16187 16187
1655 12233 14180 3102 8719 9222 3171 10917 10033 13348 16187 10953 926 8719 4776 1419
1213 8710 4776 1175 1842 3177 926 16187 16187 16187 16187 16187 16187 16187 16187 16187
3842 3171 2856 11889 4776 12012 16187 3364 11553 12766 16187 16187 2598 16187 16187 16187
1655 12233 14180 3102 8719 9222 3171 10917 10033 13348 16187 10953 926 8719 4776 1419
4776 2563 8710 9575 8719 6259 926 8268 5692 4927 1019 2598 16187 16187 16187 16187
3842 3171 2856 11889 4776 12012 16187 3364 11553 12766 16187 16187 2598 16187 16187 16187
1655 12233 14180 3102 8719 9222 3171 10917 10033 13348 16187 10953 926 8719 4776 1419
4776 12835 14776 1171 10967 12401 16146 14237 4240 15597 8928 926 8268 3818 10421 16187
3842 3171 2856 11889 4776 12012 16187 3364 11553 12766 16187 16187 2598 16187 16187 16187
1655 12233 14180 3102 8719 9222 3171 10917 10033 13348 16187 10953 926 8719 4776 1419
6640 8268 2263 5297 4776 10887 11267 8719 3994 5088 12233 9070 16187 16187 16187 16187
3842 3171 2856 11889 4776 12012 16187 3364 11553 12766 16187 16187 2598 16187 16187 16187
1655 12233 14180 3102 8719 9222 3171 10917 10033 13348 16187 10953 926 8719 4776 1419
4776 4152 10899 1976 12233 4776 14842 3177 926 16187 16187 16187 16187 16187 16187 16187
3842 3171 2856 11889 4776 12012 16187 3364 11553 12766 16187 16187 2598 16187 16187 16187
1655 12233 14180 3102 8719 9222 3171 10917 10033 13348 16187 10953 926 8719 4776 1419
6363 9484 830 6259 2563 5463 7740 2326 4531 16187 16187 16187 16187 16187 16187 16187
3842 3171 2856 11889 4776 12012 16187 3364 11553 12766 16187 16187 2598 16187 16187 16187
1655 12233 14180 3102 8719 9222 3171 10917 10033 13348 16187 10953 926 8719 4776 1419
4776 2563 4931 8270 1919 4776 2002 8268 630 630 8270 16187 16187 16187 16187 16187
3842 3171 2856 11889 4776 12012 16187 3364 11553 12766 16187 16187 2598 16187 16187 16187
1655 12233 14180 3102 8719 9222 3171 10917 10033 13348 16187 10953 926 8719 4776 1419
12495 8569 15978 5463 8710 816 1543 3171 11039 3177 2563 12770 16187 16187 16187 16187
3842 3171 2856 11889 4776 12012 16187 3364 11553 12766 16187 16187 2598 16187 16187 16187
1655 12233 14180 3102 8719 9222 3171 10917 10033 13348 16187 10953 926 8719 4776 1419
7740 11839 7926 4931 12256 13084 6178 14069 16187 16187 16187 16187 16187 16187 16187 16187
3842 3171 2856 11889 4776 12012 16187 3364 11553 12766 16187 16187 2598 16187 16187 16187
1655 12233 14180 3102 8719 9222 3171 10917 10033 13348 16187 10953 926 8719 4776 1419
14411 16187 16187 16187 16187 16187 16187 16187 16187 16187 16187 16187 16187 16187 16187 16187
3842 3171 2856 11889 4776 12012 16187 3364 11553 12766 16187 16187 2598 16187 16187 16187
1655 12233 14180 3102 8719 9222 3171 10917 10033 13348 16187 10953 926 8719 4776 1419
7740 4470 13832 4776 63 983 14237 8712 2326 8710 1507 16187 16187 16187 16187 16187
3842 3171 2856 11889 4776 12012 16187 3364 11553 12766 16187 16187 2598 16187 16187 16187
1655 12233 14180 3102 8719 9222 3171 10917 10033 13348 16187 10953 926 8719 4776 1419
7740 973 1229 899 7740 4931 3562 9591 12233 926 3171 12328 10033 16187 16187 16187
3842 3171 2856 11889 4776 12012 16187 3364 11553 12766 16187 16187 2598 16187 16187 16187
1655 12233 14180 3102 8719 9222 3171 10917 10033 13348 16187 10953 926 8719 4776 1419
3733 8710 1229 13074 1955 7661 10941 15337 14237 8944 16187 16187 16187 16187 16187 16187
3842 3171 2856 11889 4776 12012 16187 3364 11553 12766 16187 16187 2598 16187 16187 16187
1655 12233 14180 3102 8719 9222 3171 10917 10033 13348 16187 10953 926 8719 4776 1419
4776 12014 8710 11039 3177 10382 16187 16187 16187 16187 16187 16187 16187 16187 16187 16187
3842 3171 2856 11889 4776 12012 16187 3364 11553 12766 16187 16187 2598 16187 16187 16187
1655 12233 14180 3102 8719 9222 3171 10917 10033 13348 16187 10953 926 8719 4776 1419
3171 10033 8710 6259 1903 12444 3177 6071 16187 16187 16187 16187 16187 16187 16187 16187
3842 3171 2856 11889 4776 12012 16187 3364 11553 12766 16187 16187 2598 16187 16187 16187
1655 12233 14180 3102 8719 9222 3171 10917 10033 13348 16187 10953 926 8719 4776 1419
3171 4931 15389 9813 9780 12233 14272 771 12766 4979 8719 4776 13114 16187 16187 16187
3842 3171 2856 11889 4776 12012 16187 3364 11553 12766 16187 16187 2598 16187 16187 16187
1655 12233 14180 3102 8719 9222 3171 10917 10033 13348 16187 10953 926 8719 4776 1419
14635 3177 13250 16187 16187 16187 16187 16187 16187 16187 16187 16187 16187 16187 16187 16187
3842 3171 2856 11889 4776 12012 16187 3364 11553 12766 16187 16187 2598 16187 16187 16187
1655 12233 14180 3102 8719 9222 3171 10917 10033 13348 16187 10953 926 8719 4776 1419
7740 4931 8423 9872 16187 16187 16187 16187 16187 16187 16187 16187 16187 16187 16187 16187
3842 3171 2856 11889 4776 12012 16187 3364 11553 12766 16187 16187 2598 16187 16187 16187
1655 12233 14180 3102 8719 9222 3171 10917 10033 13348 16187 10953 926 8719 4776 1419
3171 8710 6259 14397 10197 9887 8268 5288 13348 16187 16187 16187 16187 16187 16187 16187
3842 3171 2856 11889 4776 12012 16187 3364 11553 12766 16187 16187 2598 16187 16187 16187
1655 12233 14180 3102 8719 9222 3171 10917 10033 13348 16187 10953 926 8719 4776 1419
2199 1138 926 5711 3177 926 14776 926 10967 4776 300 2858 4776 926 16187 16187
3842 3171 2856 11889 4776 12012 16187 3364 11553 12766 16187 16187 2598 16187 16187 16187
1655 12233 14180 3102 8719 9222 3171 10917 10033 13348 16187 10953 926 8719 4776 1419
8719 16146 15721 8268 6259 10887 3667 3177 983 16187 16187 16187 16187 16187 16187 16187
3842 3171 2856 11889 4776 12012 16187 3364 11553 12766 16187 16187 2598 16187 16187 16187
1655 12233 14180 3102 8719 9222 3171 10917 10033 13348 16187 10953 926 8719 4776 1419
9642 926 7076 4421 926 1019 926 926 8268 9605 8712 2598 2598 16187 16187 16187
3842 3171 2856 11889 4776 12012 16187 3364 11553 12766 16187 16187 2598 16187 16187 16187
1655 12233 14180 3102 8719 9222 3171 10917 10033 13348 16187 10953 926 8719 4776 1419
9743 14966 14776 4931 7926 3908 4776 816 9424 830 14745 14237 14734 6161 2598 16187
3842 3171 2856 11889 4776 12012 16187 3364 11553 12766 16187 16187 2598 16187 16187 16187
1655 12233 14180 3102 8719 9222 3171 10917 10033 13348 16187 10953 926 8719 4776 1419
5463 8710 1805 10862 1919 1378 14029 1378 14602 1919 4776 10033 15271 16187 16187 16187
3842 3171 2856 11889 4776 12012 16187 3364 11553 12766 16187 16187 2598 16187 16187 16187
1655 12233 14180 3102 8719 9222 3171 10917 10033 13348 16187 10953 926 8719 4776 1419
1229 8268 91 14776 4776 9237 16187 16187 16187 16187 16187 16187 16187 16187 16187 16187
3842 3171 2856 11889 4776 12012 16187 3364 11553 12766 16187 16187 2598 16187 16187 16187
1655 12233 14180 3102 8719 9222 3171 10917 10033 13348 16187 10953 926 8719 4776 1419
6292 6237 9084 6259 3098 15781 16187 16187 16187 16187 16187 16187 16187 16187 16187 16187
3842 3171 2856 11889 4776 12012 16187 3364 11553 12766 16187 16187 2598 16187 16187 16187
1655 12233 14180 3102 8719 9222 3171 10917 10033 13348 16187 10953 926 8719 4776 1419
7740 11553 8466 1138 15827 6259 5375 9742 5711 14180 4776 4927 10324 8268 12669 16187
3842 3171 2856 11889 4776 12012 16187 3364 11553 12766 16187 16187 2598 16187 16187 16187
1655 12233 14180 3102 8719 9222 3171 10917 10033 13348 16187 10953 926 8719 4776 1419
4325 7347 14672 8858 15358 14237 10496 3237 4776 9349 8710 926 1919 14745 13348 16187
3842 3171 2856 11889 4776 12012 16187 3364 11553 12766 16187 16187 2598 16187 16187 16187
1655 12233 14180 3102 8719 9222 3171 10917 10033 13348 16187 10953 926 8719 4776 1419
926 6635 926 1955 4776 1884 926 6173 13348 16187 16187 16187 16187 16187 16187 16187
3842 3171 2856 11889 4776 12012 16187 3364 11553 12766 16187 16187 2598 16187 16187 16187
1655 12233 14180 3102 8719 9222 3171 10917 10033 13348 16187 10953 926 8719 4776 1419
14237 5961 12046 12233 4320 4776 5095 5867 14781 8719 5286 926 14457 16187 16187 16187
3842 3171 2856 11889 4776 12012 16187 3364 11553 12766 16187 16187 2598 16187 16187 16187
1655 12233 14180 3102 8719 9222 3171 10917 10033 13348 16187 10953 926 8719 4776 1419
8712 3418 13723 12077 8268 15034 926 8268 3367 926 14237 7831 926 16187 16187 16187
3842 3171 2856 11889 4776 12012 16187 3364 11553 12766 16187 16187 2598 16187 16187 16187
1655 12233 14180 3102 8719 9222 3171 10917 10033 13348 16187 10953 926 8719 4776 1419
8712 4931 6259 5948 3177 10770 16187 16187 16187 16187 16187 16187 16187 16187 16187 16187
3842 3171 2856 11889 4776 12012 16187 3364 11553 12766 16187 16187 2598 16187 16187 16187
1655 12233 14180 3102 8719 9222 3171 10917 10033 13348 16187 10953 926 8719 4776 1419
7542 8268 926 926 765 12717 13348 16187 16187 16187 16187 16187 16187 16187 16187 16187
3842 3171 2856 11889 4776 12012 16187 3364 11553 12766 16187 16187 2598 16187 16187 16187
1655 12233 14180 3102 8719 9222 3171 10917 10033 13348 16187 10953 926 8719 4776 1419
1094 4776 4927 3177 1515 7829 8268 926 8097 1597 703 16187 16187 16187 16187 16187
3842 3171 2856 11889 4776 12012 16187 3364 11553 12766 16187 16187 2598 16187 16187 16187
1655 12233 14180 3102 8719 9222 3171 10917 10033 13348 16187 10953 926 8719 4776 1419
8712 5257 12233 13758 14029 2024 14180 4776 983 14237 3376 9070 12233 5804 16187 16187
3842 3171 2856 11889 4776 12012 16187 3364 11553 12766 16187 16187 2598 16187 16187 16187
1655 12233 14180 3102 8719 9222 3171 10917 10033 13348 16187 10953 926 8719 4776 1419
1229 7740 1959 4776 1754 1919 5328 1954 10211 8268 15649 4931 9591 16187 16187 16187
3842 3171 2856 11889 4776 12012 16187 3364 11553 12766 16187 16187 2598 16187 16187 16187
1655 12233 14180 3102 8719 9222 3171 10917 10033 13348 16187 10953 926 8719 4776 1419
13555 3803 779 12766 1229 8569 7740 12892 8712 2903 16187 16187 16187 16187 16187 16187
3842 3171 2856 11889 4776 12012 16187 3364 11553 12766 16187 16187 2598 16187 16187 16187
1655 12233 14180 3102 8719 9222 3171 10917 10033 13348 16187 10953 926 8719 4776 1419
10566 3177 4776 8808 3177 4776 1138 926 926 5711 779 9013 8719 9780 12291 16187
3842 3171 2856 11889 4776 12012 16187 3364 11553 12766 16187 16187 2598 16187 16187 16187
1655 12233 14180 3102 8719 9222 3171 10917 10033 13348 16187 10953 926 8719 4776 1419
926 14237 9654 8710 6259 10355 13607 2563 830 100 16187 16187 16187 16187 16187 16187
3842 3171 2856 11889 4776 12012 16187 3364 11553 12766 16187 16187 2598 16187 16187 16187
1655 12233 14180 3102 8719 9222 3171 10917 10033 13348 16187 10953 926 8719 4776 1419
