8815 4776 2563 8268 5463 8710 8268 10967 6259 14635 3177 16187 16187 16187 16187 16187
3842 3171 16187 9840 6259 2149 2563 16187 779 16105 8712 16187 4776 926 16187 16187
1655 12233 14180 3102 8719 9222 3171 10917 10033 13348 16187 8719 4776 7937 16187 16187
8712 779 4776 3138 2954 3177 3211 8268 10978 8268 14237 471 16187 16187 16187 16187
3842 3171 16187 9840 6259 2149 2563 16187 5208 10080 8712 16187 2847 16105 16187 16187
1655 12233 14180 3102 8719 9222 3171 10917 10033 13348 16187 8719 4776 7937 16187 16187
13136 15043 326 15983 4421 6017 5867 11247 16187 16187 16187 16187 16187 16187 16187 16187
3842 3171 16187 9840 6259 2149 2563 16187 779 16105 8712 16187 4776 926 16187 16187
1655 12233 14180 3102 8719 9222 3171 10917 10033 13348 16187 8719 4776 7937 16187 16187
8719 14087 12233 203 926 761 9253 1577 1207 14029 16187 16187 16187 16187 16187 16187
3842 3171 16187 9840 6259 2149 2563 16187 7542 16187 6259 10894 16187 16187 16187 16187
1655 12233 14180 3102 8719 9222 3171 10917 10033 13348 16187 8719 4776 7937 16187 16187
14069 8710 2446 4776 3942 3177 4776 11180 16187 16187 16187 16187 16187 16187 16187 16187
3842 3171 16187 9840 6259 2149 2563 16187 7542 16187 6259 10894 16187 16187 16187 16187
1655 12233 14180 3102 8719 9222 3171 10917 10033 13348 16187 6535 16187 8719 1110 16187
4624 2552 4776 9790 570 9385 12008 1919 6259 9780 13429 16187 16187 16187 16187 16187
3842 3171 16187 9840 6259 2149 2563 16187 7542 16187 6259 10894 16187 16187 16187 16187
1655 12233 14180 3102 8719 9222 3171 10917 10033 13348 16187 8719 4776 7937 16187 16187
7740 3644 9754 8069 5522 12233 10628 203 630 3171 2563 2292 16187 16187 16187 16187
3842 3171 16187 9840 6259 2149 2563 16187 779 16105 8712 16187 6872 16187 6259 7612
1655 12233 14180 3102 8719 9222 3171 10917 10033 13348 16187 6535 16187 8719 1110 16187
2446 4776 6006 8710 3639 16187 16187 16187 16187 16187 16187 16187 16187 16187 16187 16187
3842 3171 16187 9840 6259 2149 2563 16187 5208 10080 8712 16187 2847 16105 16187 16187
1655 12233 14180 3102 8719 9222 3171 10917 10033 13348 16187 6535 16187 8719 1110 16187
4776 14599 2494 14237 11553 8394 6201 3171 926 950 8719 3088 6259 854 9534 16187
3842 3171 16187 9840 6259 2149 2563 16187 7542 16187 6259 10894 16187 16187 16187 16187
1655 12233 14180 3102 8719 9222 3171 10917 10033 13348 16187 8719 4776 7937 16187 16187
8712 4931 3865 4409 14237 2842 12233 2823 16187 16187 16187 16187 16187 16187 16187 16187
3842 3171 16187 9840 6259 2149 2563 16187 5208 10080 8712 16187 2847 16105 16187 16187
1655 12233 14180 3102 8719 9222 3171 10917 10033 13348 16187 8719 4776 7937 16187 16187
8796 4969 3847 11192 12008 8712 8710 14180 8719 14824 16187 16187 16187 16187 16187 16187
3842 3171 16187 9840 6259 2149 2563 16187 779 16105 8712 16187 4776 926 16187 16187
1655 12233 14180 3102 8719 9222 3171 10917 10033 13348 16187 8719 4776 7937 16187 16187
9063 4624 9605 4776 8656 926 1019 13348 16187 16187 16187 16187 16187 16187 16187 16187
3842 3171 16187 9840 6259 2149 2563 16187 5208 10080 8712 16187 2847 16105 16187 16187
1655 12233 14180 3102 8719 9222 3171 10917 10033 13348 16187 6535 16187 8719 1110 16187
7740 12892 3171 9484 15525 3177 9484 16187 16187 16187 16187 16187 16187 16187 16187 16187
3842 3171 16187 9840 6259 2149 2563 16187 5208 10080 8712 16187 2847 16105 16187 16187
1655 12233 14180 3102 8719 9222 3171 10917 10033 13348 16187 8719 4776 7937 16187 16187
14069 5867 569 3177 11608 8726 6011 11889 5463 14634 3177 9424 16187 16187 16187 16187
3842 3171 16187 9840 6259 2149 2563 16187 779 16105 8712 16187 6872 16187 8268 14237
1655 12233 14180 3102 8719 9222 3171 10917 10033 13348 16187 8719 4776 7937 16187 16187
926 926 15881 12233 2451 4776 16003 8268 12008 13474 3847 5329 11192 16187 16187 16187
3842 3171 16187 9840 6259 2149 2563 16187 5208 10080 8712 16187 2847 16105 16187 16187
1655 12233 14180 3102 8719 9222 3171 10917 10033 13348 16187 8719 4776 7937 16187 16187
7740 16058 8712 14029 926 8268 1229 7740 5208 12650 8712 5274 16187 16187 16187 16187
3842 3171 16187 9840 6259 2149 2563 16187 7542 16187 6259 10894 16187 16187 16187 16187
1655 12233 14180 3102 8719 9222 3171 10917 10033 13348 16187 8719 4776 7937 16187 16187
4776 564 9424 8710 4776 6499 16187 16187 16187 16187 16187 16187 16187 16187 16187 16187
3842 3171 16187 9840 6259 2149 2563 16187 7542 16187 6259 10894 16187 16187 16187 16187
1655 12233 14180 3102 8719 9222 3171 10917 10033 13348 16187 6535 16187 8719 1110 16187
15525 3177 16187 16187 16187 16187 16187 16187 16187 16187 16187 16187 16187 16187 16187 16187
3842 3171 16187 9840 6259 2149 2563 16187 7542 16187 6259 10894 16187 16187 16187 16187
1655 12233 14180 3102 8719 9222 3171 10917 10033 13348 16187 8719 4776 7937 16187 16187
14272 8710 5329 13074 8710 4776 3299 14237 11166 3184 13943 5463 8712 6297 13411 16187
3842 3171 16187 9840 6259 2149 2563 16187 779 16105 8712 16187 4776 926 16187 16187
1655 12233 14180 3102 8719 9222 3171 10917 10033 13348 16187 6535 16187 8719 1110 16187
7926 9638 8712 15846 2823 6259 2083 870 16187 16187 16187 16187 16187 16187 16187 16187
3842 3171 16187 9840 6259 2149 2563 16187 779 16105 8712 16187 4776 926 16187 16187
1655 12233 14180 3102 8719 9222 3171 10917 10033 13348 16187 8719 4776 7937 16187 16187
630 11889 4776 1627 2687 8712 3007 12233 2823 9015 1957 6259 6070 1507 6688 16187
3842 3171 16187 9840 6259 2149 2563 16187 7542 16187 6259 10894 16187 16187 16187 16187
1655 12233 14180 3102 8719 9222 3171 10917 10033 13348 16187 8719 4776 7937 16187 16187
7740 11530 4776 6569 15107 7740 188 12233 10503 2148 512 4776 2002 10033 16187 16187
3842 3171 16187 9840 6259 2149 2563 16187 5208 10080 8712 16187 2847 16105 16187 16187
1655 12233 14180 3102 8719 9222 3171 10917 10033 13348 16187 8719 4776 7937 16187 16187
14776 6011 4223 2598 16187 16187 16187 16187 16187 16187 16187 16187 16187 16187 16187 16187
3842 3171 16187 9840 6259 2149 2563 16187 7542 16187 6259 10894 16187 16187 16187 16187
1655 12233 14180 3102 8719 9222 3171 10917 10033 13348 16187 8719 4776 7937 16187 16187
4240 6826 14397 14902 926 14802 8268 7740 4931 1344 15090 1919 3171 476 16187 16187
3842 3171 16187 9840 6259 2149 2563 16187 5208 10080 8712 16187 2847 16105 16187 16187
1655 12233 14180 3102 8719 9222 3171 10917 10033 13348 16187 6535 16187 8719 1110 16187
4776 8521 1919 4776 5425 1976 5867 8710 6148 12495 16187 16187 16187 16187 16187 16187
3842 3171 16187 9840 6259 2149 2563 16187 5208 10080 8712 16187 2847 16105 16187 16187
1655 12233 14180 3102 8719 9222 3171 10917 10033 13348 16187 8719 4776 7937 16187 16187
5463 8710 12276 14635 3177 9385 16187 16187 16187 16187 16187 16187 16187 16187 16187 16187
3842 3171 16187 9840 6259 2149 2563 16187 779 16105 8712 16187 6872 16187 8268 14237
1655 12233 14180 3102 8719 9222 3171 10917 10033 13348 16187 6535 16187 8719 1110 16187
6259 3597 5463 4624 5208 14180 9605 1778 13348 16187 16187 16187 16187 16187 16187 16187
3842 3171 16187 9840 6259 2149 2563 16187 779 16105 8712 16187 6872 16187 8268 14237
1655 12233 14180 3102 8719 9222 3171 10917 10033 13348 16187 8719 4776 7937 16187 16187
14734 564 9534 12233 1212 8069 12576 10315 9725 2979 6585 1019 830 9070 6173 16187
3842 3171 16187 9840 6259 2149 2563 16187 7542 16187 6259 10894 16187 16187 16187 16187
1655 12233 14180 3102 8719 9222 3171 10917 10033 13348 16187 6535 16187 8719 1110 16187
926 926 5867 8808 8710 8268 6381 10716 6259 7083 16187 16187 16187 16187 16187 16187
3842 3171 16187 9840 6259 2149 2563 16187 7542 16187 6259 10894 16187 16187 16187 16187
1655 12233 14180 3102 8719 9222 3171 10917 10033 13348 16187 8719 4776 7937 16187 16187
5568 4776 12686 10148 8781 13592 9715 15658 2979 6585 12233 6259 2541 9290 16187 16187
3842 3171 16187 9840 6259 2149 2563 16187 5208 10080 8712 16187 2847 16105 16187 16187
1655 12233 14180 3102 8719 9222 3171 10917 10033 13348 16187 8719 4776 7937 16187 16187
1961 9070 6173 14237 2984 926 4719 14029 14745 16187 16187 16187 16187 16187 16187 16187
3842 3171 16187 9840 6259 2149 2563 16187 7542 16187 6259 10894 16187 16187 16187 16187
1655 12233 14180 3102 8719 9222 3171 10917 10033 13348 16187 6535 16187 8719 1110 16187
15715 8712 6259 63 983 2326 6201 9070 10751 4776 12835 14237 4776 14596 8270 16187
3842 3171 16187 9840 6259 2149 2563 16187 7542 16187 6259 10894 16187 16187 16187 16187
1655 12233 14180 3102 8719 9222 3171 10917 10033 13348 16187 6535 16187 8719 1110 16187
4776 2563 8710 6388 16187 16187 16187 16187 16187 16187 16187 16187 16187 16187 16187 16187
3842 3171 16187 9840 6259 2149 2563 16187 5208 10080 8712 16187 2847 16105 16187 16187
1655 12233 14180 3102 8719 9222 3171 10917 10033 13348 16187 8719 4776 7937 16187 16187
4776 2588 4183 12256 16187 16187 16187 16187 16187 16187 16187 16187 16187 16187 16187 16187
3842 3171 16187 9840 6259 2149 2563 16187 7542 16187 6259 10894 16187 16187 16187 16187
1655 12233 14180 3102 8719 9222 3171 10917 10033 13348 16187 6535 16187 8719 1110 16187
926 12046 12233 926 14237 4776 2687 8428 16187 16187 16187 16187 16187 16187 16187 16187
3842 3171 16187 9840 6259 2149 2563 16187 5208 10080 8712 16187 2847 16105 16187 16187
1655 12233 14180 3102 8719 9222 3171 10917 10033 13348 16187 8719 4776 7937 16187 16187
10761 16187 16187 16187 16187 16187 16187 16187 16187 16187 16187 16187 16187 16187 16187 16187
3842 3171 16187 9840 6259 2149 2563 16187 5208 10080 8712 16187 2847 16105 16187 16187
1655 12233 14180 3102 8719 9222 3171 10917 10033 13348 16187 6535 16187 8719 1110 16187
9859 3568 13348 16187 16187 16187 16187 16187 16187 16187 16187 16187 16187 16187 16187 16187
3842 3171 16187 9840 6259 2149 2563 16187 7542 16187 6259 10894 16187 16187 16187 16187
1655 12233 14180 3102 8719 9222 3171 10917 10033 13348 16187 8719 4776 7937 16187 16187
10496 926 9084 7742 1955 11846 1955 7742 1955 4776 1754 3177 4776 13839 16187 16187
3842 3171 16187 9840 6259 2149 2563 16187 7542 16187 6259 10894 16187 16187 16187 16187
1655 12233 14180 3102 8719 9222 3171 10917 10033 13348 16187 6535 16187 8719 1110 16187
7740 4537 1110 4776 5033 3177 4776 9577 16187 16187 16187 16187 16187 16187 16187 16187
3842 3171 16187 9840 6259 2149 2563 16187 779 16105 8712 16187 6872 16187 6259 7612
1655 12233 14180 3102 8719 9222 3171 10917 10033 13348 16187 8719 4776 7937 16187 16187
4776 9385 8268 3177 1245 8268 12232 2823 12345 16187 16187 16187 16187 16187 16187 16187
3842 3171 16187 9840 6259 2149 2563 16187 5208 10080 8712 16187 2847 16105 16187 16187
1655 12233 14180 3102 8719 9222 3171 10917 10033 13348 16187 8719 4776 7937 16187 16187
8258 7926 3364 9544 4776 371 8268 7926 8710 7794 12115 6259 926 16187 16187 16187
3842 3171 16187 9840 6259 2149 2563 16187 5208 10080 8712 16187 2847 16105 16187 16187
1655 12233 14180 3102 8719 9222 3171 10917 10033 13348 16187 8719 4776 7937 16187 16187
1019 1889 8268 8712 3364 5367 16187 16187 16187 16187 16187 16187 16187 16187 16187 16187
3842 3171 16187 9840 6259 2149 2563 16187 779 16105 8712 16187 4776 926 16187 16187
1655 12233 14180 3102 8719 9222 3171 10917 10033 13348 16187 8719 4776 7937 16187 16187
1093 8719 4776 1781 8710 9754 8213 16187 16187 16187 16187 16187 16187 16187 16187 16187
3842 3171 16187 9840 6259 2149 2563 16187 5208 10080 8712 16187 2847 16105 16187 16187
1655 12233 14180 3102 8719 9222 3171 10917 10033 13348 16187 8719 4776 7937 16187 16187
7542 8268 2483 14919 15846 38 6011 16187 16187 16187 16187 16187 16187 16187 16187 16187
3842 3171 16187 9840 6259 2149 2563 16187 779 16105 8712 16187 6872 16187 6259 7612
1655 12233 14180 3102 8719 9222 3171 10917 10033 13348 16187 8719 4776 7937 16187 16187
3409 8710 8268 1955 2296 8268 10401 14237 11564 8719 14734 8808 16187 16187 16187 16187
3842 3171 16187 9840 6259 2149 2563 16187 5208 10080 8712 16187 2847 16105 16187 16187
1655 12233 14180 3102 8719 9222 3171 10917 10033 13348 16187 6535 16187 8719 1110 16187
8712 12515 6259 5580 5646 950 3177 926 5867 6484 12233 1923 3748 3171 8808 16187
3842 3171 16187 9840 6259 2149 2563 16187 7542 16187 6259 10894 16187 16187 16187 16187
1655 12233 14180 3102 8719 9222 3171 10917 10033 13348 16187 8719 4776 7937 16187 16187
2176 9538 3078 16187 16187 16187 16187 16187 16187 16187 16187 16187 16187 16187 16187 16187
3842 3171 16187 9840 6259 2149 2563 16187 779 16105 8712 16187 4776 926 16187 16187
1655 12233 14180 3102 8719 9222 3171 10917 10033 13348 16187 6535 16187 8719 1110 16187
2429 3171 8710 6259 2563 5463 13404 14691 8081 16187 16187 16187 16187 16187 16187 16187
3842 3171 16187 9840 6259 2149 2563 16187 5208 10080 8712 16187 2847 16105 16187 16187
1655 12233 14180 3102 8719 9222 3171 10917 10033 13348 16187 6535 16187 8719 1110 16187
4776 10418 8710 6535 10355 8268 12495 16187 16187 16187 16187 16187 16187 16187 16187 16187
3842 3171 16187 9840 6259 2149 2563 16187 7542 16187 6259 10894 16187 16187 16187 16187
1655 12233 14180 3102 8719 9222 3171 10917 10033 13348 16187 8719 4776 7937 16187 16187
4152 1684 2598 16187 16187 16187 16187 16187 16187 16187 16187 16187 16187 16187 16187 16187
3842 3171 16187 9840 6259 2149 2563 16187 779 16105 8712 16187 6872 16187 8268 14237
1655 12233 14180 3102 8719 9222 3171 10917 10033 13348 16187 8719 4776 7937 16187 16187
6259 3033 315 1957 4776 6585 3177 15436 14237 1378 5463 385 12233 2823 4103 16187
3842 3171 16187 9840 6259 2149 2563 16187 5208 10080 8712 16187 2847 16105 16187 16187
1655 12233 14180 3102 8719 9222 3171 10917 10033 13348 16187 8719 4776 7937 16187 16187
12008 4624 12773 1213 6259 10301 14237 12449 8712 1955 10501 3177 15520 11317 926 16187
3842 3171 16187 9840 6259 2149 2563 16187 5208 10080 8712 16187 2847 16105 16187 16187
1655 12233 14180 3102 8719 9222 3171 10917 10033 13348 16187 6535 16187 8719 1110 16187
12958 5788 8710 9754 16187 16187 16187 16187 16187 16187 16187 16187 16187 16187 16187 16187
3842 3171 16187 9840 6259 2149 2563 16187 779 16105 8712 16187 6872 16187 6259 7612
1655 12233 14180 3102 8719 9222 3171 10917 10033 13348 16187 6535 16187 8719 1110 16187
4552 5329 2080 3171 2903 13348 13348 16187 16187 16187 16187 16187 16187 16187 16187 16187
3842 3171 16187 9840 6259 2149 2563 16187 5208 10080 8712 16187 2847 16105 16187 16187
1655 12233 14180 3102 8719 9222 3171 10917 10033 13348 16187 6535 16187 8719 1110 16187
1138 4776 10125 926 5711 3826 9563 1919 1885 4125 12232 5329 2823 2329 16187 16187
3842 3171 16187 9840 6259 2149 2563 16187 779 16105 8712 16187 6872 16187 8268 14237
1655 12233 14180 3102 8719 9222 3171 10917 10033 13348 16187 6535 16187 8719 1110 16187
3171 8710 6259 6070 10355 14237 10336 10033 16187 16187 16187 16187 16187 16187 16187 16187
3842 3171 16187 9840 6259 2149 2563 16187 7542 16187 6259 10894 16187 16187 16187 16187
1655 12233 14180 3102 8719 9222 3171 10917 10033 13348 16187 6535 16187 8719 1110 16187
8712 5867 10471 8719 6259 6070 11063 14237 7702 4464 14237 8710 10373 1980 16187 16187
3842 3171 16187 9840 6259 2149 2563 16187 5208 10080 8712 16187 2847 16105 16187 16187
1655 12233 14180 3102 8719 9222 3171 10917 10033 13348 16187 6535 16187 8719 1110 16187
8719 3511 4537 4552 9754 11553 6259 9385 926 1957 14180 16187 16187 16187 16187 16187
3842 3171 16187 9840 6259 2149 2563 16187 779 16105 8712 16187 4776 926 16187 16187
1655 12233 14180 3102 8719 9222 3171 10917 10033 13348 16187 8719 4776 7937 16187 16187
7740 968 8154 15715 3171 8258 4776 16146 5073 16187 16187 16187 16187 16187 16187 16187
3842 3171 16187 9840 6259 2149 2563 16187 7542 16187 6259 10894 16187 16187 16187 16187
1655 12233 14180 3102 8719 9222 3171 10917 10033 13348 16187 8719 4776 7937 16187 16187
5329 3699 8268 4776 12214 10497 14620 8710 6259 1932 6465 16187 16187 16187 16187 16187
3842 3171 16187 9840 6259 2149 2563 16187 7542 16187 6259 10894 16187 16187 16187 16187
1655 12233 14180 3102 8719 9222 3171 10917 10033 13348 16187 6535 16187 8719 1110 16187
1138 3520 8712 14029 5711 16105 2191 8069 2263 12007 4931 8213 3962 12233 3171 16187
3842 3171 16187 9840 6259 2149 2563 16187 5208 10080 8712 16187 2847 16105 16187 16187
1655 12233 14180 3102 8719 9222 3171 10917 10033 13348 16187 8719 4776 7937 16187 16187
15658 14352 16187 16187 16187 16187 16187 16187 16187 16187 16187 16187 16187 16187 16187 16187
3842 3171 16187 9840 6259 2149 2563 16187 5208 10080 8712 16187 2847 16105 16187 16187
1655 12233 14180 3102 8719 9222 3171 10917 10033 13348 16187 6535 16187 8719 1110 16187
1019 10840 8268 15658 4552 7740 11889 8270 2598 16187 16187 16187 16187 16187 16187 16187
3842 3171 16187 9840 6259 2149 2563 16187 7542 16187 6259 10894 16187 16187 16187 16187
1655 12233 14180 3102 8719 9222 3171 10917 10033 13348 16187 8719 4776 7937 16187 16187
7001 15525 14237 13588 3171 2563 1955 6280 1955 786 16187 16187 16187 16187 16187 16187
3842 3171 16187 9840 6259 2149 2563 16187 779 16105 8712 16187 6872 16187 8268 14237
1655 12233 14180 3102 8719 9222 3171 10917 10033 13348 16187 8719 4776 7937 16187 16187
5332 8268 2327 12233 13317 5463 2588 1378 15525 13348 16187 16187 16187 16187 16187 16187
3842 3171 16187 9840 6259 2149 2563 16187 7542 16187 6259 10894 16187 16187 16187 16187
1655 12233 14180 3102 8719 9222 3171 10917 10033 13348 16187 6535 16187 8719 1110 16187
4776 8268 4776 13783 11842 8268 4776 5358 14237 4776 12013 14776 15513 13348 16187 16187
3842 3171 16187 9840 6259 2149 2563 16187 779 16105 8712 16187 4776 926 16187 16187
1655 12233 14180 3102 8719 9222 3171 10917 10033 13348 16187 6535 16187 8719 1110 16187
7740 1442 3171 2563 9850 12291 1957 4776 8869 2588 5365 16187 16187 16187 16187 16187
3842 3171 16187 9840 6259 2149 2563 16187 5208 10080 8712 16187 2847 16105 16187 16187
1655 12233 14180 3102 8719 9222 3171 10917 10033 13348 16187 6535 16187 8719 1110 16187
4776 14596 2894 15846 7347 9455 13022 12233 4776 2563 16187 16187 16187 16187 16187 16187
3842 3171 16187 9840 6259 2149 2563 16187 779 16105 8712 16187 6872 16187 8268 14237
1655 12233 14180 3102 8719 9222 3171 10917 10033 13348 16187 8719 4776 7937 16187 16187
7740 4142 12814 5463 8726 6011 6635 926 8268 6011 15846 1110 926 8715 16187 16187
3842 3171 16187 9840 6259 2149 2563 16187 7542 16187 6259 10894 16187 16187 16187 16187
1655 12233 14180 3102 8719 9222 3171 10917 10033 13348 16187 8719 4776 7937 16187 16187
6173 16187 16187 16187 16187 16187 16187 16187 16187 16187 16187 16187 16187 16187 16187 16187
3842 3171 16187 9840 6259 2149 2563 16187 5208 10080 8712 16187 2847 16105 16187 16187
1655 12233 14180 3102 8719 9222 3171 10917 10033 13348 16187 6535 16187 8719 1110 16187
14237 7740 9084 16187 16187 16187 16187 16187 16187 16187 16187 16187 16187 16187 16187 16187
3842 3171 16187 9840 6259 2149 2563 16187 5208 10080 8712 16187 2847 16105 16187 16187
1655 12233 14180 3102 8719 9222 3171 10917 10033 13348 16187 6535 16187 8719 1110 16187
8712 5867 6259 14596 5463 2326 1029 1919 6011 830 1243 16187 16187 16187 16187 16187
3842 3171 16187 9840 6259 2149 2563 16187 779 16105 8712 16187 6872 16187 8268 14237
1655 12233 14180 3102 8719 9222 3171 10917 10033 13348 16187 8719 4776 7937 16187 16187
6363 9484 926 4647 14411 8268 7740 4931 7603 926 16187 16187 16187 16187 16187 16187
3842 3171 16187 9840 6259 2149 2563 16187 5208 10080 8712 16187 2847 16105 16187 16187
1655 12233 14180 3102 8719 9222 3171 10917 10033 13348 16187 8719 4776 7937 16187 16187
1019 7742 6259 6113 8710 6259 2543 3177 1167 16187 16187 16187 16187 16187 16187 16187
3842 3171 16187 9840 6259 2149 2563 16187 5208 10080 8712 16187 2847 16105 16187 16187
1655 12233 14180 3102 8719 9222 3171 10917 10033 13348 16187 6535 16187 8719 1110 16187
10033 15271 2296 11553 6259 10045 11401 13089 4325 7523 8858 6513 16187 16187 16187 16187
3842 3171 16187 9840 6259 2149 2563 16187 5208 10080 8712 16187 2847 16105 16187 16187
1655 12233 14180 3102 8719 9222 3171 10917 10033 13348 16187 6535 16187 8719 1110 16187
5329 2689 16187 16187 16187 16187 16187 16187 16187 16187 16187 16187 16187 16187 16187 16187
3842 3171 16187 9840 6259 2149 2563 16187 779 16105 8712 16187 4776 926 16187 16187
1655 12233 14180 3102 8719 9222 3171 10917 10033 13348 16187 6535 16187 8719 1110 16187
7740 14263 8712 6877 16187 16187 16187 16187 16187 16187 16187 16187 16187 16187 16187 16187
3842 3171 16187 9840 6259 2149 2563 16187 7542 16187 6259 10894 16187 16187 16187 16187
1655 12233 14180 3102 8719 9222 3171 10917 10033 13348 16187 8719 4776 7937 16187 16187
7742 8268 13084 16187 16187 16187 16187 16187 16187 16187 16187 16187 16187 16187 16187 16187
3842 3171 16187 9840 6259 2149 2563 16187 779 16105 8712 16187 4776 926 16187 16187
1655 12233 14180 3102 8719 9222 3171 10917 10033 13348 16187 6535 16187 8719 1110 16187
4537 12650 8712 14237 2823 5937 16058 12904 16187 16187 16187 16187 16187 16187 16187 16187
3842 3171 16187 9840 6259 2149 2563 16187 5208 10080 8712 16187 2847 16105 16187 16187
1655 12233 14180 3102 8719 9222 3171 10917 10033 13348 16187 6535 16187 8719 1110 16187
8549 8710 13956 5867 3870 15658 779 12495 1597 15180 1213 1955 1885 926 926 16187
3842 3171 16187 9840 6259 2149 2563 16187 5208 10080 8712 16187 2847 16105 16187 16187
1655 12233 14180 3102 8719 9222 3171 10917 10033 13348 16187 6535 16187 8719 1110 16187
4537 1132 14776 5937 926 5297 6774 4240 1750 926 2837 1954 12735 10398 2598 16187
3842 3171 16187 9840 6259 2149 2563 16187 779 16105 8712 16187 6872 16187 8268 14237
1655 12233 14180 3102 8719 9222 3171 10917 10033 13348 16187 8719 4776 7937 16187 16187
7740 926 9429 4776 9685 3177 3171 10033 929 3171 5365 15846 4189 1229 7742 16187
3842 3171 16187 9840 6259 2149 2563 16187 7542 16187 6259 10894 16187 16187 16187 16187
1655 12233 14180 3102 8719 9222 3171 10917 10033 13348 16187 6535 16187 8719 1110 16187
3171 10033 4931 926 1955 6259 3211 8268 12008 7740 2326 10866 8712 16187 16187 16187
3842 3171 16187 9840 6259 2149 2563 16187 779 16105 8712 16187 4776 926 16187 16187
1655 12233 14180 3102 8719 9222 3171 10917 10033 13348 16187 8719 4776 7937 16187 16187
8069 1138 4776 12850 9577 14029 12625 5711 771 13441 8719 8712 16187 16187 16187 16187
3842 3171 16187 9840 6259 2149 2563 16187 779 16105 8712 16187 4776 926 16187 16187
1655 12233 14180 3102 8719 9222 3171 10917 10033 13348 16187 8719 4776 7937 16187 16187
8712 8524 12233 2823 6259 3211 12008 13623 14221 14426 3177 2263 14395 16187 16187 16187
3842 3171 16187 9840 6259 2149 2563 16187 7542 16187 6259 10894 16187 16187 16187 16187
1655 12233 14180 3102 8719 9222 3171 10917 10033 13348 16187 6535 16187 8719 1110 16187
8796 8268 5463 5867 1885 13429 16187 16187 16187 16187 16187 16187 16187 16187 16187 16187
3842 3171 16187 9840 6259 2149 2563 16187 7542 16187 6259 10894 16187 16187 16187 16187
1655 12233 14180 3102 8719 9222 3171 10917 10033 13348 16187 8719 4776 7937 16187 16187
3171 13141 12233 14745 14237 926 1750 2203 10967 4776 383 16187 16187 16187 16187 16187
3842 3171 16187 9840 6259 2149 2563 16187 5208 10080 8712 16187 2847 16105 16187 16187
1655 12233 14180 3102 8719 9222 3171 10917 10033 13348 16187 8719 4776 7937 16187 16187
10669 8268 8815 2904 10967 10928 16187 16187 16187 16187 16187 16187 16187 16187 16187 16187
3842 3171 16187 9840 6259 2149 2563 16187 5208 10080 8712 16187 2847 16105 16187 16187
1655 12233 14180 3102 8719 9222 3171 10917 10033 13348 16187 8719 4776 7937 16187 16187
5780 14237 926 8733 6259 2689 1045 16187 16187 16187 16187 16187 16187 16187 16187 16187
3842 3171 16187 9840 6259 2149 2563 16187 779 16105 8712 16187 6872 16187 6259 7612
1655 12233 14180 3102 8719 9222 3171 10917 10033 13348 16187 6535 16187 8719 1110 16187
1954 9332 6683 1957 10197 926 16187 16187 16187 16187 16187 16187 16187 16187 16187 16187
3842 3171 16187 9840 6259 2149 2563 16187 7542 16187 6259 10894 16187 16187 16187 16187
1655 12233 14180 3102 8719 9222 3171 10917 10033 13348 16187 6535 16187 8719 1110 16187
12958 5208 2823 8268 14237 8710 2176 16187 16187 16187 16187 16187 16187 16187 16187 16187
3842 3171 16187 9840 6259 2149 2563 16187 779 16105 8712 16187 6872 16187 6259 7612
1655 12233 14180 3102 8719 9222 3171 10917 10033 13348 16187 8719 4776 7937 16187 16187
2552 8712 830 4776 13839 14237 4776 3098 11842 16187 16187 16187 16187 16187 16187 16187
3842 3171 16187 9840 6259 2149 2563 16187 5208 10080 8712 16187 2847 16105 16187 16187
1655 12233 14180 3102 8719 9222 3171 10917 10033 13348 16187 6535 16187 8719 1110 16187
4776 6331 4931 6259 484 7740 12571 15525 8376 12127 983 7740 1442 8712 16187 16187
3842 3171 16187 9840 6259 2149 2563 16187 779 16105 8712 16187 4776 926 16187 16187
1655 12233 14180 3102 8719 9222 3171 10917 10033 13348 16187 6535 16187 8719 1110 16187
15096 5174 4776 926 3177 926 11306 13348 13348 16187 16187 16187 16187 16187 16187 16187
3842 3171 16187 9840 6259 2149 2563 16187 5208 10080 8712 16187 2847 16105 16187 16187
1655 12233 14180 3102 8719 9222 3171 10917 10033 13348 16187 6535 16187 8719 1110 16187
14272 11978 13926 5656 12233 8456 2598 16187 16187 16187 16187 16187 16187 16187 16187 16187
3842 3171 16187 9840 6259 2149 2563 16187 7542 16187 6259 10894 16187 16187 16187 16187
1655 12233 14180 3102 8719 9222 3171 10917 10033 13348 16187 6535 16187 8719 1110 16187
7742 4032 15715 16187 16187 16187 16187 16187 16187 16187 16187 16187 16187 16187 16187 16187
3842 3171 16187 9840 6259 2149 2563 16187 7542 16187 6259 10894 16187 16187 16187 16187
1655 12233 14180 3102 8719 9222 3171 10917 10033 13348 16187 6535 16187 8719 1110 16187
7883 8710 7251 6423 4776 582 8719 9594 16187 16187 16187 16187 16187 16187 16187 16187
3842 3171 16187 9840 6259 2149 2563 16187 7542 16187 6259 10894 16187 16187 16187 16187
1655 12233 14180 3102 8719 9222 3171 10917 10033 13348 16187 8719 4776 7937 16187 16187
15978 13089 7740 1959 3171 4311 326 1959 4776 926 16187 16187 16187 16187 16187 16187
3842 3171 16187 9840 6259 2149 2563 16187 7542 16187 6259 10894 16187 16187 16187 16187
1655 12233 14180 3102 8719 9222 3171 10917 10033 13348 16187 8719 4776 7937 16187 16187
8712 8710 6259 10355 3701 4750 14596 3177 10950 11287 16187 16187 16187 16187 16187 16187
3842 3171 16187 9840 6259 2149 2563 16187 7542 16187 6259 10894 16187 16187 16187 16187
1655 12233 14180 3102 8719 9222 3171 10917 10033 13348 16187 8719 4776 7937 16187 16187
8719 4203 8268 7926 11021 12233 7820 14734 6087 3788 1873 14237 12805 15389 8081 16187
3842 3171 16187 9840 6259 2149 2563 16187 7542 16187 6259 10894 16187 16187 16187 16187
1655 12233 14180 3102 8719 9222 3171 10917 10033 13348 16187 8719 4776 7937 16187 16187
1955 6259 13270 8499 8268 8712 13623 14426 16187 16187 16187 16187 16187 16187 16187 16187
3842 3171 16187 9840 6259 2149 2563 16187 7542 16187 6259 10894 16187 16187 16187 16187
1655 12233 14180 3102 8719 9222 3171 10917 10033 13348 16187 6535 16187 8719 1110 16187
8712 9084 9754 6683 11889 8712 4931 9575 8719 5820 9594 14237 13546 16187 16187 16187
3842 3171 16187 9840 6259 2149 2563 16187 5208 10080 8712 16187 2847 16105 16187 16187
1655 12233 14180 3102 8719 9222 3171 10917 10033 13348 16187 8719 4776 7937 16187 16187
3171 8710 5329 9612 1955 16059 16187 16187 16187 16187 16187 16187 16187 16187 16187 16187
3842 3171 16187 9840 6259 2149 2563 16187 5208 10080 8712 16187 2847 16105 16187 16187
1655 12233 14180 3102 8719 9222 3171 10917 10033 13348 16187 6535 16187 8719 1110 16187
13089 8746 926 830 4776 9431 983 8268 8712 145 1514 12233 5937 9465 16187 16187
3842 3171 16187 9840 6259 2149 2563 16187 779 16105 8712 16187 4776 926 16187 16187
1655 12233 14180 3102 8719 9222 3171 10917 10033 13348 16187 6535 16187 8719 1110 16187
5952 926 8733 3098 7438 1919 926 11169 6259 12256 9534 16187 16187 16187 16187 16187
3842 3171 16187 9840 6259 2149 2563 16187 7542 16187 6259 10894 16187 16187 16187 16187
1655 12233 14180 3102 8719 9222 3171 10917 10033 13348 16187 8719 4776 7937 16187 16187
4776 2470 8268 4776 2255 8268 4776 11913 14457 16187 16187 16187 16187 16187 16187 16187
3842 3171 16187 9840 6259 2149 2563 16187 779 16105 8712 16187 4776 926 16187 16187
1655 12233 14180 3102 8719 9222 3171 10917 10033 13348 16187 6535 16187 8719 1110 16187
7831 7979 2847 6259 926 3177 926 830 7196 5713 8185 3748 1229 718 16187 16187
3842 3171 16187 9840 6259 2149 2563 16187 779 16105 8712 16187 6872 16187 8268 14237
1655 12233 14180 3102 8719 9222 3171 10917 10033 13348 16187 6535 16187 8719 1110 16187
6259 12444 13348 16187 16187 16187 16187 16187 16187 16187 16187 16187 16187 16187 16187 16187
3842 3171 16187 9840 6259 2149 2563 16187 7542 16187 6259 10894 16187 16187 16187 16187
1655 12233 14180 3102 8719 9222 3171 10917 10033 13348 16187 6535 16187 8719 1110 16187
14180 7740 5208 1436 8710 3171 4537 2552 8712 16187 16187 16187 16187 16187 16187 16187
3842 3171 16187 9840 6259 2149 2563 16187 7542 16187 6259 10894 16187 16187 16187 16187
1655 12233 14180 3102 8719 9222 3171 10917 10033 13348 16187 6535 16187 8719 1110 16187
8747 8710 3699 10355 8268 10315 8268 10315 6905 16187 16187 16187 16187 16187 16187 16187
3842 3171 16187 9840 6259 2149 2563 16187 779 16105 8712 16187 6872 16187 6259 7612
1655 12233 14180 3102 8719 9222 3171 10917 10033 13348 16187 8719 4776 7937 16187 16187
14043 8268 15870 5329 16187 16187 16187 16187 16187 16187 16187 16187 16187 16187 16187 16187
3842 3171 16187 9840 6259 2149 2563 16187 7542 16187 6259 10894 16187 16187 16187 16187
1655 12233 14180 3102 8719 9222 3171 10917 10033 13348 16187 8719 4776 7937 16187 16187
4776 9784 8268 4792 3177 5463 6408 10114 8268 13942 12233 2823 7877 926 16187 16187
3842 3171 16187 9840 6259 2149 2563 16187 5208 10080 8712 16187 2847 16105 16187 16187
1655 12233 14180 3102 8719 9222 3171 10917 10033 13348 16187 6535 16187 8719 1110 16187
4776 7261 8710 5084 8719 6259 11308 13965 4927 8268 630 11889 2263 3991 16187 16187
3842 3171 16187 9840 6259 2149 2563 16187 7542 16187 6259 10894 16187 16187 16187 16187
1655 12233 14180 3102 8719 9222 3171 10917 10033 13348 16187 8719 4776 7937 16187 16187
4776 12616 3177 4776 216 9209 15658 8710 10050 1919 1885 11913 8268 926 16187 16187
3842 3171 16187 9840 6259 2149 2563 16187 5208 10080 8712 16187 2847 16105 16187 16187
1655 12233 14180 3102 8719 9222 3171 10917 10033 13348 16187 8719 4776 7937 16187 16187
8712 5867 5329 4776 10033 5867 12732 16187 16187 16187 16187 16187 16187 16187 16187 16187
3842 3171 16187 9840 6259 2149 2563 16187 5208 10080 8712 16187 2847 16105 16187 16187
1655 12233 14180 3102 8719 9222 3171 10917 10033 13348 16187 6535 16187 8719 1110 16187
926 926 1019 926 6173 4931 14231 16187 16187 16187 16187 16187 16187 16187 16187 16187
3842 3171 16187 9840 6259 2149 2563 16187 5208 10080 8712 16187 2847 16105 16187 16187
1655 12233 14180 3102 8719 9222 3171 10917 10033 13348 16187 6535 16187 8719 1110 16187
10545 8719 926 8268 5374 8719 926 14237 15766 8719 4182 16187 16187 16187 16187 16187
3842 3171 16187 9840 6259 2149 2563 16187 5208 10080 8712 16187 2847 16105 16187 16187
1655 12233 14180 3102 8719 9222 3171 10917 10033 13348 16187 6535 16187 8719 1110 16187
7742 2053 3994 14237 2053 9513 4192 14237 9533 14265 3994 9498 3098 16187 16187 16187
3842 3171 16187 9840 6259 2149 2563 16187 7542 16187 6259 10894 16187 16187 16187 16187
1655 12233 14180 3102 8719 9222 3171 10917 10033 13348 16187 6535 16187 8719 1110 16187
8712 8710 5944 8268 6700 14237 2115 16187 16187 16187 16187 16187 16187 16187 16187 16187
3842 3171 16187 9840 6259 2149 2563 16187 779 16105 8712 16187 4776 926 16187 16187
1655 12233 14180 3102 8719 9222 3171 10917 10033 13348 16187 8719 4776 7937 16187 16187
4776 9736 15416 3177 14272 15846 5367 12233 14858 4931 5820 14237 2097 3177 2746 16187
3842 3171 16187 9840 6259 2149 2563 16187 5208 10080 8712 16187 2847 16105 16187 16187
1655 12233 14180 3102 8719 9222 3171 10917 10033 13348 16187 8719 4776 7937 16187 16187
1019 13474 5867 4776 7348 12233 926 14822 8719 1138 1110 779 1597 12743 5711 16187
3842 3171 16187 9840 6259 2149 2563 16187 7542 16187 6259 10894 16187 16187 16187 16187
1655 12233 14180 3102 8719 9222 3171 10917 10033 13348 16187 6535 16187 8719 1110 16187
1955 6259 14038 1093 2563 2263 5812 1955 4931 3451 4931 16187 16187 16187 16187 16187
3842 3171 16187 9840 6259 2149 2563 16187 779 16105 8712 16187 4776 926 16187 16187
1655 12233 14180 3102 8719 9222 3171 10917 10033 13348 16187 6535 16187 8719 1110 16187
531 7740 9429 3171 8710 4537 6259 6780 11692 4189 10967 6259 6071 15762 16187 16187
3842 3171 16187 9840 6259 2149 2563 16187 5208 10080 8712 16187 2847 16105 16187 16187
1655 12233 14180 3102 8719 9222 3171 10917 10033 13348 16187 6535 16187 8719 1110 16187
14237 7926 3847 6259 5695 15781 1957 8712 13348 13348 13348 16187 16187 16187 16187 16187
3842 3171 16187 9840 6259 2149 2563 16187 7542 16187 6259 10894 16187 16187 16187 16187
1655 12233 14180 3102 8719 9222 3171 10917 10033 13348 16187 8719 4776 7937 16187 16187
12233 1436 5463 8712 8710 5329 4032 4776 5524 3177 6259 9847 8710 14640 16187 16187
3842 3171 16187 9840 6259 2149 2563 16187 7542 16187 6259 10894 16187 16187 16187 16187
1655 12233 14180 3102 8719 9222 3171 10917 10033 13348 16187 8719 4776 7937 16187 16187
7740 6635 926 7742 9591 830 14272 8712 4931 16187 16187 16187 16187 16187 16187 16187
3842 3171 16187 9840 6259 2149 2563 16187 779 16105 8712 16187 4776 926 16187 16187
1655 12233 14180 3102 8719 9222 3171 10917 10033 13348 16187 8719 4776 7937 16187 16187
8726 14691 6672 8712 15846 6381 6259 2033 14029 5937 3504 16187 16187 16187 16187 16187
3842 3171 16187 9840 6259 2149 2563 16187 5208 10080 8712 16187 2847 16105 16187 16187
1655 12233 14180 3102 8719 9222 3171 10917 10033 13348 16187 8719 4776 7937 16187 16187
14237 1229 3847 4776 2563 16187 16187 16187 16187 16187 16187 16187 16187 16187 16187 16187
3842 3171 16187 9840 6259 2149 2563 16187 5208 10080 8712 16187 2847 16105 16187 16187
1655 12233 14180 3102 8719 9222 3171 10917 10033 13348 16187 6535 16187 8719 1110 16187
5463 5867 12276 16058 9450 916 5721 16187 16187 16187 16187 16187 16187 16187 16187 16187
3842 3171 16187 9840 6259 2149 2563 16187 779 16105 8712 16187 4776 926 16187 16187
1655 12233 14180 3102 8719 9222 3171 10917 10033 13348 16187 8719 4776 7937 16187 16187
926 13348 16187 16187 16187 16187 16187 16187 16187 16187 16187 16187 16187 16187 16187 16187
3842 3171 16187 9840 6259 2149 2563 16187 5208 10080 8712 16187 2847 16105 16187 16187
1655 12233 14180 3102 8719 9222 3171 10917 10033 13348 16187 8719 4776 7937 16187 16187
3171 8710 2466 12092 8268 12008 4776 15416 8710 5329 14069 16187 16187 16187 16187 16187
3842 3171 16187 9840 6259 2149 2563 16187 7542 16187 6259 10894 16187 16187 16187 16187
1655 12233 14180 3102 8719 9222 3171 10917 10033 13348 16187 6535 16187 8719 1110 16187
7740 13063 14734 926 3177 15866 1603 926 926 926 12541 926 8719 3171 2563 16187
3842 3171 16187 9840 6259 2149 2563 16187 7542 16187 6259 10894 16187 16187 16187 16187
1655 12233 14180 3102 8719 9222 3171 10917 10033 13348 16187 8719 4776 7937 16187 16187
7975 4609 10967 3171 2563 16187 16187 16187 16187 16187 16187 16187 16187 16187 16187 16187
3842 3171 16187 9840 6259 2149 2563 16187 7542 16187 6259 10894 16187 16187 16187 16187
1655 12233 14180 3102 8719 9222 3171 10917 10033 13348 16187 6535 16187 8719 1110 16187
12013 8710 10602 16187 16187 16187 16187 16187 16187 16187 16187 16187 16187 16187 16187 16187
3842 3171 16187 9840 6259 2149 2563 16187 5208 10080 8712 16187 2847 16105 16187 16187
1655 12233 14180 3102 8719 9222 3171 10917 10033 13348 16187 8719 4776 7937 16187 16187
4776 6664 4931 926 8268 12008 4537 2474 14029 12233 15096 16187 16187 16187 16187 16187
3842 3171 16187 9840 6259 2149 2563 16187 7542 16187 6259 10894 16187 16187 16187 16187
1655 12233 14180 3102 8719 9222 3171 10917 10033 13348 16187 8719 4776 7937 16187 16187
7742 8268 8712 8710 16187 16187 16187 16187 16187 16187 16187 16187 16187 16187 16187 16187
3842 3171 16187 9840 6259 2149 2563 16187 779 16105 8712 16187 4776 926 16187 16187
1655 12233 14180 3102 8719 9222 3171 10917 10033 13348 16187 6535 16187 8719 1110 16187
4776 10217 926 7310 3588 3366 3847 5329 15232 1954 9803 14281 3177 4776 10033 16187
3842 3171 16187 9840 6259 2149 2563 16187 7542 16187 6259 10894 16187 16187 16187 16187
1655 12233 14180 3102 8719 9222 3171 10917 10033 13348 16187 6535 16187 8719 1110 16187
7740 4931 926 13348 13348 13348 16187 16187 16187 16187 16187 16187 16187 16187 16187 16187
3842 3171 16187 9840 6259 2149 2563 16187 7542 16187 6259 10894 16187 16187 16187 16187
1655 12233 14180 3102 8719 9222 3171 10917 10033 13348 16187 6535 16187 8719 1110 16187
7508 8268 10191 1649 16105 3011 387 8268 14237 5463 4931 8712 16187 16187 16187 16187
3842 3171 16187 9840 6259 2149 2563 16187 779 16105 8712 16187 6872 16187 8268 14237
1655 12233 14180 3102 8719 9222 3171 10917 10033 13348 16187 6535 16187 8719 1110 16187
6173 9138 4277 1390 9484 1019 8712 3847 9754 14131 12233 2823 1543 8712 8710 16187
3842 3171 16187 9840 6259 2149 2563 16187 779 16105 8712 16187 6872 16187 6259 7612
1655 12233 14180 3102 8719 9222 3171 10917 10033 13348 16187 8719 4776 7937 16187 16187
7740 11553 5329 1959 4776 16146 8656 14237 6535 10879 11953 9316 4312 16187 16187 16187
3842 3171 16187 9840 6259 2149 2563 16187 779 16105 8712 16187 4776 926 16187 16187
1655 12233 14180 3102 8719 9222 3171 10917 10033 13348 16187 8719 4776 7937 16187 16187
6687 8710 6259 3098 13587 10033 830 13592 983 13783 16187 16187 16187 16187 16187 16187
3842 3171 16187 9840 6259 2149 2563 16187 5208 10080 8712 16187 2847 16105 16187 16187
1655 12233 14180 3102 8719 9222 3171 10917 10033 13348 16187 6535 16187 8719 1110 16187
14237 4311 4624 11031 10918 12233 9642 8747 13348 16187 16187 16187 16187 16187 16187 16187
3842 3171 16187 9840 6259 2149 2563 16187 5208 10080 8712 16187 2847 16105 16187 16187
1655 12233 14180 3102 8719 9222 3171 10917 10033 13348 16187 6535 16187 8719 1110 16187
5329 4776 564 926 830 9692 926 16187 16187 16187 16187 16187 16187 16187 16187 16187
3842 3171 16187 9840 6259 2149 2563 16187 5208 10080 8712 16187 2847 16105 16187 16187
1655 12233 14180 3102 8719 9222 3171 10917 10033 13348 16187 6535 16187 8719 1110 16187
3171 983 15520 7981 7001 12233 3676 1543 6179 13501 12825 601 16187 16187 16187 16187
3842 3171 16187 9840 6259 2149 2563 16187 5208 10080 8712 16187 2847 16105 16187 16187
1655 12233 14180 3102 8719 9222 3171 10917 10033 13348 16187 8719 4776 7937 16187 16187
7926 779 4776 7377 5463 10394 926 14237 7926 13816 4776 11889 13084 16146 10125 16187
3842 3171 16187 9840 6259 2149 2563 16187 5208 10080 8712 16187 2847 16105 16187 16187
1655 12233 14180 3102 8719 9222 3171 10917 10033 13348 16187 6535 16187 8719 1110 16187
4776 4267 8710 10501 9850 8268 2837 14221 16187 16187 16187 16187 16187 16187 16187 16187
3842 3171 16187 9840 6259 2149 2563 16187 779 16105 8712 16187 6872 16187 8268 14237
1655 12233 14180 3102 8719 9222 3171 10917 10033 13348 16187 8719 4776 7937 16187 16187
11748 8268 14237 3177 1245 4776 12132 16187 16187 16187 16187 16187 16187 16187 16187 16187
3842 3171 16187 9840 6259 2149 2563 16187 7542 16187 6259 10894 16187 16187 16187 16187
1655 12233 14180 3102 8719 9222 3171 10917 10033 13348 16187 8719 4776 7937 16187 16187
5713 820 12232 14237 3543 2823 8719 6259 10396 15618 16187 16187 16187 16187 16187 16187
3842 3171 16187 9840 6259 2149 2563 16187 779 16105 8712 16187 4776 926 16187 16187
1655 12233 14180 3102 8719 9222 3171 10917 10033 13348 16187 6535 16187 8719 1110 16187
7740 973 5967 12233 2823 5520 8268 830 4776 16112 16187 16187 16187 16187 16187 16187
3842 3171 16187 9840 6259 2149 2563 16187 5208 10080 8712 16187 2847 16105 16187 16187
1655 12233 14180 3102 8719 9222 3171 10917 10033 13348 16187 8719 4776 7937 16187 16187
6259 10887 2664 14237 10355 1723 5329 2296 8313 6259 6809 16187 16187 16187 16187 16187
3842 3171 16187 9840 6259 2149 2563 16187 7542 16187 6259 10894 16187 16187 16187 16187
1655 12233 14180 3102 8719 9222 3171 10917 10033 13348 16187 6535 16187 8719 1110 16187
13474 929 8451 6826 7708 582 8719 4776 14783 14237 12767 14163 4776 9330 16187 16187
3842 3171 16187 9840 6259 2149 2563 16187 779 16105 8712 16187 6872 16187 6259 7612
1655 12233 14180 3102 8719 9222 3171 10917 10033 13348 16187 8719 4776 7937 16187 16187
4776 559 8710 10716 8124 16187 16187 16187 16187 16187 16187 16187 16187 16187 16187 16187
3842 3171 16187 9840 6259 2149 2563 16187 779 16105 8712 16187 4776 926 16187 16187
1655 12233 14180 3102 8719 9222 3171 10917 10033 13348 16187 8719 4776 7937 16187 16187
15408 8268 8712 5867 4537 8569 16187 16187 16187 16187 16187 16187 16187 16187 16187 16187
3842 3171 16187 9840 6259 2149 2563 16187 779 16105 8712 16187 4776 926 16187 16187
1655 12233 14180 3102 8719 9222 3171 10917 10033 13348 16187 8719 4776 7937 16187 16187
5332 4776 13429 8710 11499 926 1919 7145 16187 16187 16187 16187 16187 16187 16187 16187
3842 3171 16187 9840 6259 2149 2563 16187 5208 10080 8712 16187 2847 16105 16187 16187
1655 12233 14180 3102 8719 9222 3171 10917 10033 13348 16187 6535 16187 8719 1110 16187
1885 4152 2894 4931 7891 16187 16187 16187 16187 16187 16187 16187 16187 16187 16187 16187
3842 3171 16187 9840 6259 2149 2563 16187 7542 16187 6259 10894 16187 16187 16187 16187
1655 12233 14180 3102 8719 9222 3171 10917 10033 13348 16187 6535 16187 8719 1110 16187
2446 8383 4776 1787 5867 14741 1946 2550 3384 16187 16187 16187 16187 16187 16187 16187
3842 3171 16187 9840 6259 2149 2563 16187 779 16105 8712 16187 4776 926 16187 16187
1655 12233 14180 3102 8719 9222 3171 10917 10033 13348 16187 8719 4776 7937 16187 16187
6173 8268 14237 8712 1603 926 13086 2823 3098 16187 16187 16187 16187 16187 16187 16187
3842 3171 16187 9840 6259 2149 2563 16187 5208 10080 8712 16187 2847 16105 16187 16187
1655 12233 14180 3102 8719 9222 3171 10917 10033 13348 16187 6535 16187 8719 1110 16187
11022 2837 926 8268 8004 2588 1138 5820 5711 2563 4931 9137 16187 16187 16187 16187
3842 3171 16187 9840 6259 2149 2563 16187 7542 16187 6259 10894 16187 16187 16187 16187
1655 12233 14180 3102 8719 9222 3171 10917 10033 13348 16187 8719 4776 7937 16187 16187
4776 5568 4452 10709 4931 4776 10202 926 3994 926 16187 16187 16187 16187 16187 16187
3842 3171 16187 9840 6259 2149 2563 16187 779 16105 8712 16187 6872 16187 8268 14237
1655 12233 14180 3102 8719 9222 3171 10917 10033 13348 16187 8719 4776 7937 16187 16187
2458 14919 10967 7256 5375 8268 3249 12349 16187 16187 16187 16187 16187 16187 16187 16187
3842 3171 16187 9840 6259 2149 2563 16187 779 16105 8712 16187 4776 926 16187 16187
1655 12233 14180 3102 8719 9222 3171 10917 10033 13348 16187 6535 16187 8719 1110 16187
14069 14776 6259 5948 3177 9449 6695 4440 1919 4776 11185 16187 16187 16187 16187 16187
3842 3171 16187 9840 6259 2149 2563 16187 5208 10080 8712 16187 2847 16105 16187 16187
1655 12233 14180 3102 8719 9222 3171 10917 10033 13348 16187 6535 16187 8719 1110 16187
4624 1110 6011 16187 16187 16187 16187 16187 16187 16187 16187 16187 16187 16187 16187 16187
3842 3171 16187 9840 6259 2149 2563 16187 7542 16187 6259 10894 16187 16187 16187 16187
1655 12233 14180 3102 8719 9222 3171 10917 10033 13348 16187 6535 16187 8719 1110 16187
4776 4124 3543 11553 12766 14069 16187 16187 16187 16187 16187 16187 16187 16187 16187 16187
3842 3171 16187 9840 6259 2149 2563 16187 5208 10080 8712 16187 2847 16105 16187 16187
1655 12233 14180 3102 8719 9222 3171 10917 10033 13348 16187 8719 4776 7937 16187 16187
15408 3177 6259 5820 4152 14237 10801 5463 4931 6297 13436 16187 16187 16187 16187 16187
3842 3171 16187 9840 6259 2149 2563 16187 779 16105 8712 16187 4776 926 16187 16187
1655 12233 14180 3102 8719 9222 3171 10917 10033 13348 16187 6535 16187 8719 1110 16187
926 8710 6070 10355 16187 16187 16187 16187 16187 16187 16187 16187 16187 16187 16187 16187
3842 3171 16187 9840 6259 2149 2563 16187 5208 10080 8712 16187 2847 16105 16187 16187
1655 12233 14180 3102 8719 9222 3171 10917 10033 13348 16187 8719 4776 7937 16187 16187
4776 2122 6179 13501 8719 4776 14394 3177 3676 5867 14634 15561 11369 16187 16187 16187
3842 3171 16187 9840 6259 2149 2563 16187 779 16105 8712 16187 6872 16187 8268 14237
1655 12233 14180 3102 8719 9222 3171 10917 10033 13348 16187 6535 16187 8719 1110 16187
7740 9084 9429 8712 4931 10355 8268 1919 1954 12256 14237 6070 2002 4152 16187 16187
3842 3171 16187 9840 6259 2149 2563 16187 5208 10080 8712 16187 2847 16105 16187 16187
1655 12233 14180 3102 8719 9222 3171 10917 10033 13348 16187 8719 4776 7937 16187 16187
14237 15658 1644 12233 2552 1885 2671 9845 926 2598 16187 16187 16187 16187 16187 16187
3842 3171 16187 9840 6259 2149 2563 16187 779 16105 8712 16187 4776 926 16187 16187
1655 12233 14180 3102 8719 9222 3171 10917 10033 13348 16187 6535 16187 8719 1110 16187
4776 2601 13839 3177 1138 926 5711 8710 8124 13348 16187 16187 16187 16187 16187 16187
3842 3171 16187 9840 6259 2149 2563 16187 7542 16187 6259 10894 16187 16187 16187 16187
1655 12233 14180 3102 8719 9222 3171 10917 10033 13348 16187 6535 16187 8719 1110 16187
13089 13823 15881 8712 816 8268 7926 2326 15881 8712 816 16187 16187 16187 16187 16187
3842 3171 16187 9840 6259 2149 2563 16187 7542 16187 6259 10894 16187 16187 16187 16187
1655 12233 14180 3102 8719 9222 3171 10917 10033 13348 16187 6535 16187 8719 1110 16187
4557 926 8710 2543 8719 4776 983 3177 6062 16187 16187 16187 16187 16187 16187 16187
3842 3171 16187 9840 6259 2149 2563 16187 5208 10080 8712 16187 2847 16105 16187 16187
1655 12233 14180 3102 8719 9222 3171 10917 10033 13348 16187 6535 16187 8719 1110 16187
7740 1110 5713 13603 16187 16187 16187 16187 16187 16187 16187 16187 16187 16187 16187 16187
3842 3171 16187 9840 6259 2149 2563 16187 7542 16187 6259 10894 16187 16187 16187 16187
1655 12233 14180 3102 8719 9222 3171 10917 10033 13348 16187 8719 4776 7937 16187 16187
13570 8268 7926 779 12233 926 14734 16058 5505 16187 16187 16187 16187 16187 16187 16187
3842 3171 16187 9840 6259 2149 2563 16187 779 16105 8712 16187 4776 926 16187 16187
1655 12233 14180 3102 8719 9222 3171 10917 10033 13348 16187 6535 16187 8719 1110 16187
4776 12835 14776 7742 926 14237 4512 4618 16187 16187 16187 16187 16187 16187 16187 16187
3842 3171 16187 9840 6259 2149 2563 16187 7542 16187 6259 10894 16187 16187 16187 16187
1655 12233 14180 3102 8719 9222 3171 10917 10033 13348 16187 6535 16187 8719 1110 16187
14272 926 6011 12233 4552 15389 11889 5463 2598 16187 16187 16187 16187 16187 16187 16187
3842 3171 16187 9840 6259 2149 2563 16187 5208 10080 8712 16187 2847 16105 16187 16187
1655 12233 14180 3102 8719 9222 3171 10917 10033 13348 16187 8719 4776 7937 16187 16187
7740 4552 9754 15956 203 4776 1754 3177 926 6381 2903 1919 14745 16187 16187 16187
3842 3171 16187 9840 6259 2149 2563 16187 5208 10080 8712 16187 2847 16105 16187 16187
1655 12233 14180 3102 8719 9222 3171 10917 10033 13348 16187 6535 16187 8719 1110 16187
14272 14635 3177 926 3656 5463 9424 12030 2598 16187 16187 16187 16187 16187 16187 16187
3842 3171 16187 9840 6259 2149 2563 16187 5208 10080 8712 16187 2847 16105 16187 16187
1655 12233 14180 3102 8719 9222 3171 10917 10033 13348 16187 8719 4776 7937 16187 16187
7926 3908 8712 2837 9666 12127 4792 16187 16187 16187 16187 16187 16187 16187 16187 16187
3842 3171 16187 9840 6259 2149 2563 16187 5208 10080 8712 16187 2847 16105 16187 16187
1655 12233 14180 3102 8719 9222 3171 10917 10033 13348 16187 8719 4776 7937 16187 16187
7542 8268 7740 4142 8154 1138 8871 5711 12233 10394 16187 16187 16187 16187 16187 16187
3842 3171 16187 9840 6259 2149 2563 16187 779 16105 8712 16187 4776 926 16187 16187
1655 12233 14180 3102 8719 9222 3171 10917 10033 13348 16187 6535 16187 8719 1110 16187
1110 3543 2823 13312 16187 16187 16187 16187 16187 16187 16187 16187 16187 16187 16187 16187
3842 3171 16187 9840 6259 2149 2563 16187 7542 16187 6259 10894 16187 16187 16187 16187
1655 12233 14180 3102 8719 9222 3171 10917 10033 13348 16187 8719 4776 7937 16187 16187
4776 9431 8710 4776 315 16187 16187 16187 16187 16187 16187 16187 16187 16187 16187 16187
3842 3171 16187 9840 6259 2149 2563 16187 5208 10080 8712 16187 2847 16105 16187 16187
1655 12233 14180 3102 8719 9222 3171 10917 10033 13348 16187 6535 16187 8719 1110 16187
4776 10418 4931 2435 1957 564 12008 8712 4931 4776 14599 15649 2326 926 16187 16187
3842 3171 16187 9840 6259 2149 2563 16187 779 16105 8712 16187 6872 16187 6259 7612
1655 12233 14180 3102 8719 9222 3171 10917 10033 13348 16187 8719 4776 7937 16187 16187
7740 830 7460 8268 2446 2326 6635 926 932 8719 3171 8268 1955 4776 15387 16187
3842 3171 16187 9840 6259 2149 2563 16187 779 16105 8712 16187 6872 16187 8268 14237
1655 12233 14180 3102 8719 9222 3171 10917 10033 13348 16187 6535 16187 8719 1110 16187
11889 6336 15221 8268 4776 4856 4598 14029 3098 5663 14237 12781 8268 5329 11735 16187
3842 3171 16187 9840 6259 2149 2563 16187 7542 16187 6259 10894 16187 16187 16187 16187
1655 12233 14180 3102 8719 9222 3171 10917 10033 13348 16187 8719 4776 7937 16187 16187
8712 5867 1954 191 5075 16187 16187 16187 16187 16187 16187 16187 16187 16187 16187 16187
3842 3171 16187 9840 6259 2149 2563 16187 779 16105 8712 16187 4776 926 16187 16187
1655 12233 14180 3102 8719 9222 3171 10917 10033 13348 16187 8719 4776 7937 16187 16187
4325 2327 12233 8537 203 7926 14823 11889 3171 14237 8712 5297 4931 9754 9591 16187
3842 3171 16187 9840 6259 2149 2563 16187 7542 16187 6259 10894 16187 16187 16187 16187
1655 12233 14180 3102 8719 9222 3171 10917 10033 13348 16187 6535 16187 8719 1110 16187
6259 7140 2110 11095 4404 2598 16187 16187 16187 16187 16187 16187 16187 16187 16187 16187
3842 3171 16187 9840 6259 2149 2563 16187 779 16105 8712 16187 4776 926 16187 16187
1655 12233 14180 3102 8719 9222 3171 10917 10033 13348 16187 8719 4776 7937 16187 16187
8808 10801 8710 6137 12008 10770 16187 16187 16187 16187 16187 16187 16187 16187 16187 16187
3842 3171 16187 9840 6259 2149 2563 16187 5208 10080 8712 16187 2847 16105 16187 16187
1655 12233 14180 3102 8719 9222 3171 10917 10033 13348 16187 8719 4776 7937 16187 16187
12008 5297 8268 4776 2563 8710 1344 2997 16187 16187 16187 16187 16187 16187 16187 16187
3842 3171 16187 9840 6259 2149 2563 16187 779 16105 8712 16187 6872 16187 8268 14237
1655 12233 14180 3102 8719 9222 3171 10917 10033 13348 16187 6535 16187 8719 1110 16187
4776 63 14677 6606 3969 12233 4776 9577 5867 7680 16187 16187 16187 16187 16187 16187
3842 3171 16187 9840 6259 2149 2563 16187 779 16105 8712 16187 4776 926 16187 16187
1655 12233 14180 3102 8719 9222 3171 10917 10033 13348 16187 8719 4776 7937 16187 16187
8712 5867 6259 10285 12290 16187 16187 16187 16187 16187 16187 16187 16187 16187 16187 16187
3842 3171 16187 9840 6259 2149 2563 16187 5208 10080 8712 16187 2847 16105 16187 16187
1655 12233 14180 3102 8719 9222 3171 10917 10033 13348 16187 8719 4776 7937 16187 16187
12008 14069 14776 6826 3098 4440 6797 203 11637 4931 14761 8719 9666 16187 16187 16187
3842 3171 16187 9840 6259 2149 2563 16187 7542 16187 6259 10894 16187 16187 16187 16187
1655 12233 14180 3102 8719 9222 3171 10917 10033 13348 16187 6535 16187 8719 1110 16187
4776 10418 8710 3098 16187 16187 16187 16187 16187 16187 16187 16187 16187 16187 16187 16187
3842 3171 16187 9840 6259 2149 2563 16187 779 16105 8712 16187 6872 16187 6259 7612
1655 12233 14180 3102 8719 9222 3171 10917 10033 13348 16187 8719 4776 7937 16187 16187
5202 5867 6259 14125 12008 4776 2563 5867 6259 8503 16187 16187 16187 16187 16187 16187
3842 3171 16187 9840 6259 2149 2563 16187 779 16105 8712 16187 4776 926 16187 16187
1655 12233 14180 3102 8719 9222 3171 10917 10033 13348 16187 6535 16187 8719 1110 16187
31 8268 3177 1245 8268 8710 8719 4404 6619 16187 16187 16187 16187 16187 16187 16187
3842 3171 16187 9840 6259 2149 2563 16187 5208 10080 8712 16187 2847 16105 16187 16187
1655 12233 14180 3102 8719 9222 3171 10917 10033 13348 16187 8719 4776 7937 16187 16187
12008 91 5867 1543 7740 9605 15770 10036 16187 16187 16187 16187 16187 16187 16187 16187
3842 3171 16187 9840 6259 2149 2563 16187 7542 16187 6259 10894 16187 16187 16187 16187
1655 12233 14180 3102 8719 9222 3171 10917 10033 13348 16187 6535 16187 8719 1110 16187
14069 8710 6259 13429 15146 1919 4776 2563 16187 16187 16187 16187 16187 16187 16187 16187
3842 3171 16187 9840 6259 2149 2563 16187 7542 16187 6259 10894 16187 16187 16187 16187
1655 12233 14180 3102 8719 9222 3171 10917 10033 13348 16187 6535 16187 8719 1110 16187
8712 5867 6259 2689 2563 8268 14237 6259 8439 13839 16187 16187 16187 16187 16187 16187
3842 3171 16187 9840 6259 2149 2563 16187 779 16105 8712 16187 6872 16187 8268 14237
1655 12233 14180 3102 8719 9222 3171 10917 10033 13348 16187 6535 16187 8719 1110 16187
12716 8268 14272 5867 2903 1919 5463 8413 9449 8521 2598 16187 16187 16187 16187 16187
3842 3171 16187 9840 6259 2149 2563 16187 7542 16187 6259 10894 16187 16187 16187 16187
1655 12233 14180 3102 8719 9222 3171 10917 10033 13348 16187 8719 4776 7937 16187 16187
14237 15658 5208 5638 1885 2598 16187 16187 16187 16187 16187 16187 16187 16187 16187 16187
3842 3171 16187 9840 6259 2149 2563 16187 5208 10080 8712 16187 2847 16105 16187 16187
1655 12233 14180 3102 8719 9222 3171 10917 10033 13348 16187 8719 4776 7937 16187 16187
2053 1094 2979 926 3994 8710 4404 14029 3177 7416 926 5867 8331 16187 16187 16187
3842 3171 16187 9840 6259 2149 2563 16187 5208 10080 8712 16187 2847 16105 16187 16187
1655 12233 14180 3102 8719 9222 3171 10917 10033 13348 16187 6535 16187 8719 1110 16187
6011 11553 12233 11889 926 926 5867 9534 1955 7613 16187 16187 16187 16187 16187 16187
3842 3171 16187 9840 6259 2149 2563 16187 779 16105 8712 16187 6872 16187 8268 14237
1655 12233 14180 3102 8719 9222 3171 10917 10033 13348 16187 8719 4776 7937 16187 16187
6259 2563 5208 2823 926 10967 1597 10855 11767 5329 14180 3177 4312 14776 926 16187
3842 3171 16187 9840 6259 2149 2563 16187 779 16105 8712 16187 4776 926 16187 16187
1655 12233 14180 3102 8719 9222 3171 10917 10033 13348 16187 8719 4776 7937 16187 16187
926 16187 16187 16187 16187 16187 16187 16187 16187 16187 16187 16187 16187 16187 16187 16187
3842 3171 16187 9840 6259 2149 2563 16187 7542 16187 6259 10894 16187 16187 16187 16187
1655 12233 14180 3102 8719 9222 3171 10917 10033 13348 16187 6535 16187 8719 1110 16187
4325 12515 12495 1597 5429 4752 1919 4776 15939 13348 16187 16187 16187 16187 16187 16187
3842 3171 16187 9840 6259 2149 2563 16187 5208 10080 8712 16187 2847 16105 16187 16187
1655 12233 14180 3102 8719 9222 3171 10917 10033 13348 16187 6535 16187 8719 1110 16187
7740 2308 8712 10324 6259 16038 3059 943 8268 14237 8712 4931 5046 4032 8712 16187
3842 3171 16187 9840 6259 2149 2563 16187 5208 10080 8712 16187 2847 16105 16187 16187
1655 12233 14180 3102 8719 9222 3171 10917 10033 13348 16187 6535 16187 8719 1110 16187
2997 8268 12576 6011 968 2823 3850 8726 6011 1950 8712 6888 5328 6259 11401 16187
3842 3171 16187 9840 6259 2149 2563 16187 5208 10080 8712 16187 2847 16105 16187 16187
1655 12233 14180 3102 8719 9222 3171 10917 10033 13348 16187 6535 16187 8719 1110 16187
13570 7740 973 5329 926 15715 8712 6543 12276 12362 9498 3192 16187 16187 16187 16187
3842 3171 16187 9840 6259 2149 2563 16187 5208 10080 8712 16187 2847 16105 16187 16187
1655 12233 14180 3102 8719 9222 3171 10917 10033 13348 16187 6535 16187 8719 1110 16187
1350 8268 13474 5867 1138 11039 3177 5711 1685 16187 16187 16187 16187 16187 16187 16187
3842 3171 16187 9840 6259 2149 2563 16187 5208 10080 8712 16187 2847 16105 16187 16187
1655 12233 14180 3102 8719 9222 3171 10917 10033 13348 16187 6535 16187 8719 1110 16187
11889 8712 6253 12233 2823 15347 14237 6011 5208 14581 8712 5967 16187 16187 16187 16187
3842 3171 16187 9840 6259 2149 2563 16187 5208 10080 8712 16187 2847 16105 16187 16187
1655 12233 14180 3102 8719 9222 3171 10917 10033 13348 16187 6535 16187 8719 1110 16187
13474 15881 1885 12233 8733 4776 926 926 830 4776 926 926 16187 16187 16187 16187
3842 3171 16187 9840 6259 2149 2563 16187 7542 16187 6259 10894 16187 16187 16187 16187
1655 12233 14180 3102 8719 9222 3171 10917 10033 13348 16187 8719 4776 7937 16187 16187
3171 8710 4032 15715 16187 16187 16187 16187 16187 16187 16187 16187 16187 16187 16187 16187
3842 3171 16187 9840 6259 2149 2563 16187 779 16105 8712 16187 6872 16187 6259 7612
1655 12233 14180 3102 8719 9222 3171 10917 10033 13348 16187 8719 4776 7937 16187 16187
8712 8710 6259 3667 3177 983 16187 16187 16187 16187 16187 16187 16187 16187 16187 16187
3842 3171 16187 9840 6259 2149 2563 16187 5208 10080 8712 16187 2847 16105 16187 16187
1655 12233 14180 3102 8719 9222 3171 10917 10033 13348 16187 8719 4776 7937 16187 16187
569 3177 820 15846 12102 3171 10033 8268 14237 6826 15846 1110 8712 16187 16187 16187
3842 3171 16187 9840 6259 2149 2563 16187 5208 10080 8712 16187 2847 16105 16187 16187
1655 12233 14180 3102 8719 9222 3171 10917 10033 13348 16187 6535 16187 8719 1110 16187
3842 3171 1378 16187 16187 16187 16187 16187 16187 16187 16187 16187 16187 16187 16187 16187
3842 3171 16187 9840 6259 2149 2563 16187 5208 10080 8712 16187 2847 16105 16187 16187
1655 12233 14180 3102 8719 9222 3171 10917 10033 13348 16187 6535 16187 8719 1110 16187
11000 5867 8808 8710 3765 231 926 16187 16187 16187 16187 16187 16187 16187 16187 16187
3842 3171 16187 9840 6259 2149 2563 16187 7542 16187 6259 10894 16187 16187 16187 16187
1655 12233 14180 3102 8719 9222 3171 10917 10033 13348 16187 6535 16187 8719 1110 16187
11267 2359 926 5867 5257 3177 9911 8710 2176 8268 11622 16187 16187 16187 16187 16187
3842 3171 16187 9840 6259 2149 2563 16187 779 16105 8712 16187 4776 926 16187 16187
1655 12233 14180 3102 8719 9222 3171 10917 10033 13348 16187 8719 4776 7937 16187 16187
7740 2326 6635 13093 926 8719 3171 960 16187 16187 16187 16187 16187 16187 16187 16187
3842 3171 16187 9840 6259 2149 2563 16187 5208 10080 8712 16187 2847 16105 16187 16187
1655 12233 14180 3102 8719 9222 3171 10917 10033 13348 16187 8719 4776 7937 16187 16187
8794 4480 14776 926 12233 6683 1957 4776 7151 14237 5329 4671 14237 5329 2033 16187
3842 3171 16187 9840 6259 2149 2563 16187 5208 10080 8712 16187 2847 16105 16187 16187
1655 12233 14180 3102 8719 9222 3171 10917 10033 13348 16187 8719 4776 7937 16187 16187
3171 10033 779 1344 6259 14596 12233 7661 2263 9222 14237 4776 11954 10033 10781 16187
3842 3171 16187 9840 6259 2149 2563 16187 5208 10080 8712 16187 2847 16105 16187 16187
1655 12233 14180 3102 8719 9222 3171 10917 10033 13348 16187 6535 16187 8719 1110 16187
11834 6259 15174 10834 8719 4776 15043 10983 16187 16187 16187 16187 16187 16187 16187 16187
3842 3171 16187 9840 6259 2149 2563 16187 779 16105 8712 16187 6872 16187 8268 14237
1655 12233 14180 3102 8719 9222 3171 10917 10033 13348 16187 8719 4776 7937 16187 16187
4776 15842 3847 9754 2326 11553 6259 14596 16187 16187 16187 16187 16187 16187 16187 16187
3842 3171 16187 9840 6259 2149 2563 16187 779 16105 8712 16187 6872 16187 6259 7612
1655 12233 14180 3102 8719 9222 3171 10917 10033 13348 16187 8719 4776 7937 16187 16187
8712 5867 11889 6259 8063 926 9290 8268 13907 4776 926 16187 16187 16187 16187 16187
3842 3171 16187 9840 6259 2149 2563 16187 779 16105 8712 16187 6872 16187 6259 7612
1655 12233 14180 3102 8719 9222 3171 10917 10033 13348 16187 8719 4776 7937 16187 16187
4325 9498 7283 1957 8712 16187 16187 16187 16187 16187 16187 16187 16187 16187 16187 16187
3842 3171 16187 9840 6259 2149 2563 16187 7542 16187 6259 10894 16187 16187 16187 16187
1655 12233 14180 3102 8719 9222 3171 10917 10033 13348 16187 6535 16187 8719 1110 16187
6173 14237 6259 9385 926 2903 1885 16058 14831 6689 926 1514 3177 10298 13348 16187
3842 3171 16187 9840 6259 2149 2563 16187 5208 10080 8712 16187 2847 16105 16187 16187
1655 12233 14180 3102 8719 9222 3171 10917 10033 13348 16187 8719 4776 7937 16187 16187
7508 8268 4552 9754 2599 4776 2563 5867 9636 15577 6303 6011 16187 16187 16187 16187
3842 3171 16187 9840 6259 2149 2563 16187 779 16105 8712 16187 4776 926 16187 16187
1655 12233 14180 3102 8719 9222 3171 10917 10033 13348 16187 6535 16187 8719 1110 16187
15043 5867 1105 8710 6259 4241 3011 9139 15658 8744 2858 6259 926 9290 16187 16187
3842 3171 16187 9840 6259 2149 2563 16187 779 16105 8712 16187 6872 16187 8268 14237
1655 12233 14180 3102 8719 9222 3171 10917 10033 13348 16187 6535 16187 8719 1110 16187
6011 3543 2326 12003 3171 2563 14237 2327 8712 16187 16187 16187 16187 16187 16187 16187
3842 3171 16187 9840 6259 2149 2563 16187 7542 16187 6259 10894 16187 16187 16187 16187
1655 12233 14180 3102 8719 9222 3171 10917 10033 13348 16187 6535 16187 8719 1110 16187
14180 6011 11553 12233 4552 8710 393 5711 16187 16187 16187 16187 16187 16187 16187 16187
3842 3171 16187 9840 6259 2149 2563 16187 5208 10080 8712 16187 2847 16105 16187 16187
1655 12233 14180 3102 8719 9222 3171 10917 10033 13348 16187 8719 4776 7937 16187 16187
8712 8710 5580 6259 8974 16187 16187 16187 16187 16187 16187 16187 16187 16187 16187 16187
3842 3171 16187 9840 6259 2149 2563 16187 779 16105 8712 16187 6872 16187 6259 7612
1655 12233 14180 3102 8719 9222 3171 10917 10033 13348 16187 8719 4776 7937 16187 16187
5463 8592 8268 8712 8710 5568 6259 15335 12028 1957 4776 12298 5463 14776 9780 16187
3842 3171 16187 9840 6259 2149 2563 16187 7542 16187 6259 10894 16187 16187 16187 16187
1655 12233 14180 3102 8719 9222 3171 10917 10033 13348 16187 6535 16187 8719 1110 16187
14237 8712 5867 12431 6259 14596 5463 8446 1919 1750 11953 2148 512 6661 7314 16187
3842 3171 16187 9840 6259 2149 2563 16187 5208 10080 8712 16187 2847 16105 16187 16187
1655 12233 14180 3102 8719 9222 3171 10917 10033 13348 16187 8719 4776 7937 16187 16187
4776 14599 14237 14596 5046 4552 11553 15597 3766 8268 12008 4325 14776 2446 14982 16187
3842 3171 16187 9840 6259 2149 2563 16187 7542 16187 6259 10894 16187 16187 16187 16187
1655 12233 14180 3102 8719 9222 3171 10917 10033 13348 16187 8719 4776 7937 16187 16187
11946 1750 1954 10720 3366 8268 3171 10033 779 5329 12766 6037 16187 16187 16187 16187
3842 3171 16187 9840 6259 2149 2563 16187 5208 10080 8712 16187 2847 16105 16187 16187
1655 12233 14180 3102 8719 9222 3171 10917 10033 13348 16187 6535 16187 8719 1110 16187
8712 5867 5433 16187 16187 16187 16187 16187 16187 16187 16187 16187 16187 16187 16187 16187
3842 3171 16187 9840 6259 2149 2563 16187 5208 10080 8712 16187 2847 16105 16187 16187
1655 12233 14180 3102 8719 9222 3171 10917 10033 13348 16187 8719 4776 7937 16187 16187
5947 2664 1681 3537 1919 6259 10355 13839 16187 16187 16187 16187 16187 16187 16187 16187
3842 3171 16187 9840 6259 2149 2563 16187 779 16105 8712 16187 6872 16187 6259 7612
1655 12233 14180 3102 8719 9222 3171 10917 10033 13348 16187 6535 16187 8719 1110 16187
11558 9498 15 830 13852 12233 926 1919 4776 926 13186 5867 3298 926 8808 16187
3842 3171 16187 9840 6259 2149 2563 16187 5208 10080 8712 16187 2847 16105 16187 16187
1655 12233 14180 3102 8719 9222 3171 10917 10033 13348 16187 8719 4776 7937 16187 16187
203 1405 2598 13348 16187 16187 16187 16187 16187 16187 16187 16187 16187 16187 16187 16187
3842 3171 16187 9840 6259 2149 2563 16187 779 16105 8712 16187 6872 16187 8268 14237
1655 12233 14180 3102 8719 9222 3171 10917 10033 13348 16187 8719 4776 7937 16187 16187
3171 13942 12233 2823 4776 14443 3177 11637 5867 14159 16187 16187 16187 16187 16187 16187
3842 3171 16187 9840 6259 2149 2563 16187 5208 10080 8712 16187 2847 16105 16187 16187
1655 12233 14180 3102 8719 9222 3171 10917 10033 13348 16187 8719 4776 7937 16187 16187
3171 8710 9563 4949 3177 14734 926 1919 926 926 16187 16187 16187 16187 16187 16187
3842 3171 16187 9840 6259 2149 2563 16187 5208 10080 8712 16187 2847 16105 16187 16187
1655 12233 14180 3102 8719 9222 3171 10917 10033 13348 16187 8719 4776 7937 16187 16187
91 8268 8712 8710 4776 13792 15776 3384 14237 4776 2176 2588 9575 16187 16187 16187
3842 3171 16187 9840 6259 2149 2563 16187 5208 10080 8712 16187 2847 16105 16187 16187
1655 12233 14180 3102 8719 9222 3171 10917 10033 13348 16187 8719 4776 7937 16187 16187
7742 1957 14589 7740 771 7953 14029 203 12233 8733 1954 12256 9767 16187 16187 16187
3842 3171 16187 9840 6259 2149 2563 16187 779 16105 8712 16187 4776 926 16187 16187
1655 12233 14180 3102 8719 9222 3171 10917 10033 13348 16187 6535 16187 8719 1110 16187
1229 2326 3847 9754 10328 12495 630 3701 12233 1212 6854 284 16187 16187 16187 16187
3842 3171 16187 9840 6259 2149 2563 16187 779 16105 8712 16187 6872 16187 8268 14237
1655 12233 14180 3102 8719 9222 3171 10917 10033 13348 16187 8719 4776 7937 16187 16187
3171 2563 13404 6826 10024 3302 4776 7687 9346 3177 4537 9389 16187 16187 16187 16187
3842 3171 16187 9840 6259 2149 2563 16187 779 16105 8712 16187 6872 16187 8268 14237
1655 12233 14180 3102 8719 9222 3171 10917 10033 13348 16187 6535 16187 8719 1110 16187
7740 771 8093 8466 6259 10033 11889 3171 8258 16187 16187 16187 16187 16187 16187 16187
3842 3171 16187 9840 6259 2149 2563 16187 7542 16187 6259 10894 16187 16187 16187 16187
1655 12233 14180 3102 8719 9222 3171 10917 10033 13348 16187 6535 16187 8719 1110 16187
4776 10418 4931 12489 14708 830 4776 10983 8268 1919 14180 6499 6843 12362 16187 16187
3842 3171 16187 9840 6259 2149 2563 16187 7542 16187 6259 10894 16187 16187 16187 16187
1655 12233 14180 3102 8719 9222 3171 10917 10033 13348 16187 6535 16187 8719 1110 16187
1019 14180 4776 6913 3635 8719 4776 14842 14776 14244 13891 3177 4679 6173 16187 16187
3842 3171 16187 9840 6259 2149 2563 16187 779 16105 8712 16187 4776 926 16187 16187
1655 12233 14180 3102 8719 9222 3171 10917 10033 13348 16187 8719 4776 7937 16187 16187
4776 4152 4931 1138 14030 5711 16187 16187 16187 16187 16187 16187 16187 16187 16187 16187
3842 3171 16187 9840 6259 2149 2563 16187 779 16105 8712 16187 4776 926 16187 16187
1655 12233 14180 3102 8719 9222 3171 10917 10033 13348 16187 6535 16187 8719 1110 16187
6111 10485 14029 6259 1853 15806 3847 9754 2588 830 11582 6418 1243 16187 16187 16187
3842 3171 16187 9840 6259 2149 2563 16187 7542 16187 6259 10894 16187 16187 16187 16187
1655 12233 14180 3102 8719 9222 3171 10917 10033 13348 16187 6535 16187 8719 1110 16187
8796 8268 926 4900 7076 6259 926 926 8719 3171 2563 13348 16187 16187 16187 16187
3842 3171 16187 9840 6259 2149 2563 16187 5208 10080 8712 16187 2847 16105 16187 16187
1655 12233 14180 3102 8719 9222 3171 10917 10033 13348 16187 6535 16187 8719 1110 16187
14237 6166 15662 8710 8712 14069 2598 16187 16187 16187 16187 16187 16187 16187 16187 16187
3842 3171 16187 9840 6259 2149 2563 16187 7542 16187 6259 10894 16187 16187 16187 16187
1655 12233 14180 3102 8719 9222 3171 10917 10033 13348 16187 8719 4776 7937 16187 16187
14069 5867 6349 830 6011 16187 16187 16187 16187 16187 16187 16187 16187 16187 16187 16187
3842 3171 16187 9840 6259 2149 2563 16187 7542 16187 6259 10894 16187 16187 16187 16187
1655 12233 14180 3102 8719 9222 3171 10917 10033 13348 16187 8719 4776 7937 16187 16187
8712 5867 15392 15978 13474 5867 926 14237 926 16187 16187 16187 16187 16187 16187 16187
3842 3171 16187 9840 6259 2149 2563 16187 5208 10080 8712 16187 2847 16105 16187 16187
1655 12233 14180 3102 8719 9222 3171 10917 10033 13348 16187 8719 4776 7937 16187 16187
1229 6011 5208 1436 5463 4776 2563 8710 13436 8268 4537 5329 2296 9332 16187 16187
3842 3171 16187 9840 6259 2149 2563 16187 779 16105 8712 16187 4776 926 16187 16187
1655 12233 14180 3102 8719 9222 3171 10917 10033 13348 16187 8719 4776 7937 16187 16187
10217 3177 4776 9339 12835 2326 926 15597 16101 8719 4776 16146 8185 16187 16187 16187
3842 3171 16187 9840 6259 2149 2563 16187 7542 16187 6259 10894 16187 16187 16187 16187
1655 12233 14180 3102 8719 9222 3171 10917 10033 13348 16187 8719 4776 7937 16187 16187
