7740 8309 2858 4776 8213 1909 9290 8268 14237 8712 926 12276 12362 16187 16187 16187
3842 3171 16187 9840 6259 8974 16187 1860 1133 3177 8457 16187 16187 16187 16187 16187
1655 12233 14180 3102 8719 9222 3171 10917 10033 13348 16187 8719 4776 4927 16187 16187
4776 15335 2122 15814 8719 3171 2563 14776 6070 13929 14237 15231 16187 16187 16187 16187
3842 3171 16187 9840 6259 8974 16187 1860 1133 3177 8457 16187 16187 16187 16187 16187
1655 12233 14180 3102 8719 9222 3171 10917 10033 13348 16187 8719 4776 4927 16187 16187
926 14237 9070 8710 6259 926 6390 6805 10033 11022 2837 3367 926 16187 16187 16187
3842 3171 16187 9840 6259 8974 16187 1860 1133 3177 8457 16187 16187 16187 16187 16187
1655 12233 14180 3102 8719 9222 3171 10917 10033 13348 16187 8719 4776 4927 16187 16187
8719 3511 8268 8712 6560 4312 8268 12233 7724 16187 16187 16187 16187 16187 16187 16187
3842 3171 16187 9840 6259 8974 16187 1860 1133 3177 8457 16187 16187 16187 16187 16187
1655 12233 14180 3102 8719 9222 3171 10917 10033 13348 16187 8719 4776 4927 16187 16187
926 13023 1019 926 926 6173 8710 6259 926 16187 16187 16187 16187 16187 16187 16187
3842 3171 16187 9840 6259 8974 16187 1860 1133 3177 8457 16187 16187 16187 16187 16187
1655 12233 14180 3102 8719 9222 3171 10917 10033 13348 16187 8719 4776 4927 16187 16187
4776 5568 10355 3384 8710 4776 926 3384 16187 16187 16187 16187 16187 16187 16187 16187
3842 3171 16187 9840 6259 8974 16187 1860 1133 3177 8457 16187 16187 16187 16187 16187
1655 12233 14180 3102 8719 9222 3171 10917 10033 13348 16187 8719 4776 4927 16187 16187
7740 5046 1114 10193 14457 8719 4776 2002 13644 16187 16187 16187 16187 16187 16187 16187
3842 3171 16187 9840 6259 8974 16187 1860 1133 3177 8457 16187 16187 16187 16187 16187
1655 12233 14180 3102 8719 9222 3171 10917 10033 13348 16187 8719 4776 4927 16187 16187
14237 4624 188 10355 820 12233 14810 13348 16187 16187 16187 16187 16187 16187 16187 16187
3842 3171 16187 9840 6259 8974 16187 1860 1133 3177 8457 16187 16187 16187 16187 16187
1655 12233 14180 3102 8719 9222 3171 10917 10033 13348 16187 8719 4776 4927 16187 16187
7740 4931 15715 3171 2563 4776 16146 11401 10036 8268 14237 7740 3230 15389 16187 16187
3842 3171 16187 9840 6259 8974 16187 1860 1133 3177 8457 16187 16187 16187 16187 16187
1655 12233 14180 3102 8719 9222 3171 10917 10033 13348 16187 8719 4776 4927 16187 16187
14237 1919 3752 8268 13084 1378 926 15525 10967 4776 1583 2148 512 926 926 16187
3842 3171 16187 9840 6259 8974 16187 1860 1133 3177 8457 16187 16187 16187 16187 16187
1655 12233 14180 3102 8719 9222 3171 10917 10033 13348 16187 8719 4776 4927 16187 16187
3147 6246 14816 3701 926 12562 16187 16187 16187 16187 16187 16187 16187 16187 16187 16187
3842 3171 16187 9840 6259 8974 16187 1860 1133 3177 8457 16187 16187 16187 16187 16187
1655 12233 14180 3102 8719 9222 3171 10917 10033 13348 16187 8719 4776 4927 16187 16187
7740 926 1436 9591 11953 11457 926 4240 15715 3171 16187 16187 16187 16187 16187 16187
3842 3171 16187 9840 6259 8974 16187 1860 1133 3177 8457 16187 16187 16187 16187 16187
1655 12233 14180 3102 8719 9222 3171 10917 10033 13348 16187 8719 4776 4927 16187 16187
3348 8268 4325 926 16187 16187 16187 16187 16187 16187 16187 16187 16187 16187 16187 16187
3842 3171 16187 9840 6259 8974 16187 1860 1133 3177 8457 16187 16187 16187 16187 16187
1655 12233 14180 3102 8719 9222 3171 10917 10033 13348 16187 8719 4776 4927 16187 16187
1229 14180 8719 14180 3098 132 6013 13607 16187 16187 16187 16187 16187 16187 16187 16187
3842 3171 16187 9840 6259 8974 16187 1860 1133 3177 8457 16187 16187 16187 16187 16187
1655 12233 14180 3102 8719 9222 3171 10917 10033 13348 16187 8719 4776 4927 16187 16187
2263 11889 10144 12233 14734 4189 16187 16187 16187 16187 16187 16187 16187 16187 16187 16187
3842 3171 16187 9840 6259 8974 16187 1860 1133 3177 8457 16187 16187 16187 16187 16187
1655 12233 14180 3102 8719 9222 3171 10917 10033 13348 16187 8719 4776 4927 16187 16187
5627 16187 16187 16187 16187 16187 16187 16187 16187 16187 16187 16187 16187 16187 16187 16187
3842 3171 16187 9840 6259 8974 16187 1860 1133 3177 8457 16187 16187 16187 16187 16187
1655 12233 14180 3102 8719 9222 3171 10917 10033 13348 16187 8719 4776 4927 16187 16187
8710 1378 3177 4776 7705 11331 8719 926 11253 16187 16187 16187 16187 16187 16187 16187
3842 3171 16187 9840 6259 8974 16187 1860 1133 3177 8457 16187 16187 16187 16187 16187
1655 12233 14180 3102 8719 9222 3171 10917 10033 13348 16187 8719 4776 4927 16187 16187
9519 10588 16187 16187 16187 16187 16187 16187 16187 16187 16187 16187 16187 16187 16187 16187
3842 3171 16187 9840 6259 8974 16187 1860 1133 3177 8457 16187 16187 16187 16187 16187
1655 12233 14180 3102 8719 9222 3171 10917 10033 13348 16187 8719 4776 4927 16187 16187
8710 4776 10025 12835 8719 4776 10033 16187 16187 16187 16187 16187 16187 16187 16187 16187
3842 3171 16187 9840 6259 8974 16187 1860 1133 3177 8457 16187 16187 16187 16187 16187
1655 12233 14180 3102 8719 9222 3171 10917 10033 13348 16187 8719 4776 4927 16187 16187
4624 8093 9605 1954 926 6683 1957 1157 16187 16187 16187 16187 16187 16187 16187 16187
3842 3171 16187 9840 6259 8974 16187 1860 1133 3177 8457 16187 16187 16187 16187 16187
1655 12233 14180 3102 8719 9222 3171 10917 10033 13348 16187 8719 4776 4927 16187 16187
12233 9070 8712 8710 16187 16187 16187 16187 16187 16187 16187 16187 16187 16187 16187 16187
3842 3171 16187 9840 6259 8974 16187 1860 1133 3177 8457 16187 16187 16187 16187 16187
1655 12233 14180 3102 8719 9222 3171 10917 10033 13348 16187 8719 4776 4927 16187 16187
4776 5041 3177 926 4931 12349 8719 3765 512 1954 10244 16187 16187 16187 16187 16187
3842 3171 16187 9840 6259 8974 16187 1860 1133 3177 8457 16187 16187 16187 16187 16187
1655 12233 14180 3102 8719 9222 3171 10917 10033 13348 16187 8719 4776 4927 16187 16187
13570 15597 12835 14776 4844 4311 926 5867 14043 926 5867 16187 16187 16187 16187 16187
3842 3171 16187 9840 6259 8974 16187 1860 1133 3177 8457 16187 16187 16187 16187 16187
1655 12233 14180 3102 8719 9222 3171 10917 10033 13348 16187 8719 4776 4927 16187 16187
12008 16146 4311 5463 8712 4931 10355 16187 16187 16187 16187 16187 16187 16187 16187 16187
3842 3171 16187 9840 6259 8974 16187 1860 1133 3177 8457 16187 16187 16187 16187 16187
1655 12233 14180 3102 8719 9222 3171 10917 10033 13348 16187 8719 4776 4927 16187 16187
4776 9339 4183 5463 5656 12233 8456 13089 9706 3171 10033 8710 1138 926 5711 16187
3842 3171 16187 9840 6259 8974 16187 1860 1133 3177 8457 16187 16187 16187 16187 16187
1655 12233 14180 3102 8719 9222 3171 10917 10033 13348 16187 8719 4776 4927 16187 16187
10375 8710 926 14237 2254 12233 4330 9891 16187 16187 16187 16187 16187 16187 16187 16187
3842 3171 16187 9840 6259 8974 16187 1860 1133 3177 8457 16187 16187 16187 16187 16187
1655 12233 14180 3102 8719 9222 3171 10917 10033 13348 16187 8719 4776 4927 16187 16187
1378 3177 4776 7705 1781 8331 8084 16105 16187 16187 16187 16187 16187 16187 16187 16187
3842 3171 16187 9840 6259 8974 16187 1860 1133 3177 8457 16187 16187 16187 16187 16187
1655 12233 14180 3102 8719 9222 3171 10917 10033 13348 16187 8719 4776 4927 16187 16187
10840 8712 8268 12495 8569 5463 1378 926 3644 9754 926 14734 1126 926 16187 16187
3842 3171 16187 9840 6259 8974 16187 1860 1133 3177 8457 16187 16187 16187 16187 16187
1655 12233 14180 3102 8719 9222 3171 10917 10033 13348 16187 8719 4776 4927 16187 16187
447 830 6071 10671 5568 16187 16187 16187 16187 16187 16187 16187 16187 16187 16187 16187
3842 3171 16187 9840 6259 8974 16187 1860 1133 3177 8457 16187 16187 16187 16187 16187
1655 12233 14180 3102 8719 9222 3171 10917 10033 13348 16187 8719 4776 4927 16187 16187
15438 8268 7740 9084 5329 14518 630 10967 476 8715 16187 16187 16187 16187 16187 16187
3842 3171 16187 9840 6259 8974 16187 1860 1133 3177 8457 16187 16187 16187 16187 16187
1655 12233 14180 3102 8719 9222 3171 10917 10033 13348 16187 8719 4776 4927 16187 16187
14237 12524 8268 5463 5867 4776 5568 4927 12233 8158 4776 14596 16187 16187 16187 16187
3842 3171 16187 9840 6259 8974 16187 1860 1133 3177 8457 16187 16187 16187 16187 16187
1655 12233 14180 3102 8719 9222 3171 10917 10033 13348 16187 8719 4776 4927 16187 16187
12654 8712 5867 6178 926 5867 2588 926 8710 6259 12561 2997 7937 3177 7314 16187
3842 3171 16187 9840 6259 8974 16187 1860 1133 3177 8457 16187 16187 16187 16187 16187
1655 12233 14180 3102 8719 9222 3171 10917 10033 13348 16187 8719 4776 4927 16187 16187
7594 14599 16187 16187 16187 16187 16187 16187 16187 16187 16187 16187 16187 16187 16187 16187
3842 3171 16187 9840 6259 8974 16187 1860 1133 3177 8457 16187 16187 16187 16187 16187
1655 12233 14180 3102 8719 9222 3171 10917 10033 13348 16187 8719 4776 4927 16187 16187
7926 5208 2451 1157 16187 16187 16187 16187 16187 16187 16187 16187 16187 16187 16187 16187
3842 3171 16187 9840 6259 8974 16187 1860 1133 3177 8457 16187 16187 16187 16187 16187
1655 12233 14180 3102 8719 9222 3171 10917 10033 13348 16187 8719 4776 4927 16187 16187
14237 3643 8710 6535 8569 8719 14734 954 16187 16187 16187 16187 16187 16187 16187 16187
3842 3171 16187 9840 6259 8974 16187 1860 1133 3177 8457 16187 16187 16187 16187 16187
1655 12233 14180 3102 8719 9222 3171 10917 10033 13348 16187 8719 4776 4927 16187 16187
12990 8268 4776 13607 7377 14237 4776 1754 3177 4776 4302 1167 14776 12256 16187 16187
3842 3171 16187 9840 6259 8974 16187 1860 1133 3177 8457 16187 16187 16187 16187 16187
1655 12233 14180 3102 8719 9222 3171 10917 10033 13348 16187 8719 4776 4927 16187 16187
12008 5329 12127 2563 5208 2823 16187 16187 16187 16187 16187 16187 16187 16187 16187 16187
3842 3171 16187 9840 6259 8974 16187 1860 1133 3177 8457 16187 16187 16187 16187 16187
1655 12233 14180 3102 8719 9222 3171 10917 10033 13348 16187 8719 4776 4927 16187 16187
7740 9429 3171 15846 159 2903 8630 13546 10397 8913 10373 16187 16187 16187 16187 16187
3842 3171 16187 9840 6259 8974 16187 1860 1133 3177 8457 16187 16187 16187 16187 16187
1655 12233 14180 3102 8719 9222 3171 10917 10033 13348 16187 8719 4776 4927 16187 16187
11720 14029 3171 10571 101 14237 6070 7742 2608 16187 16187 16187 16187 16187 16187 16187
3842 3171 16187 9840 6259 8974 16187 1860 1133 3177 8457 16187 16187 16187 16187 16187
1655 12233 14180 3102 8719 9222 3171 10917 10033 13348 16187 8719 4776 4927 16187 16187
1019 4791 8268 9501 8268 830 16041 8712 816 13348 16187 16187 16187 16187 16187 16187
3842 3171 16187 9840 6259 8974 16187 1860 1133 3177 8457 16187 16187 16187 16187 16187
1655 12233 14180 3102 8719 9222 3171 10917 10033 13348 16187 8719 4776 4927 16187 16187
7742 10471 8268 12022 14816 926 8268 9445 14029 1919 4776 9790 13828 13348 16187 16187
3842 3171 16187 9840 6259 8974 16187 1860 1133 3177 8457 16187 16187 16187 16187 16187
1655 12233 14180 3102 8719 9222 3171 10917 10033 13348 16187 8719 4776 4927 16187 16187
15924 8710 10355 1955 6259 12018 926 8268 8511 9330 13640 16187 16187 16187 16187 16187
3842 3171 16187 9840 6259 8974 16187 1860 1133 3177 8457 16187 16187 16187 16187 16187
1655 12233 14180 3102 8719 9222 3171 10917 10033 13348 16187 8719 4776 4927 16187 16187
15658 5682 2598 16187 16187 16187 16187 16187 16187 16187 16187 16187 16187 16187 16187 16187
3842 3171 16187 9840 6259 8974 16187 1860 1133 3177 8457 16187 16187 16187 16187 16187
1655 12233 14180 3102 8719 9222 3171 10917 10033 13348 16187 8719 4776 4927 16187 16187
3171 10033 3348 779 9754 4641 9591 5746 14808 16187 16187 16187 16187 16187 16187 16187
3842 3171 16187 9840 6259 8974 16187 1860 1133 3177 8457 16187 16187 16187 16187 16187
1655 12233 14180 3102 8719 9222 3171 10917 10033 13348 16187 8719 4776 4927 16187 16187
926 14180 4103 3171 2563 771 12958 7740 188 10967 1954 2122 14251 14237 2148 16187
3842 3171 16187 9840 6259 8974 16187 1860 1133 3177 8457 16187 16187 16187 16187 16187
1655 12233 14180 3102 8719 9222 3171 10917 10033 13348 16187 8719 4776 4927 16187 16187
3171 10033 8710 6259 5948 3177 10770 16187 16187 16187 16187 16187 16187 16187 16187 16187
3842 3171 16187 9840 6259 8974 16187 1860 1133 3177 8457 16187 16187 16187 16187 16187
1655 12233 14180 3102 8719 9222 3171 10917 10033 13348 16187 8719 4776 4927 16187 16187
15649 8710 10399 12233 4552 16187 16187 16187 16187 16187 16187 16187 16187 16187 16187 16187
3842 3171 16187 9840 6259 8974 16187 1860 1133 3177 8457 16187 16187 16187 16187 16187
1655 12233 14180 3102 8719 9222 3171 10917 10033 13348 16187 8719 4776 4927 16187 16187
4776 4152 13942 1229 10710 8798 8712 8710 1098 14237 11900 7393 16187 16187 16187 16187
3842 3171 16187 9840 6259 8974 16187 1860 1133 3177 8457 16187 16187 16187 16187 16187
1655 12233 14180 3102 8719 9222 3171 10917 10033 13348 16187 8719 4776 4927 16187 16187
7740 1110 14180 4776 12051 7926 14005 8268 8069 12233 4776 1781 1153 16187 16187 16187
3842 3171 16187 9840 6259 8974 16187 1860 1133 3177 8457 16187 16187 16187 16187 16187
1655 12233 14180 3102 8719 9222 3171 10917 10033 13348 16187 8719 4776 4927 16187 16187
13565 5463 13348 16187 16187 16187 16187 16187 16187 16187 16187 16187 16187 16187 16187 16187
3842 3171 16187 9840 6259 8974 16187 1860 1133 3177 8457 16187 16187 16187 16187 16187
1655 12233 14180 3102 8719 9222 3171 10917 10033 13348 16187 8719 4776 4927 16187 16187
12128 11598 779 8093 12766 1229 10273 8268 5335 8084 1955 8569 16187 16187 16187 16187
3842 3171 16187 9840 6259 8974 16187 1860 1133 3177 8457 16187 16187 16187 16187 16187
1655 12233 14180 3102 8719 9222 3171 10917 10033 13348 16187 8719 4776 4927 16187 16187
8069 926 15881 9153 14237 1922 16187 16187 16187 16187 16187 16187 16187 16187 16187 16187
3842 3171 16187 9840 6259 8974 16187 1860 1133 3177 8457 16187 16187 16187 16187 16187
1655 12233 14180 3102 8719 9222 3171 10917 10033 13348 16187 8719 4776 4927 16187 16187
8712 5867 14180 11953 6269 1919 5713 926 16187 16187 16187 16187 16187 16187 16187 16187
3842 3171 16187 9840 6259 8974 16187 1860 1133 3177 8457 16187 16187 16187 16187 16187
1655 12233 14180 3102 8719 9222 3171 10917 10033 13348 16187 8719 4776 4927 16187 16187
1883 8268 1543 4776 926 3609 8710 14652 16187 16187 16187 16187 16187 16187 16187 16187
3842 3171 16187 9840 6259 8974 16187 1860 1133 3177 8457 16187 16187 16187 16187 16187
1655 12233 14180 3102 8719 9222 3171 10917 10033 13348 16187 8719 4776 4927 16187 16187
9431 8268 6011 11553 3066 926 8268 14858 4776 4152 3006 1778 16187 16187 16187 16187
3842 3171 16187 9840 6259 8974 16187 1860 1133 3177 8457 16187 16187 16187 16187 16187
1655 12233 14180 3102 8719 9222 3171 10917 10033 13348 16187 8719 4776 4927 16187 16187
7001 2552 8712 16187 16187 16187 16187 16187 16187 16187 16187 16187 16187 16187 16187 16187
3842 3171 16187 9840 6259 8974 16187 1860 1133 3177 8457 16187 16187 16187 16187 16187
1655 12233 14180 3102 8719 9222 3171 10917 10033 13348 16187 8719 4776 4927 16187 16187
7740 12020 6011 7742 14237 3553 5463 5937 983 15846 14581 3765 4431 512 8457 16187
3842 3171 16187 9840 6259 8974 16187 1860 1133 3177 8457 16187 16187 16187 16187 16187
1655 12233 14180 3102 8719 9222 3171 10917 10033 13348 16187 8719 4776 4927 16187 16187
7740 9884 8466 6259 15335 13348 16187 16187 16187 16187 16187 16187 16187 16187 16187 16187
3842 3171 16187 9840 6259 8974 16187 1860 1133 3177 8457 16187 16187 16187 16187 16187
1655 12233 14180 3102 8719 9222 3171 10917 10033 13348 16187 8719 4776 4927 16187 16187
4776 10033 10781 779 6259 10355 14596 2894 16187 16187 16187 16187 16187 16187 16187 16187
3842 3171 16187 9840 6259 8974 16187 1860 1133 3177 8457 16187 16187 16187 16187 16187
1655 12233 14180 3102 8719 9222 3171 10917 10033 13348 16187 8719 4776 4927 16187 16187
7740 15142 8712 11789 4776 11707 4776 2563 7164 16187 16187 16187 16187 16187 16187 16187
3842 3171 16187 9840 6259 8974 16187 1860 1133 3177 8457 16187 16187 16187 16187 16187
1655 12233 14180 3102 8719 9222 3171 10917 10033 13348 16187 8719 4776 4927 16187 16187
11133 5937 15356 8719 6259 14217 16187 16187 16187 16187 16187 16187 16187 16187 16187 16187
3842 3171 16187 9840 6259 8974 16187 1860 1133 3177 8457 16187 16187 16187 16187 16187
1655 12233 14180 3102 8719 9222 3171 10917 10033 13348 16187 8719 4776 4927 16187 16187
8712 5867 7931 8268 14237 8798 4776 6850 14237 5445 3211 3112 8712 4189 16187 16187
3842 3171 16187 9840 6259 8974 16187 1860 1133 3177 8457 16187 16187 16187 16187 16187
1655 12233 14180 3102 8719 9222 3171 10917 10033 13348 16187 8719 4776 4927 16187 16187
4776 2563 8428 7742 1919 1954 9332 8726 5329 2002 1453 14029 4776 7191 10983 16187
3842 3171 16187 9840 6259 8974 16187 1860 1133 3177 8457 16187 16187 16187 16187 16187
1655 12233 14180 3102 8719 9222 3171 10917 10033 13348 16187 8719 4776 4927 16187 16187
13141 12233 15624 8268 15624 8268 15624 4440 16187 16187 16187 16187 16187 16187 16187 16187
3842 3171 16187 9840 6259 8974 16187 1860 1133 3177 8457 16187 16187 16187 16187 16187
1655 12233 14180 3102 8719 9222 3171 10917 10033 13348 16187 8719 4776 4927 16187 16187
1955 6259 12887 8719 4776 3838 7740 11530 26 3177 4776 571 16187 16187 16187 16187
3842 3171 16187 9840 6259 8974 16187 1860 1133 3177 8457 16187 16187 16187 16187 16187
1655 12233 14180 3102 8719 9222 3171 10917 10033 13348 16187 8719 4776 4927 16187 16187
6259 10148 15658 779 6598 14180 14734 13298 6253 12233 14754 6259 9450 16187 16187 16187
3842 3171 16187 9840 6259 8974 16187 1860 1133 3177 8457 16187 16187 16187 16187 16187
1655 12233 14180 3102 8719 9222 3171 10917 10033 13348 16187 8719 4776 4927 16187 16187
6011 14470 4261 8712 2148 512 7740 9084 16187 16187 16187 16187 16187 16187 16187 16187
3842 3171 16187 9840 6259 8974 16187 1860 1133 3177 8457 16187 16187 16187 16187 16187
1655 12233 14180 3102 8719 9222 3171 10917 10033 13348 16187 8719 4776 4927 16187 16187
14237 14069 8710 6535 630 7945 926 5463 5627 8710 9754 6070 10355 16187 16187 16187
3842 3171 16187 9840 6259 8974 16187 1860 1133 3177 8457 16187 16187 16187 16187 16187
1655 12233 14180 3102 8719 9222 3171 10917 10033 13348 16187 8719 4776 4927 16187 16187
5329 3746 9706 14272 7926 5867 12766 10324 8268 12008 6070 14218 16187 16187 16187 16187
3842 3171 16187 9840 6259 8974 16187 1860 1133 3177 8457 16187 16187 16187 16187 16187
1655 12233 14180 3102 8719 9222 3171 10917 10033 13348 16187 8719 4776 4927 16187 16187
1655 12233 14180 3102 8719 9222 3171 10917 10033 13348 16187 16187 16187 16187 16187 16187
3842 3171 16187 9840 6259 8974 16187 1860 1133 3177 8457 16187 16187 16187 16187 16187
1655 12233 14180 3102 8719 9222 3171 10917 10033 13348 16187 8719 4776 4927 16187 16187
1597 4440 14776 854 16187 16187 16187 16187 16187 16187 16187 16187 16187 16187 16187 16187
3842 3171 16187 9840 6259 8974 16187 1860 1133 3177 8457 16187 16187 16187 16187 16187
1655 12233 14180 3102 8719 9222 3171 10917 10033 13348 16187 8719 4776 4927 16187 16187
14237 4624 9605 12233 2552 4776 7938 926 916 4776 7465 926 5174 12723 16187 16187
3842 3171 16187 9840 6259 8974 16187 1860 1133 3177 8457 16187 16187 16187 16187 16187
1655 12233 14180 3102 8719 9222 3171 10917 10033 13348 16187 8719 4776 4927 16187 16187
10355 6499 2837 1430 926 8268 5341 2017 14237 926 926 3644 9754 8815 8712 16187
3842 3171 16187 9840 6259 8974 16187 1860 1133 3177 8457 16187 16187 16187 16187 16187
1655 12233 14180 3102 8719 9222 3171 10917 10033 13348 16187 8719 4776 4927 16187 16187
13474 9084 9754 13013 14029 9313 15452 8268 113 5305 14043 7140 14237 14948 16187 16187
3842 3171 16187 9840 6259 8974 16187 1860 1133 3177 8457 16187 16187 16187 16187 16187
1655 12233 14180 3102 8719 9222 3171 10917 10033 13348 16187 8719 4776 4927 16187 16187
2599 9070 8537 16187 16187 16187 16187 16187 16187 16187 16187 16187 16187 16187 16187 16187
3842 3171 16187 9840 6259 8974 16187 1860 1133 3177 8457 16187 16187 16187 16187 16187
1655 12233 14180 3102 8719 9222 3171 10917 10033 13348 16187 8719 4776 4927 16187 16187
5713 9498 8213 926 16187 16187 16187 16187 16187 16187 16187 16187 16187 16187 16187 16187
3842 3171 16187 9840 6259 8974 16187 1860 1133 3177 8457 16187 16187 16187 16187 16187
1655 12233 14180 3102 8719 9222 3171 10917 10033 13348 16187 8719 4776 4927 16187 16187
4421 10668 15881 6259 3984 12233 11178 14180 3177 14734 10418 906 16187 16187 16187 16187
3842 3171 16187 9840 6259 8974 16187 1860 1133 3177 8457 16187 16187 16187 16187 16187
1655 12233 14180 3102 8719 9222 3171 10917 10033 13348 16187 8719 4776 4927 16187 16187
4325 5332 11553 12233 3520 8794 6563 12233 926 12233 7347 14745 899 16187 16187 16187
3842 3171 16187 9840 6259 8974 16187 1860 1133 3177 8457 16187 16187 16187 16187 16187
1655 12233 14180 3102 8719 9222 3171 10917 10033 13348 16187 8719 4776 4927 16187 16187
926 926 14237 5095 926 14776 12256 8719 10355 5121 10638 16187 16187 16187 16187 16187
3842 3171 16187 9840 6259 8974 16187 1860 1133 3177 8457 16187 16187 16187 16187 16187
1655 12233 14180 3102 8719 9222 3171 10917 10033 13348 16187 8719 4776 4927 16187 16187
3171 8710 4404 176 16187 16187 16187 16187 16187 16187 16187 16187 16187 16187 16187 16187
3842 3171 16187 9840 6259 8974 16187 1860 1133 3177 8457 16187 16187 16187 16187 16187
1655 12233 14180 3102 8719 9222 3171 10917 10033 13348 16187 8719 4776 4927 16187 16187
203 7805 8710 8712 12233 12700 926 4149 1955 1131 12233 3900 12117 2598 16187 16187
3842 3171 16187 9840 6259 8974 16187 1860 1133 3177 8457 16187 16187 16187 16187 16187
1655 12233 14180 3102 8719 9222 3171 10917 10033 13348 16187 8719 4776 4927 16187 16187
703 7740 6124 10967 13627 12414 14776 9710 3177 14803 926 16187 16187 16187 16187 16187
3842 3171 16187 9840 6259 8974 16187 1860 1133 3177 8457 16187 16187 16187 16187 16187
1655 12233 14180 3102 8719 9222 3171 10917 10033 13348 16187 8719 4776 4927 16187 16187
203 5208 6011 5329 1110 3171 10033 2598 16187 16187 16187 16187 16187 16187 16187 16187
3842 3171 16187 9840 6259 8974 16187 1860 1133 3177 8457 16187 16187 16187 16187 16187
1655 12233 14180 3102 8719 9222 3171 10917 10033 13348 16187 8719 4776 4927 16187 16187
8712 8710 5580 11085 5463 6259 2563 3171 8569 8084 12431 4265 6474 16187 16187 16187
3842 3171 16187 9840 6259 8974 16187 1860 1133 3177 8457 16187 16187 16187 16187 16187
1655 12233 14180 3102 8719 9222 3171 10917 10033 13348 16187 8719 4776 4927 16187 16187
13474 3543 9754 2823 1179 12233 2552 4404 2563 16187 16187 16187 16187 16187 16187 16187
3842 3171 16187 9840 6259 8974 16187 1860 1133 3177 8457 16187 16187 16187 16187 16187
1655 12233 14180 3102 8719 9222 3171 10917 10033 13348 16187 8719 4776 4927 16187 16187
14069 8710 6259 15174 574 2837 926 16187 16187 16187 16187 16187 16187 16187 16187 16187
3842 3171 16187 9840 6259 8974 16187 1860 1133 3177 8457 16187 16187 16187 16187 16187
1655 12233 14180 3102 8719 9222 3171 10917 10033 13348 16187 8719 4776 4927 16187 16187
8017 12008 1138 4776 926 5711 8710 9754 1378 3177 4312 16187 16187 16187 16187 16187
3842 3171 16187 9840 6259 8974 16187 1860 1133 3177 8457 16187 16187 16187 16187 16187
1655 12233 14180 3102 8719 9222 3171 10917 10033 13348 16187 8719 4776 4927 16187 16187
12276 4714 14029 3171 10033 12232 2823 4370 5498 5867 926 11180 16187 16187 16187 16187
3842 3171 16187 9840 6259 8974 16187 1860 1133 3177 8457 16187 16187 16187 16187 16187
1655 12233 14180 3102 8719 9222 3171 10917 10033 13348 16187 8719 4776 4927 16187 16187
4776 926 926 8710 12105 3650 8268 14237 2832 8693 1955 2689 1955 2215 16187 16187
3842 3171 16187 9840 6259 8974 16187 1860 1133 3177 8457 16187 16187 16187 16187 16187
1655 12233 14180 3102 8719 9222 3171 10917 10033 13348 16187 8719 4776 4927 16187 16187
9296 13588 8712 8726 6011 9884 12766 2805 16187 16187 16187 16187 16187 16187 16187 16187
3842 3171 16187 9840 6259 8974 16187 1860 1133 3177 8457 16187 16187 16187 16187 16187
1655 12233 14180 3102 8719 9222 3171 10917 10033 13348 16187 8719 4776 4927 16187 16187
9879 6179 3171 14709 8913 16187 16187 16187 16187 16187 16187 16187 16187 16187 16187 16187
3842 3171 16187 9840 6259 8974 16187 1860 1133 3177 8457 16187 16187 16187 16187 16187
1655 12233 14180 3102 8719 9222 3171 10917 10033 13348 16187 8719 4776 4927 16187 16187
4776 7249 6955 1957 10288 779 926 10781 10036 16187 16187 16187 16187 16187 16187 16187
3842 3171 16187 9840 6259 8974 16187 1860 1133 3177 8457 16187 16187 16187 16187 16187
1655 12233 14180 3102 8719 9222 3171 10917 10033 13348 16187 8719 4776 4927 16187 16187
1229 630 3177 8712 385 12013 16187 16187 16187 16187 16187 16187 16187 16187 16187 16187
3842 3171 16187 9840 6259 8974 16187 1860 1133 3177 8457 16187 16187 16187 16187 16187
1655 12233 14180 3102 8719 9222 3171 10917 10033 13348 16187 8719 4776 4927 16187 16187
926 16187 16187 16187 16187 16187 16187 16187 16187 16187 16187 16187 16187 16187 16187 16187
3842 3171 16187 9840 6259 8974 16187 1860 1133 3177 8457 16187 16187 16187 16187 16187
1655 12233 14180 3102 8719 9222 3171 10917 10033 13348 16187 8719 4776 4927 16187 16187
4776 14599 8710 16150 1001 1919 1597 1138 2689 5711 11331 5463 10114 14350 16187 16187
3842 3171 16187 9840 6259 8974 16187 1860 1133 3177 8457 16187 16187 16187 16187 16187
1655 12233 14180 3102 8719 9222 3171 10917 10033 13348 16187 8719 4776 4927 16187 16187
7740 12431 8712 16187 16187 16187 16187 16187 16187 16187 16187 16187 16187 16187 16187 16187
3842 3171 16187 9840 6259 8974 16187 1860 1133 3177 8457 16187 16187 16187 16187 16187
1655 12233 14180 3102 8719 9222 3171 10917 10033 13348 16187 8719 4776 4927 16187 16187
13084 16187 16187 16187 16187 16187 16187 16187 16187 16187 16187 16187 16187 16187 16187 16187
3842 3171 16187 9840 6259 8974 16187 1860 1133 3177 8457 16187 16187 16187 16187 16187
1655 12233 14180 3102 8719 9222 3171 10917 10033 13348 16187 8719 4776 4927 16187 16187
4404 9840 3177 926 15649 926 16146 13607 5388 8710 4776 7377 3177 4776 3052 16187
3842 3171 16187 9840 6259 8974 16187 1860 1133 3177 8457 16187 16187 16187 16187 16187
1655 12233 14180 3102 8719 9222 3171 10917 10033 13348 16187 8719 4776 4927 16187 16187
11499 7926 9013 8258 7926 3364 10369 11953 4776 926 3177 926 16187 16187 16187 16187
3842 3171 16187 9840 6259 8974 16187 1860 1133 3177 8457 16187 16187 16187 16187 16187
1655 12233 14180 3102 8719 9222 3171 10917 10033 13348 16187 8719 4776 4927 16187 16187
12008 8712 5867 5297 4032 9316 16187 16187 16187 16187 16187 16187 16187 16187 16187 16187
3842 3171 16187 9840 6259 8974 16187 1860 1133 3177 8457 16187 16187 16187 16187 16187
1655 12233 14180 3102 8719 9222 3171 10917 10033 13348 16187 8719 4776 4927 16187 16187
8712 5086 15525 12233 2823 6259 926 926 16187 16187 16187 16187 16187 16187 16187 16187
3842 3171 16187 9840 6259 8974 16187 1860 1133 3177 8457 16187 16187 16187 16187 16187
1655 12233 14180 3102 8719 9222 3171 10917 10033 13348 16187 8719 4776 4927 16187 16187
14237 8268 13570 8268 3171 8836 419 1433 15525 12233 2823 7594 10915 7594 16187 16187
3842 3171 16187 9840 6259 8974 16187 1860 1133 3177 8457 16187 16187 16187 16187 16187
1655 12233 14180 3102 8719 9222 3171 10917 10033 13348 16187 8719 4776 4927 16187 16187
13570 3171 2563 8710 9813 6987 8719 926 8268 926 4776 926 16187 16187 16187 16187
3842 3171 16187 9840 6259 8974 16187 1860 1133 3177 8457 16187 16187 16187 16187 16187
1655 12233 14180 3102 8719 9222 3171 10917 10033 13348 16187 8719 4776 4927 16187 16187
7926 3847 5329 188 12233 9085 13592 2148 16187 16187 16187 16187 16187 16187 16187 16187
3842 3171 16187 9840 6259 8974 16187 1860 1133 3177 8457 16187 16187 16187 16187 16187
1655 12233 14180 3102 8719 9222 3171 10917 10033 13348 16187 8719 4776 4927 16187 16187
14237 3171 8185 2097 3177 4312 16187 16187 16187 16187 16187 16187 16187 16187 16187 16187
3842 3171 16187 9840 6259 8974 16187 1860 1133 3177 8457 16187 16187 16187 16187 16187
1655 12233 14180 3102 8719 9222 3171 10917 10033 13348 16187 8719 4776 4927 16187 16187
4776 10418 4931 12489 14708 14237 4776 12835 11772 2614 16187 16187 16187 16187 16187 16187
3842 3171 16187 9840 6259 8974 16187 1860 1133 3177 8457 16187 16187 16187 16187 16187
1655 12233 14180 3102 8719 9222 3171 10917 10033 13348 16187 8719 4776 4927 16187 16187
3171 8710 1954 12256 10033 1919 6259 3098 14596 8268 14237 12256 10418 16187 16187 16187
3842 3171 16187 9840 6259 8974 16187 1860 1133 3177 8457 16187 16187 16187 16187 16187
1655 12233 14180 3102 8719 9222 3171 10917 10033 13348 16187 8719 4776 4927 16187 16187
582 8268 12716 8268 4552 5329 13758 3748 6070 7742 8719 3171 10033 16187 16187 16187
3842 3171 16187 9840 6259 8974 16187 1860 1133 3177 8457 16187 16187 16187 16187 16187
1655 12233 14180 3102 8719 9222 3171 10917 10033 13348 16187 8719 4776 4927 16187 16187
12008 9591 3177 5713 926 926 16187 16187 16187 16187 16187 16187 16187 16187 16187 16187
3842 3171 16187 9840 6259 8974 16187 1860 1133 3177 8457 16187 16187 16187 16187 16187
1655 12233 14180 3102 8719 9222 3171 10917 10033 13348 16187 8719 4776 4927 16187 16187
9036 3171 2563 16187 16187 16187 16187 16187 16187 16187 16187 16187 16187 16187 16187 16187
3842 3171 16187 9840 6259 8974 16187 1860 1133 3177 8457 16187 16187 16187 16187 16187
1655 12233 14180 3102 8719 9222 3171 10917 10033 13348 16187 8719 4776 4927 16187 16187
4776 5820 15180 3177 4776 10033 5340 8719 4776 12536 14237 10418 16187 16187 16187 16187
3842 3171 16187 9840 6259 8974 16187 1860 1133 3177 8457 16187 16187 16187 16187 16187
1655 12233 14180 3102 8719 9222 3171 10917 10033 13348 16187 8719 4776 4927 16187 16187
6259 10355 8199 16187 16187 16187 16187 16187 16187 16187 16187 16187 16187 16187 16187 16187
3842 3171 16187 9840 6259 8974 16187 1860 1133 3177 8457 16187 16187 16187 16187 16187
1655 12233 14180 3102 8719 9222 3171 10917 10033 13348 16187 8719 4776 4927 16187 16187
14237 13089 6011 12650 8712 8268 6011 188 12233 12650 8712 10036 16187 16187 16187 16187
3842 3171 16187 9840 6259 8974 16187 1860 1133 3177 8457 16187 16187 16187 16187 16187
1655 12233 14180 3102 8719 9222 3171 10917 10033 13348 16187 8719 4776 4927 16187 16187
4776 926 8719 4776 2563 6699 6826 13129 3087 16187 16187 16187 16187 16187 16187 16187
3842 3171 16187 9840 6259 8974 16187 1860 1133 3177 8457 16187 16187 16187 16187 16187
1655 12233 14180 3102 8719 9222 3171 10917 10033 13348 16187 8719 4776 4927 16187 16187
926 5867 5736 9565 1885 1919 15778 16187 16187 16187 16187 16187 16187 16187 16187 16187
3842 3171 16187 9840 6259 8974 16187 1860 1133 3177 8457 16187 16187 16187 16187 16187
1655 12233 14180 3102 8719 9222 3171 10917 10033 13348 16187 8719 4776 4927 16187 16187
4791 830 3171 7937 3177 2856 16187 16187 16187 16187 16187 16187 16187 16187 16187 16187
3842 3171 16187 9840 6259 8974 16187 1860 1133 3177 8457 16187 16187 16187 16187 16187
1655 12233 14180 3102 8719 9222 3171 10917 10033 13348 16187 8719 4776 4927 16187 16187
4776 6161 3177 13176 5867 808 9070 12276 6161 16187 16187 16187 16187 16187 16187 16187
3842 3171 16187 9840 6259 8974 16187 1860 1133 3177 8457 16187 16187 16187 16187 16187
1655 12233 14180 3102 8719 9222 3171 10917 10033 13348 16187 8719 4776 4927 16187 16187
8719 4776 926 8268 14069 14776 6826 16146 9332 13603 8985 8719 4776 8831 16187 16187
3842 3171 16187 9840 6259 8974 16187 1860 1133 3177 8457 16187 16187 16187 16187 16187
1655 12233 14180 3102 8719 9222 3171 10917 10033 13348 16187 8719 4776 4927 16187 16187
4776 4369 3177 4776 5434 1019 15827 6173 13084 10887 926 16187 16187 16187 16187 16187
3842 3171 16187 9840 6259 8974 16187 1860 1133 3177 8457 16187 16187 16187 16187 16187
1655 12233 14180 3102 8719 9222 3171 10917 10033 13348 16187 8719 4776 4927 16187 16187
926 8268 8712 5867 14691 8081 16187 16187 16187 16187 16187 16187 16187 16187 16187 16187
3842 3171 16187 9840 6259 8974 16187 1860 1133 3177 8457 16187 16187 16187 16187 16187
1655 12233 14180 3102 8719 9222 3171 10917 10033 13348 16187 8719 4776 4927 16187 16187
14180 14237 14180 6259 643 4063 10033 13348 16187 16187 16187 16187 16187 16187 16187 16187
3842 3171 16187 9840 6259 8974 16187 1860 1133 3177 8457 16187 16187 16187 16187 16187
1655 12233 14180 3102 8719 9222 3171 10917 10033 13348 16187 8719 4776 4927 16187 16187
4776 2563 8710 6070 6585 12233 4776 9577 8719 4152 14237 12835 16187 16187 16187 16187
3842 3171 16187 9840 6259 8974 16187 1860 1133 3177 8457 16187 16187 16187 16187 16187
1655 12233 14180 3102 8719 9222 3171 10917 10033 13348 16187 8719 4776 4927 16187 16187
5332 6259 3011 5838 8710 926 8719 1885 14198 8719 926 5867 6028 16187 16187 16187
3842 3171 16187 9840 6259 8974 16187 1860 1133 3177 8457 16187 16187 16187 16187 16187
1655 12233 14180 3102 8719 9222 3171 10917 10033 13348 16187 8719 4776 4927 16187 16187
4776 4152 8710 2393 8268 8798 16162 9332 16187 16187 16187 16187 16187 16187 16187 16187
3842 3171 16187 9840 6259 8974 16187 1860 1133 3177 8457 16187 16187 16187 16187 16187
1655 12233 14180 3102 8719 9222 3171 10917 10033 13348 16187 8719 4776 4927 16187 16187
8712 16105 9070 13240 12276 13023 13477 16187 16187 16187 16187 16187 16187 16187 16187 16187
3842 3171 16187 9840 6259 8974 16187 1860 1133 3177 8457 16187 16187 16187 16187 16187
1655 12233 14180 3102 8719 9222 3171 10917 10033 13348 16187 8719 4776 4927 16187 16187
7740 4931 6391 3098 703 10967 4776 6406 16187 16187 16187 16187 16187 16187 16187 16187
3842 3171 16187 9840 6259 8974 16187 1860 1133 3177 8457 16187 16187 16187 16187 16187
1655 12233 14180 3102 8719 9222 3171 10917 10033 13348 16187 8719 4776 4927 16187 16187
4776 4302 1167 1042 10915 14691 12233 2823 15288 16187 16187 16187 16187 16187 16187 16187
3842 3171 16187 9840 6259 8974 16187 1860 1133 3177 8457 16187 16187 16187 16187 16187
1655 12233 14180 3102 8719 9222 3171 10917 10033 13348 16187 8719 4776 4927 16187 16187
12008 14776 4325 7805 830 784 2598 16187 16187 16187 16187 16187 16187 16187 16187 16187
3842 3171 16187 9840 6259 8974 16187 1860 1133 3177 8457 16187 16187 16187 16187 16187
1655 12233 14180 3102 8719 9222 3171 10917 10033 13348 16187 8719 4776 4927 16187 16187
13084 16187 16187 16187 16187 16187 16187 16187 16187 16187 16187 16187 16187 16187 16187 16187
3842 3171 16187 9840 6259 8974 16187 1860 1133 3177 8457 16187 16187 16187 16187 16187
1655 12233 14180 3102 8719 9222 3171 10917 10033 13348 16187 8719 4776 4927 16187 16187
4776 6928 14826 3177 4776 9960 2598 16187 16187 16187 16187 16187 16187 16187 16187 16187
3842 3171 16187 9840 6259 8974 16187 1860 1133 3177 8457 16187 16187 16187 16187 16187
1655 12233 14180 3102 8719 9222 3171 10917 10033 13348 16187 8719 4776 4927 16187 16187
8712 4931 926 11889 5370 13348 16187 16187 16187 16187 16187 16187 16187 16187 16187 16187
3842 3171 16187 9840 6259 8974 16187 1860 1133 3177 8457 16187 16187 16187 16187 16187
1655 12233 14180 3102 8719 9222 3171 10917 10033 13348 16187 8719 4776 4927 16187 16187
2263 4776 9790 3546 14237 13474 15881 4776 8152 1019 4776 5434 13348 16187 16187 16187
3842 3171 16187 9840 6259 8974 16187 1860 1133 3177 8457 16187 16187 16187 16187 16187
1655 12233 14180 3102 8719 9222 3171 10917 10033 13348 16187 8719 4776 4927 16187 16187
4776 12835 14776 9776 820 14237 15857 8268 4325 14776 13074 16187 16187 16187 16187 16187
3842 3171 16187 9840 6259 8974 16187 1860 1133 3177 8457 16187 16187 16187 16187 16187
1655 12233 14180 3102 8719 9222 3171 10917 10033 13348 16187 8719 4776 4927 16187 16187
1378 11071 8268 2689 5820 643 3766 8268 14237 4987 3211 12233 16142 16187 16187 16187
3842 3171 16187 9840 6259 8974 16187 1860 1133 3177 8457 16187 16187 16187 16187 16187
1655 12233 14180 3102 8719 9222 3171 10917 10033 13348 16187 8719 4776 4927 16187 16187
91 13216 4552 9754 12650 3171 2563 16187 16187 16187 16187 16187 16187 16187 16187 16187
3842 3171 16187 9840 6259 8974 16187 1860 1133 3177 8457 16187 16187 16187 16187 16187
1655 12233 14180 3102 8719 9222 3171 10917 10033 13348 16187 8719 4776 4927 16187 16187
8712 4931 5463 2689 16187 16187 16187 16187 16187 16187 16187 16187 16187 16187 16187 16187
3842 3171 16187 9840 6259 8974 16187 1860 1133 3177 8457 16187 16187 16187 16187 16187
1655 12233 14180 3102 8719 9222 3171 10917 10033 13348 16187 8719 4776 4927 16187 16187
203 450 8710 8712 926 2598 16187 16187 16187 16187 16187 16187 16187 16187 16187 16187
3842 3171 16187 9840 6259 8974 16187 1860 1133 3177 8457 16187 16187 16187 16187 16187
1655 12233 14180 3102 8719 9222 3171 10917 10033 13348 16187 8719 4776 4927 16187 16187
8719 1954 6748 3362 4707 15337 926 6259 15335 1980 926 13946 16187 16187 16187 16187
3842 3171 16187 9840 6259 8974 16187 1860 1133 3177 8457 16187 16187 16187 16187 16187
1655 12233 14180 3102 8719 9222 3171 10917 10033 13348 16187 8719 4776 4927 16187 16187
2148 16113 16187 16187 16187 16187 16187 16187 16187 16187 16187 16187 16187 16187 16187 16187
3842 3171 16187 9840 6259 8974 16187 1860 1133 3177 8457 16187 16187 16187 16187 16187
1655 12233 14180 3102 8719 9222 3171 10917 10033 13348 16187 8719 4776 4927 16187 16187
12716 8268 7740 3644 9754 2823 12495 10399 14029 3171 2563 16187 16187 16187 16187 16187
3842 3171 16187 9840 6259 8974 16187 1860 1133 3177 8457 16187 16187 16187 16187 16187
1655 12233 14180 3102 8719 9222 3171 10917 10033 13348 16187 8719 4776 4927 16187 16187
12127 11046 15874 3177 4776 3446 6161 4931 4537 11953 3257 16187 16187 16187 16187 16187
3842 3171 16187 9840 6259 8974 16187 1860 1133 3177 8457 16187 16187 16187 16187 16187
1655 12233 14180 3102 8719 9222 3171 10917 10033 13348 16187 8719 4776 4927 16187 16187
926 3384 8268 9455 2598 16187 16187 16187 16187 16187 16187 16187 16187 16187 16187 16187
3842 3171 16187 9840 6259 8974 16187 1860 1133 3177 8457 16187 16187 16187 16187 16187
1655 12233 14180 3102 8719 9222 3171 10917 10033 13348 16187 8719 4776 4927 16187 16187
3171 2563 8710 15374 5463 4776 387 4931 9754 2296 14029 14734 12489 5509 16187 16187
3842 3171 16187 9840 6259 8974 16187 1860 1133 3177 8457 16187 16187 16187 16187 16187
1655 12233 14180 3102 8719 9222 3171 10917 10033 13348 16187 8719 4776 4927 16187 16187
11558 10566 3177 4776 9831 4931 10827 14029 4776 2946 3994 3844 16187 16187 16187 16187
3842 3171 16187 9840 6259 8974 16187 1860 1133 3177 8457 16187 16187 16187 16187 16187
1655 12233 14180 3102 8719 9222 3171 10917 10033 13348 16187 8719 4776 4927 16187 16187
6173 6011 771 12233 11553 9594 582 2451 13546 15358 16187 16187 16187 16187 16187 16187
3842 3171 16187 9840 6259 8974 16187 1860 1133 3177 8457 16187 16187 16187 16187 16187
1655 12233 14180 3102 8719 9222 3171 10917 10033 13348 16187 8719 4776 4927 16187 16187
4776 14596 4931 7742 13663 14237 4776 12835 9498 9332 16187 16187 16187 16187 16187 16187
3842 3171 16187 9840 6259 8974 16187 1860 1133 3177 8457 16187 16187 16187 16187 16187
1655 12233 14180 3102 8719 9222 3171 10917 10033 13348 16187 8719 4776 4927 16187 16187
14180 5463 4931 817 14823 8081 10036 8268 8466 10324 4776 9465 3177 6259 653 16187
3842 3171 16187 9840 6259 8974 16187 1860 1133 3177 8457 16187 16187 16187 16187 16187
1655 12233 14180 3102 8719 9222 3171 10917 10033 13348 16187 8719 4776 4927 16187 16187
7740 926 926 15978 3177 14272 7740 1442 14237 2696 14029 8712 5867 15149 16187 16187
3842 3171 16187 9840 6259 8974 16187 1860 1133 3177 8457 16187 16187 16187 16187 16187
1655 12233 14180 3102 8719 9222 3171 10917 10033 13348 16187 8719 4776 4927 16187 16187
9850 14139 11608 2274 5989 3171 8710 5329 5937 2563 16187 16187 16187 16187 16187 16187
3842 3171 16187 9840 6259 8974 16187 1860 1133 3177 8457 16187 16187 16187 16187 16187
1655 12233 14180 3102 8719 9222 3171 10917 10033 13348 16187 8719 4776 4927 16187 16187
7314 14237 10583 14776 703 5463 14180 9743 7891 8268 10887 2664 12192 1133 4552 16187
3842 3171 16187 9840 6259 8974 16187 1860 1133 3177 8457 16187 16187 16187 16187 16187
1655 12233 14180 3102 8719 9222 3171 10917 10033 13348 16187 8719 4776 4927 16187 16187
926 926 8710 15761 1955 4776 817 16187 16187 16187 16187 16187 16187 16187 16187 16187
3842 3171 16187 9840 6259 8974 16187 1860 1133 3177 8457 16187 16187 16187 16187 16187
1655 12233 14180 3102 8719 9222 3171 10917 10033 13348 16187 8719 4776 4927 16187 16187
8712 5867 11789 11889 6259 308 3177 2843 4602 1919 13084 5820 12596 5629 4312 16187
3842 3171 16187 9840 6259 8974 16187 1860 1133 3177 8457 16187 16187 16187 16187 16187
1655 12233 14180 3102 8719 9222 3171 10917 10033 13348 16187 8719 4776 4927 16187 16187
14272 5867 4776 315 2598 16187 16187 16187 16187 16187 16187 16187 16187 16187 16187 16187
3842 3171 16187 9840 6259 8974 16187 1860 1133 3177 8457 16187 16187 16187 16187 16187
1655 12233 14180 3102 8719 9222 3171 10917 10033 13348 16187 8719 4776 4927 16187 16187
926 9084 4552 6259 13659 830 2904 16187 16187 16187 16187 16187 16187 16187 16187 16187
3842 3171 16187 9840 6259 8974 16187 1860 1133 3177 8457 16187 16187 16187 16187 16187
1655 12233 14180 3102 8719 9222 3171 10917 10033 13348 16187 8719 4776 4927 16187 16187
1138 13474 926 5711 8710 2148 3177 6259 400 471 512 6259 9405 2563 16187 16187
3842 3171 16187 9840 6259 8974 16187 1860 1133 3177 8457 16187 16187 16187 16187 16187
1655 12233 14180 3102 8719 9222 3171 10917 10033 13348 16187 8719 4776 4927 16187 16187
4624 11031 4776 926 5015 6259 9850 15525 3177 14139 14029 4776 926 16187 16187 16187
3842 3171 16187 9840 6259 8974 16187 1860 1133 3177 8457 16187 16187 16187 16187 16187
1655 12233 14180 3102 8719 9222 3171 10917 10033 13348 16187 8719 4776 4927 16187 16187
3171 8710 6259 1980 10033 16187 16187 16187 16187 16187 16187 16187 16187 16187 16187 16187
3842 3171 16187 9840 6259 8974 16187 1860 1133 3177 8457 16187 16187 16187 16187 16187
1655 12233 14180 3102 8719 9222 3171 10917 10033 13348 16187 8719 4776 4927 16187 16187
12958 3007 12233 2823 8719 13501 830 6259 3098 10033 8268 6011 2552 16187 16187 16187
3842 3171 16187 9840 6259 8974 16187 1860 1133 3177 8457 16187 16187 16187 16187 16187
1655 12233 14180 3102 8719 9222 3171 10917 10033 13348 16187 8719 4776 4927 16187 16187
3171 2563 8710 6259 3098 10288 8974 16187 16187 16187 16187 16187 16187 16187 16187 16187
3842 3171 16187 9840 6259 8974 16187 1860 1133 3177 8457 16187 16187 16187 16187 16187
1655 12233 14180 3102 8719 9222 3171 10917 10033 13348 16187 8719 4776 4927 16187 16187
5463 8710 4776 4152 1955 14221 1955 7740 5208 4189 8712 15525 16187 16187 16187 16187
3842 3171 16187 9840 6259 8974 16187 1860 1133 3177 8457 16187 16187 16187 16187 16187
1655 12233 14180 3102 8719 9222 3171 10917 10033 13348 16187 8719 4776 4927 16187 16187
4776 443 15658 233 4776 10660 926 8710 4317 10967 5463 4832 5867 926 926 16187
3842 3171 16187 9840 6259 8974 16187 1860 1133 3177 8457 16187 16187 16187 16187 16187
1655 12233 14180 3102 8719 9222 3171 10917 10033 13348 16187 8719 4776 4927 16187 16187
12008 4776 16146 8808 8710 8843 14237 3847 9754 7001 15369 16187 16187 16187 16187 16187
3842 3171 16187 9840 6259 8974 16187 1860 1133 3177 8457 16187 16187 16187 16187 16187
1655 12233 14180 3102 8719 9222 3171 10917 10033 13348 16187 8719 4776 4927 16187 16187
11946 3171 8710 1378 3177 12276 926 926 8268 4776 2563 10781 8710 1872 16187 16187
3842 3171 16187 9840 6259 8974 16187 1860 1133 3177 8457 16187 16187 16187 16187 16187
1655 12233 14180 3102 8719 9222 3171 10917 10033 13348 16187 8719 4776 4927 16187 16187
4240 4776 926 3177 15036 14237 4776 9954 8268 12276 3415 926 9450 2837 9450 16187
3842 3171 16187 9840 6259 8974 16187 1860 1133 3177 8457 16187 16187 16187 16187 16187
1655 12233 14180 3102 8719 9222 3171 10917 10033 13348 16187 8719 4776 4927 16187 16187
5329 4032 15715 8726 6011 11031 12349 11459 14043 2175 16187 16187 16187 16187 16187 16187
3842 3171 16187 9840 6259 8974 16187 1860 1133 3177 8457 16187 16187 16187 16187 16187
1655 12233 14180 3102 8719 9222 3171 10917 10033 13348 16187 8719 4776 4927 16187 16187
3171 10240 8710 5462 5424 12233 7377 14237 10355 15768 16187 16187 16187 16187 16187 16187
3842 3171 16187 9840 6259 8974 16187 1860 1133 3177 8457 16187 16187 16187 16187 16187
1655 12233 14180 3102 8719 9222 3171 10917 10033 13348 16187 8719 4776 4927 16187 16187
4776 16146 9424 7740 11889 10566 11953 3171 8710 4776 12835 16187 16187 16187 16187 16187
3842 3171 16187 9840 6259 8974 16187 1860 1133 3177 8457 16187 16187 16187 16187 16187
1655 12233 14180 3102 8719 9222 3171 10917 10033 13348 16187 8719 4776 4927 16187 16187
1597 3177 4776 12835 14776 3098 8268 14237 6826 14776 9754 1229 630 16187 16187 16187
3842 3171 16187 9840 6259 8974 16187 1860 1133 3177 8457 16187 16187 16187 16187 16187
1655 12233 14180 3102 8719 9222 3171 10917 10033 13348 16187 8719 4776 4927 16187 16187
7740 8695 4624 3543 11553 9430 13122 830 4776 2563 12233 14889 8719 16187 16187 16187
3842 3171 16187 9840 6259 8974 16187 1860 1133 3177 8457 16187 16187 16187 16187 16187
1655 12233 14180 3102 8719 9222 3171 10917 10033 13348 16187 8719 4776 4927 16187 16187
12606 9591 13089 6011 11553 9754 12431 1157 8270 12233 4552 16187 16187 16187 16187 16187
3842 3171 16187 9840 6259 8974 16187 1860 1133 3177 8457 16187 16187 16187 16187 16187
1655 12233 14180 3102 8719 9222 3171 10917 10033 13348 16187 8719 4776 4927 16187 16187
6011 15846 2823 3745 2758 16187 16187 16187 16187 16187 16187 16187 16187 16187 16187 16187
3842 3171 16187 9840 6259 8974 16187 1860 1133 3177 8457 16187 16187 16187 16187 16187
1655 12233 14180 3102 8719 9222 3171 10917 10033 13348 16187 8719 4776 4927 16187 16187
6259 11361 3177 926 14776 6535 630 4537 10 15525 16187 16187 16187 16187 16187 16187
3842 3171 16187 9840 6259 8974 16187 1860 1133 3177 8457 16187 16187 16187 16187 16187
1655 12233 14180 3102 8719 9222 3171 10917 10033 13348 16187 8719 4776 4927 16187 16187
2446 6683 830 6259 11943 2067 954 10967 926 926 16187 16187 16187 16187 16187 16187
3842 3171 16187 9840 6259 8974 16187 1860 1133 3177 8457 16187 16187 16187 16187 16187
1655 12233 14180 3102 8719 9222 3171 10917 10033 13348 16187 8719 4776 4927 16187 16187
5463 8710 4776 2601 4922 16187 16187 16187 16187 16187 16187 16187 16187 16187 16187 16187
3842 3171 16187 9840 6259 8974 16187 1860 1133 3177 8457 16187 16187 16187 16187 16187
1655 12233 14180 3102 8719 9222 3171 10917 10033 13348 16187 8719 4776 4927 16187 16187
1138 4776 10566 2176 926 6636 14217 8719 926 8268 5711 7926 6135 16187 16187 16187
3842 3171 16187 9840 6259 8974 16187 1860 1133 3177 8457 16187 16187 16187 16187 16187
1655 12233 14180 3102 8719 9222 3171 10917 10033 13348 16187 8719 4776 4927 16187 16187
8521 8781 6259 8569 14113 8719 12276 467 16187 16187 16187 16187 16187 16187 16187 16187
3842 3171 16187 9840 6259 8974 16187 1860 1133 3177 8457 16187 16187 16187 16187 16187
1655 12233 14180 3102 8719 9222 3171 10917 10033 13348 16187 8719 4776 4927 16187 16187
133 8268 4552 9754 6407 15525 3171 3211 8974 16187 16187 16187 16187 16187 16187 16187
3842 3171 16187 9840 6259 8974 16187 1860 1133 3177 8457 16187 16187 16187 16187 16187
1655 12233 14180 3102 8719 9222 3171 10917 10033 13348 16187 8719 4776 4927 16187 16187
4325 13474 3847 8712 8710 2837 9808 14745 12349 1919 1885 5200 16187 16187 16187 16187
3842 3171 16187 9840 6259 8974 16187 1860 1133 3177 8457 16187 16187 16187 16187 16187
1655 12233 14180 3102 8719 9222 3171 10917 10033 13348 16187 8719 4776 4927 16187 16187
1378 3177 4776 564 5852 14373 5388 15525 14069 13348 16187 16187 16187 16187 16187 16187
3842 3171 16187 9840 6259 8974 16187 1860 1133 3177 8457 16187 16187 16187 16187 16187
1655 12233 14180 3102 8719 9222 3171 10917 10033 13348 16187 8719 4776 4927 16187 16187
203 1597 12291 779 5463 13411 8719 6259 4557 8458 2563 2598 16187 16187 16187 16187
3842 3171 16187 9840 6259 8974 16187 1860 1133 3177 8457 16187 16187 16187 16187 16187
1655 12233 14180 3102 8719 9222 3171 10917 10033 13348 16187 8719 4776 4927 16187 16187
8352 10154 5036 11953 14237 5003 16187 16187 16187 16187 16187 16187 16187 16187 16187 16187
3842 3171 16187 9840 6259 8974 16187 1860 1133 3177 8457 16187 16187 16187 16187 16187
1655 12233 14180 3102 8719 9222 3171 10917 10033 13348 16187 8719 4776 4927 16187 16187
8726 6011 12650 3171 6070 926 3356 10033 6011 15846 10603 15525 16187 16187 16187 16187
3842 3171 16187 9840 6259 8974 16187 1860 1133 3177 8457 16187 16187 16187 16187 16187
1655 12233 14180 3102 8719 9222 3171 10917 10033 13348 16187 8719 4776 4927 16187 16187
4335 10501 13341 16187 16187 16187 16187 16187 16187 16187 16187 16187 16187 16187 16187 16187
3842 3171 16187 9840 6259 8974 16187 1860 1133 3177 8457 16187 16187 16187 16187 16187
1655 12233 14180 3102 8719 9222 3171 10917 10033 13348 16187 8719 4776 4927 16187 16187
5463 8710 203 5713 100 12709 15597 9746 16187 16187 16187 16187 16187 16187 16187 16187
3842 3171 16187 9840 6259 8974 16187 1860 1133 3177 8457 16187 16187 16187 16187 16187
1655 12233 14180 3102 8719 9222 3171 10917 10033 13348 16187 8719 4776 4927 16187 16187
926 7740 973 5329 1378 830 11153 8268 12008 7740 926 6635 3171 1378 16187 16187
3842 3171 16187 9840 6259 8974 16187 1860 1133 3177 8457 16187 16187 16187 16187 16187
1655 12233 14180 3102 8719 9222 3171 10917 10033 13348 16187 8719 4776 4927 16187 16187
14237 13474 13539 4776 3491 2837 8349 14734 1315 8503 2858 926 14029 6259 12153 16187
3842 3171 16187 9840 6259 8974 16187 1860 1133 3177 8457 16187 16187 16187 16187 16187
1655 12233 14180 3102 8719 9222 3171 10917 10033 13348 16187 8719 4776 4927 16187 16187
12276 2383 8268 12233 926 16187 16187 16187 16187 16187 16187 16187 16187 16187 16187 16187
3842 3171 16187 9840 6259 8974 16187 1860 1133 3177 8457 16187 16187 16187 16187 16187
1655 12233 14180 3102 8719 9222 3171 10917 10033 13348 16187 8719 4776 4927 16187 16187
12716 8268 10324 10150 1330 8268 10162 9277 9429 5463 7250 8710 926 15389 16187 16187
3842 3171 16187 9840 6259 8974 16187 1860 1133 3177 8457 16187 16187 16187 16187 16187
1655 12233 14180 3102 8719 9222 3171 10917 10033 13348 16187 8719 4776 4927 16187 16187
12008 8712 5867 2945 1755 14237 4776 4856 8710 1157 12008 2689 16187 16187 16187 16187
3842 3171 16187 9840 6259 8974 16187 1860 1133 3177 8457 16187 16187 16187 16187 16187
1655 12233 14180 3102 8719 9222 3171 10917 10033 13348 16187 8719 4776 4927 16187 16187
10250 10785 16187 16187 16187 16187 16187 16187 16187 16187 16187 16187 16187 16187 16187 16187
3842 3171 16187 9840 6259 8974 16187 1860 1133 3177 8457 16187 16187 16187 16187 16187
1655 12233 14180 3102 8719 9222 3171 10917 10033 13348 16187 8719 4776 4927 16187 16187
8712 8710 6748 6259 2049 3177 1110 830 14180 3010 16187 16187 16187 16187 16187 16187
3842 3171 16187 9840 6259 8974 16187 1860 1133 3177 8457 16187 16187 16187 16187 16187
1655 12233 14180 3102 8719 9222 3171 10917 10033 13348 16187 8719 4776 4927 16187 16187
3171 12505 2110 779 12766 10471 12233 5804 12467 16187 16187 16187 16187 16187 16187 16187
3842 3171 16187 9840 6259 8974 16187 1860 1133 3177 8457 16187 16187 16187 16187 16187
1655 12233 14180 3102 8719 9222 3171 10917 10033 13348 16187 8719 4776 4927 16187 16187
10355 703 11953 1138 5711 13341 16187 16187 16187 16187 16187 16187 16187 16187 16187 16187
3842 3171 16187 9840 6259 8974 16187 1860 1133 3177 8457 16187 16187 16187 16187 16187
1655 12233 14180 3102 8719 9222 3171 10917 10033 13348 16187 8719 4776 4927 16187 16187
8726 5329 4776 14596 3177 15846 8268 4311 4776 14596 3177 926 5867 2752 16187 16187
3842 3171 16187 9840 6259 8974 16187 1860 1133 3177 8457 16187 16187 16187 16187 16187
1655 12233 14180 3102 8719 9222 3171 10917 10033 13348 16187 8719 4776 4927 16187 16187
14272 10889 8710 7926 13216 14029 12233 2186 8712 14237 15870 8069 2665 8712 16187 16187
3842 3171 16187 9840 6259 8974 16187 1860 1133 3177 8457 16187 16187 16187 16187 16187
1655 12233 14180 3102 8719 9222 3171 10917 10033 13348 16187 8719 4776 4927 16187 16187
14734 926 6862 4125 926 1019 926 12938 6173 5297 4628 9754 2599 14745 8719 16187
3842 3171 16187 9840 6259 8974 16187 1860 1133 3177 8457 16187 16187 16187 16187 16187
1655 12233 14180 3102 8719 9222 3171 10917 10033 13348 16187 8719 4776 4927 16187 16187
8798 8268 7926 8710 7456 12233 7001 12233 14734 5273 5867 11348 2598 16187 16187 16187
3842 3171 16187 9840 6259 8974 16187 1860 1133 3177 8457 16187 16187 16187 16187 16187
1655 12233 14180 3102 8719 9222 3171 10917 10033 13348 16187 8719 4776 4927 16187 16187
5713 12213 10727 6259 926 7724 10719 4776 926 1243 16187 16187 16187 16187 16187 16187
3842 3171 16187 9840 6259 8974 16187 1860 1133 3177 8457 16187 16187 16187 16187 16187
1655 12233 14180 3102 8719 9222 3171 10917 10033 13348 16187 8719 4776 4927 16187 16187
4776 7151 8710 10913 5297 8268 1919 4776 5568 10168 1750 926 14237 926 16187 16187
3842 3171 16187 9840 6259 8974 16187 1860 1133 3177 8457 16187 16187 16187 16187 16187
1655 12233 14180 3102 8719 9222 3171 10917 10033 13348 16187 8719 4776 4927 16187 16187
6173 16187 16187 16187 16187 16187 16187 16187 16187 16187 16187 16187 16187 16187 16187 16187
3842 3171 16187 9840 6259 8974 16187 1860 1133 3177 8457 16187 16187 16187 16187 16187
1655 12233 14180 3102 8719 9222 3171 10917 10033 13348 16187 8719 4776 4927 16187 16187
7926 13216 10918 12233 6259 14624 16187 16187 16187 16187 16187 16187 16187 16187 16187 16187
3842 3171 16187 9840 6259 8974 16187 1860 1133 3177 8457 16187 16187 16187 16187 16187
1655 12233 14180 3102 8719 9222 3171 10917 10033 13348 16187 8719 4776 4927 16187 16187
15441 5867 195 91 3543 5500 4776 7640 10967 13592 6789 926 3994 926 16187 16187
3842 3171 16187 9840 6259 8974 16187 1860 1133 3177 8457 16187 16187 16187 16187 16187
1655 12233 14180 3102 8719 9222 3171 10917 10033 13348 16187 8719 4776 4927 16187 16187
7740 13673 4776 926 14237 10866 15597 26 1919 14180 12276 5217 16187 16187 16187 16187
3842 3171 16187 9840 6259 8974 16187 1860 1133 3177 8457 16187 16187 16187 16187 16187
1655 12233 14180 3102 8719 9222 3171 10917 10033 13348 16187 8719 4776 4927 16187 16187
12650 9743 5830 1383 4440 8268 4325 926 6259 12901 9143 4311 5918 16187 16187 16187
3842 3171 16187 9840 6259 8974 16187 1860 1133 3177 8457 16187 16187 16187 16187 16187
1655 12233 14180 3102 8719 9222 3171 10917 10033 13348 16187 8719 4776 4927 16187 16187
7740 1951 1957 7804 1955 12233 15662 4325 8423 926 3171 2563 16187 16187 16187 16187
3842 3171 16187 9840 6259 8974 16187 1860 1133 3177 8457 16187 16187 16187 16187 16187
1655 12233 14180 3102 8719 9222 3171 10917 10033 13348 16187 8719 4776 4927 16187 16187
15662 4931 2066 1229 7360 1957 4776 1787 2598 16187 16187 16187 16187 16187 16187 16187
3842 3171 16187 9840 6259 8974 16187 1860 1133 3177 8457 16187 16187 16187 16187 16187
1655 12233 14180 3102 8719 9222 3171 10917 10033 13348 16187 8719 4776 4927 16187 16187
7661 13811 14237 6006 14776 3098 16187 16187 16187 16187 16187 16187 16187 16187 16187 16187
3842 3171 16187 9840 6259 8974 16187 1860 1133 3177 8457 16187 16187 16187 16187 16187
1655 12233 14180 3102 8719 9222 3171 10917 10033 13348 16187 8719 4776 4927 16187 16187
926 1378 6988 6585 14808 16187 16187 16187 16187 16187 16187 16187 16187 16187 16187 16187
3842 3171 16187 9840 6259 8974 16187 1860 1133 3177 8457 16187 16187 16187 16187 16187
1655 12233 14180 3102 8719 9222 3171 10917 10033 13348 16187 8719 4776 4927 16187 16187
8726 6011 4552 9754 8456 2149 2550 8331 8268 4311 6011 11553 12233 12650 3171 16187
3842 3171 16187 9840 6259 8974 16187 1860 1133 3177 8457 16187 16187 16187 16187 16187
1655 12233 14180 3102 8719 9222 3171 10917 10033 13348 16187 8719 4776 4927 16187 16187
4776 11146 11842 8719 14237 926 14827 6905 8719 6259 10929 3177 472 16187 16187 16187
3842 3171 16187 9840 6259 8974 16187 1860 1133 3177 8457 16187 16187 16187 16187 16187
1655 12233 14180 3102 8719 9222 3171 10917 10033 13348 16187 8719 4776 4927 16187 16187
14069 5867 6259 10355 2191 3177 13501 5329 14652 12008 10355 16187 16187 16187 16187 16187
3842 3171 16187 9840 6259 8974 16187 1860 1133 3177 8457 16187 16187 16187 16187 16187
1655 12233 14180 3102 8719 9222 3171 10917 10033 13348 16187 8719 4776 4927 16187 16187
7740 9084 12149 3171 10033 8268 12008 7740 5208 2552 15662 8712 779 12766 926 16187
3842 3171 16187 9840 6259 8974 16187 1860 1133 3177 8457 16187 16187 16187 16187 16187
1655 12233 14180 3102 8719 9222 3171 10917 10033 13348 16187 8719 4776 4927 16187 16187
12008 4311 8268 7740 12431 10082 16187 16187 16187 16187 16187 16187 16187 16187 16187 16187
3842 3171 16187 9840 6259 8974 16187 1860 1133 3177 8457 16187 16187 16187 16187 16187
1655 12233 14180 3102 8719 9222 3171 10917 10033 13348 16187 8719 4776 4927 16187 16187
4311 13474 8625 4776 2588 3177 4776 926 8268 14237 7740 11530 1229 7740 15684 16187
3842 3171 16187 9840 6259 8974 16187 1860 1133 3177 8457 16187 16187 16187 16187 16187
1655 12233 14180 3102 8719 9222 3171 10917 10033 13348 16187 8719 4776 4927 16187 16187
7740 11553 12233 7627 8268 5463 4931 6535 2689 12233 12650 16187 16187 16187 16187 16187
3842 3171 16187 9840 6259 8974 16187 1860 1133 3177 8457 16187 16187 16187 16187 16187
1655 12233 14180 3102 8719 9222 3171 10917 10033 13348 16187 8719 4776 4927 16187 16187
2446 8268 12852 5999 8719 12233 6276 926 13554 14237 1453 5407 3177 1885 8503 16187
3842 3171 16187 9840 6259 8974 16187 1860 1133 3177 8457 16187 16187 16187 16187 16187
1655 12233 14180 3102 8719 9222 3171 10917 10033 13348 16187 8719 4776 4927 16187 16187
4776 2285 13839 8710 3098 16187 16187 16187 16187 16187 16187 16187 16187 16187 16187 16187
3842 3171 16187 9840 6259 8974 16187 1860 1133 3177 8457 16187 16187 16187 16187 16187
1655 12233 14180 3102 8719 9222 3171 10917 10033 13348 16187 8719 4776 4927 16187 16187
12008 5329 1789 16187 16187 16187 16187 16187 16187 16187 16187 16187 16187 16187 16187 16187
3842 3171 16187 9840 6259 8974 16187 1860 1133 3177 8457 16187 16187 16187 16187 16187
1655 12233 14180 3102 8719 9222 3171 10917 10033 13348 16187 8719 4776 4927 16187 16187
8712 926 2689 16187 16187 16187 16187 16187 16187 16187 16187 16187 16187 16187 16187 16187
3842 3171 16187 9840 6259 8974 16187 1860 1133 3177 8457 16187 16187 16187 16187 16187
1655 12233 14180 3102 8719 9222 3171 10917 10033 13348 16187 8719 4776 4927 16187 16187
14734 14601 9290 8710 13794 8268 12349 4776 12489 14237 14591 16187 16187 16187 16187 16187
3842 3171 16187 9840 6259 8974 16187 1860 1133 3177 8457 16187 16187 16187 16187 16187
1655 12233 14180 3102 8719 9222 3171 10917 10033 13348 16187 8719 4776 4927 16187 16187
8502 926 1019 11132 6173 8710 6259 15731 14217 1919 6259 875 16187 16187 16187 16187
3842 3171 16187 9840 6259 8974 16187 1860 1133 3177 8457 16187 16187 16187 16187 16187
1655 12233 14180 3102 8719 9222 3171 10917 10033 13348 16187 8719 4776 4927 16187 16187
8557 8900 5867 13811 8710 816 14029 14237 4776 10418 8710 12489 14708 16187 16187 16187
3842 3171 16187 9840 6259 8974 16187 1860 1133 3177 8457 16187 16187 16187 16187 16187
1655 12233 14180 3102 8719 9222 3171 10917 10033 13348 16187 8719 4776 4927 16187 16187
8710 14069 1157 2148 926 512 1954 6390 926 7740 6166 2598 16187 16187 16187 16187
3842 3171 16187 9840 6259 8974 16187 1860 1133 3177 8457 16187 16187 16187 16187 16187
1655 12233 14180 3102 8719 9222 3171 10917 10033 13348 16187 8719 4776 4927 16187 16187
4776 4874 14029 3171 1378 4931 6692 16187 16187 16187 16187 16187 16187 16187 16187 16187
3842 3171 16187 9840 6259 8974 16187 1860 1133 3177 8457 16187 16187 16187 16187 16187
1655 12233 14180 3102 8719 9222 3171 10917 10033 13348 16187 8719 4776 4927 16187 16187
14030 16187 16187 16187 16187 16187 16187 16187 16187 16187 16187 16187 16187 16187 16187 16187
3842 3171 16187 9840 6259 8974 16187 1860 1133 3177 8457 16187 16187 16187 16187 16187
1655 12233 14180 3102 8719 9222 3171 10917 10033 13348 16187 8719 4776 4927 16187 16187
13474 15881 3098 6276 10967 9457 926 14237 11615 3977 16187 16187 16187 16187 16187 16187
3842 3171 16187 9840 6259 8974 16187 1860 1133 3177 8457 16187 16187 16187 16187 16187
1655 12233 14180 3102 8719 9222 3171 10917 10033 13348 16187 8719 4776 4927 16187 16187
4404 9332 9840 3177 4776 10033 8710 4776 926 6001 16187 16187 16187 16187 16187 16187
3842 3171 16187 9840 6259 8974 16187 1860 1133 3177 8457 16187 16187 16187 16187 16187
1655 12233 14180 3102 8719 9222 3171 10917 10033 13348 16187 8719 4776 4927 16187 16187
1229 8268 3171 10033 15881 6259 6070 8569 5627 9484 16187 16187 16187 16187 16187 16187
3842 3171 16187 9840 6259 8974 16187 1860 1133 3177 8457 16187 16187 16187 16187 16187
1655 12233 14180 3102 8719 9222 3171 10917 10033 13348 16187 8719 4776 4927 16187 16187
14652 13348 16187 16187 16187 16187 16187 16187 16187 16187 16187 16187 16187 16187 16187 16187
3842 3171 16187 9840 6259 8974 16187 1860 1133 3177 8457 16187 16187 16187 16187 16187
1655 12233 14180 3102 8719 9222 3171 10917 10033 13348 16187 8719 4776 4927 16187 16187
6259 1052 1515 2858 4776 11180 779 13084 14581 12233 8712 16187 16187 16187 16187 16187
3842 3171 16187 9840 6259 8974 16187 1860 1133 3177 8457 16187 16187 16187 16187 16187
1655 12233 14180 3102 8719 9222 3171 10917 10033 13348 16187 8719 4776 4927 16187 16187
6011 5208 2552 7661 4776 926 14237 4776 5051 10967 5 9780 11767 16187 16187 16187
3842 3171 16187 9840 6259 8974 16187 1860 1133 3177 8457 16187 16187 16187 16187 16187
1655 12233 14180 3102 8719 9222 3171 10917 10033 13348 16187 8719 4776 4927 16187 16187
203 9084 6011 4552 8712 8268 8557 8900 2598 16187 16187 16187 16187 16187 16187 16187
3842 3171 16187 9840 6259 8974 16187 1860 1133 3177 8457 16187 16187 16187 16187 16187
1655 12233 14180 3102 8719 9222 3171 10917 10033 13348 16187 8719 4776 4927 16187 16187
2552 8712 1138 1919 3098 1842 5656 3098 10312 5711 16187 16187 16187 16187 16187 16187
3842 3171 16187 9840 6259 8974 16187 1860 1133 3177 8457 16187 16187 16187 16187 16187
1655 12233 14180 3102 8719 9222 3171 10917 10033 13348 16187 8719 4776 4927 16187 16187
7740 3553 12233 2552 5713 2946 8719 2148 1133 6826 11401 16187 16187 16187 16187 16187
3842 3171 16187 9840 6259 8974 16187 1860 1133 3177 8457 16187 16187 16187 16187 16187
1655 12233 14180 3102 8719 9222 3171 10917 10033 13348 16187 8719 4776 4927 16187 16187
5463 9277 14043 9277 5329 2823 6259 6421 10709 12233 6011 16187 16187 16187 16187 16187
3842 3171 16187 9840 6259 8974 16187 1860 1133 3177 8457 16187 16187 16187 16187 16187
1655 12233 14180 3102 8719 9222 3171 10917 10033 13348 16187 8719 4776 4927 16187 16187
13474 8309 4609 12233 13720 14237 15731 6259 926 11769 14029 4776 8687 16187 16187 16187
3842 3171 16187 9840 6259 8974 16187 1860 1133 3177 8457 16187 16187 16187 16187 16187
1655 12233 14180 3102 8719 9222 3171 10917 10033 13348 16187 8719 4776 4927 16187 16187
8710 14069 6259 8455 11401 5095 926 1957 4189 2598 16187 16187 16187 16187 16187 16187
3842 3171 16187 9840 6259 8974 16187 1860 1133 3177 8457 16187 16187 16187 16187 16187
1655 12233 14180 3102 8719 9222 3171 10917 10033 13348 16187 8719 4776 4927 16187 16187
4776 10033 4931 1175 16187 16187 16187 16187 16187 16187 16187 16187 16187 16187 16187 16187
3842 3171 16187 9840 6259 8974 16187 1860 1133 3177 8457 16187 16187 16187 16187 16187
1655 12233 14180 3102 8719 9222 3171 10917 10033 13348 16187 8719 4776 4927 16187 16187
3171 779 12431 12233 2823 6259 12444 3177 1787 14112 16187 16187 16187 16187 16187 16187
3842 3171 16187 9840 6259 8974 16187 1860 1133 3177 8457 16187 16187 16187 16187 16187
1655 12233 14180 3102 8719 9222 3171 10917 10033 13348 16187 8719 4776 4927 16187 16187
14596 4776 13363 3177 926 8268 14069 8710 4776 5830 16187 16187 16187 16187 16187 16187
3842 3171 16187 9840 6259 8974 16187 1860 1133 3177 8457 16187 16187 16187 16187 16187
1655 12233 14180 3102 8719 9222 3171 10917 10033 13348 16187 8719 4776 4927 16187 16187
3171 2563 8710 5329 14272 6011 9429 8712 8710 16187 16187 16187 16187 16187 16187 16187
3842 3171 16187 9840 6259 8974 16187 1860 1133 3177 8457 16187 16187 16187 16187 16187
1655 12233 14180 3102 8719 9222 3171 10917 10033 13348 16187 8719 4776 4927 16187 16187
9890 6011 7001 830 3171 11039 3177 4856 14043 6011 4552 9754 16187 16187 16187 16187
3842 3171 16187 9840 6259 8974 16187 1860 1133 3177 8457 16187 16187 16187 16187 16187
1655 12233 14180 3102 8719 9222 3171 10917 10033 13348 16187 8719 4776 4927 16187 16187
12008 10918 12233 476 1390 16187 16187 16187 16187 16187 16187 16187 16187 16187 16187 16187
3842 3171 16187 9840 6259 8974 16187 1860 1133 3177 8457 16187 16187 16187 16187 16187
1655 12233 14180 3102 8719 9222 3171 10917 10033 13348 16187 8719 4776 4927 16187 16187
6011 5208 9036 3171 1378 8719 15165 9850 9484 16187 16187 16187 16187 16187 16187 16187
3842 3171 16187 9840 6259 8974 16187 1860 1133 3177 8457 16187 16187 16187 16187 16187
1655 12233 14180 3102 8719 9222 3171 10917 10033 13348 16187 8719 4776 4927 16187 16187
15658 5867 1515 12233 6276 6011 10324 4776 4270 14237 926 3177 5937 12482 16187 16187
3842 3171 16187 9840 6259 8974 16187 1860 1133 3177 8457 16187 16187 16187 16187 16187
1655 12233 14180 3102 8719 9222 3171 10917 10033 13348 16187 8719 4776 4927 16187 16187
4776 10418 4931 2446 12256 16187 16187 16187 16187 16187 16187 16187 16187 16187 16187 16187
3842 3171 16187 9840 6259 8974 16187 1860 1133 3177 8457 16187 16187 16187 16187 16187
1655 12233 14180 3102 8719 9222 3171 10917 10033 13348 16187 8719 4776 4927 16187 16187
13208 13348 16187 16187 16187 16187 16187 16187 16187 16187 16187 16187 16187 16187 16187 16187
3842 3171 16187 9840 6259 8974 16187 1860 1133 3177 8457 16187 16187 16187 16187 16187
1655 12233 14180 3102 8719 9222 3171 10917 10033 13348 16187 8719 4776 4927 16187 16187
4776 1873 3177 4505 761 2837 926 926 15846 2823 8719 12276 8456 5534 16187 16187
3842 3171 16187 9840 6259 8974 16187 1860 1133 3177 8457 16187 16187 16187 16187 16187
1655 12233 14180 3102 8719 9222 3171 10917 10033 13348 16187 8719 4776 4927 16187 16187
1138 9605 6259 9857 8268 926 8268 8712 5867 5568 6259 926 4805 5711 16187 16187
3842 3171 16187 9840 6259 8974 16187 1860 1133 3177 8457 16187 16187 16187 16187 16187
1655 12233 14180 3102 8719 9222 3171 10917 10033 13348 16187 8719 4776 4927 16187 16187
8712 8710 15677 14237 928 14237 4537 6093 14231 16187 16187 16187 16187 16187 16187 16187
3842 3171 16187 9840 6259 8974 16187 1860 1133 3177 8457 16187 16187 16187 16187 16187
1655 12233 14180 3102 8719 9222 3171 10917 10033 13348 16187 8719 4776 4927 16187 16187
4776 6181 3177 4776 9139 926 4015 830 11516 8710 11789 238 16187 16187 16187 16187
3842 3171 16187 9840 6259 8974 16187 1860 1133 3177 8457 16187 16187 16187 16187 16187
1655 12233 14180 3102 8719 9222 3171 10917 10033 13348 16187 8719 4776 4927 16187 16187
4189 3112 6011 12440 16187 16187 16187 16187 16187 16187 16187 16187 16187 16187 16187 16187
3842 3171 16187 9840 6259 8974 16187 1860 1133 3177 8457 16187 16187 16187 16187 16187
1655 12233 14180 3102 8719 9222 3171 10917 10033 13348 16187 8719 4776 4927 16187 16187
9743 12052 926 16187 16187 16187 16187 16187 16187 16187 16187 16187 16187 16187 16187 16187
3842 3171 16187 9840 6259 8974 16187 1860 1133 3177 8457 16187 16187 16187 16187 16187
1655 12233 14180 3102 8719 9222 3171 10917 10033 13348 16187 8719 4776 4927 16187 16187
13280 5867 6078 8710 6259 9309 8268 11569 15 5095 1919 6259 5716 12157 5939 16187
3842 3171 16187 9840 6259 8974 16187 1860 1133 3177 8457 16187 16187 16187 16187 16187
1655 12233 14180 3102 8719 9222 3171 10917 10033 13348 16187 8719 4776 4927 16187 16187
7926 15881 14180 4776 564 11331 8268 7742 5329 14180 10566 3177 4312 16187 16187 16187
3842 3171 16187 9840 6259 8974 16187 1860 1133 3177 8457 16187 16187 16187 16187 16187
1655 12233 14180 3102 8719 9222 3171 10917 10033 13348 16187 8719 4776 4927 16187 16187
7740 4552 9754 15956 8268 12008 4624 4552 16187 16187 16187 16187 16187 16187 16187 16187
3842 3171 16187 9840 6259 8974 16187 1860 1133 3177 8457 16187 16187 16187 16187 16187
1655 12233 14180 3102 8719 9222 3171 10917 10033 13348 16187 8719 4776 4927 16187 16187
