12459 4537 6381 9170 8719 926 14397 4311 2984 4312 2196 2903 11889 8440 3168 16187
3489 8335 3177 100 5967 12233 9605 2029 14776 5463 6816 8719 1143 2598 16187 16187
1655 12233 14180 3102 8719 9222 3171 10917 10033 13348 16187 6535 8719 1110 16187 3192
8656 14192 14302 14237 7001 12233 4776 11704 15168 2598 16187 16187 16187 16187 16187 16187
3489 8335 3177 100 5967 12233 9605 2029 14776 5463 6816 8719 1143 2598 16187 16187
1655 12233 14180 3102 8719 9222 3171 10917 10033 13348 16187 11889 6259 926 13348 16187
14272 8710 9745 2598 16187 16187 16187 16187 16187 16187 16187 16187 16187 16187 16187 16187
3489 8335 3177 100 5967 12233 9605 2029 14776 5463 6816 8719 1143 2598 16187 16187
1655 12233 14180 3102 8719 9222 3171 10917 10033 13348 16187 6535 8719 1110 16187 11889
7740 1110 13089 8081 5388 14776 2689 13348 16187 16187 16187 16187 16187 16187 16187 16187
3489 8335 3177 100 5967 12233 9605 2029 14776 5463 6816 8719 1143 2598 16187 16187
1655 12233 14180 3102 8719 9222 3171 10917 10033 13348 16187 11889 6259 926 13348 16187
4776 6499 9498 3098 9563 13529 7229 16187 16187 16187 16187 16187 16187 16187 16187 16187
3489 8335 3177 100 5967 12233 9605 2029 14776 5463 6816 8719 1143 2598 16187 16187
1655 12233 14180 3102 8719 9222 3171 10917 10033 13348 16187 6535 8719 1110 16187 3192
6259 10024 1378 1957 564 16187 16187 16187 16187 16187 16187 16187 16187 16187 16187 16187
3489 8335 3177 100 5967 12233 9605 2029 14776 5463 6816 8719 1143 2598 16187 16187
1655 12233 14180 3102 8719 9222 3171 10917 10033 13348 16187 6535 8719 1110 16187 11889
8815 5937 9831 16187 16187 16187 16187 16187 16187 16187 16187 16187 16187 16187 16187 16187
3489 8335 3177 100 5967 12233 9605 2029 14776 5463 6816 8719 1143 2598 16187 16187
1655 12233 14180 3102 8719 9222 3171 10917 10033 13348 16187 6535 8719 1110 16187 11889
7740 9429 2837 5332 820 14776 7742 4170 5463 3171 10033 8710 9754 5820 16187 16187
3489 8335 3177 100 5967 12233 9605 2029 14776 5463 6816 8719 1143 2598 16187 16187
1655 12233 14180 3102 8719 9222 3171 10917 10033 13348 16187 6535 8719 1110 16187 11889
8258 7740 1959 4776 10033 8268 7740 12773 15389 1098 8268 3335 8268 14237 12606 16187
3489 8335 3177 100 5967 12233 9605 2029 14776 5463 6816 8719 1143 2598 16187 16187
1655 12233 14180 3102 8719 9222 3171 10917 10033 13348 16187 11889 6259 926 13348 16187
8712 3847 5329 888 4776 4932 8268 14043 1436 5463 8712 8710 9813 8630 8712 16187
3489 8335 3177 100 5967 12233 9605 2029 14776 5463 6816 8719 1143 2598 16187 16187
1655 12233 14180 3102 8719 9222 3171 10917 10033 13348 16187 11889 6259 926 13348 16187
5713 10217 14776 8270 1955 7516 14397 512 926 8268 6259 8569 870 16187 16187 16187
3489 8335 3177 100 5967 12233 9605 2029 14776 5463 6816 8719 1143 2598 16187 16187
1655 12233 14180 3102 8719 9222 3171 10917 10033 13348 16187 11889 6259 926 13348 16187
4776 15762 3177 1290 13075 8719 6640 2563 7926 8577 12233 8733 16187 16187 16187 16187
3489 8335 3177 100 5967 12233 9605 2029 14776 5463 6816 8719 1143 2598 16187 16187
1655 12233 14180 3102 8719 9222 3171 10917 10033 13348 16187 6535 8719 1110 16187 11889
3171 1138 2563 5711 8710 1405 11889 4776 1754 3177 14734 7145 16187 16187 16187 16187
3489 8335 3177 100 5967 12233 9605 2029 14776 5463 6816 8719 1143 2598 16187 16187
1655 12233 14180 3102 8719 9222 3171 10917 10033 13348 16187 11889 6259 926 13348 16187
1138 5820 13178 13348 5711 16187 16187 16187 16187 16187 16187 16187 16187 16187 16187 16187
3489 8335 3177 100 5967 12233 9605 2029 14776 5463 6816 8719 1143 2598 16187 16187
1655 12233 14180 3102 8719 9222 3171 10917 10033 13348 16187 11889 6259 926 13348 16187
5359 16187 16187 16187 16187 16187 16187 16187 16187 16187 16187 16187 16187 16187 16187 16187
3489 8335 3177 100 5967 12233 9605 2029 14776 5463 6816 8719 1143 2598 16187 16187
1655 12233 14180 3102 8719 9222 3171 10917 10033 13348 16187 6535 8719 1110 16187 3192
9772 4776 2002 1726 14281 8710 5329 2574 8719 4776 2904 16187 16187 16187 16187 16187
3489 8335 3177 100 5967 12233 9605 2029 14776 5463 6816 8719 1143 2598 16187 16187
1655 12233 14180 3102 8719 9222 3171 10917 10033 13348 16187 6535 8719 1110 16187 3192
4776 9424 5463 12279 9070 5350 4931 4776 8521 16187 16187 16187 16187 16187 16187 16187
3489 8335 3177 100 5967 12233 9605 2029 14776 5463 6816 8719 1143 2598 16187 16187
1655 12233 14180 3102 8719 9222 3171 10917 10033 13348 16187 11889 6259 926 13348 16187
8719 12276 3109 5713 12835 14776 6826 3177 4776 564 8084 8466 16187 16187 16187 16187
3489 8335 3177 100 5967 12233 9605 2029 14776 5463 6816 8719 1143 2598 16187 16187
1655 12233 14180 3102 8719 9222 3171 10917 10033 13348 16187 11889 6259 926 13348 16187
10619 9484 16187 16187 16187 16187 16187 16187 16187 16187 16187 16187 16187 16187 16187 16187
3489 8335 3177 100 5967 12233 9605 2029 14776 5463 6816 8719 1143 2598 16187 16187
1655 12233 14180 3102 8719 9222 3171 10917 10033 13348 16187 11889 6259 926 13348 16187
12008 11191 1453 4609 10967 4776 14596 6826 16187 16187 16187 16187 16187 16187 16187 16187
3489 8335 3177 100 5967 12233 9605 2029 14776 5463 6816 8719 1143 2598 16187 16187
1655 12233 14180 3102 8719 9222 3171 10917 10033 13348 16187 11889 6259 926 13348 16187
8712 8710 3192 14029 12276 12489 14571 3803 1133 3177 14180 983 16187 16187 16187 16187
3489 8335 3177 100 5967 12233 9605 2029 14776 5463 6816 8719 1143 2598 16187 16187
1655 12233 14180 3102 8719 9222 3171 10917 10033 13348 16187 11889 6259 926 13348 16187
4776 132 8710 1344 15819 7740 7627 16187 16187 16187 16187 16187 16187 16187 16187 16187
3489 8335 3177 100 5967 12233 9605 2029 14776 5463 6816 8719 1143 2598 16187 16187
1655 12233 14180 3102 8719 9222 3171 10917 10033 13348 16187 6535 8719 1110 16187 3192
4325 926 6259 7345 10033 7970 15658 5086 8630 4776 820 15658 16105 1885 6545 16187
3489 8335 3177 100 5967 12233 9605 2029 14776 5463 6816 8719 1143 2598 16187 16187
1655 12233 14180 3102 8719 9222 3171 10917 10033 13348 16187 6535 8719 1110 16187 3192
6011 3364 2326 10503 7926 4931 6259 926 8268 1955 7742 1955 6259 14288 9059 16187
3489 8335 3177 100 5967 12233 9605 2029 14776 5463 6816 8719 1143 2598 16187 16187
1655 12233 14180 3102 8719 9222 3171 10917 10033 13348 16187 11889 6259 926 13348 16187
4421 8152 7587 926 4776 926 3338 12849 926 1955 1954 10542 6053 926 9845 16187
3489 8335 3177 100 5967 12233 9605 2029 14776 5463 6816 8719 1143 2598 16187 16187
1655 12233 14180 3102 8719 9222 3171 10917 10033 13348 16187 11889 6259 926 13348 16187
3171 8710 6259 926 10033 13348 16187 16187 16187 16187 16187 16187 16187 16187 16187 16187
3489 8335 3177 100 5967 12233 9605 2029 14776 5463 6816 8719 1143 2598 16187 16187
1655 12233 14180 3102 8719 9222 3171 10917 10033 13348 16187 6535 8719 1110 16187 3192
7542 7740 8197 8712 1954 9484 15525 9484 16187 16187 16187 16187 16187 16187 16187 16187
3489 8335 3177 100 5967 12233 9605 2029 14776 5463 6816 8719 1143 2598 16187 16187
1655 12233 14180 3102 8719 9222 3171 10917 10033 13348 16187 11889 6259 926 13348 16187
7767 7076 6259 15985 12247 3011 443 15658 14924 8719 5530 8719 2097 13925 16187 16187
3489 8335 3177 100 5967 12233 9605 2029 14776 5463 6816 8719 1143 2598 16187 16187
1655 12233 14180 3102 8719 9222 3171 10917 10033 13348 16187 6535 8719 1110 16187 11889
8712 4537 11953 7365 8268 12008 5046 13084 926 16187 16187 16187 16187 16187 16187 16187
3489 8335 3177 100 5967 12233 9605 2029 14776 5463 6816 8719 1143 2598 16187 16187
1655 12233 14180 3102 8719 9222 3171 10917 10033 13348 16187 6535 8719 1110 16187 11889
13084 7273 8268 13084 15677 14596 14043 15064 5568 14596 16187 16187 16187 16187 16187 16187
3489 8335 3177 100 5967 12233 9605 2029 14776 5463 6816 8719 1143 2598 16187 16187
1655 12233 14180 3102 8719 9222 3171 10917 10033 13348 16187 11889 6259 926 13348 16187
6011 5208 2945 8158 1543 4776 9831 8309 16187 16187 16187 16187 16187 16187 16187 16187
3489 8335 3177 100 5967 12233 9605 2029 14776 5463 6816 8719 1143 2598 16187 16187
1655 12233 14180 3102 8719 9222 3171 10917 10033 13348 16187 11889 6259 926 13348 16187
14734 14890 4837 3484 9827 8710 1957 14180 12291 926 16187 16187 16187 16187 16187 16187
3489 8335 3177 100 5967 12233 9605 2029 14776 5463 6816 8719 1143 2598 16187 16187
1655 12233 14180 3102 8719 9222 3171 10917 10033 13348 16187 6535 8719 1110 16187 11889
12008 14691 13411 16187 16187 16187 16187 16187 16187 16187 16187 16187 16187 16187 16187 16187
3489 8335 3177 100 5967 12233 9605 2029 14776 5463 6816 8719 1143 2598 16187 16187
1655 12233 14180 3102 8719 9222 3171 10917 10033 13348 16187 11889 6259 926 13348 16187
12008 7740 12294 6011 4487 4931 487 8712 8719 926 9563 1919 5463 926 16187 16187
3489 8335 3177 100 5967 12233 9605 2029 14776 5463 6816 8719 1143 2598 16187 16187
1655 12233 14180 3102 8719 9222 3171 10917 10033 13348 16187 11889 6259 926 13348 16187
1229 1813 1243 14029 203 3847 4776 12007 159 2903 12233 4776 2002 2598 16187 16187
3489 8335 3177 100 5967 12233 9605 2029 14776 5463 6816 8719 1143 2598 16187 16187
1655 12233 14180 3102 8719 9222 3171 10917 10033 13348 16187 6535 8719 1110 16187 3192
8712 2876 1919 926 3088 710 12233 14180 4776 3168 3102 8719 6259 926 12037 16187
3489 8335 3177 100 5967 12233 9605 2029 14776 5463 6816 8719 1143 2598 16187 16187
1655 12233 14180 3102 8719 9222 3171 10917 10033 13348 16187 11889 6259 926 13348 16187
5329 8798 423 4776 3848 830 4776 5820 9464 8268 4145 10960 16187 16187 16187 16187
3489 8335 3177 100 5967 12233 9605 2029 14776 5463 6816 8719 1143 2598 16187 16187
1655 12233 14180 3102 8719 9222 3171 10917 10033 13348 16187 6535 8719 1110 16187 11889
4776 3886 4642 13197 8656 703 16187 16187 16187 16187 16187 16187 16187 16187 16187 16187
3489 8335 3177 100 5967 12233 9605 2029 14776 5463 6816 8719 1143 2598 16187 16187
1655 12233 14180 3102 8719 9222 3171 10917 10033 13348 16187 6535 8719 1110 16187 11889
14029 12233 4776 3137 476 13348 16187 16187 16187 16187 16187 16187 16187 16187 16187 16187
3489 8335 3177 100 5967 12233 9605 2029 14776 5463 6816 8719 1143 2598 16187 16187
1655 12233 14180 3102 8719 9222 3171 10917 10033 13348 16187 6535 8719 1110 16187 3192
8230 14237 12529 4710 16187 16187 16187 16187 16187 16187 16187 16187 16187 16187 16187 16187
3489 8335 3177 100 5967 12233 9605 2029 14776 5463 6816 8719 1143 2598 16187 16187
1655 12233 14180 3102 8719 9222 3171 10917 10033 13348 16187 6535 8719 1110 16187 11889
2552 3171 8726 6011 11553 9754 12008 926 6500 3177 4776 13363 9459 10033 16187 16187
3489 8335 3177 100 5967 12233 9605 2029 14776 5463 6816 8719 1143 2598 16187 16187
1655 12233 14180 3102 8719 9222 3171 10917 10033 13348 16187 6535 8719 1110 16187 3192
7740 10751 5463 8268 12008 8712 4931 12349 6724 16187 16187 16187 16187 16187 16187 16187
3489 8335 3177 100 5967 12233 9605 2029 14776 5463 6816 8719 1143 2598 16187 16187
1655 12233 14180 3102 8719 9222 3171 10917 10033 13348 16187 6535 8719 1110 16187 11889
8712 8710 11546 16074 13663 14237 779 6259 5695 13839 16187 16187 16187 16187 16187 16187
3489 8335 3177 100 5967 12233 9605 2029 14776 5463 6816 8719 1143 2598 16187 16187
1655 12233 14180 3102 8719 9222 3171 10917 10033 13348 16187 6535 8719 1110 16187 11889
4776 926 7890 8710 4394 16187 16187 16187 16187 16187 16187 16187 16187 16187 16187 16187
3489 8335 3177 100 5967 12233 9605 2029 14776 5463 6816 8719 1143 2598 16187 16187
1655 12233 14180 3102 8719 9222 3171 10917 10033 13348 16187 11889 6259 926 13348 16187
342 2847 1954 8162 16187 16187 16187 16187 16187 16187 16187 16187 16187 16187 16187 16187
3489 8335 3177 100 5967 12233 9605 2029 14776 5463 6816 8719 1143 2598 16187 16187
1655 12233 14180 3102 8719 9222 3171 10917 10033 13348 16187 11889 6259 926 13348 16187
926 8710 8268 8719 3511 8268 4776 10887 6378 12233 2552 4776 10033 16187 16187 16187
3489 8335 3177 100 5967 12233 9605 2029 14776 5463 6816 8719 1143 2598 16187 16187
1655 12233 14180 3102 8719 9222 3171 10917 10033 13348 16187 6535 8719 1110 16187 3192
962 926 13348 16187 16187 16187 16187 16187 16187 16187 16187 16187 16187 16187 16187 16187
3489 8335 3177 100 5967 12233 9605 2029 14776 5463 6816 8719 1143 2598 16187 16187
1655 12233 14180 3102 8719 9222 3171 10917 10033 13348 16187 6535 8719 1110 16187 3192
203 8712 4931 10518 12233 14038 4098 1597 926 4751 6281 2308 3826 8185 16187 16187
3489 8335 3177 100 5967 12233 9605 2029 14776 5463 6816 8719 1143 2598 16187 16187
1655 12233 14180 3102 8719 9222 3171 10917 10033 13348 16187 11889 6259 926 13348 16187
3171 3609 2903 16041 14745 926 16187 16187 16187 16187 16187 16187 16187 16187 16187 16187
3489 8335 3177 100 5967 12233 9605 2029 14776 5463 6816 8719 1143 2598 16187 16187
1655 12233 14180 3102 8719 9222 3171 10917 10033 13348 16187 11889 6259 926 13348 16187
8712 15452 11889 13852 8710 5967 12233 926 5947 926 16187 16187 16187 16187 16187 16187
3489 8335 3177 100 5967 12233 9605 2029 14776 5463 6816 8719 1143 2598 16187 16187
1655 12233 14180 3102 8719 9222 3171 10917 10033 13348 16187 11889 6259 926 13348 16187
7740 973 5329 1229 13616 7740 6635 4776 9534 3177 926 16187 16187 16187 16187 16187
3489 8335 3177 100 5967 12233 9605 2029 14776 5463 6816 8719 1143 2598 16187 16187
1655 12233 14180 3102 8719 9222 3171 10917 10033 13348 16187 6535 8719 1110 16187 11889
5358 9484 9484 8726 7740 11022 8712 7740 12232 9754 5138 6259 9424 16187 16187 16187
3489 8335 3177 100 5967 12233 9605 2029 14776 5463 6816 8719 1143 2598 16187 16187
1655 12233 14180 3102 8719 9222 3171 10917 10033 13348 16187 11889 6259 926 13348 16187
14237 7740 2326 9084 9754 11889 4776 4927 4776 2572 9498 6724 16187 16187 16187 16187
3489 8335 3177 100 5967 12233 9605 2029 14776 5463 6816 8719 1143 2598 16187 16187
1655 12233 14180 3102 8719 9222 3171 10917 10033 13348 16187 11889 6259 926 13348 16187
6173 16187 16187 16187 16187 16187 16187 16187 16187 16187 16187 16187 16187 16187 16187 16187
3489 8335 3177 100 5967 12233 9605 2029 14776 5463 6816 8719 1143 2598 16187 16187
1655 12233 14180 3102 8719 9222 3171 10917 10033 13348 16187 11889 6259 926 13348 16187
8719 6826 7558 8712 2326 2474 16187 16187 16187 16187 16187 16187 16187 16187 16187 16187
3489 8335 3177 100 5967 12233 9605 2029 14776 5463 6816 8719 1143 2598 16187 16187
1655 12233 14180 3102 8719 9222 3171 10917 10033 13348 16187 11889 6259 926 13348 16187
14586 8710 9004 830 4776 653 6888 15658 9013 6259 15096 983 2968 16187 16187 16187
3489 8335 3177 100 5967 12233 9605 2029 14776 5463 6816 8719 1143 2598 16187 16187
1655 12233 14180 3102 8719 9222 3171 10917 10033 13348 16187 6535 8719 1110 16187 3192
14237 8268 6070 12606 8712 4931 16187 16187 16187 16187 16187 16187 16187 16187 16187 16187
3489 8335 3177 100 5967 12233 9605 2029 14776 5463 6816 8719 1143 2598 16187 16187
1655 12233 14180 3102 8719 9222 3171 10917 10033 13348 16187 6535 8719 1110 16187 3192
7740 4552 9754 8069 15956 203 8712 779 4409 12349 14139 16187 16187 16187 16187 16187
3489 8335 3177 100 5967 12233 9605 2029 14776 5463 6816 8719 1143 2598 16187 16187
1655 12233 14180 3102 8719 9222 3171 10917 10033 13348 16187 6535 8719 1110 16187 3192
7740 4931 223 16187 16187 16187 16187 16187 16187 16187 16187 16187 16187 16187 16187 16187
3489 8335 3177 100 5967 12233 9605 2029 14776 5463 6816 8719 1143 2598 16187 16187
1655 12233 14180 3102 8719 9222 3171 10917 10033 13348 16187 6535 8719 1110 16187 3192
203 1435 16187 16187 16187 16187 16187 16187 16187 16187 16187 16187 16187 16187 16187 16187
3489 8335 3177 100 5967 12233 9605 2029 14776 5463 6816 8719 1143 2598 16187 16187
1655 12233 14180 3102 8719 9222 3171 10917 10033 13348 16187 6535 8719 1110 16187 3192
6259 2097 3369 10033 10272 12233 2823 13050 2837 6259 14596 8268 6259 6394 16187 16187
3489 8335 3177 100 5967 12233 9605 2029 14776 5463 6816 8719 1143 2598 16187 16187
1655 12233 14180 3102 8719 9222 3171 10917 10033 13348 16187 6535 8719 1110 16187 3192
7740 2326 5208 2552 3171 1955 6259 4927 12233 10551 4776 15416 16187 16187 16187 16187
3489 8335 3177 100 5967 12233 9605 2029 14776 5463 6816 8719 1143 2598 16187 16187
1655 12233 14180 3102 8719 9222 3171 10917 10033 13348 16187 6535 8719 1110 16187 3192
5463 3511 8710 14272 3112 3171 2563 6259 4949 8974 16187 16187 16187 16187 16187 16187
3489 8335 3177 100 5967 12233 9605 2029 14776 5463 6816 8719 1143 2598 16187 16187
1655 12233 14180 3102 8719 9222 3171 10917 10033 13348 16187 11889 6259 926 13348 16187
6826 703 3543 2823 8781 12233 4776 10026 13943 703 5463 14776 4537 1405 16187 16187
3489 8335 3177 100 5967 12233 9605 2029 14776 5463 6816 8719 1143 2598 16187 16187
1655 12233 14180 3102 8719 9222 3171 10917 10033 13348 16187 11889 6259 926 13348 16187
4776 7151 4189 5137 12233 2823 16150 3527 2466 16187 16187 16187 16187 16187 16187 16187
3489 8335 3177 100 5967 12233 9605 2029 14776 5463 6816 8719 1143 2598 16187 16187
1655 12233 14180 3102 8719 9222 3171 10917 10033 13348 16187 11889 6259 926 13348 16187
3171 8710 643 830 13529 16187 16187 16187 16187 16187 16187 16187 16187 16187 16187 16187
3489 8335 3177 100 5967 12233 9605 2029 14776 5463 6816 8719 1143 2598 16187 16187
1655 12233 14180 3102 8719 9222 3171 10917 10033 13348 16187 11889 6259 926 13348 16187
7926 5867 926 12008 10333 16187 16187 16187 16187 16187 16187 16187 16187 16187 16187 16187
3489 8335 3177 100 5967 12233 9605 2029 14776 5463 6816 8719 1143 2598 16187 16187
1655 12233 14180 3102 8719 9222 3171 10917 10033 13348 16187 11889 6259 926 13348 16187
7740 4552 9754 15956 16187 16187 16187 16187 16187 16187 16187 16187 16187 16187 16187 16187
3489 8335 3177 100 5967 12233 9605 2029 14776 5463 6816 8719 1143 2598 16187 16187
1655 12233 14180 3102 8719 9222 3171 10917 10033 13348 16187 6535 8719 1110 16187 11889
12008 926 8712 16187 16187 16187 16187 16187 16187 16187 16187 16187 16187 16187 16187 16187
3489 8335 3177 100 5967 12233 9605 2029 14776 5463 6816 8719 1143 2598 16187 16187
1655 12233 14180 3102 8719 9222 3171 10917 10033 13348 16187 6535 8719 1110 16187 3192
9594 14237 13546 16187 16187 16187 16187 16187 16187 16187 16187 16187 16187 16187 16187 16187
3489 8335 3177 100 5967 12233 9605 2029 14776 5463 6816 8719 1143 2598 16187 16187
1655 12233 14180 3102 8719 9222 3171 10917 10033 13348 16187 6535 8719 1110 16187 11889
13084 1378 779 2148 1957 4993 512 13474 3847 16187 16187 16187 16187 16187 16187 16187
3489 8335 3177 100 5967 12233 9605 2029 14776 5463 6816 8719 1143 2598 16187 16187
1655 12233 14180 3102 8719 9222 3171 10917 10033 13348 16187 11889 6259 926 13348 16187
5713 926 11553 8727 2062 1919 10267 9025 14237 4776 13726 12233 645 926 16187 16187
3489 8335 3177 100 5967 12233 9605 2029 14776 5463 6816 8719 1143 2598 16187 16187
1655 12233 14180 3102 8719 9222 3171 10917 10033 13348 16187 6535 8719 1110 16187 11889
12716 8268 8719 4776 12298 8268 10467 4009 1885 5602 16187 16187 16187 16187 16187 16187
3489 8335 3177 100 5967 12233 9605 2029 14776 5463 6816 8719 1143 2598 16187 16187
1655 12233 14180 3102 8719 9222 3171 10917 10033 13348 16187 6535 8719 1110 16187 3192
6826 3177 15597 4440 5022 14776 5580 12256 16187 16187 16187 16187 16187 16187 16187 16187
3489 8335 3177 100 5967 12233 9605 2029 14776 5463 6816 8719 1143 2598 16187 16187
1655 12233 14180 3102 8719 9222 3171 10917 10033 13348 16187 11889 6259 926 13348 16187
13474 4931 4776 5568 15874 8719 4776 13839 12233 2666 1954 13434 4169 5267 16187 16187
3489 8335 3177 100 5967 12233 9605 2029 14776 5463 6816 8719 1143 2598 16187 16187
1655 12233 14180 3102 8719 9222 3171 10917 10033 13348 16187 6535 8719 1110 16187 11889
3171 9577 8710 2097 3177 5265 8268 7438 8268 10355 820 16187 16187 16187 16187 16187
3489 8335 3177 100 5967 12233 9605 2029 14776 5463 6816 8719 1143 2598 16187 16187
1655 12233 14180 3102 8719 9222 3171 10917 10033 13348 16187 6535 8719 1110 16187 11889
456 2598 16187 16187 16187 16187 16187 16187 16187 16187 16187 16187 16187 16187 16187 16187
3489 8335 3177 100 5967 12233 9605 2029 14776 5463 6816 8719 1143 2598 16187 16187
1655 12233 14180 3102 8719 9222 3171 10917 10033 13348 16187 6535 8719 1110 16187 11889
3171 10033 8710 11953 820 16187 16187 16187 16187 16187 16187 16187 16187 16187 16187 16187
3489 8335 3177 100 5967 12233 9605 2029 14776 5463 6816 8719 1143 2598 16187 16187
1655 12233 14180 3102 8719 9222 3171 10917 10033 13348 16187 11889 6259 926 13348 16187
7740 4552 9754 5099 11169 8712 6259 3984 16187 16187 16187 16187 16187 16187 16187 16187
3489 8335 3177 100 5967 12233 9605 2029 14776 5463 6816 8719 1143 2598 16187 16187
1655 12233 14180 3102 8719 9222 3171 10917 10033 13348 16187 11889 6259 926 13348 16187
7740 926 12233 10603 8712 8268 14237 5332 7740 11553 16187 16187 16187 16187 16187 16187
3489 8335 3177 100 5967 12233 9605 2029 14776 5463 6816 8719 1143 2598 16187 16187
1655 12233 14180 3102 8719 9222 3171 10917 10033 13348 16187 11889 6259 926 13348 16187
926 8268 14029 4776 16146 4751 8268 8710 6259 13074 8808 16187 16187 16187 16187 16187
3489 8335 3177 100 5967 12233 9605 2029 14776 5463 6816 8719 1143 2598 16187 16187
1655 12233 14180 3102 8719 9222 3171 10917 10033 13348 16187 11889 6259 926 13348 16187
1378 3177 9743 8185 5463 3112 6259 5695 13839 1019 14029 2256 6173 5580 6388 16187
3489 8335 3177 100 5967 12233 9605 2029 14776 5463 6816 8719 1143 2598 16187 16187
1655 12233 14180 3102 8719 9222 3171 10917 10033 13348 16187 6535 8719 1110 16187 3192
6011 4628 9754 2823 8017 16187 16187 16187 16187 16187 16187 16187 16187 16187 16187 16187
3489 8335 3177 100 5967 12233 9605 2029 14776 5463 6816 8719 1143 2598 16187 16187
1655 12233 14180 3102 8719 9222 3171 10917 10033 13348 16187 6535 8719 1110 16187 3192
3177 4776 1676 16187 16187 16187 16187 16187 16187 16187 16187 16187 16187 16187 16187 16187
3489 8335 3177 100 5967 12233 9605 2029 14776 5463 6816 8719 1143 2598 16187 16187
1655 12233 14180 3102 8719 9222 3171 10917 10033 13348 16187 6535 8719 1110 16187 11889
6011 5208 8158 926 3847 9754 2326 5407 16187 16187 16187 16187 16187 16187 16187 16187
3489 8335 3177 100 5967 12233 9605 2029 14776 5463 6816 8719 1143 2598 16187 16187
1655 12233 14180 3102 8719 9222 3171 10917 10033 13348 16187 11889 6259 926 13348 16187
4776 10978 3847 9605 5923 8268 12008 4311 4776 2248 14588 4931 1435 12291 16187 16187
3489 8335 3177 100 5967 12233 9605 2029 14776 5463 6816 8719 1143 2598 16187 16187
1655 12233 14180 3102 8719 9222 3171 10917 10033 13348 16187 11889 6259 926 13348 16187
12008 15748 2333 4776 2122 14237 1644 10298 16187 16187 16187 16187 16187 16187 16187 16187
3489 8335 3177 100 5967 12233 9605 2029 14776 5463 6816 8719 1143 2598 16187 16187
1655 12233 14180 3102 8719 9222 3171 10917 10033 13348 16187 11889 6259 926 13348 16187
8712 8710 11789 3803 1243 817 8268 12008 8712 5297 15452 1229 8455 16187 16187 16187
3489 8335 3177 100 5967 12233 9605 2029 14776 5463 6816 8719 1143 2598 16187 16187
1655 12233 14180 3102 8719 9222 3171 10917 10033 13348 16187 6535 8719 1110 16187 3192
2263 1405 13348 16187 16187 16187 16187 16187 16187 16187 16187 16187 16187 16187 16187 16187
3489 8335 3177 100 5967 12233 9605 2029 14776 5463 6816 8719 1143 2598 16187 16187
1655 12233 14180 3102 8719 9222 3171 10917 10033 13348 16187 6535 8719 1110 16187 3192
926 2830 926 926 926 13348 5711 16187 16187 16187 16187 16187 16187 16187 16187 16187
3489 8335 3177 100 5967 12233 9605 2029 14776 5463 6816 8719 1143 2598 16187 16187
1655 12233 14180 3102 8719 9222 3171 10917 10033 13348 16187 11889 6259 926 13348 16187
12911 10967 3171 8268 4776 10033 2446 779 6259 14397 10355 14596 16187 16187 16187 16187
3489 8335 3177 100 5967 12233 9605 2029 14776 5463 6816 8719 1143 2598 16187 16187
1655 12233 14180 3102 8719 9222 3171 10917 10033 13348 16187 6535 8719 1110 16187 3192
1957 4776 12298 4325 15729 2903 5022 14237 12431 15731 16187 16187 16187 16187 16187 16187
3489 8335 3177 100 5967 12233 9605 2029 14776 5463 6816 8719 1143 2598 16187 16187
1655 12233 14180 3102 8719 9222 3171 10917 10033 13348 16187 6535 8719 1110 16187 3192
4311 6011 968 9605 16148 3177 4776 926 8268 14237 1042 16187 16187 16187 16187 16187
3489 8335 3177 100 5967 12233 9605 2029 14776 5463 6816 8719 1143 2598 16187 16187
1655 12233 14180 3102 8719 9222 3171 10917 10033 13348 16187 11889 6259 926 13348 16187
6259 1138 12260 2552 5711 830 9455 1919 6259 5293 16187 16187 16187 16187 16187 16187
3489 8335 3177 100 5967 12233 9605 2029 14776 5463 6816 8719 1143 2598 16187 16187
1655 12233 14180 3102 8719 9222 3171 10917 10033 13348 16187 6535 8719 1110 16187 11889
1019 1889 8268 926 16187 16187 16187 16187 16187 16187 16187 16187 16187 16187 16187 16187
3489 8335 3177 100 5967 12233 9605 2029 14776 5463 6816 8719 1143 2598 16187 16187
1655 12233 14180 3102 8719 9222 3171 10917 10033 13348 16187 11889 6259 926 13348 16187
10967 4776 5946 8268 8712 15452 11889 6011 16138 2823 10315 6259 5286 5212 11514 16187
3489 8335 3177 100 5967 12233 9605 2029 14776 5463 6816 8719 1143 2598 16187 16187
1655 12233 14180 3102 8719 9222 3171 10917 10033 13348 16187 11889 6259 926 13348 16187
13701 10918 4311 9084 4189 12008 14776 15525 3177 4269 5936 16187 16187 16187 16187 16187
3489 8335 3177 100 5967 12233 9605 2029 14776 5463 6816 8719 1143 2598 16187 16187
1655 12233 14180 3102 8719 9222 3171 10917 10033 13348 16187 6535 8719 1110 16187 11889
7542 3171 8710 2148 8974 12273 11652 7001 2552 8712 5332 13348 16187 16187 16187 16187
3489 8335 3177 100 5967 12233 9605 2029 14776 5463 6816 8719 1143 2598 16187 16187
1655 12233 14180 3102 8719 9222 3171 10917 10033 13348 16187 6535 8719 1110 16187 11889
6689 14069 14776 5297 12825 12092 3766 8268 4776 13139 8710 14029 4152 1684 16187 16187
3489 8335 3177 100 5967 12233 9605 2029 14776 5463 6816 8719 1143 2598 16187 16187
1655 12233 14180 3102 8719 9222 3171 10917 10033 13348 16187 11889 6259 926 13348 16187
7740 973 14631 5463 12127 2563 2847 12233 2823 8466 14029 2263 16058 16187 16187 16187
3489 8335 3177 100 5967 12233 9605 2029 14776 5463 6816 8719 1143 2598 16187 16187
1655 12233 14180 3102 8719 9222 3171 10917 10033 13348 16187 6535 8719 1110 16187 11889
4776 10033 926 1778 6694 926 14237 4776 926 3177 14734 643 16187 16187 16187 16187
3489 8335 3177 100 5967 12233 9605 2029 14776 5463 6816 8719 1143 2598 16187 16187
1655 12233 14180 3102 8719 9222 3171 10917 10033 13348 16187 11889 6259 926 13348 16187
14237 1229 8710 630 3177 4776 1787 16187 16187 16187 16187 16187 16187 16187 16187 16187
3489 8335 3177 100 5967 12233 9605 2029 14776 5463 6816 8719 1143 2598 16187 16187
1655 12233 14180 3102 8719 9222 3171 10917 10033 13348 16187 6535 8719 1110 16187 11889
6259 2765 3177 926 16187 16187 16187 16187 16187 16187 16187 16187 16187 16187 16187 16187
3489 8335 3177 100 5967 12233 9605 2029 14776 5463 6816 8719 1143 2598 16187 16187
1655 12233 14180 3102 8719 9222 3171 10917 10033 13348 16187 6535 8719 1110 16187 3192
6011 3644 9754 195 5937 5293 3748 1919 3171 1378 16187 16187 16187 16187 16187 16187
3489 8335 3177 100 5967 12233 9605 2029 14776 5463 6816 8719 1143 2598 16187 16187
1655 12233 14180 3102 8719 9222 3171 10917 10033 13348 16187 6535 8719 1110 16187 11889
12008 4552 9754 2823 1407 2837 4776 9138 16187 16187 16187 16187 16187 16187 16187 16187
3489 8335 3177 100 5967 12233 9605 2029 14776 5463 6816 8719 1143 2598 16187 16187
1655 12233 14180 3102 8719 9222 3171 10917 10033 13348 16187 6535 8719 1110 16187 3192
14806 8268 7596 14352 5463 4776 16146 8710 6259 3794 9239 16187 16187 16187 16187 16187
3489 8335 3177 100 5967 12233 9605 2029 14776 5463 6816 8719 1143 2598 16187 16187
1655 12233 14180 3102 8719 9222 3171 10917 10033 13348 16187 6535 8719 1110 16187 3192
10242 3177 4776 12732 5340 8719 4776 6499 16187 16187 16187 16187 16187 16187 16187 16187
3489 8335 3177 100 5967 12233 9605 2029 14776 5463 6816 8719 1143 2598 16187 16187
1655 12233 14180 3102 8719 9222 3171 10917 10033 13348 16187 6535 8719 1110 16187 11889
4776 12738 8719 3171 4406 8808 6819 14131 8270 512 4325 12431 16187 16187 16187 16187
3489 8335 3177 100 5967 12233 9605 2029 14776 5463 6816 8719 1143 2598 16187 16187
1655 12233 14180 3102 8719 9222 3171 10917 10033 13348 16187 6535 8719 1110 16187 11889
926 5340 4776 3942 16187 16187 16187 16187 16187 16187 16187 16187 16187 16187 16187 16187
3489 8335 3177 100 5967 12233 9605 2029 14776 5463 6816 8719 1143 2598 16187 16187
1655 12233 14180 3102 8719 9222 3171 10917 10033 13348 16187 11889 6259 926 13348 16187
1543 4552 7926 7001 10967 91 2598 16187 16187 16187 16187 16187 16187 16187 16187 16187
3489 8335 3177 100 5967 12233 9605 2029 14776 5463 6816 8719 1143 2598 16187 16187
1655 12233 14180 3102 8719 9222 3171 10917 10033 13348 16187 11889 6259 926 13348 16187
14219 5297 8710 4776 926 4557 926 15658 4571 1778 16037 14180 4776 983 16187 16187
3489 8335 3177 100 5967 12233 9605 2029 14776 5463 6816 8719 1143 2598 16187 16187
1655 12233 14180 3102 8719 9222 3171 10917 10033 13348 16187 11889 6259 926 13348 16187
8712 5867 7314 11779 16187 16187 16187 16187 16187 16187 16187 16187 16187 16187 16187 16187
3489 8335 3177 100 5967 12233 9605 2029 14776 5463 6816 8719 1143 2598 16187 16187
1655 12233 14180 3102 8719 9222 3171 10917 10033 13348 16187 6535 8719 1110 16187 11889
14237 3171 5365 8268 7740 8309 12233 4776 14112 12233 12650 4776 10659 14634 11179 16187
3489 8335 3177 100 5967 12233 9605 2029 14776 5463 6816 8719 1143 2598 16187 16187
1655 12233 14180 3102 8719 9222 3171 10917 10033 13348 16187 6535 8719 1110 16187 11889
203 6388 5463 1378 3177 1885 10094 4931 6259 4792 3177 4776 12386 15718 16187 16187
3489 8335 3177 100 5967 12233 9605 2029 14776 5463 6816 8719 1143 2598 16187 16187
1655 12233 14180 3102 8719 9222 3171 10917 10033 13348 16187 11889 6259 926 13348 16187
6011 14776 926 8719 3171 2563 10967 5946 12233 5759 8268 8712 3927 1955 4979 16187
3489 8335 3177 100 5967 12233 9605 2029 14776 5463 6816 8719 1143 2598 16187 16187
1655 12233 14180 3102 8719 9222 3171 10917 10033 13348 16187 6535 8719 1110 16187 3192
8712 12232 2823 6259 3098 2563 8268 8726 5568 8712 9084 5329 583 2263 5009 16187
3489 8335 3177 100 5967 12233 9605 2029 14776 5463 6816 8719 1143 2598 16187 16187
1655 12233 14180 3102 8719 9222 3171 10917 10033 13348 16187 6535 8719 1110 16187 11889
6286 8268 14069 8710 9754 8069 630 14973 8719 8712 16187 16187 16187 16187 16187 16187
3489 8335 3177 100 5967 12233 9605 2029 14776 5463 6816 8719 1143 2598 16187 16187
1655 12233 14180 3102 8719 9222 3171 10917 10033 13348 16187 11889 6259 926 13348 16187
8712 2446 779 16139 5200 2687 4440 16187 16187 16187 16187 16187 16187 16187 16187 16187
3489 8335 3177 100 5967 12233 9605 2029 14776 5463 6816 8719 1143 2598 16187 16187
1655 12233 14180 3102 8719 9222 3171 10917 10033 13348 16187 6535 8719 1110 16187 11889
4404 8710 384 2543 8719 1378 13811 14237 4311 3112 1954 15451 10072 195 16187 16187
3489 8335 3177 100 5967 12233 9605 2029 14776 5463 6816 8719 1143 2598 16187 16187
1655 12233 14180 3102 8719 9222 3171 10917 10033 13348 16187 11889 6259 926 13348 16187
926 8268 4776 926 5463 7926 7069 2903 5830 8719 4776 476 13348 16187 16187 16187
3489 8335 3177 100 5967 12233 9605 2029 14776 5463 6816 8719 1143 2598 16187 16187
1655 12233 14180 3102 8719 9222 3171 10917 10033 13348 16187 11889 6259 926 13348 16187
8712 8710 5332 7730 6650 1955 1378 3177 4776 564 11153 8084 16105 16187 16187 16187
3489 8335 3177 100 5967 12233 9605 2029 14776 5463 6816 8719 1143 2598 16187 16187
1655 12233 14180 3102 8719 9222 3171 10917 10033 13348 16187 6535 8719 1110 16187 11889
4776 926 9216 3177 3171 2563 1955 6259 5695 12805 830 14180 10531 926 9070 16187
3489 8335 3177 100 5967 12233 9605 2029 14776 5463 6816 8719 1143 2598 16187 16187
1655 12233 14180 3102 8719 9222 3171 10917 10033 13348 16187 6535 8719 1110 16187 11889
14272 6259 3667 3177 983 14237 9831 16187 16187 16187 16187 16187 16187 16187 16187 16187
3489 8335 3177 100 5967 12233 9605 2029 14776 5463 6816 8719 1143 2598 16187 16187
1655 12233 14180 3102 8719 9222 3171 10917 10033 13348 16187 11889 6259 926 13348 16187
14272 9084 5329 4230 1957 14180 4931 4776 1175 2221 14237 7877 1175 10960 16187 16187
3489 8335 3177 100 5967 12233 9605 2029 14776 5463 6816 8719 1143 2598 16187 16187
1655 12233 14180 3102 8719 9222 3171 10917 10033 13348 16187 11889 6259 926 13348 16187
5745 8710 4537 12495 10887 16187 16187 16187 16187 16187 16187 16187 16187 16187 16187 16187
3489 8335 3177 100 5967 12233 9605 2029 14776 5463 6816 8719 1143 2598 16187 16187
1655 12233 14180 3102 8719 9222 3171 10917 10033 13348 16187 11889 6259 926 13348 16187
13341 1390 10967 4624 15846 1038 5937 9213 12911 16187 16187 16187 16187 16187 16187 16187
3489 8335 3177 100 5967 12233 9605 2029 14776 5463 6816 8719 1143 2598 16187 16187
1655 12233 14180 3102 8719 9222 3171 10917 10033 13348 16187 11889 6259 926 13348 16187
7740 4552 9754 15956 16187 16187 16187 16187 16187 16187 16187 16187 16187 16187 16187 16187
3489 8335 3177 100 5967 12233 9605 2029 14776 5463 6816 8719 1143 2598 16187 16187
1655 12233 14180 3102 8719 9222 3171 10917 10033 13348 16187 6535 8719 1110 16187 11889
3171 2563 771 10355 4302 1167 8268 12008 4776 4152 4931 10615 16187 16187 16187 16187
3489 8335 3177 100 5967 12233 9605 2029 14776 5463 6816 8719 1143 2598 16187 16187
1655 12233 14180 3102 8719 9222 3171 10917 10033 13348 16187 11889 6259 926 13348 16187
8846 13348 13348 13348 16187 16187 16187 16187 16187 16187 16187 16187 16187 16187 16187 16187
3489 8335 3177 100 5967 12233 9605 2029 14776 5463 6816 8719 1143 2598 16187 16187
1655 12233 14180 3102 8719 9222 3171 10917 10033 13348 16187 11889 6259 926 13348 16187
1229 14272 3112 4776 10033 1229 10355 2598 16187 16187 16187 16187 16187 16187 16187 16187
3489 8335 3177 100 5967 12233 9605 2029 14776 5463 6816 8719 1143 2598 16187 16187
1655 12233 14180 3102 8719 9222 3171 10917 10033 13348 16187 11889 6259 926 13348 16187
10913 4303 12008 1919 3098 11656 14237 630 10016 16187 16187 16187 16187 16187 16187 16187
3489 8335 3177 100 5967 12233 9605 2029 14776 5463 6816 8719 1143 2598 16187 16187
1655 12233 14180 3102 8719 9222 3171 10917 10033 13348 16187 6535 8719 1110 16187 3192
14030 4624 5208 4552 5463 16187 16187 16187 16187 16187 16187 16187 16187 16187 16187 16187
3489 8335 3177 100 5967 12233 9605 2029 14776 5463 6816 8719 1143 2598 16187 16187
1655 12233 14180 3102 8719 9222 3171 10917 10033 13348 16187 6535 8719 1110 16187 11889
926 926 14734 8268 12008 13797 3461 9084 9754 16187 16187 16187 16187 16187 16187 16187
3489 8335 3177 100 5967 12233 9605 2029 14776 5463 6816 8719 1143 2598 16187 16187
1655 12233 14180 3102 8719 9222 3171 10917 10033 13348 16187 6535 8719 1110 16187 3192
15096 5174 7981 14237 10355 2123 830 4776 1419 16187 16187 16187 16187 16187 16187 16187
3489 8335 3177 100 5967 12233 9605 2029 14776 5463 6816 8719 1143 2598 16187 16187
1655 12233 14180 3102 8719 9222 3171 10917 10033 13348 16187 11889 6259 926 13348 16187
15608 8268 8796 8268 12008 8206 16187 16187 16187 16187 16187 16187 16187 16187 16187 16187
3489 8335 3177 100 5967 12233 9605 2029 14776 5463 6816 8719 1143 2598 16187 16187
1655 12233 14180 3102 8719 9222 3171 10917 10033 13348 16187 11889 6259 926 13348 16187
14380 12233 4776 13997 15283 16187 16187 16187 16187 16187 16187 16187 16187 16187 16187 16187
3489 8335 3177 100 5967 12233 9605 2029 14776 5463 6816 8719 1143 2598 16187 16187
1655 12233 14180 3102 8719 9222 3171 10917 10033 13348 16187 11889 6259 926 13348 16187
7740 4531 3171 2563 6259 5948 16187 16187 16187 16187 16187 16187 16187 16187 16187 16187
3489 8335 3177 100 5967 12233 9605 2029 14776 5463 6816 8719 1143 2598 16187 16187
1655 12233 14180 3102 8719 9222 3171 10917 10033 13348 16187 11889 6259 926 13348 16187
6173 9084 7740 11393 4776 926 2598 16187 16187 16187 16187 16187 16187 16187 16187 16187
3489 8335 3177 100 5967 12233 9605 2029 14776 5463 6816 8719 1143 2598 16187 16187
1655 12233 14180 3102 8719 9222 3171 10917 10033 13348 16187 6535 8719 1110 16187 3192
4776 13575 1167 3177 5445 14112 14776 926 1919 4776 1167 3177 8455 14112 16187 16187
3489 8335 3177 100 5967 12233 9605 2029 14776 5463 6816 8719 1143 2598 16187 16187
1655 12233 14180 3102 8719 9222 3171 10917 10033 13348 16187 11889 6259 926 13348 16187
926 926 2598 16187 16187 16187 16187 16187 16187 16187 16187 16187 16187 16187 16187 16187
3489 8335 3177 100 5967 12233 9605 2029 14776 5463 6816 8719 1143 2598 16187 16187
1655 12233 14180 3102 8719 9222 3171 10917 10033 13348 16187 11889 6259 926 13348 16187
2148 2122 4311 4776 10405 16187 16187 16187 16187 16187 16187 16187 16187 16187 16187 16187
3489 8335 3177 100 5967 12233 9605 2029 14776 5463 6816 8719 1143 2598 16187 16187
1655 12233 14180 3102 8719 9222 3171 10917 10033 13348 16187 11889 6259 926 13348 16187
6689 16150 1405 14237 15513 8268 8712 4931 6535 2689 14237 9332 16187 16187 16187 16187
3489 8335 3177 100 5967 12233 9605 2029 14776 5463 6816 8719 1143 2598 16187 16187
1655 12233 14180 3102 8719 9222 3171 10917 10033 13348 16187 11889 6259 926 13348 16187
8712 8999 4372 14237 10918 8719 11859 8268 11039 3177 2165 4776 3449 2989 16187 16187
3489 8335 3177 100 5967 12233 9605 2029 14776 5463 6816 8719 1143 2598 16187 16187
1655 12233 14180 3102 8719 9222 3171 10917 10033 13348 16187 6535 8719 1110 16187 3192
3171 8710 9754 6259 10033 1543 820 7066 1778 14029 926 8719 1507 13498 16187 16187
3489 8335 3177 100 5967 12233 9605 2029 14776 5463 6816 8719 1143 2598 16187 16187
1655 12233 14180 3102 8719 9222 3171 10917 10033 13348 16187 6535 8719 1110 16187 3192
15180 1919 926 14776 4776 14589 3177 3171 10033 5867 926 16187 16187 16187 16187 16187
3489 8335 3177 100 5967 12233 9605 2029 14776 5463 6816 8719 1143 2598 16187 16187
1655 12233 14180 3102 8719 9222 3171 10917 10033 13348 16187 6535 8719 1110 16187 3192
7740 9009 8719 1110 1919 3171 2563 13089 7740 4931 14139 1243 817 16187 16187 16187
3489 8335 3177 100 5967 12233 9605 2029 14776 5463 6816 8719 1143 2598 16187 16187
1655 12233 14180 3102 8719 9222 3171 10917 10033 13348 16187 6535 8719 1110 16187 3192
7740 1110 8106 4856 16187 16187 16187 16187 16187 16187 16187 16187 16187 16187 16187 16187
3489 8335 3177 100 5967 12233 9605 2029 14776 5463 6816 8719 1143 2598 16187 16187
1655 12233 14180 3102 8719 9222 3171 10917 10033 13348 16187 11889 6259 926 13348 16187
14304 15669 15658 926 4977 8712 2598 13348 16187 16187 16187 16187 16187 16187 16187 16187
3489 8335 3177 100 5967 12233 9605 2029 14776 5463 6816 8719 1143 2598 16187 16187
1655 12233 14180 3102 8719 9222 3171 10917 10033 13348 16187 6535 8719 1110 16187 3192
7740 926 8069 10603 6259 5946 10967 1543 12233 5946 11706 16187 16187 16187 16187 16187
3489 8335 3177 100 5967 12233 9605 2029 14776 5463 6816 8719 1143 2598 16187 16187
1655 12233 14180 3102 8719 9222 3171 10917 10033 13348 16187 6535 8719 1110 16187 11889
6011 4628 9754 188 12233 1453 5937 9465 3748 4776 1583 16187 16187 16187 16187 16187
3489 8335 3177 100 5967 12233 9605 2029 14776 5463 6816 8719 1143 2598 16187 16187
1655 12233 14180 3102 8719 9222 3171 10917 10033 13348 16187 11889 6259 926 13348 16187
15597 10418 4931 10355 14237 4776 7310 7724 4931 7393 10471 16187 16187 16187 16187 16187
3489 8335 3177 100 5967 12233 9605 2029 14776 5463 6816 8719 1143 2598 16187 16187
1655 12233 14180 3102 8719 9222 3171 10917 10033 13348 16187 6535 8719 1110 16187 11889
8719 3511 8268 8712 12232 8733 8712 6259 630 8270 2563 16187 16187 16187 16187 16187
3489 8335 3177 100 5967 12233 9605 2029 14776 5463 6816 8719 1143 2598 16187 16187
1655 12233 14180 3102 8719 9222 3171 10917 10033 13348 16187 11889 6259 926 13348 16187
7740 16138 9605 10918 12233 5463 929 16187 16187 16187 16187 16187 16187 16187 16187 16187
3489 8335 3177 100 5967 12233 9605 2029 14776 5463 6816 8719 1143 2598 16187 16187
1655 12233 14180 3102 8719 9222 3171 10917 10033 13348 16187 6535 8719 1110 16187 11889
10915 6056 16187 16187 16187 16187 16187 16187 16187 16187 16187 16187 16187 16187 16187 16187
3489 8335 3177 100 5967 12233 9605 2029 14776 5463 6816 8719 1143 2598 16187 16187
1655 12233 14180 3102 8719 9222 3171 10917 10033 13348 16187 6535 8719 1110 16187 11889
7740 4931 6297 14635 3177 1413 5463 7740 9084 16187 16187 16187 16187 16187 16187 16187
3489 8335 3177 100 5967 12233 9605 2029 14776 5463 6816 8719 1143 2598 16187 16187
1655 12233 14180 3102 8719 9222 3171 10917 10033 13348 16187 11889 6259 926 13348 16187
7740 11839 1138 5463 5867 8712 2598 5711 16187 16187 16187 16187 16187 16187 16187 16187
3489 8335 3177 100 5967 12233 9605 2029 14776 5463 6816 8719 1143 2598 16187 16187
1655 12233 14180 3102 8719 9222 3171 10917 10033 13348 16187 6535 8719 1110 16187 3192
3171 4931 9264 7145 16187 16187 16187 16187 16187 16187 16187 16187 16187 16187 16187 16187
3489 8335 3177 100 5967 12233 9605 2029 14776 5463 6816 8719 1143 2598 16187 16187
1655 12233 14180 3102 8719 9222 3171 10917 10033 13348 16187 6535 8719 1110 16187 3192
7740 12232 11553 6635 12233 10603 15525 16108 8810 15621 8719 15302 4776 11377 643 16187
3489 8335 3177 100 5967 12233 9605 2029 14776 5463 6816 8719 1143 2598 16187 16187
1655 12233 14180 3102 8719 9222 3171 10917 10033 13348 16187 6535 8719 1110 16187 11889
10080 6978 5852 926 10497 8710 4776 564 16187 16187 16187 16187 16187 16187 16187 16187
3489 8335 3177 100 5967 12233 9605 2029 14776 5463 6816 8719 1143 2598 16187 16187
1655 12233 14180 3102 8719 9222 3171 10917 10033 13348 16187 11889 6259 926 13348 16187
4537 4776 8794 5217 14029 7938 16187 16187 16187 16187 16187 16187 16187 16187 16187 16187
3489 8335 3177 100 5967 12233 9605 2029 14776 5463 6816 8719 1143 2598 16187 16187
1655 12233 14180 3102 8719 9222 3171 10917 10033 13348 16187 11889 6259 926 13348 16187
13570 8268 4667 8710 926 14237 6188 4609 16187 16187 16187 16187 16187 16187 16187 16187
3489 8335 3177 100 5967 12233 9605 2029 14776 5463 6816 8719 1143 2598 16187 16187
1655 12233 14180 3102 8719 9222 3171 10917 10033 13348 16187 6535 8719 1110 16187 11889
14776 5713 4537 6259 15335 926 14043 8710 8712 4776 15618 5463 8710 12689 2598 16187
3489 8335 3177 100 5967 12233 9605 2029 14776 5463 6816 8719 1143 2598 16187 16187
1655 12233 14180 3102 8719 9222 3171 10917 10033 13348 16187 6535 8719 1110 16187 3192
4776 2563 8710 2543 2903 11889 6259 3059 6801 16187 16187 16187 16187 16187 16187 16187
3489 8335 3177 100 5967 12233 9605 2029 14776 5463 6816 8719 1143 2598 16187 16187
1655 12233 14180 3102 8719 9222 3171 10917 10033 13348 16187 6535 8719 1110 16187 3192
13907 4776 14973 14237 7314 8712 12232 11553 12766 10716 4398 16187 16187 16187 16187 16187
3489 8335 3177 100 5967 12233 9605 2029 14776 5463 6816 8719 1143 2598 16187 16187
1655 12233 14180 3102 8719 9222 3171 10917 10033 13348 16187 11889 6259 926 13348 16187
7740 11553 13084 926 3994 5189 16187 16187 16187 16187 16187 16187 16187 16187 16187 16187
3489 8335 3177 100 5967 12233 9605 2029 14776 5463 6816 8719 1143 2598 16187 16187
1655 12233 14180 3102 8719 9222 3171 10917 10033 13348 16187 11889 6259 926 13348 16187
7740 2383 4325 15956 11953 12239 5867 9450 5223 3942 16187 16187 16187 16187 16187 16187
3489 8335 3177 100 5967 12233 9605 2029 14776 5463 6816 8719 1143 2598 16187 16187
1655 12233 14180 3102 8719 9222 3171 10917 10033 13348 16187 6535 8719 1110 16187 11889
7740 9431 1442 1138 15827 6259 5375 9742 5711 8719 4776 10114 3177 926 16187 16187
3489 8335 3177 100 5967 12233 9605 2029 14776 5463 6816 8719 1143 2598 16187 16187
1655 12233 14180 3102 8719 9222 3171 10917 10033 13348 16187 11889 6259 926 13348 16187
816 16187 16187 16187 16187 16187 16187 16187 16187 16187 16187 16187 16187 16187 16187 16187
3489 8335 3177 100 5967 12233 9605 2029 14776 5463 6816 8719 1143 2598 16187 16187
1655 12233 14180 3102 8719 9222 3171 10917 10033 13348 16187 11889 6259 926 13348 16187
13142 8710 6930 12233 8554 926 16187 16187 16187 16187 16187 16187 16187 16187 16187 16187
3489 8335 3177 100 5967 12233 9605 2029 14776 5463 6816 8719 1143 2598 16187 16187
1655 12233 14180 3102 8719 9222 3171 10917 10033 13348 16187 6535 8719 1110 16187 11889
223 16187 16187 16187 16187 16187 16187 16187 16187 16187 16187 16187 16187 16187 16187 16187
3489 8335 3177 100 5967 12233 9605 2029 14776 5463 6816 8719 1143 2598 16187 16187
1655 12233 14180 3102 8719 9222 3171 10917 10033 13348 16187 6535 8719 1110 16187 3192
12349 926 8268 12307 13839 8268 12307 2608 13892 16187 16187 16187 16187 16187 16187 16187
3489 8335 3177 100 5967 12233 9605 2029 14776 5463 6816 8719 1143 2598 16187 16187
1655 12233 14180 3102 8719 9222 3171 10917 10033 13348 16187 11889 6259 926 13348 16187
6173 13348 16187 16187 16187 16187 16187 16187 16187 16187 16187 16187 16187 16187 16187 16187
3489 8335 3177 100 5967 12233 9605 2029 14776 5463 6816 8719 1143 2598 16187 16187
1655 12233 14180 3102 8719 9222 3171 10917 10033 13348 16187 6535 8719 1110 16187 3192
1378 3177 4776 10566 14937 10033 7740 11553 8466 8719 6259 15096 983 16187 16187 16187
3489 8335 3177 100 5967 12233 9605 2029 14776 5463 6816 8719 1143 2598 16187 16187
1655 12233 14180 3102 8719 9222 3171 10917 10033 13348 16187 11889 6259 926 13348 16187
8712 5867 4702 5329 12233 926 4537 15043 1133 2446 4776 11063 1603 8719 14112 16187
3489 8335 3177 100 5967 12233 9605 2029 14776 5463 6816 8719 1143 2598 16187 16187
1655 12233 14180 3102 8719 9222 3171 10917 10033 13348 16187 11889 6259 926 13348 16187
6259 1781 14237 8405 8521 12233 4776 10728 16187 16187 16187 16187 16187 16187 16187 16187
3489 8335 3177 100 5967 12233 9605 2029 14776 5463 6816 8719 1143 2598 16187 16187
1655 12233 14180 3102 8719 9222 3171 10917 10033 13348 16187 11889 6259 926 13348 16187
926 4311 8268 14272 5867 816 2598 16187 16187 16187 16187 16187 16187 16187 16187 16187
3489 8335 3177 100 5967 12233 9605 2029 14776 5463 6816 8719 1143 2598 16187 16187
1655 12233 14180 3102 8719 9222 3171 10917 10033 13348 16187 6535 8719 1110 16187 3192
926 14237 926 5867 3098 132 8710 4776 7121 3177 3171 15827 2563 16187 16187 16187
3489 8335 3177 100 5967 12233 9605 2029 14776 5463 6816 8719 1143 2598 16187 16187
1655 12233 14180 3102 8719 9222 3171 10917 10033 13348 16187 6535 8719 1110 16187 3192
7740 1442 3171 2563 1957 4776 8979 8719 8268 16187 16187 16187 16187 16187 16187 16187
3489 8335 3177 100 5967 12233 9605 2029 14776 5463 6816 8719 1143 2598 16187 16187
1655 12233 14180 3102 8719 9222 3171 10917 10033 13348 16187 6535 8719 1110 16187 11889
4776 5200 8710 6259 10355 10596 830 4776 2563 1955 6259 2601 7740 9429 16187 16187
3489 8335 3177 100 5967 12233 9605 2029 14776 5463 6816 8719 1143 2598 16187 16187
1655 12233 14180 3102 8719 9222 3171 10917 10033 13348 16187 11889 6259 926 13348 16187
14345 8710 6259 5516 950 8268 14237 7740 2552 5820 8811 8719 4776 3011 9290 16187
3489 8335 3177 100 5967 12233 9605 2029 14776 5463 6816 8719 1143 2598 16187 16187
1655 12233 14180 3102 8719 9222 3171 10917 10033 13348 16187 6535 8719 1110 16187 11889
926 5568 8726 6011 14776 7456 12233 8855 1919 2263 6140 5225 16187 16187 16187 16187
3489 8335 3177 100 5967 12233 9605 2029 14776 5463 6816 8719 1143 2598 16187 16187
1655 12233 14180 3102 8719 9222 3171 10917 10033 13348 16187 6535 8719 1110 16187 11889
926 16187 16187 16187 16187 16187 16187 16187 16187 16187 16187 16187 16187 16187 16187 16187
3489 8335 3177 100 5967 12233 9605 2029 14776 5463 6816 8719 1143 2598 16187 16187
1655 12233 14180 3102 8719 9222 3171 10917 10033 13348 16187 11889 6259 926 13348 16187
5329 926 9591 16187 16187 16187 16187 16187 16187 16187 16187 16187 16187 16187 16187 16187
3489 8335 3177 100 5967 12233 9605 2029 14776 5463 6816 8719 1143 2598 16187 16187
1655 12233 14180 3102 8719 9222 3171 10917 10033 13348 16187 11889 6259 926 13348 16187
4776 15776 15093 4931 4592 1229 8396 5463 8712 771 12276 5217 4867 926 16187 16187
3489 8335 3177 100 5967 12233 9605 2029 14776 5463 6816 8719 1143 2598 16187 16187
1655 12233 14180 3102 8719 9222 3171 10917 10033 13348 16187 11889 6259 926 13348 16187
926 8268 1378 3177 12276 926 8268 4931 2296 6259 926 8268 7740 9429 16187 16187
3489 8335 3177 100 5967 12233 9605 2029 14776 5463 6816 8719 1143 2598 16187 16187
1655 12233 14180 3102 8719 9222 3171 10917 10033 13348 16187 11889 6259 926 13348 16187
1019 10509 6173 3847 2712 4776 10033 10078 6259 854 643 12805 2598 16187 16187 16187
3489 8335 3177 100 5967 12233 9605 2029 14776 5463 6816 8719 1143 2598 16187 16187
1655 12233 14180 3102 8719 9222 3171 10917 10033 13348 16187 6535 8719 1110 16187 3192
4776 8521 8710 405 8268 12008 6011 4552 9754 15956 203 8712 11921 14043 13089 16187
3489 8335 3177 100 5967 12233 9605 2029 14776 5463 6816 8719 1143 2598 16187 16187
1655 12233 14180 3102 8719 9222 3171 10917 10033 13348 16187 11889 6259 926 13348 16187
2006 926 11014 16187 16187 16187 16187 16187 16187 16187 16187 16187 16187 16187 16187 16187
3489 8335 3177 100 5967 12233 9605 2029 14776 5463 6816 8719 1143 2598 16187 16187
1655 12233 14180 3102 8719 9222 3171 10917 10033 13348 16187 11889 6259 926 13348 16187
4537 11889 14734 8808 8268 926 4882 8710 6259 1378 9290 8146 8719 4776 2563 16187
3489 8335 3177 100 5967 12233 9605 2029 14776 5463 6816 8719 1143 2598 16187 16187
1655 12233 14180 3102 8719 9222 3171 10917 10033 13348 16187 11889 6259 926 13348 16187
14272 5867 2148 8268 8712 12232 8344 6011 203 2448 926 14237 14361 15417 926 16187
3489 8335 3177 100 5967 12233 9605 2029 14776 5463 6816 8719 1143 2598 16187 16187
1655 12233 14180 3102 8719 9222 3171 10917 10033 13348 16187 6535 8719 1110 16187 11889
15846 7926 2823 7456 12233 11553 6259 2400 1919 14734 11408 875 2598 16187 16187 16187
3489 8335 3177 100 5967 12233 9605 2029 14776 5463 6816 8719 1143 2598 16187 16187
1655 12233 14180 3102 8719 9222 3171 10917 10033 13348 16187 6535 8719 1110 16187 11889
7740 973 5329 6259 926 926 2837 13592 1635 16187 16187 16187 16187 16187 16187 16187
3489 8335 3177 100 5967 12233 9605 2029 14776 5463 6816 8719 1143 2598 16187 16187
1655 12233 14180 3102 8719 9222 3171 10917 10033 13348 16187 11889 6259 926 13348 16187
4776 1879 8467 6259 9450 10894 4923 16187 16187 16187 16187 16187 16187 16187 16187 16187
3489 8335 3177 100 5967 12233 9605 2029 14776 5463 6816 8719 1143 2598 16187 16187
1655 12233 14180 3102 8719 9222 3171 10917 10033 13348 16187 11889 6259 926 13348 16187
830 176 8268 4776 926 926 13173 14776 5329 4776 4473 926 16187 16187 16187 16187
3489 8335 3177 100 5967 12233 9605 2029 14776 5463 6816 8719 1143 2598 16187 16187
1655 12233 14180 3102 8719 9222 3171 10917 10033 13348 16187 11889 6259 926 13348 16187
9311 11953 9937 16187 16187 16187 16187 16187 16187 16187 16187 16187 16187 16187 16187 16187
3489 8335 3177 100 5967 12233 9605 2029 14776 5463 6816 8719 1143 2598 16187 16187
1655 12233 14180 3102 8719 9222 3171 10917 10033 13348 16187 11889 6259 926 13348 16187
2066 6011 968 11553 16146 15180 16187 16187 16187 16187 16187 16187 16187 16187 16187 16187
3489 8335 3177 100 5967 12233 9605 2029 14776 5463 6816 8719 1143 2598 16187 16187
1655 12233 14180 3102 8719 9222 3171 10917 10033 13348 16187 11889 6259 926 13348 16187
9296 14029 4776 7157 3171 656 16187 16187 16187 16187 16187 16187 16187 16187 16187 16187
3489 8335 3177 100 5967 12233 9605 2029 14776 5463 6816 8719 1143 2598 16187 16187
1655 12233 14180 3102 8719 9222 3171 10917 10033 13348 16187 11889 6259 926 13348 16187
926 16187 16187 16187 16187 16187 16187 16187 16187 16187 16187 16187 16187 16187 16187 16187
3489 8335 3177 100 5967 12233 9605 2029 14776 5463 6816 8719 1143 2598 16187 16187
1655 12233 14180 3102 8719 9222 3171 10917 10033 13348 16187 6535 8719 1110 16187 3192
10716 8124 13348 16187 16187 16187 16187 16187 16187 16187 16187 16187 16187 16187 16187 16187
3489 8335 3177 100 5967 12233 9605 2029 14776 5463 6816 8719 1143 2598 16187 16187
1655 12233 14180 3102 8719 9222 3171 10917 10033 13348 16187 11889 6259 926 13348 16187
8719 6259 3384 926 8710 9612 926 16187 16187 16187 16187 16187 16187 16187 16187 16187
3489 8335 3177 100 5967 12233 9605 2029 14776 5463 6816 8719 1143 2598 16187 16187
1655 12233 14180 3102 8719 9222 3171 10917 10033 13348 16187 11889 6259 926 13348 16187
8712 4931 13904 14237 1117 13348 16187 16187 16187 16187 16187 16187 16187 16187 16187 16187
3489 8335 3177 100 5967 12233 9605 2029 14776 5463 6816 8719 1143 2598 16187 16187
1655 12233 14180 3102 8719 9222 3171 10917 10033 13348 16187 11889 6259 926 13348 16187
4776 13799 4552 9754 11553 6259 5189 8268 14237 7596 4552 4624 16187 16187 16187 16187
3489 8335 3177 100 5967 12233 9605 2029 14776 5463 6816 8719 1143 2598 16187 16187
1655 12233 14180 3102 8719 9222 3171 10917 10033 13348 16187 11889 6259 926 13348 16187
1019 6011 9498 8069 8726 5937 6269 3644 9754 7627 16187 16187 16187 16187 16187 16187
3489 8335 3177 100 5967 12233 9605 2029 14776 5463 6816 8719 1143 2598 16187 16187
1655 12233 14180 3102 8719 9222 3171 10917 10033 13348 16187 6535 8719 1110 16187 3192
10619 9484 7740 2006 13832 1378 3177 4776 11247 2563 5867 11998 10671 16187 16187 16187
3489 8335 3177 100 5967 12233 9605 2029 14776 5463 6816 8719 1143 2598 16187 16187
1655 12233 14180 3102 8719 9222 3171 10917 10033 13348 16187 11889 6259 926 13348 16187
8796 8268 7926 7076 4776 10501 7742 8268 12008 2599 5867 2552 15389 9780 16187 16187
3489 8335 3177 100 5967 12233 9605 2029 14776 5463 6816 8719 1143 2598 16187 16187
1655 12233 14180 3102 8719 9222 3171 10917 10033 13348 16187 6535 8719 1110 16187 3192
8213 10418 8268 14596 8268 12835 14237 14973 16187 16187 16187 16187 16187 16187 16187 16187
3489 8335 3177 100 5967 12233 9605 2029 14776 5463 6816 8719 1143 2598 16187 16187
1655 12233 14180 3102 8719 9222 3171 10917 10033 13348 16187 11889 6259 926 13348 16187
5463 7926 608 8726 14734 6280 771 8329 16187 16187 16187 16187 16187 16187 16187 16187
3489 8335 3177 100 5967 12233 9605 2029 14776 5463 6816 8719 1143 2598 16187 16187
1655 12233 14180 3102 8719 9222 3171 10917 10033 13348 16187 6535 8719 1110 16187 3192
15658 2326 5682 11953 926 926 2598 16187 16187 16187 16187 16187 16187 16187 16187 16187
3489 8335 3177 100 5967 12233 9605 2029 14776 5463 6816 8719 1143 2598 16187 16187
1655 12233 14180 3102 8719 9222 3171 10917 10033 13348 16187 11889 6259 926 13348 16187
3171 2563 6253 4927 12233 10399 12233 8733 3171 6683 11889 5820 14237 4473 3826 16187
3489 8335 3177 100 5967 12233 9605 2029 14776 5463 6816 8719 1143 2598 16187 16187
1655 12233 14180 3102 8719 9222 3171 10917 10033 13348 16187 6535 8719 1110 16187 3192
14272 5208 7740 1436 2598 16187 16187 16187 16187 16187 16187 16187 16187 16187 16187 16187
3489 8335 3177 100 5967 12233 9605 2029 14776 5463 6816 8719 1143 2598 16187 16187
1655 12233 14180 3102 8719 9222 3171 10917 10033 13348 16187 11889 6259 926 13348 16187
4776 16146 2946 8268 9563 4776 11978 9498 16150 6013 14237 12249 16187 16187 16187 16187
3489 8335 3177 100 5967 12233 9605 2029 14776 5463 6816 8719 1143 2598 16187 16187
1655 12233 14180 3102 8719 9222 3171 10917 10033 13348 16187 6535 8719 1110 16187 3192
8726 6011 188 6259 14581 10355 2122 2563 8268 4311 3171 8710 830 6011 16187 16187
3489 8335 3177 100 5967 12233 9605 2029 14776 5463 6816 8719 1143 2598 16187 16187
1655 12233 14180 3102 8719 9222 3171 10917 10033 13348 16187 11889 6259 926 13348 16187
4776 2563 8710 8719 9594 14237 926 14237 8712 4393 1954 16139 3513 16187 16187 16187
3489 8335 3177 100 5967 12233 9605 2029 14776 5463 6816 8719 1143 2598 16187 16187
1655 12233 14180 3102 8719 9222 3171 10917 10033 13348 16187 11889 6259 926 13348 16187
14069 8710 2446 6826 3098 8974 132 8719 3171 14251 16187 16187 16187 16187 16187 16187
3489 8335 3177 100 5967 12233 9605 2029 14776 5463 6816 8719 1143 2598 16187 16187
1655 12233 14180 3102 8719 9222 3171 10917 10033 13348 16187 11889 6259 926 13348 16187
7742 8268 3171 8710 203 7740 15729 2903 1750 9813 449 2837 3171 10033 16187 16187
3489 8335 3177 100 5967 12233 9605 2029 14776 5463 6816 8719 1143 2598 16187 16187
1655 12233 14180 3102 8719 9222 3171 10917 10033 13348 16187 6535 8719 1110 16187 3192
926 5867 8808 8710 6929 8268 12008 4776 10217 1133 3364 9754 2823 2148 9780 16187
3489 8335 3177 100 5967 12233 9605 2029 14776 5463 6816 8719 1143 2598 16187 16187
1655 12233 14180 3102 8719 9222 3171 10917 10033 13348 16187 6535 8719 1110 16187 3192
926 4931 1954 8719 5937 3504 926 8268 6689 926 4931 14180 926 16187 16187 16187
3489 8335 3177 100 5967 12233 9605 2029 14776 5463 6816 8719 1143 2598 16187 16187
1655 12233 14180 3102 8719 9222 3171 10917 10033 13348 16187 11889 6259 926 13348 16187
16146 926 4776 12495 15096 1227 527 5867 11401 9793 1957 4776 12298 16187 16187 16187
3489 8335 3177 100 5967 12233 9605 2029 14776 5463 6816 8719 1143 2598 16187 16187
1655 12233 14180 3102 8719 9222 3171 10917 10033 13348 16187 6535 8719 1110 16187 3192
926 4776 14599 926 926 8719 7558 8268 4776 13811 8710 14397 2148 14812 16187 16187
3489 8335 3177 100 5967 12233 9605 2029 14776 5463 6816 8719 1143 2598 16187 16187
1655 12233 14180 3102 8719 9222 3171 10917 10033 13348 16187 11889 6259 926 13348 16187
9485 14161 13758 5022 12233 3504 3748 8630 1954 4750 26 14237 5433 14166 16187 16187
3489 8335 3177 100 5967 12233 9605 2029 14776 5463 6816 8719 1143 2598 16187 16187
1655 12233 14180 3102 8719 9222 3171 10917 10033 13348 16187 6535 8719 1110 16187 3192
13474 8710 4990 13348 16187 16187 16187 16187 16187 16187 16187 16187 16187 16187 16187 16187
3489 8335 3177 100 5967 12233 9605 2029 14776 5463 6816 8719 1143 2598 16187 16187
1655 12233 14180 3102 8719 9222 3171 10917 10033 13348 16187 6535 8719 1110 16187 3192
4776 2002 308 926 11953 14139 2103 16187 16187 16187 16187 16187 16187 16187 16187 16187
3489 8335 3177 100 5967 12233 9605 2029 14776 5463 6816 8719 1143 2598 16187 16187
1655 12233 14180 3102 8719 9222 3171 10917 10033 13348 16187 6535 8719 1110 16187 11889
14237 8499 926 8710 7742 14069 8710 9754 1157 12233 1436 11953 14745 16187 16187 16187
3489 8335 3177 100 5967 12233 9605 2029 14776 5463 6816 8719 1143 2598 16187 16187
1655 12233 14180 3102 8719 9222 3171 10917 10033 13348 16187 11889 6259 926 13348 16187
6259 1450 8268 14029 4776 6499 16187 16187 16187 16187 16187 16187 16187 16187 16187 16187
3489 8335 3177 100 5967 12233 9605 2029 14776 5463 6816 8719 1143 2598 16187 16187
1655 12233 14180 3102 8719 9222 3171 10917 10033 13348 16187 11889 6259 926 13348 16187
13084 1378 926 14237 14069 14776 13084 8440 926 14029 16187 16187 16187 16187 16187 16187
3489 8335 3177 100 5967 12233 9605 2029 14776 5463 6816 8719 1143 2598 16187 16187
1655 12233 14180 3102 8719 9222 3171 10917 10033 13348 16187 6535 8719 1110 16187 3192
14734 1133 14776 2148 512 8808 1106 8268 4325 14776 8719 6259 2191 9213 1106 16187
3489 8335 3177 100 5967 12233 9605 2029 14776 5463 6816 8719 1143 2598 16187 16187
1655 12233 14180 3102 8719 9222 3171 10917 10033 13348 16187 11889 6259 926 13348 16187
926 11789 3841 12213 10967 6259 9385 12233 6259 14217 16187 16187 16187 16187 16187 16187
3489 8335 3177 100 5967 12233 9605 2029 14776 5463 6816 8719 1143 2598 16187 16187
1655 12233 14180 3102 8719 9222 3171 10917 10033 13348 16187 11889 6259 926 13348 16187
7742 8268 7926 5046 2128 10324 1919 3171 10488 16187 16187 16187 16187 16187 16187 16187
3489 8335 3177 100 5967 12233 9605 2029 14776 5463 6816 8719 1143 2598 16187 16187
1655 12233 14180 3102 8719 9222 3171 10917 10033 13348 16187 11889 6259 926 13348 16187
4552 4776 926 16187 16187 16187 16187 16187 16187 16187 16187 16187 16187 16187 16187 16187
3489 8335 3177 100 5967 12233 9605 2029 14776 5463 6816 8719 1143 2598 16187 16187
1655 12233 14180 3102 8719 9222 3171 10917 10033 13348 16187 11889 6259 926 13348 16187
3320 16187 16187 16187 16187 16187 16187 16187 16187 16187 16187 16187 16187 16187 16187 16187
3489 8335 3177 100 5967 12233 9605 2029 14776 5463 6816 8719 1143 2598 16187 16187
1655 12233 14180 3102 8719 9222 3171 10917 10033 13348 16187 11889 6259 926 13348 16187
830 9743 5329 2858 10855 132 8268 7926 5867 10967 16187 16187 16187 16187 16187 16187
3489 8335 3177 100 5967 12233 9605 2029 14776 5463 6816 8719 1143 2598 16187 16187
1655 12233 14180 3102 8719 9222 3171 10917 10033 13348 16187 6535 8719 1110 16187 3192
7740 16138 8093 12650 3171 10036 13348 16187 16187 16187 16187 16187 16187 16187 16187 16187
3489 8335 3177 100 5967 12233 9605 2029 14776 5463 6816 8719 1143 2598 16187 16187
1655 12233 14180 3102 8719 9222 3171 10917 10033 13348 16187 11889 6259 926 13348 16187
6694 926 12232 7742 8268 14029 926 11839 8268 6694 926 14470 5257 4312 16187 16187
3489 8335 3177 100 5967 12233 9605 2029 14776 5463 6816 8719 1143 2598 16187 16187
1655 12233 14180 3102 8719 9222 3171 10917 10033 13348 16187 11889 6259 926 13348 16187
14069 5867 6259 8351 830 1954 950 16187 16187 16187 16187 16187 16187 16187 16187 16187
3489 8335 3177 100 5967 12233 9605 2029 14776 5463 6816 8719 1143 2598 16187 16187
1655 12233 14180 3102 8719 9222 3171 10917 10033 13348 16187 11889 6259 926 13348 16187
8719 4776 2037 3177 14029 4776 6856 8268 5463 8710 6259 10355 9424 16187 16187 16187
3489 8335 3177 100 5967 12233 9605 2029 14776 5463 6816 8719 1143 2598 16187 16187
1655 12233 14180 3102 8719 9222 3171 10917 10033 13348 16187 11889 6259 926 13348 16187
14031 8268 203 4624 1110 8268 8719 5530 8268 926 10211 830 1954 10211 8353 16187
3489 8335 3177 100 5967 12233 9605 2029 14776 5463 6816 8719 1143 2598 16187 16187
1655 12233 14180 3102 8719 9222 3171 10917 10033 13348 16187 6535 8719 1110 16187 11889
5852 926 14139 16187 16187 16187 16187 16187 16187 16187 16187 16187 16187 16187 16187 16187
3489 8335 3177 100 5967 12233 9605 2029 14776 5463 6816 8719 1143 2598 16187 16187
1655 12233 14180 3102 8719 9222 3171 10917 10033 13348 16187 11889 6259 926 13348 16187
4776 13839 8710 6636 2837 12976 1876 926 8268 14237 13474 8710 5580 6259 6181 16187
3489 8335 3177 100 5967 12233 9605 2029 14776 5463 6816 8719 1143 2598 16187 16187
1655 12233 14180 3102 8719 9222 3171 10917 10033 13348 16187 6535 8719 1110 16187 11889
3034 16187 16187 16187 16187 16187 16187 16187 16187 16187 16187 16187 16187 16187 16187 16187
3489 8335 3177 100 5967 12233 9605 2029 14776 5463 6816 8719 1143 2598 16187 16187
1655 12233 14180 3102 8719 9222 3171 10917 10033 13348 16187 6535 8719 1110 16187 11889
926 779 6259 7652 8719 14617 830 14734 926 2521 16187 16187 16187 16187 16187 16187
3489 8335 3177 100 5967 12233 9605 2029 14776 5463 6816 8719 1143 2598 16187 16187
1655 12233 14180 3102 8719 9222 3171 10917 10033 13348 16187 11889 6259 926 13348 16187
12990 8506 13341 16187 16187 16187 16187 16187 16187 16187 16187 16187 16187 16187 16187 16187
3489 8335 3177 100 5967 12233 9605 2029 14776 5463 6816 8719 1143 2598 16187 16187
1655 12233 14180 3102 8719 9222 3171 10917 10033 13348 16187 11889 6259 926 13348 16187
6348 4776 11146 11779 1019 15649 8710 10265 6173 8268 8712 4537 3847 9754 4189 16187
3489 8335 3177 100 5967 12233 9605 2029 14776 5463 6816 8719 1143 2598 16187 16187
1655 12233 14180 3102 8719 9222 3171 10917 10033 13348 16187 6535 8719 1110 16187 11889
7740 11889 12233 2823 926 2837 1133 14237 14581 10355 13777 16187 16187 16187 16187 16187
3489 8335 3177 100 5967 12233 9605 2029 14776 5463 6816 8719 1143 2598 16187 16187
1655 12233 14180 3102 8719 9222 3171 10917 10033 13348 16187 11889 6259 926 13348 16187
8712 5867 4537 8692 16187 16187 16187 16187 16187 16187 16187 16187 16187 16187 16187 16187
3489 8335 3177 100 5967 12233 9605 2029 14776 5463 6816 8719 1143 2598 16187 16187
1655 12233 14180 3102 8719 9222 3171 10917 10033 13348 16187 6535 8719 1110 16187 3192
4776 5031 14776 2446 8124 16187 16187 16187 16187 16187 16187 16187 16187 16187 16187 16187
3489 8335 3177 100 5967 12233 9605 2029 14776 5463 6816 8719 1143 2598 16187 16187
1655 12233 14180 3102 8719 9222 3171 10917 10033 13348 16187 11889 6259 926 13348 16187
4776 11643 950 7147 4776 5910 926 3177 4776 14599 14237 7076 8712 926 16187 16187
3489 8335 3177 100 5967 12233 9605 2029 14776 5463 6816 8719 1143 2598 16187 16187
1655 12233 14180 3102 8719 9222 3171 10917 10033 13348 16187 11889 6259 926 13348 16187
5297 8712 5867 15667 12233 2552 6259 2353 5329 1750 2097 3177 6905 16187 16187 16187
3489 8335 3177 100 5967 12233 9605 2029 14776 5463 6816 8719 1143 2598 16187 16187
1655 12233 14180 3102 8719 9222 3171 10917 10033 13348 16187 11889 6259 926 13348 16187
2945 1378 3177 4776 2148 3422 1133 7740 11553 8466 16187 16187 16187 16187 16187 16187
3489 8335 3177 100 5967 12233 9605 2029 14776 5463 6816 8719 1143 2598 16187 16187
1655 12233 14180 3102 8719 9222 3171 10917 10033 13348 16187 6535 8719 1110 16187 3192
15896 7831 926 771 9575 4776 2392 6644 3177 926 8268 926 14237 10744 16187 16187
3489 8335 3177 100 5967 12233 9605 2029 14776 5463 6816 8719 1143 2598 16187 16187
1655 12233 14180 3102 8719 9222 3171 10917 10033 13348 16187 11889 6259 926 13348 16187
14030 8268 3171 2563 5020 4265 9041 9850 564 13103 3177 926 16187 16187 16187 16187
3489 8335 3177 100 5967 12233 9605 2029 14776 5463 6816 8719 1143 2598 16187 16187
1655 12233 14180 3102 8719 9222 3171 10917 10033 13348 16187 11889 6259 926 13348 16187
4931 3171 1378 385 2598 16187 16187 16187 16187 16187 16187 16187 16187 16187 16187 16187
3489 8335 3177 100 5967 12233 9605 2029 14776 5463 6816 8719 1143 2598 16187 16187
1655 12233 14180 3102 8719 9222 3171 10917 10033 13348 16187 11889 6259 926 13348 16187
4142 447 16187 16187 16187 16187 16187 16187 16187 16187 16187 16187 16187 16187 16187 16187
3489 8335 3177 100 5967 12233 9605 2029 14776 5463 6816 8719 1143 2598 16187 16187
1655 12233 14180 3102 8719 9222 3171 10917 10033 13348 16187 11889 6259 926 13348 16187
4311 14069 14776 4776 10273 3641 14976 926 779 12233 8855 1919 16187 16187 16187 16187
3489 8335 3177 100 5967 12233 9605 2029 14776 5463 6816 8719 1143 2598 16187 16187
1655 12233 14180 3102 8719 9222 3171 10917 10033 13348 16187 11889 6259 926 13348 16187
12008 1799 926 1955 4776 8710 6348 10112 16187 16187 16187 16187 16187 16187 16187 16187
3489 8335 3177 100 5967 12233 9605 2029 14776 5463 6816 8719 1143 2598 16187 16187
1655 12233 14180 3102 8719 9222 3171 10917 10033 13348 16187 11889 6259 926 13348 16187
9431 1378 4931 6259 14426 10033 5332 15956 1955 6042 7610 13341 16187 16187 16187 16187
3489 8335 3177 100 5967 12233 9605 2029 14776 5463 6816 8719 1143 2598 16187 16187
1655 12233 14180 3102 8719 9222 3171 10917 10033 13348 16187 6535 8719 1110 16187 3192
2263 3765 3215 14237 13307 13250 512 14734 9404 4189 14237 8383 1597 11788 12835 16187
3489 8335 3177 100 5967 12233 9605 2029 14776 5463 6816 8719 1143 2598 16187 16187
1655 12233 14180 3102 8719 9222 3171 10917 10033 13348 16187 11889 6259 926 13348 16187
