13474 5867 2446 12431 4776 926 12233 14192 926 14237 5104 926 5867 926 13501 16187
3842 3171 2856 11889 4776 12012 16187 3364 11553 12766 926 14029 4776 926 16187 16187
1655 12233 14180 3102 8719 9222 3171 10917 10033 13348 16187 8719 6259 10509 8719 6259
8944 8710 9063 4776 661 8268 1781 8268 2205 8808 4624 15956 14237 1110 16187 16187
3842 3171 2856 11889 4776 12012 16187 3364 11553 12766 926 14029 4776 926 16187 16187
1655 12233 14180 3102 8719 9222 3171 10917 10033 13348 16187 8719 6259 10509 8719 6259
926 3171 10033 8710 14231 16187 16187 16187 16187 16187 16187 16187 16187 16187 16187 16187
3842 3171 2856 11889 4776 12012 16187 3364 11553 12766 926 14029 4776 926 16187 16187
1655 12233 14180 3102 8719 9222 3171 10917 10033 13348 16187 929 8719 4776 10033 16187
14734 10418 4931 7732 16187 16187 16187 16187 16187 16187 16187 16187 16187 16187 16187 16187
3842 3171 2856 11889 4776 12012 16187 3364 11553 12766 926 14029 4776 926 16187 16187
1655 12233 14180 3102 8719 9222 3171 10917 10033 13348 16187 8719 6259 10509 8719 6259
15041 6838 5867 7601 8179 9203 3112 4776 10566 3177 4776 7756 11765 14596 2894 16187
3842 3171 2856 11889 4776 12012 16187 3364 11553 12766 926 14029 4776 926 16187 16187
1655 12233 14180 3102 8719 9222 3171 10917 10033 13348 16187 8719 6259 10509 8719 6259
13474 15452 10602 14237 3543 11553 6259 926 7620 8719 8901 10011 13699 16187 16187 16187
3842 3171 2856 11889 4776 12012 16187 3364 11553 12766 926 14029 4776 926 16187 16187
1655 12233 14180 3102 8719 9222 3171 10917 10033 13348 16187 8719 6259 10509 8719 6259
10967 3171 2494 8268 12868 2903 13348 16187 16187 16187 16187 16187 16187 16187 16187 16187
3842 3171 2856 11889 4776 12012 16187 3364 11553 12766 926 14029 4776 926 16187 16187
1655 12233 14180 3102 8719 9222 3171 10917 10033 13348 16187 929 8719 4776 10033 16187
14237 5463 5138 5208 13758 6070 12767 926 12349 4832 8719 6826 10469 16187 16187 16187
3842 3171 2856 11889 4776 12012 16187 3364 11553 12766 926 14029 4776 926 16187 16187
1655 12233 14180 3102 8719 9222 3171 10917 10033 13348 16187 8719 6259 10509 8719 6259
830 6259 4311 9431 983 649 8268 15658 771 14734 5115 3177 12583 6916 4302 16187
3842 3171 2856 11889 4776 12012 16187 3364 11553 12766 926 14029 4776 926 16187 16187
1655 12233 14180 3102 8719 9222 3171 10917 10033 13348 16187 929 8719 4776 10033 16187
7740 5297 11553 13084 10400 15662 13852 11839 5463 4931 6259 10355 10400 13348 16187 16187
3842 3171 2856 11889 4776 12012 16187 3364 11553 12766 926 14029 4776 926 16187 16187
1655 12233 14180 3102 8719 9222 3171 10917 10033 13348 16187 8719 6259 10509 8719 6259
13474 5867 12495 6535 12233 2823 1378 16187 16187 16187 16187 16187 16187 16187 16187 16187
3842 3171 2856 11889 4776 12012 16187 3364 11553 12766 926 14029 4776 926 16187 16187
1655 12233 14180 3102 8719 9222 3171 10917 10033 13348 16187 8719 6259 10509 8719 6259
926 10150 3112 6259 926 3177 6905 2837 926 4776 10217 7897 10051 16187 16187 16187
3842 3171 2856 11889 4776 12012 16187 3364 11553 12766 926 14029 4776 926 16187 16187
1655 12233 14180 3102 8719 9222 3171 10917 10033 13348 16187 929 8719 4776 10033 16187
14069 8710 14691 5545 6390 8719 4776 10033 1957 14180 16187 16187 16187 16187 16187 16187
3842 3171 2856 11889 4776 12012 16187 3364 11553 12766 926 14029 4776 926 16187 16187
1655 12233 14180 3102 8719 9222 3171 10917 10033 13348 16187 929 8719 4776 10033 16187
14234 8885 926 16187 16187 16187 16187 16187 16187 16187 16187 16187 16187 16187 16187 16187
3842 3171 2856 11889 4776 12012 16187 3364 11553 12766 926 14029 4776 926 16187 16187
1655 12233 14180 3102 8719 9222 3171 10917 10033 13348 16187 929 8719 4776 10033 16187
4624 11839 4776 14808 12233 12051 8719 4776 3078 4931 6070 11273 16187 16187 16187 16187
3842 3171 2856 11889 4776 12012 16187 3364 11553 12766 926 14029 4776 926 16187 16187
1655 12233 14180 3102 8719 9222 3171 10917 10033 13348 16187 929 8719 4776 10033 16187
7742 4032 15715 16187 16187 16187 16187 16187 16187 16187 16187 16187 16187 16187 16187 16187
3842 3171 2856 11889 4776 12012 16187 3364 11553 12766 926 14029 4776 926 16187 16187
1655 12233 14180 3102 8719 9222 3171 10917 10033 13348 16187 8719 6259 10509 8719 6259
8712 5867 4537 5329 4032 5937 983 16187 16187 16187 16187 16187 16187 16187 16187 16187
3842 3171 2856 11889 4776 12012 16187 3364 11553 12766 926 14029 4776 926 16187 16187
1655 12233 14180 3102 8719 9222 3171 10917 10033 13348 16187 929 8719 4776 10033 16187
3171 3847 9754 8069 10114 2858 983 2080 15526 8268 2543 12911 3211 16187 16187 16187
3842 3171 2856 11889 4776 12012 16187 3364 11553 12766 926 14029 4776 926 16187 16187
1655 12233 14180 3102 8719 9222 3171 10917 10033 13348 16187 929 8719 4776 10033 16187
5329 2326 16187 16187 16187 16187 16187 16187 16187 16187 16187 16187 16187 16187 16187 16187
3842 3171 2856 11889 4776 12012 16187 3364 11553 12766 926 14029 4776 926 16187 16187
1655 12233 14180 3102 8719 9222 3171 10917 10033 13348 16187 8719 6259 10509 8719 6259
7740 4537 9429 1885 643 8710 1229 6661 14237 13907 9956 16187 16187 16187 16187 16187
3842 3171 2856 11889 4776 12012 16187 3364 11553 12766 926 14029 4776 926 16187 16187
1655 12233 14180 3102 8719 9222 3171 10917 10033 13348 16187 929 8719 4776 10033 16187
4624 14180 11553 14966 11953 703 16187 16187 16187 16187 16187 16187 16187 16187 16187 16187
3842 3171 2856 11889 4776 12012 16187 3364 11553 12766 926 14029 4776 926 16187 16187
1655 12233 14180 3102 8719 9222 3171 10917 10033 13348 16187 929 8719 4776 10033 16187
11719 16187 16187 16187 16187 16187 16187 16187 16187 16187 16187 16187 16187 16187 16187 16187
3842 3171 2856 11889 4776 12012 16187 3364 11553 12766 926 14029 4776 926 16187 16187
1655 12233 14180 3102 8719 9222 3171 10917 10033 13348 16187 929 8719 4776 10033 16187
6826 3177 4776 8846 926 8719 4776 12298 2598 16187 16187 16187 16187 16187 16187 16187
3842 3171 2856 11889 4776 12012 16187 3364 11553 12766 926 14029 4776 926 16187 16187
1655 12233 14180 3102 8719 9222 3171 10917 10033 13348 16187 929 8719 4776 10033 16187
12716 8268 4776 8230 13555 8710 15757 6259 12444 3177 8172 13607 16187 16187 16187 16187
3842 3171 2856 11889 4776 12012 16187 3364 11553 12766 926 14029 4776 926 16187 16187
1655 12233 14180 3102 8719 9222 3171 10917 10033 13348 16187 929 8719 4776 10033 16187
3171 3449 11530 4776 9431 1378 14237 2308 3171 1378 7877 10770 16187 16187 16187 16187
3842 3171 2856 11889 4776 12012 16187 3364 11553 12766 926 14029 4776 926 16187 16187
1655 12233 14180 3102 8719 9222 3171 10917 10033 13348 16187 929 8719 4776 10033 16187
14237 4552 4624 9053 14029 4312 2598 16187 16187 16187 16187 16187 16187 16187 16187 16187
3842 3171 2856 11889 4776 12012 16187 3364 11553 12766 926 14029 4776 926 16187 16187
1655 12233 14180 3102 8719 9222 3171 10917 10033 13348 16187 929 8719 4776 10033 16187
4404 8569 10709 3177 4776 10033 4931 4776 14186 3177 8920 16187 16187 16187 16187 16187
3842 3171 2856 11889 4776 12012 16187 3364 11553 12766 926 14029 4776 926 16187 16187
1655 12233 14180 3102 8719 9222 3171 10917 10033 13348 16187 929 8719 4776 10033 16187
6259 3211 10978 2598 16187 16187 16187 16187 16187 16187 16187 16187 16187 16187 16187 16187
3842 3171 2856 11889 4776 12012 16187 3364 11553 12766 926 14029 4776 926 16187 16187
1655 12233 14180 3102 8719 9222 3171 10917 10033 13348 16187 929 8719 4776 10033 16187
3171 10033 8710 11953 1378 9290 15907 12233 8733 15389 3177 14734 643 16187 16187 16187
3842 3171 2856 11889 4776 12012 16187 3364 11553 12766 926 14029 4776 926 16187 16187
1655 12233 14180 3102 8719 9222 3171 10917 10033 13348 16187 8719 6259 10509 8719 6259
12008 8712 3007 11889 13084 983 6422 1957 14180 10967 13580 4302 12233 547 16187 16187
3842 3171 2856 11889 4776 12012 16187 3364 11553 12766 926 14029 4776 926 16187 16187
1655 12233 14180 3102 8719 9222 3171 10917 10033 13348 16187 929 8719 4776 10033 16187
14691 3364 2823 10150 10967 4776 3299 16187 16187 16187 16187 16187 16187 16187 16187 16187
3842 3171 2856 11889 4776 12012 16187 3364 11553 12766 926 14029 4776 926 16187 16187
1655 12233 14180 3102 8719 9222 3171 10917 10033 13348 16187 929 8719 4776 10033 16187
14272 3364 2823 10355 11953 6259 10398 15987 830 4404 10398 2598 16187 16187 16187 16187
3842 3171 2856 11889 4776 12012 16187 3364 11553 12766 926 14029 4776 926 16187 16187
1655 12233 14180 3102 8719 9222 3171 10917 10033 13348 16187 8719 6259 10509 8719 6259
12958 8710 2844 14237 12349 4776 12489 8268 10967 4776 12835 12233 4776 15513 4152 16187
3842 3171 2856 11889 4776 12012 16187 3364 11553 12766 926 14029 4776 926 16187 16187
1655 12233 14180 3102 8719 9222 3171 10917 10033 13348 16187 929 8719 4776 10033 16187
4776 1754 3177 4776 10033 8710 6259 13341 16187 16187 16187 16187 16187 16187 16187 16187
3842 3171 2856 11889 4776 12012 16187 3364 11553 12766 926 14029 4776 926 16187 16187
1655 12233 14180 3102 8719 9222 3171 10917 10033 13348 16187 8719 6259 10509 8719 6259
7740 11553 1959 3171 10033 12825 12291 16187 16187 16187 16187 16187 16187 16187 16187 16187
3842 3171 2856 11889 4776 12012 16187 3364 11553 12766 926 14029 4776 926 16187 16187
1655 12233 14180 3102 8719 9222 3171 10917 10033 13348 16187 8719 6259 10509 8719 6259
7740 4537 188 12233 1436 7740 1110 2053 9660 1924 3994 16187 16187 16187 16187 16187
3842 3171 2856 11889 4776 12012 16187 3364 11553 12766 926 14029 4776 926 16187 16187
1655 12233 14180 3102 8719 9222 3171 10917 10033 13348 16187 929 8719 4776 10033 16187
6173 16187 16187 16187 16187 16187 16187 16187 16187 16187 16187 16187 16187 16187 16187 16187
3842 3171 2856 11889 4776 12012 16187 3364 11553 12766 926 14029 4776 926 16187 16187
1655 12233 14180 3102 8719 9222 3171 10917 10033 13348 16187 8719 6259 10509 8719 6259
7001 2552 8712 8726 6011 11553 9754 12467 16187 16187 16187 16187 16187 16187 16187 16187
3842 3171 2856 11889 4776 12012 16187 3364 11553 12766 926 14029 4776 926 16187 16187
1655 12233 14180 3102 8719 9222 3171 10917 10033 13348 16187 8719 6259 10509 8719 6259
11439 6096 5388 10036 8719 3171 1378 8268 7926 8710 6259 10602 4406 950 16187 16187
3842 3171 2856 11889 4776 12012 16187 3364 11553 12766 926 14029 4776 926 16187 16187
1655 12233 14180 3102 8719 9222 3171 10917 10033 13348 16187 8719 6259 10509 8719 6259
6173 926 5086 15525 14180 4776 14776 2326 8268 15602 8268 926 16187 16187 16187 16187
3842 3171 2856 11889 4776 12012 16187 3364 11553 12766 926 14029 4776 926 16187 16187
1655 12233 14180 3102 8719 9222 3171 10917 10033 13348 16187 929 8719 4776 10033 16187
4311 7926 926 1919 6259 11769 926 7926 15846 7001 12233 2275 830 6259 12655 16187
3842 3171 2856 11889 4776 12012 16187 3364 11553 12766 926 14029 4776 926 16187 16187
1655 12233 14180 3102 8719 9222 3171 10917 10033 13348 16187 8719 6259 10509 8719 6259
15174 10033 16187 16187 16187 16187 16187 16187 16187 16187 16187 16187 16187 16187 16187 16187
3842 3171 2856 11889 4776 12012 16187 3364 11553 12766 926 14029 4776 926 16187 16187
1655 12233 14180 3102 8719 9222 3171 10917 10033 13348 16187 8719 6259 10509 8719 6259
7740 3364 9429 3177 13084 8270 14247 12233 1378 3177 10566 2590 9288 16187 16187 16187
3842 3171 2856 11889 4776 12012 16187 3364 11553 12766 926 14029 4776 926 16187 16187
1655 12233 14180 3102 8719 9222 3171 10917 10033 13348 16187 8719 6259 10509 8719 6259
9332 9591 12233 1500 15715 15408 3177 4722 2077 12233 9605 12233 4776 10355 14465 16187
3842 3171 2856 11889 4776 12012 16187 3364 11553 12766 926 14029 4776 926 16187 16187
1655 12233 14180 3102 8719 9222 3171 10917 10033 13348 16187 8719 6259 10509 8719 6259
926 13175 8710 9332 14237 939 12233 2823 6259 9154 5646 950 16187 16187 16187 16187
3842 3171 2856 11889 4776 12012 16187 3364 11553 12766 926 14029 4776 926 16187 16187
1655 12233 14180 3102 8719 9222 3171 10917 10033 13348 16187 929 8719 4776 10033 16187
7740 3364 9754 6276 12008 9429 4149 10246 6689 2712 3171 2563 16187 16187 16187 16187
3842 3171 2856 11889 4776 12012 16187 3364 11553 12766 926 14029 4776 926 16187 16187
1655 12233 14180 3102 8719 9222 3171 10917 10033 13348 16187 8719 6259 10509 8719 6259
926 8746 1885 926 926 8268 8719 4776 5509 3177 926 6359 16187 16187 16187 16187
3842 3171 2856 11889 4776 12012 16187 3364 11553 12766 926 14029 4776 926 16187 16187
1655 12233 14180 3102 8719 9222 3171 10917 10033 13348 16187 8719 6259 10509 8719 6259
9063 8268 7206 12790 5867 795 14237 5580 2790 5257 3177 7151 16187 16187 16187 16187
3842 3171 2856 11889 4776 12012 16187 3364 11553 12766 926 14029 4776 926 16187 16187
1655 12233 14180 3102 8719 9222 3171 10917 10033 13348 16187 929 8719 4776 10033 16187
8712 5867 6259 6140 10978 5463 11301 10781 6070 7742 14237 8710 6070 5217 15902 16187
3842 3171 2856 11889 4776 12012 16187 3364 11553 12766 926 14029 4776 926 16187 16187
1655 12233 14180 3102 8719 9222 3171 10917 10033 13348 16187 929 8719 4776 10033 16187
4624 13949 9498 14180 4990 12233 15956 16187 16187 16187 16187 16187 16187 16187 16187 16187
3842 3171 2856 11889 4776 12012 16187 3364 11553 12766 926 14029 4776 926 16187 16187
1655 12233 14180 3102 8719 9222 3171 10917 10033 13348 16187 929 8719 4776 10033 16187
12233 8733 703 816 8268 926 11461 14734 14164 7685 926 1019 926 926 6173 16187
3842 3171 2856 11889 4776 12012 16187 3364 11553 12766 926 14029 4776 926 16187 16187
1655 12233 14180 3102 8719 9222 3171 10917 10033 13348 16187 8719 6259 10509 8719 6259
14069 8710 13084 16041 2903 4240 6011 11553 12766 926 8719 4776 13034 13348 16187 16187
3842 3171 2856 11889 4776 12012 16187 3364 11553 12766 926 14029 4776 926 16187 16187
1655 12233 14180 3102 8719 9222 3171 10917 10033 13348 16187 929 8719 4776 10033 16187
926 4931 6297 6535 3777 8719 9192 4776 7140 926 91 16187 16187 16187 16187 16187
3842 3171 2856 11889 4776 12012 16187 3364 11553 12766 926 14029 4776 926 16187 16187
1655 12233 14180 3102 8719 9222 3171 10917 10033 13348 16187 8719 6259 10509 8719 6259
1543 4552 6011 9429 5463 12706 779 12766 2598 16187 16187 16187 16187 16187 16187 16187
3842 3171 2856 11889 4776 12012 16187 3364 11553 12766 926 14029 4776 926 16187 16187
1655 12233 14180 3102 8719 9222 3171 10917 10033 13348 16187 929 8719 4776 10033 16187
7508 8268 12654 14734 14186 3177 11954 11198 8268 14734 954 8710 3335 16187 16187 16187
3842 3171 2856 11889 4776 12012 16187 3364 11553 12766 926 14029 4776 926 16187 16187
1655 12233 14180 3102 8719 9222 3171 10917 10033 13348 16187 929 8719 4776 10033 16187
4776 8521 8710 1378 3177 4776 8185 11998 4710 16187 16187 16187 16187 16187 16187 16187
3842 3171 2856 11889 4776 12012 16187 3364 11553 12766 926 14029 4776 926 16187 16187
1655 12233 14180 3102 8719 9222 3171 10917 10033 13348 16187 929 8719 4776 10033 16187
12008 5297 10770 14237 8719 1378 2037 8268 13266 7749 16187 16187 16187 16187 16187 16187
3842 3171 2856 11889 4776 12012 16187 3364 11553 12766 926 14029 4776 926 16187 16187
1655 12233 14180 3102 8719 9222 3171 10917 10033 13348 16187 929 8719 4776 10033 16187
4776 8928 7829 8344 12982 14237 926 14776 8423 450 16187 16187 16187 16187 16187 16187
3842 3171 2856 11889 4776 12012 16187 3364 11553 12766 926 14029 4776 926 16187 16187
1655 12233 14180 3102 8719 9222 3171 10917 10033 13348 16187 8719 6259 10509 8719 6259
2446 8268 8719 4776 10442 4776 15064 3847 9754 4189 6070 7742 16187 16187 16187 16187
3842 3171 2856 11889 4776 12012 16187 3364 11553 12766 926 14029 4776 926 16187 16187
1655 12233 14180 3102 8719 9222 3171 10917 10033 13348 16187 929 8719 4776 10033 16187
9089 2373 13805 926 4931 7145 6499 926 926 8710 6181 16187 16187 16187 16187 16187
3842 3171 2856 11889 4776 12012 16187 3364 11553 12766 926 14029 4776 926 16187 16187
1655 12233 14180 3102 8719 9222 3171 10917 10033 13348 16187 8719 6259 10509 8719 6259
12716 8268 4776 9339 12835 9498 14591 8268 14237 868 6259 11917 10836 16187 16187 16187
3842 3171 2856 11889 4776 12012 16187 3364 11553 12766 926 14029 4776 926 16187 16187
1655 12233 14180 3102 8719 9222 3171 10917 10033 13348 16187 8719 6259 10509 8719 6259
15036 8268 8719 2093 12233 14734 564 14362 4189 8268 8710 6259 5820 3886 16187 16187
3842 3171 2856 11889 4776 12012 16187 3364 11553 12766 926 14029 4776 926 16187 16187
1655 12233 14180 3102 8719 9222 3171 10917 10033 13348 16187 8719 6259 10509 8719 6259
14237 15870 8712 9084 16187 16187 16187 16187 16187 16187 16187 16187 16187 16187 16187 16187
3842 3171 2856 11889 4776 12012 16187 3364 11553 12766 926 14029 4776 926 16187 16187
1655 12233 14180 3102 8719 9222 3171 10917 10033 13348 16187 929 8719 4776 10033 16187
10719 2053 7743 14112 3994 8268 4624 11031 10523 1019 2598 16187 16187 16187 16187 16187
3842 3171 2856 11889 4776 12012 16187 3364 11553 12766 926 14029 4776 926 16187 16187
1655 12233 14180 3102 8719 9222 3171 10917 10033 13348 16187 8719 6259 10509 8719 6259
15870 8268 12008 8712 5867 5046 6186 12233 3322 16187 16187 16187 16187 16187 16187 16187
3842 3171 2856 11889 4776 12012 16187 3364 11553 12766 926 14029 4776 926 16187 16187
1655 12233 14180 3102 8719 9222 3171 10917 10033 13348 16187 929 8719 4776 10033 16187
1955 7740 8592 8268 3171 1378 8710 226 12233 3818 6259 8974 16187 16187 16187 16187
3842 3171 2856 11889 4776 12012 16187 3364 11553 12766 926 14029 4776 926 16187 16187
1655 12233 14180 3102 8719 9222 3171 10917 10033 13348 16187 929 8719 4776 10033 16187
14691 12495 12349 4776 12489 16187 16187 16187 16187 16187 16187 16187 16187 16187 16187 16187
3842 3171 2856 11889 4776 12012 16187 3364 11553 12766 926 14029 4776 926 16187 16187
1655 12233 14180 3102 8719 9222 3171 10917 10033 13348 16187 8719 6259 10509 8719 6259
2522 15475 8710 5176 6974 16187 16187 16187 16187 16187 16187 16187 16187 16187 16187 16187
3842 3171 2856 11889 4776 12012 16187 3364 11553 12766 926 14029 4776 926 16187 16187
1655 12233 14180 3102 8719 9222 3171 10917 10033 13348 16187 929 8719 4776 10033 16187
5568 6664 16187 16187 16187 16187 16187 16187 16187 16187 16187 16187 16187 16187 16187 16187
3842 3171 2856 11889 4776 12012 16187 3364 11553 12766 926 14029 4776 926 16187 16187
1655 12233 14180 3102 8719 9222 3171 10917 10033 13348 16187 8719 6259 10509 8719 6259
1543 8710 14180 3171 9831 10299 10967 16187 16187 16187 16187 16187 16187 16187 16187 16187
3842 3171 2856 11889 4776 12012 16187 3364 11553 12766 926 14029 4776 926 16187 16187
1655 12233 14180 3102 8719 9222 3171 10917 10033 13348 16187 8719 6259 10509 8719 6259
7740 771 12773 6259 11117 16187 16187 16187 16187 16187 16187 16187 16187 16187 16187 16187
3842 3171 2856 11889 4776 12012 16187 3364 11553 12766 926 14029 4776 926 16187 16187
1655 12233 14180 3102 8719 9222 3171 10917 10033 13348 16187 929 8719 4776 10033 16187
7879 777 5999 14237 15721 14776 5329 777 13592 2148 16187 16187 16187 16187 16187 16187
3842 3171 2856 11889 4776 12012 16187 3364 11553 12766 926 14029 4776 926 16187 16187
1655 12233 14180 3102 8719 9222 3171 10917 10033 13348 16187 8719 6259 10509 8719 6259
12990 8268 830 13084 1142 6378 8268 926 926 7076 6259 926 16187 16187 16187 16187
3842 3171 2856 11889 4776 12012 16187 3364 11553 12766 926 14029 4776 926 16187 16187
1655 12233 14180 3102 8719 9222 3171 10917 10033 13348 16187 929 8719 4776 10033 16187
4713 8268 926 8268 926 16187 16187 16187 16187 16187 16187 16187 16187 16187 16187 16187
3842 3171 2856 11889 4776 12012 16187 3364 11553 12766 926 14029 4776 926 16187 16187
1655 12233 14180 3102 8719 9222 3171 10917 10033 13348 16187 8719 6259 10509 8719 6259
3171 8710 6259 8974 9405 2563 1955 8712 8710 10518 12233 2823 16187 16187 16187 16187
3842 3171 2856 11889 4776 12012 16187 3364 11553 12766 926 14029 4776 926 16187 16187
1655 12233 14180 3102 8719 9222 3171 10917 10033 13348 16187 8719 6259 10509 8719 6259
7740 608 1885 8726 13474 4931 899 13474 926 899 13474 4931 3192 2598 16187 16187
3842 3171 2856 11889 4776 12012 16187 3364 11553 12766 926 14029 4776 926 16187 16187
1655 12233 14180 3102 8719 9222 3171 10917 10033 13348 16187 8719 6259 10509 8719 6259
6280 12233 2823 8719 4776 4443 7648 9847 1955 6259 63 13422 14029 9847 4832 16187
3842 3171 2856 11889 4776 12012 16187 3364 11553 12766 926 14029 4776 926 16187 16187
1655 12233 14180 3102 8719 9222 3171 10917 10033 13348 16187 8719 6259 10509 8719 6259
6421 7118 5463 6116 188 14237 12149 16187 16187 16187 16187 16187 16187 16187 16187 16187
3842 3171 2856 11889 4776 12012 16187 3364 11553 12766 926 14029 4776 926 16187 16187
1655 12233 14180 3102 8719 9222 3171 10917 10033 13348 16187 929 8719 4776 10033 16187
2823 11072 8268 10298 15846 12596 16187 16187 16187 16187 16187 16187 16187 16187 16187 16187
3842 3171 2856 11889 4776 12012 16187 3364 11553 12766 926 14029 4776 926 16187 16187
1655 12233 14180 3102 8719 9222 3171 10917 10033 13348 16187 8719 6259 10509 8719 6259
9450 14362 16187 16187 16187 16187 16187 16187 16187 16187 16187 16187 16187 16187 16187 16187
3842 3171 2856 11889 4776 12012 16187 3364 11553 12766 926 14029 4776 926 16187 16187
1655 12233 14180 3102 8719 9222 3171 10917 10033 13348 16187 8719 6259 10509 8719 6259
4624 11553 6259 9290 14237 14164 8268 1954 926 926 8268 14237 6259 9139 16187 16187
3842 3171 2856 11889 4776 12012 16187 3364 11553 12766 926 14029 4776 926 16187 16187
1655 12233 14180 3102 8719 9222 3171 10917 10033 13348 16187 929 8719 4776 10033 16187
1350 5463 4776 15416 5629 9059 14237 14734 2149 875 8089 5286 16187 16187 16187 16187
3842 3171 2856 11889 4776 12012 16187 3364 11553 12766 926 14029 4776 926 16187 16187
1655 12233 14180 3102 8719 9222 3171 10917 10033 13348 16187 929 8719 4776 10033 16187
8726 6011 188 6259 3098 15208 6255 14596 8268 2696 6694 926 14237 12351 5867 16187
3842 3171 2856 11889 4776 12012 16187 3364 11553 12766 926 14029 4776 926 16187 16187
1655 12233 14180 3102 8719 9222 3171 10917 10033 13348 16187 8719 6259 10509 8719 6259
8712 4931 6070 630 6259 8808 9809 10033 16187 16187 16187 16187 16187 16187 16187 16187
3842 3171 2856 11889 4776 12012 16187 3364 11553 12766 926 14029 4776 926 16187 16187
1655 12233 14180 3102 8719 9222 3171 10917 10033 13348 16187 929 8719 4776 10033 16187
8017 3117 8268 3030 3171 1919 6259 13094 8710 4537 6259 13084 13084 16187 16187 16187
3842 3171 2856 11889 4776 12012 16187 3364 11553 12766 926 14029 4776 926 16187 16187
1655 12233 14180 3102 8719 9222 3171 10917 10033 13348 16187 8719 6259 10509 8719 6259
7926 5867 4776 5568 1378 15658 6281 2903 4776 1138 11247 5711 7637 16187 16187 16187
3842 3171 2856 11889 4776 12012 16187 3364 11553 12766 926 14029 4776 926 16187 16187
1655 12233 14180 3102 8719 9222 3171 10917 10033 13348 16187 8719 6259 10509 8719 6259
9850 16187 16187 16187 16187 16187 16187 16187 16187 16187 16187 16187 16187 16187 16187 16187
3842 3171 2856 11889 4776 12012 16187 3364 11553 12766 926 14029 4776 926 16187 16187
1655 12233 14180 3102 8719 9222 3171 10917 10033 13348 16187 8719 6259 10509 8719 6259
8099 8268 926 8268 14237 11191 12260 10603 1486 12233 926 15165 14237 3553 16187 16187
3842 3171 2856 11889 4776 12012 16187 3364 11553 12766 926 14029 4776 926 16187 16187
1655 12233 14180 3102 8719 9222 3171 10917 10033 13348 16187 929 8719 4776 10033 16187
2263 11889 15715 5937 7981 14029 7829 3059 16187 16187 16187 16187 16187 16187 16187 16187
3842 3171 2856 11889 4776 12012 16187 3364 11553 12766 926 14029 4776 926 16187 16187
1655 12233 14180 3102 8719 9222 3171 10917 10033 13348 16187 929 8719 4776 10033 16187
3171 8710 1378 3177 4776 564 926 3177 14180 983 16187 16187 16187 16187 16187 16187
3842 3171 2856 11889 4776 12012 16187 3364 11553 12766 926 14029 4776 926 16187 16187
1655 12233 14180 3102 8719 9222 3171 10917 10033 13348 16187 929 8719 4776 10033 16187
1866 8268 4624 14247 6011 13348 16187 16187 16187 16187 16187 16187 16187 16187 16187 16187
3842 3171 2856 11889 4776 12012 16187 3364 11553 12766 926 14029 4776 926 16187 16187
1655 12233 14180 3102 8719 9222 3171 10917 10033 13348 16187 8719 6259 10509 8719 6259
4776 13829 4931 4537 6259 8823 3177 4776 2563 16187 16187 16187 16187 16187 16187 16187
3842 3171 2856 11889 4776 12012 16187 3364 11553 12766 926 14029 4776 926 16187 16187
1655 12233 14180 3102 8719 9222 3171 10917 10033 13348 16187 929 8719 4776 10033 16187
4776 926 15928 926 8268 1138 12008 2977 926 8710 1954 13348 5711 16187 16187 16187
3842 3171 2856 11889 4776 12012 16187 3364 11553 12766 926 14029 4776 926 16187 16187
1655 12233 14180 3102 8719 9222 3171 10917 10033 13348 16187 8719 6259 10509 8719 6259
1350 5463 14180 4776 926 5463 9498 10160 926 817 8268 14180 13081 12006 8081 16187
3842 3171 2856 11889 4776 12012 16187 3364 11553 12766 926 14029 4776 926 16187 16187
1655 12233 14180 3102 8719 9222 3171 10917 10033 13348 16187 8719 6259 10509 8719 6259
3171 4931 6259 10770 476 10967 3137 14514 5867 564 13555 16187 16187 16187 16187 16187
3842 3171 2856 11889 4776 12012 16187 3364 11553 12766 926 14029 4776 926 16187 16187
1655 12233 14180 3102 8719 9222 3171 10917 10033 13348 16187 8719 6259 10509 8719 6259
14237 6011 15956 5463 3644 9754 2823 8569 16187 16187 16187 16187 16187 16187 16187 16187
3842 3171 2856 11889 4776 12012 16187 3364 11553 12766 926 14029 4776 926 16187 16187
1655 12233 14180 3102 8719 9222 3171 10917 10033 13348 16187 8719 6259 10509 8719 6259
8712 6546 11889 7926 5867 326 6430 14112 16187 16187 16187 16187 16187 16187 16187 16187
3842 3171 2856 11889 4776 12012 16187 3364 11553 12766 926 14029 4776 926 16187 16187
1655 12233 14180 3102 8719 9222 3171 10917 10033 13348 16187 8719 6259 10509 8719 6259
8712 4931 4776 6683 3177 4776 2563 5463 1433 4312 3748 16187 16187 16187 16187 16187
3842 3171 2856 11889 4776 12012 16187 3364 11553 12766 926 14029 4776 926 16187 16187
1655 12233 14180 3102 8719 9222 3171 10917 10033 13348 16187 8719 6259 10509 8719 6259
830 4776 16112 4776 926 14281 779 3040 2713 10566 3177 4312 926 12233 5463 16187
3842 3171 2856 11889 4776 12012 16187 3364 11553 12766 926 14029 4776 926 16187 16187
1655 12233 14180 3102 8719 9222 3171 10917 10033 13348 16187 929 8719 4776 10033 16187
1229 14069 5867 2326 4487 12233 8191 8630 16187 16187 16187 16187 16187 16187 16187 16187
3842 3171 2856 11889 4776 12012 16187 3364 11553 12766 926 14029 4776 926 16187 16187
1655 12233 14180 3102 8719 9222 3171 10917 10033 13348 16187 8719 6259 10509 8719 6259
10619 9484 16187 16187 16187 16187 16187 16187 16187 16187 16187 16187 16187 16187 16187 16187
3842 3171 2856 11889 4776 12012 16187 3364 11553 12766 926 14029 4776 926 16187 16187
1655 12233 14180 3102 8719 9222 3171 10917 10033 13348 16187 8719 6259 10509 8719 6259
14237 3171 10033 4931 9754 5463 16187 16187 16187 16187 16187 16187 16187 16187 16187 16187
3842 3171 2856 11889 4776 12012 16187 3364 11553 12766 926 14029 4776 926 16187 16187
1655 12233 14180 3102 8719 9222 3171 10917 10033 13348 16187 8719 6259 10509 8719 6259
1378 8710 4776 926 5186 830 2263 7855 11434 3177 3080 3192 12135 10051 16187 16187
3842 3171 2856 11889 4776 12012 16187 3364 11553 12766 926 14029 4776 926 16187 16187
1655 12233 14180 3102 8719 9222 3171 10917 10033 13348 16187 929 8719 4776 10033 16187
7740 1110 8712 15978 3177 2263 5404 13094 14237 795 12835 16187 16187 16187 16187 16187
3842 3171 2856 11889 4776 12012 16187 3364 11553 12766 926 14029 4776 926 16187 16187
1655 12233 14180 3102 8719 9222 3171 10917 10033 13348 16187 929 8719 4776 10033 16187
7740 2383 8712 11118 12233 11553 6259 8264 12133 1919 4776 9290 8268 12495 16187 16187
3842 3171 2856 11889 4776 12012 16187 3364 11553 12766 926 14029 4776 926 16187 16187
1655 12233 14180 3102 8719 9222 3171 10917 10033 13348 16187 8719 6259 10509 8719 6259
1955 12233 4776 132 8268 5297 3098 16187 16187 16187 16187 16187 16187 16187 16187 16187
3842 3171 2856 11889 4776 12012 16187 3364 11553 12766 926 14029 4776 926 16187 16187
1655 12233 14180 3102 8719 9222 3171 10917 10033 13348 16187 8719 6259 10509 8719 6259
7740 11839 4776 2002 4931 6297 1344 12606 14237 771 1344 6259 10355 14596 16187 16187
3842 3171 2856 11889 4776 12012 16187 3364 11553 12766 926 14029 4776 926 16187 16187
1655 12233 14180 3102 8719 9222 3171 10917 10033 13348 16187 929 8719 4776 10033 16187
1543 4931 12276 926 926 5404 8808 2598 16187 16187 16187 16187 16187 16187 16187 16187
3842 3171 2856 11889 4776 12012 16187 3364 11553 12766 926 14029 4776 926 16187 16187
1655 12233 14180 3102 8719 9222 3171 10917 10033 13348 16187 8719 6259 10509 8719 6259
8554 10711 4776 9790 12666 2856 13348 16187 16187 16187 16187 16187 16187 16187 16187 16187
3842 3171 2856 11889 4776 12012 16187 3364 11553 12766 926 14029 4776 926 16187 16187
1655 12233 14180 3102 8719 9222 3171 10917 10033 13348 16187 8719 6259 10509 8719 6259
1138 11453 9583 5711 8710 2148 315 512 7314 16187 16187 16187 16187 16187 16187 16187
3842 3171 2856 11889 4776 12012 16187 3364 11553 12766 926 14029 4776 926 16187 16187
1655 12233 14180 3102 8719 9222 3171 10917 10033 13348 16187 8719 6259 10509 8719 6259
4776 2894 5629 12478 14237 4994 8710 3070 9480 8719 926 5867 9682 4557 8061 16187
3842 3171 2856 11889 4776 12012 16187 3364 11553 12766 926 14029 4776 926 16187 16187
1655 12233 14180 3102 8719 9222 3171 10917 10033 13348 16187 929 8719 4776 10033 16187
4727 8268 7740 1444 10324 8712 14180 16187 16187 16187 16187 16187 16187 16187 16187 16187
3842 3171 2856 11889 4776 12012 16187 3364 11553 12766 926 14029 4776 926 16187 16187
1655 12233 14180 3102 8719 9222 3171 10917 10033 13348 16187 8719 6259 10509 8719 6259
13089 10496 8368 12233 11553 5713 15180 4776 2563 15881 8069 2148 9332 16187 16187 16187
3842 3171 2856 11889 4776 12012 16187 3364 11553 12766 926 14029 4776 926 16187 16187
1655 12233 14180 3102 8719 9222 3171 10917 10033 13348 16187 929 8719 4776 10033 16187
6594 16187 16187 16187 16187 16187 16187 16187 16187 16187 16187 16187 16187 16187 16187 16187
3842 3171 2856 11889 4776 12012 16187 3364 11553 12766 926 14029 4776 926 16187 16187
1655 12233 14180 3102 8719 9222 3171 10917 10033 13348 16187 8719 6259 10509 8719 6259
4776 2211 8368 9666 820 16187 16187 16187 16187 16187 16187 16187 16187 16187 16187 16187
3842 3171 2856 11889 4776 12012 16187 3364 11553 12766 926 14029 4776 926 16187 16187
1655 12233 14180 3102 8719 9222 3171 10917 10033 13348 16187 929 8719 4776 10033 16187
4776 12835 14776 5297 2256 3175 12008 7740 4552 5407 11953 4312 16187 16187 16187 16187
3842 3171 2856 11889 4776 12012 16187 3364 11553 12766 926 14029 4776 926 16187 16187
1655 12233 14180 3102 8719 9222 3171 10917 10033 13348 16187 8719 6259 10509 8719 6259
14237 9429 16187 16187 16187 16187 16187 16187 16187 16187 16187 16187 16187 16187 16187 16187
3842 3171 2856 11889 4776 12012 16187 3364 11553 12766 926 14029 4776 926 16187 16187
1655 12233 14180 3102 8719 9222 3171 10917 10033 13348 16187 929 8719 4776 10033 16187
7740 12260 1944 5463 4776 2563 9277 6683 926 8268 12008 8712 5867 5329 16187 16187
3842 3171 2856 11889 4776 12012 16187 3364 11553 12766 926 14029 4776 926 16187 16187
1655 12233 14180 3102 8719 9222 3171 10917 10033 13348 16187 8719 6259 10509 8719 6259
12233 1436 8712 8710 926 8710 1954 9937 16187 16187 16187 16187 16187 16187 16187 16187
3842 3171 2856 11889 4776 12012 16187 3364 11553 12766 926 14029 4776 926 16187 16187
1655 12233 14180 3102 8719 9222 3171 10917 10033 13348 16187 929 8719 4776 10033 16187
4776 2191 3177 7804 8710 4453 16187 16187 16187 16187 16187 16187 16187 16187 16187 16187
3842 3171 2856 11889 4776 12012 16187 3364 11553 12766 926 14029 4776 926 16187 16187
1655 12233 14180 3102 8719 9222 3171 10917 10033 13348 16187 8719 6259 10509 8719 6259
12008 8712 926 5852 8712 4931 3098 16187 16187 16187 16187 16187 16187 16187 16187 16187
3842 3171 2856 11889 4776 12012 16187 3364 11553 12766 926 14029 4776 926 16187 16187
1655 12233 14180 3102 8719 9222 3171 10917 10033 13348 16187 8719 6259 10509 8719 6259
7740 13081 8712 2903 8268 14237 8712 13081 6535 926 3994 14834 16187 16187 16187 16187
3842 3171 2856 11889 4776 12012 16187 3364 11553 12766 926 14029 4776 926 16187 16187
1655 12233 14180 3102 8719 9222 3171 10917 10033 13348 16187 929 8719 4776 10033 16187
5463 8710 8268 137 7926 8746 8300 16187 16187 16187 16187 16187 16187 16187 16187 16187
3842 3171 2856 11889 4776 12012 16187 3364 11553 12766 926 14029 4776 926 16187 16187
1655 12233 14180 3102 8719 9222 3171 10917 10033 13348 16187 929 8719 4776 10033 16187
7740 1951 14364 4325 9084 9754 926 12233 12233 5055 16187 16187 16187 16187 16187 16187
3842 3171 2856 11889 4776 12012 16187 3364 11553 12766 926 14029 4776 926 16187 16187
1655 12233 14180 3102 8719 9222 3171 10917 10033 13348 16187 8719 6259 10509 8719 6259
8489 16076 926 4931 3098 8719 3171 2563 13348 16187 16187 16187 16187 16187 16187 16187
3842 3171 2856 11889 4776 12012 16187 3364 11553 12766 926 14029 4776 926 16187 16187
1655 12233 14180 3102 8719 9222 3171 10917 10033 13348 16187 8719 6259 10509 8719 6259
14237 8798 14237 8798 7740 2326 4531 3171 10033 7508 13348 16187 16187 16187 16187 16187
3842 3171 2856 11889 4776 12012 16187 3364 11553 12766 926 14029 4776 926 16187 16187
1655 12233 14180 3102 8719 9222 3171 10917 10033 13348 16187 929 8719 4776 10033 16187
9563 3962 12233 1138 4776 2588 13103 9577 5711 16187 16187 16187 16187 16187 16187 16187
3842 3171 2856 11889 4776 12012 16187 3364 11553 12766 926 14029 4776 926 16187 16187
1655 12233 14180 3102 8719 9222 3171 10917 10033 13348 16187 929 8719 4776 10033 16187
1811 1019 926 926 6173 8710 11039 3177 1515 9230 16187 16187 16187 16187 16187 16187
3842 3171 2856 11889 4776 12012 16187 3364 11553 12766 926 14029 4776 926 16187 16187
1655 12233 14180 3102 8719 9222 3171 10917 10033 13348 16187 929 8719 4776 10033 16187
8712 5867 11889 4776 6006 2176 8268 4328 8268 9573 14237 1940 16187 16187 16187 16187
3842 3171 2856 11889 4776 12012 16187 3364 11553 12766 926 14029 4776 926 16187 16187
1655 12233 14180 3102 8719 9222 3171 10917 10033 13348 16187 929 8719 4776 10033 16187
7742 16105 2122 10033 8093 5853 5656 5022 16187 16187 16187 16187 16187 16187 16187 16187
3842 3171 2856 11889 4776 12012 16187 3364 11553 12766 926 14029 4776 926 16187 16187
1655 12233 14180 3102 8719 9222 3171 10917 10033 13348 16187 8719 6259 10509 8719 6259
8712 4931 14834 14237 3335 8268 7740 3364 9754 8554 10953 16187 16187 16187 16187 16187
3842 3171 2856 11889 4776 12012 16187 3364 11553 12766 926 14029 4776 926 16187 16187
1655 12233 14180 3102 8719 9222 3171 10917 10033 13348 16187 929 8719 4776 10033 16187
8712 8710 9332 5463 4776 926 3177 4776 100 8710 4776 1378 926 830 926 16187
3842 3171 2856 11889 4776 12012 16187 3364 11553 12766 926 14029 4776 926 16187 16187
1655 12233 14180 3102 8719 9222 3171 10917 10033 13348 16187 8719 6259 10509 8719 6259
7740 8268 14029 4776 16146 4751 8268 1959 8712 8656 2148 12291 16187 16187 16187 16187
3842 3171 2856 11889 4776 12012 16187 3364 11553 12766 926 14029 4776 926 16187 16187
1655 12233 14180 3102 8719 9222 3171 10917 10033 13348 16187 8719 6259 10509 8719 6259
1378 3177 12276 926 16187 16187 16187 16187 16187 16187 16187 16187 16187 16187 16187 16187
3842 3171 2856 11889 4776 12012 16187 3364 11553 12766 926 14029 4776 926 16187 16187
1655 12233 14180 3102 8719 9222 3171 10917 10033 13348 16187 8719 6259 10509 8719 6259
10669 4552 13077 8712 15525 8726 6011 9605 4776 3984 16187 16187 16187 16187 16187 16187
3842 3171 2856 11889 4776 12012 16187 3364 11553 12766 926 14029 4776 926 16187 16187
1655 12233 14180 3102 8719 9222 3171 10917 10033 13348 16187 929 8719 4776 10033 16187
12855 926 926 5867 63 10033 4931 15142 12495 630 6529 16187 16187 16187 16187 16187
3842 3171 2856 11889 4776 12012 16187 3364 11553 12766 926 14029 4776 926 16187 16187
1655 12233 14180 3102 8719 9222 3171 10917 10033 13348 16187 929 8719 4776 10033 16187
8712 5623 9070 16187 16187 16187 16187 16187 16187 16187 16187 16187 16187 16187 16187 16187
3842 3171 2856 11889 4776 12012 16187 3364 11553 12766 926 14029 4776 926 16187 16187
1655 12233 14180 3102 8719 9222 3171 10917 10033 13348 16187 929 8719 4776 10033 16187
926 926 5447 12276 10211 16187 16187 16187 16187 16187 16187 16187 16187 16187 16187 16187
3842 3171 2856 11889 4776 12012 16187 3364 11553 12766 926 14029 4776 926 16187 16187
1655 12233 14180 3102 8719 9222 3171 10917 10033 13348 16187 929 8719 4776 10033 16187
15416 8710 10545 10967 4776 3261 3177 4776 6161 6975 16187 16187 16187 16187 16187 16187
3842 3171 2856 11889 4776 12012 16187 3364 11553 12766 926 14029 4776 926 16187 16187
1655 12233 14180 3102 8719 9222 3171 10917 10033 13348 16187 929 8719 4776 10033 16187
5463 12232 2823 7254 13348 16187 16187 16187 16187 16187 16187 16187 16187 16187 16187 16187
3842 3171 2856 11889 4776 12012 16187 3364 11553 12766 926 14029 4776 926 16187 16187
1655 12233 14180 3102 8719 9222 3171 10917 10033 13348 16187 8719 6259 10509 8719 6259
8726 6011 6635 4776 15595 8268 6011 15846 5329 2823 9872 16187 16187 16187 16187 16187
3842 3171 2856 11889 4776 12012 16187 3364 11553 12766 926 14029 4776 926 16187 16187
1655 12233 14180 3102 8719 9222 3171 10917 10033 13348 16187 929 8719 4776 10033 16187
5434 6259 926 2598 16187 16187 16187 16187 16187 16187 16187 16187 16187 16187 16187 16187
3842 3171 2856 11889 4776 12012 16187 3364 11553 12766 926 14029 4776 926 16187 16187
1655 12233 14180 3102 8719 9222 3171 10917 10033 13348 16187 8719 6259 10509 8719 6259
9084 7926 9289 2903 13907 2752 14237 8719 6061 5407 1955 8712 8710 8625 2598 16187
3842 3171 2856 11889 4776 12012 16187 3364 11553 12766 926 14029 4776 926 16187 16187
1655 12233 14180 3102 8719 9222 3171 10917 10033 13348 16187 929 8719 4776 10033 16187
8719 2037 6011 11031 8081 12233 3171 94 8268 3238 9070 12233 926 6011 16187 16187
3842 3171 2856 11889 4776 12012 16187 3364 11553 12766 926 14029 4776 926 16187 16187
1655 12233 14180 3102 8719 9222 3171 10917 10033 13348 16187 8719 6259 10509 8719 6259
8712 2326 4537 3391 12276 8456 5463 703 11889 3171 9605 16105 16187 16187 16187 16187
3842 3171 2856 11889 4776 12012 16187 3364 11553 12766 926 14029 4776 926 16187 16187
1655 12233 14180 3102 8719 9222 3171 10917 10033 13348 16187 929 8719 4776 10033 16187
4261 8712 14029 5463 13182 14237 6011 16138 12149 8712 16187 16187 16187 16187 16187 16187
3842 3171 2856 11889 4776 12012 16187 3364 11553 12766 926 14029 4776 926 16187 16187
1655 12233 14180 3102 8719 9222 3171 10917 10033 13348 16187 8719 6259 10509 8719 6259
830 9743 15658 188 12233 15956 7926 4931 10355 12008 5329 3098 16187 16187 16187 16187
3842 3171 2856 11889 4776 12012 16187 3364 11553 12766 926 14029 4776 926 16187 16187
1655 12233 14180 3102 8719 9222 3171 10917 10033 13348 16187 8719 6259 10509 8719 6259
8712 3112 6011 9640 203 8569 6011 2326 11553 8712 2466 16187 16187 16187 16187 16187
3842 3171 2856 11889 4776 12012 16187 3364 11553 12766 926 14029 4776 926 16187 16187
1655 12233 14180 3102 8719 9222 3171 10917 10033 13348 16187 929 8719 4776 10033 16187
7740 4552 9754 11889 4776 4927 15597 10490 15452 8268 12576 16187 16187 16187 16187 16187
3842 3171 2856 11889 4776 12012 16187 3364 11553 12766 926 14029 4776 926 16187 16187
1655 12233 14180 3102 8719 9222 3171 10917 10033 13348 16187 929 8719 4776 10033 16187
4776 9040 8710 5297 391 15978 14734 875 779 2060 4776 926 14976 16187 16187 16187
3842 3171 2856 11889 4776 12012 16187 3364 11553 12766 926 14029 4776 926 16187 16187
1655 12233 14180 3102 8719 9222 3171 10917 10033 13348 16187 929 8719 4776 10033 16187
11394 3887 12531 16187 16187 16187 16187 16187 16187 16187 16187 16187 16187 16187 16187 16187
3842 3171 2856 11889 4776 12012 16187 3364 11553 12766 926 14029 4776 926 16187 16187
1655 12233 14180 3102 8719 9222 3171 10917 10033 13348 16187 929 8719 4776 10033 16187
926 1799 8245 4931 7742 7926 4931 926 1799 8245 16187 16187 16187 16187 16187 16187
3842 3171 2856 11889 4776 12012 16187 3364 11553 12766 926 14029 4776 926 16187 16187
1655 12233 14180 3102 8719 9222 3171 10917 10033 13348 16187 8719 6259 10509 8719 6259
4325 14180 14776 5176 13875 8268 9332 14237 11553 6259 2191 3177 9640 16187 16187 16187
3842 3171 2856 11889 4776 12012 16187 3364 11553 12766 926 14029 4776 926 16187 16187
1655 12233 14180 3102 8719 9222 3171 10917 10033 13348 16187 929 8719 4776 10033 16187
4776 10566 854 10810 4931 4776 7269 4924 8719 4776 11306 3177 10607 16187 16187 16187
3842 3171 2856 11889 4776 12012 16187 3364 11553 12766 926 14029 4776 926 16187 16187
1655 12233 14180 3102 8719 9222 3171 10917 10033 13348 16187 8719 6259 10509 8719 6259
3171 2563 779 3818 1954 1846 14038 8719 830 14272 8710 3098 11953 5530 16187 16187
3842 3171 2856 11889 4776 12012 16187 3364 11553 12766 926 14029 4776 926 16187 16187
1655 12233 14180 3102 8719 9222 3171 10917 10033 13348 16187 8719 6259 10509 8719 6259
3171 8710 4776 10566 2176 2563 7740 11553 8084 8466 16187 16187 16187 16187 16187 16187
3842 3171 2856 11889 4776 12012 16187 3364 11553 12766 926 14029 4776 926 16187 16187
1655 12233 14180 3102 8719 9222 3171 10917 10033 13348 16187 929 8719 4776 10033 16187
1094 1919 15041 5780 8268 7926 7165 6259 11377 926 16187 16187 16187 16187 16187 16187
3842 3171 2856 11889 4776 12012 16187 3364 11553 12766 926 14029 4776 926 16187 16187
1655 12233 14180 3102 8719 9222 3171 10917 10033 13348 16187 8719 6259 10509 8719 6259
12008 6640 4776 6378 8268 5463 9840 9872 9070 16187 16187 16187 16187 16187 16187 16187
3842 3171 2856 11889 4776 12012 16187 3364 11553 12766 926 14029 4776 926 16187 16187
1655 12233 14180 3102 8719 9222 3171 10917 10033 13348 16187 929 8719 4776 10033 16187
15202 1986 14237 6256 8268 9665 5736 7829 8268 926 3873 1986 12233 1042 16187 16187
3842 3171 2856 11889 4776 12012 16187 3364 11553 12766 926 14029 4776 926 16187 16187
1655 12233 14180 3102 8719 9222 3171 10917 10033 13348 16187 8719 6259 10509 8719 6259
14237 4776 2221 8710 4337 10355 8268 12495 16187 16187 16187 16187 16187 16187 16187 16187
3842 3171 2856 11889 4776 12012 16187 3364 11553 12766 926 14029 4776 926 16187 16187
1655 12233 14180 3102 8719 9222 3171 10917 10033 13348 16187 929 8719 4776 10033 16187
14272 656 10566 11289 830 9070 4931 4776 2191 3177 6270 5463 9641 10719 16187 16187
3842 3171 2856 11889 4776 12012 16187 3364 11553 12766 926 14029 4776 926 16187 16187
1655 12233 14180 3102 8719 9222 3171 10917 10033 13348 16187 8719 6259 10509 8719 6259
8719 7661 13298 8268 4776 12529 1023 8710 11273 16187 16187 16187 16187 16187 16187 16187
3842 3171 2856 11889 4776 12012 16187 3364 11553 12766 926 14029 4776 926 16187 16187
1655 12233 14180 3102 8719 9222 3171 10917 10033 13348 16187 8719 6259 10509 8719 6259
1098 13348 16187 16187 16187 16187 16187 16187 16187 16187 16187 16187 16187 16187 16187 16187
3842 3171 2856 11889 4776 12012 16187 3364 11553 12766 926 14029 4776 926 16187 16187
1655 12233 14180 3102 8719 9222 3171 10917 10033 13348 16187 929 8719 4776 10033 16187
820 15658 11553 926 2263 6054 9039 11553 2329 4776 9715 16187 16187 16187 16187 16187
3842 3171 2856 11889 4776 12012 16187 3364 11553 12766 926 14029 4776 926 16187 16187
1655 12233 14180 3102 8719 9222 3171 10917 10033 13348 16187 929 8719 4776 10033 16187
15597 2077 5208 5329 12945 4312 16187 16187 16187 16187 16187 16187 16187 16187 16187 16187
3842 3171 2856 11889 4776 12012 16187 3364 11553 12766 926 14029 4776 926 16187 16187
1655 12233 14180 3102 8719 9222 3171 10917 10033 13348 16187 929 8719 4776 10033 16187
8712 8710 7708 12233 8152 3171 1213 6259 2176 10033 8268 12008 8712 8710 16187 16187
3842 3171 2856 11889 4776 12012 16187 3364 11553 12766 926 14029 4776 926 16187 16187
1655 12233 14180 3102 8719 9222 3171 10917 10033 13348 16187 8719 6259 10509 8719 6259
5152 3177 4776 1138 626 2598 5711 16187 16187 16187 16187 16187 16187 16187 16187 16187
3842 3171 2856 11889 4776 12012 16187 3364 11553 12766 926 14029 4776 926 16187 16187
1655 12233 14180 3102 8719 9222 3171 10917 10033 13348 16187 8719 6259 10509 8719 6259
6683 1957 5838 926 13474 15452 7326 16187 16187 16187 16187 16187 16187 16187 16187 16187
3842 3171 2856 11889 4776 12012 16187 3364 11553 12766 926 14029 4776 926 16187 16187
1655 12233 14180 3102 8719 9222 3171 10917 10033 13348 16187 8719 6259 10509 8719 6259
830 13084 6378 13348 16187 16187 16187 16187 16187 16187 16187 16187 16187 16187 16187 16187
3842 3171 2856 11889 4776 12012 16187 3364 11553 12766 926 14029 4776 926 16187 16187
1655 12233 14180 3102 8719 9222 3171 10917 10033 13348 16187 929 8719 4776 10033 16187
5297 8268 6826 820 8467 12233 11889 3171 10033 16187 16187 16187 16187 16187 16187 16187
3842 3171 2856 11889 4776 12012 16187 3364 11553 12766 926 14029 4776 926 16187 16187
1655 12233 14180 3102 8719 9222 3171 10917 10033 13348 16187 8719 6259 10509 8719 6259
3634 16187 16187 16187 16187 16187 16187 16187 16187 16187 16187 16187 16187 16187 16187 16187
3842 3171 2856 11889 4776 12012 16187 3364 11553 12766 926 14029 4776 926 16187 16187
1655 12233 14180 3102 8719 9222 3171 10917 10033 13348 16187 929 8719 4776 10033 16187
8712 2596 1955 8712 13216 1094 16187 16187 16187 16187 16187 16187 16187 16187 16187 16187
3842 3171 2856 11889 4776 12012 16187 3364 11553 12766 926 14029 4776 926 16187 16187
1655 12233 14180 3102 8719 9222 3171 10917 10033 13348 16187 929 8719 4776 10033 16187
13474 8710 2176 8268 5463 8710 11273 16187 16187 16187 16187 16187 16187 16187 16187 16187
3842 3171 2856 11889 4776 12012 16187 3364 11553 12766 926 14029 4776 926 16187 16187
1655 12233 14180 3102 8719 9222 3171 10917 10033 13348 16187 8719 6259 10509 8719 6259
1110 1229 926 8710 3475 10033 10967 10918 8719 926 16187 16187 16187 16187 16187 16187
3842 3171 2856 11889 4776 12012 16187 3364 11553 12766 926 14029 4776 926 16187 16187
1655 12233 14180 3102 8719 9222 3171 10917 10033 13348 16187 929 8719 4776 10033 16187
8069 13089 8712 7094 14029 4776 8858 14237 4776 4990 13348 16187 16187 16187 16187 16187
3842 3171 2856 11889 4776 12012 16187 3364 11553 12766 926 14029 4776 926 16187 16187
1655 12233 14180 3102 8719 9222 3171 10917 10033 13348 16187 8719 6259 10509 8719 6259
6011 5711 16187 16187 16187 16187 16187 16187 16187 16187 16187 16187 16187 16187 16187 16187
3842 3171 2856 11889 4776 12012 16187 3364 11553 12766 926 14029 4776 926 16187 16187
1655 12233 14180 3102 8719 9222 3171 10917 10033 13348 16187 8719 6259 10509 8719 6259
4776 10418 8710 5695 2837 14180 4776 712 14237 4776 14596 8710 6070 13074 16187 16187
3842 3171 2856 11889 4776 12012 16187 3364 11553 12766 926 14029 4776 926 16187 16187
1655 12233 14180 3102 8719 9222 3171 10917 10033 13348 16187 8719 6259 10509 8719 6259
7740 4763 3795 12276 12650 8719 4776 11021 5463 8712 12232 2823 12349 6280 16187 16187
3842 3171 2856 11889 4776 12012 16187 3364 11553 12766 926 14029 4776 926 16187 16187
1655 12233 14180 3102 8719 9222 3171 10917 10033 13348 16187 929 8719 4776 10033 16187
12351 926 926 6259 9780 8268 12008 5297 12256 574 16187 16187 16187 16187 16187 16187
3842 3171 2856 11889 4776 12012 16187 3364 11553 12766 926 14029 4776 926 16187 16187
1655 12233 14180 3102 8719 9222 3171 10917 10033 13348 16187 929 8719 4776 10033 16187
6826 14078 5297 10503 5463 16187 16187 16187 16187 16187 16187 16187 16187 16187 16187 16187
3842 3171 2856 11889 4776 12012 16187 3364 11553 12766 926 14029 4776 926 16187 16187
1655 12233 14180 3102 8719 9222 3171 10917 10033 13348 16187 8719 6259 10509 8719 6259
12868 2903 13348 13348 16187 16187 16187 16187 16187 16187 16187 16187 16187 16187 16187 16187
3842 3171 2856 11889 4776 12012 16187 3364 11553 12766 926 14029 4776 926 16187 16187
1655 12233 14180 3102 8719 9222 3171 10917 10033 13348 16187 929 8719 4776 10033 16187
1329 13348 16187 16187 16187 16187 16187 16187 16187 16187 16187 16187 16187 16187 16187 16187
3842 3171 2856 11889 4776 12012 16187 3364 11553 12766 926 14029 4776 926 16187 16187
1655 12233 14180 3102 8719 9222 3171 10917 10033 13348 16187 929 8719 4776 10033 16187
4776 4152 9623 6535 630 6654 12958 5463 11921 8719 3171 13896 16187 16187 16187 16187
3842 3171 2856 11889 4776 12012 16187 3364 11553 12766 926 14029 4776 926 16187 16187
1655 12233 14180 3102 8719 9222 3171 10917 10033 13348 16187 929 8719 4776 10033 16187
6259 9625 9850 13348 13348 16187 16187 16187 16187 16187 16187 16187 16187 16187 16187 16187
3842 3171 2856 11889 4776 12012 16187 3364 11553 12766 926 14029 4776 926 16187 16187
1655 12233 14180 3102 8719 9222 3171 10917 10033 13348 16187 929 8719 4776 10033 16187
14237 7740 973 5329 8069 6259 9085 10399 12233 5522 1919 16187 16187 16187 16187 16187
3842 3171 2856 11889 4776 12012 16187 3364 11553 12766 926 14029 4776 926 16187 16187
1655 12233 14180 3102 8719 9222 3171 10917 10033 13348 16187 8719 6259 10509 8719 6259
13474 4009 14180 1885 6138 9831 12233 11253 1957 4776 926 14237 830 5517 16187 16187
3842 3171 2856 11889 4776 12012 16187 3364 11553 12766 926 14029 4776 926 16187 16187
1655 12233 14180 3102 8719 9222 3171 10917 10033 13348 16187 8719 6259 10509 8719 6259
1378 3177 4776 15845 4931 1138 3889 12233 9654 5711 13348 16187 16187 16187 16187 16187
3842 3171 2856 11889 4776 12012 16187 3364 11553 12766 926 14029 4776 926 16187 16187
1655 12233 14180 3102 8719 9222 3171 10917 10033 13348 16187 929 8719 4776 10033 16187
6640 16187 16187 16187 16187 16187 16187 16187 16187 16187 16187 16187 16187 16187 16187 16187
3842 3171 2856 11889 4776 12012 16187 3364 11553 12766 926 14029 4776 926 16187 16187
1655 12233 14180 3102 8719 9222 3171 10917 10033 13348 16187 929 8719 4776 10033 16187
12008 4776 12850 10314 7740 12515 15525 3177 4776 10501 3177 4776 926 6905 16187 16187
3842 3171 2856 11889 4776 12012 16187 3364 11553 12766 926 14029 4776 926 16187 16187
1655 12233 14180 3102 8719 9222 3171 10917 10033 13348 16187 8719 6259 10509 8719 6259
8712 4931 2326 10399 12233 15956 203 12233 14263 3171 2563 16187 16187 16187 16187 16187
3842 3171 2856 11889 4776 12012 16187 3364 11553 12766 926 14029 4776 926 16187 16187
1655 12233 14180 3102 8719 9222 3171 10917 10033 13348 16187 8719 6259 10509 8719 6259
15389 5463 926 11606 12232 4552 8719 5820 643 16187 16187 16187 16187 16187 16187 16187
3842 3171 2856 11889 4776 12012 16187 3364 11553 12766 926 14029 4776 926 16187 16187
1655 12233 14180 3102 8719 9222 3171 10917 10033 13348 16187 8719 6259 10509 8719 6259
1229 14272 5867 4776 8855 91 16187 16187 16187 16187 16187 16187 16187 16187 16187 16187
3842 3171 2856 11889 4776 12012 16187 3364 11553 12766 926 14029 4776 926 16187 16187
1655 12233 14180 3102 8719 9222 3171 10917 10033 13348 16187 929 8719 4776 10033 16187
4776 2563 8710 7742 9575 14237 7742 602 16187 16187 16187 16187 16187 16187 16187 16187
3842 3171 2856 11889 4776 12012 16187 3364 11553 12766 926 14029 4776 926 16187 16187
1655 12233 14180 3102 8719 9222 3171 10917 10033 13348 16187 929 8719 4776 10033 16187
14237 8268 8796 8268 4776 5031 5174 14029 16187 16187 16187 16187 16187 16187 16187 16187
3842 3171 2856 11889 4776 12012 16187 3364 11553 12766 926 14029 4776 926 16187 16187
1655 12233 14180 3102 8719 9222 3171 10917 10033 13348 16187 8719 6259 10509 8719 6259
8719 926 3312 8268 926 926 4776 1787 16187 16187 16187 16187 16187 16187 16187 16187
3842 3171 2856 11889 4776 12012 16187 3364 11553 12766 926 14029 4776 926 16187 16187
1655 12233 14180 3102 8719 9222 3171 10917 10033 13348 16187 8719 6259 10509 8719 6259
926 8710 4537 4032 15715 15202 16187 16187 16187 16187 16187 16187 16187 16187 16187 16187
3842 3171 2856 11889 4776 12012 16187 3364 11553 12766 926 14029 4776 926 16187 16187
1655 12233 14180 3102 8719 9222 3171 10917 10033 13348 16187 8719 6259 10509 8719 6259
8081 2563 5867 926 8710 2296 926 16187 16187 16187 16187 16187 16187 16187 16187 16187
3842 3171 2856 11889 4776 12012 16187 3364 11553 12766 926 14029 4776 926 16187 16187
1655 12233 14180 3102 8719 9222 3171 10917 10033 13348 16187 8719 6259 10509 8719 6259
8712 5867 1378 3177 9743 1038 4315 1133 5463 15846 7975 1919 6011 830 1273 16187
3842 3171 2856 11889 4776 12012 16187 3364 11553 12766 926 14029 4776 926 16187 16187
1655 12233 14180 3102 8719 9222 3171 10917 10033 13348 16187 8719 6259 10509 8719 6259
10303 926 16187 16187 16187 16187 16187 16187 16187 16187 16187 16187 16187 16187 16187 16187
3842 3171 2856 11889 4776 12012 16187 3364 11553 12766 926 14029 4776 926 16187 16187
1655 12233 14180 3102 8719 9222 3171 10917 10033 13348 16187 8719 6259 10509 8719 6259
14237 5463 5867 4776 10709 8268 3171 11921 830 13084 6378 1957 14180 16187 16187 16187
3842 3171 2856 11889 4776 12012 16187 3364 11553 12766 926 14029 4776 926 16187 16187
1655 12233 14180 3102 8719 9222 3171 10917 10033 13348 16187 929 8719 4776 10033 16187
4776 14418 8710 8213 16187 16187 16187 16187 16187 16187 16187 16187 16187 16187 16187 16187
3842 3171 2856 11889 4776 12012 16187 3364 11553 12766 926 14029 4776 926 16187 16187
1655 12233 14180 3102 8719 9222 3171 10917 10033 13348 16187 8719 6259 10509 8719 6259
4776 1813 5365 14278 3177 14734 9059 5867 5804 8719 6259 926 2643 8710 2540 16187
3842 3171 2856 11889 4776 12012 16187 3364 11553 12766 926 14029 4776 926 16187 16187
1655 12233 14180 3102 8719 9222 3171 10917 10033 13348 16187 8719 6259 10509 8719 6259
13616 5713 10217 2954 14776 2296 1750 6724 12008 14069 14691 223 1919 5463 16187 16187
3842 3171 2856 11889 4776 12012 16187 3364 11553 12766 926 14029 4776 926 16187 16187
1655 12233 14180 3102 8719 9222 3171 10917 10033 13348 16187 8719 6259 10509 8719 6259
2552 8712 1919 13852 6011 1110 16187 16187 16187 16187 16187 16187 16187 16187 16187 16187
3842 3171 2856 11889 4776 12012 16187 3364 11553 12766 926 14029 4776 926 16187 16187
1655 12233 14180 3102 8719 9222 3171 10917 10033 13348 16187 8719 6259 10509 8719 6259
4776 13578 8710 1378 5329 12773 16187 16187 16187 16187 16187 16187 16187 16187 16187 16187
3842 3171 2856 11889 4776 12012 16187 3364 11553 12766 926 14029 4776 926 16187 16187
1655 12233 14180 3102 8719 9222 3171 10917 10033 13348 16187 929 8719 4776 10033 16187
3171 1514 14745 12911 14237 13424 14734 6120 5917 16187 16187 16187 16187 16187 16187 16187
3842 3171 2856 11889 4776 12012 16187 3364 11553 12766 926 14029 4776 926 16187 16187
1655 12233 14180 3102 8719 9222 3171 10917 10033 13348 16187 8719 6259 10509 8719 6259
4776 9424 8710 13474 13942 12495 12890 14237 4927 12233 926 16187 16187 16187 16187 16187
3842 3171 2856 11889 4776 12012 16187 3364 11553 12766 926 14029 4776 926 16187 16187
1655 12233 14180 3102 8719 9222 3171 10917 10033 13348 16187 929 8719 4776 10033 16187
926 926 14237 926 2555 9084 15597 14465 7742 1955 9084 926 926 16187 16187 16187
3842 3171 2856 11889 4776 12012 16187 3364 11553 12766 926 14029 4776 926 16187 16187
1655 12233 14180 3102 8719 9222 3171 10917 10033 13348 16187 8719 6259 10509 8719 6259
1138 4776 926 1919 4776 926 5711 8710 1954 2997 471 16187 16187 16187 16187 16187
3842 3171 2856 11889 4776 12012 16187 3364 11553 12766 926 14029 4776 926 16187 16187
1655 12233 14180 3102 8719 9222 3171 10917 10033 13348 16187 929 8719 4776 10033 16187
926 5867 643 8710 5329 7401 6259 7422 3177 14137 16187 16187 16187 16187 16187 16187
3842 3171 2856 11889 4776 12012 16187 3364 11553 12766 926 14029 4776 926 16187 16187
1655 12233 14180 3102 8719 9222 3171 10917 10033 13348 16187 8719 6259 10509 8719 6259
7740 973 5415 5886 14608 9070 16187 16187 16187 16187 16187 16187 16187 16187 16187 16187
3842 3171 2856 11889 4776 12012 16187 3364 11553 12766 926 14029 4776 926 16187 16187
1655 12233 14180 3102 8719 9222 3171 10917 10033 13348 16187 929 8719 4776 10033 16187
926 8648 15866 14237 926 926 5111 1955 926 14237 2962 16187 16187 16187 16187 16187
3842 3171 2856 11889 4776 12012 16187 3364 11553 12766 926 14029 4776 926 16187 16187
1655 12233 14180 3102 8719 9222 3171 10917 10033 13348 16187 8719 6259 10509 8719 6259
8712 16105 9070 9429 6259 5948 11953 9743 8404 14237 14581 8017 830 4312 16187 16187
3842 3171 2856 11889 4776 12012 16187 3364 11553 12766 926 14029 4776 926 16187 16187
1655 12233 14180 3102 8719 9222 3171 10917 10033 13348 16187 929 8719 4776 10033 16187
693 8069 6253 12233 2196 15291 12008 3609 2903 9222 6826 1138 13250 5711 14748 16187
3842 3171 2856 11889 4776 12012 16187 3364 11553 12766 926 14029 4776 926 16187 16187
1655 12233 14180 3102 8719 9222 3171 10917 10033 13348 16187 929 8719 4776 10033 16187
2143 9484 7542 16187 16187 16187 16187 16187 16187 16187 16187 16187 16187 16187 16187 16187
3842 3171 2856 11889 4776 12012 16187 3364 11553 12766 926 14029 4776 926 16187 16187
1655 12233 14180 3102 8719 9222 3171 10917 10033 13348 16187 929 8719 4776 10033 16187
14237 6259 6070 6152 15 151 8710 4776 110 5095 926 12233 15149 2903 14734 16187
3842 3171 2856 11889 4776 12012 16187 3364 11553 12766 926 14029 4776 926 16187 16187
1655 12233 14180 3102 8719 9222 3171 10917 10033 13348 16187 8719 6259 10509 8719 6259
12008 7740 9084 9754 16187 16187 16187 16187 16187 16187 16187 16187 16187 16187 16187 16187
3842 3171 2856 11889 4776 12012 16187 3364 11553 12766 926 14029 4776 926 16187 16187
1655 12233 14180 3102 8719 9222 3171 10917 10033 13348 16187 8719 6259 10509 8719 6259
926 7883 8710 10355 8719 14734 954 14237 684 4776 926 7742 16187 16187 16187 16187
3842 3171 2856 11889 4776 12012 16187 3364 11553 12766 926 14029 4776 926 16187 16187
1655 12233 14180 3102 8719 9222 3171 10917 10033 13348 16187 8719 6259 10509 8719 6259
5046 3171 8710 1378 3177 4776 12850 2053 5693 3994 1133 8084 16105 16187 16187 16187
3842 3171 2856 11889 4776 12012 16187 3364 11553 12766 926 14029 4776 926 16187 16187
1655 12233 14180 3102 8719 9222 3171 10917 10033 13348 16187 8719 6259 10509 8719 6259
8712 5867 10710 14237 12495 4776 10709 16187 16187 16187 16187 16187 16187 16187 16187 16187
3842 3171 2856 11889 4776 12012 16187 3364 11553 12766 926 14029 4776 926 16187 16187
1655 12233 14180 3102 8719 9222 3171 10917 10033 13348 16187 929 8719 4776 10033 16187
8712 4931 6070 2689 12233 2904 8268 12008 7740 15956 8712 5867 6070 926 16187 16187
3842 3171 2856 11889 4776 12012 16187 3364 11553 12766 926 14029 4776 926 16187 16187
1655 12233 14180 3102 8719 9222 3171 10917 10033 13348 16187 929 8719 4776 10033 16187
6259 10355 10033 14237 1378 15649 14313 4776 9887 12233 11520 7792 6306 830 11839 16187
3842 3171 2856 11889 4776 12012 16187 3364 11553 12766 926 14029 4776 926 16187 16187
1655 12233 14180 3102 8719 9222 3171 10917 10033 13348 16187 929 8719 4776 10033 16187
4776 7347 8710 13250 16187 16187 16187 16187 16187 16187 16187 16187 16187 16187 16187 16187
3842 3171 2856 11889 4776 12012 16187 3364 11553 12766 926 14029 4776 926 16187 16187
1655 12233 14180 3102 8719 9222 3171 10917 10033 13348 16187 929 8719 4776 10033 16187
7740 15846 5946 1919 4776 11950 15720 11608 16187 16187 16187 16187 16187 16187 16187 16187
3842 3171 2856 11889 4776 12012 16187 3364 11553 12766 926 14029 4776 926 16187 16187
1655 12233 14180 3102 8719 9222 3171 10917 10033 13348 16187 929 8719 4776 10033 16187
5463 8710 4776 5568 8569 9424 1378 5208 1436 11953 14734 10033 16187 16187 16187 16187
3842 3171 2856 11889 4776 12012 16187 3364 11553 12766 926 14029 4776 926 16187 16187
1655 12233 14180 3102 8719 9222 3171 10917 10033 13348 16187 929 8719 4776 10033 16187
926 3011 5867 954 14237 15064 9498 4537 6093 9625 16187 16187 16187 16187 16187 16187
3842 3171 2856 11889 4776 12012 16187 3364 11553 12766 926 14029 4776 926 16187 16187
1655 12233 14180 3102 8719 9222 3171 10917 10033 13348 16187 929 8719 4776 10033 16187
14397 4776 1462 4927 1462 16187 16187 16187 16187 16187 16187 16187 16187 16187 16187 16187
3842 3171 2856 11889 4776 12012 16187 3364 11553 12766 926 14029 4776 926 16187 16187
1655 12233 14180 3102 8719 9222 3171 10917 10033 13348 16187 929 8719 4776 10033 16187
4776 13094 4776 6 16187 16187 16187 16187 16187 16187 16187 16187 16187 16187 16187 16187
3842 3171 2856 11889 4776 12012 16187 3364 11553 12766 926 14029 4776 926 16187 16187
1655 12233 14180 3102 8719 9222 3171 10917 10033 13348 16187 929 8719 4776 10033 16187
15662 14031 15662 3364 9754 13474 14038 2598 16187 16187 16187 16187 16187 16187 16187 16187
3842 3171 2856 11889 4776 12012 16187 3364 11553 12766 926 14029 4776 926 16187 16187
1655 12233 14180 3102 8719 9222 3171 10917 10033 13348 16187 929 8719 4776 10033 16187
4776 8521 3007 4704 8268 14237 10716 15576 14029 4537 12233 12298 4776 10033 16187 16187
3842 3171 2856 11889 4776 12012 16187 3364 11553 12766 926 14029 4776 926 16187 16187
1655 12233 14180 3102 8719 9222 3171 10917 10033 13348 16187 8719 6259 10509 8719 6259
830 14180 11191 8268 2552 4776 9431 5328 10244 12233 12149 6826 3098 2946 16187 16187
3842 3171 2856 11889 4776 12012 16187 3364 11553 12766 926 14029 4776 926 16187 16187
1655 12233 14180 3102 8719 9222 3171 10917 10033 13348 16187 929 8719 4776 10033 16187
6011 11031 11789 14069 16187 16187 16187 16187 16187 16187 16187 16187 16187 16187 16187 16187
3842 3171 2856 11889 4776 12012 16187 3364 11553 12766 926 14029 4776 926 16187 16187
1655 12233 14180 3102 8719 9222 3171 10917 10033 13348 16187 929 8719 4776 10033 16187
15662 4931 3171 2563 8084 16105 2598 16187 16187 16187 16187 16187 16187 16187 16187 16187
3842 3171 2856 11889 4776 12012 16187 3364 11553 12766 926 14029 4776 926 16187 16187
1655 12233 14180 3102 8719 9222 3171 10917 10033 13348 16187 929 8719 4776 10033 16187
13178 15907 15093 8268 14637 1045 12044 10918 12233 10918 8268 926 983 16187 16187 16187
3842 3171 2856 11889 4776 12012 16187 3364 11553 12766 926 14029 4776 926 16187 16187
1655 12233 14180 3102 8719 9222 3171 10917 10033 13348 16187 929 8719 4776 10033 16187
12008 926 5867 13811 4931 12256 1955 4931 4776 12536 16187 16187 16187 16187 16187 16187
3842 3171 2856 11889 4776 12012 16187 3364 11553 12766 926 14029 4776 926 16187 16187
1655 12233 14180 3102 8719 9222 3171 10917 10033 13348 16187 929 8719 4776 10033 16187
4776 10298 5955 15525 8719 3175 9594 926 16187 16187 16187 16187 16187 16187 16187 16187
3842 3171 2856 11889 4776 12012 16187 3364 11553 12766 926 14029 4776 926 16187 16187
1655 12233 14180 3102 8719 9222 3171 10917 10033 13348 16187 929 8719 4776 10033 16187
8712 926 10967 4776 2563 830 9070 16187 16187 16187 16187 16187 16187 16187 16187 16187
3842 3171 2856 11889 4776 12012 16187 3364 11553 12766 926 14029 4776 926 16187 16187
1655 12233 14180 3102 8719 9222 3171 10917 10033 13348 16187 8719 6259 10509 8719 6259
10571 232 1023 3177 2753 14237 14766 13811 16187 16187 16187 16187 16187 16187 16187 16187
3842 3171 2856 11889 4776 12012 16187 3364 11553 12766 926 14029 4776 926 16187 16187
1655 12233 14180 3102 8719 9222 3171 10917 10033 13348 16187 8719 6259 10509 8719 6259
1019 926 926 1955 926 5867 926 12852 2446 2847 11393 16187 16187 16187 16187 16187
3842 3171 2856 11889 4776 12012 16187 3364 11553 12766 926 14029 4776 926 16187 16187
1655 12233 14180 3102 8719 9222 3171 10917 10033 13348 16187 8719 6259 10509 8719 6259
8712 8710 6259 12260 830 10268 10671 8268 10619 9484 16187 16187 16187 16187 16187 16187
3842 3171 2856 11889 4776 12012 16187 3364 11553 12766 926 14029 4776 926 16187 16187
1655 12233 14180 3102 8719 9222 3171 10917 10033 13348 16187 929 8719 4776 10033 16187
4776 9385 13947 926 14237 3011 9385 6856 16187 16187 16187 16187 16187 16187 16187 16187
3842 3171 2856 11889 4776 12012 16187 3364 11553 12766 926 14029 4776 926 16187 16187
1655 12233 14180 3102 8719 9222 3171 10917 10033 13348 16187 8719 6259 10509 8719 6259
4776 9431 5328 10244 8710 9813 15624 1019 2148 6971 512 11873 16091 13348 16187 16187
3842 3171 2856 11889 4776 12012 16187 3364 11553 12766 926 14029 4776 926 16187 16187
1655 12233 14180 3102 8719 9222 3171 10917 10033 13348 16187 929 8719 4776 10033 16187
6259 4149 7963 13285 16187 16187 16187 16187 16187 16187 16187 16187 16187 16187 16187 16187
3842 3171 2856 11889 4776 12012 16187 3364 11553 12766 926 14029 4776 926 16187 16187
1655 12233 14180 3102 8719 9222 3171 10917 10033 13348 16187 8719 6259 10509 8719 6259
6011 15956 5713 8404 14776 8719 5074 14237 6280 9591 4325 15956 8712 12495 16187 16187
3842 3171 2856 11889 4776 12012 16187 3364 11553 12766 926 14029 4776 926 16187 16187
1655 12233 14180 3102 8719 9222 3171 10917 10033 13348 16187 929 8719 4776 10033 16187
5329 12233 11393 1954 11789 7336 12818 4776 10709 926 1957 6259 13305 2024 6414 16187
3842 3171 2856 11889 4776 12012 16187 3364 11553 12766 926 14029 4776 926 16187 16187
1655 12233 14180 3102 8719 9222 3171 10917 10033 13348 16187 8719 6259 10509 8719 6259
11889 4776 5562 3177 4776 10033 8268 4776 9623 3177 12276 11720 13197 8712 14180 16187
3842 3171 2856 11889 4776 12012 16187 3364 11553 12766 926 14029 4776 926 16187 16187
1655 12233 14180 3102 8719 9222 3171 10917 10033 13348 16187 8719 6259 10509 8719 6259
9575 8719 6826 926 13765 8719 5258 9413 816 4098 8708 16187 16187 16187 16187 16187
3842 3171 2856 11889 4776 12012 16187 3364 11553 12766 926 14029 4776 926 16187 16187
1655 12233 14180 3102 8719 9222 3171 10917 10033 13348 16187 929 8719 4776 10033 16187
8726 7740 8093 2552 13803 15909 10036 8712 15846 2823 12495 6280 16187 16187 16187 16187
3842 3171 2856 11889 4776 12012 16187 3364 11553 12766 926 14029 4776 926 16187 16187
1655 12233 14180 3102 8719 9222 3171 10917 10033 13348 16187 8719 6259 10509 8719 6259
5463 5867 14180 14069 8710 12233 8712 16187 16187 16187 16187 16187 16187 16187 16187 16187
3842 3171 2856 11889 4776 12012 16187 3364 11553 12766 926 14029 4776 926 16187 16187
1655 12233 14180 3102 8719 9222 3171 10917 10033 13348 16187 8719 6259 10509 8719 6259
8712 10272 12233 2823 13081 1957 926 16187 16187 16187 16187 16187 16187 16187 16187 16187
3842 3171 2856 11889 4776 12012 16187 3364 11553 12766 926 14029 4776 926 16187 16187
1655 12233 14180 3102 8719 9222 3171 10917 10033 13348 16187 8719 6259 10509 8719 6259
5463 5867 15662 10418 8710 15142 10418 6259 8808 8710 4390 16187 16187 16187 16187 16187
3842 3171 2856 11889 4776 12012 16187 3364 11553 12766 926 14029 4776 926 16187 16187
1655 12233 14180 3102 8719 9222 3171 10917 10033 13348 16187 8719 6259 10509 8719 6259
4776 2563 8710 1229 9625 16187 16187 16187 16187 16187 16187 16187 16187 16187 16187 16187
3842 3171 2856 11889 4776 12012 16187 3364 11553 12766 926 14029 4776 926 16187 16187
1655 12233 14180 3102 8719 9222 3171 10917 10033 13348 16187 929 8719 4776 10033 16187
926 8710 5329 4776 11845 14281 3177 5747 5867 15827 6259 5375 9742 16187 16187 16187
3842 3171 2856 11889 4776 12012 16187 3364 11553 12766 926 14029 4776 926 16187 16187
1655 12233 14180 3102 8719 9222 3171 10917 10033 13348 16187 929 8719 4776 10033 16187
6070 447 16187 16187 16187 16187 16187 16187 16187 16187 16187 16187 16187 16187 16187 16187
3842 3171 2856 11889 4776 12012 16187 3364 11553 12766 926 14029 4776 926 16187 16187
1655 12233 14180 3102 8719 9222 3171 10917 10033 13348 16187 8719 6259 10509 8719 6259
7740 9004 11889 4325 13883 15978 3177 1885 2974 5568 16187 16187 16187 16187 16187 16187
3842 3171 2856 11889 4776 12012 16187 3364 11553 12766 926 14029 4776 926 16187 16187
1655 12233 14180 3102 8719 9222 3171 10917 10033 13348 16187 929 8719 4776 10033 16187
4776 11646 8710 5516 14237 4776 10418 8710 926 14237 8069 11162 16187 16187 16187 16187
3842 3171 2856 11889 4776 12012 16187 3364 11553 12766 926 14029 4776 926 16187 16187
1655 12233 14180 3102 8719 9222 3171 10917 10033 13348 16187 929 8719 4776 10033 16187
