3171 3364 11553 12766 6259 5820 1138 11121 1264 5711 8726 5329 1229 1405 16187 16187
3842 3171 16187 9840 6259 3511 8268 12008 12232 11553 12233 1436 4776 12835 16187 6070
1655 12233 14180 3102 8719 9222 3171 10917 10033 13348 16187 6535 16187 8719 1110 16187
4776 1754 3177 4776 10033 8710 4517 10035 16187 16187 16187 16187 16187 16187 16187 16187
3842 3171 16187 11889 6011 15846 12149 1138 926 5711 16187 926 14043 926 16187 16187
1655 12233 14180 3102 8719 9222 3171 10917 10033 13348 16187 6535 16187 8719 1110 16187
12743 14776 5372 8719 4776 10566 8664 15433 16187 16187 16187 16187 16187 16187 16187 16187
3842 3171 16187 11889 6011 15846 12149 1138 926 5711 16187 14237 926 6011 2598 16187
1655 12233 14180 3102 8719 9222 3171 10917 10033 13348 16187 6535 16187 8719 1110 16187
91 8268 830 15202 8268 4776 2768 7365 16187 16187 16187 16187 16187 16187 16187 16187
3842 3171 16187 9840 6259 3511 8268 12008 12232 11553 12233 1436 4776 12835 16187 6070
1655 12233 14180 3102 8719 9222 3171 10917 10033 13348 16187 6535 16187 8719 1110 16187
7740 11553 2308 6259 14186 3177 3938 14069 12495 16187 16187 16187 16187 16187 16187 16187
3842 3171 16187 11889 6011 15846 12149 1138 926 5711 16187 926 14043 926 16187 16187
1655 12233 14180 3102 8719 9222 3171 10917 10033 13348 16187 6535 16187 8719 1110 16187
13034 830 4776 10887 1383 8268 3177 1245 13348 16187 16187 16187 16187 16187 16187 16187
3842 3171 16187 9840 6259 3511 8268 12008 12232 11553 12233 1436 4776 12835 16187 6070
1655 12233 14180 3102 8719 9222 3171 10917 10033 13348 16187 6535 16187 8719 1110 16187
926 926 4931 6259 11738 950 15658 16105 1229 630 15525 3177 1229 9450 16187 16187
3842 3171 16187 9840 6259 3511 8268 12008 12232 11553 12233 1436 4776 12835 16187 6070
1655 12233 14180 3102 8719 9222 3171 10917 10033 13348 16187 6535 16187 8719 1110 16187
9296 5329 16187 16187 16187 16187 16187 16187 16187 16187 16187 16187 16187 16187 16187 16187
3842 3171 16187 9840 6259 3511 8268 12008 12232 11553 12233 1436 4776 12835 16187 6070
1655 12233 14180 3102 8719 9222 3171 10917 10033 13348 16187 6535 16187 8719 1110 16187
3367 9193 882 1954 6814 2115 3167 3177 4776 6915 9870 8719 12353 16187 16187 16187
3842 3171 16187 9840 6259 3511 8268 12008 12232 11553 12233 1436 4776 12835 16187 6070
1655 12233 14180 3102 8719 9222 3171 10917 10033 13348 16187 6535 16187 8719 1110 16187
4776 15939 11558 2446 503 14029 9059 4125 926 16187 16187 16187 16187 16187 16187 16187
3842 3171 16187 9840 6259 3511 8268 12008 12232 11553 12233 1436 4776 12835 16187 6070
1655 12233 14180 3102 8719 9222 3171 10917 10033 13348 16187 6535 16187 8719 1110 16187
926 3115 1955 4776 11322 2598 16187 16187 16187 16187 16187 16187 16187 16187 16187 16187
3842 3171 16187 9840 6259 3511 8268 12008 12232 11553 12233 1436 4776 12835 16187 6070
1655 12233 14180 3102 8719 9222 3171 10917 10033 13348 16187 6535 16187 8719 1110 16187
4776 8521 8268 10967 3171 10147 8268 13942 1344 10061 16187 16187 16187 16187 16187 16187
3842 3171 16187 9840 6259 3511 8268 12008 12232 11553 12233 1436 4776 12835 16187 6070
1655 12233 14180 3102 8719 9222 3171 10917 10033 13348 16187 6535 16187 8719 1110 16187
10870 3711 8710 6259 3098 950 14237 7926 15881 12233 2451 6259 9332 8808 16187 16187
3842 3171 16187 9840 6259 3511 8268 12008 12232 11553 12233 1436 4776 12835 16187 6070
1655 12233 14180 3102 8719 9222 3171 10917 10033 13348 16187 6535 16187 8719 1110 16187
11499 8268 10094 5208 5329 15466 15597 2752 16187 16187 16187 16187 16187 16187 16187 16187
3842 3171 16187 9840 6259 3511 8268 12008 12232 11553 12233 1436 4776 12835 16187 6070
1655 12233 14180 3102 8719 9222 3171 10917 10033 13348 16187 6535 16187 8719 1110 16187
8726 5463 4931 4776 969 8268 8712 4931 926 16187 16187 16187 16187 16187 16187 16187
3842 3171 16187 9840 6259 3511 8268 12008 12232 11553 12233 1436 4776 12835 16187 6070
1655 12233 14180 3102 8719 9222 3171 10917 10033 13348 16187 6535 16187 8719 1110 16187
7740 11553 8093 12766 1229 1411 2837 6259 2563 8719 12276 643 16187 16187 16187 16187
3842 3171 16187 9840 6259 3511 8268 12008 12232 11553 12233 1436 4776 12835 16187 6070
1655 12233 14180 3102 8719 9222 3171 10917 10033 13348 16187 6535 16187 8719 1110 16187
10603 15525 5430 16187 16187 16187 16187 16187 16187 16187 16187 16187 16187 16187 16187 16187
3842 3171 16187 9840 6259 3511 8268 12008 12232 11553 12233 1436 4776 12835 16187 6070
1655 12233 14180 3102 8719 9222 3171 10917 10033 13348 16187 6535 16187 8719 1110 16187
4969 11900 564 1955 6259 9514 16187 16187 16187 16187 16187 16187 16187 16187 16187 16187
3842 3171 16187 9840 6259 3511 8268 12008 12232 11553 12233 1436 4776 12835 16187 6070
1655 12233 14180 3102 8719 9222 3171 10917 10033 13348 16187 6535 16187 8719 1110 16187
926 7076 11516 8268 8719 1954 926 3249 16187 16187 16187 16187 16187 16187 16187 16187
3842 3171 16187 9840 6259 3511 8268 12008 12232 11553 12233 1436 4776 12835 16187 6070
1655 12233 14180 3102 8719 9222 3171 10917 10033 13348 16187 6535 16187 8719 1110 16187
11553 820 7723 203 12233 8733 1133 11889 9743 2598 16187 16187 16187 16187 16187 16187
3842 3171 16187 9840 6259 3511 8268 12008 12232 11553 12233 1436 4776 12835 16187 6070
1655 12233 14180 3102 8719 9222 3171 10917 10033 13348 16187 6535 16187 8719 1110 16187
4776 284 14776 16139 16187 16187 16187 16187 16187 16187 16187 16187 16187 16187 16187 16187
3842 3171 16187 9840 6259 3511 8268 12008 12232 11553 12233 1436 4776 12835 16187 6070
1655 12233 14180 3102 8719 9222 3171 10917 10033 13348 16187 6535 16187 8719 1110 16187
6391 6259 3098 8974 2563 11889 4776 926 16187 16187 16187 16187 16187 16187 16187 16187
3842 3171 16187 11889 6011 15846 12149 1138 926 5711 16187 14237 926 6011 2598 16187
1655 12233 14180 3102 8719 9222 3171 10917 10033 13348 16187 6535 16187 8719 1110 16187
4776 6801 5388 14272 6259 12007 3543 2823 16187 16187 16187 16187 16187 16187 16187 16187
3842 3171 16187 11889 6011 15846 12149 1138 926 5711 16187 14237 926 6011 2598 16187
1655 12233 14180 3102 8719 9222 3171 10917 10033 13348 16187 6535 16187 8719 1110 16187
9084 4776 4447 926 6297 926 12233 6683 9100 2598 16187 16187 16187 16187 16187 16187
3842 3171 16187 9840 6259 3511 8268 12008 12232 11553 12233 1436 4776 12835 16187 6070
1655 12233 14180 3102 8719 9222 3171 10917 10033 13348 16187 6535 16187 8719 1110 16187
7740 12892 2903 4240 11953 3095 12028 8268 14237 7740 6245 8268 7740 2326 9084 16187
3842 3171 16187 11889 6011 15846 12149 1138 926 5711 16187 14237 926 6011 2598 16187
1655 12233 14180 3102 8719 9222 3171 10917 10033 13348 16187 6535 16187 8719 1110 16187
4776 3511 8710 8268 6011 15846 8093 15956 16187 16187 16187 16187 16187 16187 16187 16187
3842 3171 16187 9840 6259 3511 8268 12008 12232 11553 12233 1436 4776 12835 16187 6070
1655 12233 14180 3102 8719 9222 3171 10917 10033 13348 16187 6535 16187 8719 1110 16187
8712 4931 12767 2128 2837 9767 14237 14258 16187 16187 16187 16187 16187 16187 16187 16187
3842 3171 16187 9840 6259 3511 8268 12008 12232 11553 12233 1436 4776 12835 16187 6070
1655 12233 14180 3102 8719 9222 3171 10917 10033 13348 16187 6535 16187 8719 1110 16187
1799 926 14237 13529 13940 8197 15597 5286 10762 6499 16187 16187 16187 16187 16187 16187
3842 3171 16187 9840 6259 3511 8268 12008 12232 11553 12233 1436 4776 12835 16187 6070
1655 12233 14180 3102 8719 9222 3171 10917 10033 13348 16187 6535 16187 8719 1110 16187
6173 16187 16187 16187 16187 16187 16187 16187 16187 16187 16187 16187 16187 16187 16187 16187
3842 3171 16187 11889 6011 15846 12149 1138 926 5711 16187 926 14043 926 16187 16187
1655 12233 14180 3102 8719 9222 3171 10917 10033 13348 16187 6535 16187 8719 1110 16187
3098 13839 8268 8664 1531 16187 16187 16187 16187 16187 16187 16187 16187 16187 16187 16187
3842 3171 16187 9840 6259 3511 8268 12008 12232 11553 12233 1436 4776 12835 16187 6070
1655 12233 14180 3102 8719 9222 3171 10917 10033 13348 16187 6535 16187 8719 1110 16187
13148 926 8710 13473 1955 4776 11919 1389 16187 16187 16187 16187 16187 16187 16187 16187
3842 3171 16187 9840 6259 3511 8268 12008 12232 11553 12233 1436 4776 12835 16187 6070
1655 12233 14180 3102 8719 9222 3171 10917 10033 13348 16187 6535 16187 8719 1110 16187
4776 4152 8710 3559 16187 16187 16187 16187 16187 16187 16187 16187 16187 16187 16187 16187
3842 3171 16187 9840 6259 3511 8268 12008 12232 11553 12233 1436 4776 12835 16187 6070
1655 12233 14180 3102 8719 9222 3171 10917 10033 13348 16187 6535 16187 8719 1110 16187
7742 8268 5463 5867 4776 926 5867 830 6011 16187 16187 16187 16187 16187 16187 16187
3842 3171 16187 9840 6259 3511 8268 12008 12232 11553 12233 1436 4776 12835 16187 6070
1655 12233 14180 3102 8719 9222 3171 10917 10033 13348 16187 6535 16187 8719 1110 16187
7740 926 13348 16187 16187 16187 16187 16187 16187 16187 16187 16187 16187 16187 16187 16187
3842 3171 16187 9840 6259 3511 8268 12008 12232 11553 12233 1436 4776 12835 16187 6070
1655 12233 14180 3102 8719 9222 3171 10917 10033 13348 16187 6535 16187 8719 1110 16187
8712 5867 5329 1229 3098 8268 12008 8710 9754 8569 9890 16187 16187 16187 16187 16187
3842 3171 16187 11889 6011 15846 12149 1138 926 5711 16187 926 14043 926 16187 16187
1655 12233 14180 3102 8719 9222 3171 10917 10033 13348 16187 6535 16187 8719 1110 16187
13084 3141 6826 10671 3177 4776 15768 14776 1515 12233 2823 9872 16187 16187 16187 16187
3842 3171 16187 9840 6259 3511 8268 12008 12232 11553 12233 1436 4776 12835 16187 6070
1655 12233 14180 3102 8719 9222 3171 10917 10033 13348 16187 6535 16187 8719 1110 16187
926 926 16105 1954 6259 15525 3177 1799 926 1019 14237 6905 6173 16187 16187 16187
3842 3171 16187 11889 6011 15846 12149 1138 926 5711 16187 926 14043 926 16187 16187
1655 12233 14180 3102 8719 9222 3171 10917 10033 13348 16187 6535 16187 8719 1110 16187
13089 14734 14164 9002 8268 926 926 1958 11499 3748 2858 4776 5542 16187 16187 16187
3842 3171 16187 9840 6259 3511 8268 12008 12232 11553 12233 1436 4776 12835 16187 6070
1655 12233 14180 3102 8719 9222 3171 10917 10033 13348 16187 6535 16187 8719 1110 16187
203 6388 4776 6306 8710 8719 9998 2598 16187 16187 16187 16187 16187 16187 16187 16187
3842 3171 16187 9840 6259 3511 8268 12008 12232 11553 12233 1436 4776 12835 16187 6070
1655 12233 14180 3102 8719 9222 3171 10917 10033 13348 16187 6535 16187 8719 1110 16187
3098 15781 2837 3825 779 4776 8397 16187 16187 16187 16187 16187 16187 16187 16187 16187
3842 3171 16187 11889 6011 15846 12149 1138 926 5711 16187 14237 926 6011 2598 16187
1655 12233 14180 3102 8719 9222 3171 10917 10033 13348 16187 6535 16187 8719 1110 16187
4776 1378 1371 2410 8710 12351 926 574 15649 8710 10355 16187 16187 16187 16187 16187
3842 3171 16187 9840 6259 3511 8268 12008 12232 11553 12233 1436 4776 12835 16187 6070
1655 12233 14180 3102 8719 9222 3171 10917 10033 13348 16187 6535 16187 8719 1110 16187
4791 16187 16187 16187 16187 16187 16187 16187 16187 16187 16187 16187 16187 16187 16187 16187
3842 3171 16187 11889 6011 15846 12149 1138 926 5711 16187 926 14043 926 16187 16187
1655 12233 14180 3102 8719 9222 3171 10917 10033 13348 16187 6535 16187 8719 1110 16187
11925 1676 8268 5906 7949 8268 4963 926 3994 14272 471 10272 6297 16187 16187 16187
3842 3171 16187 9840 6259 3511 8268 12008 12232 11553 12233 1436 4776 12835 16187 6070
1655 12233 14180 3102 8719 9222 3171 10917 10033 13348 16187 6535 16187 8719 1110 16187
14180 3177 14734 1133 14776 14029 4776 12489 926 8726 6011 11553 9754 7902 16187 16187
3842 3171 16187 9840 6259 3511 8268 12008 12232 11553 12233 1436 4776 12835 16187 6070
1655 12233 14180 3102 8719 9222 3171 10917 10033 13348 16187 6535 16187 8719 1110 16187
13474 4931 1344 14610 8719 1885 12582 16187 16187 16187 16187 16187 16187 16187 16187 16187
3842 3171 16187 9840 6259 3511 8268 12008 12232 11553 12233 1436 4776 12835 16187 6070
1655 12233 14180 3102 8719 9222 3171 10917 10033 13348 16187 6535 16187 8719 1110 16187
7740 2308 5713 4440 14221 2148 12690 512 4776 926 8794 926 4440 16187 16187 16187
3842 3171 16187 9840 6259 3511 8268 12008 12232 11553 12233 1436 4776 12835 16187 6070
1655 12233 14180 3102 8719 9222 3171 10917 10033 13348 16187 6535 16187 8719 1110 16187
9534 12018 2085 10975 8710 8213 8719 4776 16003 954 16187 16187 16187 16187 16187 16187
3842 3171 16187 11889 6011 15846 12149 1138 926 5711 16187 926 14043 926 16187 16187
1655 12233 14180 3102 8719 9222 3171 10917 10033 13348 16187 6535 16187 8719 1110 16187
14069 4931 7555 14237 1893 10298 14237 11608 8268 14237 13084 14596 1957 14180 13348 16187
3842 3171 16187 11889 6011 15846 12149 1138 926 5711 16187 14237 926 6011 2598 16187
1655 12233 14180 3102 8719 9222 3171 10917 10033 13348 16187 6535 16187 8719 1110 16187
1378 3847 5329 4537 7001 15525 14237 8537 4776 4152 12233 13949 16187 16187 16187 16187
3842 3171 16187 9840 6259 3511 8268 12008 12232 11553 12233 1436 4776 12835 16187 6070
1655 12233 14180 3102 8719 9222 3171 10917 10033 13348 16187 6535 16187 8719 1110 16187
1229 8268 7740 926 8712 16187 16187 16187 16187 16187 16187 16187 16187 16187 16187 16187
3842 3171 16187 11889 6011 15846 12149 1138 926 5711 16187 14237 926 6011 2598 16187
1655 12233 14180 3102 8719 9222 3171 10917 10033 13348 16187 6535 16187 8719 1110 16187
8712 3112 6011 14581 10355 14237 8569 14237 14180 9743 12224 8719 5629 16187 16187 16187
3842 3171 16187 9840 6259 3511 8268 12008 12232 11553 12233 1436 4776 12835 16187 6070
1655 12233 14180 3102 8719 9222 3171 10917 10033 13348 16187 6535 16187 8719 1110 16187
830 5820 16187 16187 16187 16187 16187 16187 16187 16187 16187 16187 16187 16187 16187 16187
3842 3171 16187 9840 6259 3511 8268 12008 12232 11553 12233 1436 4776 12835 16187 6070
1655 12233 14180 3102 8719 9222 3171 10917 10033 13348 16187 6535 16187 8719 1110 16187
4776 12203 13216 14029 5534 13348 16187 16187 16187 16187 16187 16187 16187 16187 16187 16187
3842 3171 16187 11889 6011 15846 12149 1138 926 5711 16187 14237 926 6011 2598 16187
1655 12233 14180 3102 8719 9222 3171 10917 10033 13348 16187 6535 16187 8719 1110 16187
63 3177 14180 8268 4776 7438 14180 11553 6259 3942 16187 16187 16187 16187 16187 16187
3842 3171 16187 11889 6011 15846 12149 1138 926 5711 16187 14237 926 6011 2598 16187
1655 12233 14180 3102 8719 9222 3171 10917 10033 13348 16187 6535 16187 8719 1110 16187
4776 9040 8710 15819 14237 4776 14711 8710 926 16187 16187 16187 16187 16187 16187 16187
3842 3171 16187 9840 6259 3511 8268 12008 12232 11553 12233 1436 4776 12835 16187 6070
1655 12233 14180 3102 8719 9222 3171 10917 10033 13348 16187 6535 16187 8719 1110 16187
4776 13839 1955 1954 10283 14776 8213 12233 4776 10672 10894 10501 16187 16187 16187 16187
3842 3171 16187 11889 6011 15846 12149 1138 926 5711 16187 14237 926 6011 2598 16187
1655 12233 14180 3102 8719 9222 3171 10917 10033 13348 16187 6535 16187 8719 1110 16187
14043 7661 16187 16187 16187 16187 16187 16187 16187 16187 16187 16187 16187 16187 16187 16187
3842 3171 16187 9840 6259 3511 8268 12008 12232 11553 12233 1436 4776 12835 16187 6070
1655 12233 14180 3102 8719 9222 3171 10917 10033 13348 16187 6535 16187 8719 1110 16187
6173 7740 11839 3171 1378 4931 8993 12495 1171 16187 16187 16187 16187 16187 16187 16187
3842 3171 16187 11889 6011 15846 12149 1138 926 5711 16187 926 14043 926 16187 16187
1655 12233 14180 3102 8719 9222 3171 10917 10033 13348 16187 6535 16187 8719 1110 16187
10394 8268 10967 2353 12233 2946 2826 3332 16187 16187 16187 16187 16187 16187 16187 16187
3842 3171 16187 9840 6259 3511 8268 12008 12232 11553 12233 1436 4776 12835 16187 6070
1655 12233 14180 3102 8719 9222 3171 10917 10033 13348 16187 6535 16187 8719 1110 16187
3171 14397 11552 8268 9295 14596 6179 5534 12233 14337 16187 16187 16187 16187 16187 16187
3842 3171 16187 9840 6259 3511 8268 12008 12232 11553 12233 1436 4776 12835 16187 6070
1655 12233 14180 3102 8719 9222 3171 10917 10033 13348 16187 6535 16187 8719 1110 16187
4776 2563 4931 12510 14029 1885 13508 14237 12124 12233 1695 16187 16187 16187 16187 16187
3842 3171 16187 9840 6259 3511 8268 12008 12232 11553 12233 1436 4776 12835 16187 6070
1655 12233 14180 3102 8719 9222 3171 10917 10033 13348 16187 6535 16187 8719 1110 16187
926 4265 8710 6259 926 14237 1885 2513 14776 926 6259 1650 16031 91 16187 16187
3842 3171 16187 9840 6259 3511 8268 12008 12232 11553 12233 1436 4776 12835 16187 6070
1655 12233 14180 3102 8719 9222 3171 10917 10033 13348 16187 6535 16187 8719 1110 16187
7740 4931 3316 16187 16187 16187 16187 16187 16187 16187 16187 16187 16187 16187 16187 16187
3842 3171 16187 9840 6259 3511 8268 12008 12232 11553 12233 1436 4776 12835 16187 6070
1655 12233 14180 3102 8719 9222 3171 10917 10033 13348 16187 6535 16187 8719 1110 16187
4776 132 4931 3098 8268 12008 12495 1597 5031 16187 16187 16187 16187 16187 16187 16187
3842 3171 16187 11889 6011 15846 12149 1138 926 5711 16187 926 14043 926 16187 16187
1655 12233 14180 3102 8719 9222 3171 10917 10033 13348 16187 6535 16187 8719 1110 16187
926 6259 12260 2552 830 9455 15658 1571 3171 10983 16187 16187 16187 16187 16187 16187
3842 3171 16187 11889 6011 15846 12149 1138 926 5711 16187 926 14043 926 16187 16187
1655 12233 14180 3102 8719 9222 3171 10917 10033 13348 16187 6535 16187 8719 1110 16187
9498 4325 13830 4776 2946 2837 15721 926 2598 16187 16187 16187 16187 16187 16187 16187
3842 3171 16187 11889 6011 15846 12149 1138 926 5711 16187 14237 926 6011 2598 16187
1655 12233 14180 3102 8719 9222 3171 10917 10033 13348 16187 6535 16187 8719 1110 16187
7740 888 4312 1378 6418 926 12495 8569 7345 8093 15846 16187 16187 16187 16187 16187
3842 3171 16187 11889 6011 15846 12149 1138 926 5711 16187 926 14043 926 16187 16187
1655 12233 14180 3102 8719 9222 3171 10917 10033 13348 16187 6535 16187 8719 1110 16187
7740 11553 9754 12766 3171 4282 1919 6259 2563 8719 926 15096 16187 16187 16187 16187
3842 3171 16187 9840 6259 3511 8268 12008 12232 11553 12233 1436 4776 12835 16187 6070
1655 12233 14180 3102 8719 9222 3171 10917 10033 13348 16187 6535 16187 8719 1110 16187
3938 926 10967 14180 12349 16187 16187 16187 16187 16187 16187 16187 16187 16187 16187 16187
3842 3171 16187 11889 6011 15846 12149 1138 926 5711 16187 14237 926 6011 2598 16187
1655 12233 14180 3102 8719 9222 3171 10917 10033 13348 16187 6535 16187 8719 1110 16187
926 926 4152 8268 14237 4902 4776 5524 16187 16187 16187 16187 16187 16187 16187 16187
3842 3171 16187 11889 6011 15846 12149 1138 926 5711 16187 926 14043 926 16187 16187
1655 12233 14180 3102 8719 9222 3171 10917 10033 13348 16187 6535 16187 8719 1110 16187
3171 8710 1378 3177 9743 1133 5463 8093 15881 817 16187 16187 16187 16187 16187 16187
3842 3171 16187 11889 6011 15846 12149 1138 926 5711 16187 14237 926 6011 2598 16187
1655 12233 14180 3102 8719 9222 3171 10917 10033 13348 16187 6535 16187 8719 1110 16187
13570 8268 7740 1442 4776 6390 14281 8258 7740 2308 4776 2002 926 8449 308 16187
3842 3171 16187 9840 6259 3511 8268 12008 12232 11553 12233 1436 4776 12835 16187 6070
1655 12233 14180 3102 8719 9222 3171 10917 10033 13348 16187 6535 16187 8719 1110 16187
6771 6557 15658 13084 1378 6644 16187 16187 16187 16187 16187 16187 16187 16187 16187 16187
3842 3171 16187 9840 6259 3511 8268 12008 12232 11553 12233 1436 4776 12835 16187 6070
1655 12233 14180 3102 8719 9222 3171 10917 10033 13348 16187 6535 16187 8719 1110 16187
4776 10033 8710 3545 3594 1919 6685 8339 12233 6276 9605 4776 926 385 16187 16187
3842 3171 16187 11889 6011 15846 12149 1138 926 5711 16187 926 14043 926 16187 16187
1655 12233 14180 3102 8719 9222 3171 10917 10033 13348 16187 6535 16187 8719 1110 16187
14411 8268 7740 16138 7627 8712 16187 16187 16187 16187 16187 16187 16187 16187 16187 16187
3842 3171 16187 9840 6259 3511 8268 12008 12232 11553 12233 1436 4776 12835 16187 6070
1655 12233 14180 3102 8719 9222 3171 10917 10033 13348 16187 6535 16187 8719 1110 16187
7740 2446 2308 5463 926 4990 16105 9070 2526 16187 16187 16187 16187 16187 16187 16187
3842 3171 16187 9840 6259 3511 8268 12008 12232 11553 12233 1436 4776 12835 16187 6070
1655 12233 14180 3102 8719 9222 3171 10917 10033 13348 16187 6535 16187 8719 1110 16187
14043 6266 16187 16187 16187 16187 16187 16187 16187 16187 16187 16187 16187 16187 16187 16187
3842 3171 16187 11889 6011 15846 12149 1138 926 5711 16187 926 14043 926 16187 16187
1655 12233 14180 3102 8719 9222 3171 10917 10033 13348 16187 6535 16187 8719 1110 16187
9150 16187 16187 16187 16187 16187 16187 16187 16187 16187 16187 16187 16187 16187 16187 16187
3842 3171 16187 11889 6011 15846 12149 1138 926 5711 16187 926 14043 926 16187 16187
1655 12233 14180 3102 8719 9222 3171 10917 10033 13348 16187 6535 16187 8719 1110 16187
15658 6672 3364 11553 761 8692 9955 8719 14457 11889 3171 2598 16187 16187 16187 16187
3842 3171 16187 9840 6259 3511 8268 12008 12232 11553 12233 1436 4776 12835 16187 6070
1655 12233 14180 3102 8719 9222 3171 10917 10033 13348 16187 6535 16187 8719 1110 16187
6363 16187 16187 16187 16187 16187 16187 16187 16187 16187 16187 16187 16187 16187 16187 16187
3842 3171 16187 11889 6011 15846 12149 1138 926 5711 16187 14237 926 6011 2598 16187
1655 12233 14180 3102 8719 9222 3171 10917 10033 13348 16187 6535 16187 8719 1110 16187
10967 6259 7098 10709 3177 15740 8268 7740 9429 4325 9884 16105 4776 816 10936 16187
3842 3171 16187 9840 6259 3511 8268 12008 12232 11553 12233 1436 4776 12835 16187 6070
1655 12233 14180 3102 8719 9222 3171 10917 10033 13348 16187 6535 16187 8719 1110 16187
4776 6801 8710 1229 15640 3177 6011 8770 5463 8712 889 11301 5937 4751 16187 16187
3842 3171 16187 11889 6011 15846 12149 1138 926 5711 16187 926 14043 926 16187 16187
1655 12233 14180 3102 8719 9222 3171 10917 10033 13348 16187 6535 16187 8719 1110 16187
4325 14776 4311 8637 2837 15597 10566 7594 6949 8268 15649 8710 11121 12233 6826 16187
3842 3171 16187 9840 6259 3511 8268 12008 12232 11553 12233 1436 4776 12835 16187 6070
1655 12233 14180 3102 8719 9222 3171 10917 10033 13348 16187 6535 16187 8719 1110 16187
8712 15452 11889 6259 2563 49 15525 3177 7288 6259 8569 1378 16187 16187 16187 16187
3842 3171 16187 11889 6011 15846 12149 1138 926 5711 16187 14237 926 6011 2598 16187
1655 12233 14180 3102 8719 9222 3171 10917 10033 13348 16187 6535 16187 8719 1110 16187
4776 2563 7542 6556 6120 16187 16187 16187 16187 16187 16187 16187 16187 16187 16187 16187
3842 3171 16187 11889 6011 15846 12149 1138 926 5711 16187 926 14043 926 16187 16187
1655 12233 14180 3102 8719 9222 3171 10917 10033 13348 16187 6535 16187 8719 1110 16187
4776 14397 2067 13839 8710 12256 16187 16187 16187 16187 16187 16187 16187 16187 16187 16187
3842 3171 16187 9840 6259 3511 8268 12008 12232 11553 12233 1436 4776 12835 16187 6070
1655 12233 14180 3102 8719 9222 3171 10917 10033 13348 16187 6535 16187 8719 1110 16187
6173 10967 1378 926 12233 4776 3137 16187 16187 16187 16187 16187 16187 16187 16187 16187
3842 3171 16187 11889 6011 15846 12149 1138 926 5711 16187 14237 926 6011 2598 16187
1655 12233 14180 3102 8719 9222 3171 10917 10033 13348 16187 6535 16187 8719 1110 16187
4404 3098 10033 10967 5713 1390 16187 16187 16187 16187 16187 16187 16187 16187 16187 16187
3842 3171 16187 11889 6011 15846 12149 1138 926 5711 16187 14237 926 6011 2598 16187
1655 12233 14180 3102 8719 9222 3171 10917 10033 13348 16187 6535 16187 8719 1110 16187
15658 14352 13348 16187 16187 16187 16187 16187 16187 16187 16187 16187 16187 16187 16187 16187
3842 3171 16187 9840 6259 3511 8268 12008 12232 11553 12233 1436 4776 12835 16187 6070
1655 12233 14180 3102 8719 9222 3171 10917 10033 13348 16187 6535 16187 8719 1110 16187
8719 4994 8268 8712 5867 926 6905 15658 10272 6905 14237 359 13348 16187 16187 16187
3842 3171 16187 11889 6011 15846 12149 1138 926 5711 16187 926 14043 926 16187 16187
1655 12233 14180 3102 8719 9222 3171 10917 10033 13348 16187 6535 16187 8719 1110 16187
9084 7740 13637 13852 11393 1138 4776 6731 14826 419 5711 2598 16187 16187 16187 16187
3842 3171 16187 9840 6259 3511 8268 12008 12232 11553 12233 1436 4776 12835 16187 6070
1655 12233 14180 3102 8719 9222 3171 10917 10033 13348 16187 6535 16187 8719 1110 16187
1138 8973 926 5711 8710 10315 1957 926 2729 8719 2798 3177 926 16187 16187 16187
3842 3171 16187 11889 6011 15846 12149 1138 926 5711 16187 14237 926 6011 2598 16187
1655 12233 14180 3102 8719 9222 3171 10917 10033 13348 16187 6535 16187 8719 1110 16187
4325 13616 1955 6286 4552 9754 926 11889 3171 6713 7740 5208 8158 6011 16187 16187
3842 3171 16187 9840 6259 3511 8268 12008 12232 11553 12233 1436 4776 12835 16187 6070
1655 12233 14180 3102 8719 9222 3171 10917 10033 13348 16187 6535 16187 8719 1110 16187
8712 8710 15389 4624 11553 12233 420 8268 5329 12149 16187 16187 16187 16187 16187 16187
3842 3171 16187 11889 6011 15846 12149 1138 926 5711 16187 14237 926 6011 2598 16187
1655 12233 14180 3102 8719 9222 3171 10917 10033 13348 16187 6535 16187 8719 1110 16187
5695 10033 16187 16187 16187 16187 16187 16187 16187 16187 16187 16187 16187 16187 16187 16187
3842 3171 16187 11889 6011 15846 12149 1138 926 5711 16187 926 14043 926 16187 16187
1655 12233 14180 3102 8719 9222 3171 10917 10033 13348 16187 6535 16187 8719 1110 16187
7740 4531 3171 2563 6070 630 16187 16187 16187 16187 16187 16187 16187 16187 16187 16187
3842 3171 16187 11889 6011 15846 12149 1138 926 5711 16187 926 14043 926 16187 16187
1655 12233 14180 3102 8719 9222 3171 10917 10033 13348 16187 6535 16187 8719 1110 16187
8712 6253 6535 10399 14237 13570 1819 8712 5867 2148 15347 512 8712 8710 16187 16187
3842 3171 16187 9840 6259 3511 8268 12008 12232 11553 12233 1436 4776 12835 16187 6070
1655 12233 14180 3102 8719 9222 3171 10917 10033 13348 16187 6535 16187 8719 1110 16187
8712 968 2823 15174 8726 6011 5208 1453 13529 734 1919 6011 12495 16187 16187 16187
3842 3171 16187 9840 6259 3511 8268 12008 12232 11553 12233 1436 4776 12835 16187 6070
1655 12233 14180 3102 8719 9222 3171 10917 10033 13348 16187 6535 16187 8719 1110 16187
14069 4931 14691 7310 11953 3171 10033 16187 16187 16187 16187 16187 16187 16187 16187 16187
3842 3171 16187 11889 6011 15846 12149 1138 926 5711 16187 926 14043 926 16187 16187
1655 12233 14180 3102 8719 9222 3171 10917 10033 13348 16187 6535 16187 8719 1110 16187
6731 4931 6259 10355 13926 14237 6070 3437 16187 16187 16187 16187 16187 16187 16187 16187
3842 3171 16187 11889 6011 15846 12149 1138 926 5711 16187 14237 926 6011 2598 16187
1655 12233 14180 3102 8719 9222 3171 10917 10033 13348 16187 6535 16187 8719 1110 16187
4240 14231 1138 4776 12968 5711 7740 12449 12233 2552 6259 5820 14199 2563 16187 16187
3842 3171 16187 9840 6259 3511 8268 12008 12232 11553 12233 1436 4776 12835 16187 6070
1655 12233 14180 3102 8719 9222 3171 10917 10033 13348 16187 6535 16187 8719 1110 16187
4776 2221 8710 2326 8213 16187 16187 16187 16187 16187 16187 16187 16187 16187 16187 16187
3842 3171 16187 11889 6011 15846 12149 1138 926 5711 16187 926 14043 926 16187 16187
1655 12233 14180 3102 8719 9222 3171 10917 10033 13348 16187 6535 16187 8719 1110 16187
1543 14776 4325 2598 16187 16187 16187 16187 16187 16187 16187 16187 16187 16187 16187 16187
3842 3171 16187 9840 6259 3511 8268 12008 12232 11553 12233 1436 4776 12835 16187 6070
1655 12233 14180 3102 8719 9222 3171 10917 10033 13348 16187 6535 16187 8719 1110 16187
4776 12529 547 13429 8719 2760 8710 1138 926 7979 14237 4776 926 3827 5711 16187
3842 3171 16187 11889 6011 15846 12149 1138 926 5711 16187 926 14043 926 16187 16187
1655 12233 14180 3102 8719 9222 3171 10917 10033 13348 16187 6535 16187 8719 1110 16187
13474 8710 6601 1378 3177 4776 564 6434 8719 4776 10033 5046 16187 16187 16187 16187
3842 3171 16187 9840 6259 3511 8268 12008 12232 11553 12233 1436 4776 12835 16187 6070
1655 12233 14180 3102 8719 9222 3171 10917 10033 13348 16187 6535 16187 8719 1110 16187
7740 4531 3171 2563 10967 5946 12233 5759 14237 4931 3745 2758 2837 8712 14180 16187
3842 3171 16187 9840 6259 3511 8268 12008 12232 11553 12233 1436 4776 12835 16187 6070
1655 12233 14180 3102 8719 9222 3171 10917 10033 13348 16187 6535 16187 8719 1110 16187
6011 11553 12233 5272 13089 8712 4931 16105 16187 16187 16187 16187 16187 16187 16187 16187
3842 3171 16187 9840 6259 3511 8268 12008 12232 11553 12233 1436 4776 12835 16187 6070
1655 12233 14180 3102 8719 9222 3171 10917 10033 13348 16187 6535 16187 8719 1110 16187
3171 10033 8710 10571 10399 4189 16187 16187 16187 16187 16187 16187 16187 16187 16187 16187
3842 3171 16187 9840 6259 3511 8268 12008 12232 11553 12233 1436 4776 12835 16187 6070
1655 12233 14180 3102 8719 9222 3171 10917 10033 13348 16187 6535 16187 8719 1110 16187
8676 9498 12256 8268 6006 10950 8268 14296 3177 14180 4776 16146 12835 1098 16187 16187
3842 3171 16187 11889 6011 15846 12149 1138 926 5711 16187 14237 926 6011 2598 16187
1655 12233 14180 3102 8719 9222 3171 10917 10033 13348 16187 6535 16187 8719 1110 16187
6173 9431 703 9431 8268 7740 1110 10496 14237 12351 16187 16187 16187 16187 16187 16187
3842 3171 16187 11889 6011 15846 12149 1138 926 5711 16187 926 14043 926 16187 16187
1655 12233 14180 3102 8719 9222 3171 10917 10033 13348 16187 6535 16187 8719 1110 16187
5208 820 11889 9439 2326 940 8719 3171 72 9051 10776 1787 2598 16187 16187 16187
3842 3171 16187 11889 6011 15846 12149 1138 926 5711 16187 14237 926 6011 2598 16187
1655 12233 14180 3102 8719 9222 3171 10917 10033 13348 16187 6535 16187 8719 1110 16187
1955 6259 3449 7740 15729 2903 423 8017 830 3171 1138 14603 7970 5711 16187 16187
3842 3171 16187 11889 6011 15846 12149 1138 926 5711 16187 926 14043 926 16187 16187
1655 12233 14180 3102 8719 9222 3171 10917 10033 13348 16187 6535 16187 8719 1110 16187
4776 10033 8710 7518 14029 4776 2451 13664 2837 5577 926 14237 4421 10509 926 16187
3842 3171 16187 9840 6259 3511 8268 12008 12232 11553 12233 1436 4776 12835 16187 6070
1655 12233 14180 3102 8719 9222 3171 10917 10033 13348 16187 6535 16187 8719 1110 16187
5463 8710 8726 4325 5208 3557 4776 926 7151 4189 16187 16187 16187 16187 16187 16187
3842 3171 16187 11889 6011 15846 12149 1138 926 5711 16187 14237 926 6011 2598 16187
1655 12233 14180 3102 8719 9222 3171 10917 10033 13348 16187 6535 16187 8719 1110 16187
1378 3235 10967 4776 15939 5463 9084 9754 7448 12233 2823 4763 16187 16187 16187 16187
3842 3171 16187 11889 6011 15846 12149 1138 926 5711 16187 14237 926 6011 2598 16187
1655 12233 14180 3102 8719 9222 3171 10917 10033 13348 16187 6535 16187 8719 1110 16187
6259 6070 5098 14237 956 419 7459 1233 3748 16187 16187 16187 16187 16187 16187 16187
3842 3171 16187 9840 6259 3511 8268 12008 12232 11553 12233 1436 4776 12835 16187 6070
1655 12233 14180 3102 8719 9222 3171 10917 10033 13348 16187 6535 16187 8719 1110 16187
8093 6245 12233 9311 12233 13592 9389 1750 8268 7248 14734 14164 2598 16187 16187 16187
3842 3171 16187 9840 6259 3511 8268 12008 12232 11553 12233 1436 4776 12835 16187 6070
1655 12233 14180 3102 8719 9222 3171 10917 10033 13348 16187 6535 16187 8719 1110 16187
926 926 8710 3098 14237 5568 1378 15658 13248 12233 11553 10770 16187 16187 16187 16187
3842 3171 16187 11889 6011 15846 12149 1138 926 5711 16187 14237 926 6011 2598 16187
1655 12233 14180 3102 8719 9222 3171 10917 10033 13348 16187 6535 16187 8719 1110 16187
6011 12232 9754 10503 10526 2598 16187 16187 16187 16187 16187 16187 16187 16187 16187 16187
3842 3171 16187 11889 6011 15846 12149 1138 926 5711 16187 926 14043 926 16187 16187
1655 12233 14180 3102 8719 9222 3171 10917 10033 13348 16187 6535 16187 8719 1110 16187
4776 11998 8344 830 9070 4931 13529 7229 16187 16187 16187 16187 16187 16187 16187 16187
3842 3171 16187 9840 6259 3511 8268 12008 12232 11553 12233 1436 4776 12835 16187 6070
1655 12233 14180 3102 8719 9222 3171 10917 10033 13348 16187 6535 16187 8719 1110 16187
14919 14139 9484 1889 13348 16187 16187 16187 16187 16187 16187 16187 16187 16187 16187 16187
3842 3171 16187 11889 6011 15846 12149 1138 926 5711 16187 926 14043 926 16187 16187
1655 12233 14180 3102 8719 9222 3171 10917 10033 13348 16187 6535 16187 8719 1110 16187
7032 4312 8153 8913 14237 9445 14029 16187 16187 16187 16187 16187 16187 16187 16187 16187
3842 3171 16187 9840 6259 3511 8268 12008 12232 11553 12233 1436 4776 12835 16187 6070
1655 12233 14180 3102 8719 9222 3171 10917 10033 13348 16187 6535 16187 8719 1110 16187
5329 2326 8268 7740 8695 16187 16187 16187 16187 16187 16187 16187 16187 16187 16187 16187
3842 3171 16187 11889 6011 15846 12149 1138 926 5711 16187 14237 926 6011 2598 16187
1655 12233 14180 3102 8719 9222 3171 10917 10033 13348 16187 6535 16187 8719 1110 16187
4776 5774 926 443 15881 9575 14237 9360 14237 4776 11303 8428 16187 16187 16187 16187
3842 3171 16187 9840 6259 3511 8268 12008 12232 11553 12233 1436 4776 12835 16187 6070
1655 12233 14180 3102 8719 9222 3171 10917 10033 13348 16187 6535 16187 8719 1110 16187
6259 5820 16187 16187 16187 16187 16187 16187 16187 16187 16187 16187 16187 16187 16187 16187
3842 3171 16187 11889 6011 15846 12149 1138 926 5711 16187 926 14043 926 16187 16187
1655 12233 14180 3102 8719 9222 3171 10917 10033 13348 16187 6535 16187 8719 1110 16187
14031 8268 14237 4776 4707 3177 1237 10247 16187 16187 16187 16187 16187 16187 16187 16187
3842 3171 16187 11889 6011 15846 12149 1138 926 5711 16187 926 14043 926 16187 16187
1655 12233 14180 3102 8719 9222 3171 10917 10033 13348 16187 6535 16187 8719 1110 16187
926 926 7147 13990 14029 2490 8268 14237 8710 2446 13178 12233 4776 5801 16187 16187
3842 3171 16187 9840 6259 3511 8268 12008 12232 11553 12233 1436 4776 12835 16187 6070
1655 12233 14180 3102 8719 9222 3171 10917 10033 13348 16187 6535 16187 8719 1110 16187
2446 7926 3847 10217 10266 8719 9594 3504 16187 16187 16187 16187 16187 16187 16187 16187
3842 3171 16187 9840 6259 3511 8268 12008 12232 11553 12233 1436 4776 12835 16187 6070
1655 12233 14180 3102 8719 9222 3171 10917 10033 13348 16187 6535 16187 8719 1110 16187
1326 926 6218 12233 4776 5528 1955 6351 5867 1069 4125 926 16187 16187 16187 16187
3842 3171 16187 11889 6011 15846 12149 1138 926 5711 16187 14237 926 6011 2598 16187
1655 12233 14180 3102 8719 9222 3171 10917 10033 13348 16187 6535 16187 8719 1110 16187
1350 8268 11615 926 8710 2326 10770 12233 12650 16187 16187 16187 16187 16187 16187 16187
3842 3171 16187 9840 6259 3511 8268 12008 12232 11553 12233 1436 4776 12835 16187 6070
1655 12233 14180 3102 8719 9222 3171 10917 10033 13348 16187 6535 16187 8719 1110 16187
8712 8710 6259 2176 8268 11901 14237 6070 4688 132 12233 13637 16187 16187 16187 16187
3842 3171 16187 11889 6011 15846 12149 1138 926 5711 16187 926 14043 926 16187 16187
1655 12233 14180 3102 8719 9222 3171 10917 10033 13348 16187 6535 16187 8719 1110 16187
14069 8710 13084 15778 16187 16187 16187 16187 16187 16187 16187 16187 16187 16187 16187 16187
3842 3171 16187 11889 6011 15846 12149 1138 926 5711 16187 926 14043 926 16187 16187
1655 12233 14180 3102 8719 9222 3171 10917 10033 13348 16187 6535 16187 8719 1110 16187
8339 926 6363 926 16187 16187 16187 16187 16187 16187 16187 16187 16187 16187 16187 16187
3842 3171 16187 9840 6259 3511 8268 12008 12232 11553 12233 1436 4776 12835 16187 6070
1655 12233 14180 3102 8719 9222 3171 10917 10033 13348 16187 6535 16187 8719 1110 16187
9782 14029 4776 10918 830 15520 1167 16187 16187 16187 16187 16187 16187 16187 16187 16187
3842 3171 16187 9840 6259 3511 8268 12008 12232 11553 12233 1436 4776 12835 16187 6070
1655 12233 14180 3102 8719 9222 3171 10917 10033 13348 16187 6535 16187 8719 1110 16187
14237 8268 11889 10566 11327 1133 8268 8712 779 6259 13178 14117 16187 16187 16187 16187
3842 3171 16187 11889 6011 15846 12149 1138 926 5711 16187 14237 926 6011 2598 16187
1655 12233 14180 3102 8719 9222 3171 10917 10033 13348 16187 6535 16187 8719 1110 16187
14237 4776 10312 5463 4776 926 6161 5656 12233 1110 14237 926 8719 16187 16187 16187
3842 3171 16187 9840 6259 3511 8268 12008 12232 11553 12233 1436 4776 12835 16187 6070
1655 12233 14180 3102 8719 9222 3171 10917 10033 13348 16187 6535 16187 8719 1110 16187
926 926 7076 4776 10710 9290 1919 6259 5217 3177 2478 16187 16187 16187 16187 16187
3842 3171 16187 9840 6259 3511 8268 12008 12232 11553 12233 1436 4776 12835 16187 6070
1655 12233 14180 3102 8719 9222 3171 10917 10033 13348 16187 6535 16187 8719 1110 16187
14043 8069 13580 9617 15 11007 12233 15123 3192 16187 16187 16187 16187 16187 16187 16187
3842 3171 16187 9840 6259 3511 8268 12008 12232 11553 12233 1436 4776 12835 16187 6070
1655 12233 14180 3102 8719 9222 3171 10917 10033 13348 16187 6535 16187 8719 1110 16187
2684 16187 16187 16187 16187 16187 16187 16187 16187 16187 16187 16187 16187 16187 16187 16187
3842 3171 16187 9840 6259 3511 8268 12008 12232 11553 12233 1436 4776 12835 16187 6070
1655 12233 14180 3102 8719 9222 3171 10917 10033 13348 16187 6535 16187 8719 1110 16187
10571 14902 14237 4927 3177 1382 3748 4776 10399 7520 7694 3748 4776 14207 10671 16187
3842 3171 16187 11889 6011 15846 12149 1138 926 5711 16187 14237 926 6011 2598 16187
1655 12233 14180 3102 8719 9222 3171 10917 10033 13348 16187 6535 16187 8719 1110 16187
14180 7740 6166 10967 6259 2563 8710 830 8712 12233 13229 9070 16187 16187 16187 16187
3842 3171 16187 11889 6011 15846 12149 1138 926 5711 16187 926 14043 926 16187 16187
1655 12233 14180 3102 8719 9222 3171 10917 10033 13348 16187 6535 16187 8719 1110 16187
6173 926 15034 8913 779 4776 4064 926 954 16187 16187 16187 16187 16187 16187 16187
3842 3171 16187 9840 6259 3511 8268 12008 12232 11553 12233 1436 4776 9431 983 6259
1655 12233 14180 3102 8719 9222 3171 10917 10033 13348 16187 6535 16187 8719 1110 16187
6215 8470 2904 7926 6601 9084 9754 16187 16187 16187 16187 16187 16187 16187 16187 16187
3842 3171 16187 11889 6011 15846 12149 1138 926 5711 16187 926 14043 926 16187 16187
1655 12233 14180 3102 8719 9222 3171 10917 10033 13348 16187 6535 16187 8719 1110 16187
3171 10033 14281 8710 12256 12008 8712 8710 5329 3257 1957 4776 9790 983 16187 16187
3842 3171 16187 9840 6259 3511 8268 12008 12232 11553 12233 1436 4776 12835 16187 6070
1655 12233 14180 3102 8719 9222 3171 10917 10033 13348 16187 6535 16187 8719 1110 16187
7740 11553 13084 10400 8726 8712 8710 11068 14043 5329 16187 16187 16187 16187 16187 16187
3842 3171 16187 11889 6011 15846 12149 1138 926 5711 16187 14237 926 6011 2598 16187
1655 12233 14180 3102 8719 9222 3171 10917 10033 13348 16187 6535 16187 8719 1110 16187
12008 8712 13942 4776 9349 8710 14069 12495 16187 16187 16187 16187 16187 16187 16187 16187
3842 3171 16187 9840 6259 3511 8268 12008 12232 11553 12233 1436 4776 12835 16187 6070
1655 12233 14180 3102 8719 9222 3171 10917 10033 13348 16187 6535 16187 8719 1110 16187
9745 9332 5329 16187 16187 16187 16187 16187 16187 16187 16187 16187 16187 16187 16187 16187
3842 3171 16187 11889 6011 15846 12149 1138 926 5711 16187 926 14043 926 16187 16187
1655 12233 14180 3102 8719 9222 3171 10917 10033 13348 16187 6535 16187 8719 1110 16187
926 3927 6259 10566 13074 14237 11240 11434 3177 926 1440 16187 16187 16187 16187 16187
3842 3171 16187 9840 6259 3511 8268 12008 12232 11553 12233 1436 4776 12835 16187 6070
1655 12233 14180 3102 8719 9222 3171 10917 10033 13348 16187 6535 16187 8719 1110 16187
8712 3418 926 926 8268 2486 11704 8268 7748 13741 14237 926 214 926 16187 16187
3842 3171 16187 11889 6011 15846 12149 1138 926 5711 16187 926 14043 926 16187 16187
1655 12233 14180 3102 8719 9222 3171 10917 10033 13348 16187 6535 16187 8719 1110 16187
7740 4628 9754 15784 1157 8268 13943 12233 1436 12650 12958 10599 16187 16187 16187 16187
3842 3171 16187 9840 6259 3511 8268 12008 12232 11553 12233 1436 4776 12835 16187 6070
1655 12233 14180 3102 8719 9222 3171 10917 10033 13348 16187 6535 16187 8719 1110 16187
4776 564 9424 11953 3171 2563 8710 4776 3398 1146 14457 16187 16187 16187 16187 16187
3842 3171 16187 11889 6011 15846 12149 1138 926 5711 16187 926 14043 926 16187 16187
1655 12233 14180 3102 8719 9222 3171 10917 10033 13348 16187 6535 16187 8719 1110 16187
4325 7661 6133 13348 16187 16187 16187 16187 16187 16187 16187 16187 16187 16187 16187 16187
3842 3171 16187 11889 6011 15846 12149 1138 926 5711 16187 14237 926 6011 2598 16187
1655 12233 14180 3102 8719 9222 3171 10917 10033 13348 16187 6535 16187 8719 1110 16187
4325 9498 6070 926 14237 795 8268 14237 771 1597 3098 11331 16187 16187 16187 16187
3842 3171 16187 9840 6259 3511 8268 12008 12232 11553 12233 1436 4776 12835 16187 6070
1655 12233 14180 3102 8719 9222 3171 10917 10033 13348 16187 6535 16187 8719 1110 16187
4776 4152 4931 6070 6140 14237 6070 12606 16187 16187 16187 16187 16187 16187 16187 16187
3842 3171 16187 11889 6011 15846 12149 1138 926 5711 16187 14237 926 6011 2598 16187
1655 12233 14180 3102 8719 9222 3171 10917 10033 13348 16187 6535 16187 8719 1110 16187
4776 13726 12233 7975 1919 6011 4240 4776 5898 960 16187 16187 16187 16187 16187 16187
3842 3171 16187 11889 6011 15846 12149 1138 926 5711 16187 926 14043 926 16187 16187
1655 12233 14180 3102 8719 9222 3171 10917 10033 13348 16187 6535 16187 8719 1110 16187
6856 3177 4776 9044 3575 16187 16187 16187 16187 16187 16187 16187 16187 16187 16187 16187
3842 3171 16187 9840 6259 3511 8268 12008 12232 11553 12233 1436 4776 12835 16187 6070
1655 12233 14180 3102 8719 9222 3171 10917 10033 13348 16187 6535 16187 8719 1110 16187
14069 14776 14348 926 8268 12008 4325 4552 9754 8815 8712 16187 16187 16187 16187 16187
3842 3171 16187 9840 6259 3511 8268 12008 12232 11553 12233 1436 4776 12835 16187 6070
1655 12233 14180 3102 8719 9222 3171 10917 10033 13348 16187 6535 16187 8719 1110 16187
3171 10033 15846 2823 6259 8974 16187 16187 16187 16187 16187 16187 16187 16187 16187 16187
3842 3171 16187 11889 6011 15846 12149 1138 926 5711 16187 14237 926 6011 2598 16187
1655 12233 14180 3102 8719 9222 3171 10917 10033 13348 16187 6535 16187 8719 1110 16187
7740 9084 5329 188 1597 3177 4312 12233 9085 8268 9563 14258 2726 16187 16187 16187
3842 3171 16187 11889 6011 15846 12149 1138 926 5711 16187 926 14043 926 16187 16187
1655 12233 14180 3102 8719 9222 3171 10917 10033 13348 16187 6535 16187 8719 1110 16187
1957 14589 8268 5329 6713 16187 16187 16187 16187 16187 16187 16187 16187 16187 16187 16187
3842 3171 16187 11889 6011 15846 12149 1138 926 5711 16187 14237 926 6011 2598 16187
1655 12233 14180 3102 8719 9222 3171 10917 10033 13348 16187 6535 16187 8719 1110 16187
15846 13734 10036 3137 13879 9063 13348 16187 16187 16187 16187 16187 16187 16187 16187 16187
3842 3171 16187 9840 6259 3511 8268 12008 12232 11553 12233 1436 4776 12835 16187 6070
1655 12233 14180 3102 8719 9222 3171 10917 10033 13348 16187 6535 16187 8719 1110 16187
4776 14596 4931 10355 8268 12008 1957 12291 8268 9084 9754 14361 12233 8712 16187 16187
3842 3171 16187 9840 6259 3511 8268 12008 12232 11553 12233 1436 4776 12835 16187 6070
1655 12233 14180 3102 8719 9222 3171 10917 10033 13348 16187 6535 16187 8719 1110 16187
8712 16138 8052 5937 12805 14237 4776 4628 9754 151 13922 8268 9890 16187 16187 16187
3842 3171 16187 9840 6259 3511 8268 12008 12232 11553 12233 1436 4776 12835 16187 6070
1655 12233 14180 3102 8719 9222 3171 10917 10033 13348 16187 6535 16187 8719 1110 16187
926 5867 8808 12960 4776 4963 8794 1750 91 8268 8798 4108 13923 4776 9866 16187
3842 3171 16187 9840 6259 3511 8268 12008 12232 11553 12233 1436 4776 12835 16187 6070
1655 12233 14180 3102 8719 9222 3171 10917 10033 13348 16187 6535 16187 8719 1110 16187
1229 11300 13348 16187 16187 16187 16187 16187 16187 16187 16187 16187 16187 16187 16187 16187
3842 3171 16187 9840 6259 3511 8268 12008 12232 11553 12233 1436 4776 12835 16187 6070
1655 12233 14180 3102 8719 9222 3171 10917 10033 13348 16187 6535 16187 8719 1110 16187
3095 1243 929 4325 14776 3548 8667 4776 6 8268 15 830 6259 13546 926 16187
3842 3171 16187 11889 6011 15846 12149 1138 926 5711 16187 926 14043 926 16187 16187
1655 12233 14180 3102 8719 9222 3171 10917 10033 13348 16187 6535 16187 8719 1110 16187
6259 7749 977 8719 4776 6102 13942 5405 16187 16187 16187 16187 16187 16187 16187 16187
3842 3171 16187 11889 6011 15846 12149 1138 926 5711 16187 14237 926 6011 2598 16187
1655 12233 14180 3102 8719 9222 3171 10917 10033 13348 16187 6535 16187 8719 1110 16187
3171 2563 8710 9563 830 12608 16187 16187 16187 16187 16187 16187 16187 16187 16187 16187
3842 3171 16187 9840 6259 3511 8268 12008 12232 11553 12233 1436 4776 12835 16187 6070
1655 12233 14180 3102 8719 9222 3171 10917 10033 13348 16187 6535 16187 8719 1110 16187
8710 6070 13181 12008 7740 8680 10503 6407 7060 7733 4776 9577 16187 16187 16187 16187
3842 3171 16187 11889 6011 15846 12149 1138 926 5711 16187 14237 926 6011 2598 16187
1655 12233 14180 3102 8719 9222 3171 10917 10033 13348 16187 6535 16187 8719 1110 16187
11439 926 8710 4776 3780 926 1853 8268 6259 4389 5726 16187 16187 16187 16187 16187
3842 3171 16187 9840 6259 3511 8268 12008 12232 11553 12233 1436 4776 12835 16187 6070
1655 12233 14180 3102 8719 9222 3171 10917 10033 13348 16187 6535 16187 8719 1110 16187
5329 137 4776 1330 3609 2903 8719 8708 1383 15846 6237 9605 6259 4320 16187 16187
3842 3171 16187 11889 6011 15846 12149 1138 926 5711 16187 926 14043 926 16187 16187
1655 12233 14180 3102 8719 9222 3171 10917 10033 13348 16187 6535 16187 8719 1110 16187
10033 5867 3809 9594 14237 13546 6006 8710 4776 5568 12238 16187 16187 16187 16187 16187
3842 3171 16187 9840 6259 3511 8268 12008 12232 11553 12233 1436 4776 12835 16187 6070
1655 12233 14180 3102 8719 9222 3171 10917 10033 13348 16187 6535 16187 8719 1110 16187
3222 14734 6161 8223 12233 13529 14373 8268 14734 12660 9059 8093 12341 14745 16187 16187
3842 3171 16187 9840 6259 3511 8268 12008 12232 11553 12233 1436 4776 12835 16187 6070
1655 12233 14180 3102 8719 9222 3171 10917 10033 13348 16187 6535 16187 8719 1110 16187
1400 926 7336 4864 15741 11953 1157 16187 16187 16187 16187 16187 16187 16187 16187 16187
3842 3171 16187 9840 6259 3511 8268 12008 12232 11553 12233 1436 4776 12835 16187 6070
1655 12233 14180 3102 8719 9222 3171 10917 10033 13348 16187 6535 16187 8719 1110 16187
9197 926 8710 6259 5948 3177 10770 16187 16187 16187 16187 16187 16187 16187 16187 16187
3842 3171 16187 9840 6259 3511 8268 12008 12232 11553 12233 1436 4776 12835 16187 6070
1655 12233 14180 3102 8719 9222 3171 10917 10033 13348 16187 6535 16187 8719 1110 16187
3543 9754 4325 926 12495 2598 16187 16187 16187 16187 16187 16187 16187 16187 16187 16187
3842 3171 16187 9840 6259 3511 8268 12008 12232 11553 12233 1436 4776 12835 16187 6070
1655 12233 14180 3102 8719 9222 3171 10917 10033 13348 16187 6535 16187 8719 1110 16187
7926 13216 10918 2858 4776 2814 16187 16187 16187 16187 16187 16187 16187 16187 16187 16187
3842 3171 16187 11889 6011 15846 12149 1138 926 5711 16187 14237 926 6011 2598 16187
1655 12233 14180 3102 8719 9222 3171 10917 10033 13348 16187 6535 16187 8719 1110 16187
8069 4776 3052 14776 6929 16187 16187 16187 16187 16187 16187 16187 16187 16187 16187 16187
3842 3171 16187 9840 6259 3511 8268 12008 12232 11553 12233 1436 4776 12835 16187 6070
1655 12233 14180 3102 8719 9222 3171 10917 10033 13348 16187 6535 16187 8719 1110 16187
13560 13348 16187 16187 16187 16187 16187 16187 16187 16187 16187 16187 16187 16187 16187 16187
3842 3171 16187 9840 6259 3511 8268 12008 12232 11553 12233 1436 4776 12835 16187 6070
1655 12233 14180 3102 8719 9222 3171 10917 10033 13348 16187 6535 16187 8719 1110 16187
8712 5867 2837 9091 16187 16187 16187 16187 16187 16187 16187 16187 16187 16187 16187 16187
3842 3171 16187 11889 6011 15846 12149 1138 926 5711 16187 14237 926 6011 2598 16187
1655 12233 14180 3102 8719 9222 3171 10917 10033 13348 16187 6535 16187 8719 1110 16187
13089 9063 2712 3171 8268 7740 2308 4776 2601 11178 8268 1378 3387 4851 16187 16187
3842 3171 16187 11889 6011 15846 12149 1138 926 5711 16187 14237 926 6011 2598 16187
1655 12233 14180 3102 8719 9222 3171 10917 10033 13348 16187 6535 16187 8719 1110 16187
2066 926 8710 1954 772 1023 16187 16187 16187 16187 16187 16187 16187 16187 16187 16187
3842 3171 16187 11889 6011 15846 12149 1138 926 5711 16187 14237 926 6011 2598 16187
1655 12233 14180 3102 8719 9222 3171 10917 10033 13348 16187 6535 16187 8719 1110 16187
7432 2946 1213 1955 11306 12964 14237 1799 926 14776 926 11492 8719 5121 10638 16187
3842 3171 16187 11889 6011 15846 12149 1138 926 5711 16187 926 14043 926 16187 16187
1655 12233 14180 3102 8719 9222 3171 10917 10033 13348 16187 6535 16187 8719 1110 16187
91 5867 6259 7637 5463 2945 10272 12233 2823 6381 12233 7422 14237 9442 16187 16187
3842 3171 16187 11889 6011 15846 12149 1138 926 5711 16187 926 14043 926 16187 16187
1655 12233 14180 3102 8719 9222 3171 10917 10033 13348 16187 6535 16187 8719 1110 16187
926 8710 6259 14238 14237 5024 926 16187 16187 16187 16187 16187 16187 16187 16187 16187
3842 3171 16187 9840 6259 3511 8268 12008 12232 11553 12233 1436 4776 12835 16187 6070
1655 12233 14180 3102 8719 9222 3171 10917 10033 13348 16187 6535 16187 8719 1110 16187
14043 2823 926 15525 8726 4325 7812 16187 16187 16187 16187 16187 16187 16187 16187 16187
3842 3171 16187 9840 6259 3511 8268 12008 12232 11553 12233 1436 4776 12835 16187 6070
1655 12233 14180 3102 8719 9222 3171 10917 10033 13348 16187 6535 16187 8719 1110 16187
5463 5867 14272 3112 8712 1229 232 6259 10355 8282 3177 10037 16187 16187 16187 16187
3842 3171 16187 9840 6259 3511 8268 12008 12232 11553 12233 1436 4776 12835 16187 6070
1655 12233 14180 3102 8719 9222 3171 10917 10033 13348 16187 6535 16187 8719 1110 16187
12008 4311 2979 4776 4194 3177 8268 15649 926 8719 4693 5377 16187 16187 16187 16187
3842 3171 16187 11889 6011 15846 12149 1138 926 5711 16187 14237 926 6011 2598 16187
1655 12233 14180 3102 8719 9222 3171 10917 10033 13348 16187 6535 16187 8719 1110 16187
5208 2823 1959 1919 6259 5286 2498 6161 2598 16187 16187 16187 16187 16187 16187 16187
3842 3171 16187 11889 6011 15846 12149 1138 926 5711 16187 14237 926 6011 2598 16187
1655 12233 14180 3102 8719 9222 3171 10917 10033 13348 16187 6535 16187 8719 1110 16187
12233 12276 8344 7740 4931 6070 9106 8268 8069 926 16187 16187 16187 16187 16187 16187
3842 3171 16187 11889 6011 15846 12149 1138 926 5711 16187 14237 926 6011 2598 16187
1655 12233 14180 3102 8719 9222 3171 10917 10033 13348 16187 6535 16187 8719 1110 16187
3171 779 10242 3177 5463 16187 16187 16187 16187 16187 16187 16187 16187 16187 16187 16187
3842 3171 16187 11889 6011 15846 12149 1138 926 5711 16187 14237 926 6011 2598 16187
1655 12233 14180 3102 8719 9222 3171 10917 10033 13348 16187 6535 16187 8719 1110 16187
11530 4776 15939 13089 7740 2696 8712 14255 1243 2968 16187 16187 16187 16187 16187 16187
3842 3171 16187 9840 6259 3511 8268 12008 12232 11553 12233 1436 4776 12835 16187 6070
1655 12233 14180 3102 8719 9222 3171 10917 10033 13348 16187 6535 16187 8719 1110 16187
10397 926 5867 13343 13555 8309 15525 1919 6259 4520 8268 5329 6259 4322 16187 16187
3842 3171 16187 9840 6259 3511 8268 12008 12232 11553 12233 1436 4776 12835 16187 6070
1655 12233 14180 3102 8719 9222 3171 10917 10033 13348 16187 6535 16187 8719 1110 16187
9574 14139 9484 1019 2780 6173 5627 16187 16187 16187 16187 16187 16187 16187 16187 16187
3842 3171 16187 9840 6259 3511 8268 12008 12232 11553 12233 1436 4776 12835 16187 6070
1655 12233 14180 3102 8719 9222 3171 10917 10033 13348 16187 6535 16187 8719 1110 16187
7740 973 6259 9156 12216 5095 8268 7926 8710 926 8268 14237 2296 15846 2823 16187
3842 3171 16187 11889 6011 15846 12149 1138 926 5711 16187 926 14043 926 16187 16187
1655 12233 14180 3102 8719 9222 3171 10917 10033 13348 16187 6535 16187 8719 1110 16187
5329 15202 6550 4776 10217 2103 9084 7740 14581 11889 4776 10033 4931 11052 16187 16187
3842 3171 16187 9840 6259 3511 8268 12008 12232 11553 12233 1436 4776 12835 16187 6070
1655 12233 14180 3102 8719 9222 3171 10917 10033 13348 16187 6535 16187 8719 1110 16187
8712 5867 3746 3177 1245 16187 16187 16187 16187 16187 16187 16187 16187 16187 16187 16187
3842 3171 16187 11889 6011 15846 12149 1138 926 5711 16187 926 14043 926 16187 16187
1655 12233 14180 3102 8719 9222 3171 10917 10033 13348 16187 6535 16187 8719 1110 16187
12008 8712 2446 779 1954 13903 2087 5463 3294 4776 926 9385 16187 16187 16187 16187
3842 3171 16187 11889 6011 15846 12149 1138 926 5711 16187 14237 926 6011 2598 16187
1655 12233 14180 3102 8719 9222 3171 10917 10033 13348 16187 6535 16187 8719 1110 16187
6259 3257 7083 6683 16187 16187 16187 16187 16187 16187 16187 16187 16187 16187 16187 16187
3842 3171 16187 11889 6011 15846 12149 1138 926 5711 16187 926 14043 926 16187 16187
1655 12233 14180 3102 8719 9222 3171 10917 10033 13348 16187 6535 16187 8719 1110 16187
8712 5867 11022 13663 8719 6259 6070 7711 4927 8268 12008 16167 11900 16187 16187 16187
3842 3171 16187 11889 6011 15846 12149 1138 926 5711 16187 14237 926 6011 2598 16187
1655 12233 14180 3102 8719 9222 3171 10917 10033 13348 16187 6535 16187 8719 1110 16187
13386 926 926 14734 954 1955 926 830 4776 5891 983 16187 16187 16187 16187 16187
3842 3171 16187 9840 6259 3511 8268 12008 12232 11553 12233 1436 4776 12835 16187 6070
1655 12233 14180 3102 8719 9222 3171 10917 10033 13348 16187 6535 16187 8719 1110 16187
4325 7661 8639 8719 4776 1378 15401 1243 2968 16187 16187 16187 16187 16187 16187 16187
3842 3171 16187 11889 6011 15846 12149 1138 926 5711 16187 14237 926 6011 2598 16187
1655 12233 14180 3102 8719 9222 3171 10917 10033 13348 16187 6535 16187 8719 1110 16187
4776 3511 8710 8268 8712 3847 9754 11553 12233 16187 16187 16187 16187 16187 16187 16187
3842 3171 16187 11889 6011 15846 12149 1138 926 5711 16187 14237 926 6011 2598 16187
1655 12233 14180 3102 8719 9222 3171 10917 10033 13348 16187 6535 16187 8719 1110 16187
4624 14776 5807 3177 6011 926 16187 16187 16187 16187 16187 16187 16187 16187 16187 16187
3842 3171 16187 11889 6011 15846 12149 1138 926 5711 16187 926 14043 926 16187 16187
1655 12233 14180 3102 8719 9222 3171 10917 10033 13348 16187 6535 16187 8719 1110 16187
4776 5245 11317 8710 6259 6070 15747 2894 3177 926 16187 16187 16187 16187 16187 16187
3842 3171 16187 11889 6011 15846 12149 1138 926 5711 16187 14237 926 6011 2598 16187
1655 12233 14180 3102 8719 9222 3171 10917 10033 13348 16187 6535 16187 8719 1110 16187
7740 3644 9754 5272 4776 2588 983 7740 1959 6259 10033 11889 3171 1378 16187 16187
3842 3171 16187 9840 6259 3511 8268 12008 12232 11553 12233 1436 4776 12835 16187 6070
1655 12233 14180 3102 8719 9222 3171 10917 10033 13348 16187 6535 16187 8719 1110 16187
6259 4152 7740 9884 8466 6259 6418 12291 8258 5208 5297 8018 9070 3730 16187 16187
3842 3171 16187 9840 6259 3511 8268 12008 12232 11553 12233 1436 4776 12835 16187 6070
1655 12233 14180 3102 8719 9222 3171 10917 10033 13348 16187 6535 16187 8719 1110 16187
4325 926 15597 9038 2858 3171 2563 16187 16187 16187 16187 16187 16187 16187 16187 16187
3842 3171 16187 11889 6011 15846 12149 1138 926 5711 16187 926 14043 926 16187 16187
1655 12233 14180 3102 8719 9222 3171 10917 10033 13348 16187 6535 16187 8719 1110 16187
3171 2563 779 6259 1098 4152 14237 8124 1146 284 16187 16187 16187 16187 16187 16187
3842 3171 16187 11889 6011 15846 12149 1138 926 5711 16187 926 14043 926 16187 16187
1655 12233 14180 3102 8719 9222 3171 10917 10033 13348 16187 6535 16187 8719 1110 16187
830 9743 4383 15335 15658 5208 8268 7742 10471 16187 16187 16187 16187 16187 16187 16187
3842 3171 16187 11889 6011 15846 12149 1138 926 5711 16187 926 14043 926 16187 16187
1655 12233 14180 3102 8719 9222 3171 10917 10033 13348 16187 6535 16187 8719 1110 16187
7742 4032 2712 8268 2684 11022 14237 2608 2837 6259 10602 13839 16187 16187 16187 16187
3842 3171 16187 11889 6011 15846 12149 1138 926 5711 16187 14237 926 6011 2598 16187
1655 12233 14180 3102 8719 9222 3171 10917 10033 13348 16187 6535 16187 8719 1110 16187
14237 8268 3177 1245 8268 4776 1267 14776 4776 4856 8719 4776 14596 16187 16187 16187
3842 3171 16187 9840 6259 3511 8268 12008 12232 11553 12233 1436 4776 12835 16187 6070
1655 12233 14180 3102 8719 9222 3171 10917 10033 13348 16187 6535 16187 8719 1110 16187
13474 12010 9070 3177 6259 15873 5629 926 8378 14237 2486 11704 16187 16187 16187 16187
3842 3171 16187 11889 6011 15846 12149 1138 926 5711 16187 14237 926 6011 2598 16187
1655 12233 14180 3102 8719 9222 3171 10917 10033 13348 16187 6535 16187 8719 1110 16187
7926 8710 15336 1955 4776 1138 10355 5095 5711 16187 16187 16187 16187 16187 16187 16187
3842 3171 16187 11889 6011 15846 12149 1138 926 5711 16187 926 14043 926 16187 16187
1655 12233 14180 3102 8719 9222 3171 10917 10033 13348 16187 6535 16187 8719 1110 16187
4776 3384 1543 926 14237 926 4924 926 14237 926 16187 16187 16187 16187 16187 16187
3842 3171 16187 11889 6011 15846 12149 1138 926 5711 16187 14237 926 6011 2598 16187
1655 12233 14180 3102 8719 9222 3171 10917 10033 13348 16187 6535 16187 8719 1110 16187
6297 7740 3644 9754 2348 6259 2563 5463 12232 6259 4589 12809 15939 16187 16187 16187
3842 3171 16187 9840 6259 3511 8268 12008 12232 11553 12233 1436 4776 12835 16187 6070
1655 12233 14180 3102 8719 9222 3171 10917 10033 13348 16187 6535 16187 8719 1110 16187
6826 9229 3171 8710 4776 1138 12850 2024 2563 8084 16105 5711 16187 16187 16187 16187
3842 3171 16187 11889 6011 15846 12149 1138 926 5711 16187 926 14043 926 16187 16187
1655 12233 14180 3102 8719 9222 3171 10917 10033 13348 16187 6535 16187 8719 1110 16187
4624 11031 8270 3748 1919 926 8268 7508 16187 16187 16187 16187 16187 16187 16187 16187
3842 3171 16187 9840 6259 3511 8268 12008 12232 11553 12233 1436 4776 12835 16187 6070
1655 12233 14180 3102 8719 9222 3171 10917 10033 13348 16187 6535 16187 8719 1110 16187
8796 8712 8710 12008 8712 11900 14855 12233 3171 1750 5568 4776 10077 10709 16187 16187
3842 3171 16187 9840 6259 3511 8268 12008 12232 11553 12233 1436 4776 12835 16187 6070
1655 12233 14180 3102 8719 9222 3171 10917 10033 13348 16187 6535 16187 8719 1110 16187
7740 11839 3171 12232 6276 4776 10033 10603 6826 5819 16187 16187 16187 16187 16187 16187
3842 3171 16187 11889 6011 15846 12149 1138 926 5711 16187 14237 926 6011 2598 16187
1655 12233 14180 3102 8719 9222 3171 10917 10033 13348 16187 6535 16187 8719 1110 16187
9063 13348 13348 13348 16187 16187 16187 16187 16187 16187 16187 16187 16187 16187 16187 16187
3842 3171 16187 11889 6011 15846 12149 1138 926 5711 16187 14237 926 6011 2598 16187
1655 12233 14180 3102 8719 9222 3171 10917 10033 13348 16187 6535 16187 8719 1110 16187
14069 5867 5329 630 12233 2823 8592 830 3171 10033 16187 16187 16187 16187 16187 16187
3842 3171 16187 11889 6011 15846 12149 1138 926 5711 16187 926 14043 926 16187 16187
1655 12233 14180 3102 8719 9222 3171 10917 10033 13348 16187 6535 16187 8719 1110 16187
8069 8726 4624 4552 9754 7448 8712 16187 16187 16187 16187 16187 16187 16187 16187 16187
3842 3171 16187 9840 6259 3511 8268 12008 12232 11553 12233 1436 4776 12835 16187 6070
1655 12233 14180 3102 8719 9222 3171 10917 10033 13348 16187 6535 16187 8719 1110 16187
6259 3059 3177 4776 126 1138 926 926 926 5711 8710 2446 14156 16187 16187 16187
3842 3171 16187 11889 6011 15846 12149 1138 926 5711 16187 14237 926 6011 2598 16187
1655 12233 14180 3102 8719 9222 3171 10917 10033 13348 16187 6535 16187 8719 1110 16187
7926 5867 2689 8268 7926 5867 4537 5329 3098 16187 16187 16187 16187 16187 16187 16187
3842 3171 16187 11889 6011 15846 12149 1138 926 5711 16187 14237 926 6011 2598 16187
1655 12233 14180 3102 8719 9222 3171 10917 10033 13348 16187 6535 16187 8719 1110 16187
14237 1885 4406 11656 4931 1955 10355 1955 6259 926 13583 16187 16187 16187 16187 16187
3842 3171 16187 9840 6259 3511 8268 12008 12232 11553 12233 1436 4776 12835 16187 6070
1655 12233 14180 3102 8719 9222 3171 10917 10033 13348 16187 6535 16187 8719 1110 16187
9605 14272 6011 188 13348 16187 16187 16187 16187 16187 16187 16187 16187 16187 16187 16187
3842 3171 16187 9840 6259 3511 8268 12008 12232 11553 12233 1436 4776 12835 16187 6070
1655 12233 14180 3102 8719 9222 3171 10917 10033 13348 16187 6535 16187 8719 1110 16187
926 13075 8719 4776 954 3177 926 8268 6259 8882 6543 3527 14217 16187 16187 16187
3842 3171 16187 11889 6011 15846 12149 1138 926 5711 16187 926 14043 926 16187 16187
1655 12233 14180 3102 8719 9222 3171 10917 10033 13348 16187 6535 16187 8719 1110 16187
6259 3422 10033 3402 6259 6161 5867 8360 8630 4776 2954 3177 584 16187 16187 16187
3842 3171 16187 9840 6259 3511 8268 12008 12232 11553 12233 1436 4776 12835 16187 6070
1655 12233 14180 3102 8719 9222 3171 10917 10033 13348 16187 6535 16187 8719 1110 16187
2945 1378 3177 12276 926 16187 16187 16187 16187 16187 16187 16187 16187 16187 16187 16187
3842 3171 16187 11889 6011 15846 12149 1138 926 5711 16187 14237 926 6011 2598 16187
1655 12233 14180 3102 8719 9222 3171 10917 10033 13348 16187 6535 16187 8719 1110 16187
12576 3171 2067 14351 5208 13807 10610 4776 6718 1545 14029 926 5867 1323 16187 16187
3842 3171 16187 9840 6259 3511 8268 12008 12232 11553 12233 1436 4776 12835 16187 6070
1655 12233 14180 3102 8719 9222 3171 10917 10033 13348 16187 6535 16187 8719 1110 16187
15662 7926 779 5329 4351 4776 113 926 830 6259 2563 8710 15513 16187 16187 16187
3842 3171 16187 9840 6259 3511 8268 12008 12232 11553 12233 1436 4776 12835 16187 6070
1655 12233 14180 3102 8719 9222 3171 10917 10033 13348 16187 6535 16187 8719 1110 16187
12008 3177 1245 13089 7979 8710 14029 5509 7926 8710 8213 16187 16187 16187 16187 16187
3842 3171 16187 9840 6259 3511 8268 12008 12232 11553 12233 1436 4776 12835 16187 6070
1655 12233 14180 3102 8719 9222 3171 10917 10033 13348 16187 6535 16187 8719 1110 16187
10501 3177 4776 3942 830 9070 4931 5463 6826 3177 4776 6664 4931 9813 926 16187
3842 3171 16187 9840 6259 3511 8268 12008 12232 11553 12233 1436 4776 12835 16187 6070
1655 12233 14180 3102 8719 9222 3171 10917 10033 13348 16187 6535 16187 8719 1110 16187
926 8710 14411 16187 16187 16187 16187 16187 16187 16187 16187 16187 16187 16187 16187 16187
3842 3171 16187 9840 6259 3511 8268 12008 12232 11553 12233 1436 4776 12835 16187 6070
1655 12233 14180 3102 8719 9222 3171 10917 10033 13348 16187 6535 16187 8719 1110 16187
926 13729 12233 7347 4366 1378 12835 373 16187 16187 16187 16187 16187 16187 16187 16187
3842 3171 16187 9840 6259 3511 8268 12008 12232 11553 12233 1436 4776 12835 16187 6070
1655 12233 14180 3102 8719 9222 3171 10917 10033 13348 16187 6535 16187 8719 1110 16187
12008 1229 7742 10471 2598 16187 16187 16187 16187 16187 16187 16187 16187 16187 16187 16187
3842 3171 16187 9840 6259 3511 8268 12008 12232 11553 12233 1436 4776 12835 16187 6070
1655 12233 14180 3102 8719 9222 3171 10917 10033 13348 16187 6535 16187 8719 1110 16187
7740 1110 5463 16187 16187 16187 16187 16187 16187 16187 16187 16187 16187 16187 16187 16187
3842 3171 16187 11889 6011 15846 12149 1138 926 5711 16187 14237 926 6011 2598 16187
1655 12233 14180 3102 8719 9222 3171 10917 10033 13348 16187 6535 16187 8719 1110 16187
3733 3112 4776 5916 10967 9290 12233 926 13144 14237 13074 16187 16187 16187 16187 16187
3842 3171 16187 11889 6011 15846 12149 1138 926 5711 16187 926 14043 926 16187 16187
1655 12233 14180 3102 8719 9222 3171 10917 10033 13348 16187 6535 16187 8719 1110 16187
6070 13250 11568 5629 4856 14237 2122 16187 16187 16187 16187 16187 16187 16187 16187 16187
3842 3171 16187 9840 6259 3511 8268 12008 12232 11553 12233 1436 4776 12835 16187 6070
1655 12233 14180 3102 8719 9222 3171 10917 10033 13348 16187 6535 16187 8719 1110 16187
4776 1531 13081 7336 1120 14237 4931 11499 6794 8719 3513 16187 16187 16187 16187 16187
3842 3171 16187 11889 6011 15846 12149 1138 926 5711 16187 926 14043 926 16187 16187
1655 12233 14180 3102 8719 9222 3171 10917 10033 13348 16187 6535 16187 8719 1110 16187
8712 8710 7336 5293 8858 14237 6791 16187 16187 16187 16187 16187 16187 16187 16187 16187
3842 3171 16187 9840 6259 3511 8268 12008 12232 11553 12233 1436 4776 12835 16187 6070
1655 12233 14180 3102 8719 9222 3171 10917 10033 13348 16187 6535 16187 8719 1110 16187
8712 5867 13250 8268 10274 14237 9918 13348 16187 16187 16187 16187 16187 16187 16187 16187
3842 3171 16187 11889 6011 15846 12149 1138 926 5711 16187 14237 926 6011 2598 16187
1655 12233 14180 3102 8719 9222 3171 10917 10033 13348 16187 6535 16187 8719 1110 16187
5329 630 2148 512 5463 13348 16187 16187 16187 16187 16187 16187 16187 16187 16187 16187
3842 3171 16187 11889 6011 15846 12149 1138 926 5711 16187 14237 926 6011 2598 16187
1655 12233 14180 3102 8719 9222 3171 10917 10033 13348 16187 6535 16187 8719 1110 16187
14752 16187 16187 16187 16187 16187 16187 16187 16187 16187 16187 16187 16187 16187 16187 16187
3842 3171 16187 11889 6011 15846 12149 1138 926 5711 16187 926 14043 926 16187 16187
1655 12233 14180 3102 8719 9222 3171 10917 10033 13348 16187 6535 16187 8719 1110 16187
3171 10033 2446 13549 2904 16146 3098 6499 10967 15748 14237 8913 16187 16187 16187 16187
3842 3171 16187 9840 6259 3511 8268 12008 12232 11553 12233 1436 4776 12835 16187 6070
1655 12233 14180 3102 8719 9222 3171 10917 10033 13348 16187 6535 16187 8719 1110 16187
5713 14776 8974 3766 3177 4776 8455 14112 8268 1955 4776 10033 10781 13348 16187 16187
3842 3171 16187 11889 6011 15846 12149 1138 926 5711 16187 14237 926 6011 2598 16187
1655 12233 14180 3102 8719 9222 3171 10917 10033 13348 16187 6535 16187 8719 1110 16187
1378 10236 8808 5867 4550 14325 12213 7336 13907 13592 6007 6378 16187 16187 16187 16187
3842 3171 16187 9840 6259 3511 8268 12008 12232 11553 12233 1436 4776 12835 16187 6070
1655 12233 14180 3102 8719 9222 3171 10917 10033 13348 16187 6535 16187 8719 1110 16187
4311 14069 5867 4776 3070 6013 12364 16187 16187 16187 16187 16187 16187 16187 16187 16187
3842 3171 16187 9840 6259 3511 8268 12008 12232 11553 12233 1436 4776 12835 16187 6070
1655 12233 14180 3102 8719 9222 3171 10917 10033 13348 16187 6535 16187 8719 1110 16187
926 233 8712 16187 16187 16187 16187 16187 16187 16187 16187 16187 16187 16187 16187 16187
3842 3171 16187 11889 6011 15846 12149 1138 926 5711 16187 926 14043 926 16187 16187
1655 12233 14180 3102 8719 9222 3171 10917 10033 13348 16187 6535 16187 8719 1110 16187
1019 5432 8719 5059 6173 16187 16187 16187 16187 16187 16187 16187 16187 16187 16187 16187
3842 3171 16187 9840 6259 3511 8268 12008 12232 11553 12233 1436 4776 12835 16187 6070
1655 12233 14180 3102 8719 9222 3171 10917 10033 13348 16187 6535 16187 8719 1110 16187
7740 4142 8154 3171 2563 12233 6215 15820 14237 14180 8393 10671 16187 16187 16187 16187
3842 3171 16187 9840 6259 3511 8268 12008 12232 11553 12233 1436 4776 12835 16187 6070
1655 12233 14180 3102 8719 9222 3171 10917 10033 13348 16187 6535 16187 8719 1110 16187
4931 4451 926 5329 2574 2598 16187 16187 16187 16187 16187 16187 16187 16187 16187 16187
3842 3171 16187 11889 6011 15846 12149 1138 926 5711 16187 14237 926 6011 2598 16187
1655 12233 14180 3102 8719 9222 3171 10917 10033 13348 16187 6535 16187 8719 1110 16187
4776 2994 14776 3296 14237 10913 7855 16187 16187 16187 16187 16187 16187 16187 16187 16187
3842 3171 16187 9840 6259 3511 8268 12008 12232 11553 12233 1436 4776 12835 16187 6070
1655 12233 14180 3102 8719 9222 3171 10917 10033 13348 16187 6535 16187 8719 1110 16187
10967 14272 7740 5208 5272 8268 4776 10033 4931 6259 304 550 16187 16187 16187 16187
3842 3171 16187 11889 6011 15846 12149 1138 926 5711 16187 14237 926 6011 2598 16187
1655 12233 14180 3102 8719 9222 3171 10917 10033 13348 16187 6535 16187 8719 1110 16187
4032 6259 14263 3171 1378 6259 6209 15978 3177 4776 9800 6683 3177 8712 16187 16187
3842 3171 16187 9840 6259 3511 8268 12008 12232 11553 12233 1436 4776 12835 16187 6070
1655 12233 14180 3102 8719 9222 3171 10917 10033 13348 16187 6535 16187 8719 1110 16187
