10056 4969 14237 1799 13420 14776 9813 4431 1955 2946 8719 3171 16187 16187 16187 16187
3842 3171 16187 9840 6259 3511 5463 4776 10033 8710 2263 2148 512 6011 12650 16187
1655 12233 14180 3102 8719 9222 3171 10917 10033 13348 16187 8719 4776 2285 9640 926
5463 13942 2326 926 12233 9070 16187 16187 16187 16187 16187 16187 16187 16187 16187 16187
3842 3171 16187 9840 6259 3511 5463 4776 10033 8710 2263 2148 512 6011 12650 16187
1655 12233 14180 3102 8719 9222 3171 10917 10033 13348 16187 8719 4776 2285 9640 926
926 14745 10913 1737 4776 10660 15597 16058 643 16187 16187 16187 16187 16187 16187 16187
3842 3171 16187 9840 6259 3511 5463 4776 10033 8710 2263 2148 13929 14237 4311 6011
1655 12233 14180 3102 8719 9222 3171 10917 10033 13348 16187 8719 4776 2285 9640 926
13592 983 4776 10217 13758 5022 14069 8710 4776 8811 830 6259 12444 16187 16187 16187
3842 3171 16187 9840 6259 3511 5463 4776 10033 8710 2263 2148 512 6011 12650 16187
1655 12233 14180 3102 8719 9222 3171 10917 10033 13348 16187 8719 4776 2285 9640 926
5297 8268 7740 11530 4776 308 12654 3171 6365 14237 8197 8712 1954 10619 9484 16187
3842 3171 16187 11889 4776 10033 8268 7740 11889 8712 16187 7740 9429 16187 16187 9084
1655 12233 14180 3102 8719 9222 3171 10917 10033 13348 16187 8719 4776 2285 9640 926
7740 14237 12276 5007 1442 14691 6672 12008 7981 16187 16187 16187 16187 16187 16187 16187
3842 3171 16187 9840 6259 3511 5463 4776 10033 8710 2263 2148 13929 14237 4311 6011
1655 12233 14180 3102 8719 9222 3171 10917 10033 13348 16187 8719 4776 2285 9640 926
491 830 564 13103 3177 2263 5365 16187 16187 16187 16187 16187 16187 16187 16187 16187
3842 3171 16187 11889 4776 10033 8268 7740 11889 8712 16187 9084 9754 16187 13348 16187
1655 12233 14180 3102 8719 9222 3171 10917 10033 13348 16187 8719 4776 2285 9640 926
4776 2563 2326 516 9070 8719 10217 14465 16187 16187 16187 16187 16187 16187 16187 16187
3842 3171 16187 11889 4776 10033 8268 7740 11889 8712 16187 9084 9754 16187 13348 16187
1655 12233 14180 3102 8719 9222 3171 10917 10033 13348 16187 8719 4776 2285 9640 926
6214 14237 13057 8268 12149 4776 926 3491 3177 926 16187 16187 16187 16187 16187 16187
3842 3171 16187 9840 6259 3511 5463 4776 10033 8710 2263 2148 512 6011 12650 16187
1655 12233 14180 3102 8719 9222 3171 10917 10033 13348 16187 8719 4776 2285 9640 926
3171 870 8710 6535 630 11889 4776 1281 16187 16187 16187 16187 16187 16187 16187 16187
3842 3171 16187 11889 4776 10033 8268 7740 11889 8712 16187 9084 9754 16187 13348 16187
1655 12233 14180 3102 8719 9222 3171 10917 10033 13348 16187 8719 4776 2285 9640 926
8712 6090 12233 6683 6971 8719 10509 2359 12654 4776 13928 10960 14237 10355 11646 16187
3842 3171 16187 9840 6259 3511 5463 4776 10033 8710 2263 2148 13929 14237 4311 6011
1655 12233 14180 3102 8719 9222 3171 10917 10033 13348 16187 8719 4776 2285 9640 926
2805 2598 16187 16187 16187 16187 16187 16187 16187 16187 16187 16187 16187 16187 16187 16187
3842 3171 16187 9840 6259 3511 5463 4776 10033 8710 2263 2148 512 6011 12650 16187
1655 12233 14180 3102 8719 9222 3171 10917 10033 13348 16187 8719 4776 2285 9640 926
14069 8710 5463 10810 3177 11707 8268 2561 1264 16187 16187 16187 16187 16187 16187 16187
3842 3171 16187 11889 4776 10033 8268 7740 11889 8712 16187 9084 9754 16187 13348 16187
1655 12233 14180 3102 8719 9222 3171 10917 10033 13348 16187 8719 4776 2285 9640 926
10407 766 926 926 13021 926 16187 16187 16187 16187 16187 16187 16187 16187 16187 16187
3842 3171 16187 11889 4776 10033 8268 7740 11889 8712 16187 9084 9754 16187 13348 16187
1655 12233 14180 3102 8719 9222 3171 10917 10033 13348 16187 8719 4776 2285 9640 926
11860 7076 1954 5580 4565 15387 14237 3847 9605 1885 13758 926 8719 4776 12298 16187
3842 3171 16187 11889 4776 10033 8268 7740 11889 8712 16187 9084 9754 16187 13348 16187
1655 12233 14180 3102 8719 9222 3171 10917 10033 13348 16187 8719 4776 2285 9640 926
4370 5090 7274 15828 14537 5867 12013 8710 4394 16187 16187 16187 16187 16187 16187 16187
3842 3171 16187 11889 4776 10033 8268 7740 11889 8712 16187 7740 9429 16187 16187 9084
1655 12233 14180 3102 8719 9222 3171 10917 10033 13348 16187 8719 4776 2285 9640 926
7740 9084 9754 1453 3171 476 1955 1329 1955 4776 763 926 9084 16187 16187 16187
3842 3171 16187 9840 6259 3511 5463 4776 10033 8710 2263 2148 512 6011 12650 16187
1655 12233 14180 3102 8719 9222 3171 10917 10033 13348 16187 8719 4776 2285 9640 926
1955 14221 1955 4776 15387 8710 3010 8268 926 926 8710 6259 1590 16187 16187 16187
3842 3171 16187 11889 4776 10033 8268 7740 11889 8712 16187 9084 9754 16187 1229 630
1655 12233 14180 3102 8719 9222 3171 10917 10033 13348 16187 8719 4776 2285 9640 926
8712 13216 6348 926 5753 12233 6806 12811 16187 16187 16187 16187 16187 16187 16187 16187
3842 3171 16187 9840 6259 3511 5463 4776 10033 8710 2263 2148 13929 14237 4311 6011
1655 12233 14180 3102 8719 9222 3171 10917 10033 13348 16187 8719 4776 2285 9640 926
5568 7926 5867 5329 16187 16187 16187 16187 16187 16187 16187 16187 16187 16187 16187 16187
3842 3171 16187 11889 4776 10033 8268 7740 11889 8712 16187 7740 9429 16187 16187 4776
1655 12233 14180 3102 8719 9222 3171 10917 10033 13348 16187 8719 4776 2285 9640 926
7926 4089 6905 1955 6259 3098 2353 1919 3171 10033 1093 16187 16187 16187 16187 16187
3842 3171 16187 9840 6259 3511 5463 4776 10033 8710 2263 2148 512 6011 12650 16187
1655 12233 14180 3102 8719 9222 3171 10917 10033 13348 16187 8719 4776 2285 9640 926
10566 14802 12915 8719 4776 11791 16187 16187 16187 16187 16187 16187 16187 16187 16187 16187
3842 3171 16187 9840 6259 3511 5463 4776 10033 8710 2263 2148 13929 14237 4311 6011
1655 12233 14180 3102 8719 9222 3171 10917 10033 13348 16187 8719 4776 2285 9640 926
7926 926 6905 830 2984 118 8712 10918 10967 1919 14745 16187 16187 16187 16187 16187
3842 3171 16187 9840 6259 3511 5463 4776 10033 8710 2263 2148 512 6011 12650 16187
1655 12233 14180 3102 8719 9222 3171 10917 10033 13348 16187 8719 4776 2285 9640 926
926 10967 926 16187 16187 16187 16187 16187 16187 16187 16187 16187 16187 16187 16187 16187
3842 3171 16187 9840 6259 3511 5463 4776 10033 8710 2263 2148 512 6011 12650 16187
1655 12233 14180 3102 8719 9222 3171 10917 10033 13348 16187 8719 4776 2285 9640 926
3171 4931 10770 8268 14237 5906 16187 16187 16187 16187 16187 16187 16187 16187 16187 16187
3842 3171 16187 9840 6259 3511 5463 4776 10033 8710 2263 2148 13929 14237 4311 6011
1655 12233 14180 3102 8719 9222 3171 10917 10033 13348 16187 8719 4776 2285 9640 926
8712 5867 13411 1229 1597 12291 16187 16187 16187 16187 16187 16187 16187 16187 16187 16187
3842 3171 16187 11889 4776 10033 8268 7740 11889 8712 16187 7740 9429 16187 16187 4776
1655 12233 14180 3102 8719 9222 3171 10917 10033 13348 16187 8719 4776 2285 9640 926
8710 3171 14272 926 3847 1919 1885 983 2598 16187 16187 16187 16187 16187 16187 16187
3842 3171 16187 9840 6259 3511 5463 4776 10033 8710 2263 2148 512 6011 12650 16187
1655 12233 14180 3102 8719 9222 3171 10917 10033 13348 16187 8719 4776 2285 9640 926
7877 5667 8710 4776 2400 5629 5341 8378 5867 8808 14237 4776 926 16187 16187 16187
3842 3171 16187 11889 4776 10033 8268 7740 11889 8712 16187 7740 9429 16187 16187 4776
1655 12233 14180 3102 8719 9222 3171 10917 10033 13348 16187 8719 4776 2285 9640 926
12273 9869 2128 8268 1919 926 926 10315 1378 3177 10033 6215 5867 9431 16187 16187
3842 3171 16187 11889 4776 10033 8268 7740 11889 8712 16187 7740 9429 16187 16187 9084
1655 12233 14180 3102 8719 9222 3171 10917 10033 13348 16187 8719 4776 2285 9640 926
8847 8268 926 5867 926 2558 12478 8719 11179 8710 9612 13178 16187 16187 16187 16187
3842 3171 16187 9840 6259 3511 5463 4776 10033 8710 2263 2148 13929 14237 4311 6011
1655 12233 14180 3102 8719 9222 3171 10917 10033 13348 16187 8719 4776 2285 9640 926
8712 8710 10716 14141 13348 16187 16187 16187 16187 16187 16187 16187 16187 16187 16187 16187
3842 3171 16187 9840 6259 3511 5463 4776 10033 8710 2263 2148 512 6011 12650 16187
1655 12233 14180 3102 8719 9222 3171 10917 10033 13348 16187 8719 4776 2285 9640 926
7926 5867 9230 8268 14237 4311 7926 13959 1885 11382 16187 16187 16187 16187 16187 16187
3842 3171 16187 11889 4776 10033 8268 7740 11889 8712 16187 9084 9754 16187 13348 16187
1655 12233 14180 3102 8719 9222 3171 10917 10033 13348 16187 8719 4776 2285 9640 926
8712 779 12958 830 6071 14237 2122 10671 16187 16187 16187 16187 16187 16187 16187 16187
3842 3171 16187 9840 6259 3511 5463 4776 10033 8710 2263 2148 512 6011 12650 16187
1655 12233 14180 3102 8719 9222 3171 10917 10033 13348 16187 8719 4776 2285 9640 926
15408 8268 8712 5867 11889 6259 2326 8569 5721 16187 16187 16187 16187 16187 16187 16187
3842 3171 16187 9840 6259 3511 5463 4776 10033 8710 2263 2148 512 6011 12650 16187
1655 12233 14180 3102 8719 9222 3171 10917 10033 13348 16187 8719 4776 2285 9640 926
15846 13852 2823 14635 9591 12233 7820 6826 15433 14029 3171 830 9070 2598 16187 16187
3842 3171 16187 11889 4776 10033 8268 7740 11889 8712 16187 7740 9429 16187 16187 4776
1655 12233 14180 3102 8719 9222 3171 10917 10033 13348 16187 8719 4776 2285 9640 926
15408 8268 4325 9605 6259 3179 14237 6259 5804 12020 1955 926 13539 16187 16187 16187
3842 3171 16187 9840 6259 3511 5463 4776 10033 8710 2263 2148 512 6011 12650 16187
1655 12233 14180 3102 8719 9222 3171 10917 10033 13348 16187 8719 4776 2285 9640 926
7740 15956 6826 820 15525 14069 11530 3171 2563 12008 8712 13942 4776 10549 926 16187
3842 3171 16187 9840 6259 3511 5463 4776 10033 8710 2263 2148 13929 14237 4311 6011
1655 12233 14180 3102 8719 9222 3171 10917 10033 13348 16187 8719 4776 2285 9640 926
15408 4776 9577 2096 14029 4776 9506 16187 16187 16187 16187 16187 16187 16187 16187 16187
3842 3171 16187 11889 4776 10033 8268 7740 11889 8712 16187 9084 9754 16187 1229 630
1655 12233 14180 3102 8719 9222 3171 10917 10033 13348 16187 8719 4776 2285 9640 926
8712 5867 2466 6259 8376 2563 8268 12008 8712 5867 2945 4032 4776 14233 9635 16187
3842 3171 16187 9840 6259 3511 5463 4776 10033 8710 2263 2148 13929 14237 4311 6011
1655 12233 14180 3102 8719 9222 3171 10917 10033 13348 16187 8719 4776 2285 9640 926
8712 8710 1344 16038 14029 3059 12008 8712 2666 6259 3366 547 8719 4776 1578 16187
3842 3171 16187 11889 4776 10033 8268 7740 11889 8712 16187 9084 9754 16187 13348 16187
1655 12233 14180 3102 8719 9222 3171 10917 10033 13348 16187 8719 4776 2285 9640 926
15978 7926 5867 6259 4929 9365 16187 16187 16187 16187 16187 16187 16187 16187 16187 16187
3842 3171 16187 9840 6259 3511 5463 4776 10033 8710 2263 2148 13929 14237 4311 6011
1655 12233 14180 3102 8719 9222 3171 10917 10033 13348 16187 8719 4776 2285 9640 926
4776 926 8710 8798 4404 7880 8719 4776 1138 1747 3177 9684 5711 16187 16187 16187
3842 3171 16187 11889 4776 10033 8268 7740 11889 8712 16187 7740 9429 16187 16187 9084
1655 12233 14180 3102 8719 9222 3171 10917 10033 13348 16187 8719 4776 2285 9640 926
4325 5994 11889 926 14237 4776 4379 5576 3007 12715 16187 16187 16187 16187 16187 16187
3842 3171 16187 11889 4776 10033 8268 7740 11889 8712 16187 9084 9754 16187 13348 16187
1655 12233 14180 3102 8719 9222 3171 10917 10033 13348 16187 8719 4776 2285 9640 926
12008 13474 9084 6259 5695 15781 1919 14272 13474 4931 13532 16187 16187 16187 16187 16187
3842 3171 16187 11889 4776 10033 8268 7740 11889 8712 16187 9084 9754 16187 1229 630
1655 12233 14180 3102 8719 9222 3171 10917 10033 13348 16187 8719 4776 2285 9640 926
1378 3177 926 5867 11998 926 4931 926 6662 926 16187 16187 16187 16187 16187 16187
3842 3171 16187 11889 4776 10033 8268 7740 11889 8712 16187 9084 9754 16187 13348 16187
1655 12233 14180 3102 8719 9222 3171 10917 10033 13348 16187 8719 4776 2285 9640 926
4776 9534 3177 926 1955 4776 8887 8710 14652 16187 16187 16187 16187 16187 16187 16187
3842 3171 16187 9840 6259 3511 5463 4776 10033 8710 2263 2148 13929 14237 4311 6011
1655 12233 14180 3102 8719 9222 3171 10917 10033 13348 16187 8719 4776 2285 9640 926
4776 132 8710 8213 8268 10566 3177 8712 2837 15167 926 8268 6259 1751 15893 16187
3842 3171 16187 9840 6259 3511 5463 4776 10033 8710 2263 2148 13929 14237 4311 6011
1655 12233 14180 3102 8719 9222 3171 10917 10033 13348 16187 8719 4776 2285 9640 926
8719 6259 4927 8712 9447 8069 2148 6388 16187 16187 16187 16187 16187 16187 16187 16187
3842 3171 16187 9840 6259 3511 5463 4776 10033 8710 2263 2148 512 6011 12650 16187
1655 12233 14180 3102 8719 9222 3171 10917 10033 13348 16187 8719 4776 2285 9640 926
15662 4776 5909 7508 2598 16187 16187 16187 16187 16187 16187 16187 16187 16187 16187 16187
3842 3171 16187 9840 6259 3511 5463 4776 10033 8710 2263 2148 13929 14237 4311 6011
1655 12233 14180 3102 8719 9222 3171 10917 10033 13348 16187 8719 4776 2285 9640 926
4776 12852 8710 10376 1919 6259 653 8268 4776 875 3177 4776 8002 16187 16187 16187
3842 3171 16187 11889 4776 10033 8268 7740 11889 8712 16187 9084 9754 16187 1229 630
1655 12233 14180 3102 8719 9222 3171 10917 10033 13348 16187 8719 4776 2285 9640 926
3171 2563 4931 10770 8268 8726 14180 12349 4776 4805 16187 16187 16187 16187 16187 16187
3842 3171 16187 9840 6259 3511 5463 4776 10033 8710 2263 2148 512 6011 12650 16187
1655 12233 14180 3102 8719 9222 3171 10917 10033 13348 16187 8719 4776 2285 9640 926
12650 15525 830 8496 9293 15658 5086 15525 12233 2823 4776 15138 3177 3171 10033 16187
3842 3171 16187 9840 6259 3511 5463 4776 10033 8710 2263 2148 13929 14237 4311 6011
1655 12233 14180 3102 8719 9222 3171 10917 10033 13348 16187 8719 4776 2285 9640 926
10274 3536 16187 16187 16187 16187 16187 16187 16187 16187 16187 16187 16187 16187 16187 16187
3842 3171 16187 9840 6259 3511 5463 4776 10033 8710 2263 2148 512 6011 12650 16187
1655 12233 14180 3102 8719 9222 3171 10917 10033 13348 16187 8719 4776 2285 9640 926
1885 3504 3364 6601 2823 13979 12233 6259 926 14367 16187 16187 16187 16187 16187 16187
3842 3171 16187 9840 6259 3511 5463 4776 10033 8710 2263 2148 512 6011 12650 16187
1655 12233 14180 3102 8719 9222 3171 10917 10033 13348 16187 8719 4776 2285 9640 926
3171 4931 1378 1543 4325 9084 16187 16187 16187 16187 16187 16187 16187 16187 16187 16187
3842 3171 16187 11889 4776 10033 8268 7740 11889 8712 16187 9084 9754 16187 13348 16187
1655 12233 14180 3102 8719 9222 3171 10917 10033 13348 16187 8719 4776 2285 9640 926
983 779 12209 703 16187 16187 16187 16187 16187 16187 16187 16187 16187 16187 16187 16187
3842 3171 16187 11889 4776 10033 8268 7740 11889 8712 16187 9084 9754 16187 1229 630
1655 12233 14180 3102 8719 9222 3171 10917 10033 13348 16187 8719 4776 2285 9640 926
4776 31 14457 8710 8818 10719 569 3177 9431 443 8506 3177 15740 16187 16187 16187
3842 3171 16187 9840 6259 3511 5463 4776 10033 8710 2263 2148 512 6011 12650 16187
1655 12233 14180 3102 8719 9222 3171 10917 10033 13348 16187 8719 4776 2285 9640 926
13852 6011 188 5937 4125 12233 3038 16187 16187 16187 16187 16187 16187 16187 16187 16187
3842 3171 16187 11889 4776 10033 8268 7740 11889 8712 16187 9084 9754 16187 1229 630
1655 12233 14180 3102 8719 9222 3171 10917 10033 13348 16187 8719 4776 2285 9640 926
13474 4537 926 12349 6259 12485 11253 8268 9222 6826 11937 16187 16187 16187 16187 16187
3842 3171 16187 11889 4776 10033 8268 7740 11889 8712 16187 9084 9754 16187 13348 16187
1655 12233 14180 3102 8719 9222 3171 10917 10033 13348 16187 8719 4776 2285 9640 926
8710 8712 926 12233 4776 4927 4776 1110 5298 14776 10523 2837 926 2598 16187 16187
3842 3171 16187 11889 4776 10033 8268 7740 11889 8712 16187 9084 9754 16187 1229 630
1655 12233 14180 3102 8719 9222 3171 10917 10033 13348 16187 8719 4776 2285 9640 926
4776 2588 3098 4779 8084 16105 16187 16187 16187 16187 16187 16187 16187 16187 16187 16187
3842 3171 16187 9840 6259 3511 5463 4776 10033 8710 2263 2148 13929 14237 4311 6011
1655 12233 14180 3102 8719 9222 3171 10917 10033 13348 16187 8719 4776 2285 9640 926
9057 926 779 10471 6259 3098 15781 14237 1229 3847 4776 16146 13926 16187 16187 16187
3842 3171 16187 9840 6259 3511 5463 4776 10033 8710 2263 2148 512 6011 12650 16187
1655 12233 14180 3102 8719 9222 3171 10917 10033 13348 16187 8719 4776 2285 9640 926
15408 8268 91 8268 7740 12232 11553 4558 6259 1939 8268 926 2563 16187 16187 16187
3842 3171 16187 11889 4776 10033 8268 7740 11889 8712 16187 9084 9754 16187 13348 16187
1655 12233 14180 3102 8719 9222 3171 10917 10033 13348 16187 8719 4776 2285 9640 926
2143 6173 4776 12298 3177 4776 1110 3384 4931 6070 12690 16187 16187 16187 16187 16187
3842 3171 16187 11889 4776 10033 8268 7740 11889 8712 16187 9084 9754 16187 13348 16187
1655 12233 14180 3102 8719 9222 3171 10917 10033 13348 16187 8719 4776 2285 9640 926
12008 1955 7740 6432 6745 7740 12431 12349 12276 3942 1919 4776 10033 16187 16187 16187
3842 3171 16187 11889 4776 10033 8268 7740 11889 8712 16187 9084 9754 16187 13348 16187
1655 12233 14180 3102 8719 9222 3171 10917 10033 13348 16187 8719 4776 2285 9640 926
3171 2563 8710 10716 5967 12233 8158 6259 14596 14237 9577 12256 8268 6140 12835 16187
3842 3171 16187 9840 6259 3511 5463 4776 10033 8710 2263 2148 512 6011 12650 16187
1655 12233 14180 3102 8719 9222 3171 10917 10033 13348 16187 8719 4776 2285 9640 926
7926 3543 14361 12233 6826 10638 1919 3765 9461 16187 16187 16187 16187 16187 16187 16187
3842 3171 16187 9840 6259 3511 5463 4776 10033 8710 2263 2148 512 6011 12650 16187
1655 12233 14180 3102 8719 9222 3171 10917 10033 13348 16187 8719 4776 2285 9640 926
4776 100 14776 10355 14237 4552 9754 9605 8719 4776 4927 16187 16187 16187 16187 16187
3842 3171 16187 9840 6259 3511 5463 4776 10033 8710 2263 2148 13929 14237 4311 6011
1655 12233 14180 3102 8719 9222 3171 10917 10033 13348 16187 8719 4776 2285 9640 926
13474 779 1954 12256 9461 4707 830 4776 954 8268 14237 6259 8664 7140 4707 16187
3842 3171 16187 9840 6259 3511 5463 4776 10033 8710 2263 2148 512 6011 12650 16187
1655 12233 14180 3102 8719 9222 3171 10917 10033 13348 16187 8719 4776 2285 9640 926
4311 10036 8268 4776 13434 2466 2326 11553 13084 10400 14272 4325 11031 3908 7508 16187
3842 3171 16187 11889 4776 10033 8268 7740 11889 8712 16187 9084 9754 16187 13348 16187
1655 12233 14180 3102 8719 9222 3171 10917 10033 13348 16187 8719 4776 2285 9640 926
7740 11553 13084 2467 11953 8712 16187 16187 16187 16187 16187 16187 16187 16187 16187 16187
3842 3171 16187 11889 4776 10033 8268 7740 11889 8712 16187 7740 9429 16187 16187 9084
1655 12233 14180 3102 8719 9222 3171 10917 10033 13348 16187 8719 4776 2285 9640 926
926 3847 9754 15956 3171 2563 8710 2326 3335 13348 16187 16187 16187 16187 16187 16187
3842 3171 16187 11889 4776 10033 8268 7740 11889 8712 16187 9084 9754 16187 1229 630
1655 12233 14180 3102 8719 9222 3171 10917 10033 13348 16187 8719 4776 2285 9640 926
6363 9484 9431 3177 14180 8268 7740 973 5329 6259 10887 12007 14230 16187 16187 16187
3842 3171 16187 11889 4776 10033 8268 7740 11889 8712 16187 9084 9754 16187 1229 630
1655 12233 14180 3102 8719 9222 3171 10917 10033 13348 16187 8719 4776 2285 9640 926
12008 4776 8521 3847 9754 16070 4776 2285 2563 16187 16187 16187 16187 16187 16187 16187
3842 3171 16187 9840 6259 3511 5463 4776 10033 8710 2263 2148 512 6011 12650 16187
1655 12233 14180 3102 8719 9222 3171 10917 10033 13348 16187 8719 4776 2285 9640 926
2446 4776 16146 2946 15658 684 15597 10501 9084 6259 2326 10355 10501 16187 16187 16187
3842 3171 16187 9840 6259 3511 5463 4776 10033 8710 2263 2148 13929 14237 4311 6011
1655 12233 14180 3102 8719 9222 3171 10917 10033 13348 16187 8719 4776 2285 9640 926
1957 9431 703 7001 10602 16187 16187 16187 16187 16187 16187 16187 16187 16187 16187 16187
3842 3171 16187 9840 6259 3511 5463 4776 10033 8710 2263 2148 512 6011 12650 16187
1655 12233 14180 3102 8719 9222 3171 10917 10033 13348 16187 8719 4776 2285 9640 926
13084 3141 11953 8712 16187 16187 16187 16187 16187 16187 16187 16187 16187 16187 16187 16187
3842 3171 16187 9840 6259 3511 5463 4776 10033 8710 2263 2148 512 6011 12650 16187
1655 12233 14180 3102 8719 9222 3171 10917 10033 13348 16187 8719 4776 2285 9640 926
926 15442 6235 12127 13682 7740 771 8719 9222 9070 10503 4776 8808 7410 16187 16187
3842 3171 16187 9840 6259 3511 5463 4776 10033 8710 2263 2148 512 6011 12650 16187
1655 12233 14180 3102 8719 9222 3171 10917 10033 13348 16187 8719 4776 2285 9640 926
1889 8268 2263 1954 2122 14251 16187 16187 16187 16187 16187 16187 16187 16187 16187 16187
3842 3171 16187 11889 4776 10033 8268 7740 11889 8712 16187 7740 9429 16187 16187 4776
1655 12233 14180 3102 8719 9222 3171 10917 10033 13348 16187 8719 4776 2285 9640 926
1957 4776 6070 14589 8268 8712 5867 6259 2689 2563 4032 9316 16187 16187 16187 16187
3842 3171 16187 9840 6259 3511 5463 4776 10033 8710 2263 2148 13929 14237 4311 6011
1655 12233 14180 3102 8719 9222 3171 10917 10033 13348 16187 8719 4776 2285 9640 926
13084 7448 12233 5397 5463 2903 10036 16187 16187 16187 16187 16187 16187 16187 16187 16187
3842 3171 16187 11889 4776 10033 8268 7740 11889 8712 16187 9084 9754 16187 1229 630
1655 12233 14180 3102 8719 9222 3171 10917 10033 13348 16187 8719 4776 2285 9640 926
7740 4142 8154 3171 10033 830 7661 4776 14596 14237 830 4776 10418 16187 16187 16187
3842 3171 16187 11889 4776 10033 8268 7740 11889 8712 16187 9084 9754 16187 13348 16187
1655 12233 14180 3102 8719 9222 3171 10917 10033 13348 16187 8719 4776 2285 9640 926
7740 15956 7740 968 188 12233 10838 6259 10894 2148 983 1919 1885 16187 16187 16187
3842 3171 16187 9840 6259 3511 5463 4776 10033 8710 2263 2148 512 6011 12650 16187
1655 12233 14180 3102 8719 9222 3171 10917 10033 13348 16187 8719 4776 2285 9640 926
1957 14589 5463 8710 14272 7740 9429 11953 8712 16187 16187 16187 16187 16187 16187 16187
3842 3171 16187 9840 6259 3511 5463 4776 10033 8710 2263 2148 512 6011 12650 16187
1655 12233 14180 3102 8719 9222 3171 10917 10033 13348 16187 8719 4776 2285 9640 926
3171 3588 4931 4537 2326 7742 10471 8268 8719 12276 3109 16187 16187 16187 16187 16187
3842 3171 16187 11889 4776 10033 8268 7740 11889 8712 16187 7740 9429 16187 16187 4776
1655 12233 14180 3102 8719 9222 3171 10917 10033 13348 16187 8719 4776 2285 9640 926
8712 5867 6259 8974 3211 15649 8710 5297 2689 8069 4240 13756 1243 16187 16187 16187
3842 3171 16187 11889 4776 10033 8268 7740 11889 8712 16187 9084 9754 16187 13348 16187
1655 12233 14180 3102 8719 9222 3171 10917 10033 13348 16187 8719 4776 2285 9640 926
7740 926 8712 4776 9431 983 16187 16187 16187 16187 16187 16187 16187 16187 16187 16187
3842 3171 16187 11889 4776 10033 8268 7740 11889 8712 16187 7740 9429 16187 16187 9084
1655 12233 14180 3102 8719 9222 3171 10917 10033 13348 16187 8719 4776 2285 9640 926
91 5867 6259 10894 3177 14112 5463 5867 10399 12233 10080 16187 16187 16187 16187 16187
3842 3171 16187 9840 6259 3511 5463 4776 10033 8710 2263 2148 512 6011 12650 16187
1655 12233 14180 3102 8719 9222 3171 10917 10033 13348 16187 8719 4776 2285 9640 926
6011 16138 8093 1110 4776 9790 4927 16187 16187 16187 16187 16187 16187 16187 16187 16187
3842 3171 16187 9840 6259 3511 5463 4776 10033 8710 2263 2148 512 6011 12650 16187
1655 12233 14180 3102 8719 9222 3171 10917 10033 13348 16187 8719 4776 2285 9640 926
4776 6115 8710 8719 11859 14237 772 16187 16187 16187 16187 16187 16187 16187 16187 16187
3842 3171 16187 11889 4776 10033 8268 7740 11889 8712 16187 9084 9754 16187 1229 630
1655 12233 14180 3102 8719 9222 3171 10917 10033 13348 16187 8719 4776 2285 9640 926
4776 926 926 2979 10918 14237 4015 4776 11401 8270 512 13594 16187 16187 16187 16187
3842 3171 16187 11889 4776 10033 8268 7740 11889 8712 16187 7740 9429 16187 16187 4776
1655 12233 14180 3102 8719 9222 3171 10917 10033 13348 16187 8719 4776 2285 9640 926
8719 3511 14029 4776 2543 4325 771 6259 7172 1515 1955 7742 16187 16187 16187 16187
3842 3171 16187 11889 4776 10033 8268 7740 11889 8712 16187 7740 9429 16187 16187 9084
1655 12233 14180 3102 8719 9222 3171 10917 10033 13348 16187 8719 4776 2285 9640 926
7926 7251 8719 14734 8215 5463 8483 8712 12232 2823 10571 15884 16187 16187 16187 16187
3842 3171 16187 11889 4776 10033 8268 7740 11889 8712 16187 9084 9754 16187 1229 630
1655 12233 14180 3102 8719 9222 3171 10917 10033 13348 16187 8719 4776 2285 9640 926
1449 10967 3171 8268 542 9878 8710 5297 1378 3177 4776 564 1133 3177 4188 16187
3842 3171 16187 11889 4776 10033 8268 7740 11889 8712 16187 7740 9429 16187 16187 9084
1655 12233 14180 3102 8719 9222 3171 10917 10033 13348 16187 8719 4776 2285 9640 926
3171 10033 8710 1954 5830 893 3177 14272 7926 7156 16187 16187 16187 16187 16187 16187
3842 3171 16187 11889 4776 10033 8268 7740 11889 8712 16187 7740 9429 16187 16187 4776
1655 12233 14180 3102 8719 9222 3171 10917 10033 13348 16187 8719 4776 2285 9640 926
1954 9332 8268 14937 14237 11839 6813 10033 8268 7742 4032 3795 15525 16187 16187 16187
3842 3171 16187 11889 4776 10033 8268 7740 11889 8712 16187 7740 9429 16187 16187 4776
1655 12233 14180 3102 8719 9222 3171 10917 10033 13348 16187 8719 4776 2285 9640 926
4624 7448 2148 3177 3171 10355 3575 13348 16187 16187 16187 16187 16187 16187 16187 16187
3842 3171 16187 9840 6259 3511 5463 4776 10033 8710 2263 2148 512 6011 12650 16187
1655 12233 14180 3102 8719 9222 3171 10917 10033 13348 16187 8719 4776 2285 9640 926
14272 7147 8710 6259 308 3177 4434 14237 12379 14601 2903 12233 6259 6260 8199 16187
3842 3171 16187 11889 4776 10033 8268 7740 11889 8712 16187 9084 9754 16187 13348 16187
1655 12233 14180 3102 8719 9222 3171 10917 10033 13348 16187 8719 4776 2285 9640 926
820 4552 703 1919 13084 1142 926 16187 16187 16187 16187 16187 16187 16187 16187 16187
3842 3171 16187 11889 4776 10033 8268 7740 11889 8712 16187 9084 9754 16187 1229 630
1655 12233 14180 3102 8719 9222 3171 10917 10033 13348 16187 8719 4776 2285 9640 926
4311 5711 7740 9640 15658 4776 5820 926 14776 5711 16187 16187 16187 16187 16187 16187
3842 3171 16187 11889 4776 10033 8268 7740 11889 8712 16187 7740 9429 16187 16187 9084
1655 12233 14180 3102 8719 9222 3171 10917 10033 13348 16187 8719 4776 2285 9640 926
7740 12232 14397 12650 1138 983 926 5711 12669 512 2552 3171 10033 10036 16187 16187
3842 3171 16187 11889 4776 10033 8268 7740 11889 8712 16187 9084 9754 16187 13348 16187
1655 12233 14180 3102 8719 9222 3171 10917 10033 13348 16187 8719 4776 2285 9640 926
1019 1955 1954 8172 8268 8712 4931 9754 2689 14043 12606 16187 16187 16187 16187 16187
3842 3171 16187 11889 4776 10033 8268 7740 11889 8712 16187 7740 9429 16187 16187 4776
1655 12233 14180 3102 8719 9222 3171 10917 10033 13348 16187 8719 4776 2285 9640 926
4776 132 8710 14231 16187 16187 16187 16187 16187 16187 16187 16187 16187 16187 16187 16187
3842 3171 16187 11889 4776 10033 8268 7740 11889 8712 16187 7740 9429 16187 16187 9084
1655 12233 14180 3102 8719 9222 3171 10917 10033 13348 16187 8719 4776 2285 9640 926
4776 63 2563 3025 3171 9955 16187 16187 16187 16187 16187 16187 16187 16187 16187 16187
3842 3171 16187 9840 6259 3511 5463 4776 10033 8710 2263 2148 512 6011 12650 16187
1655 12233 14180 3102 8719 9222 3171 10917 10033 13348 16187 8719 4776 2285 9640 926
4776 9431 5328 3177 3171 10033 8710 10915 8124 16187 16187 16187 16187 16187 16187 16187
3842 3171 16187 11889 4776 10033 8268 7740 11889 8712 16187 9084 9754 16187 13348 16187
1655 12233 14180 3102 8719 9222 3171 10917 10033 13348 16187 8719 4776 2285 9640 926
12008 14470 8467 8871 12008 2006 5463 926 8710 6535 630 6259 1793 16187 16187 16187
3842 3171 16187 11889 4776 10033 8268 7740 11889 8712 16187 9084 9754 16187 1229 630
1655 12233 14180 3102 8719 9222 3171 10917 10033 13348 16187 8719 4776 2285 9640 926
447 16187 16187 16187 16187 16187 16187 16187 16187 16187 16187 16187 16187 16187 16187 16187
3842 3171 16187 11889 4776 10033 8268 7740 11889 8712 16187 9084 9754 16187 13348 16187
1655 12233 14180 3102 8719 9222 3171 10917 10033 13348 16187 8719 4776 2285 9640 926
6601 5329 1597 820 926 5463 8268 12008 7740 4552 16187 16187 16187 16187 16187 16187
3842 3171 16187 11889 4776 10033 8268 7740 11889 8712 16187 7740 9429 16187 16187 9084
1655 12233 14180 3102 8719 9222 3171 10917 10033 13348 16187 8719 4776 2285 9640 926
12716 8268 3171 476 8383 13057 8268 5831 3766 10967 4776 7991 6161 16187 16187 16187
3842 3171 16187 9840 6259 3511 5463 4776 10033 8710 2263 2148 512 6011 12650 16187
1655 12233 14180 3102 8719 9222 3171 10917 10033 13348 16187 8719 4776 2285 9640 926
7740 4552 11889 4776 4152 5138 12576 16187 16187 16187 16187 16187 16187 16187 16187 16187
3842 3171 16187 9840 6259 3511 5463 4776 10033 8710 2263 2148 13929 14237 4311 6011
1655 12233 14180 3102 8719 9222 3171 10917 10033 13348 16187 8719 4776 2285 9640 926
7740 973 15 11007 12233 8712 12467 16187 16187 16187 16187 16187 16187 16187 16187 16187
3842 3171 16187 11889 4776 10033 8268 7740 11889 8712 16187 7740 9429 16187 16187 4776
1655 12233 14180 3102 8719 9222 3171 10917 10033 13348 16187 8719 4776 2285 9640 926
13932 8948 8268 12716 3007 12233 2823 8719 6259 926 10719 14180 14734 4440 16187 16187
3842 3171 16187 9840 6259 3511 5463 4776 10033 8710 2263 2148 13929 14237 4311 6011
1655 12233 14180 3102 8719 9222 3171 10917 10033 13348 16187 8719 4776 2285 9640 926
7542 8268 3171 2563 4931 2326 10355 16187 16187 16187 16187 16187 16187 16187 16187 16187
3842 3171 16187 11889 4776 10033 8268 7740 11889 8712 16187 7740 9429 16187 16187 4776
1655 12233 14180 3102 8719 9222 3171 10917 10033 13348 16187 8719 4776 2285 9640 926
1329 8268 4552 9754 8069 9605 9070 7164 14029 4776 8521 16187 16187 16187 16187 16187
3842 3171 16187 11889 4776 10033 8268 7740 11889 8712 16187 7740 9429 16187 16187 9084
1655 12233 14180 3102 8719 9222 3171 10917 10033 13348 16187 8719 4776 2285 9640 926
926 820 8268 14272 5867 4776 10887 8855 2598 16187 16187 16187 16187 16187 16187 16187
3842 3171 16187 11889 4776 10033 8268 7740 11889 8712 16187 7740 9429 16187 16187 4776
1655 12233 14180 3102 8719 9222 3171 10917 10033 13348 16187 8719 4776 2285 9640 926
12008 8712 12431 6259 10355 11728 1019 1378 3177 4776 15335 4776 9887 771 6173 16187
3842 3171 16187 11889 4776 10033 8268 7740 11889 8712 16187 9084 9754 16187 1229 630
1655 12233 14180 3102 8719 9222 3171 10917 10033 13348 16187 8719 4776 2285 9640 926
1948 4440 2446 11961 5981 14237 11535 8719 6259 3502 14237 926 4927 16187 16187 16187
3842 3171 16187 9840 6259 3511 5463 4776 10033 8710 2263 2148 512 6011 12650 16187
1655 12233 14180 3102 8719 9222 3171 10917 10033 13348 16187 8719 4776 2285 9640 926
3364 4325 11553 10827 13592 2148 983 3908 14691 8719 4776 4440 2598 16187 16187 16187
3842 3171 16187 9840 6259 3511 5463 4776 10033 8710 2263 2148 512 6011 12650 16187
1655 12233 14180 3102 8719 9222 3171 10917 10033 13348 16187 8719 4776 2285 9640 926
5153 4370 5498 8268 926 4265 14237 926 926 16187 16187 16187 16187 16187 16187 16187
3842 3171 16187 9840 6259 3511 5463 4776 10033 8710 2263 2148 512 6011 12650 16187
1655 12233 14180 3102 8719 9222 3171 10917 10033 13348 16187 8719 4776 2285 9640 926
8069 1955 7740 12650 8712 5332 8268 7740 5297 5272 203 7594 3171 2563 8710 16187
3842 3171 16187 11889 4776 10033 8268 7740 11889 8712 16187 9084 9754 16187 1229 630
1655 12233 14180 3102 8719 9222 3171 10917 10033 13348 16187 8719 4776 2285 9640 926
14237 3171 7926 9032 926 16187 16187 16187 16187 16187 16187 16187 16187 16187 16187 16187
3842 3171 16187 11889 4776 10033 8268 7740 11889 8712 16187 7740 9429 16187 16187 9084
1655 12233 14180 3102 8719 9222 3171 10917 10033 13348 16187 8719 4776 2285 9640 926
7740 3644 9754 8537 8712 8712 12260 2823 8466 12233 2823 5476 16187 16187 16187 16187
3842 3171 16187 9840 6259 3511 5463 4776 10033 8710 2263 2148 512 6011 12650 16187
1655 12233 14180 3102 8719 9222 3171 10917 10033 13348 16187 8719 4776 2285 9640 926
8719 4776 12298 8268 3171 8710 5329 830 4776 12976 12233 4061 14112 16187 16187 16187
3842 3171 16187 11889 4776 10033 8268 7740 11889 8712 16187 7740 9429 16187 16187 4776
1655 12233 14180 3102 8719 9222 3171 10917 10033 13348 16187 8719 4776 2285 9640 926
7926 3364 11553 12766 4776 63 564 1866 771 7926 13022 1778 16187 16187 16187 16187
3842 3171 16187 9840 6259 3511 5463 4776 10033 8710 2263 2148 512 6011 12650 16187
1655 12233 14180 3102 8719 9222 3171 10917 10033 13348 16187 8719 4776 2285 9640 926
1213 1955 4776 14394 3384 16187 16187 16187 16187 16187 16187 16187 16187 16187 16187 16187
3842 3171 16187 9840 6259 3511 5463 4776 10033 8710 2263 2148 512 6011 12650 16187
1655 12233 14180 3102 8719 9222 3171 10917 10033 13348 16187 8719 4776 2285 9640 926
4776 559 8710 6259 5695 10033 8268 4660 8268 10399 2340 5944 16187 16187 16187 16187
3842 3171 16187 11889 4776 10033 8268 7740 11889 8712 16187 9084 9754 16187 1229 630
1655 12233 14180 3102 8719 9222 3171 10917 10033 13348 16187 8719 4776 2285 9640 926
7740 4537 3644 9754 10503 8712 16187 16187 16187 16187 16187 16187 16187 16187 16187 16187
3842 3171 16187 11889 4776 10033 8268 7740 11889 8712 16187 9084 9754 16187 13348 16187
1655 12233 14180 3102 8719 9222 3171 10917 10033 13348 16187 8719 4776 2285 9640 926
14180 8719 14180 8268 6259 8569 2563 10967 11789 12127 10709 3177 15740 16187 16187 16187
3842 3171 16187 11889 4776 10033 8268 7740 11889 8712 16187 7740 9429 16187 16187 4776
1655 12233 14180 3102 8719 9222 3171 10917 10033 13348 16187 8719 4776 2285 9640 926
15520 15781 1955 13949 8710 12233 13317 15525 4776 14649 3177 3171 5095 16187 16187 16187
3842 3171 16187 9840 6259 3511 5463 4776 10033 8710 2263 2148 13929 14237 4311 6011
1655 12233 14180 3102 8719 9222 3171 10917 10033 13348 16187 8719 4776 2285 9640 926
2550 16187 16187 16187 16187 16187 16187 16187 16187 16187 16187 16187 16187 16187 16187 16187
3842 3171 16187 11889 4776 10033 8268 7740 11889 8712 16187 7740 9429 16187 16187 9084
1655 12233 14180 3102 8719 9222 3171 10917 10033 13348 16187 8719 4776 2285 9640 926
14237 4776 7937 4931 926 3994 8344 16187 16187 16187 16187 16187 16187 16187 16187 16187
3842 3171 16187 11889 4776 10033 8268 7740 11889 8712 16187 7740 9429 16187 16187 4776
1655 12233 14180 3102 8719 9222 3171 10917 10033 13348 16187 8719 4776 2285 9640 926
3171 10033 8710 4642 6259 472 2451 8268 14237 6259 10355 1378 8712 8710 16187 16187
3842 3171 16187 11889 4776 10033 8268 7740 11889 8712 16187 9084 9754 16187 13348 16187
1655 12233 14180 3102 8719 9222 3171 10917 10033 13348 16187 8719 4776 2285 9640 926
7740 6011 4628 9754 2823 926 13348 16187 16187 16187 16187 16187 16187 16187 16187 16187
3842 3171 16187 9840 6259 3511 5463 4776 10033 8710 2263 2148 512 6011 12650 16187
1655 12233 14180 3102 8719 9222 3171 10917 10033 13348 16187 8719 4776 2285 9640 926
831 2894 16187 16187 16187 16187 16187 16187 16187 16187 16187 16187 16187 16187 16187 16187
3842 3171 16187 11889 4776 10033 8268 7740 11889 8712 16187 7740 9429 16187 16187 9084
1655 12233 14180 3102 8719 9222 3171 10917 10033 13348 16187 8719 4776 2285 9640 926
7740 4552 9754 15956 203 7926 8268 14237 8712 8268 9032 12233 13632 1229 12307 16187
3842 3171 16187 9840 6259 3511 5463 4776 10033 8710 2263 2148 512 6011 12650 16187
1655 12233 14180 3102 8719 9222 3171 10917 10033 13348 16187 8719 4776 2285 9640 926
2263 1954 2122 14419 10033 14237 8712 3112 13084 11293 11953 8712 16187 16187 16187 16187
3842 3171 16187 11889 4776 10033 8268 7740 11889 8712 16187 9084 9754 16187 1229 630
1655 12233 14180 3102 8719 9222 3171 10917 10033 13348 16187 8719 4776 2285 9640 926
7740 9084 11889 4776 8081 5174 2122 2563 12576 16187 16187 16187 16187 16187 16187 16187
3842 3171 16187 9840 6259 3511 5463 4776 10033 8710 2263 2148 512 6011 12650 16187
1655 12233 14180 3102 8719 9222 3171 10917 10033 13348 16187 8719 4776 2285 9640 926
11180 926 8710 6259 5820 2051 4776 10166 14352 9450 11953 16187 16187 16187 16187 16187
3842 3171 16187 11889 4776 10033 8268 7740 11889 8712 16187 9084 9754 16187 1229 630
1655 12233 14180 3102 8719 9222 3171 10917 10033 13348 16187 8719 4776 2285 9640 926
7926 8710 6259 3098 950 14237 7926 939 8712 2296 16187 16187 16187 16187 16187 16187
3842 3171 16187 9840 6259 3511 5463 4776 10033 8710 2263 2148 512 6011 12650 16187
1655 12233 14180 3102 8719 9222 3171 10917 10033 13348 16187 8719 4776 2285 9640 926
1019 10509 6173 3171 9594 13546 5414 14426 10033 8710 9332 830 1378 6378 16187 16187
3842 3171 16187 11889 4776 10033 8268 7740 11889 8712 16187 9084 9754 16187 13348 16187
1655 12233 14180 3102 8719 9222 3171 10917 10033 13348 16187 8719 4776 2285 9640 926
8726 6011 11889 2066 14237 188 14734 564 3366 5867 9605 4776 926 14237 2588 16187
3842 3171 16187 9840 6259 3511 5463 4776 10033 8710 2263 2148 13929 14237 4311 6011
1655 12233 14180 3102 8719 9222 3171 10917 10033 13348 16187 8719 4776 2285 9640 926
830 10566 3177 4312 8268 3171 8710 15597 9431 2365 2563 16187 16187 16187 16187 16187
3842 3171 16187 11889 4776 10033 8268 7740 11889 8712 16187 9084 9754 16187 1229 630
1655 12233 14180 3102 8719 9222 3171 10917 10033 13348 16187 8719 4776 2285 9640 926
14237 4151 5533 926 3847 5695 9706 3171 8710 1378 3177 1885 9431 8185 16187 16187
3842 3171 16187 9840 6259 3511 5463 4776 10033 8710 2263 2148 512 6011 12650 16187
1655 12233 14180 3102 8719 9222 3171 10917 10033 13348 16187 8719 4776 2285 9640 926
7740 3141 7740 3364 12650 14745 8719 1157 6672 13907 5807 3177 14745 8719 3171 16187
3842 3171 16187 11889 4776 10033 8268 7740 11889 8712 16187 7740 9429 16187 16187 4776
1655 12233 14180 3102 8719 9222 3171 10917 10033 13348 16187 8719 4776 2285 9640 926
7777 926 4931 2326 14652 16187 16187 16187 16187 16187 16187 16187 16187 16187 16187 16187
3842 3171 16187 9840 6259 3511 5463 4776 10033 8710 2263 2148 13929 14237 4311 6011
1655 12233 14180 3102 8719 9222 3171 10917 10033 13348 16187 8719 4776 2285 9640 926
3177 9063 16041 10324 12233 13852 16187 16187 16187 16187 16187 16187 16187 16187 16187 16187
3842 3171 16187 11889 4776 10033 8268 7740 11889 8712 16187 9084 9754 16187 1229 630
1655 12233 14180 3102 8719 9222 3171 10917 10033 13348 16187 8719 4776 2285 9640 926
4776 10033 8710 14733 8268 926 14237 2790 8268 1229 12495 14776 15520 10217 3418 16187
3842 3171 16187 11889 4776 10033 8268 7740 11889 8712 16187 7740 9429 16187 16187 9084
1655 12233 14180 3102 8719 9222 3171 10917 10033 13348 16187 8719 4776 2285 9640 926
926 5137 8719 6259 2067 954 1955 926 5867 926 16187 16187 16187 16187 16187 16187
3842 3171 16187 9840 6259 3511 5463 4776 10033 8710 2263 2148 512 6011 12650 16187
1655 12233 14180 3102 8719 9222 3171 10917 10033 13348 16187 8719 4776 2285 9640 926
12008 4552 13348 16187 16187 16187 16187 16187 16187 16187 16187 16187 16187 16187 16187 16187
3842 3171 16187 9840 6259 3511 5463 4776 10033 8710 2263 2148 13929 14237 4311 6011
1655 12233 14180 3102 8719 9222 3171 10917 10033 13348 16187 8719 4776 2285 9640 926
12276 5568 14986 8710 5463 12958 6546 7259 16187 16187 16187 16187 16187 16187 16187 16187
3842 3171 16187 11889 4776 10033 8268 7740 11889 8712 16187 7740 9429 16187 16187 4776
1655 12233 14180 3102 8719 9222 3171 10917 10033 13348 16187 8719 4776 2285 9640 926
8084 8466 2119 2598 16187 16187 16187 16187 16187 16187 16187 16187 16187 16187 16187 16187
3842 3171 16187 9840 6259 3511 5463 4776 10033 8710 2263 2148 512 6011 12650 16187
1655 12233 14180 3102 8719 9222 3171 10917 10033 13348 16187 8719 4776 2285 9640 926
1132 8726 2263 4776 1138 12723 5711 926 16187 16187 16187 16187 16187 16187 16187 16187
3842 3171 16187 11889 4776 10033 8268 7740 11889 8712 16187 9084 9754 16187 13348 16187
1655 12233 14180 3102 8719 9222 3171 10917 10033 13348 16187 8719 4776 2285 9640 926
4776 2563 6751 203 5463 11900 15525 16187 16187 16187 16187 16187 16187 16187 16187 16187
3842 3171 16187 9840 6259 3511 5463 4776 10033 8710 2263 2148 512 6011 12650 16187
1655 12233 14180 3102 8719 9222 3171 10917 10033 13348 16187 8719 4776 2285 9640 926
8710 9754 3171 10646 11624 2598 16187 16187 16187 16187 16187 16187 16187 16187 16187 16187
3842 3171 16187 9840 6259 3511 5463 4776 10033 8710 2263 2148 512 6011 12650 16187
1655 12233 14180 3102 8719 9222 3171 10917 10033 13348 16187 8719 4776 2285 9640 926
4776 132 4931 2326 3098 16187 16187 16187 16187 16187 16187 16187 16187 16187 16187 16187
3842 3171 16187 9840 6259 3511 5463 4776 10033 8710 2263 2148 512 6011 12650 16187
1655 12233 14180 3102 8719 9222 3171 10917 10033 13348 16187 8719 4776 2285 9640 926
2263 6259 6070 10355 8229 16187 16187 16187 16187 16187 16187 16187 16187 16187 16187 16187
3842 3171 16187 9840 6259 3511 5463 4776 10033 8710 2263 2148 512 6011 12650 16187
1655 12233 14180 3102 8719 9222 3171 10917 10033 13348 16187 8719 4776 2285 9640 926
3171 5388 6259 8311 3177 2760 5463 8710 1750 14397 12679 12115 4776 926 16187 16187
3842 3171 16187 11889 4776 10033 8268 7740 11889 8712 16187 9084 9754 16187 1229 630
1655 12233 14180 3102 8719 9222 3171 10917 10033 13348 16187 8719 4776 2285 9640 926
12127 983 7740 2552 3171 2563 7740 15096 12233 9178 4776 8555 3177 6471 16187 16187
3842 3171 16187 9840 6259 3511 5463 4776 10033 8710 2263 2148 512 6011 12650 16187
1655 12233 14180 3102 8719 9222 3171 10917 10033 13348 16187 8719 4776 2285 9640 926
4297 8719 4776 4477 5328 3177 4776 2563 703 9605 6259 9450 15525 3177 4751 16187
3842 3171 16187 11889 4776 10033 8268 7740 11889 8712 16187 9084 9754 16187 1229 630
1655 12233 14180 3102 8719 9222 3171 10917 10033 13348 16187 8719 4776 2285 9640 926
14180 3177 4776 12835 11553 15819 10638 16187 16187 16187 16187 16187 16187 16187 16187 16187
3842 3171 16187 11889 4776 10033 8268 7740 11889 8712 16187 7740 9429 16187 16187 9084
1655 12233 14180 3102 8719 9222 3171 10917 10033 13348 16187 8719 4776 2285 9640 926
7740 4552 9754 8456 4776 2002 8268 7740 11889 8712 16187 16187 16187 16187 16187 16187
3842 3171 16187 9840 6259 3511 5463 4776 10033 8710 2263 2148 512 6011 12650 16187
1655 12233 14180 3102 8719 9222 3171 10917 10033 13348 16187 8719 4776 2285 9640 926
12716 8268 7740 5208 5329 1436 1955 630 830 4776 12835 8719 3171 2563 16187 16187
3842 3171 16187 11889 4776 10033 8268 7740 11889 8712 16187 7740 9429 16187 16187 4776
1655 12233 14180 3102 8719 9222 3171 10917 10033 13348 16187 8719 4776 2285 9640 926
7099 3171 7926 926 12233 926 1019 1991 926 6173 16187 16187 16187 16187 16187 16187
3842 3171 16187 11889 4776 10033 8268 7740 11889 8712 16187 7740 9429 16187 16187 9084
1655 12233 14180 3102 8719 9222 3171 10917 10033 13348 16187 8719 4776 2285 9640 926
3171 10033 8710 1954 191 926 16187 16187 16187 16187 16187 16187 16187 16187 16187 16187
3842 3171 16187 9840 6259 3511 5463 4776 10033 8710 2263 2148 512 6011 12650 16187
1655 12233 14180 3102 8719 9222 3171 10917 10033 13348 16187 8719 4776 2285 9640 926
15152 13348 13348 16187 16187 16187 16187 16187 16187 16187 16187 16187 16187 16187 16187 16187
3842 3171 16187 9840 6259 3511 5463 4776 10033 8710 2263 2148 13929 14237 4311 6011
1655 12233 14180 3102 8719 9222 3171 10917 10033 13348 16187 8719 4776 2285 9640 926
1378 9424 5463 5641 4776 7542 10418 12576 8710 8808 10801 16187 16187 16187 16187 16187
3842 3171 16187 9840 6259 3511 5463 4776 10033 8710 2263 2148 512 6011 12650 16187
1655 12233 14180 3102 8719 9222 3171 10917 10033 13348 16187 8719 4776 2285 9640 926
8712 5867 11988 1439 8719 10187 3177 926 14237 8712 15881 7807 8719 6431 9442 16187
3842 3171 16187 11889 4776 10033 8268 7740 11889 8712 16187 9084 9754 16187 1229 630
1655 12233 14180 3102 8719 9222 3171 10917 10033 13348 16187 8719 4776 2285 9640 926
3171 8710 6259 12260 2552 830 14180 10671 3177 4776 926 10983 16187 16187 16187 16187
3842 3171 16187 11889 4776 10033 8268 7740 11889 8712 16187 9084 9754 16187 1229 630
1655 12233 14180 3102 8719 9222 3171 10917 10033 13348 16187 8719 4776 2285 9640 926
5463 5867 6259 13616 1058 3177 6259 2494 15658 14352 14734 12781 16187 16187 16187 16187
3842 3171 16187 9840 6259 3511 5463 4776 10033 8710 2263 2148 13929 14237 4311 6011
1655 12233 14180 3102 8719 9222 3171 10917 10033 13348 16187 8719 4776 2285 9640 926
1378 3847 9754 2326 5941 4776 3449 830 4776 3137 1378 16187 16187 16187 16187 16187
3842 3171 16187 9840 6259 3511 5463 4776 10033 8710 2263 2148 13929 14237 4311 6011
1655 12233 14180 3102 8719 9222 3171 10917 10033 13348 16187 8719 4776 2285 9640 926
15870 4624 3364 6961 6259 5948 2858 3171 11953 203 1110 5641 16187 16187 16187 16187
3842 3171 16187 11889 4776 10033 8268 7740 11889 8712 16187 9084 9754 16187 1229 630
1655 12233 14180 3102 8719 9222 3171 10917 10033 13348 16187 8719 4776 2285 9640 926
7740 9429 8712 2326 8710 6259 926 10770 10033 12233 12650 16187 16187 16187 16187 16187
3842 3171 16187 9840 6259 3511 5463 4776 10033 8710 2263 2148 512 6011 12650 16187
1655 12233 14180 3102 8719 9222 3171 10917 10033 13348 16187 8719 4776 2285 9640 926
4776 4152 91 8710 1954 6196 12233 11702 4776 2122 4440 16187 16187 16187 16187 16187
3842 3171 16187 9840 6259 3511 5463 4776 10033 8710 2263 2148 512 6011 12650 16187
1655 12233 14180 3102 8719 9222 3171 10917 10033 13348 16187 8719 4776 2285 9640 926
12276 1860 10501 3177 4776 476 926 10315 8657 8268 2884 8268 1111 16187 16187 16187
3842 3171 16187 11889 4776 10033 8268 7740 11889 8712 16187 7740 9429 16187 16187 9084
1655 12233 14180 3102 8719 9222 3171 10917 10033 13348 16187 8719 4776 2285 9640 926
1998 16187 16187 16187 16187 16187 16187 16187 16187 16187 16187 16187 16187 16187 16187 16187
3842 3171 16187 9840 6259 3511 5463 4776 10033 8710 2263 2148 512 6011 12650 16187
1655 12233 14180 3102 8719 9222 3171 10917 10033 13348 16187 8719 4776 2285 9640 926
14237 7740 4552 9754 9429 926 6724 6259 11046 6585 2903 8719 4776 2285 2563 16187
3842 3171 16187 9840 6259 3511 5463 4776 10033 8710 2263 2148 512 6011 12650 16187
1655 12233 14180 3102 8719 9222 3171 10917 10033 13348 16187 8719 4776 2285 9640 926
7740 11553 8093 8466 926 4647 8719 6259 2563 5463 7740 9084 5329 11889 16187 16187
3842 3171 16187 9840 6259 3511 5463 4776 10033 8710 2263 2148 512 6011 12650 16187
1655 12233 14180 3102 8719 9222 3171 10917 10033 13348 16187 8719 4776 2285 9640 926
4325 11192 1138 5272 13089 5711 8719 15597 5568 3384 16187 16187 16187 16187 16187 16187
3842 3171 16187 11889 4776 10033 8268 7740 11889 8712 16187 7740 9429 16187 16187 9084
1655 12233 14180 3102 8719 9222 3171 10917 10033 13348 16187 8719 4776 2285 9640 926
926 10077 12233 12102 926 926 11179 8719 15597 8185 4537 12233 9605 2148 926 16187
3842 3171 16187 9840 6259 3511 5463 4776 10033 8710 2263 2148 512 6011 12650 16187
1655 12233 14180 3102 8719 9222 3171 10917 10033 13348 16187 8719 4776 2285 9640 926
4776 2563 16105 1954 2403 7500 8268 14237 1378 5463 13022 10719 4776 3401 16187 16187
3842 3171 16187 9840 6259 3511 5463 4776 10033 8710 2263 2148 512 6011 12650 16187
1655 12233 14180 3102 8719 9222 3171 10917 10033 13348 16187 8719 4776 2285 9640 926
3171 9290 8268 12576 4846 1919 6259 12917 8268 15409 10324 1229 1597 926 16187 16187
3842 3171 16187 9840 6259 3511 5463 4776 10033 8710 2263 2148 512 6011 12650 16187
1655 12233 14180 3102 8719 9222 3171 10917 10033 13348 16187 8719 4776 2285 9640 926
7742 8268 4776 9790 4705 12233 3297 7883 16187 16187 16187 16187 16187 16187 16187 16187
3842 3171 16187 11889 4776 10033 8268 7740 11889 8712 16187 9084 9754 16187 1229 630
1655 12233 14180 3102 8719 9222 3171 10917 10033 13348 16187 8719 4776 2285 9640 926
7740 12020 7740 3364 14263 8712 926 9484 16187 16187 16187 16187 16187 16187 16187 16187
3842 3171 16187 11889 4776 10033 8268 7740 11889 8712 16187 9084 9754 16187 13348 16187
1655 12233 14180 3102 8719 9222 3171 10917 10033 13348 16187 8719 4776 2285 9640 926
4776 8521 8069 10611 11387 2903 14237 8913 12276 11180 16187 16187 16187 16187 16187 16187
3842 3171 16187 9840 6259 3511 5463 4776 10033 8710 2263 2148 512 6011 12650 16187
1655 12233 14180 3102 8719 9222 3171 10917 10033 13348 16187 8719 4776 2285 9640 926
1450 12233 13799 3171 5568 656 8719 1138 4776 15571 5711 16187 16187 16187 16187 16187
3842 3171 16187 11889 4776 10033 8268 7740 11889 8712 16187 7740 9429 16187 16187 4776
1655 12233 14180 3102 8719 9222 3171 10917 10033 13348 16187 8719 4776 2285 9640 926
7740 9084 9754 15956 14272 12233 14518 13089 7740 2979 2858 8712 16187 16187 16187 16187
3842 3171 16187 11889 4776 10033 8268 7740 11889 8712 16187 7740 9429 16187 16187 9084
1655 12233 14180 3102 8719 9222 3171 10917 10033 13348 16187 8719 4776 2285 9640 926
10217 9813 9780 6867 14237 983 926 8268 12008 10217 4759 7367 1133 16187 16187 16187
3842 3171 16187 9840 6259 3511 5463 4776 10033 8710 2263 2148 512 6011 12650 16187
1655 12233 14180 3102 8719 9222 3171 10917 10033 13348 16187 8719 4776 2285 9640 926
7740 9640 8726 9410 8084 1442 3171 13103 16187 16187 16187 16187 16187 16187 16187 16187
3842 3171 16187 9840 6259 3511 5463 4776 10033 8710 2263 2148 13929 14237 4311 6011
1655 12233 14180 3102 8719 9222 3171 10917 10033 13348 16187 8719 4776 2285 9640 926
2599 9070 2006 6826 3177 2263 10922 8506 5463 7740 7902 6689 9316 4776 10033 16187
3842 3171 16187 11889 4776 10033 8268 7740 11889 8712 16187 7740 9429 16187 16187 4776
1655 12233 14180 3102 8719 9222 3171 10917 10033 13348 16187 8719 4776 2285 9640 926
15846 14069 2823 4404 2598 16187 16187 16187 16187 16187 16187 16187 16187 16187 16187 16187
3842 3171 16187 9840 6259 3511 5463 4776 10033 8710 2263 2148 512 6011 12650 16187
1655 12233 14180 3102 8719 9222 3171 10917 10033 13348 16187 8719 4776 2285 9640 926
13094 4776 10033 4537 4240 4776 10072 1603 13000 4932 4931 6259 13325 3177 15762 16187
3842 3171 16187 9840 6259 3511 5463 4776 10033 8710 2263 2148 512 6011 12650 16187
1655 12233 14180 3102 8719 9222 3171 10917 10033 13348 16187 8719 4776 2285 9640 926
15857 4776 5820 84 3177 3171 472 9301 8710 5329 926 12008 4776 817 9290 16187
3842 3171 16187 11889 4776 10033 8268 7740 11889 8712 16187 7740 9429 16187 16187 9084
1655 12233 14180 3102 8719 9222 3171 10917 10033 13348 16187 8719 4776 2285 9640 926
4776 14596 4931 2429 10355 8268 14237 4776 10418 4931 5329 14180 5463 8569 16187 16187
3842 3171 16187 11889 4776 10033 8268 7740 11889 8712 16187 9084 9754 16187 13348 16187
1655 12233 14180 3102 8719 9222 3171 10917 10033 13348 16187 8719 4776 2285 9640 926
926 5082 12233 1597 16187 16187 16187 16187 16187 16187 16187 16187 16187 16187 16187 16187
3842 3171 16187 9840 6259 3511 5463 4776 10033 8710 2263 2148 512 6011 12650 16187
1655 12233 14180 3102 8719 9222 3171 10917 10033 13348 16187 8719 4776 2285 9640 926
926 3925 16187 16187 16187 16187 16187 16187 16187 16187 16187 16187 16187 16187 16187 16187
3842 3171 16187 11889 4776 10033 8268 7740 11889 8712 16187 9084 9754 16187 1229 630
1655 12233 14180 3102 8719 9222 3171 10917 10033 13348 16187 8719 4776 2285 9640 926
15662 8710 3171 2598 16187 16187 16187 16187 16187 16187 16187 16187 16187 16187 16187 16187
3842 3171 16187 11889 4776 10033 8268 7740 11889 8712 16187 9084 9754 16187 1229 630
1655 12233 14180 3102 8719 9222 3171 10917 10033 13348 16187 8719 4776 2285 9640 926
4776 132 2837 9382 926 8710 1954 12238 10719 4776 10033 16187 16187 16187 16187 16187
3842 3171 16187 11889 4776 10033 8268 7740 11889 8712 16187 9084 9754 16187 1229 630
1655 12233 14180 3102 8719 9222 3171 10917 10033 13348 16187 8719 4776 2285 9640 926
14069 14776 8270 8185 15525 14069 16187 16187 16187 16187 16187 16187 16187 16187 16187 16187
3842 3171 16187 11889 4776 10033 8268 7740 11889 8712 16187 7740 9429 16187 16187 9084
1655 12233 14180 3102 8719 9222 3171 10917 10033 13348 16187 8719 4776 2285 9640 926
7740 4931 2758 1833 8015 9084 9754 7127 4776 8162 16187 16187 16187 16187 16187 16187
3842 3171 16187 11889 4776 10033 8268 7740 11889 8712 16187 7740 9429 16187 16187 9084
1655 12233 14180 3102 8719 9222 3171 10917 10033 13348 16187 8719 4776 2285 9640 926
5329 1229 16187 16187 16187 16187 16187 16187 16187 16187 16187 16187 16187 16187 16187 16187
3842 3171 16187 9840 6259 3511 5463 4776 10033 8710 2263 2148 13929 14237 4311 6011
1655 12233 14180 3102 8719 9222 3171 10917 10033 13348 16187 8719 4776 2285 9640 926
15857 8268 13474 1138 926 5711 14745 3177 14734 3670 11599 16187 16187 16187 16187 16187
3842 3171 16187 9840 6259 3511 5463 4776 10033 8710 2263 2148 512 6011 12650 16187
1655 12233 14180 3102 8719 9222 3171 10917 10033 13348 16187 8719 4776 2285 9640 926
14069 8710 6259 10709 1919 10217 7877 926 14926 14601 10967 8712 16187 16187 16187 16187
3842 3171 16187 9840 6259 3511 5463 4776 10033 8710 2263 2148 512 6011 12650 16187
1655 12233 14180 3102 8719 9222 3171 10917 10033 13348 16187 8719 4776 2285 9640 926
7740 968 10259 8712 12233 4404 817 2563 14237 4030 4692 4776 16146 16187 16187 16187
3842 3171 16187 9840 6259 3511 5463 4776 10033 8710 2263 2148 512 6011 12650 16187
1655 12233 14180 3102 8719 9222 3171 10917 10033 13348 16187 8719 4776 2285 9640 926
4776 6664 8710 10355 16187 16187 16187 16187 16187 16187 16187 16187 16187 16187 16187 16187
3842 3171 16187 11889 4776 10033 8268 7740 11889 8712 16187 7740 9429 16187 16187 9084
1655 12233 14180 3102 8719 9222 3171 10917 10033 13348 16187 8719 4776 2285 9640 926
4776 12298 16187 16187 16187 16187 16187 16187 16187 16187 16187 16187 16187 16187 16187 16187
3842 3171 16187 9840 6259 3511 5463 4776 10033 8710 2263 2148 13929 14237 4311 6011
1655 12233 14180 3102 8719 9222 3171 10917 10033 13348 16187 8719 4776 2285 9640 926
4776 2601 9046 6546 6070 5820 9563 4240 14919 9483 16187 16187 16187 16187 16187 16187
3842 3171 16187 11889 4776 10033 8268 7740 11889 8712 16187 9084 9754 16187 1229 630
1655 12233 14180 3102 8719 9222 3171 10917 10033 13348 16187 8719 4776 2285 9640 926
5329 4537 14745 8456 6011 8268 12008 10394 8719 3171 10033 9498 5580 3098 16187 16187
3842 3171 16187 11889 4776 10033 8268 7740 11889 8712 16187 9084 9754 16187 1229 630
1655 12233 14180 3102 8719 9222 3171 10917 10033 13348 16187 8719 4776 2285 9640 926
14180 5867 7742 512 3609 7428 16187 16187 16187 16187 16187 16187 16187 16187 16187 16187
3842 3171 16187 11889 4776 10033 8268 7740 11889 8712 16187 7740 9429 16187 16187 4776
1655 12233 14180 3102 8719 9222 3171 10917 10033 13348 16187 8719 4776 2285 9640 926
5332 14029 12233 4776 2563 16187 16187 16187 16187 16187 16187 16187 16187 16187 16187 16187
3842 3171 16187 11889 4776 10033 8268 7740 11889 8712 16187 7740 9429 16187 16187 9084
1655 12233 14180 3102 8719 9222 3171 10917 10033 13348 16187 8719 4776 2285 9640 926
8712 4931 4927 3748 14012 8719 2263 7333 4406 837 16187 16187 16187 16187 16187 16187
3842 3171 16187 9840 6259 3511 5463 4776 10033 8710 2263 2148 512 6011 12650 16187
1655 12233 14180 3102 8719 9222 3171 10917 10033 13348 16187 8719 4776 2285 9640 926
6173 3121 926 14237 930 3121 1136 1629 16187 16187 16187 16187 16187 16187 16187 16187
3842 3171 16187 11889 4776 10033 8268 7740 11889 8712 16187 9084 9754 16187 1229 630
1655 12233 14180 3102 8719 9222 3171 10917 10033 13348 16187 8719 4776 2285 9640 926
14069 4931 8069 6259 12157 9685 8268 926 12233 4776 14001 13348 16187 16187 16187 16187
3842 3171 16187 11889 4776 10033 8268 7740 11889 8712 16187 9084 9754 16187 13348 16187
1655 12233 14180 3102 8719 9222 3171 10917 10033 13348 16187 8719 4776 2285 9640 926
6407 1376 15846 12338 4776 2563 7824 1955 6259 2684 14752 4189 3177 14766 16187 16187
3842 3171 16187 11889 4776 10033 8268 7740 11889 8712 16187 7740 9429 16187 16187 4776
1655 12233 14180 3102 8719 9222 3171 10917 10033 13348 16187 8719 4776 2285 9640 926
8726 6011 5208 4552 5463 8268 4776 2122 8719 91 8710 8124 16187 16187 16187 16187
3842 3171 16187 11889 4776 10033 8268 7740 11889 8712 16187 7740 9429 16187 16187 9084
1655 12233 14180 3102 8719 9222 3171 10917 10033 13348 16187 8719 4776 2285 9640 926
12008 1229 630 8270 16187 16187 16187 16187 16187 16187 16187 16187 16187 16187 16187 16187
3842 3171 16187 11889 4776 10033 8268 7740 11889 8712 16187 9084 9754 16187 1229 630
1655 12233 14180 3102 8719 9222 3171 10917 10033 13348 16187 8719 4776 2285 9640 926
3171 3818 6070 6500 1919 4776 12835 4776 2148 4776 10033 8242 16187 16187 16187 16187
3842 3171 16187 11889 4776 10033 8268 7740 11889 8712 16187 9084 9754 16187 13348 16187
1655 12233 14180 3102 8719 9222 3171 10917 10033 13348 16187 8719 4776 2285 9640 926
9084 13592 3177 6011 12782 4776 12298 15477 2598 16187 16187 16187 16187 16187 16187 16187
3842 3171 16187 11889 4776 10033 8268 7740 11889 8712 16187 9084 9754 16187 1229 630
1655 12233 14180 3102 8719 9222 3171 10917 10033 13348 16187 8719 4776 2285 9640 926
1955 15036 8268 12272 926 3847 12256 4189 16187 16187 16187 16187 16187 16187 16187 16187
3842 3171 16187 11889 4776 10033 8268 7740 11889 8712 16187 9084 9754 16187 13348 16187
1655 12233 14180 3102 8719 9222 3171 10917 10033 13348 16187 8719 4776 2285 9640 926
8719 13592 2037 8268 3171 2563 4931 15624 14237 5329 8069 5450 3356 16187 16187 16187
3842 3171 16187 11889 4776 10033 8268 7740 11889 8712 16187 7740 9429 16187 16187 4776
1655 12233 14180 3102 8719 9222 3171 10917 10033 13348 16187 8719 4776 2285 9640 926
6173 16187 16187 16187 16187 16187 16187 16187 16187 16187 16187 16187 16187 16187 16187 16187
3842 3171 16187 9840 6259 3511 5463 4776 10033 8710 2263 2148 13929 14237 4311 6011
1655 12233 14180 3102 8719 9222 3171 10917 10033 13348 16187 8719 4776 2285 9640 926
7740 9884 8584 5463 926 8710 4776 564 926 7926 2326 6253 1957 8712 16187 16187
3842 3171 16187 11889 4776 10033 8268 7740 11889 8712 16187 7740 9429 16187 16187 4776
1655 12233 14180 3102 8719 9222 3171 10917 10033 13348 16187 8719 4776 2285 9640 926
926 926 14237 926 3372 6873 1955 4776 14802 8858 926 16187 16187 16187 16187 16187
3842 3171 16187 11889 4776 10033 8268 7740 11889 8712 16187 9084 9754 16187 13348 16187
1655 12233 14180 3102 8719 9222 3171 10917 10033 13348 16187 8719 4776 2285 9640 926
5329 6259 8569 2563 16187 16187 16187 16187 16187 16187 16187 16187 16187 16187 16187 16187
3842 3171 16187 9840 6259 3511 5463 4776 10033 8710 2263 2148 512 6011 12650 16187
1655 12233 14180 3102 8719 9222 3171 10917 10033 13348 16187 8719 4776 2285 9640 926
11788 12835 8268 4776 4927 4335 10092 8710 1229 13178 16187 16187 16187 16187 16187 16187
3842 3171 16187 11889 4776 10033 8268 7740 11889 8712 16187 9084 9754 16187 13348 16187
1655 12233 14180 3102 8719 9222 3171 10917 10033 13348 16187 8719 4776 2285 9640 926
6011 15956 8712 5867 5329 816 5463 7740 11553 12233 5243 14255 11331 16187 16187 16187
3842 3171 16187 11889 4776 10033 8268 7740 11889 8712 16187 7740 9429 16187 16187 9084
1655 12233 14180 3102 8719 9222 3171 10917 10033 13348 16187 8719 4776 2285 9640 926
4776 10116 1919 14180 5713 820 8268 8710 5463 4325 12431 12233 8733 4889 16187 16187
3842 3171 16187 9840 6259 3511 5463 4776 10033 8710 2263 2148 512 6011 12650 16187
1655 12233 14180 3102 8719 9222 3171 10917 10033 13348 16187 8719 4776 2285 9640 926
2552 4776 926 830 10033 14029 926 16187 16187 16187 16187 16187 16187 16187 16187 16187
3842 3171 16187 9840 6259 3511 5463 4776 10033 8710 2263 2148 512 6011 12650 16187
1655 12233 14180 3102 8719 9222 3171 10917 10033 13348 16187 8719 4776 2285 9640 926
7345 8521 8710 9754 14734 564 8268 12008 8712 5867 14734 10566 6987 16187 16187 16187
3842 3171 16187 11889 4776 10033 8268 7740 11889 8712 16187 9084 9754 16187 1229 630
1655 12233 14180 3102 8719 9222 3171 10917 10033 13348 16187 8719 4776 2285 9640 926
4776 10033 5297 11301 2903 13348 16187 16187 16187 16187 16187 16187 16187 16187 16187 16187
3842 3171 16187 11889 4776 10033 8268 7740 11889 8712 16187 7740 9429 16187 16187 4776
1655 12233 14180 3102 8719 9222 3171 10917 10033 13348 16187 8719 4776 2285 9640 926
1378 3543 9754 2823 6381 3748 2837 4776 14982 13258 3177 3171 10033 16187 16187 16187
3842 3171 16187 11889 4776 10033 8268 7740 11889 8712 16187 9084 9754 16187 13348 16187
1655 12233 14180 3102 8719 9222 3171 10917 10033 13348 16187 8719 4776 2285 9640 926
7742 8268 10862 14043 5329 8268 14272 4931 3171 11889 2598 16187 16187 16187 16187 16187
3842 3171 16187 11889 4776 10033 8268 7740 11889 8712 16187 9084 9754 16187 13348 16187
1655 12233 14180 3102 8719 9222 3171 10917 10033 13348 16187 8719 4776 2285 9640 926
7740 15956 5463 4776 12633 9498 15525 3177 7188 16187 16187 16187 16187 16187 16187 16187
3842 3171 16187 9840 6259 3511 5463 4776 10033 8710 2263 2148 13929 14237 4311 6011
1655 12233 14180 3102 8719 9222 3171 10917 10033 13348 16187 8719 4776 2285 9640 926
5528 13947 3504 8712 8268 8719 14443 12127 926 2563 8710 3177 1245 4776 9790 16187
3842 3171 16187 9840 6259 3511 5463 4776 10033 8710 2263 2148 512 6011 12650 16187
1655 12233 14180 3102 8719 9222 3171 10917 10033 13348 16187 8719 4776 2285 9640 926
12459 8268 4624 385 4312 16187 16187 16187 16187 16187 16187 16187 16187 16187 16187 16187
3842 3171 16187 11889 4776 10033 8268 7740 11889 8712 16187 9084 9754 16187 13348 16187
1655 12233 14180 3102 8719 9222 3171 10917 10033 13348 16187 8719 4776 2285 9640 926
5390 6714 8710 10915 8124 8719 4776 16187 16187 16187 16187 16187 16187 16187 16187 16187
3842 3171 16187 11889 4776 10033 8268 7740 11889 8712 16187 7740 9429 16187 16187 4776
1655 12233 14180 3102 8719 9222 3171 10917 10033 13348 16187 8719 4776 2285 9640 926
5463 5867 2429 203 4776 10033 7076 16187 16187 16187 16187 16187 16187 16187 16187 16187
3842 3171 16187 9840 6259 3511 5463 4776 10033 8710 2263 2148 13929 14237 4311 6011
1655 12233 14180 3102 8719 9222 3171 10917 10033 13348 16187 8719 4776 2285 9640 926
3171 8710 4537 1378 3177 9743 8185 8719 15649 12958 16152 16187 16187 16187 16187 16187
3842 3171 16187 11889 4776 10033 8268 7740 11889 8712 16187 9084 9754 16187 13348 16187
1655 12233 14180 3102 8719 9222 3171 10917 10033 13348 16187 8719 4776 2285 9640 926
7740 973 926 12233 14550 3171 1378 16187 16187 16187 16187 16187 16187 16187 16187 16187
3842 3171 16187 9840 6259 3511 5463 4776 10033 8710 2263 2148 512 6011 12650 16187
1655 12233 14180 3102 8719 9222 3171 10917 10033 13348 16187 8719 4776 2285 9640 926
8712 5867 6259 6692 9577 1919 9332 13298 16187 16187 16187 16187 16187 16187 16187 16187
3842 3171 16187 9840 6259 3511 5463 4776 10033 8710 2263 2148 512 6011 12650 16187
1655 12233 14180 3102 8719 9222 3171 10917 10033 13348 16187 8719 4776 2285 9640 926
9170 15658 8710 11812 8710 15608 12233 9085 16187 16187 16187 16187 16187 16187 16187 16187
3842 3171 16187 11889 4776 10033 8268 7740 11889 8712 16187 7740 9429 16187 16187 9084
1655 12233 14180 3102 8719 9222 3171 10917 10033 13348 16187 8719 4776 2285 9640 926
4776 3776 7663 926 8268 4776 2874 14776 6259 10355 5810 12349 4776 2002 16187 16187
3842 3171 16187 9840 6259 3511 5463 4776 10033 8710 2263 2148 512 6011 12650 16187
1655 12233 14180 3102 8719 9222 3171 10917 10033 13348 16187 8719 4776 2285 9640 926
7740 4552 9754 9429 1229 7740 9429 7926 5867 6259 9313 14237 6692 8761 16187 16187
3842 3171 16187 9840 6259 3511 5463 4776 10033 8710 2263 2148 512 6011 12650 16187
1655 12233 14180 3102 8719 9222 3171 10917 10033 13348 16187 8719 4776 2285 9640 926
7542 8268 8712 5867 4032 5937 9831 8268 7740 12232 7001 2552 8712 10036 16187 16187
3842 3171 16187 9840 6259 3511 5463 4776 10033 8710 2263 2148 13929 14237 4311 6011
1655 12233 14180 3102 8719 9222 3171 10917 10033 13348 16187 8719 4776 2285 9640 926
7740 7448 9754 11553 1535 16187 16187 16187 16187 16187 16187 16187 16187 16187 16187 16187
3842 3171 16187 11889 4776 10033 8268 7740 11889 8712 16187 9084 9754 16187 1229 630
1655 12233 14180 3102 8719 9222 3171 10917 10033 13348 16187 8719 4776 2285 9640 926
4776 12298 16187 16187 16187 16187 16187 16187 16187 16187 16187 16187 16187 16187 16187 16187
3842 3171 16187 9840 6259 3511 5463 4776 10033 8710 2263 2148 512 6011 12650 16187
1655 12233 14180 3102 8719 9222 3171 10917 10033 13348 16187 8719 4776 2285 9640 926
5969 8710 6297 5329 8569 14237 13474 8710 11357 15 1955 926 926 4931 16187 16187
3842 3171 16187 9840 6259 3511 5463 4776 10033 8710 2263 2148 13929 14237 4311 6011
1655 12233 14180 3102 8719 9222 3171 10917 10033 13348 16187 8719 4776 2285 9640 926
14237 5356 8710 4998 16187 16187 16187 16187 16187 16187 16187 16187 16187 16187 16187 16187
3842 3171 16187 9840 6259 3511 5463 4776 10033 8710 2263 2148 13929 14237 4311 6011
1655 12233 14180 3102 8719 9222 3171 10917 10033 13348 16187 8719 4776 2285 9640 926
8796 8712 5867 9449 12008 8712 5867 10518 12233 2823 16187 16187 16187 16187 16187 16187
3842 3171 16187 11889 4776 10033 8268 7740 11889 8712 16187 9084 9754 16187 1229 630
1655 12233 14180 3102 8719 9222 3171 10917 10033 13348 16187 8719 4776 2285 9640 926
2446 14180 4776 16146 2946 14237 13926 12892 6259 10355 9534 16187 16187 16187 16187 16187
3842 3171 16187 9840 6259 3511 5463 4776 10033 8710 2263 2148 512 6011 12650 16187
1655 12233 14180 3102 8719 9222 3171 10917 10033 13348 16187 8719 4776 2285 9640 926
12529 7051 14139 16187 16187 16187 16187 16187 16187 16187 16187 16187 16187 16187 16187 16187
3842 3171 16187 9840 6259 3511 5463 4776 10033 8710 2263 2148 512 6011 12650 16187
1655 12233 14180 3102 8719 9222 3171 10917 10033 13348 16187 8719 4776 2285 9640 926
6259 10033 11889 3171 5388 203 11775 7661 649 14237 926 11553 3818 16187 16187 16187
3842 3171 16187 11889 4776 10033 8268 7740 11889 8712 16187 9084 9754 16187 1229 630
1655 12233 14180 3102 8719 9222 3171 10917 10033 13348 16187 8719 4776 2285 9640 926
1019 2326 2598 16187 16187 16187 16187 16187 16187 16187 16187 16187 16187 16187 16187 16187
3842 3171 16187 11889 4776 10033 8268 7740 11889 8712 16187 7740 9429 16187 16187 4776
1655 12233 14180 3102 8719 9222 3171 10917 10033 13348 16187 8719 4776 2285 9640 926
1229 14272 8270 983 12233 5243 11953 4776 2563 512 5332 2598 16187 16187 16187 16187
3842 3171 16187 9840 6259 3511 5463 4776 10033 8710 2263 2148 512 6011 12650 16187
1655 12233 14180 3102 8719 9222 3171 10917 10033 13348 16187 8719 4776 2285 9640 926
4776 12835 9311 12495 630 16187 16187 16187 16187 16187 16187 16187 16187 16187 16187 16187
3842 3171 16187 9840 6259 3511 5463 4776 10033 8710 2263 2148 512 6011 12650 16187
1655 12233 14180 3102 8719 9222 3171 10917 10033 13348 16187 8719 4776 2285 9640 926
7926 3847 9754 549 4776 4927 15866 1644 14745 12233 1957 9431 16187 16187 16187 16187
3842 3171 16187 11889 4776 10033 8268 7740 11889 8712 16187 9084 9754 16187 1229 630
1655 12233 14180 3102 8719 9222 3171 10917 10033 13348 16187 8719 4776 2285 9640 926
8726 3171 771 12766 6259 5445 2563 8268 8712 12232 11553 10514 6259 14922 9574 16187
3842 3171 16187 11889 4776 10033 8268 7740 11889 8712 16187 7740 9429 16187 16187 4776
1655 12233 14180 3102 8719 9222 3171 10917 10033 13348 16187 8719 4776 2285 9640 926
