3673 14237 13607 14776 12489 14708 4776 14596 8710 5329 8569 16187 16187 16187 16187 16187
4776 2563 8710 2543 8719 6259 4927 6259 10355 15893 16187 1212 2563 16187 8569 8676
4776 2563 8710 2543 8719 4776 5365 12773 13348 16187 16187 15842 16187 14237 9332 16187
8712 3847 9754 7448 1378 16187 16187 16187 16187 16187 16187 16187 16187 16187 16187 16187
4776 14596 8710 405 8268 12008 8712 8710 5568 13411 8719 4404 476 16187 15842 16187
4776 4152 4931 10355 8268 14237 684 4776 9290 5867 6259 10501 12233 4776 2563 16187
4776 10566 15963 9424 7740 5208 8158 6011 8710 4552 9754 3432 13348 16187 16187 16187
4776 14596 4931 14397 3175 14237 4776 4302 3847 9754 8733 1597 1098 2946 2563 16187
4776 14596 4931 10355 14237 8712 82 9070 16187 3171 1378 16187 3384 16187 9442 4311
14237 3171 8710 6259 2176 10033 7508 16187 16187 16187 16187 16187 16187 16187 16187 16187
3171 10033 4931 6259 6070 4091 11032 3177 4776 8588 3177 926 16187 926 926 1390
3171 10033 4931 6013 2837 10471 15649 8710 9754 12606 3575 16187 14237 656 15525 7742
8974 10033 3537 8647 1919 12256 8808 12738 16187 16187 16187 16187 16187 16187 16187 16187
4776 6006 4931 8268 14691 11889 10566 820 16187 8185 16187 4858 14237 16187 9316 14237
10332 2103 8719 3369 8268 15624 8268 14237 5906 16187 10770 8268 8710 10770 16187 12650
4776 6854 8710 6601 4776 4267 7740 9884 8084 8466 16187 16187 16187 16187 16187 16187
4776 14596 8710 4927 12495 1348 14237 926 7674 12233 14192 1955 4776 13103 4818 16187
4776 14596 8710 15609 8268 14237 630 3177 4776 6664 9447 1755 16187 16187 11162 16187
14272 8710 8712 1919 5713 11222 2598 16187 16187 16187 16187 16187 16187 16187 16187 16187
4776 4152 8710 1229 5463 8710 1229 10355 14237 8712 8710 4776 14596 5463 3112 8712
4776 4152 8710 14411 12495 8268 12576 5329 4776 14596 16187 11789 16187 10400 16187 16187
7926 926 13592 5930 8719 1885 926 16187 16187 16187 16187 16187 16187 16187 16187 16187
4776 14596 10781 8710 10355 8268 12008 14272 8710 6227 8710 1823 16187 16187 16187 512
4776 6664 8710 2751 14237 6246 14237 3335 14237 8268 564 3177 14180 8268 7001 16187
11711 13163 3177 2077 13764 15860 11530 8719 4269 12233 926 15597 3760 1842 2598 16187
15024 10762 6499 16187 7742 16187 4512 4618 16187 3748 16187 1583 16187 2563 16187 926
15064 8710 3559 16187 14029 1583 16187 14029 1583 16187 4525 14237 6013 16187 5414 16187
15870 4776 2563 12232 11553 7807 15389 8726 4624 9498 13532 1954 8215 16187 16187 16187
8712 5867 6070 11298 14237 7708 8268 14237 5463 1093 3543 926 8712 6259 926 16187
8712 5867 6070 10011 8268 12008 6011 15956 5463 8712 5867 5329 2689 16187 5618 1957
8796 8268 7740 9084 16187 16187 16187 16187 16187 16187 16187 16187 16187 16187 16187 16187
8268 14237 1229 6011 11553 9754 8466 5463 6381 14745 13348 16187 13348 16187 6011 16187
14237 8268 1599 5867 11889 8712 1138 4335 2970 5711 16187 16187 2563 16187 11889 6259
13474 13942 15090 8268 14237 926 12233 3417 14745 12233 4776 8539 926 10045 16187 16187
1885 8808 926 14776 6580 14029 6259 13501 8719 3312 8268 14237 926 926 16187 11716
1885 8808 926 1778 8258 7926 8710 6649 830 4776 1138 926 5711 16187 1138 926
8712 5867 12495 8172 12233 2823 830 6259 2149 14043 7725 9887 16187 16187 16187 16187
2263 5329 6259 10355 2122 2563 8268 6259 3667 3177 983 16187 12349 10471 6161 16187
8712 8710 6070 10011 8268 12495 8268 12008 8712 8710 12495 10399 1957 8712 16187 6071
5297 8268 8712 5867 4776 6821 2400 5629 15442 14237 2681 15649 15791 15520 14808 16187
8712 5867 1344 3398 8268 14237 4537 203 8712 5867 14069 16187 2598 16187 16187 16187
8712 5867 1344 3398 8268 14237 2204 16187 16058 16187 9447 11889 926 14237 16076 926
9484 16187 16187 16187 16187 16187 16187 16187 16187 16187 16187 16187 16187 16187 16187 16187
2945 6259 2199 5810 12349 4776 6745 1133 16187 1229 6297 1919 4776 15768 14237 4624
2945 6259 10887 3942 830 9070 8268 5463 5867 6259 1781 8521 5463 3171 10033 8710
8726 6011 6635 4776 15595 8268 6011 15846 5329 2823 9872 16187 16187 16187 16187 16187
8712 5867 6070 11298 14237 7708 8268 14237 5463 1093 3543 926 8712 6259 926 3177
8712 5867 6070 10011 8268 14043 12495 8268 12008 8712 5867 4537 11900 830 8712 14237
6214 14237 13057 8268 12149 4776 926 3491 3177 926 16187 16187 16187 16187 16187 16187
8712 2446 779 6826 1842 926 8268 12008 4325 14776 5332 16187 9290 16187 16187 16187
4776 5121 10638 14776 7742 8268 8719 3511 8268 12716 16187 8710 5329 6070 2115 16187
14237 5463 12232 2823 12595 13348 16187 16187 16187 16187 16187 16187 16187 16187 16187 16187
3171 2563 4931 5329 6259 10770 476 3177 2977 15658 13348 16187 13348 16187 13348 16187
3171 2563 4931 5329 10355 8268 12008 1957 12291 8268 6041 4776 6688 8710 9754 4189
13474 8710 6259 10079 14237 6259 3827 1919 10024 2367 800 1331 16187 16187 16187 16187
8712 8710 6070 926 2446 6259 3356 14834 14596 16187 926 16187 926 16187 926 926
8712 8710 1378 3177 4776 564 3177 12276 14589 3437 926 16187 10918 16187 16187 2053
13474 14827 8712 8268 3177 1245 8268 8719 1885 7729 926 3177 1954 926 653 16187
4776 13607 6683 6070 1971 14237 10913 926 4776 9955 16187 926 16187 6073 165 8719
4776 13607 6683 12715 14237 12345 16187 926 926 16187 7949 16187 13542 8199 12233 7724
3098 16187 16187 16187 16187 16187 16187 16187 16187 16187 16187 16187 16187 16187 16187 16187
4776 8662 10686 3177 4776 5358 16187 2296 2308 5329 4776 2563 5463 7742 16187 14043
3171 8710 2945 14635 3177 6152 8268 14237 13616 3644 9754 2348 16187 12276 12362 16187
3171 4302 779 2446 12766 15696 8719 2263 926 14237 12353 4571 1019 926 6173 16187
4776 12298 8710 6070 10355 16187 16187 16187 7740 2329 899 1919 4776 11265 204 16187
4776 5453 11859 14237 8712 11900 14237 10355 16187 16187 2191 13348 16187 13348 16187 926
14237 1955 830 4776 1138 2572 5711 8268 4325 11031 716 13181 16187 16187 16187 16187
4776 4152 8719 4776 10033 1229 5297 771 6259 10355 2563 1957 564 2024 9577 16187
4776 4152 8719 3171 10033 4931 926 10967 14180 14237 12349 16187 926 16187 6918 16187
9574 6363 15525 3177 9484 16187 16187 16187 16187 16187 16187 16187 16187 16187 16187 16187
6259 10887 14514 8199 5629 2214 4931 6259 6070 4231 14596 16187 15840 16187 63 7997
6259 2601 5948 3177 6259 5948 2148 12291 16187 14237 9264 15762 16187 14029 9264 4750
2117 12233 3171 10033 8268 7740 771 8093 5226 3177 8712 16187 16187 16187 16187 16187
3511 8710 5430 6259 13659 12576 2552 4776 7938 926 916 4776 7465 926 5174 12723
3511 8710 4776 926 5463 7926 15846 2823 5463 4032 15715 1955 7740 12773 2148 10967
4552 5329 14518 1138 4335 5711 14237 6011 4537 14470 12149 1138 926 5711 16187 16187
5059 6173 4776 132 8268 8712 8710 2326 2689 13348 16187 926 16187 4776 926 16187
15883 13931 820 8268 4776 3794 6253 12233 8554 8712 8268 8569 13701 14776 4103 16187
12233 1436 8712 8710 926 8710 1954 9937 16187 16187 16187 16187 16187 16187 16187 16187
8712 8710 6259 3356 14237 2997 14237 8712 5867 6259 15819 9643 4707 13348 16187 9290
8712 4931 6259 10894 12495 630 1955 14221 10967 4776 5777 16187 4288 16187 3171 2563
4776 5820 1500 830 3171 2563 13216 15525 12233 4776 4302 926 16187 16187 16187 16187
4776 5463 4931 15174 12233 12650 16187 983 14237 15389 2148 5208 6011 9605 14069 12233
4776 6535 6070 10355 14237 157 5867 16187 14029 14397 2067 16187 12208 16187 8455 14112
10355 6499 2837 1430 926 8268 5341 2017 14237 926 926 3644 9754 8815 8712 16187
4776 4152 4931 10355 16187 12545 12233 4776 2563 5463 4325 9498 12105 12345 16187 926
4776 4152 4931 6070 6140 14237 6070 12606 16187 7740 771 3765 13348 16187 6140 13839
3171 2563 8710 5329 6259 3211 16187 16187 16187 16187 16187 16187 16187 16187 16187 16187
3171 2563 8710 2945 4032 15715 830 10671 3177 5722 14043 800 8185 16187 6695 14254
3171 2563 4931 6259 6070 1507 8229 1957 7829 16187 10399 1957 12291 8268 14237 8093
15981 7076 6259 926 1919 926 926 15658 8710 4776 16016 3177 4776 926 11558 16187
7766 9151 926 4931 6259 926 16187 10887 3734 4776 4152 16187 13623 16187 14350 16187
7766 14855 12233 1213 6259 8264 10931 16187 4404 14217 5208 1378 5329 13348 16187 899
1138 926 2598 5711 16187 16187 16187 16187 16187 16187 16187 16187 16187 16187 16187 16187
4776 10033 3847 9754 11490 4776 10474 8712 3364 16187 16187 5328 6259 8974 9484 16187
4776 10033 10781 8710 9754 10355 8268 12008 8712 4931 2326 2689 16187 1957 9431 16187
4776 13868 14029 4776 10192 8710 15696 8719 4776 15740 443 10147 16187 16187 16187 16187
4776 745 4931 6259 926 10967 4776 14596 4493 926 6423 4776 14603 1787 16187 926
4776 745 4931 6259 926 10967 4776 14596 4493 926 16187 16187 2296 16187 926 9783
8726 4776 2563 771 6259 5217 8268 8712 12232 11644 11953 12669 6259 1033 16187 16187
4776 3511 5463 8712 8710 1872 830 6931 8268 1955 7742 16187 14237 6381 8712 1957
4776 3511 5463 3171 8710 6259 14467 14634 7518 14596 8712 8710 6070 15174 16187 9355
9680 12233 10671 8268 4776 9803 14281 8710 630 8270 16187 16187 16187 16187 16187 16187
3963 3171 10033 4931 2326 10401 14237 6070 12606 16187 14029 8588 3177 926 16187 926
3963 3171 10033 4931 2326 3335 13348 16187 8081 3177 926 16187 926 16187 11889 4421
7740 10603 3171 10033 15954 12247 16187 16187 16187 16187 16187 16187 16187 16187 16187 16187
6363 9484 16187 5580 6259 5948 3177 10761 926 926 16187 4832 8719 4776 926 5867
6363 9484 2326 8197 3171 2563 830 5430 6259 3984 12233 2552 8268 14237 6011 4628
7740 4552 9754 8313 12233 8832 3171 2563 8268 7740 10716 10603 13832 9872 16187 16187
7740 7164 12233 12650 3171 2563 12008 12892 2903 15978 8712 4931 1229 12105 16105 16187
7740 3644 9754 8154 12416 13720 8268 12008 1229 8712 5867 5329 5463 8712 4931 16187
7740 1951 9796 12233 3842 926 926 8268 926 8268 926 16187 16187 16187 16187 16187
7740 2446 4552 9754 15956 15662 4776 9216 9498 8913 16187 10501 16187 16187 16187 12467
7740 2446 3017 3117 1133 830 4776 10566 10501 16187 7742 16187 16187 926 16187 10918
4776 5568 4452 10709 4931 4776 10202 926 3994 926 16187 16187 16187 16187 16187 16187
4776 14596 4931 1344 10355 14237 1229 2326 8712 5867 14411 16187 14237 2945 12606 16187
4776 15071 4931 14029 4776 12489 14237 926 7740 8069 4531 3171 12256 16187 6918 16187
926 926 5463 3942 2837 5836 14928 16187 16187 16187 16187 16187 16187 16187 16187 16187
4776 12904 8268 926 4931 926 14237 926 926 16187 926 16187 926 16187 926 16187
4776 12904 8268 926 1919 4776 926 3177 14734 10033 16187 926 16187 926 16187 926
1390 16187 16187 16187 16187 16187 16187 16187 16187 16187 16187 16187 16187 16187 16187 16187
9574 6363 15525 3177 9484 16187 14221 16187 8506 16187 16058 16187 4311 16187 12349 8268
1483 14237 4277 5375 9277 7347 4776 4949 3211 10983 11912 14237 7607 16187 1378 2148
12958 11953 8712 4931 9264 14237 5415 16187 16187 16187 16187 16187 16187 16187 16187 16187
4776 2601 14596 10140 6011 10967 4776 10442 3177 4776 13555 16187 8268 14237 7740 2383
4776 2601 14596 10140 6011 10967 4776 10442 3177 8569 16187 14237 10217 16187 13904 14237
3847 9754 6715 15369 8719 4776 12482 3177 13592 3177 5713 16187 16187 16187 16187 16187
4776 6801 779 6826 7310 284 9498 3098 13943 830 4776 7310 284 16187 926 4776
4776 6801 8710 1229 15640 3177 6011 8770 5463 8712 889 11301 5937 4751 16187 564
4776 4924 14237 2687 4440 9498 1344 13181 16187 16187 16187 16187 16187 16187 16187 16187
4776 14596 4931 7742 13663 14237 4776 12835 9498 9332 16187 926 8268 14237 4325 8069
4776 4152 91 8268 6689 1344 3785 2858 8376 13311 16187 4537 15840 12825 4891 16187
6594 4931 3171 2563 1138 5923 5711 13348 16187 16187 16187 16187 16187 16187 16187 16187
3171 2563 8710 2945 5329 830 4776 14340 3177 5217 16187 9004 2326 11889 3171 2563
3171 2563 8710 5580 6259 8974 14237 7740 4628 9754 12650 4776 7740 12650 8712 830
12008 4179 16187 16187 16187 16187 16187 16187 16187 16187 16187 16187 16187 16187 16187 16187
3171 8157 3177 4856 8268 12576 8423 450 8268 2684 16187 14180 4776 10033 8710 1872
3171 8157 3177 4856 8268 12576 8423 450 8268 3171 10033 8710 10501 3177 9850 16187
926 3082 8710 1098 16187 16187 16187 16187 16187 16187 16187 16187 16187 16187 16187 16187
3171 10033 8710 926 10355 16187 16187 14237 2327 16187 5948 3177 16146 8404 16187 4832
3171 10033 8710 2326 10399 12233 8733 2148 13074 10418 14237 16146 16187 926 16187 926
9455 15658 779 6259 4473 5908 830 926 12232 2326 12149 3171 2563 16187 16187 16187
3171 8710 6259 3098 2563 16187 15819 8268 1919 5463 12233 6683 1957 14180 16187 926
6259 10894 6929 12233 3171 2563 8084 16105 16187 9178 16187 8569 16187 16187 926 16187
926 8268 1955 926 8268 7733 6259 2765 3177 4440 91 8268 1955 11846 16187 16187
4776 7151 926 7076 926 926 16187 926 16187 926 926 8268 11161 1955 6826 7926
8712 926 926 16187 10501 3177 1885 926 16187 817 16187 14237 9264 926 16187 16187
2148 5431 8268 14069 14776 8656 13298 3177 820 3841 11431 6888 4776 10033 16187 16187
3171 3818 6070 6500 1919 4776 8521 5463 12208 4776 10566 3177 4776 10033 5867 14180
3171 4931 9575 2684 8268 8712 9447 12349 4776 12489 14237 4776 14596 8710 4776 9790
13943 3171 13216 8719 6259 8455 13811 8719 4776 157 5867 16187 16187 16187 16187 16187
3171 8710 6070 630 6259 2148 9809 926 16187 2550 15 16150 15291 14596 3177 6259
3171 8157 4856 8710 405 8268 6070 4687 7140 16187 16187 16187 5695 16187 157 7724
1378 926 4776 16146 12233 2053 4552 4776 15392 2558 3994 16187 16187 16187 16187 16187
4776 16146 10887 12723 14029 4776 2223 15477 13348 16187 9385 16187 2053 926 13348 16187
8081 12216 1955 4776 1023 3177 4776 13920 1383 3364 9754 2823 2148 15320 16187 512
15978 8712 8710 6259 12917 1919 3034 8268 4776 15806 3177 8264 1787 16187 16187 16187
3171 4931 6259 6070 926 12233 12650 14029 6259 8311 4776 14251 14237 4776 3163 13348
3171 10033 8710 14902 16187 8719 4776 2563 16187 926 1957 4776 926 10036 16187 926
5533 13216 1094 1919 4776 2458 5329 926 5463 14237 926 11553 3818 10412 16187 16187
12127 9575 3177 4776 10033 4931 10053 14237 4763 12276 467 13568 1381 16187 6259 926
12127 983 4776 7098 2979 14029 4776 926 14237 4776 10033 5867 926 16187 926 4776
1957 14589 7926 3543 11553 8466 5979 3701 2016 13348 16187 16187 16187 16187 16187 16187
6826 8592 8712 8268 1597 820 8592 8712 15438 8710 926 1919 6011 16187 9316 3171
2466 8268 7740 11553 2326 630 437 8268 12008 7740 1951 899 12233 14180 1885 15249
4776 15197 8710 3935 14237 12154 10967 10442 12233 12298 16187 16187 16187 16187 16187 16187
4776 15064 8710 14411 8268 3171 10033 8710 5329 6259 3211 5463 7740 9084 9754 7742
4776 15064 8710 2285 2446 12256 8268 8712 5867 9264 8520 1955 1954 176 3177 4565
4776 11401 8710 6585 13089 3171 15846 5367 8268 15846 2823 4776 2037 16187 16187 16187
4776 14596 8710 2466 10399 12233 14192 8268 12008 8712 8710 5329 1344 2002 16187 4537
4776 14596 8710 2466 10399 12233 14192 8268 12008 8712 8710 9332 16187 14237 8712 926
6259 13083 926 6179 14745 2858 4776 11079 14237 4776 9139 9002 16187 16187 16187 16187
4776 2601 8311 8710 5372 1955 6259 14397 10355 16187 16187 6685 16187 308 8710 564
4776 2601 6161 7164 1776 16187 6259 926 16187 5431 12233 1378 8268 7742 8268 7740
2263 7664 12832 2627 771 9070 6979 971 14029 4776 948 10953 16187 16187 16187 16187
6259 2601 5948 3177 6259 5948 2148 9332 16187 512 6259 5948 3177 10770 16187 643
6259 2601 5948 3177 3559 8808 2946 9605 1903 1919 15597 10638 16187 9925 13906 16187
9084 4776 4447 926 6297 926 12233 6683 9100 2598 16187 16187 16187 16187 16187 16187
4776 745 4931 6259 926 10967 4776 14596 4493 926 6423 4776 14603 1787 16187 926
4776 745 4931 6259 926 10967 4776 14596 4493 926 6423 4776 14603 1787 16187 14241
4776 12745 926 10036 14237 14284 16187 16187 16187 16187 16187 16187 16187 16187 16187 16187
4776 2595 5629 1885 14237 926 1885 4931 5314 11209 16187 926 16187 926 16187 926
4776 6664 8710 2751 14237 6246 14237 3335 14237 8268 564 3177 14180 8268 926 16187
7740 9429 7740 1959 3171 2563 1957 6259 3257 11656 16187 16187 16187 16187 16187 16187
7542 8268 3171 2563 4931 2326 10355 16187 16187 14237 4776 10033 6297 6259 9450 12233
7542 8268 3171 2563 4931 2326 10355 8268 5329 1229 10355 16187 7740 3364 9884 12766
4390 2837 10941 926 8268 2053 5916 3994 4931 7518 14029 6259 10566 15949 10686 16187
4776 2285 926 15093 8268 4776 2285 8676 14776 6535 14237 8733 6259 2176 10033 16187
4776 2285 926 15093 2588 4440 1919 4776 10418 8710 8124 8268 926 16187 926 8069
4325 549 2837 12044 14745 1919 6259 926 926 14237 7926 926 8712 16187 16187 16187
926 8268 926 8268 11046 926 8268 10480 14237 11166 8710 7393 16187 91 16187 2446
926 8268 926 8268 926 8268 926 8268 926 8268 6297 16187 16187 926 16187 926
12958 4931 5329 6259 8649 16187 16187 16187 16187 16187 16187 16187 16187 16187 16187 16187
4776 2601 14596 10140 6011 10967 4776 10442 3177 4776 13555 16187 3080 817 14237 5713
4776 2601 14596 10140 6011 10967 4776 10442 3177 14112 5463 3171 2563 16187 4537 6259
15662 9084 9754 4325 11393 14734 7824 8268 286 14237 1229 630 2148 16187 16187 16187
8712 5867 1229 8569 5463 8438 8710 9754 8712 5867 9449 16187 9442 5030 471 16187
8712 8268 12716 8268 12716 8268 5713 10217 9288 14237 10355 2122 8268 9563 830 4776
4552 9754 9605 9070 223 16187 16187 16187 16187 16187 16187 16187 16187 16187 16187 16187
3171 2563 3847 9754 11553 12233 9745 16187 1229 630 16187 12349 4776 12489 926 16187
6363 9484 5329 1229 14272 7740 3364 9884 2326 6259 14596 16187 14029 12825 12291 8719
7740 1110 5713 13603 16187 16187 16187 16187 16187 16187 16187 16187 16187 16187 16187 16187
7740 7480 1919 4776 12835 5713 9288 684 16187 5176 13875 8268 9332 16187 16187 16187
7740 9009 14350 16187 447 16187 14029 4776 7172 1919 4776 11954 4152 16187 12495 16187
14069 14776 5568 6259 15335 3766 1543 4776 4407 12516 926 8710 5580 6259 9001 16187
4776 1736 3177 4776 10033 8710 14769 14237 5329 1378 8093 6918 16187 6918 16187 16187
4776 1736 3177 4776 10033 8710 2446 6591 16187 16187 926 16187 8719 4776 2563 16187
8712 8710 5329 16187 16187 16187 16187 16187 16187 16187 16187 16187 16187 16187 16187 16187
8712 4931 9754 8569 12008 8712 4931 9754 2326 2689 16187 1957 14180 8712 15525 1955
8712 4931 9754 8569 12008 8712 3364 9605 14180 12958 5463 10247 16187 16187 16187 15096
13208 13348 16187 16187 16187 16187 16187 16187 16187 16187 16187 16187 16187 16187 16187 16187
6259 9349 8710 838 13089 7926 5867 6259 9313 14237 2326 10355 5463 13076 16187 16187
6259 9349 8710 838 13089 7926 5867 926 15 830 6259 926 8456 16187 1957 6931
7740 2308 3171 2563 12233 2823 6070 12606 16187 16187 16187 16187 16187 16187 16187 16187
6070 14514 4931 15761 8268 10762 14237 12820 14691 12233 8554 9222 6826 6664 16187 6071
6070 14514 5288 8268 7740 5297 3553 830 4776 5562 16187 10301 14237 4660 1919 926
926 8268 7740 2383 16187 16187 16187 16187 16187 16187 16187 16187 16187 16187 16187 16187
8712 3348 779 2263 16058 5713 9605 7480 5388 10967 10094 12233 926 5867 11914 16187
8712 8268 6011 926 13086 11553 6259 582 926 8719 3171 2563 16187 2296 16187 4949
2348 8268 830 176 8268 926 926 8268 5967 12233 1865 6259 926 926 16187 16187
6259 2563 3098 8974 8712 5867 12495 15096 14237 2689 16187 3356 5463 6011 9429 16187
6259 2563 8710 6259 926 12233 6683 1957 4776 8979 4776 10033 16187 8093 2326 15096
15662 14031 15662 2598 16187 16187 16187 16187 16187 16187 16187 16187 16187 16187 16187 16187
8712 15438 3847 9754 8344 9070 5463 4776 926 5007 5261 3171 9577 6826 3177 4776
8712 5867 1229 8569 5463 8268 8712 13942 11953 2024 5388 12495 9442 14237 8093 11921
8712 8710 6259 2176 8268 11901 14237 6070 4688 132 12233 13637 16187 16187 16187 16187
4776 3511 5463 8712 8710 3422 8268 14237 9758 8719 4776 10033 4931 9754 2326 2997
4776 14596 8710 15064 14237 854 15814 5509 3171 10033 8268 15649 8710 5329 4776 9790
4776 15762 3177 1290 13075 8719 6640 2563 7926 8577 12233 8733 16187 16187 16187 16187
4776 14596 8710 4927 12495 1348 14237 926 7674 12233 14192 1955 4776 13103 4818 16187
4776 15064 3177 3171 10033 4931 9754 8106 14237 4776 10418 4931 13074 14237 4776 10418
15978 8796 16187 16187 16187 16187 16187 16187 16187 16187 16187 16187 16187 16187 16187 16187
12008 8268 3171 10033 3847 11553 2263 6259 10355 4927 3177 5807 16187 926 16187 10372
12008 8268 7542 8268 284 8676 9498 6259 15335 15335 6837 4776 4660 14237 9784 2598
10566 4440 14776 9575 10967 1378 6492 8268 165 8913 14237 404 16187 16187 16187 16187
1885 8081 5459 8710 1941 16187 5332 7970 1919 14734 8185 16187 9316 16187 308 16187
1885 8081 5459 8710 1941 16187 830 4776 926 16187 564 16187 643 16187 14241 16187
13474 5867 2148 13076 512 892 16187 16187 16187 16187 16187 16187 16187 16187 16187 16187
12008 8712 5867 2446 11118 5463 4776 10501 3177 4776 6664 8710 7742 13663 16187 14180
8712 5867 1344 2997 14237 1420 16187 476 7740 926 4776 13348 16187 11382 13348 16187
9431 8268 4776 4714 8268 14237 14069 14776 6259 5948 3177 4312 16187 16187 16187 16187
3171 2563 8268 12716 8268 8710 9754 2326 6259 2037 8268 6259 1866 16187 926 16187
3171 10033 8268 12716 8268 8710 5329 6259 10355 9890 16187 14043 4537 6259 10355 1378
7740 926 12233 10603 8712 8268 14237 5332 7740 11553 16187 16187 16187 16187 16187 16187
8268 13971 926 8268 1138 7740 973 6259 926 13348 5711 16187 14395 5463 16187 6011
926 8268 6041 8268 7740 9004 2326 8569 12008 15662 5329 1515 12233 8712 16187 6169
10800 4311 4434 3748 4776 10217 10614 16187 16187 16187 16187 16187 16187 16187 16187 16187
1948 15180 1919 4776 8794 926 830 4312 16187 16187 8719 15597 10638 16187 14237 4776
1948 15180 1919 4776 10033 14237 4776 8002 4931 5329 926 16187 1957 14734 16058 14237
4776 11646 4931 8213 8268 203 3364 8712 5329 2666 6259 5267 2598 16187 16187 16187
4776 3511 8712 5867 5329 8569 16187 14237 8712 5867 5329 14030 8719 13592 983 16187
4776 2017 14237 926 926 8712 4931 7393 1955 6259 13474 12020 4624 9884 12766 11409
12485 7512 8710 10770 16187 16187 16187 16187 16187 16187 16187 16187 16187 16187 16187 16187
6017 8710 5329 6070 15174 16187 15387 8719 3171 16187 9890 16187 1243 16187 16187 14237
4776 3942 8710 5463 3171 2563 8710 5463 7926 8710 4776 14635 3177 2563 5463 7740
15662 4552 1229 1597 820 11442 3171 10915 926 1019 14237 3132 6173 4932 2598 16187
4776 4152 14139 7499 14043 11530 4776 2563 3364 8270 14237 4537 2326 926 16187 983
3171 2563 13756 8569 16187 15264 870 16187 4387 16187 6601 4776 10566 6987 9840 3177
7740 2308 3171 9618 1344 2837 595 16187 16187 16187 16187 16187 16187 16187 16187 16187
3511 8710 5463 4776 2563 16187 15881 6363 9484 15978 7740 6635 8712 16187 817 16187
3511 8710 5463 4776 10033 2251 9070 3177 4776 926 14029 4776 13341 16187 11253 16187
11834 8268 1954 12256 10033 13348 16187 16187 16187 16187 16187 16187 16187 16187 16187 16187
2293 8268 10710 16187 14596 11953 4776 4152 512 4776 9431 10217 12028 16187 14237 2689
2293 8268 10710 16187 2122 4440 14237 4776 14651 3847 10328 1955 4776 11331 16187 926
7740 12232 8152 3171 4776 2326 3061 8006 2563 16187 16187 16187 16187 16187 16187 16187
9655 12276 4183 12233 5993 3171 10033 8268 8726 2296 10866 8712 16187 14350 16187 10571
9655 12276 4183 12233 630 14855 12233 3171 1750 10299 3177 1954 10211 8268 14237 3643
1019 14816 6173 7740 9084 5329 188 12233 188 12233 2552 8944 8428 16187 16187 16187
7740 4142 8154 3171 10033 16187 8569 16187 16187 6601 12276 12362 16187 14237 4032 15715
7740 4142 8154 3171 10033 830 9455 15658 15846 12782 16187 13182 16187 14230 3177 4776
10242 9498 926 1955 7367 7157 2946 8719 15597 16058 816 16187 16187 16187 16187 16187
4776 4152 8268 6689 8268 8710 2326 10401 14237 7740 3553 4325 3364 8733 2148 5906
4776 10033 10781 779 6259 10355 14596 2894 16187 5009 983 12233 7347 4776 926 8710
926 8268 4845 14827 1885 5232 926 16187 16187 16187 16187 16187 16187 16187 16187 16187
4776 926 8268 12401 16146 14583 926 14237 7076 926 2837 926 16187 16187 926 16187
8712 5388 203 15096 12233 12181 6259 9290 15658 14352 16187 10166 16187 926 926 16187
4776 2221 8710 6070 8569 16187 16187 16187 16187 16187 16187 16187 16187 16187 16187 16187
4776 15064 8710 10355 14237 1229 8710 5463 8569 16187 11839 5463 1378 3177 4776 7612
4776 15064 8710 2285 2446 6259 10894 3177 6259 2148 800 15762 16187 11382 16187 14180
8712 8710 6259 12260 2552 830 10671 3177 926 16187 16187 16187 16187 16187 16187 16187
3171 8710 9754 6259 10770 10033 16187 7740 9884 8466 14180 11953 3367 15237 5867 1133
8712 4931 6259 10894 12495 630 2148 1957 15715 16187 4311 10036 16187 926 14029 4776
4776 10418 10283 3177 4776 4369 8710 11643 13348 16187 16187 16187 16187 16187 16187 16187
4776 6006 8710 6535 8268 4776 132 8710 3335 12495 16187 8268 12008 5463 7165 4776
4776 6006 8710 6535 8268 4776 132 8710 3335 12495 8268 14237 5463 5867 6259 10355
4776 10418 4931 10355 14237 4776 4152 4931 10355 16187 16187 16187 16187 16187 16187 16187
4776 4152 8710 8423 2002 8268 6140 2563 16187 6297 16187 5226 16187 9712 926 16187
4776 4152 8710 10355 8268 14237 6826 10355 2122 4440 14237 4776 10418 4931 10355 16187
926 16187 16187 16187 16187 16187 16187 16187 16187 16187 16187 16187 16187 16187 16187 16187
4776 926 4931 1229 10710 14237 8712 8710 2326 2689 16187 9442 5030 5057 6527 16187
4776 10033 2326 8710 14272 7740 8152 4931 1138 8719 4776 926 16187 10033 16187 5297
9574 15525 3177 14139 16187 16187 16187 16187 16187 16187 16187 16187 16187 16187 16187 16187
6259 10887 12238 8710 7742 10471 16187 9442 5030 1919 6259 10355 13839 16187 7708 16187
6259 2601 5948 3177 8761 14237 15881 12349 13348 16187 16187 6745 926 16187 10918 12233
9484 9484 8268 5329 1955 10355 1955 4776 2002 12008 5297 4032 15715 1597 12291 16187
3171 2563 8710 10399 12495 2519 16187 11953 4776 1383 5463 4832 8710 5329 12495 2689
3171 2563 8710 1507 8268 10399 10967 8712 8268 14237 8712 5867 14030 16187 5580 2309
926 8710 6259 926 5365 817 3632 943 16187 16187 16187 16187 16187 16187 16187 16187
5952 9729 512 926 8712 5867 4837 1750 6259 926 3177 926 16187 6259 5200 16187
6259 10894 1781 14237 8712 8710 6259 10894 3177 6259 926 16187 8974 16187 13141 12233
4776 2894 5629 12478 14237 4994 8710 3070 9480 8719 926 5867 9682 4557 8061 16187
4776 2285 13839 8710 4776 10566 2860 14635 3177 2563 16187 8185 16187 12495 15096 16187
4776 9745 3177 4776 7269 1093 4931 3356 16187 1229 13929 16187 5332 16187 9085 14029
926 8451 926 5867 6809 1955 1954 176 3177 1138 5711 6390 926 16187 16187 16187
926 926 830 926 8719 6259 10054 926 2446 8268 14237 1955 6259 926 16187 2563
926 926 6259 104 6259 8268 10355 2563 16187 10866 926 16187 513 8719 14734 8503
6011 5208 2945 8158 1543 4776 9831 8309 16187 16187 16187 16187 16187 16187 16187 16187
12958 12232 2823 7742 8268 14237 3171 1378 8710 6259 10355 10033 1919 6259 6070 8569
12958 12232 2823 3098 14237 2945 4032 15715 9577 16187 983 16187 2024 2563 16187 13216
14237 13084 8268 8712 3847 9754 8733 3171 10033 14219 8268 8712 3112 8712 8270 16187
3171 14596 8268 5314 10400 14272 2326 9450 6259 9290 15525 3177 1866 16187 2598 16187
4776 10033 4931 10915 8712 830 6259 6689 2689 16187 7740 771 6259 10355 983 16187
6051 8268 1824 14237 7664 2024 16187 16187 16187 16187 16187 16187 16187 16187 16187 16187
12606 8719 1133 7740 5476 10967 4776 6568 14237 6070 630 2148 2122 3765 16187 512
6051 8268 1824 14237 7664 2024 16187 14237 926 10671 16187 5332 16187 6683 1957 16187
6535 630 8093 16187 16187 16187 16187 16187 16187 16187 16187 16187 16187 16187 16187 16187
2945 4032 9316 8268 14237 4032 9316 8268 14237 2552 6011 14470 11553 6259 8974 3177
14112 4537 771 5463 10355 2191 16187 8569 8268 13807 8712 16187 13250 16187 15956 14272
14272 14635 3177 443 8069 10092 11889 5463 2598 16187 16187 16187 16187 16187 16187 16187
4776 15064 8710 10355 14237 8712 8710 10710 16187 8569 16187 4832 16187 5332 926 16187
4776 15064 8710 2285 10355 14237 132 7740 973 574 6363 16187 9484 16187 13348 16187
926 11842 6259 8081 4379 830 926 926 1147 16187 16187 16187 16187 16187 16187 16187
3370 3137 926 13758 2903 16187 926 8719 4776 926 16187 1787 926 3115 16187 13783
6259 926 926 8710 6259 8124 983 10568 13758 12135 14933 16187 12495 16187 1919 6259
1430 10272 12233 7937 5022 14272 779 12766 9015 16187 16187 16187 16187 16187 16187 16187
10394 8710 2903 1919 4776 926 14029 4776 926 13348 16187 3409 16187 8710 6259 926
10394 8710 4776 5358 16187 10033 12233 6683 1957 4776 7151 14237 9332 16187 8712 5867
1138 9605 6259 9857 8268 926 8268 8712 5867 5568 6259 926 4805 5711 16187 16187
4776 9216 15142 8712 1138 4776 11008 2563 6041 4776 926 13348 5711 16187 926 16187
4776 1138 7740 1951 6259 9313 8268 2326 3141 8710 4776 4927 4776 15939 16187 13811
12276 3942 1919 8712 8710 5463 1243 8309 2837 14237 7740 3032 12233 4128 11153 16187
4776 2601 2563 8710 6535 630 6259 6070 9625 2563 16187 9605 1507 14043 15624 16187
4776 2601 2563 8710 6535 630 12495 1507 1957 12291 16187 8268 14237 8093 3847 9754
3660 11842 8268 3660 10960 8268 3660 7310 284 14237 2122 15814 16187 16187 16187 16187
1885 8081 5459 8710 1941 16187 14237 1390 16187 10217 16187 13081 2148 512 4776 983
1885 8081 5459 8710 1941 16187 14237 4776 14217 6253 12233 2451 1885 9332 8808 16187
4624 2552 4776 677 14418 284 1919 5363 11326 14180 12349 4776 7157 16187 16187 16187
3963 3171 10033 8710 5463 1138 926 5711 16187 6011 7185 16187 926 16187 926 13348
12489 14708 10418 14237 13811 8268 8676 8268 8676 8268 8676 8268 14237 854 12835 16187
8712 5867 3554 12233 2823 11889 13592 16146 10011 3211 16187 16187 16187 16187 16187 16187
8712 4931 6535 630 6259 8808 9809 10033 8710 5329 10355 16187 16187 14237 15819 10033
8712 4931 6070 10011 8268 12008 14691 2326 203 4776 926 8710 9754 830 9070 16187
1919 13044 12716 8268 1612 6598 9070 12349 16187 16187 16187 16187 16187 16187 16187 16187
5889 16187 3211 8268 12576 5329 1378 3177 4776 12738 16187 4832 16187 926 8268 14237
5889 16187 10335 8268 1378 9736 926 16187 6356 926 16187 16187 926 16187 817 16187
12604 9367 7076 6259 3192 13021 5889 9290 16187 16187 16187 16187 16187 16187 16187 16187
6292 926 8710 6259 5820 3886 16187 6259 11046 12852 15658 11553 10710 16187 6826 13129
11914 8710 5297 14029 4776 6856 830 580 14734 5459 8268 926 8268 7001 16187 4487
12276 9574 14139 16187 16187 16187 16187 16187 16187 16187 16187 16187 16187 16187 16187 16187
3171 4302 8710 1507 8268 14237 5138 8268 4311 14029 4776 1334 10967 926 16187 2422
3171 2601 2563 8710 2148 9707 5463 512 14272 6259 9684 13348 16187 13348 16187 13348
12008 2599 5867 9605 5820 91 8268 8542 4776 9290 5208 5329 11192 13348 16187 16187
6070 630 10080 4152 8710 9743 15658 2326 5372 15597 8215 15715 3171 10033 16187 926
6070 1435 8710 2148 3177 1954 2122 10033 8268 1919 6826 3211 10719 16187 13298 16187
13093 926 5867 926 8710 6259 3098 10033 16187 16187 16187 16187 16187 16187 16187 16187
4776 926 10894 5463 926 13089 7740 9084 5329 5407 830 1885 15096 926 16187 14734
4776 2062 8710 2446 4189 8719 8712 5867 8719 6259 10114 3177 4776 2563 16187 10272
3847 13474 9605 7491 13089 1885 12852 9002 2598 16187 16187 16187 16187 16187 16187 16187
8712 3847 5329 888 4776 4932 8268 14043 1436 5463 1138 12102 926 16187 2024 16187
8712 3847 9754 11870 1157 12233 4776 12835 14043 1229 4325 11031 10571 10967 4776 926
13474 4931 2326 1222 8268 14237 16105 14180 4776 100 12233 11889 926 14184 4882 16187
4776 4152 4931 6070 6140 14237 6070 12690 16187 14237 4776 10033 5867 926 3177 14029
4776 8695 4776 4152 8710 7742 13663 14237 13084 16187 14180 4776 2148 512 10355 4431
4776 5121 13839 16105 4776 10566 3177 15597 10638 16187 16187 16187 16187 16187 16187 16187
4776 14596 8712 5867 6070 10355 16187 12606 16187 16187 7740 11553 8093 13081 8781 16187
4776 10108 14237 1885 7829 4931 926 2837 4776 14596 15649 4776 926 14029 4776 13103
12958 8710 9575 8719 1954 4704 4464 8268 1919 4853 926 14237 5894 6664 16187 16187
4776 7367 9799 8710 1175 3177 9850 12291 16187 11553 10471 13348 16187 5948 16187 11889
4776 10686 8710 10710 8268 6070 10913 8268 3171 8710 11039 3177 4776 2122 16187 8185
1138 5711 16187 16187 16187 16187 16187 16187 16187 16187 16187 16187 16187 16187 16187 16187
5713 100 4552 11889 4776 1045 9754 4949 16187 10913 926 9498 11643 16187 16187 16187
6173 8268 1138 6011 5711 16187 11401 16187 6390 9277 11553 12766 926 16187 926 13348
4776 4152 8710 6918 14237 9254 8268 630 11889 4776 12835 16187 16187 16187 16187 16187
4776 4152 8719 3171 10033 4931 7661 10336 14237 12583 14237 1344 450 16187 16187 512
4776 8808 3177 926 4931 9392 14237 15624 16187 16187 7336 926 16187 9591 16187 8808
7345 3364 2172 6259 9424 14043 10217 10967 926 14457 3177 10033 9222 16187 16187 16187
6259 4142 3192 2664 14237 1138 2543 2903 5711 8710 6259 12007 6683 14691 11889 6011
6259 4142 2997 3211 14251 8268 5463 11396 5937 2689 8312 12233 4776 926 16187 926
12008 15390 9349 8185 14776 6259 10983 926 11239 16187 16187 16187 16187 16187 16187 16187
3171 3818 6070 6500 1919 4776 8521 5463 4776 2563 12208 4776 9887 16187 13949 16187
3171 4931 6259 9614 9780 10983 512 7970 8164 14237 7970 412 16187 3418 16187 13298
5329 137 4776 1330 3609 2903 8719 8708 1383 15846 6237 9605 6259 4320 16187 16187
4776 6070 8506 8712 11953 4776 63 8710 4776 4152 16187 8781 1381 12233 2823 7877
3171 4931 6259 10810 13089 14286 5393 771 6259 7310 6683 5332 13474 771 3765 15096
7740 9084 12467 6297 16187 16187 16187 16187 16187 16187 16187 16187 16187 16187 16187 16187
15747 8268 9296 5568 4552 9754 2599 4776 14043 5329 6713 16187 15978 5463 12232 1866
15747 8268 9296 14180 14776 816 14029 4776 11253 926 7001 8268 8712 3543 2823 926
3482 5867 10671 15846 926 3171 2903 14237 7421 830 2148 16187 16187 16187 16187 16187
9483 15525 8726 6011 2326 6259 926 7742 16187 10918 16187 830 926 16187 926 16187
9483 9484 4537 5329 6259 5948 3177 10770 16187 4537 6259 9450 16187 14237 3356 8719
13947 2823 5415 8268 4776 2563 779 14691 3177 11779 8719 8712 16187 16187 16187 16187
4776 2563 4931 6259 3192 5033 3211 1919 6259 5948 3177 11901 3727 13701 16187 8081
3171 2563 8710 6259 3098 14596 8268 14237 2466 8712 2326 14180 5463 7345 5867 3942
14069 8710 13084 1138 94 5711 8719 3171 2563 16187 16187 16187 16187 16187 16187 16187
3171 10033 8710 8712 1229 4776 7542 16187 10355 2563 14237 7740 11553 8093 8466 16187
3171 10033 8710 6259 3098 2563 16187 100 8710 6259 926 2563 13348 16187 4697 16187
4537 3929 4776 2373 3177 9715 5867 1019 926 6173 6960 7740 6326 1957 10144 16187
2263 6259 5947 13182 16187 14038 14029 1684 16187 14237 5086 16187 4687 14029 4776 948
12958 4931 6535 6070 15048 11039 3177 12291 16187 11553 8093 13411 6259 2143 5463 12233
926 6251 16187 16187 16187 16187 16187 16187 16187 16187 16187 16187 16187 16187 16187 16187
926 926 10915 7733 4776 2563 16187 91 14237 8712 3847 4776 1787 5867 1919 8794
926 926 10915 7733 4776 2563 16187 91 14237 8712 8710 6259 9290 8719 4776 13839
3177 1245 8268 1856 14237 7998 5867 14506 8710 4776 926 3177 3171 10033 16187 16187
1344 7708 1955 12958 8069 4776 14133 882 926 14180 4776 983 14180 4776 926 6161
4776 14599 12716 8710 3748 4776 9790 8268 3177 1245 8268 14237 8712 2326 4931 16187
15658 14776 14180 5713 820 2598 16187 16187 16187 16187 16187 16187 16187 16187 16187 16187
3171 10033 5463 10915 13084 2093 830 2954 16187 14029 4776 9339 6390 10033 8268 14043
3171 10033 4931 13060 2837 4776 9058 3177 8920 16187 414 2263 2148 926 16187 14426
1019 3418 14139 14139 15525 3177 9484 6173 3171 8710 6259 2563 11953 12102 13348 16187
9574 6363 9484 16187 12102 13348 16187 8796 16187 926 16187 5200 16187 5562 16187 5332
9574 6363 9484 16187 6363 16187 9484 16187 15525 3177 9484 16187 2097 3177 4932 4172
3171 2563 4931 10770 8268 8726 14180 12349 4776 4805 16187 16187 16187 16187 16187 16187
3171 8157 2563 4856 8710 6070 1435 14596 12495 16187 10399 16187 11382 16187 12767 16187
3171 10214 9498 5329 6188 12233 4776 10026 16187 6090 14411 16187 14237 15525 3177 4312
12008 7926 4931 12691 5646 14237 5675 16187 16187 16187 16187 16187 16187 16187 16187 16187
4776 9424 8710 1229 13474 3847 9754 2326 4552 1157 830 9070 4931 5463 816 830
4776 4927 5736 12233 4776 8858 1787 8368 6320 8913 4776 1781 14237 2689 16187 9332
2016 14237 4776 4369 3177 4776 14274 8710 6259 1405 8268 15624 14237 15096 4922 16187
4776 4152 8710 4776 2563 15480 15649 8710 4776 2563 7740 11553 9754 4552 9754 7001
4776 4152 8710 16139 8268 3660 10033 11022 13663 2837 15408 16187 926 16187 10983 512
14272 6259 3098 8344 13348 16187 16187 16187 16187 16187 16187 16187 16187 16187 16187 16187
4776 12298 10033 8710 9754 6259 8344 3886 16187 9442 8268 11339 8268 14237 4776 1175
4776 12298 4931 6403 14237 8719 5463 2037 4776 10501 3177 4776 926 8710 13807 5217
2348 4240 6259 7371 10217 2103 3177 3171 8268 6011 8093 12431 6259 3087 2894 16187
6259 2601 4152 12008 2002 16187 630 2148 9332 16187 8719 4776 11846 9424 1955 7742
6259 2601 5948 3177 6259 5948 3177 2002 16187 5948 3177 8440 9591 16187 5948 3177
926 8710 6259 2053 15174 3994 10033 16187 16187 16187 16187 16187 16187 16187 16187 16187
6259 4531 8712 5086 15525 12233 4776 2563 16187 13508 16187 5568 6259 5286 8268 9290
3171 10033 8710 6259 6070 6013 14281 1919 6259 14397 926 512 1342 926 13348 16187
7740 1951 10442 12233 9429 5463 8034 4931 9389 14734 12478 6689 9222 3171 10033 16187
12008 5275 4552 9754 13839 5463 14635 3177 10399 1713 9204 794 16187 16146 2563 11889
12008 7740 3644 9754 10709 12233 1436 5463 7740 4931 8423 6259 9450 16187 16187 15096
7740 11530 8712 16187 16187 16187 16187 16187 16187 16187 16187 16187 16187 16187 16187 16187
12495 8569 5463 7345 11839 5064 771 15389 13129 12233 1436 16187 11953 8712 16187 13411
12495 8569 5463 6011 12260 11553 9754 8733 6259 2563 13280 16187 1382 4325 9605 7336
4776 10033 8383 6259 6140 5121 13839 15649 14150 13400 926 14237 4776 15940 926 16187
4776 1793 3177 14164 14237 13089 7926 4931 6259 926 3177 4776 926 16187 926 16187
4776 4152 8710 8124 8719 4776 2563 10781 16187 926 1957 14180 16187 926 16187 926
5389 8268 4624 2552 4776 5138 8719 3367 1955 4776 10033 11490 4837 2263 16153 16187
4776 9039 8268 5463 4776 12013 8710 6388 16187 6683 11889 5820 16187 8693 4776 1842
4776 6664 8710 5286 8268 10566 3177 4776 926 8268 4776 1754 3177 4776 926 16187
4776 8656 15358 8719 4776 2563 14776 926 8268 926 14237 4776 9335 16187 16187 16187
4776 745 4931 6259 926 10967 4776 14596 4493 926 6423 4776 14603 1787 16187 926
4776 745 4931 6259 926 10967 4776 14596 4493 926 6423 4776 14603 1787 16187 4776
4776 926 8503 926 3177 6286 8710 2326 10355 10033 16187 16187 16187 16187 16187 16187
4776 926 11658 1019 1955 926 14776 5329 3283 14237 926 9498 1175 16187 16187 16187
4776 3511 8712 12441 926 5867 926 8710 4776 10710 16187 16187 14237 8093 16187 13348
8712 5867 11789 5433 12233 7975 1413 4240 9316 8712 16187 16187 16187 16187 16187 16187
8712 4931 8592 5463 16187 926 16187 1954 2122 14419 10033 16187 3112 8712 14180 4776
4776 14596 8712 5867 4537 10915 8439 14237 113 926 954 16187 926 16187 12349 4776
1955 4325 7001 2903 16187 16187 16187 16187 16187 16187 16187 16187 16187 16187 16187 16187
8268 12716 8268 4325 926 2903 4776 1583 16187 8712 5867 12495 15096 16187 15624 16187
8268 12716 8268 4325 14776 6357 16039 5743 9591 830 1885 2894 3177 3211 16187 14237
7979 14470 2823 1282 14237 15757 2148 4750 512 14734 16058 387 16187 16187 16187 16187
13606 14029 2175 10818 14237 6065 3765 512 5476 16187 4311 10036 16187 5568 16187 9780
13592 6801 5367 8726 6011 188 2122 10033 10671 14776 6070 7742 10471 16187 14237 2148
8726 8712 4931 10471 8719 15597 16058 9422 16187 16187 16187 16187 16187 16187 16187 16187
8712 5867 1954 2997 10033 8268 12495 16187 7740 6166 2598 16187 16187 926 16187 4832
8712 4931 6070 1435 16187 2326 5463 13474 1957 4776 4927 830 4776 1419 16187 2552
4325 15846 13931 9455 5463 503 4776 926 9455 16187 16187 16187 16187 16187 16187 16187
926 926 2102 6811 1919 6259 2191 3177 12755 7377 14237 6259 8153 8839 16187 926
926 926 7076 5463 954 11289 12008 14734 8808 8610 3175 12767 16187 9059 5867 6259
7740 973 13616 1597 8268 7740 8313 6259 15335 11191 12232 926 16187 16187 16187 16187
7740 9009 8719 1110 1919 4776 6331 16187 12576 8268 14237 4776 2353 3177 14734 4924
7740 9009 8719 1110 1919 4776 6331 8268 14237 4776 2563 3847 9754 4230 16187 2221
3400 3880 1750 926 2837 6259 926 4931 9813 8213 12233 12650 16187 16187 16187 16187
6259 1592 3177 6259 2400 8710 926 8719 13940 16187 1329 16187 7188 16187 926 16187
6259 594 8268 5463 5867 1543 8712 8710 5329 4776 10566 2002 13603 16187 5807 1955
8712 15846 926 1597 820 5867 6874 8719 4776 14766 3177 14112 16187 16187 16187 16187
4776 4189 8710 5329 926 8268 12008 5329 3127 2903 8719 6259 4927 16187 926 16187
4776 2601 10400 13758 14237 6259 5948 3177 8712 5867 6259 6423 16187 9442 16187 9442
15658 6672 3364 11553 761 8692 9955 8719 14457 11889 3171 2598 16187 16187 16187 16187
8712 2326 12431 2858 9070 16187 8440 14237 5906 9577 11945 16187 926 10036 16187 9706
2326 14272 7740 9429 11953 3171 983 16187 8648 9002 8268 926 14237 4776 10033 14776
15658 12232 9754 2598 16187 16187 16187 16187 16187 16187 16187 16187 16187 16187 16187 16187
8712 12232 9754 15784 8712 1019 6011 5208 10751 5463 4776 4927 16187 926 4312 16187
8712 12232 6011 8270 14237 9605 2148 12233 11553 13592 6985 16187 16187 5947 13182 16187
926 2598 16187 16187 16187 16187 16187 16187 16187 16187 16187 16187 16187 16187 16187 16187
4776 14596 8710 5329 5463 10355 16187 7805 16187 5257 3177 4421 7076 3112 15848 16187
4776 4152 8710 1229 926 14237 8712 8710 13178 16187 16187 10518 12233 8855 1919 8794
4776 14599 8710 5176 13663 8268 14237 14069 8710 1344 15438 8093 6259 6918 10810 16187
4776 4152 8710 6070 2805 16187 9389 8719 5530 16187 12767 16187 11401 10036 14237 12441
4776 4152 91 9498 4776 12835 15658 12431 926 16187 5804 8719 4776 10033 16187 830
4325 6201 4776 8794 3044 4354 16187 16187 16187 16187 16187 16187 16187 16187 16187 16187
926 926 2102 6811 1919 6259 2191 3177 12755 7377 14237 6259 8153 8839 16187 926
926 926 3007 12233 1750 6259 899 8268 14241 16187 926 16187 14029 4776 8588 14237
7740 4931 2326 2677 12233 11889 3171 8268 7740 2326 4931 13348 16187 16187 16187 16187
12495 8569 8268 1229 8569 7345 8268 14272 5867 1229 8710 4776 8569 5095 16187 926
12495 8569 5463 7345 15814 16187 8569 11953 4776 4302 16187 10399 12233 1110 16187 926
6826 2122 4440 14776 2326 4286 14237 4776 14599 8710 6070 7742 13663 16187 16187 16187
4776 1507 14465 9498 6297 14635 11889 6259 15335 8200 16187 16187 15096 16187 8835 16187
4776 1507 14465 9498 13663 14237 6070 7742 8268 12008 8710 6535 10355 16187 16187 13583
9484 9484 830 15762 14237 2689 4856 16187 16187 16187 16187 16187 16187 16187 16187 16187
2945 6259 10887 3942 830 4776 2563 7740 12773 8710 5329 12233 15956 16187 14180 16187
2945 6259 2563 12233 12650 1919 6259 9442 11007 7045 14043 4776 7377 3177 4312 16187
8712 15881 13084 2123 8719 16041 8712 15525 3177 14745 16187 16187 16187 16187 16187 16187
4776 14596 8712 5867 5329 15389 8081 8268 12008 8712 5867 9780 16187 983 14237 16146
4776 3511 5463 8712 8710 1872 1955 6259 10710 4927 16187 16187 3356 16187 2689 16187
6292 6237 9084 6259 3098 15781 16187 16187 16187 16187 16187 16187 16187 16187 16187 16187
6292 926 8710 6259 10894 3890 12233 2823 4776 926 1955 4776 926 830 10033 16187
6391 6259 3098 8974 2563 11889 4776 10217 2103 9084 15597 16058 16187 11499 12233 926
1955 8719 14180 8164 8268 643 13216 14029 16187 16187 16187 16187 16187 16187 16187 16187
4776 9404 14281 8710 6259 9616 8268 15291 3525 3211 3177 70 16187 6259 8571 16187
4776 9404 14281 8710 6259 9616 8268 15291 3525 3211 3177 70 16187 70 16187 15358
7508 8268 8197 8712 6259 7001 16187 16187 16187 16187 16187 16187 16187 16187 16187 16187
8712 5867 1344 13250 12233 926 16187 926 8268 10418 8268 8569 8268 8710 9754 9563
8712 5867 1344 13250 12233 888 4312 8268 3171 8710 15597 3137 10033 16187 926 16187
1957 14589 13084 926 16187 16187 16187 16187 16187 16187 16187 16187 16187 16187 16187 16187
2263 716 11273 5463 5713 9288 9498 6552 14457 3177 11953 1515 16187 16187 15525 14237
2263 716 11273 5463 9290 16187 5580 6259 14125 16187 6918 2563 16187 3865 926 16187
12008 4776 2563 12892 9070 7401 14272 7740 12773 9264 5326 14237 14368 4440 16187 16187
4776 14596 4931 1344 10355 14237 1229 630 2148 5208 16187 9591 512 1157 6672 8710
4776 14596 4931 1344 10355 14237 1229 6297 779 1954 9332 13839 16187 7708 12233 15597
10566 3177 4776 2563 8710 10827 5967 12233 13317 15525 15658 5341 1866 8710 16187 16187
4776 559 8710 6259 3098 10033 8268 1919 10915 14180 3177 4776 5562 16187 983 16187
4776 9955 8710 6535 5435 8268 11946 4776 8521 4931 630 2148 16187 512 4776 3575
4311 5656 6259 9550 3177 15217 4240 4325 3249 8719 16187 16187 16187 16187 16187 16187
7877 5667 8710 4776 10217 2946 15658 684 1213 6259 7345 4302 16187 16105 16187 5820
12538 16187 14596 12233 4552 10503 8719 5820 703 16187 8185 8268 14043 12495 16187 5580
15202 10036 8268 7345 13944 15525 1954 8172 2563 10686 1919 1738 5837 16187 16187 16187
1998 16187 4537 5332 5174 14043 4776 10033 8710 5329 15624 16187 16187 14237 8093 6918
1998 16187 643 6011 188 1449 8268 15096 8268 684 830 13121 8268 983 8268 14237
4776 5358 1543 4552 7740 8069 5946 2598 16187 16187 16187 16187 16187 16187 16187 16187
4776 10376 8268 5627 926 3177 4776 926 4194 16187 2446 10501 3177 4776 926 16187
4776 10376 8268 1919 6259 8808 3177 1954 9355 14237 6259 2765 5208 7664 5804 16187
13274 8710 8268 11289 8268 10217 8185 16187 16187 16187 16187 16187 16187 16187 16187 16187
4776 6006 8710 2176 14237 2326 10355 2122 15814 8719 12401 16146 8808 10801 16187 8719
4776 6006 8710 2176 14237 2326 926 3171 12444 5022 1919 4776 7249 9349 14237 1885
7742 10471 13348 16187 16187 16187 16187 16187 16187 16187 16187 16187 16187 16187 16187 16187
5297 8268 7740 11889 15956 13084 1957 14180 703 16187 8569 16187 5948 3177 16146 12835
5297 8268 7740 11889 2148 12561 6259 10894 10399 12233 8537 15662 16187 5332 926 1229
3171 8710 4776 10442 3177 1378 3177 4776 564 8185 8084 16187 16187 16187 16187 16187
3171 4931 1954 926 8268 3299 2598 16187 926 926 16187 8719 4776 8781 2598 16187
3171 14596 8710 1507 8268 14237 14180 5463 8710 6535 630 6259 7432 13839 16187 7708
7742 4032 2712 8268 2684 11022 14237 2608 2837 6259 10602 13839 16187 16187 16187 16187
12576 7742 7310 284 14776 8569 14237 15662 14776 7926 3908 3171 2598 16187 926 16187
12576 7742 7310 284 14776 8569 14237 15662 7740 4552 9754 4230 2837 3171 10033 16187
6259 4858 4189 10967 14745 16187 16187 16187 16187 16187 16187 16187 16187 16187 16187 16187
12276 9574 8712 8710 9754 1955 8569 8268 12008 2263 6259 10602 1378 16187 6381 12233
6259 5948 3177 4776 2563 4537 6259 9450 12495 16187 2958 8268 11953 9484 16187 3409
15662 2598 16187 16187 16187 16187 16187 16187 16187 16187 16187 16187 16187 16187 16187 16187
3171 4931 9754 6826 10355 2122 10033 8268 14237 8712 4931 2326 3112 8712 16187 6500
3171 4931 1954 2997 15043 2563 8268 1919 6826 3098 2122 10033 16187 6695 16187 13570
9813 926 1919 6011 16187 16187 16187 16187 16187 16187 16187 16187 16187 16187 16187 16187
7767 14237 10898 11553 6826 5074 1919 6259 926 15658 3847 9754 3238 15597 8503 16187
15477 926 1390 8710 1378 3177 9743 12740 5463 779 1378 15180 16187 2326 940 11530
3171 2563 8710 10716 5967 12233 8158 6259 14596 14237 9577 12256 8268 6140 12835 16187
2285 4152 8710 14397 10355 14237 191 13587 830 6259 2563 16187 16187 4891 8719 4931
2285 14596 8710 2176 3078 14397 6381 1435 10686 16187 16187 11889 6259 926 926 8719
14069 8710 13084 4152 8268 4537 3660 3078 16187 16187 16187 16187 16187 16187 16187 16187
4776 14596 8710 4927 12495 1348 14237 926 7674 12233 14192 1955 4776 13103 4818 16187
4776 4152 8710 8170 14237 779 6259 8794 5801 12233 8712 16187 926 16187 1229 1597
5463 8710 8726 6011 12349 6683 4776 7151 4189 16187 16187 16187 16187 16187 16187 16187
2263 5329 6259 10355 2563 12008 7740 771 13084 10400 16187 14237 12495 2002 16187 11953
4776 14596 4931 2429 8712 5867 5329 15389 11889 5463 2326 11921 8719 16187 15096 983
11022 2837 7090 926 16187 16187 16187 16187 16187 16187 16187 16187 16187 16187 16187 16187
8974 6070 8268 2689 4856 3112 9070 4032 6259 6683 1957 5074 16187 14237 4776 12835
13741 8719 3511 4537 4776 1378 9424 3398 16187 9316 4776 10033 16187 926 16187 926
12276 2383 8268 12233 926 16187 16187 16187 16187 16187 16187 16187 16187 16187 16187 16187
4776 2563 4931 6259 3192 5033 3211 1919 6259 5948 3177 11901 3727 13701 16187 8081
4776 2563 4931 6259 3192 5033 3211 1919 6259 5948 3177 11901 3727 13701 16187 8081
2446 8268 926 5867 14524 926 1957 926 15525 4776 9349 14776 10909 6173 16187 16187
8712 926 926 8268 10710 8268 12008 8712 5867 5329 16187 14180 4776 2285 10033 8268
8712 926 14256 5867 906 14237 6598 11254 926 16187 8162 16187 2946 16187 926 16187
4949 8268 4949 16187 16187 16187 16187 16187 16187 16187 16187 16187 16187 16187 16187 16187
4949 8268 5463 5867 5329 8569 16187 14180 14069 4931 9754 2326 6259 3211 16187 7347
7661 1133 14776 12256 4703 3177 9288 16187 13089 869 926 91 16187 4949 16187 926
13084 16187 16187 16187 16187 16187 16187 16187 16187 16187 16187 16187 16187 16187 16187 16187
4776 3942 8710 5463 5867 5329 4776 14635 3177 8344 16187 10399 12233 6259 15347 16187
4776 3942 8710 5463 2167 12491 14237 10921 9941 1133 14776 2326 10217 9780 229 16187
7740 5328 12773 7831 926 14043 926 926 12233 8733 6259 14716 4837 4776 12298 16187
4832 1957 926 11839 8268 1229 630 8270 14237 4552 16187 6070 7742 16187 512 3609
1515 2858 1909 9290 8719 6259 2563 13348 16187 3554 12233 2823 15715 13348 16187 926
4776 7261 8710 5084 8719 6259 11308 13965 4927 8268 630 11889 2263 3991 16187 16187
4776 6664 8710 926 8268 14237 4776 10418 8710 8093 1344 926 16187 16187 926 16187
4776 6664 8710 2751 14237 6246 14237 3335 14237 8268 564 3177 14180 8268 926 16187
15404 8746 12273 926 14237 4311 7926 8710 926 4609 12233 10603 14734 6161 16187 16187
926 926 7076 1885 954 1955 926 8710 3335 16187 16187 8719 4776 9330 16187 14237
926 926 7076 1885 954 1955 13474 8710 1872 8719 6259 8564 16187 10033 16187 926
4311 14180 11191 15846 10328 8719 5909 16187 16187 16187 16187 16187 16187 16187 16187 16187
91 4172 926 7733 12844 15981 14237 3216 926 1395 16187 4404 16187 3384 4776 8719
91 8710 4776 4152 1955 4776 4152 8710 3559 16187 5046 5329 13411 16187 1229 7740
1229 14180 8719 14180 3098 132 6013 13607 16187 16187 16187 16187 16187 16187 16187 16187
3171 2563 8710 2945 630 9264 4856 8719 6071 2563 16187 10272 12233 2552 16187 926
3171 2563 8710 2945 12606 16187 12606 8268 12008 8712 8710 15525 3177 9070 8268 7740
9784 5867 10540 2876 1919 4776 10217 8404 10967 6826 3177 4776 15520 15211 926 16187
4776 13811 8710 8608 1955 7742 4776 8521 16187 4776 926 8710 15389 12233 3971 16187
4776 15776 14237 7094 14029 4776 10646 513 3177 926 16187 564 16187 13141 7981 10918
15870 3171 3364 5367 8719 4776 3990 3177 2053 926 4835 3994 16187 16187 16187 16187
2263 14221 6259 15335 12291 2598 16187 830 6071 16187 1957 14589 16187 15715 6259 5948
6826 3177 4776 3575 8710 5329 13436 1957 14180 8268 12008 8712 5867 5329 2823 926
4776 1754 3177 4776 13839 3847 1954 12256 15781 1955 7742 16187 16187 16187 16187 16187
4776 4927 4776 14596 8710 11789 5463 4776 9431 16187 5898 16187 6259 8808 16187 15071
4776 4927 4776 2223 8710 4776 9790 830 8712 16187 14237 8712 5867 2296 8440 2400
926 720 13250 2191 3177 4856 9084 3171 2563 9450 6527 16187 16187 16187 16187 16187
3171 2563 8710 2945 4032 15715 830 10671 3177 5722 14043 800 8185 16187 7742 16105
3171 4931 6259 6070 15624 2563 8268 5329 4032 6826 6683 2148 830 6259 6872 16187
8017 12008 13084 3171 2563 779 926 2689 14465 16187 16187 16187 16187 16187 16187 16187
8712 4931 6259 926 2563 8268 2326 14237 7004 7148 1955 4776 926 4931 14180 4776
8712 4931 1435 12495 630 8268 14237 8712 15881 6535 14221 2148 9332 16187 7926 5867
3171 10033 779 6259 5948 3177 1684 14237 5086 12008 8710 6535 4687 12233 14192 16187
3171 14596 8710 6070 4142 447 16187 16187 6429 16187 13807 4152 16187 11577 6011 16187
3171 14596 8710 6070 4142 447 16187 16187 11063 16187 16187 14237 10355 16187 12008 15819
14237 3177 1245 4624 11553 1098 2946 15658 2451 10915 12477 12835 16187 16187 16187 16187
3171 2563 4931 6070 10355 8268 8710 9754 6259 9625 16187 2563 16187 2588 6801 13348
3171 2563 4931 10335 15762 1957 8712 5867 9449 8268 2446 2823 6259 10355 14596 16187
6390 216 1019 8213 9519 13653 8268 14272 6259 13316 13348 16187 16187 16187 16187 16187
4142 6390 8974 14237 8569 6011 15846 8093 15956 14272 4776 3765 16187 4949 16187 6985
12529 11839 8268 2588 7740 11553 6259 10355 983 15715 3171 2563 16187 8368 14029 4776
7542 8268 4776 2563 8710 12256 16187 16187 16187 16187 16187 16187 16187 16187 16187 16187
3171 2563 8710 12495 14186 1954 176 3177 6259 926 16187 12008 6259 926 16187 8719
3171 2563 8710 5580 3098 2122 14237 2002 14237 8710 10418 16187 926 16187 1750 6259
4776 564 2563 3177 4776 1747 2598 16187 16187 16187 16187 16187 16187 16187 16187 16187
4776 4152 8710 6070 2805 14237 2326 2689 8719 6826 4440 8719 3171 2563 16187 12495
4776 2601 14596 10140 6011 10967 4776 10442 3177 4776 13555 13348 16187 4779 8268 8710
7740 9429 13474 8710 2176 8268 7664 8268 14237 3335 16187 16187 16187 16187 16187 16187
2176 8268 15291 8268 14237 8719 4776 12298 5898 8268 12495 16187 14237 11553 6259 5948
778 8710 5329 13663 7518 1229 630 14596 16187 4189 16187 16187 5568 4927 16187 7708
10288 779 8268 3177 10344 8268 3818 12007 9230 16187 16187 16187 16187 16187 16187 16187
2176 8268 15291 8268 14237 8719 4776 16146 12835 14237 15597 12835 16187 926 16187 926
2176 10033 8268 6070 10913 8268 2326 10770 14237 630 10016 16187 8455 8268 14237 4624
6689 16150 1405 14237 15513 8268 8712 4931 6535 2689 14237 9332 16187 16187 16187 16187
4776 6664 8710 5286 3177 926 8808 10801 16187 1440 16187 14237 15071 16187 6259 8808
4776 4152 8710 6070 2805 14237 4776 2946 2451 10571 7742 16187 1400 8719 15597 10638
4776 926 5867 10301 12233 14180 3177 3171 2598 16187 16187 16187 16187 16187 16187 16187
4776 3511 5463 8712 8710 1872 830 6931 8268 14237 8712 8710 6259 10355 983 16187
4776 14596 8710 14272 926 12233 12650 2903 1750 6259 5296 1186 5867 4832 16187 12349
4776 559 1750 9332 12835 5463 3099 14029 1597 2713 16187 16187 16187 16187 16187 16187
4776 6729 4931 4776 3511 5463 4931 4776 6535 7740 4931 2326 11953 4776 14069 5867
4776 5463 4931 6535 926 8710 8423 6259 3211 512 7740 9429 2326 10399 12233 9429
7740 1110 4537 11953 12127 1378 3177 4776 3420 5463 4325 11553 16105 16187 16187 16187
12495 6535 630 14180 14237 12349 4776 12489 8385 2563 16187 2296 2308 16187 6140 14237
12495 6535 630 10394 13348 16187 16187 1781 14237 4776 9290 9032 12233 561 16187 14734
7742 4032 15715 8069 4240 5328 6259 10776 16187 16187 16187 16187 16187 16187 16187 16187
2510 4342 2148 13839 8710 1378 3177 4776 4267 31 8185 8268 5329 9084 9754 2823
7542 7740 8197 4776 10033 6259 9484 15525 3177 9484 16187 16187 8081 2563 830 8712
7740 1110 14180 4776 12051 7926 14005 8268 8069 12233 4776 1781 1153 16187 16187 16187
3963 8268 3171 10033 4931 9575 2684 8268 2837 8268 8712 4931 7723 8719 14180 16187
2122 8710 10355 8268 284 14776 10355 8268 2543 14265 8710 10355 3634 16187 14237 4776
14776 6011 4223 2598 16187 16187 16187 16187 16187 16187 16187 16187 16187 16187 16187 16187
5822 16187 8569 10298 13348 16187 5365 16187 13348 16187 13348 16187 12149 16187 16187 9442
5822 16187 8569 703 4552 9754 8268 14043 3432 16187 12233 9429 16187 2598 16187 12467
3520 14029 8910 13348 16187 16187 16187 16187 16187 16187 16187 16187 16187 16187 16187 16187
8712 8710 6259 2365 9684 16187 16187 16187 15096 14237 6535 10879 1243 817 16187 16187
8712 8710 12127 8389 8719 3171 10033 16187 926 16187 926 16187 5568 1955 4421 926
4776 12852 771 926 5463 926 9084 5329 15956 4776 5820 1787 16187 16187 16187 16187
4776 745 4931 6259 926 10967 4776 4152 4493 4776 10033 16187 10272 12233 14263 16187
4776 745 4931 6259 926 10967 4776 14596 4493 6259 926 16187 16187 926 16187 2563
6259 12529 3942 8710 4776 8521 16187 16187 16187 16187 16187 16187 16187 16187 16187 16187
6259 2601 5948 3177 6259 5948 2148 4198 983 16187 1105 926 16187 9715 16187 13348
4776 2601 2563 8710 6152 16187 1957 6259 2519 14237 4776 2365 5695 10501 3177 4776
12008 9450 11817 8710 14272 9431 6381 14745 14029 4776 9272 16187 16187 16187 16187 16187
3171 4931 6259 6070 8974 16187 15649 2571 2263 12573 10709 16187 643 16187 13216 14029
3171 4931 1954 926 14237 6259 204 7045 6365 16187 2446 4776 7377 3177 4776 10033
9036 3171 10033 8268 15978 983 8710 12495 7613 12233 3667 16187 16187 16187 16187 16187
3171 2563 8710 2945 4032 15715 830 10671 3177 5722 14043 800 8185 16187 1110 16187
3171 2563 8710 5580 6259 8974 14237 7740 3364 11553 3211 5463 8712 5867 12495 15096
15870 13023 3543 2327 12233 12157 2148 1133 13907 7310 284 16187 16187 16187 16187 16187
2263 7664 12832 2627 771 9070 6979 971 14029 4776 948 10953 16187 10953 14219 5332
2263 12835 14776 10107 8268 14237 2308 14180 1778 2904 8268 12008 4325 14776 6070 5906
7740 4189 8719 4776 2563 5889 8268 14237 7740 4552 9754 11889 1597 8455 8185 16187
14792 11767 8268 7740 4552 9754 15956 203 4776 14596 8710 10518 12233 2823 8719 6259
14792 11767 8268 7740 4552 9754 10751 8662 8321 11889 4103 3171 926 16187 926 16187
3811 8710 6259 387 926 16187 16187 16187 16187 16187 16187 16187 16187 16187 16187 16187
10710 1404 8710 14180 8712 13942 12233 2823 91 16187 8719 6259 6070 1507 14237 14596
630 8710 2148 6259 400 10033 13348 13348 13348 16187 6683 1957 5074 1919 926 16187
9890 6011 1110 14043 6011 12102 8712 16187 16187 16187 16187 16187 16187 16187 16187 16187
9296 9070 8158 9070 2598 13348 16187 3137 5365 16187 8162 8268 4931 10471 926 16187
13555 9850 12102 8712 5208 5329 2823 926 16187 13348 16187 13348 16187 926 16187 926
14272 6259 6303 7740 4931 16187 16187 16187 16187 16187 16187 16187 16187 16187 16187 16187
4776 6729 4931 4776 3511 5463 4776 14596 4931 15337 5867 4927 12233 2823 8106 14237
4776 2563 4931 6259 3192 5033 3211 1919 6259 5948 3177 11901 3727 13701 16187 16187
1138 12431 12233 9605 9070 1378 3177 9743 5711 16187 16187 16187 16187 16187 16187 16187
6259 9349 8710 838 13089 7926 5867 6259 926 8268 1229 1543 4776 926 2598 16187
6259 9349 8710 838 13089 7926 5867 6259 926 8268 1229 1543 14776 5332 926 16187
16146 1502 926 14776 11789 9813 4951 16187 16187 16187 16187 16187 16187 16187 16187 16187
8712 8710 2446 11839 6813 14237 3408 16187 6133 13348 16187 10217 16187 15768 16187 14350
8712 8710 2446 3335 12233 2552 1955 926 5867 564 16187 4707 3177 4776 6499 16187
6006 7151 4931 12495 13193 16187 16187 16187 16187 16187 16187 16187 16187 16187 16187 16187
4776 6006 4931 9754 8569 14237 4776 13999 12013 8710 1957 12291 14397 10335 16187 1378
4776 6006 8710 6535 630 6259 10335 8268 14237 8093 1344 3785 2858 13592 3765 16187
7740 2308 4776 14596 14397 926 928 5329 15843 16146 14183 10921 9941 1133 16187 16187
2285 14596 8710 7100 8719 1378 8181 8268 12135 14237 6070 2067 12162 16187 12135 16187
2285 14596 8710 7100 8719 1378 8181 8268 12135 14237 6070 2067 12162 16187 12135 16187
13084 6472 1502 926 2598 16187 16187 16187 16187 16187 16187 16187 16187 16187 16187 16187
4776 2601 14596 10140 6011 10967 4776 10442 3177 4776 13555 16187 16187 8268 7740 4931
4776 7949 5656 11566 4927 10324 4776 2563 8268 12561 8594 14237 926 16187 926 16187
10671 3177 8944 1781 11144 8268 15846 3950 15783 4030 14237 13640 926 16187 16187 16187
8483 8268 4776 2563 8710 10571 15048 14237 10094 3543 5329 2823 1179 16187 11577 7926
8483 8268 4776 2563 8710 10571 15048 14237 3543 2823 926 16187 9591 1919 1597 16146
6689 7740 11889 1781 8331 8268 3171 1378 3007 6070 1001 16187 16187 16187 16187 16187
12008 12127 12051 13075 8268 12127 6664 1532 8268 12127 8808 11900 16187 926 16187 7708
12008 12127 12051 13075 8268 12127 6664 1532 8268 12127 8808 11900 16187 926 16187 7708
8712 8710 15408 6259 926 14237 1405 14138 1955 8466 2837 7345 16187 16187 16187 16187
8712 4931 1435 12495 1878 14237 11553 6259 11901 14237 5329 12892 5463 6259 2191 3177
8712 8710 4776 14596 5463 5568 8726 8712 12232 2823 926 16187 5332 16187 14241 16187
13663 2837 9867 926 926 926 8268 4776 2563 12322 1919 7134 14237 1378 11071 16187
4152 4776 1110 14596 8719 4776 10033 10781 8710 12606 16187 9813 12606 16187 11063 2780
4776 9834 1957 4776 10033 4776 926 8710 6535 13178 16187 14237 4776 926 9534 8710
4776 5820 3597 8710 6259 8794 1750 1919 7310 1983 16187 16187 16187 16187 16187 16187
4776 14596 8710 10394 6672 8719 4927 8712 8710 2326 6535 630 14180 4776 4440 16187
4776 14596 8710 4927 12495 1348 14237 926 7674 12233 14192 1955 4776 13103 4818 16187
3171 2563 14393 4776 6644 3177 1133 11889 4776 6731 14826 419 16187 16187 16187 16187
3171 2563 8710 6070 2689 14237 8712 8710 6259 10355 5033 8710 3559 16187 5329 2903
3171 4931 6259 6070 926 10033 5288 8268 5463 1378 5208 2823 8592 5463 3171 476
8712 8999 4372 14237 10918 8719 11859 8268 11039 3177 2165 4776 3449 2989 16187 16187
4776 14184 4882 8710 4776 12894 3177 6442 11530 14734 926 16187 16187 643 16187 16187
4776 6664 8710 7742 13663 14237 8093 1344 11162 4776 14596 16187 14237 6826 5580 7314
14776 6011 6259 12887 14043 6259 13720 15897 2598 16187 16187 16187 16187 16187 16187 16187
6259 10887 3942 137 8268 5463 3644 9754 4552 5463 4325 5329 4537 14038 8712 5867
3171 4302 779 2263 1378 10501 11953 5463 7740 11553 8084 8466 16187 7032 3177 6259
5332 3171 3632 779 926 5713 7512 10396 2187 1955 4325 5174 4883 4932 7987 16187
15662 2598 16187 16187 2689 16187 9332 16187 9332 16187 8081 8268 3597 16187 16187 10094
15662 2598 16187 1776 16187 5623 9070 16187 16187 9431 16187 15096 16187 6070 11673 3177
8712 4931 11889 1138 9331 12422 5711 16187 16187 16187 16187 16187 16187 16187 16187 16187
8712 4931 4776 926 3177 4776 14596 8069 2148 926 9070 9429 8712 16187 10887 12238
8712 4931 4776 926 8268 9004 12576 16187 7909 1153 16187 16187 13089 7740 9429 7926
5463 5867 2856 8268 14411 2598 16187 16187 16187 16187 16187 16187 16187 16187 16187 16187
8712 5867 6070 13982 7518 14029 4776 9642 8875 2451 16187 16187 2097 3177 1127 9780
8712 5867 6070 12606 14237 7742 13663 16187 16187 6070 7742 16187 6918 16187 11889 926
1957 4776 12298 3177 4776 10033 6011 14776 8781 8719 6259 926 16187 16187 16187 16187
4776 2563 8710 2945 14635 3177 10399 1713 9204 794 5463 7740 12232 11553 12766 11953
4776 2563 8710 2945 14635 3177 10399 1713 9204 794 8719 2024 8069 2148 6500 16187
7740 3553 4325 4628 9754 10610 8712 1919 2588 13555 13348 16187 16187 16187 16187 16187
7740 2326 4552 9754 15956 15662 7740 9429 7926 5867 8712 14180 8592 5463 7740 4931
7740 3175 7740 15956 15662 820 4552 5329 188 4312 16187 13089 4325 9178 16187 16187
5090 1603 6259 6875 7004 8710 12328 11779 830 9831 16187 16187 16187 16187 16187 16187
12162 13756 14029 2894 3177 4776 308 16187 2296 10866 926 926 8719 3171 2563 16187
12162 13756 1390 14029 14221 16187 16187 5414 7164 8268 12008 7740 2296 10866 8712 16187
7740 11530 4776 315 6423 3171 10033 16187 16187 16187 16187 16187 16187 16187 16187 16187
14029 4776 2601 9424 7740 9884 2326 6635 8712 8268 8712 4931 8712 2837 8712 13348
14029 4776 4156 8311 8268 4931 7740 8069 4931 816 16187 4931 15819 16187 983 16187
14237 4776 10033 779 9450 6672 12233 903 16187 16187 16187 16187 16187 16187 16187 16187
4776 14596 10781 8710 6259 926 8268 14237 14069 8710 2148 830 4776 8521 16187 6745
4776 14596 10781 8710 6259 926 8268 14237 14069 8710 2326 14272 8710 4776 1138 926
4552 9754 9605 9070 223 8268 7740 11889 6259 10355 8440 2122 2563 16187 16187 16187
3171 2563 8710 14691 4464 12233 11553 6259 2199 9238 16187 14043 14237 4325 14180 16187
6363 9803 6390 10033 8710 1138 8598 5711 16187 1138 15597 564 16187 5711 16187 2563
7926 3543 14361 12233 6826 10638 1919 3765 9461 16187 16187 16187 16187 16187 16187 16187
4776 6801 779 3356 3766 3177 16146 1486 14237 203 8710 4776 926 3177 4776 16146
4776 3942 8710 5463 8712 5867 15510 14237 15624 16187 830 8712 16187 16187 10372 308
4776 13811 14237 6006 14776 2446 9431 14263 16187 16187 16187 16187 16187 16187 16187 16187
4776 6664 8710 5286 8268 10312 830 5463 501 8719 4776 8185 16187 16167 4776 10033
4776 6664 8710 7367 14237 9264 6070 10894 3177 4776 926 16187 16187 10033 16187 926
6259 1098 13316 16187 16187 16187 16187 16187 16187 16187 16187 16187 16187 16187 16187 16187
6259 5994 8258 926 831 10566 10054 14588 8719 4776 3078 16187 16187 2148 512 4776
4776 2601 2563 8710 1138 315 8719 4776 1787 8268 12008 8857 926 12349 16187 16187
1378 3177 4776 564 8200 7740 968 771 8719 6259 15096 983 16187 16187 16187 16187
4776 11998 3942 1919 3171 10033 8710 4776 12364 14237 12536 16187 6297 16187 10471 16187
4776 11998 8770 8719 14180 8268 7740 1951 14364 4776 926 9084 7742 16187 9316 3171
2563 11022 2837 15041 12870 16187 16187 16187 16187 16187 16187 16187 16187 16187 16187 16187
9699 1481 8710 6070 2689 12495 16187 14237 13474 8710 2689 16187 9442 16187 9442 7367
9699 1481 8710 6070 2689 12495 16187 14237 3356 16187 16187 3356 16187 11331 16187 9442
4776 10033 7393 13923 4776 926 926 3177 15597 10285 6492 13907 15914 10978 16187 16187
4776 4152 8710 1229 5463 10355 14237 8712 8710 2326 5463 10355 16187 12958 16187 2373
4776 15064 3177 3171 10033 4931 10915 8124 16187 14180 4776 10566 10770 16187 2563 16187
5329 12233 11393 12276 15382 5736 16187 16187 16187 16187 16187 16187 16187 16187 16187 16187
6550 4776 10566 2469 1133 8719 4776 14239 16187 926 16187 926 926 16187 926 16187
6550 14734 9746 7926 15213 2903 1919 1885 926 1750 5736 8268 926 14237 6259 3641
7661 4776 9349 14237 4776 4792 14776 3908 15597 564 12008 15389 8710 6606 16187 16187
4776 10566 13904 926 3177 4776 7589 5463 5867 926 16187 8577 12233 8733 4776 10033
4776 10566 6855 8808 4931 926 11215 926 4776 5891 2191 16187 6161 16187 926 16187
12008 6011 15956 8268 3171 8710 4537 1378 12606 9450 14251 16187 16187 16187 16187 16187
3171 2563 8710 2945 630 3177 4776 4267 926 14237 8084 6683 1957 15525 3177 4776
3171 2563 8710 2945 8270 512 10566 926 14237 4776 12835 13348 16187 13348 16187 926
3171 10033 2446 13549 2904 16146 3098 6499 10967 15748 14237 8913 16187 16187 16187 16187
8712 4931 6070 2997 14237 4776 10418 4931 15819 8268 6070 12606 16187 8569 16187 16187
8712 4931 6070 2997 14237 11546 16187 779 6259 10728 8719 14112 16187 9311 3177 4776
