12256 7310 284 16187 16187 16187 16187 16187 16187 16187 16187 16187 16187 16187 16187 16187
5822 7310 284 2769 1919 569 3177 10211 7810 16187 2122 5777 16187 15649 2689 16187
6259 1872 8588 5350 14029 1583 14237 7343 15208 10154 5867 1378 3177 4776 10887 1583
1957 9431 7740 11839 3171 4931 9160 6259 8081 11422 1919 6259 9780 926 13607 16187
3171 2563 8710 5580 6259 5695 10033 5463 8710 5329 1344 2002 16187 7671 16187 16187
3171 2563 8710 6724 12233 4230 16187 8692 14237 820 11553 13084 16146 16187 5217 16187
4776 15271 11553 926 6259 7937 3177 10729 2858 8712 16187 16187 16187 16187 16187 16187
4776 11401 926 6585 4931 6259 926 14237 10355 13089 8712 15881 9360 6905 16187 5200
4776 2601 10400 3177 1455 6259 8081 3504 10716 3847 9754 926 16187 926 926 16187
7740 10589 4531 4776 4949 6289 14237 1110 5629 926 14237 926 16187 16187 16187 16187
10566 3177 4776 3826 16187 8719 4776 926 4931 10953 14237 926 6259 926 16187 15142
10566 8185 5463 9229 5463 9647 14776 15525 14069 13250 14043 903 12836 7310 284 8268
2446 7740 6124 6259 10894 11953 926 926 7740 9084 5329 15956 16187 16187 16187 16187
8712 2446 11118 5463 4776 1787 8710 1684 8268 14043 8069 2148 512 13474 8710 926
8712 8710 6259 7643 2148 512 6259 14596 8268 14397 5084 1955 6259 10033 16187 926
7740 973 8017 8268 7740 926 2786 12364 7740 7448 4776 14109 16187 16187 16187 16187
950 8268 7926 4184 6259 11453 14912 14237 4931 6535 12768 16187 16187 16187 4931 6070
950 8268 7926 4184 6259 11453 14912 14237 4931 6535 12768 16187 16187 2461 16187 8069
8726 6011 9429 3177 4776 11198 6423 8712 8268 6011 14470 1436 8712 5867 14902 16187
5463 4931 6259 630 3177 4949 5463 926 7740 9884 8084 8466 16187 16187 8719 12276
4776 8808 10801 4931 8268 830 4776 10566 10501 8268 6070 7742 10471 16187 7742 16187
7742 8268 4325 9084 12008 8258 6011 9498 4846 16187 16187 16187 16187 16187 16187 16187
12008 8268 8726 6011 9429 7740 1951 2095 1157 8268 7740 11553 9754 1098 16187 2563
12008 8268 8726 6011 2599 5430 816 13348 16187 6133 16187 16187 16187 16187 14029 4776
926 13348 16187 16187 16187 16187 16187 16187 16187 16187 16187 16187 16187 16187 16187 16187
4776 14596 3171 7589 3177 926 5867 926 8710 10355 14237 10770 12233 12650 16187 16187
3171 10033 3364 11553 12766 2148 13929 13348 13348 13348 16187 3137 2150 16187 926 16187
12008 7740 4931 8719 4776 13994 14237 12892 8712 6259 2327 16187 16187 16187 16187 16187
12008 5463 12232 2823 4776 564 2598 16187 3171 2563 16187 8569 16187 16187 4311 16187
12008 5463 5867 8719 3171 2563 8268 6011 2326 11553 6259 9450 16187 14237 2037 1543
12459 8268 8069 4776 5976 14241 4931 1957 14589 6259 14581 10355 2563 16187 16187 16187
3171 2563 8710 6259 3098 2122 2563 8268 831 2894 14237 2689 16187 4776 2002 16187
4776 4152 8710 4776 3886 1919 6259 9290 1919 4776 12545 11953 1954 10571 13758 8569
203 450 8710 8712 926 2598 16187 16187 16187 16187 16187 16187 16187 16187 16187 16187
8712 4931 6259 926 2563 16187 926 14237 9264 15762 16187 16187 5568 7970 412 16187
8712 4931 6259 10894 9625 16187 830 926 16187 2563 16187 10918 1955 5332 16187 4311
4325 926 6259 7345 10033 7970 15658 5086 8630 4776 820 15658 16105 1885 6545 16187
926 926 4776 926 926 15939 16187 8710 6259 8685 3177 6259 926 16187 10983 16187
926 926 926 926 926 4776 926 926 926 926 10114 8719 6259 983 6550 8712
12495 8569 7740 9084 9754 13077 4776 315 4805 8258 16187 16187 16187 16187 16187 16187
831 2894 13077 3171 2563 15525 8268 12008 13588 8258 6011 12003 16187 8719 4776 2563
831 2894 13077 3171 2563 14237 2327 16187 5562 16187 4832 16187 13216 16187 830 13501
8796 8712 2945 3847 16187 16187 16187 16187 16187 16187 16187 16187 16187 16187 16187 16187
3171 2563 4931 2326 8569 16187 12606 8268 12008 8712 4931 8093 2148 14043 3765 3765
3171 2563 4931 2326 8569 13348 16187 9442 4311 7416 926 8710 14180 4776 7705 16187
1229 7740 771 3765 5074 1919 3171 10033 16187 16187 16187 16187 16187 16187 16187 16187
1229 6535 630 14180 830 4776 2563 16187 2601 16187 16187 10770 830 4776 8588 3177
12008 1229 14691 8712 5867 5329 2326 5463 10355 9890 16187 9577 8712 2689 16187 4421
2446 13084 5200 2687 16187 16187 16187 16187 16187 16187 16187 16187 16187 16187 16187 16187
4776 6664 8710 5286 3177 12 1439 16187 4927 926 5867 5804 512 14745 8719 643
4776 6664 8710 10710 1955 14069 8710 5463 10646 13348 16187 8719 4269 16187 926 16187
7926 5086 12233 6259 6585 5459 8268 26 15004 1019 926 4747 6173 830 6276 16187
4776 926 4931 2446 3177 6259 926 14237 926 6826 926 15597 8808 16187 10669 14776
4776 5325 15093 8710 5695 3766 16187 2550 5119 830 4776 10033 16187 4832 16187 13129
926 14237 6073 8733 1110 8268 12008 926 929 14827 1885 6606 10967 15597 7422 16187
4776 4152 926 1778 10217 8404 5463 4776 926 9498 926 830 4776 13501 16187 926
4776 14596 9063 7100 14029 926 8268 14237 8712 9872 16187 926 16187 926 16187 926
8712 4931 8093 3554 12233 2823 14766 16187 16187 16187 16187 16187 16187 16187 16187 16187
8712 4931 9754 8712 4537 1955 10710 1955 4776 1378 926 16187 8710 4776 7199 3177
8712 4931 6070 1435 16187 12495 1378 2958 8268 12495 10197 10147 16187 12576 16187 3177
1229 8268 8710 10405 3177 2110 4776 564 6392 1327 2563 8084 16105 2598 16187 16187
4776 4152 8268 10147 8268 14237 4776 2894 4931 8268 14237 8710 16187 630 6259 1793
4776 4152 8268 10147 8268 14237 4776 10418 4931 10355 16187 16187 926 16187 4858 16187
14476 4537 8667 6259 1853 8719 12276 10211 16187 16187 16187 16187 16187 16187 16187 16187
630 3177 6259 926 5463 8710 1954 176 3177 6259 2080 16187 10501 3177 4776 12835
2945 6259 2563 13936 12276 14808 1229 12767 16187 5774 926 4776 5891 2191 16187 8708
6259 2563 5208 2823 926 10967 1597 10855 11767 5329 14180 3177 4312 14776 926 16187
4776 9431 4931 8361 15743 8268 7254 14237 12561 12606 16187 16187 16187 4687 16187 14230
4776 9431 4931 8361 15743 8268 7254 14237 12561 12606 16187 16187 16187 5414 2664 9618
10566 3177 4776 11404 14776 1344 10355 14237 4776 6006 8710 12256 16187 16187 16187 16187
4776 11998 3942 1919 12364 8712 4931 4776 10033 16187 8106 14237 564 5388 7740 2326
4776 11998 3942 1919 3171 10033 8710 4776 12364 14237 12536 16187 6259 2326 16187 15624
12716 8268 8712 8710 1378 3177 4776 10566 10770 703 7740 11553 8466 8719 10531 16187
3171 2563 4931 10335 15762 1957 8712 5867 9449 16187 8569 12291 16187 817 14237 13341
4776 2563 4931 6070 7742 16105 16187 3059 16187 16187 5777 16187 14237 4776 2285 308
14237 11889 1597 16146 11698 10509 8185 8268 4776 8676 14776 6724 12233 13163 16187 16187
12008 8268 3299 14043 1790 13549 6011 6259 4870 1957 694 4776 443 16187 10272 16187
12008 8268 6259 13250 2191 3177 4856 16187 8569 16187 4951 10967 3171 983 16187 2563
4624 2172 14691 2148 512 14272 10566 3177 2904 1442 1390 1243 2968 16187 16187 16187
12495 8569 16187 4687 16187 4335 16187 2563 16187 13348 16187 9431 16187 2563 16187 13348
12495 1597 703 8733 6259 10602 2946 14237 8084 2326 4998 8719 1954 4895 2563 16187
6011 4552 9754 11889 4312 8268 12008 6011 15956 4325 11031 10355 16187 16187 16187 16187
12008 8268 7740 4552 9754 14518 1157 12233 1436 11953 3171 2563 16187 9442 9575 16187
12008 8268 11889 7740 1951 8268 8656 10355 2946 16187 15956 203 7740 15956 2598 16187
12008 9084 7740 11393 11788 2598 16187 16187 16187 16187 16187 16187 16187 16187 16187 16187
12008 12654 14180 4776 16068 8712 414 8268 7740 2383 5463 5867 6535 10355 16187 16187
12008 5463 3644 9754 2823 816 16187 8708 16187 6011 8710 5329 12233 6407 15525 16187
8712 5623 9070 16187 16187 16187 16187 16187 16187 16187 16187 16187 16187 16187 16187 16187
8712 8710 6070 630 6259 8808 9809 10033 8710 6259 10602 10033 16187 16187 15624 16187
8712 8710 6070 12606 14237 2148 11889 3171 10033 16187 15096 2148 1405 16187 9577 16187
1955 926 2876 2903 1229 3847 926 16187 16187 16187 16187 16187 16187 16187 16187 16187
8712 5867 1955 14221 1955 926 3994 16187 1954 9404 1213 10033 16187 926 926 16187
8712 5867 4750 2326 5463 3942 8710 2326 1138 10355 5711 16187 9736 16187 11558 16187
926 8710 6259 14238 14237 5024 926 16187 16187 16187 16187 16187 16187 16187 16187 16187
4776 926 8710 6259 926 14237 8710 6259 10442 5095 12495 16187 16187 10501 16187 7251
4776 2285 13839 8710 6259 926 14237 8710 5646 14596 3177 4776 926 16187 15337 5867
5463 10033 12515 7829 9850 13434 1588 7248 564 13103 16187 16187 16187 16187 16187 16187
8712 4931 6070 2997 8268 12008 13436 5463 2263 5297 16187 16187 10762 14237 6070 2997
8712 4931 6535 630 6259 4710 12233 11553 8466 830 12276 2712 16187 926 16187 4770
4776 564 8185 8733 6011 2526 14043 1957 14589 4325 8733 9070 2526 16187 16187 16187
4776 14596 4931 3017 5463 4776 13799 8368 1919 5329 5463 10355 16187 5463 4927 12495
4776 12298 4931 14691 2326 3112 6011 9429 8712 5867 5463 4776 9339 13839 5463 7733
14180 4776 16146 7986 4311 8268 14776 10315 7986 13348 16187 16187 16187 16187 16187 16187
4776 10566 892 8268 7740 1951 5329 5463 5329 487 8712 5867 1229 8569 16187 15597
4776 14596 3177 7982 8268 6259 6013 8268 6177 8268 6303 16187 926 16187 926 16187
1597 3177 4776 9180 14776 555 3389 9450 2756 12233 926 8233 1955 6259 3403 16187
4776 559 8710 6535 10355 16187 16187 10879 11953 3171 2563 16187 8831 14237 11553 6259
4776 63 8710 6535 2309 16187 8781 3171 10033 16187 2296 12298 16187 926 16187 6297
4624 4552 9754 5407 14272 13474 1644 12233 2172 16187 16187 16187 16187 16187 16187 16187
5463 8268 6011 14776 9754 7448 12233 1436 1157 5463 6011 15846 5329 2823 9872 16187
5463 8268 6011 14776 9754 5463 8268 15978 8712 4931 5329 6259 3098 9890 16187 9577
5329 9070 8268 5463 5867 830 13616 16187 16187 16187 16187 16187 16187 16187 16187 16187
5463 8592 8268 7740 11553 9754 771 6826 10355 10418 16187 12233 2326 926 16187 11161
5463 5867 14272 3112 8712 1229 630 2148 5633 16187 8185 11889 3171 16187 1750 16105
7740 12020 12276 6161 3364 926 6259 13125 11889 8719 3171 2563 16187 16187 16187 16187
14919 9484 9296 7740 4931 6391 15389 6672 2837 9655 4776 3366 1857 16187 926 16187
14919 9484 16187 4342 7740 12892 8712 6259 9484 9484 16187 15525 3177 4776 5777 13238
926 8710 8700 8719 6259 2765 3177 9933 4440 1919 4776 1441 16187 16187 16187 16187
6070 13839 8710 12256 14237 4189 10967 10394 1453 8712 15525 8719 3171 16187 926 16187
3171 8710 1954 9332 10033 5463 15846 6297 2823 2997 14237 4776 2037 91 16187 91
7740 1644 12233 12233 10503 926 2904 8146 926 16187 16187 16187 16187 16187 16187 16187
7740 1436 8712 6259 926 15658 8710 1138 926 16187 5711 16187 6259 1170 2598 16187
7740 1436 8712 3847 9754 8733 2191 16187 13348 16187 6569 11889 4776 3765 8710 16187
926 8710 1954 9298 15291 12708 8268 10691 926 8268 6259 926 7712 926 16187 16187
4776 3511 8712 6598 1954 8162 8268 8710 4032 4776 983 830 6259 2326 6259 10887
4776 14596 8710 4927 12495 1348 14237 926 7674 12233 14192 1955 4776 13103 4818 16187
926 8268 4624 9605 1954 9332 1453 14029 4776 926 684 2837 926 926 16187 16187
4776 7151 4189 14237 4604 14776 6070 15174 16187 14237 2167 16187 926 16187 4707 16187
4776 7151 926 5137 12233 2823 6259 1872 9046 16187 14855 6423 8712 14237 14734 10033
4776 2946 14180 4552 6259 3098 15781 14237 14776 13074 16187 16187 16187 16187 16187 16187
4776 4152 8710 8423 2002 8268 14237 14180 4776 2563 4931 2326 10355 16187 8712 16187
4776 4152 10781 11301 2903 2326 7742 8268 14237 8710 2326 10401 16187 8440 14237 12495
1670 10677 3847 3249 1919 4776 12291 8268 12576 13348 16187 16187 16187 16187 16187 16187
4776 7310 284 8268 2837 13084 4927 8268 3171 8710 8213 8268 2599 9070 16187 16187
4776 7310 284 14776 2446 4776 11063 14237 15597 10401 8268 14237 7740 11553 6259 6070
15662 2598 16187 16187 16187 16187 16187 16187 16187 16187 16187 16187 16187 16187 16187 16187
3171 4931 9754 6826 10355 2122 10033 8268 14237 8712 4931 2326 3112 8712 16187 6500
3171 4931 1954 2997 15043 2563 8268 1919 6826 3098 2122 10033 16187 6695 16187 13570
4776 16146 2946 8268 9563 4776 11978 9498 16150 6013 14237 12249 16187 16187 16187 16187
4776 6664 8710 10355 8268 2684 2608 8268 4812 8268 5030 7393 6259 10355 4927 16187
4776 6664 8710 2751 14237 6246 14237 3335 14237 8268 564 3177 14180 8268 926 16187
3171 4175 1760 8710 5329 10770 12233 12650 16187 16187 16187 16187 16187 16187 16187 16187
3171 8157 3177 4856 8710 4032 9316 16187 14237 8712 4776 14596 8710 4776 8521 16187
3171 8157 2563 4856 8268 2601 4922 16187 10953 14241 16187 14069 16187 5297 12606 16187
14919 9484 4776 3718 3177 1954 9332 10033 5208 2823 8466 91 16187 16187 16187 16187
2945 6259 2563 5463 9084 9754 6259 10894 12495 630 16187 1329 5332 14272 8710 6259
3171 8710 6259 6070 10355 2563 16187 7931 14237 9625 16187 8268 2563 16187 926 16187
8719 4994 8268 7740 9429 3171 3384 7837 6259 4142 9332 800 1676 16187 16187 16187
1711 8268 734 779 926 4776 6664 16187 1866 16187 11889 6259 926 16187 926 8268
1711 4776 10033 8710 6259 10894 3177 817 3701 4776 10033 16187 926 16187 14029 4776
13474 8298 926 12233 13758 1094 1919 1885 14029 4776 9964 13868 16187 16187 16187 16187
926 926 926 4776 926 14237 1885 10418 4931 6259 15819 14217 10355 16187 16187 926
926 926 8268 4776 9790 926 8268 14237 4311 8712 5867 926 16187 926 16187 5095
3171 2563 4931 4537 5695 16187 16187 16187 16187 16187 16187 16187 16187 16187 16187 16187
3171 14596 8710 1507 8268 1957 12291 8268 7168 1955 7740 771 8712 16187 983 16187
3171 2563 8710 5568 14919 16187 2997 2563 16187 15819 284 16187 2552 9498 6259 5948
1138 4776 926 1919 4776 926 5711 8710 1954 2997 471 16187 16187 16187 16187 16187
4776 2285 926 15093 3177 4776 2601 8710 6259 10894 817 16187 9290 12650 4776 2563
4776 2053 6801 3994 15093 4931 12495 13193 16187 14029 4776 12489 8268 12008 4776 16146
1919 11608 11889 3171 8268 4691 4776 9349 14237 926 4552 9754 8069 940 13348 16187
4776 15064 8710 10355 16187 10770 8268 7740 11530 8712 16187 16187 16187 4406 15939 16187
4776 15064 8710 10355 16187 6780 16187 9332 16187 14457 16187 3398 14237 2296 9264 926
7740 12773 630 14219 16187 16187 16187 16187 16187 16187 16187 16187 16187 16187 16187 16187
5015 4552 5329 7831 1133 16187 8499 8710 16105 16187 11889 6259 5948 16187 16187 16187
1597 4686 9084 12650 3171 10033 1955 5463 5208 2823 8466 1919 8656 14043 1133 16187
8712 5867 13084 8353 2563 12008 6259 2563 11953 6259 12884 9290 16187 16187 16187 16187
8712 4931 6070 2997 8268 4776 2601 10033 8710 2308 8268 12008 6259 8124 1378 7740
8712 4931 6070 926 14237 12013 5463 2326 4931 10915 8843 16187 5095 16187 14125 1885
7740 3644 9754 5638 8712 14029 4776 2946 8268 4325 9084 14272 4325 3364 16187 16187
10967 5946 12233 4776 5759 1138 10298 5007 5711 13348 16187 9956 16187 14426 16187 926
10967 4776 15776 15093 8268 7740 4931 4537 926 1919 203 6259 10355 14596 11953 3171
8712 13345 16096 16187 16187 16187 16187 16187 16187 16187 16187 16187 16187 16187 16187 16187
8712 5867 5329 10355 8268 5329 12233 11393 8268 630 9890 16187 15956 1957 4776 12298
8712 4931 1229 11063 2780 16187 10770 16187 2122 2563 8268 9563 12149 16187 9442 14237
926 926 8268 4776 2353 3177 1138 926 926 5711 8710 6259 3288 16187 16187 16187
4776 4152 8268 6689 926 8710 6535 10355 8268 14237 7740 12773 8710 2148 10355 15387
4776 4152 8268 6689 926 8710 1344 10355 8268 8710 9754 1955 8712 5867 1229 2002
1378 12233 12650 926 14029 6259 5296 1186 5867 4832 16187 16187 16187 16187 16187 16187
4776 13208 10887 7458 8268 7742 4032 3795 15525 16187 3059 16187 16187 926 13348 16187
4776 13208 10887 14029 3366 6173 16187 779 6259 6683 423 16187 1507 8719 4776 4927
7740 3644 9754 9137 12233 9178 926 13348 16187 16187 16187 16187 16187 16187 16187 16187
7740 3644 9754 5272 4776 2563 12008 8712 8710 6259 14281 3177 4776 11954 4152 16187
7740 3644 9754 10503 5463 820 7723 5463 983 12260 9577 4776 5820 3177 4776 2563
7740 9084 12149 3171 10033 8268 12008 7740 5208 2552 15662 8712 779 12766 926 16187
1229 14272 9084 3171 2563 9222 8710 6259 10355 10033 5463 4927 4325 5208 14125 8712
12008 3171 2563 4931 9754 10355 8268 7740 11789 9004 5611 6550 8712 16187 8719 8081
2599 9070 2006 6826 3177 2263 10922 8506 5463 7740 7902 6689 9316 4776 10033 16187
15389 8710 5463 4927 3177 4776 2563 5867 12601 869 926 4994 16187 926 16187 15810
630 779 1954 926 4152 15525 14069 16187 13084 14596 16187 926 16187 9534 16187 16187
3098 8185 11553 6259 4927 3177 4867 983 16187 16187 16187 16187 16187 16187 16187 16187
3171 8710 1378 5463 2563 8710 15624 16187 10399 12233 4552 16187 11331 16187 3575 16187
3171 8710 2945 14635 3177 2563 5463 5208 2823 1959 12349 14237 12349 16187 8656 926
1955 7740 8592 8258 8268 7740 1951 14029 4776 6101 16187 16187 16187 16187 16187 16187
1955 13474 8592 8268 7740 4931 9754 1955 5891 2191 16187 13348 16187 13348 16187 15202
1955 13474 8592 8268 14069 8710 13084 8199 5463 1378 5208 6683 11007 12233 1955 4776
12008 13570 8268 8712 779 13084 2550 4440 12114 16187 16187 16187 16187 16187 16187 16187
8712 5867 1344 14272 926 12233 2823 8268 7740 6635 4776 14954 4537 816 13348 16187
8712 5867 1344 13250 12233 2446 2552 14597 3367 926 8719 3171 16187 4537 1750 926
4776 1996 5463 4776 9349 8610 8710 13178 16187 16187 16187 16187 16187 16187 16187 16187
4776 15064 3177 3171 10033 4931 9754 8106 14237 4776 10418 4931 13074 16187 14180 4776
4776 15064 3177 3171 10033 4931 9754 8106 14237 4776 10418 4931 13074 16187 14180 4776
7740 771 8466 1213 6259 9424 11953 10422 3177 643 7740 11553 8093 8466 8258 16187
12495 8569 6011 9884 12766 10471 8719 3171 10033 8268 14237 8712 3112 8712 10355 11953
7740 2945 9574 6363 9484 13348 16187 3409 4931 8268 12716 8268 14237 8712 5867 2689
926 15152 13348 16187 16187 16187 16187 16187 16187 16187 16187 16187 16187 16187 16187 16187
6259 926 3171 10033 8710 6259 12260 12233 2823 4998 16187 15525 16187 16187 12529 12291
926 926 926 926 926 4931 6259 11738 4660 5095 8268 1955 926 16187 13175 16187
1019 4776 10941 3082 10501 6173 16187 16187 16187 16187 16187 16187 16187 16187 16187 16187
4776 2053 6801 3994 15093 4931 5695 14237 13811 16187 7742 16187 284 2837 926 926
4776 2563 10781 8710 6259 10355 8268 12008 5329 1378 926 16187 12349 4776 926 16187
12008 9706 8712 5867 15871 8268 8270 9277 5329 2823 786 16187 16187 16187 16187 16187
8712 5867 5329 6231 15624 14043 6918 8268 4537 12105 12345 16187 10545 8719 15597 16058
12008 8712 5867 4537 5329 4032 5937 983 8268 12008 2945 6011 12233 9429 8712 5867
4776 15560 3504 6365 4931 5329 13532 9591 5813 1955 7742 16187 16187 16187 16187 16187
4776 3942 8710 5463 5463 5867 15510 14237 15624 16187 830 4776 9442 14237 9311 16187
4776 3511 5463 8712 8710 1872 1955 6259 10710 4927 16187 16187 3356 16187 643 16187
926 8268 1094 1919 16146 12835 8719 926 11553 13084 1213 926 16187 16187 16187 16187
8712 2446 779 6826 10355 6499 16187 6259 926 4152 12008 6259 9780 16187 8185 16187
8712 2446 779 16139 926 16187 5200 8719 4776 9685 3177 8712 13411 1378 4832 16187
1430 926 5867 8808 3112 9450 2191 16187 16187 16187 16187 16187 16187 16187 16187 16187
11439 926 6259 15211 3177 926 2858 8708 8268 5329 13474 4537 926 4776 9405 8710
9410 8710 15119 1922 2837 582 14237 926 10727 6259 8081 12835 2326 14180 4776 9887
4776 2563 5867 6259 5549 16187 16187 16187 16187 16187 16187 16187 16187 16187 16187 16187
4776 4152 8710 6070 2805 14237 4776 2946 2451 14635 3177 10399 12233 9577 16187 9059
4776 4152 8710 6070 2805 14237 4776 2946 2451 10571 7742 16187 10399 12233 10503 16187
11634 1449 8268 8712 5867 10355 12233 15956 4776 9673 3177 4776 15387 16187 16187 16187
8712 7094 14029 4776 1787 8268 12008 8712 5867 5329 16187 1957 14180 16187 926 3177
8712 5867 2446 11118 16187 9591 13089 8712 5867 5463 10355 817 16187 8081 2563 16187
1229 10663 14237 2097 3177 15433 14237 3553 16187 16187 16187 16187 16187 16187 16187 16187
6070 7742 10471 5463 8710 9754 14030 16187 9890 16187 8569 2598 16187 4537 16187 816
6070 7742 10471 16187 7742 16187 9925 12105 9498 16187 4707 16187 16187 4707 16187 16187
7740 1951 14364 4325 9084 9754 926 12233 12233 5055 16187 16187 16187 16187 16187 16187
7740 3644 9754 8069 13317 15525 14272 9887 8712 4931 6169 1957 16187 2598 16187 16187
7740 3644 9754 8069 13317 15525 14272 9887 8712 4931 6169 1957 16187 16187 2598 16187
12233 1212 14069 779 5568 12766 1378 926 14237 1378 3366 547 830 3171 308 16187
4776 14596 8710 8719 5329 8268 1919 4776 10033 9222 4931 6259 4853 14237 14937 16187
4776 14596 4931 926 8268 4776 926 4931 2326 2689 8719 8712 5867 4949 9332 16187
4776 10709 8710 8268 15472 5208 2823 9734 16187 16187 16187 16187 16187 16187 16187 16187
4776 15064 3177 3171 10033 4931 9754 8106 14237 4776 10418 4931 13074 16187 14180 4776
4776 15064 8710 13084 10770 10913 7740 2326 15956 1229 630 16187 14237 4032 15715 16187
1955 6906 12232 1436 8268 1138 10753 926 9070 1919 6259 15241 5711 16187 16187 16187
8712 2446 926 16187 5796 1229 1229 7740 9084 9754 2552 8712 14069 4931 10355 16187
8712 2446 118 9070 12233 5807 8268 1138 14272 6011 4552 2598 5711 16187 926 16187
8712 9084 5329 8733 8712 6500 3171 10033 4931 8719 15909 1919 926 2291 16187 16187
4776 14596 8710 5329 9563 14221 12008 2148 13074 1955 6259 7339 3249 13348 16187 8081
3171 4931 6070 1435 8268 14237 8712 8710 6259 6070 8569 9577 7740 15846 12102 703
5432 13348 13348 5711 16187 16187 16187 16187 16187 16187 16187 16187 16187 16187 16187 16187
6259 4142 274 10033 8268 12008 15884 12233 1110 16187 1955 926 16187 14029 6259 8311
6259 4142 2997 3211 14251 8268 5463 11396 5937 2689 8312 12233 4776 926 14029 4776
926 5867 4588 14237 4125 1019 15202 10036 2598 16187 16187 16187 16187 16187 16187 16187
8712 926 10915 4776 9784 8268 14237 5463 5867 5804 16187 4404 926 16187 16187 8146
4776 926 8710 8268 2861 8268 5463 8712 8710 6259 9450 8484 16187 3211 13348 16187
2263 4949 4311 5463 8712 5867 405 16187 16187 16187 16187 16187 16187 16187 16187 16187
4776 15064 8710 9754 8569 16187 12606 1957 12127 15096 14237 2148 3745 2894 16187 13348
4776 63 8710 5463 6445 4776 12298 4776 284 6683 12715 16187 14237 9139 16187 5217
1378 11071 8268 2689 5820 643 3766 8268 14237 4987 3211 12233 16142 16187 16187 16187
1885 8081 5459 8710 1941 16187 14237 7970 412 16187 16187 16187 7185 16187 5804 16187
1885 8081 5459 8710 1941 16187 4776 7970 16187 16187 16187 7970 412 16187 16187 16187
2053 11713 12491 3994 8710 4776 11406 7178 3177 14112 16187 16187 16187 16187 16187 16187
9712 7365 16187 6070 7594 10710 16187 14237 4776 10418 8710 12256 16187 14603 926 16187
4776 2285 13839 8710 6259 14397 9959 926 15658 8710 6259 9619 5616 12233 10671 16187
7740 1951 1378 3177 9743 820 1229 7740 12892 8712 6259 6363 9484 16187 16187 16187
9296 7740 3543 15389 12008 14069 9498 4325 1229 13129 3766 16187 2903 8258 16187 926
9296 7740 973 223 8268 12008 4776 1419 15846 8158 2904 4776 7157 2904 16187 16187
7740 6297 9004 10609 830 4776 12835 16187 16187 16187 16187 16187 16187 16187 16187 16187
12008 5463 12232 2823 11789 6868 14237 6070 2160 16187 12767 16187 13089 4325 15096 12766
3171 2563 2945 8712 6546 2148 11889 6259 12767 15846 6683 1957 14589 14237 8712 5867
926 926 8710 15761 1955 4776 817 16187 16187 16187 16187 16187 16187 16187 16187 16187
4776 926 91 8710 6259 10355 9290 16187 16187 9290 8268 6259 4406 10418 8268 12495
4776 926 4931 8712 926 10967 4776 926 16187 14596 16187 14030 16187 4776 2563 8610
14237 15 830 13852 12233 10262 14734 983 1919 16187 16187 16187 16187 16187 16187 16187
5329 1229 11162 8268 12008 5329 6070 8268 3177 14180 5463 4931 6535 10355 16187 9890
12008 15827 16105 2904 7661 5537 14237 2308 3171 14251 16187 5948 16187 16187 5804 16187
4776 8521 1919 4776 5425 1976 5867 8710 6148 12495 16187 16187 16187 16187 16187 16187
4776 4152 8710 4776 10566 15043 2563 1229 4776 6664 16187 8569 5463 7724 8268 13084
4776 4152 8710 6070 2805 14237 4776 2946 2451 10571 7742 16187 10399 1955 8712 5867
4776 10418 8268 4776 6006 8268 4776 12364 9498 14180 12489 14708 16187 16187 16187 16187
4776 4152 8268 10147 8268 14237 4776 2894 4931 5329 13616 16187 4776 14596 16187 3278
4776 4152 8268 6689 8268 8710 5329 4776 2601 9424 7740 3364 2326 5407 830 16187
1543 3847 1695 7001 2598 16187 16187 16187 16187 16187 16187 16187 16187 16187 16187 16187
12008 8268 8726 6011 4552 9754 14518 630 12233 2552 3171 8124 2563 13348 16187 3137
12008 8268 8726 6011 4552 9754 14518 6259 2601 5948 13348 16187 11401 16187 16187 14237
926 8268 10242 3177 4776 926 11553 13592 15064 13348 13348 16187 16187 16187 16187 16187
4776 4152 8268 6689 926 8268 4931 4404 926 14029 1019 8719 5463 3384 8710 9754
4776 4152 8268 6689 8268 8710 9754 8569 8268 12008 8712 2446 6644 4776 9964 16187
13758 8719 830 4776 11146 8268 12149 8712 830 4776 11608 16187 16187 16187 16187 16187
12127 926 4776 10033 8710 6259 10894 817 8268 14237 3335 8268 14237 4776 6683 6070
4776 12337 5036 14251 8710 5297 6259 14752 9618 10967 4776 15359 16187 2552 16187 9316
15857 7926 8710 6705 830 4776 926 16187 16187 16187 16187 16187 16187 16187 16187 16187
12127 2365 3942 8710 4776 10033 8268 12716 16187 8710 6259 10355 14596 3177 1954 9264
12127 6664 14237 6259 15819 3211 8712 8710 2326 3112 4776 284 7518 2563 16187 5812
1208 11803 15597 7158 7518 12835 1919 13441 14237 13106 16187 16187 16187 16187 16187 16187
9764 13474 13404 7410 1320 16187 4406 15762 16187 4537 13942 8719 5463 12958 16187 2077
9764 13474 13404 7410 1320 16187 63 16187 16187 15874 8268 4776 12529 4924 16187 13188
4776 5910 6722 926 1778 926 14237 1799 5867 2400 16187 16187 16187 16187 16187 16187
4776 6664 16187 926 8268 5329 12233 11553 6259 3356 16187 14237 8712 5867 2446 2689
4776 6664 16187 926 12233 7347 4776 10501 3177 4776 926 14596 926 16187 9264 7740
13252 5711 12422 4537 3626 5463 926 926 9498 9591 5711 16187 16187 16187 16187 16187
8712 11744 9754 9429 5463 8712 5867 4537 9813 926 16187 4949 16187 3504 10719 8268
8712 11744 9754 9429 5463 3171 926 8710 4776 564 5388 5332 926 5867 10033 16187
12940 1819 926 8710 6259 926 15658 15881 2858 2432 14237 15846 8093 5138 16187 16187
6259 1592 3177 6259 2400 8710 2466 3177 14734 16058 16187 983 899 1919 8712 5867
6259 1592 3177 6259 2400 8710 2466 3177 6985 14237 4776 12899 16187 926 16187 926
1229 8268 8726 6011 11553 9754 8466 8712 8268 12782 8712 3137 983 1778 16187 16187
1229 8268 12654 8712 5867 8858 12232 9085 6259 13193 5804 14237 13623 10719 2563 1919
14237 8268 10072 1603 6253 12233 926 6259 6388 16187 14141 16187 512 14734 983 16187
1138 5711 12770 8719 4776 1138 8569 4019 5711 2087 16187 16187 16187 16187 16187 16187
5678 1853 8710 6259 3098 2563 8268 14237 5329 1378 16187 12276 926 13084 9534 16187
8126 926 8268 3278 16187 10033 16187 926 926 16187 8719 4776 10033 16187 9442 14237
4776 9404 12945 3384 8710 2446 11602 16187 16187 16187 16187 16187 16187 16187 16187 16187
4776 6664 8710 5286 3177 926 1955 4776 926 16187 14180 4776 10033 16187 926 16187
4776 6664 8710 2751 14237 6246 14237 3335 14237 8268 564 3177 14180 8268 926 16187
4776 9431 2563 11842 4776 13188 830 14180 3177 926 1398 10552 16187 16187 16187 16187
4776 2285 13839 8710 6259 10355 14596 8268 14237 6826 14397 2326 10355 16187 16187 1583
4776 2285 13839 8710 6259 10355 14596 8268 14237 6826 10355 10418 16187 630 16187 11889
14272 6259 8569 1747 830 8185 8268 12707 4776 10114 3855 15846 12727 16187 16187 16187
4776 9431 4931 8361 15743 8268 7254 14237 779 6259 926 16187 14596 16187 15840 16187
4776 9431 4931 8361 15743 8268 7254 14237 12561 12606 16187 16187 16187 5414 2664 9618
6173 3121 926 14237 930 3121 1136 1629 16187 16187 16187 16187 16187 16187 16187 16187
926 10978 1919 13587 15696 1919 554 14237 423 16187 12349 4776 12489 948 16187 14426
926 5994 5365 817 14237 11146 2024 16187 10033 16187 5580 8882 3249 8719 16187 926
12716 8268 8712 13549 4776 3449 6826 7790 3556 12233 4776 528 4905 16187 16187 16187
8712 5867 91 8268 8712 5867 5329 4776 10033 5463 1138 9070 8719 6259 5947 2664
8712 5867 13084 8353 2563 12008 6259 2563 11953 6259 12884 9290 16187 11889 6259 926
4659 2598 16187 16187 16187 16187 16187 16187 16187 16187 16187 16187 16187 16187 16187 16187
8712 8710 9754 5463 14069 4931 9754 13592 1146 284 9498 8270 16187 5031 8719 2103
8712 8710 12606 12008 7740 2383 16187 12773 15389 11953 16187 14861 9485 11530 13084 926
4776 16146 10887 12723 8710 4776 926 3177 6259 8081 7913 926 16187 16187 16187 16187
4776 15064 3177 3171 10033 4931 9754 8106 14237 13811 4931 6070 15090 16187 16187 16187
4776 15064 3177 1954 9803 14281 779 3040 2713 3177 926 926 12233 8069 4776 926
926 14237 926 7001 15525 12233 8815 4776 4341 16187 16187 16187 16187 16187 16187 16187
926 926 926 926 926 926 926 926 926 926 16187 926 5568 242 926 765
4776 926 926 8710 6601 4776 564 6378 3171 2563 16187 1138 926 1919 4776 926
6640 16187 16187 16187 16187 16187 16187 16187 16187 16187 16187 16187 16187 16187 16187 16187
12958 4931 5329 1229 1405 14237 6011 9429 8712 5867 4537 6388 16187 16187 6304 16187
12958 4931 4537 1378 3177 9743 16187 8185 11889 3171 926 926 926 16187 8162 16187
7740 5272 12276 8006 14237 9070 9498 10953 14180 4776 4927 10324 8712 16187 16187 16187
14919 9484 7740 7164 8268 7740 973 5329 6259 2024 1378 10709 16187 13348 16187 12102
14919 9484 7740 11553 8466 3171 8258 7740 2696 8712 4776 926 16187 8185 15525 14180
10967 4776 14117 14237 926 8268 7740 12773 12233 2552 2148 8795 14237 926 16187 16187
4776 6729 4931 4776 3511 5463 4776 14596 4931 4776 10418 4931 5329 5463 10355 16187
4776 2563 4931 6259 3192 5033 3211 1919 6259 5948 3177 11901 3727 13701 16187 16187
4776 9431 14255 12028 1093 16105 4776 2563 15147 16187 16187 16187 16187 16187 16187 16187
4776 2563 4931 6259 3192 5033 14272 2148 5208 11553 12766 6259 4473 5414 13839 16187
4776 2563 4931 6259 3192 5033 16187 12105 8268 14043 5329 1885 9465 926 4776 926
14043 8268 8710 7926 8710 4537 2978 14029 8268 1955 7926 4931 8258 2598 16187 16187
4776 4152 8268 10147 8268 8710 5463 3177 1245 8268 8710 4776 13811 14043 1957 4776
4776 4152 8268 10147 8268 15649 8710 6259 6070 15174 2563 16187 8710 6070 10024 16187
7740 1951 2326 1132 6259 15930 5721 2598 16187 16187 16187 16187 16187 16187 16187 16187
7740 7164 12233 12650 3171 2563 16187 2588 5365 8268 7740 4931 1229 5332 6259 3098
7740 9009 8719 1110 1919 4776 6331 8268 14237 4776 8521 3847 9754 16070 4776 2285
7740 12892 3171 2563 6259 9484 16187 16187 16187 16187 16187 16187 16187 16187 16187 16187
9207 7740 5297 2365 12044 4776 2563 8268 7740 4931 9754 6391 7926 5174 8719 14180
10154 12654 4340 7979 14237 15783 926 926 8719 3171 16187 8719 15208 16187 10033 16187
13644 7576 8710 6259 15819 9591 12007 16187 16187 16187 16187 16187 16187 16187 16187 16187
9461 3177 2122 4440 8268 7740 4142 8154 8712 16187 830 9455 15658 2326 10866 3171
2945 4032 9316 5463 14237 4776 6499 10967 4776 10033 8268 3639 3078 16187 3847 16187
2840 3082 5952 8710 8124 1955 4776 15387 16187 16187 16187 16187 16187 16187 16187 16187
1948 3766 8268 12022 14776 2446 795 16187 4707 3177 4776 14596 16187 6797 16187 4776
1833 8015 8710 2446 7393 13839 1955 4776 926 10785 16187 4776 926 16016 3177 4776
14069 8710 12583 3177 11146 8268 11608 8268 14237 8069 6259 9450 3211 16187 16187 16187
3171 10033 8710 14902 16187 3082 8710 4776 11046 11998 4710 11953 8712 16187 983 16187
3171 10033 8710 14902 16187 926 16187 14237 9404 16187 8569 2563 16187 4189 14029 3366
14069 8710 2148 13700 6529 8719 12127 5341 1866 16187 16187 16187 16187 16187 16187 16187
3171 8710 2945 14635 3177 2002 8157 3177 2122 8268 14237 1378 3177 9736 16187 284
3171 8710 2945 14635 3177 2563 5463 5208 2823 1959 12349 14237 12349 10036 13348 16187
8719 3994 926 8268 7926 10862 12825 1285 1919 4776 13818 11824 5711 16187 16187 16187
4776 2285 10033 4931 3251 14029 6259 2067 10967 926 16187 16187 926 926 16187 1229
4776 10376 8268 1138 926 5711 14237 2977 926 11553 6259 8888 16187 8185 16187 10983
4776 13701 926 4776 10372 6070 7742 14237 14776 4142 450 16187 16187 16187 16187 16187
4776 1736 926 14776 4776 2053 926 3994 16187 12999 16187 5086 16187 3553 16187 5513
4776 15071 8268 14029 4776 4701 9122 1919 926 8268 14237 14776 6259 7652 1955 7742
8719 6259 476 3177 1138 926 8719 926 5711 8268 12604 926 926 6259 926 16187
4776 9483 6423 8712 8710 6259 10355 950 16187 926 16187 5498 5568 1955 15096 16187
4776 6418 926 9084 8733 3171 2563 16187 6259 3511 8268 9004 4776 3449 8710 2326
4856 8710 15389 5463 5208 10373 2823 15439 8268 12008 5329 13587 14237 6071 16187 16187
2285 13839 8710 14272 6259 2563 5463 12232 2823 1344 630 16187 4776 5095 16187 14043
2285 10033 8710 2466 630 3177 2122 15814 4240 4776 10033 5867 6259 8974 15525 3177
8719 6826 13298 8268 7310 284 8719 926 8185 14776 8270 16187 16187 16187 16187 16187
4776 8808 8710 4776 10566 5453 6985 14237 4776 2563 7542 4776 1378 16187 1022 2221
4776 6006 8710 6535 8268 4776 132 8710 5329 9332 16187 14834 14237 15174 8268 8502
7740 9084 11889 4776 8081 5174 2122 2563 12576 16187 16187 16187 16187 16187 16187 16187
12008 9233 9631 3908 12 1439 8719 4776 10033 4931 6231 9852 2837 4776 12298 16187
10967 10072 1603 5967 12233 7127 4776 2155 5867 15358 16187 926 8268 926 2480 14776
15274 3543 11553 13758 15525 10217 4891 14237 13237 1243 2968 16187 16187 16187 16187 16187
14361 12233 3059 16187 926 8268 14237 14069 8710 2326 2689 16187 3171 9442 14237 4776
14361 12233 5138 16187 643 16187 8268 12008 6011 3847 5329 926 16187 820 16187 6133
14596 8710 14030 14237 4152 3364 11553 12766 8270 16187 16187 16187 16187 16187 16187 16187
4776 14596 8710 2466 10399 12233 14192 8268 12008 8712 8710 9332 16187 630 16187 8268
4776 14596 4931 10355 8268 12495 16187 3364 11553 12766 6259 5948 2326 6423 8712 16187
3774 926 8268 10355 1955 2296 16187 16187 16187 16187 16187 16187 16187 16187 16187 16187
926 926 8268 5329 3699 5328 6259 4927 12495 8268 91 16187 13216 6259 5820 16187
926 2446 3364 9754 11553 926 4776 14133 5463 4776 4927 3177 4776 926 8710 3356
3171 8710 3098 8974 3192 12135 10978 16187 16187 16187 16187 16187 16187 16187 16187 16187
4776 2601 14596 10140 6011 10967 4776 10442 3177 4776 13555 16187 16187 1110 13348 16187
4776 14596 8710 15064 14237 8710 10355 5463 8710 2326 854 16187 8457 16187 564 16187
926 12505 4931 8213 1955 2296 16187 16187 16187 16187 16187 16187 16187 16187 16187 16187
4776 926 4931 1229 6685 8712 4931 9754 2689 16187 8712 4537 11889 12127 5200 8719
4776 926 926 926 14776 4776 9790 4927 926 14237 4776 13343 3291 8710 6259 5543
8710 8712 6259 8170 9301 3177 6161 2598 16187 16187 16187 16187 16187 16187 16187 16187
3171 8710 9754 6407 3171 2563 13348 13348 16187 8871 5439 1919 6259 3021 5463 8712
8712 4931 6259 10894 9625 1955 8712 4931 5937 14125 13348 16187 14241 16187 3436 16187
8268 1138 8796 8268 14180 816 8268 7740 16138 11553 5328 6259 926 5711 6173 16187
8268 14272 3364 1436 7740 11889 6259 1138 5711 16187 2563 3927 14043 2148 16187 512
8268 14272 3364 6011 9429 8719 13084 983 2598 16187 16187 8081 926 2598 16187 926
7740 926 9743 15658 4641 3171 2563 12105 8719 9743 12455 16187 16187 16187 16187 16187
926 926 8268 926 926 2984 6259 926 3177 11901 14237 1515 926 8913 8719 4776
926 5711 8710 926 8268 5329 1955 8569 1955 820 1955 4325 14776 15 830 6826
13474 8710 4776 14353 3177 1954 817 13583 16187 16187 16187 16187 16187 16187 16187 16187
4776 7954 14237 14734 926 9498 926 8719 3171 13103 16187 10770 14237 1583 16187 9442
4776 14596 8710 4927 12495 1348 14237 926 7674 12233 14192 1955 4776 926 926 16187
12008 4311 10036 14272 9084 6011 14518 2598 16187 16187 16187 16187 16187 16187 16187 16187
12008 13089 6011 9605 14069 8268 6011 3748 8268 11946 8712 12232 8733 2148 14691 8081
12008 10036 8268 3171 10033 16187 926 12233 7568 13474 5867 926 16187 926 16187 926
14272 5208 1378 2326 926 11953 5463 2598 16187 16187 16187 16187 16187 16187 16187 16187
8712 3364 9754 15784 8712 1019 6011 4628 9754 2823 13592 8974 16187 4832 16187 12349
8712 3364 11553 12766 8270 8268 12008 8712 5867 5329 4404 15111 4908 3177 3453 14581
14272 5867 2148 8268 8712 12232 8344 6011 203 2448 926 14237 14361 15417 926 16187
8712 4931 6070 2997 12233 12298 16187 2997 2563 16187 13542 16187 4311 16187 2713 1957
8712 4931 14902 5463 3171 1378 4931 4776 1138 1110 5711 16187 4537 2689 13348 16187
9577 6826 13988 820 8268 15662 14776 4325 3908 3171 2598 16187 16187 16187 16187 16187
1957 12291 5713 2946 9160 645 15525 4923 11331 8268 5556 203 1405 4325 9745 2598
10762 14599 8268 10762 3052 8268 14237 8268 6297 8268 10762 4707 10418 12495 16187 16187
5328 3177 8712 8710 7336 1980 8268 4776 16146 5328 11075 926 16187 16187 16187 16187
6826 3177 4776 14596 8710 4776 8808 14237 8124 16187 3177 4776 12835 16187 4776 10033
6826 3177 4776 7310 284 9498 10355 6499 16187 3098 16187 12820 8268 9290 8268 9289
14180 8719 14180 8268 7740 2383 6826 3177 2904 15846 8093 2823 9131 16187 16187 16187
4776 14596 14397 5453 12008 4776 2122 15814 16187 5329 6259 14596 11953 11032 14237 7343
4776 4152 91 8710 5329 1954 2122 3594 16187 2474 16187 14237 3935 16187 2550 15
7740 2976 15525 3177 1138 8346 5711 926 14237 4614 12233 4671 16187 16187 16187 16187
12529 11839 1138 926 15190 5711 11900 14029 6259 6070 8268 6070 8662 13182 16187 9577
9715 5641 4776 2211 6689 5967 12233 7698 8712 16187 8719 4776 9685 3177 14766 16187
2789 4931 16167 3356 12576 16187 16187 16187 16187 16187 16187 16187 16187 16187 16187 16187
4776 10418 8710 6535 10355 8268 12495 16187 16187 7168 16187 926 16187 926 16187 926
4776 1507 14465 9498 6297 12606 16187 9540 16187 10879 16187 2588 9575 16187 7612 12495
7542 3171 8710 4032 9316 16187 16187 16187 16187 16187 16187 16187 16187 16187 16187 16187
3171 7542 4032 6259 6683 7518 14029 4776 10033 16187 6500 16187 926 926 16187 10344
3171 7542 10033 4931 6535 630 6259 14596 5463 1954 2122 2563 512 4776 926 16187
14069 5867 13084 9383 91 14029 9890 8311 8268 12008 14397 1954 5415 9192 16187 16187
8712 4931 6070 13181 16187 11953 157 5867 1750 6259 2191 3177 4776 8185 3177 4776
8712 4931 6070 892 16187 14237 7740 12892 8712 2903 8719 5463 16187 2997 983 16187
7740 11553 9754 8466 12127 476 8268 12008 7740 5297 4531 8712 16187 16187 16187 16187
7740 7164 12233 10554 8710 4776 12495 630 630 830 4776 926 16187 926 16187 477
7740 7164 12233 12650 3171 2563 12008 12892 9070 15978 8712 8710 1229 12105 16105 16187
4776 926 926 7876 6683 11889 4325 11031 11978 926 14043 15389 2598 16187 16187 16187
4776 926 926 4931 4776 9790 926 12495 10344 4776 11401 12459 16187 14734 2563 16187
4776 926 926 1885 926 926 4776 926 5801 8710 4776 926 10036 14237 7926 8710
14180 4776 11063 1603 14237 15480 15649 9605 820 5867 8268 9563 15358 5867 8661 16187
4776 14596 4931 1344 10355 12008 12495 16187 4776 10033 4931 1229 12105 12345 16187 926
4776 14596 8712 5867 4537 15452 14272 8712 3112 232 16187 216 16187 7032 14237 3335
6017 9084 5329 8158 14237 5463 14677 12233 4776 13587 14237 6071 16187 16187 16187 16187
2263 7664 12832 2627 771 9070 6979 971 14029 4776 948 10953 16187 7393 8719 7151
2263 7664 12832 2627 771 9070 6979 971 14029 4776 948 10953 16187 10953 14180 15715
15978 10394 8719 3171 10033 4931 3098 13348 16187 16187 16187 16187 16187 16187 16187 16187
3171 2563 8710 2945 8270 512 10566 926 16187 2563 16187 8506 12233 9605 6259 926
3171 2563 8710 2945 8270 512 10566 926 14237 4776 926 15846 2823 7807 13348 13348
8726 6011 9884 8466 8712 8268 6011 15956 16187 16187 16187 16187 16187 16187 16187 16187
1229 8268 7740 15771 4776 2563 16187 4832 16187 3192 12362 8268 12364 14237 8712 2326
12008 12654 14180 4776 16068 5463 8712 414 8268 7740 2383 7740 12773 6535 630 2148
4776 5202 8719 4776 780 9277 2823 4776 4267 100 2563 8084 16187 16187 16187 16187
4776 2563 4931 6070 10355 8268 1229 7740 12495 5695 5852 15978 8712 5867 6259 5948
4776 2563 4931 6070 10355 8268 12495 8569 16187 15662 7740 973 11169 3171 6259 2805
6259 926 12008 8268 8719 9790 983 8268 6259 10924 16187 16187 16187 16187 16187 16187
4776 2601 5777 4931 10953 14237 12892 6259 9094 3177 926 926 16187 9653 16187 2563
4776 2285 926 15093 3177 4776 10033 8710 8124 16187 926 8268 14237 7740 926 12650
12008 3171 2563 4537 3847 9754 12596 7742 16187 16187 16187 16187 16187 16187 16187 16187
3171 2563 4931 12495 10399 12233 13988 1955 4776 3504 3177 4776 3766 3177 4776 10033
3171 2563 4931 6070 10399 12233 15956 203 4776 10033 8710 5329 8569 16187 10913 14069
1597 4620 1919 4776 10988 512 5233 16187 16187 16187 16187 16187 16187 16187 16187 16187
4404 9009 8719 3171 2563 8710 2326 10355 8268 1229 630 8811 16187 512 14745 16187
6259 2601 5948 3177 2002 15208 16187 12555 9450 10710 16187 14237 4776 5200 16187 1957
926 5711 8710 9754 6259 13129 10978 926 10355 9385 1941 8569 16187 16187 16187 16187
926 926 8710 4776 9790 1955 4776 7519 926 16187 8710 4032 4776 9577 16187 926
926 926 8710 10211 7810 16187 10033 11953 16187 9442 8268 14237 8093 16187 926 16187
8726 6011 6683 10599 6011 5208 2552 926 926 8693 4776 10442 16187 16187 16187 16187
12008 926 13555 8710 1750 6259 5948 3177 12958 7740 5208 5329 2823 3765 6089 8268
12008 8712 926 8712 5867 5329 12495 630 1955 8712 5867 1229 14221 10967 4776 926
4776 132 8710 10355 14237 8712 926 4776 2122 7742 16187 16187 16187 16187 16187 16187
4776 13607 8710 6070 12606 14237 7740 12773 3765 512 7314 16187 16187 4032 9316 16187
4776 13607 8710 6070 12606 14237 7740 12773 3765 11273 16187 16105 16187 8457 16187 4832
8712 9565 10566 3177 4776 10033 8268 2263 9300 5637 584 1967 6022 16187 16187 16187
4776 4152 8710 14411 12495 8268 12576 5329 4776 10501 5463 4931 14734 10566 5822 4710
4776 4152 8710 8170 14237 779 6259 8794 5801 12233 8712 16187 6259 1787 16187 3211
203 11953 6259 5820 950 12669 1885 2974 2598 16187 16187 16187 16187 16187 16187 16187
4776 2601 2563 4931 6259 926 12008 6259 8344 16187 16187 9442 5804 16187 926 926
4776 2601 14596 10140 6011 10967 4776 10442 3177 4776 13555 16187 8268 1229 13348 16187
8069 6839 8712 12232 7323 5937 467 12233 5343 1381 16187 16187 16187 16187 16187 16187
13616 8268 7926 3364 11553 8043 8268 12008 1229 4931 6259 5537 3177 4776 10033 16187
693 8069 6253 12233 13931 926 926 14734 14043 14029 6173 2752 14237 5208 926 4776
12127 983 7926 5867 14029 1583 6011 3644 9754 1453 5937 9465 3748 14745 16187 16187
4776 3942 8710 5463 14069 5867 13139 14029 6259 10376 14217 8710 9355 14237 15389 12233
4776 1435 8710 1378 8726 7926 4931 5329 1955 2115 14237 4776 11046 926 926 16187
8712 8710 11953 4776 926 13348 16187 16187 16187 16187 16187 16187 16187 16187 16187 16187
4776 15064 3177 3171 10033 4931 10915 8124 16187 2894 8719 4832 8268 14237 2148 926
4776 3511 5463 3171 8710 10589 3398 16187 512 203 14029 2263 16058 16187 926 16187
3171 8710 4776 564 2563 16187 16187 16187 16187 16187 16187 16187 16187 16187 16187 16187
4776 4152 8710 14691 12495 12820 16187 14029 4776 2285 4152 16187 16153 16187 14631 8268
63 8710 5463 4776 10033 8710 6259 15819 10501 3177 4776 2563 16187 1433 15525 16187
8219 12655 16187 16187 16187 16187 16187 16187 16187 16187 16187 16187 16187 16187 16187 16187
3963 4531 3171 10033 16187 10057 8719 4776 926 16187 643 16187 8069 926 16187 12233
7542 6259 10355 2563 16187 15819 8569 16187 5463 1378 7191 16187 6918 14237 4776 10978
4776 13811 4931 6259 10894 11151 16187 16187 16187 16187 16187 16187 16187 16187 16187 16187
4776 4927 8712 5867 2148 5820 13250 16187 16187 16105 6259 1903 13738 16187 14125 4776
4776 63 8710 2945 6169 1957 6931 16187 7742 16187 14043 4776 10033 5867 2148 16187
12008 9743 3766 8719 4776 14596 8639 6918 8719 2563 16187 16187 16187 16187 16187 16187
4776 14596 4931 4537 14231 12008 6011 11031 15 830 6259 2199 2904 15658 771 4404
4776 14596 4931 14219 8268 1640 1919 6535 630 14237 12583 3177 4776 3766 16187 4776
14272 4152 15662 4931 3171 2977 1229 969 8719 9222 6259 8794 926 2598 16187 16187
3171 14596 8710 1507 8268 14237 8093 9084 14900 16187 6070 405 16187 14596 1955 8712
3171 4931 6070 1435 16187 12233 9605 926 16187 2997 14237 1954 926 16187 5804 16187
7661 7004 7148 926 8819 9498 491 830 5863 16187 16187 16187 16187 16187 16187 16187
4776 5393 8268 4776 12298 16187 8710 16187 926 16187 9290 8268 12650 8712 13348 16187
4776 5393 8268 4776 926 16187 656 7742 16187 2837 4776 926 16187 926 16187 926
203 9084 4624 2979 12233 2823 2598 16187 16187 16187 16187 16187 16187 16187 16187 16187
4776 2121 7740 8592 1229 1893 8712 8268 8712 4931 5463 13411 16187 16187 9442 6152
8712 5867 11889 8712 5867 10355 2296 10471 16187 7742 16187 2097 5253 16187 4832 16187
4776 926 6297 779 1955 9450 1842 12349 4776 6161 1955 4776 9887 3847 16187 16187
4776 12904 8268 1919 926 5867 6585 2903 8268 14237 926 8712 5867 926 14237 3298
4776 16003 8268 4776 926 926 8268 8069 779 10915 926 4776 15939 16187 9070 16187
8712 8710 1954 926 12233 4776 2285 173 3177 14766 14237 14769 16187 16187 16187 16187
4776 15064 13182 3177 7314 7740 9084 9754 2552 3171 2563 10036 16187 8719 6259 8081
4776 14596 8710 2466 10399 12233 14192 8268 12008 8712 8710 9332 8268 14237 8712 14776
5463 5867 14272 14313 11667 12233 10551 4776 15416 8719 4776 2563 16187 16187 16187 16187
4776 8808 8710 5329 7594 8268 8719 3511 8710 4776 10566 926 10770 830 1243 16187
4776 8808 8710 5329 7594 16187 9890 16187 5804 16187 6259 10272 12233 9605 817 16187
2143 9484 3171 8710 6259 10770 2563 16187 16187 16187 16187 16187 16187 16187 16187 16187
6259 1853 8710 6259 2563 15480 14237 91 6259 5217 16187 8440 2053 5328 6929 3994
3171 8710 6259 13509 9283 2563 16187 6535 630 8093 8069 2148 9332 16187 512 6918
2053 9799 5867 926 3994 8710 6259 10033 3177 6150 16038 6484 16187 16187 16187 16187
9712 7365 8268 12008 8712 8710 6070 2689 14237 4776 10033 8710 926 926 16187 16187
7723 926 6259 1986 14960 10033 926 12233 4776 5388 6826 3418 926 16187 643 16187
7926 7165 926 16187 16187 16187 16187 16187 16187 16187 16187 16187 16187 16187 16187 16187
8712 9113 12233 4776 15416 16187 14069 8719 4776 10033 16187 926 16187 926 16187 926
8712 9113 12233 4776 15416 3177 4776 926 5867 8808 8268 14237 203 3847 7926 5867
14734 2373 4931 2903 8268 1229 12233 4671 16187 16187 16187 16187 16187 16187 16187 16187
1885 8808 4931 9754 6070 15174 8268 3177 1954 2122 9961 12291 16187 8069 12773 16187
1885 8808 4931 9754 6070 15174 8268 12008 11162 12576 16187 12773 8268 8710 6259 5820
9331 6011 830 9655 12276 3109 16187 16187 16187 16187 16187 16187 16187 16187 16187 16187
1449 10967 3171 8268 542 9878 8710 5297 1378 3177 4776 13664 7937 3177 4776 10033
2945 1378 3177 4776 564 4756 3177 3171 3531 8268 8726 5329 8084 16187 4311 16187
3171 4931 1378 1543 4325 9084 16187 16187 16187 16187 16187 16187 16187 16187 16187 16187
3171 8157 3177 4856 8268 12576 8423 450 8268 8710 5329 830 12127 10166 16187 926
3171 14596 8710 1507 8268 14237 11789 4032 187 16187 2563 16187 4537 1955 2689 16187
6011 9605 4776 10400 16187 16187 16187 16187 16187 16187 16187 16187 16187 16187 16187 16187
2945 6259 2563 8710 14691 3765 8726 7926 5867 5329 6259 6148 2837 12536 16187 14237
2945 6259 2563 8710 8270 1919 4776 3211 10983 16187 16139 8268 14237 6259 5948 3177
1955 7740 8592 8268 3171 1378 8710 226 12233 3818 6259 8974 16187 16187 16187 16187
1955 8712 8710 8268 7740 926 4776 14112 14029 4776 926 13348 16187 3137 476 13348
8712 5867 1955 10355 1955 1138 7740 2383 8712 5867 5463 8710 3098 13348 16187 13348
7740 4552 9754 12003 4776 15740 5463 4776 13799 3364 11553 10471 2148 16187 16187 16187
13341 1390 12233 2823 11457 8268 7740 4931 7740 4931 1407 2837 4776 3213 16187 8719
13341 1390 12233 4776 4152 4931 1229 12105 16105 8719 926 14237 926 8268 926 8268
12008 5329 768 7485 8268 4399 8268 4687 13701 9890 16187 16187 16187 16187 16187 16187
12008 8712 5867 12495 2002 16187 14029 4776 8588 5463 16187 3364 2823 16105 16187 12669
12008 8712 5297 16048 1919 8712 14180 4776 14412 3177 5463 14273 10983 16187 8710 6259
9296 3171 2563 4931 12495 4013 15978 3177 14180 4776 13701 1919 926 100 2598 16187
3171 2563 4931 6070 5906 16187 5272 16187 5948 16187 8719 5463 2326 1029 2997 16187
3171 2563 8710 6070 8268 6070 9450 13178 16187 12529 1243 16187 10033 16187 304 7535
5562 14220 4931 10355 12495 16187 16187 16187 16187 16187 16187 16187 16187 16187 16187 16187
1793 12491 8268 3171 8710 1957 9431 14237 8712 15881 6011 6683 830 5947 2664 926
3171 2563 8710 1507 8268 14237 2466 10418 16187 223 16187 9264 8106 16187 14350 16187
14518 2148 14237 6011 16138 2823 2599 8913 16187 16187 16187 16187 16187 16187 16187 16187
12495 6535 8569 5463 3112 9743 1138 2176 8268 14237 12092 16187 12820 15489 14029 4776
12495 8569 5463 12232 5367 16187 983 16187 7981 16187 3865 7740 15096 12233 6683 1957
8712 8710 6259 10602 10033 5463 3543 2823 8466 2837 10394 16187 16187 16187 16187 16187
3171 8710 9754 7568 1885 6259 10894 3177 6259 8808 12233 10114 10918 1957 8712 5867
3171 8157 3177 4856 8710 4032 6259 926 16187 8719 6259 2037 16187 12495 16187 16187
5463 8719 10781 16105 3171 2563 12367 14237 4032 15715 16187 16187 16187 16187 16187 16187
2285 14596 63 9790 9424 5463 5641 14029 6259 1126 16187 926 6601 4776 2563 5867
3171 8710 6070 1435 7589 3177 4776 2563 5867 13991 1167 14776 6070 8268 14397 512
7740 9429 4325 14776 14180 16093 1919 6259 372 3177 15461 16187 16187 16187 16187 16187
15624 8268 5064 16187 10026 8268 4949 1957 4776 9790 8157 3177 4189 16187 6378 16187
15624 8268 5064 16187 10026 8268 4949 16187 284 16187 926 926 16187 2563 3554 8719
14069 14776 1229 1597 16187 16187 16187 16187 16187 16187 16187 16187 16187 16187 16187 16187
3171 2563 4931 10770 8268 14237 8712 5867 5329 5463 7724 16187 926 1957 1378 13182
3171 2563 4931 10770 8268 14237 5906 16187 13807 1597 3177 4312 16187 5463 16187 926
8726 14069 14776 11191 899 1919 8712 8268 1229 2823 8712 12008 5329 830 9070 16187
8712 5867 12495 6535 14237 12495 15347 830 2263 16058 10355 8676 8268 14237 8093 2296
8712 5867 1344 13250 926 5463 2446 779 12766 10471 16187 1229 630 8270 16187 14237
13565 5463 13348 16187 16187 16187 16187 16187 16187 16187 16187 16187 16187 16187 16187 16187
3511 5463 8710 14186 2122 2563 8268 8712 8710 4537 1955 630 8811 13348 16187 512
3511 8710 5463 12958 16187 14596 8719 4776 2148 926 512 7740 11553 926 4776 926
14043 926 5937 84 1138 4172 926 926 5711 16187 16187 16187 16187 16187 16187 16187
8712 926 10967 4776 1419 16187 789 684 926 2837 926 16187 13034 16187 926 16187
8712 926 10967 4776 1419 12008 4776 284 14776 16187 7855 16187 14237 4776 10033 8710
6011 7433 16187 16187 16187 16187 16187 16187 16187 16187 16187 16187 16187 16187 16187 16187
2945 1378 3177 4776 2148 3422 1133 7740 11553 8466 16187 11998 9316 16187 6423 8712
2945 6259 2563 4032 15715 8268 12008 2945 4032 5937 983 16187 6011 926 16187 5562
1138 14734 11331 14776 1229 2176 5711 16187 16187 16187 16187 16187 16187 16187 16187 16187
5713 9288 2326 14776 9230 8268 12008 15658 8710 9754 4776 5095 4103 16187 5820 16187
5713 950 201 3650 5713 5420 12233 15597 13433 16187 16187 926 16187 926 14237 926
6011 14470 5946 10953 8719 8712 14237 9605 5937 1873 926 16187 16187 16187 16187 16187
2945 4032 9316 8268 15740 14237 8200 16187 6985 16187 9316 8712 16187 8449 308 16187
2945 4032 9316 8268 15740 15389 471 16187 926 8268 14237 14180 4776 9450 12835 14237
13089 8712 6895 8268 4624 2552 4776 5898 14237 12958 16187 16187 16187 16187 16187 16187
4776 8268 7926 926 8268 3364 9754 2823 6188 3177 3171 1378 14029 4776 10033 16187
4776 8268 7926 2446 5388 6259 10710 1955 8712 14237 15452 12582 16187 9442 5030 13348
1138 8268 14237 6011 5448 8719 8283 16187 16187 16187 16187 16187 16187 16187 16187 16187
4776 8268 1138 5711 4325 10272 12233 2823 13050 2837 3171 10033 16187 9316 16187 8185
4776 10033 8268 4624 10716 14776 9754 8268 12008 4325 3364 9754 11553 8712 14180 16187
4325 7661 926 12495 10344 4776 90 3177 15597 1486 14237 2327 12233 8733 926 16187
4776 10376 8268 2365 6259 5520 16187 8745 14217 8719 4776 8456 16187 643 16187 16187
4776 11943 8268 9784 8268 4792 14043 15525 14734 926 8268 926 8710 6259 14125 16187
6173 16187 16187 16187 16187 16187 16187 16187 16187 16187 16187 16187 16187 16187 16187 16187
4776 9431 4931 6259 10355 2563 7740 11553 8093 8466 14112 11889 6259 12012 13348 16187
4776 2563 8710 6259 1507 6688 8710 11789 1955 7310 16187 16187 9925 1042 4776 10033
531 7740 4531 3171 6070 630 14237 15846 5046 2823 15715 10036 16187 16187 16187 16187
2945 4032 1378 8268 6070 8569 13607 2563 16187 2263 11039 3177 4776 4152 16187 4152
3171 2563 8710 2945 4032 15715 830 10671 3177 5722 14043 800 8185 16187 7742 16187
7513 2446 779 6259 8761 14237 7740 11553 13084 10400 1543 7926 2979 10967 16187 16187
1290 5388 4312 2903 12495 6585 12576 8268 14237 5388 12495 1597 926 16187 5217 926
1290 5388 4312 2903 12495 6585 12576 8268 14237 5388 12495 1597 926 16187 5217 16187
12716 6826 14465 4552 9754 265 16187 16187 16187 16187 16187 16187 16187 16187 16187 16187
8712 5867 1344 3398 8268 14237 11900 1344 7742 16187 8069 830 4776 2563 16187 11382
8712 5867 1344 3398 8268 14237 11900 1344 7742 16187 11889 203 10355 8719 15597 643
15048 8710 4776 4183 16187 16187 16187 16187 16187 16187 16187 16187 16187 16187 16187 16187
4776 559 8710 6259 5695 10033 8268 7740 771 6826 15819 10418 16187 4142 13839 14180
4776 559 8710 6259 5695 10033 8268 4660 8268 10399 2340 5944 16187 8172 14237 2591
5463 5867 2429 8712 16187 16187 16187 16187 16187 16187 16187 16187 16187 16187 16187 16187
3171 3818 6070 630 4776 14596 830 4776 2002 308 8268 12716 16187 8676 16187 8676
3171 4931 6070 3932 8719 2053 1403 3994 16187 16187 14834 14237 926 16187 926 16187
816 14029 13348 13348 13348 16187 16187 16187 16187 16187 16187 16187 16187 16187 16187 16187
3171 4302 8710 5046 14734 10566 13076 14237 5329 12606 1955 4776 2563 16187 1378 3177
6259 2601 5948 3177 3559 8808 2946 9605 3102 16187 929 13348 16187 14237 14518 16187
4776 12835 14776 830 4776 10566 10501 13074 14237 13436 16187 16187 16187 16187 16187 16187
4776 14596 3177 7982 8268 6259 6013 8268 6177 8268 6303 16187 13701 16187 5948 12495
4776 14596 3177 7982 8268 6259 6013 14237 12249 8268 14180 4776 13094 16187 926 16187
5713 2946 14776 4537 6470 916 10638 5463 8733 4312 14691 2148 512 926 16187 16187
14792 2946 8268 12008 4325 11031 1213 6259 2176 8268 14237 7740 926 4552 7740 8154
6173 8268 5923 8268 5138 8268 12149 13348 16187 13348 16187 5137 11889 5463 4776 3449
12008 4776 12536 8710 6297 3257 16187 16187 16187 16187 16187 16187 16187 16187 16187 16187
4776 4152 8710 6070 2805 14237 779 8093 6259 10355 926 15597 16058 16187 10913 5568
4776 4152 91 8710 6070 10355 8268 6070 12690 2563 10967 6259 10355 15316 16187 10913
4776 7151 4189 5137 12233 2823 16150 3527 2466 16187 16187 16187 16187 16187 16187 16187
4776 6664 8710 5286 3177 12 1439 5867 4927 3177 4776 926 16187 926 926 16187
4776 6664 8710 2751 14237 6246 14237 3335 14237 8268 564 3177 14180 8268 926 16187
5568 9642 2363 3364 11553 6381 15389 5022 1229 11075 12053 1955 3171 16187 16187 16187
8712 3364 11553 12766 4927 8270 8268 12008 8710 2945 4032 15715 830 2024 16187 9386
8712 3364 11553 12766 8270 132 574 2837 6359 926 16187 16187 14125 4776 5095 16187
2997 8268 12576 6011 968 2823 3850 8726 6011 1950 8712 6888 5328 6259 11401 16187
5463 2563 3847 9754 3249 12495 16187 9442 14043 6011 15846 8815 1885 2858 926 16187
5463 2563 3847 9754 5463 8569 5463 779 1954 11719 6683 1957 4776 8521 14237 7742
7926 4311 5193 3171 14596 8719 2176 3078 8268 14434 6006 14237 1026 132 16187 16187
4776 1736 5867 4776 10033 8710 10471 16187 7742 16187 16187 1957 4776 308 16187 926
4776 9935 14237 1778 4776 3011 653 5867 129 10359 14180 1442 3171 2563 16187 926
4776 12835 9084 9754 11553 13592 6985 16187 16187 16187 16187 16187 16187 16187 16187 16187
4776 63 5328 779 7458 8268 12008 1872 630 4537 10 15525 16187 11889 3171 2563
4776 14596 5463 4772 2818 8710 1954 176 3177 4776 5445 4302 16187 11953 1138 4776
6259 8081 15387 8710 4846 16187 16187 16187 16187 16187 16187 16187 16187 16187 16187 16187
4776 559 8710 6259 10399 10033 12233 12650 3171 14251 16187 9442 8268 6140 14237 8093
4776 559 12349 4776 12489 14708 10033 8268 4776 10418 8710 8124 16187 8268 7740 11530
3171 926 14470 5329 2823 9290 5867 564 5459 1955 1229 926 16187 16187 16187 16187
8712 4931 6259 10894 12495 14221 12576 8268 12008 1229 8712 5867 5046 5329 926 8712
8712 4931 6259 3098 10033 5463 1138 7807 4776 15416 3177 4776 926 10036 16187 5329
4931 4776 3004 7805 2598 16187 16187 16187 16187 16187 16187 16187 16187 16187 16187 16187
4776 6729 4931 6070 926 8710 12495 9625 16187 830 1954 10211 8268 14043 8069 2148
4776 2601 14596 10140 6011 10967 4776 10442 3177 4776 13555 16187 8268 1229 13348 16187
8712 5867 15174 12233 15956 5463 6826 703 8093 5138 16187 16187 16187 16187 16187 16187
8712 4931 6535 630 6259 3667 3177 983 16187 13280 16187 5332 16187 14043 926 16187
8712 4931 6070 1435 8268 14237 8712 5867 5329 4776 2037 16187 2563 13904 16187 5948
14237 8499 926 8710 7742 14069 8710 9754 1157 12233 1436 11953 14745 16187 16187 16187
3171 10033 8710 5463 10355 16187 12127 12529 12291 16187 14237 8093 10418 16187 6918 16187
3171 10033 8710 5463 2689 8710 6259 10355 2563 5208 2823 4032 15715 16187 14029 16187
16002 15191 13549 1954 16139 9534 1955 9802 5266 16187 16187 16187 16187 16187 16187 16187
10710 5463 2689 16187 9332 6729 830 9070 16187 9004 4776 416 3177 926 5867 3809
7954 2466 9498 9813 7829 3177 5804 16187 387 16187 10518 12233 2823 6070 926 8719
8712 5867 10841 8268 1321 8268 1557 8268 14237 8712 5867 3356 8268 12495 16187 16187
4776 13607 8268 6407 926 926 16187 926 16187 5332 13474 11536 14217 16187 1885 14237
8712 5867 1954 12606 16105 8268 14237 8712 4931 1515 12233 2823 6259 12092 8268 8830
7740 4537 4552 9754 9429 4624 385 8712 8798 16187 16187 16187 16187 16187 16187 16187
8680 8268 7740 4552 9754 8456 4057 16187 157 5867 3366 16187 3171 10033 8710 830
8680 8268 7740 4552 9754 8456 4057 16187 8569 8268 12008 5329 8069 4311 16187 5332
14069 5867 6259 8351 830 1954 950 16187 16187 16187 16187 16187 16187 16187 16187 16187
2263 5329 6259 5695 3211 14180 8712 5867 15978 3177 14180 983 16187 10983 16187 926
8712 5867 6070 12606 14237 1229 630 8811 8719 3171 10033 16187 12349 16187 12349 16187
4776 926 4624 2552 14776 10211 15776 16187 16187 16187 16187 16187 16187 16187 16187 16187
4776 745 4931 4927 2858 14734 16058 2122 926 8268 12576 16187 13411 8719 6259 2553
4776 745 4931 6259 926 10967 4776 15064 14237 1229 779 5288 16187 6070 7742 16187
14237 14734 1110 13135 1919 4776 7339 8710 3335 16187 16187 16187 16187 16187 16187 16187
4776 4152 8710 6070 3175 16187 6011 16187 1110 16187 14180 926 16187 10552 16187 926
4776 10033 8710 10442 3177 14180 5463 4927 16187 12349 10217 16187 5947 4379 830 4776
4552 9754 2823 1407 2837 3406 5421 13114 14237 14180 16187 16187 16187 16187 16187 16187
1597 15640 3171 2563 8710 5329 5463 1405 16187 14180 2002 5033 2598 16187 12233 13834
1597 1133 547 630 7310 284 14237 9574 16187 6535 7742 10471 16187 6070 7742 16187
13084 9640 926 10094 5867 8185 9207 1229 3192 926 5713 12455 16187 16187 16187 16187
926 779 12495 630 5463 2598 16187 8466 14029 6259 926 14029 6259 7612 3177 1787
8712 926 1955 14221 1955 8712 5867 5329 14734 512 926 14043 14734 926 14043 926
6259 12328 10033 5288 16187 16187 16187 16187 16187 16187 16187 16187 16187 16187 16187 16187
6259 1592 8710 6259 4660 7620 10033 13422 16187 16105 1133 1919 6259 6070 15096 13839
6259 10770 8710 6259 10355 10033 3177 1378 1919 4776 6535 630 7945 926 5463 926
7740 8313 8569 11889 6011 2348 12758 4931 8569 16187 16187 16187 16187 16187 16187 16187
6331 7740 4552 9754 8456 5463 8268 8712 5867 5329 5463 15624 16187 12105 12345 16187
15438 7740 11889 1597 8268 7740 2383 16187 15662 7740 8197 8712 15525 16187 16187 12576
12273 6359 14237 4776 13839 12333 8530 8268 12115 926 7262 5867 10602 13811 16187 16187
10024 8268 926 14237 6259 10602 15781 8268 6070 9450 16104 16187 13348 16187 4832 16187
13783 16187 926 9498 8069 926 926 4931 1175 16187 16187 16187 1955 7742 16187 10663
1138 926 5711 8710 6259 6070 7742 10471 10033 3537 16187 16187 16187 16187 16187 16187
4776 2285 3437 926 7949 8710 6259 926 16187 14237 8569 2563 16187 926 16187 4687
4776 2285 10033 4931 8569 14237 3171 1378 8710 2148 13178 16187 926 16187 4406 8808
4776 8761 4990 4931 7805 830 4776 2563 12233 5329 1214 16187 16187 16187 16187 16187
4776 14596 4931 4537 14231 12008 6011 11031 5967 12233 1453 6259 5820 16187 9890 16187
4776 14596 8710 5329 9563 3098 8268 12008 8712 5867 6780 16187 926 16187 5463 8093
3171 8710 2466 12092 8268 12008 4776 15416 8710 5329 14069 16187 16187 16187 16187 16187
4776 14596 8710 2466 10399 12233 14192 8268 12495 13799 8710 5329 4776 926 16187 10983
8712 4931 1435 12495 630 12233 11553 6259 14596 11953 2167 12491 16187 2550 13701 16187
4325 9498 10602 1955 10660 12835 8268 12008 6381 4312 5022 14237 2476 13348 16187 16187
4776 10033 2326 9084 9754 2326 5946 14237 3847 9754 2326 12298 16187 9890 16187 11382
8712 2326 4537 10545 2903 2550 16187 11608 16187 2148 14043 3765 16187 512 5415 8719
6748 9743 820 196 11953 4776 3078 9429 4325 3364 4552 6259 8270 15781 16187 16187
6826 4686 14776 5329 14180 4776 926 14776 9754 13592 8270 1957 5074 16187 1229 926
6826 4686 14776 5329 4406 8185 8268 12008 12209 12495 1597 703 16187 8081 12835 16187
9332 13839 10437 14237 6259 4304 8468 4152 8268 8712 3364 11553 12766 6259 2372 16187
4776 4152 8710 6070 6140 14237 6070 12606 16187 7740 4537 12773 12233 2823 6070 12606
8712 4931 6070 2689 14237 8712 5867 5329 5463 10710 16187 8712 16187 14029 16187 5200
8710 9754 4776 2563 10137 1138 4776 10023 14482 5711 8268 4240 14180 2598 16187 16187
4776 2563 8710 6259 1507 14237 4618 15525 2563 16187 15525 14069 16187 5164 8287 14745
4776 2563 8710 2945 4032 15715 10036 14237 10036 16187 16187 1450 16187 16187 15907 8710
4776 2563 8710 11115 2837 4776 12256 2053 3994 5036 2373 2837 926 16187 16187 16187
4776 4152 8710 1229 5463 10355 14237 8712 8710 2326 2689 16187 1957 8506 12233 8155
4776 4152 8710 8719 4776 9790 8268 14237 8712 2296 3007 1955 630 1955 4776 983
8710 926 926 13084 10501 3177 4776 926 14596 2598 16187 16187 16187 16187 16187 16187
3171 8710 6259 3098 2563 16187 10394 16187 8344 14237 13441 16187 8712 16187 11644 4776
4776 63 10033 4931 6259 8974 16187 926 16187 5568 1378 5463 7740 5226 1138 1022
1932 14948 8268 1453 4776 16003 8268 14237 8815 4776 2588 5036 2598 16187 16187 16187
1885 8081 5459 8710 1941 16187 8268 12008 4776 926 4931 5329 2903 14180 16187 14591
1885 8081 13765 12835 8719 3765 4431 512 6259 926 8808 6855 8808 16187 926 1919
6173 8268 5329 12233 11393 6259 14910 13283 830 6433 16187 16187 16187 16187 16187 16187
4776 10033 8268 1955 6259 649 16187 8712 3112 13592 2563 16187 14350 16187 14350 16187
6173 8268 2684 2608 8268 4812 8268 5005 8268 13663 8268 11022 16187 9422 16187 9422
7740 11839 5463 15523 12028 4931 6259 10894 15096 16187 16187 16187 16187 16187 16187 16187
8712 8710 6259 10770 12233 12650 16187 14237 2204 13348 16187 5948 16187 9450 16187 15658
8712 8710 6259 6535 13178 2563 14237 2945 10272 12233 2823 6188 12233 4776 5031 2858
13474 5867 2148 926 15387 512 12616 3177 4776 926 16187 16187 16187 16187 16187 16187
8712 5867 91 16187 926 14457 1955 6259 10710 10583 16187 14221 16187 3278 16187 11789
8712 5867 91 16187 926 14237 8712 8710 5580 1954 9332 6683 830 4776 10033 16187
12008 6640 4776 6378 8268 5463 9840 9872 9070 16187 16187 16187 16187 16187 16187 16187
8712 5867 6070 11298 14237 7708 8268 14237 5463 1093 3543 926 8712 6259 926 16187
8712 5867 4776 9790 926 16187 3137 5095 16187 8858 2598 16187 926 16187 926 16187
1138 15152 1058 5711 641 4776 2053 7740 5867 14237 7176 4776 2053 5852 5867 16187
4776 2285 3437 926 7949 5711 8710 2148 10355 512 6259 10894 12233 2823 6259 926
4776 9431 2979 14029 6259 10376 14217 8268 14047 8268 14237 315 2598 16187 9591 16187
8712 8710 15667 14237 9264 16187 16187 16187 16187 16187 16187 16187 16187 16187 16187 16187
8712 4931 9754 6070 13436 8268 12008 4537 1955 820 16187 1750 13103 16187 1222 12911
8712 4931 9754 12495 630 830 4776 14596 16187 14219 16187 15956 14272 7740 9084 5329
926 14237 9654 8710 6259 10355 13607 2563 830 100 16187 16187 16187 16187 16187 16187
3171 10033 8710 6259 3192 5033 16187 1919 4776 926 16187 926 16187 926 926 9070
3171 10033 8710 6259 3192 12135 4779 14281 3177 4776 926 16187 926 16187 8069 926
8712 5867 1543 10671 13280 5208 2552 14237 4261 1885 564 16187 16187 16187 16187 16187
8712 5867 4776 9790 5033 2598 16187 16187 8081 1787 419 16187 11889 13797 5867 1133
8712 5867 4776 6535 9450 9355 1955 7742 16187 14237 4776 2563 16187 2847 6348 14180
3171 8710 6259 3098 2122 2563 8268 831 2894 16187 16187 16187 16187 16187 16187 16187
3171 7542 6259 10355 2563 7740 12650 16187 14251 8268 12008 8712 3112 8712 16187 12606
3171 8710 2945 14635 3177 2563 5463 5208 2823 1959 12349 14237 12349 7740 11553 8712
7742 8268 8712 8710 6259 9450 16187 16187 16187 16187 16187 16187 16187 16187 16187 16187
3171 10033 8710 4642 6259 472 2451 8268 14237 3847 9754 8712 5867 8270 16187 512
3171 10033 8710 4642 6259 472 2451 8268 14237 3847 5329 6259 10355 15781 11728 8719
14031 8268 13758 14029 13348 16187 16187 16187 16187 16187 16187 16187 16187 16187 16187 16187
1957 14589 7740 11839 4776 13839 4931 12256 8268 2684 16187 14180 4776 16146 926 16187
1957 14589 5463 8710 14272 7740 9429 11953 8712 16187 5388 16187 926 926 16187 3927
9431 8268 13852 385 12233 9010 8719 926 926 5867 9534 16187 16187 16187 16187 16187
10024 8268 926 8268 4776 9834 4776 10566 5041 8710 2326 926 16187 16187 2296 16187
3461 8268 5713 8268 7740 3364 11553 10471 6259 5948 2148 16187 16187 14029 16187 1378
3171 2563 8710 14397 7708 14180 9094 16187 16187 16187 16187 16187 16187 16187 16187 16187
4776 14596 63 5328 9850 15525 3177 9484 16187 8569 16187 13348 16187 4832 16187 14069
4776 12298 6535 630 2148 9332 16187 14230 16187 4311 16187 1383 16187 14241 16187 8185
1592 13539 1955 926 5867 4125 14237 13474 3847 6259 10355 15781 16187 16187 16187 16187
7926 2446 5208 8093 11553 12766 14855 12233 4776 15958 16187 926 926 16187 9247 16187
7926 2446 13947 926 8712 14180 4776 10298 16187 779 6259 5217 16187 8440 2053 10217
