6259 12260 2552 16187 16187 16187 16187 16187 16187 16187 16187 16187 16187 16187 16187 16187
6259 2601 5948 3177 6259 5948 2148 10770 14237 7740 4552 4624 5407 830 14180 3177
6259 2601 5948 3177 15174 2563 10967 926 5867 7591 10471 8404 5463 14776 9817 8719
4776 63 14677 6606 3969 12233 4776 9577 5867 7680 16187 16187 16187 16187 16187 16187
4776 14596 8712 4931 1954 926 14237 14029 4776 8311 5867 5801 16187 8710 6535 12495
4776 14596 8712 5867 906 14237 5329 6259 14596 5463 2326 1029 1919 6011 16187 4311
4776 4707 8268 4776 7095 8268 6011 15956 816 4609 13089 7926 8710 5823 16187 16187
4776 15064 3177 3171 10033 8268 1955 7740 2383 13474 8710 926 16187 16187 6161 16187
4776 15071 8710 8376 8268 11195 8268 14237 926 14237 8710 926 926 16187 8710 14272
12408 1907 8710 2446 3098 8268 14237 4537 8664 16187 16187 16187 16187 16187 16187 16187
926 3078 8268 8258 4311 3171 2563 16187 14397 1435 16187 926 926 16187 926 16187
926 3078 8268 8258 4325 11031 926 16187 9780 16187 1787 16187 5041 16187 926 2598
14237 5463 8710 14272 4624 12650 16187 16187 16187 16187 16187 16187 16187 16187 16187 16187
3171 2563 8710 2945 4032 15715 830 10671 3177 5722 14043 800 8185 16187 8185 16187
3171 2563 4931 2326 8569 16187 12606 16187 11063 2780 16187 2326 9605 6259 10355 10400
14272 9498 4325 5807 1957 926 2598 16187 16187 16187 16187 16187 16187 16187 16187 16187
4776 4152 8268 6011 2326 3364 11553 12766 8270 16187 9316 4776 10033 16187 4832 16187
4776 4152 8710 8423 2148 15513 12008 15658 5682 2598 16187 8081 2359 16187 926 926
10355 2563 16187 16187 16187 16187 16187 16187 16187 16187 16187 16187 16187 16187 16187 16187
3511 5463 3171 6598 1954 8162 2122 8710 8268 5329 1955 8569 1955 15624 1955 4776
3171 2563 8710 2945 14635 3177 11608 8268 12495 8569 8712 3609 7742 12495 15096 14237
5297 8268 7740 11530 4776 308 12654 3171 6365 14237 8197 8712 1954 10619 9484 16187
6826 3177 4776 2563 8268 4776 6664 16187 716 2689 16187 8712 5867 9780 16187 15043
6826 3177 4776 2563 8710 4776 10418 8268 4776 4152 8268 1229 8569 16187 569 3177
5568 10051 1919 6259 8617 6978 9338 1092 15846 2823 7456 12233 5257 8712 16187 16187
4776 5257 3177 15678 4931 1344 11273 14237 16105 6259 15174 7724 16187 8712 5867 2296
4776 4932 5463 15669 8744 15525 3177 5414 2664 926 8268 3192 7377 8268 1378 5031
4776 6006 4931 9754 8569 14237 4776 13999 12013 8710 1957 12291 14397 10335 16187 16187
4776 4152 8710 6070 2805 14237 4776 2946 2451 10571 7742 16187 1400 8719 4776 308
4776 4152 8710 6070 2805 14237 4776 2946 2451 10571 7742 16187 10399 1955 7742 16187
8796 8268 11632 16187 16187 16187 16187 16187 16187 16187 16187 16187 16187 16187 16187 16187
1711 8268 3171 10033 4931 4537 13250 16187 9316 8712 16187 13250 16187 9316 8712 16187
1711 8268 3171 10913 6546 534 16187 5804 16187 2167 3177 926 16187 926 16187 9925
3171 8710 4776 8656 926 1957 4776 8641 3177 15597 6716 16187 16187 16187 16187 16187
4776 14596 8710 4776 926 8979 6423 3171 10033 16187 926 1919 4776 926 3177 4776
4776 14596 8710 4927 12495 1348 14237 926 7674 12233 14192 1955 4776 13103 4818 16187
7740 11553 9754 926 6041 929 3171 8901 3994 16187 16187 16187 16187 16187 16187 16187
7740 4552 9754 8456 11153 16187 926 926 8719 3171 8869 16187 8719 4776 926 16187
7740 4552 9754 8456 11153 10566 3177 4776 983 16187 8719 4776 15840 8719 4776 308
4776 2122 8710 5329 8069 7413 14043 9575 7742 16187 16187 16187 16187 16187 16187 16187
4776 14596 8710 1507 8268 12008 14180 4931 6297 2997 91 16187 14237 926 16187 12495
4776 2601 14596 10140 6011 10967 4776 10442 3177 4776 13555 16187 8268 14237 4931 9754
7634 16076 926 5867 14426 11953 4776 4949 643 14596 14058 12507 2837 926 16187 16187
13386 926 8710 4776 8124 1487 3177 4776 926 16187 6013 2563 16187 8719 4776 2563
13386 926 8710 4776 8124 1487 3177 4776 1726 9954 3177 926 16187 3554 12233 2823
4776 4440 14029 4776 11172 926 14776 9332 14237 11842 2903 14272 8710 12495 13758 16187
4776 15064 3177 3171 10033 4931 10915 8124 16187 14180 4776 2563 15978 3177 1954 6403
4776 15064 3177 3171 10033 4931 9754 8106 14237 13811 4931 13999 16187 6070 12690 16187
10501 3177 3171 4931 9575 8719 926 8268 926 16187 16187 16187 16187 16187 16187 16187
3171 4931 6259 6070 12092 8170 14237 6259 7168 5138 3177 926 16187 6856 8719 4776
3171 2563 8710 6259 6070 4091 11032 3177 4776 8588 3177 926 16187 926 16187 16187
14919 9484 16187 16187 16187 16187 16187 16187 16187 16187 16187 16187 16187 16187 16187 16187
14919 9484 9296 7740 4931 6391 15389 6672 2837 9655 4776 3366 1857 16187 16187 16187
14919 15525 3177 9484 16187 926 7740 4931 2326 8197 3171 2563 6259 1866 16187 14058
91 8710 4404 14426 10967 11860 9101 1919 13664 14237 6259 926 12832 3942 16187 16187
630 779 1954 926 10894 2148 3177 4776 2122 1919 6259 926 8268 14237 3356 16187
12127 9575 3177 4776 10033 4931 2446 7740 15096 12233 1436 16187 3554 12233 2823 6259
11910 6601 4931 4776 11046 10566 7367 12999 8719 4776 10288 4302 16187 16187 16187 16187
4776 13839 8710 14411 8268 14237 4776 10583 8710 13074 10566 3177 926 926 16187 926
4776 13839 8710 3098 8268 4776 10862 14043 4776 12298 5898 16187 16187 5820 16187 16187
3543 9754 4325 926 12495 2598 16187 16187 16187 16187 16187 16187 16187 16187 16187 16187
8712 3847 8268 12716 8268 11553 8712 10355 2946 14237 9605 1954 9043 16187 926 14029
8712 3847 9754 3249 12495 16187 4927 16187 8344 5568 14734 5804 16187 8710 14734 11537
4776 574 8710 12349 4776 12489 8268 12008 1229 8710 4776 14596 16187 16187 16187 16187
4776 4152 8710 6070 2805 14237 4776 2946 2451 10571 7742 16187 10399 12233 10503 16187
4776 4152 8710 6070 2805 14237 4776 2946 2451 10571 7742 16187 10399 12233 11382 8268
3171 10033 8710 6259 7643 16187 16187 16187 16187 16187 16187 16187 16187 16187 16187 16187
3171 14596 8710 11758 6259 3098 2563 16187 15819 9450 12233 4776 9887 16187 10503 16187
3171 10033 8710 5463 2326 8710 14180 11953 5463 8157 3177 10033 16187 11063 16187 16187
6011 11031 11901 14237 3935 5711 16187 16187 16187 16187 16187 16187 16187 16187 16187 16187
4624 2172 14691 2148 512 14180 8719 3171 10033 16187 15337 5867 3177 1245 16187 8185
7979 14470 2823 1282 14237 15757 2148 512 6259 2149 471 16187 8569 16187 5568 6931
10993 5961 5867 564 49 12233 3059 926 926 1919 15806 12233 15806 1172 16187 16187
7883 8710 7251 6423 4776 11274 8719 8712 16187 6535 2689 14237 8712 5867 9332 16187
10080 6978 5852 926 10497 8710 4776 564 13926 10373 14635 3177 5358 14237 6011 11889
14691 12233 10369 11953 8719 5463 13988 16187 16187 16187 16187 16187 16187 16187 16187 16187
3171 6801 8710 14272 6259 9684 13348 16187 5365 16187 11401 16187 14125 5414 926 16187
3171 4302 8710 1955 630 6259 8808 1955 2946 14237 4552 4325 2326 9605 14180 4776
12008 8710 8712 2598 16187 16187 16187 16187 16187 16187 16187 16187 16187 16187 16187 16187
3171 6070 10355 2563 5463 4189 8710 4687 12233 8733 926 4776 5480 10033 16187 926
3171 8710 6070 1507 14237 4311 8712 3025 16187 6259 6070 795 14596 14596 16187 11789
8712 779 6259 5948 3177 2067 8268 12008 232 13701 16187 16187 16187 16187 16187 16187
8712 4931 6070 2997 16187 926 7740 12232 1436 16187 4776 983 16187 1126 926 16187
8712 4931 6070 2997 14237 11546 16187 132 16187 14640 8710 15597 926 16187 5176 9290
10217 8795 14361 15525 1957 9070 13089 10564 3171 10033 16187 16187 16187 16187 16187 16187
12958 8710 2844 14237 12349 4776 12489 8268 12008 7740 4931 6535 2689 1957 4776 1419
4776 11770 3177 2313 14776 15389 5463 4624 14489 10671 11553 8727 5257 12233 4776 9887
13829 14237 926 3177 2715 11553 12233 4189 5022 12233 9207 5713 703 16187 16187 16187
926 10978 1919 13587 15696 1919 554 14237 423 16187 6259 6070 7742 2608 16187 6070
926 926 14272 16105 9070 11728 16187 8440 8268 14237 5906 16187 926 16187 6683 830
14691 16187 16187 16187 16187 16187 16187 16187 16187 16187 16187 16187 16187 16187 16187 16187
3171 2563 4931 12495 3192 2664 14237 15048 14255 12028 16187 929 14029 4776 926 14029
3171 2563 4931 12495 14186 1954 7884 14237 7855 16187 12224 3177 4776 13094 16187 15819
2975 926 10324 1253 8268 10298 1147 8268 8712 4931 8213 13348 16187 16187 16187 16187
926 926 6286 3177 6259 9290 15658 4931 1175 2598 16187 16187 9431 16187 5041 16187
926 926 8710 4776 9374 4183 830 1138 899 5711 14043 1138 3562 5711 16187 4537
15662 2598 16187 16187 16187 16187 16187 16187 16187 16187 16187 16187 16187 16187 16187 16187
3171 4931 9754 6826 10355 2122 10033 8268 14237 8712 4931 2326 3112 8712 16187 6500
3171 4931 1954 2997 15043 2563 8268 1919 6826 3098 2122 10033 16187 6695 16187 11394
8747 145 8719 6259 5695 9534 16187 16187 16187 16187 16187 16187 16187 16187 16187 16187
817 828 10033 8710 6259 15893 16187 10033 16187 10272 12233 2823 2148 512 926 16187
817 828 8710 6259 926 926 14029 4776 3504 3177 6259 926 3177 6259 13879 16187
5208 6011 9086 8712 13348 13348 13348 16187 16187 16187 16187 16187 16187 16187 16187 16187
8712 3847 9754 9605 13592 8270 512 3171 5711 16187 8081 12518 84 512 4776 926
8712 8710 5329 10399 12233 9605 9070 223 16187 8719 6259 2563 3177 3171 10033 16187
4776 926 2446 8383 6826 9564 4152 1684 15649 7740 2326 6635 13348 16187 16187 16187
8712 5138 2689 16187 1229 3112 8712 16187 16187 8719 176 16187 8719 1243 16187 16187
4776 4152 11331 15232 10160 12835 16187 926 16187 8069 4776 926 5867 7742 926 926
4552 9754 6407 8712 13348 16187 16187 16187 16187 16187 16187 16187 16187 16187 16187 16187
14919 9484 3171 2563 4931 9754 8569 8268 7740 11553 6259 5074 1919 6259 4525 1390
14919 9484 3171 2563 4931 5329 1229 10399 12233 11553 6259 4152 16187 4152 16187 8719
3171 8710 5329 6259 10033 5463 3543 2823 2329 16187 16187 16187 16187 16187 16187 16187
3171 14596 8710 15804 14272 6259 1903 3211 5463 8710 5329 12495 15096 16187 12349 4776
3171 14596 8710 1507 8268 14237 8710 6070 1435 16187 1957 12291 16187 10518 12233 2823
7001 13317 13348 16187 16187 16187 16187 16187 16187 16187 16187 16187 16187 16187 16187 16187
3847 5463 8733 8712 10355 2598 16187 6297 16187 1243 9450 3177 4776 5445 14043 12832
9707 830 1213 6259 1138 926 5711 10671 16187 926 14237 9332 6683 3177 6259 926
2599 3171 11190 8719 830 6259 6689 16187 16187 16187 16187 16187 16187 16187 16187 16187
12958 8710 9575 8719 1954 4704 4464 8268 1919 4853 926 14237 5894 6664 16187 4776
8712 8710 1378 3177 4776 564 1133 3177 5463 7740 9884 8466 3171 5365 6259 1787
12008 8719 4776 12298 8712 6546 11889 6259 10033 3537 13907 4776 3537 16187 16187 16187
3171 14596 8710 1507 8268 14237 15850 8268 1957 5046 5329 4776 8521 16187 926 16187
3171 4931 6259 6070 926 2563 8268 8710 2945 12650 820 14237 4776 926 3177 4776
8712 6090 12233 6683 6971 8719 10509 2359 12654 4776 13928 10960 14237 10355 11646 16187
4776 12298 3177 4776 2563 14776 6070 10355 16187 817 16187 2563 8268 12716 16187 926
4776 14596 8710 2466 8712 6535 10355 16187 14237 9956 16187 8712 16187 13348 16187 13348
926 2598 2598 16187 16187 16187 16187 16187 16187 16187 16187 16187 16187 16187 16187 16187
8712 8710 1954 2053 7149 3994 10355 10033 16187 926 16187 1885 16187 926 16187 9534
8712 8710 15677 14237 928 14237 4537 8710 6070 10355 10418 16187 16187 16187 16187 888
11569 12740 8710 4776 4267 2563 7740 11553 8084 8466 16187 16187 16187 16187 16187 16187
9461 3177 2122 4440 8268 7740 3543 8167 6011 5463 3171 2563 8710 14397 13929 16187
6070 12606 16187 13805 926 3177 4776 5365 16187 2097 3177 926 16187 643 16187 9605
926 3372 14237 4064 926 14776 410 15698 3962 12233 1885 16187 16187 16187 16187 16187
4776 926 926 1885 5463 4776 9349 8710 5297 14029 4776 6133 16187 926 16187 926
4776 926 926 9498 926 8268 14069 14776 9754 926 8268 14069 9498 6259 9780 9290
4776 10418 8710 8124 8268 926 926 2148 10801 16187 16187 16187 16187 16187 16187 16187
4776 4152 8710 8719 4776 10033 8268 1955 6259 3059 6801 16187 2563 12495 16187 16187
4776 10033 8710 5695 8719 14180 703 7740 188 6011 16138 2552 16187 13896 16187 16187
6259 2765 16146 4416 11953 4776 10033 16187 16187 16187 16187 16187 16187 16187 16187 16187
6259 10887 14230 3177 4776 9577 16187 414 6905 16187 2066 5867 11382 16187 7336 13546
4776 2601 2563 8710 2684 10471 16187 9332 16187 1955 10355 1955 4776 2002 926 16187
7740 3364 9754 9605 2077 4776 9431 1813 14043 12050 12028 3177 3171 2563 16187 16187
12008 8268 8719 12276 3109 8268 4845 8710 14635 3177 204 926 16187 4832 1957 926
12008 8268 2432 2598 16187 15202 16187 8719 12276 10887 983 12233 4776 2563 16187 926
4776 14599 8710 16150 1001 1919 1597 1138 2689 5711 11331 5463 10114 14350 16187 16187
4776 6664 8710 5286 3177 14766 16187 8569 16187 10501 16187 8719 4776 2563 16187 14350
4776 6664 8710 2751 14237 6246 14237 3335 14237 8268 564 3177 14180 8268 926 16187
7051 9574 13341 9484 10669 4552 9754 12650 3171 2563 16187 16187 16187 16187 16187 16187
13341 14139 9484 3171 8268 7740 4552 9754 6391 1597 15217 926 8719 3171 10033 16187
7051 9574 13341 6363 9484 16187 8569 9574 9484 16187 9036 3171 2563 16187 4302 7542
14779 3177 14272 12233 4552 3137 8268 4325 709 2903 14237 15289 16187 16187 16187 16187
15064 11063 1957 564 8268 7740 4628 9754 2823 10399 12233 14192 16187 14237 3366 16187
8712 8710 15048 1957 12291 12008 5329 1229 1435 16187 9442 16187 9442 5030 16187 7393
3364 8712 2823 4776 926 5867 1315 1138 13046 12844 5711 2598 16187 16187 16187 16187
4776 5568 5820 10033 1229 14221 13089 7740 12431 6259 10894 3177 6259 926 14029 4776
4776 5568 6378 15662 5682 2598 16187 926 926 16187 15907 830 1954 176 16187 8719
7740 771 12555 3192 12362 830 3171 2563 16187 16187 16187 16187 16187 16187 16187 16187
14919 9484 9296 7740 4931 6391 15389 6672 2837 9655 4776 3366 1857 16187 16187 926
14919 15525 3177 9484 16187 8710 2148 512 9591 12233 4776 7671 16187 1022 2503 16187
13825 13461 12233 1453 12349 4776 1787 1919 6259 16067 202 16187 16187 16187 16187 16187
6259 8455 12965 1550 830 4776 2024 14514 16187 14255 1243 2968 16187 8781 16187 16187
6259 8455 12965 1550 830 4776 2024 14514 16187 4302 1167 16187 10372 8268 14237 8712
15662 4552 820 11889 3171 2563 2598 16187 16187 16187 16187 16187 16187 16187 16187 16187
3171 2563 4931 2326 8569 16187 14272 5713 14776 4776 2365 10145 14776 4776 1597 12291
3171 2563 4931 6259 10770 12650 4776 2563 14237 2327 10036 16187 5332 16187 10602 2837
13616 5713 10217 2954 14776 2296 1750 6724 12008 14069 14691 223 1919 5463 16187 16187
594 8712 9084 9754 6856 12233 9178 4776 284 6683 10355 830 16187 9625 16187 2563
13616 8268 7740 15956 11530 6826 820 5208 5329 2823 9872 8726 4325 5867 8719 4149
7926 4311 926 14029 14734 926 14180 16156 3177 1983 16187 16187 16187 16187 16187 16187
8712 779 1954 11778 16187 4537 12127 2365 9534 8719 4776 1419 16187 789 926 4776
8712 503 4776 12968 3177 13441 2837 4776 10418 14237 13712 16187 13811 16187 926 16187
9956 14272 2598 16187 16187 16187 16187 16187 16187 16187 16187 16187 16187 16187 16187 16187
4856 8710 15389 5463 5208 2326 10373 11553 12766 7805 16187 5329 1229 4325 771 1378
594 8712 9084 9754 6856 12233 5627 2103 16187 16187 997 16187 2588 5288 12467 16041
3171 8710 4776 12337 12933 830 15358 14237 3112 2904 4537 6683 14031 1229 8569 16187
4776 4152 8710 5329 1229 630 6259 15375 16187 14043 926 16187 14180 4776 926 3177
4776 14596 8710 4776 9790 1955 8712 8710 2296 14029 4776 13829 308 16187 926 16187
14237 8798 14237 8798 7740 2326 4531 3171 10033 7508 13348 16187 16187 16187 16187 16187
3171 10033 8710 4642 6259 472 2451 8268 14237 6259 10355 1378 8712 8710 16187 926
3171 10033 8710 11953 8656 926 12545 11953 983 198 8719 6259 6375 16187 11382 16187
15881 926 926 12349 8719 8381 12531 1957 926 16187 16187 16187 16187 16187 16187 16187
4776 2601 926 3177 4776 15395 2187 8710 6259 926 10033 15658 8710 4776 1378 926
4776 2601 4927 926 926 4776 12965 14237 14068 643 8710 6259 15819 13348 16187 10033
12008 1955 4776 14596 8242 6011 10603 15525 15662 16187 16187 16187 16187 16187 16187 16187
4776 14596 8712 5867 5329 6363 16187 14180 8569 14237 11553 12766 10967 2148 512 15389
4776 4927 3177 8712 5867 4776 9339 8808 4931 4776 7542 16187 7740 11553 12233 2823
13474 16039 1885 954 6070 540 8268 14237 656 7742 1919 1885 926 16187 16187 16187
5889 16187 7708 6378 8268 7926 5867 5329 5329 1955 7742 16187 926 16187 14043 1093
8712 5867 1344 3398 8268 14237 11553 12233 1436 11889 5463 16187 12349 16187 16187 3059
1783 8710 2697 5314 11209 12459 8268 14069 5867 5329 8069 6259 1783 15433 16187 16187
10710 14596 5463 14069 9498 1348 16187 9591 16187 6071 2598 16187 14734 443 16187 7347
10710 1404 8710 14180 8712 13942 12233 2823 91 16187 14029 4776 2601 8268 14426 15846
7740 1951 15 11007 12233 14180 2263 9476 16187 16187 16187 16187 16187 16187 16187 16187
5297 8268 7740 1951 12233 1436 1919 3171 2563 16187 12650 820 11889 8712 16187 2024
9296 3432 1919 6011 2326 8268 3171 2563 8710 5329 5463 10355 14180 4776 9450 5629
13588 8712 13348 16187 16187 16187 16187 16187 16187 16187 16187 16187 16187 16187 16187 16187
594 8712 3847 9754 2326 5946 899 16187 926 8719 3171 2563 16187 2326 1222 16187
8712 8710 1213 6259 5217 15902 14596 5463 11301 10781 8710 9754 5463 10355 16187 9890
1229 8268 4624 14776 5328 8794 14237 5328 1138 926 5711 926 16187 16187 16187 16187
12008 8268 6646 16187 926 16187 1986 14237 6256 8268 1885 926 4552 16187 4949 16187
12008 8268 14237 4175 926 14029 4776 8139 7556 14251 14237 6259 926 16187 2563 16187
8712 12232 11553 12766 8270 8726 4325 6415 4776 3211 6348 4537 13824 6499 16187 16187
4776 10033 3847 9754 11490 4776 10474 8712 3364 11553 12766 4592 11953 6259 8081 926
3171 10033 12232 11553 12766 8270 8726 4325 6415 4776 3211 16187 4537 6259 15819 16187
8719 3511 8268 4537 9222 4776 10033 8710 6259 9497 2858 6259 8081 6659 16187 16187
1885 8808 8710 6070 4303 16187 8719 4776 954 16187 1208 16187 1583 16187 2167 12491
1885 8808 4931 6070 2176 8268 926 14237 8710 2326 15831 1955 10710 16187 16187 16187
3171 3061 2400 6280 8428 12233 8681 2858 15389 7310 16187 16187 16187 16187 16187 16187
2263 14596 8710 6259 6070 10355 9577 16187 8569 16187 15624 16187 15624 8268 8069 4701
3171 8710 2945 14635 3177 2122 2563 8268 6259 5948 3177 10770 16187 14237 14581 10355
13474 3644 9754 7401 15273 1885 15821 5599 4856 8719 6259 14861 9485 2563 16187 16187
15870 13023 5867 1378 9084 5329 13758 12233 6259 5176 14524 11222 8268 2056 2598 16187
10571 232 1023 3177 2753 14237 14766 13811 16187 6006 8268 8664 8268 14125 5095 16187
1157 6672 16187 16187 16187 16187 16187 16187 16187 16187 16187 16187 16187 16187 16187 16187
5936 5463 5867 6259 2563 11953 12102 13348 16187 15956 16187 6011 11889 8712 16187 14043
5936 5463 5627 9484 8268 7740 11553 12233 1436 5463 8710 10418 8268 14691 12495 16187
7742 8268 15978 4776 1754 3177 15597 15768 9498 3098 16187 16187 16187 16187 16187 16187
14237 5463 4931 1344 6259 15667 12233 2823 6188 15525 3177 6259 7151 4189 16187 16187
14237 5463 8710 8268 14069 8710 5329 13758 12233 2326 4537 4776 14596 14237 779 1954
2053 1245 8268 5463 5867 5329 4776 2563 5867 12732 16187 16187 16187 16187 16187 16187
4776 2285 10033 4931 3251 14029 6259 2067 8063 12234 16187 4776 2563 16187 926 926
4776 2285 13839 8710 6259 2563 15480 8268 14237 8712 8710 5148 12233 12650 16187 926
14237 14180 3177 3171 4240 1750 926 2837 926 13348 16187 16187 16187 16187 16187 16187
3171 14596 8710 4776 564 2563 16187 4776 926 13348 16187 4832 16187 926 6683 16187
3171 14596 8710 4772 8268 1405 8268 3335 8268 3335 8268 14237 6826 10418 8710 6535
8719 4776 926 8268 14069 14776 6826 16146 9332 13603 8985 8719 4776 8831 16187 16187
4776 1833 14237 4776 2221 8710 12489 14708 16187 16187 926 10033 3537 2543 4776 14207
4776 1833 8015 8710 10267 14237 684 9689 4776 14634 5867 564 5459 16187 4707 3177
14272 3298 3847 9754 15956 8710 8268 13386 8710 9754 926 1957 14180 16187 16187 16187
8712 2446 9113 6259 5948 3177 1823 12233 15740 5463 4776 926 926 16187 926 926
4776 13607 8268 1955 15174 8268 8710 7926 1019 2598 16187 16187 14734 11846 8268 3384
14180 3177 4776 12835 11553 15819 10638 16187 16187 16187 16187 16187 16187 16187 16187 16187
4776 14596 4931 7742 13663 14237 4776 12835 9498 9332 16187 926 8268 14237 8069 926
4776 14596 4931 1344 10355 14237 4776 10418 4931 10355 8268 14237 5329 8069 12606 16187
926 1853 1955 926 346 4931 6070 9313 16187 16187 16187 16187 16187 16187 16187 16187
926 3171 2563 4931 9754 2326 10355 16187 8719 3511 16187 926 8268 1229 7740 9429
926 3171 10033 2979 15525 3177 3171 10033 1919 4776 12835 2326 6259 12105 6550 4776
830 1597 1243 8268 10288 11553 771 6826 926 1133 16187 16187 16187 16187 16187 16187
12495 5463 5867 13341 5580 8569 8268 7740 15846 5329 10503 779 6259 10355 2563 16187
3511 5463 4931 6259 926 14237 8855 3177 14113 14237 13084 14826 16187 14180 926 2563
7740 5046 3364 5329 13317 8712 15525 16187 16187 16187 16187 16187 16187 16187 16187 16187
7740 3175 7740 15956 15662 7740 9429 3177 4776 1045 16187 1229 630 8270 8185 512
7740 3175 7740 15956 15662 12008 15662 14776 4624 5329 1515 12233 8712 13348 16187 2598
4776 9389 926 15525 3177 9070 13592 11401 3177 4776 13879 13348 16187 16187 16187 16187
4776 11401 4240 5437 8710 6259 13242 10314 830 9070 16187 385 14043 3127 14029 4776
4776 6161 15846 6683 6070 6140 13839 16187 12495 15096 16187 8502 16187 2204 14237 13501
15860 12232 5329 2552 1213 6259 3504 14029 6259 1552 137 926 5867 10560 16187 16187
2945 13077 8712 15525 13348 16187 11401 16187 5297 12650 16187 926 6011 12650 16187 5562
2945 1378 12478 1919 6259 2067 954 13474 8733 926 926 8268 926 16187 926 16187
8712 5867 9332 15978 8712 5867 1229 12561 10217 1713 16187 16187 16187 16187 16187 16187
4776 13607 4927 8268 899 8719 3171 2563 8268 12495 4853 14237 903 16187 10770 16187
4776 6664 8710 5286 3177 926 1955 4776 926 6161 16187 643 16187 6259 926 16187
15401 8268 6826 5820 9332 12894 16187 16187 16187 16187 16187 16187 16187 16187 16187 16187
4776 2563 8710 5329 7594 8268 8719 3511 8710 2263 6259 926 16187 14237 8855 16187
4776 2563 8710 6070 8268 6070 10355 8268 12495 6535 8569 16187 16187 2689 16187 12606
4776 12529 8230 8268 7090 8651 8712 14180 5022 14237 3927 6527 12233 4776 1816 16187
4776 4152 8268 6689 8268 4931 5332 14069 4931 6535 630 6259 5948 3177 6852 16187
4776 4152 10781 1019 14237 5329 12773 8710 2148 512 9872 16187 926 8719 926 16187
1543 4552 7740 8069 5522 2598 16187 16187 16187 16187 16187 16187 16187 16187 16187 16187
12008 14272 9084 5463 7448 12233 4552 1919 5329 11889 3171 8710 15597 926 16187 14426
12008 14272 4552 6011 2543 2598 16187 9015 8719 4776 2563 16187 5297 2598 16187 16187
4776 831 2894 8710 8268 926 8710 2856 16187 16187 16187 16187 16187 16187 16187 16187
4776 7949 4931 12495 11273 5463 4776 10033 4931 2326 5022 16187 926 16187 8719 6259
4776 7949 4931 12495 11273 5463 4776 10033 12495 630 2148 16187 512 1157 16187 8719
8710 12233 3211 16187 16187 16187 16187 16187 16187 16187 16187 16187 16187 16187 16187 16187
2263 14221 10967 13436 8268 12008 2263 5297 4032 9316 14029 12276 16058 983 6259 5777
2263 7664 12832 2627 771 9070 6979 971 14029 4776 948 10953 16187 10953 2128 91
203 926 3177 6259 8199 8710 5463 2598 16187 16187 16187 16187 16187 16187 16187 16187
4776 926 4931 6070 926 14237 7926 8710 6259 7594 13348 16187 15715 13348 16187 5200
4776 926 8710 8719 4776 4927 3177 1954 926 926 16187 926 926 12349 10471 2837
4776 2563 4931 2446 1954 926 12007 12233 4776 715 14125 8330 3177 4776 8858 16187
4776 6729 4931 4776 3511 5463 4776 14596 771 9070 16187 11889 15715 926 14043 10588
4776 3511 5463 3171 8710 6259 14467 14634 7518 14596 8712 8710 5463 6259 15174 9780
926 8268 9861 779 9754 16105 6259 3098 10033 6041 4776 926 16187 16187 16187 16187
926 926 926 926 926 926 16187 13060 16187 16187 14734 564 16187 2563 12767 16187
4776 926 926 4931 9813 926 14237 926 16187 3335 13348 16187 11118 12233 6259 3745
14237 2823 6259 6685 8268 8115 2598 16187 16187 16187 16187 16187 16187 16187 16187 16187
3171 4931 9754 4776 9790 16187 926 9070 16187 14237 3942 8710 16187 5580 4565 16187
3171 2563 8710 2945 8270 16187 4311 13348 16187 926 16187 13081 3177 6259 926 16187
4776 12334 3177 4776 12835 8710 6259 3398 10501 3177 4776 14596 16187 16187 16187 16187
4776 4927 4776 14596 8710 10770 16187 315 16187 14237 12606 16187 512 7740 12773 8710
4776 14596 8712 5867 8712 5867 10781 8710 9754 10355 8268 12008 8712 4931 2689 16187
7740 11553 12766 12233 11482 10203 14237 14272 8710 5372 8710 6070 6585 12233 4994 16187
7740 7164 12233 12650 3171 2563 16187 1110 13089 7740 1442 4776 2563 4931 4776 13178
7740 2945 12561 4531 3171 7740 7610 12233 2552 16187 13060 10418 16187 10418 16187 926
4776 2563 8710 5329 15624 1957 14180 8268 1957 13592 12291 16187 16187 16187 16187 16187
4776 14596 8710 2466 10399 12233 14192 8268 9745 9332 16187 7610 14237 16187 926 16187
4776 3511 5463 3171 8710 9754 5463 8712 4931 1515 12233 9605 6259 9450 16187 16187
1378 10293 7347 4609 10967 3171 13348 16187 16187 16187 16187 16187 16187 16187 16187 16187
4776 15174 574 8710 6259 5822 830 5463 10244 3177 8712 16187 16187 16187 16187 5580
4776 13811 8710 8608 1955 926 3847 14691 12233 8733 3171 10033 13592 8270 16187 9316
4776 15096 6801 4931 6259 6070 4231 14596 12008 771 6259 6070 8622 8521 16187 16187
4776 15064 8710 9754 8569 8268 8712 5867 10355 16187 5329 2296 11889 5463 16187 9442
4776 15064 8710 9754 8569 8268 12008 8712 5867 5329 1955 10355 1955 1597 2946 14776
926 926 8710 10716 11085 1955 4776 926 11046 12708 16187 16187 16187 16187 16187 16187
4776 926 926 8710 4776 9790 16187 4172 926 16187 926 1885 9577 16187 926 926
4776 926 926 13631 8719 4776 10033 16187 926 16187 926 8719 4776 926 16187 653
204 926 10967 13720 8404 12233 926 16187 16187 16187 16187 16187 16187 16187 16187 16187
4776 926 926 926 14776 4776 13501 10299 8719 5328 3177 1138 926 5711 16187 10299
4776 16003 926 8610 3765 926 5232 14237 13345 926 12233 8537 1885 12224 16187 2446
4776 12835 14776 661 14237 5627 2780 16187 16187 16187 16187 16187 16187 16187 16187 16187
4776 10566 11536 8268 13783 8719 6215 16187 8185 8710 4776 1138 926 5711 9290 16187
4776 4152 3177 3171 13783 16187 8710 926 13022 12233 4776 10566 3177 4776 926 16187
7028 5969 8710 4776 3177 2176 14237 7740 9009 830 1885 10967 4776 9605 7001 16187
4776 16146 3098 297 3177 926 926 8268 14237 926 926 8710 8439 16187 954 16187
1885 8081 5459 8710 1941 16187 4776 7970 16187 926 1957 4776 1583 16187 16187 2599
8726 5568 4325 926 12958 15408 3177 4537 926 8712 16187 16187 16187 16187 16187 16187
8712 5867 4537 5329 4032 5937 983 8268 12008 2823 1954 2148 926 16187 385 12349
8712 5867 4537 10567 8268 14237 2148 512 7740 3644 9754 2823 6070 8268 14426 16187
13084 8438 14272 926 6253 12233 4552 8268 7926 5208 5329 926 14734 926 16187 16187
4776 10033 3847 9754 2326 5946 14237 3847 9754 2326 9605 13592 8270 1955 8712 16187
4776 10033 3847 9754 11490 4776 10474 8712 3364 9884 8093 5138 6259 929 14029 6259
11719 16187 16187 16187 16187 16187 16187 16187 16187 16187 16187 16187 16187 16187 16187 16187
817 828 3818 7981 14069 8710 6259 6140 6390 12999 8719 14138 13280 16187 926 16187
13587 926 2588 926 14237 5431 12233 12650 4776 2563 16187 4311 7740 12431 6259 10894
3171 2563 3847 5463 1344 7742 13348 16187 16187 16187 16187 16187 16187 16187 16187 16187
8712 4175 6259 5296 13103 14237 5713 15180 8268 9085 16187 10571 9625 16187 7215 16187
8712 4931 6535 630 6259 10355 14596 1229 16187 14237 8712 5867 6070 2689 5225 5463
1957 13592 15063 8268 1919 13592 2603 8268 13084 8438 203 2067 4776 5095 8710 16187
6826 3177 4776 2148 9424 7740 11553 7740 8466 3171 8258 4776 9715 5086 8268 4776
6826 3177 4776 1246 1919 5537 15814 16187 6535 630 7945 2563 5463 926 16187 2563
8712 15846 13099 5022 6826 3177 4776 13250 703 5463 9084 9754 8733 13592 2191 16187
4776 14596 8710 2466 10399 12233 14192 8268 8712 8710 5329 8069 1955 630 1955 4776
4776 14596 8710 2466 10399 12233 14192 8268 12008 8712 8710 9332 16187 4537 3364 9754
3147 6246 14816 3701 926 12562 16187 16187 16187 16187 16187 16187 16187 16187 16187 16187
10217 9813 9780 6867 14237 983 16187 1133 16187 2148 9643 13348 16187 4990 13348 16187
10217 15358 14776 10108 14029 926 14237 926 16187 926 16187 926 16187 12767 16187 5568
7740 5272 5807 5463 926 926 4931 4776 10566 6987 10033 3177 2263 11401 16187 16187
6259 2563 11953 4776 11265 2765 8185 8268 4776 7310 284 9498 3098 16187 10983 16187
14029 4776 2601 8268 7568 6259 3108 14237 9605 6705 12233 2823 9106 830 3171 2563
9238 2598 16187 16187 16187 16187 16187 16187 16187 16187 16187 16187 16187 16187 16187 16187
2945 1378 3177 4776 564 4756 3177 3171 3531 8268 12008 5329 5329 8268 4931 6403
2945 13077 3171 1378 14029 4776 11637 3177 6259 2176 5480 2563 16187 10272 12233 9605
7926 8710 4776 7970 4240 14180 16187 16187 16187 16187 16187 16187 16187 16187 16187 16187
4776 6664 8710 6259 15174 517 926 9385 16187 6259 11401 8268 12576 14237 1885 8808
4776 6664 8710 6259 10894 12495 10913 16187 5568 14734 16058 2053 12507 3994 8710 926
13084 4820 8268 13084 8955 926 14691 2148 10967 14745 512 1378 10355 4924 3384 16187
8712 4931 6391 3098 8974 16187 8974 1583 16187 16187 6161 16187 926 926 16187 12105
8712 4931 6391 3098 16187 8974 16187 926 16187 10372 2167 5777 1622 16187 926 16187
11652 13923 926 5867 13726 1919 9422 14237 14734 11198 12233 926 6689 12915 9766 16187
1885 8081 5459 8710 1941 16187 1919 4776 5286 926 16187 926 1919 926 7151 16187
1885 643 3766 8710 15389 6672 8719 8712 14043 14030 16187 12209 8719 4776 12298 16187
4776 6006 4931 10302 14237 7556 10719 16187 16187 16187 16187 16187 16187 16187 16187 16187
4776 6664 8710 5286 3177 926 8808 10801 16187 11889 5820 16187 5820 16187 4707 16187
4776 4152 8710 4776 10566 2176 7740 11553 8466 5463 9332 16187 9316 5568 4776 2563
8712 5867 14952 8268 6152 14237 7742 4103 16187 16187 16187 16187 16187 16187 16187 16187
4776 9424 8710 10355 8268 14237 6826 9449 7001 15525 5463 16187 926 16187 11899 2837
4776 9424 8710 13474 8710 4776 10566 5453 14237 4776 926 3177 4776 926 16187 9431
6011 4537 3644 9754 1453 1945 4832 13129 8069 1955 8712 8710 9754 6259 3211 16187
9296 5463 15846 12805 16187 12650 4776 9790 4927 16187 13876 16187 3356 5463 5937 16146
2263 5329 3044 16187 3968 13348 16187 13348 16187 15202 10036 16187 15202 16187 14237 15096
15597 8710 13084 7905 9088 12233 15597 12224 8268 12008 12233 15597 8760 16187 16187 16187
4776 4152 8710 8423 2002 16187 14237 4931 2326 3335 14237 1378 3177 4776 5777 12233
4776 4152 8710 8423 2002 16187 14237 4931 2326 3335 14237 6259 10033 16187 14029 4776
6173 12233 12263 4481 12233 3107 8459 16187 16187 16187 16187 16187 16187 16187 16187 16187
3171 4302 779 6259 5820 10358 926 16187 1750 2296 1750 6259 5947 2664 2563 16187
3171 2563 8710 6259 593 6521 7178 3177 6120 8268 2204 13587 16187 2097 8081 13607
9296 8712 5867 6259 2563 16105 830 15731 820 11046 7347 4609 13348 13348 16187 16187
5463 3511 8710 5463 3511 10394 12232 2823 1229 4941 14237 4311 14180 16187 7004 7148
8712 2945 9070 5463 559 16187 9316 8712 5332 6011 2552 8712 16187 6011 16187 13348
4776 8521 8710 11273 8258 4776 14596 8069 15881 7164 16187 16187 16187 16187 16187 16187
4776 5463 10709 8710 5463 926 2598 16187 16187 9715 926 8268 1955 4776 926 8710
4776 4152 8710 9754 1883 8268 14237 8712 8710 1344 2997 16187 2563 16187 926 16187
14180 1885 10399 4189 926 12233 14691 15202 1885 7367 926 926 16187 16187 16187 16187
8712 7094 14029 4776 854 8268 14237 4311 11842 4776 4832 16187 13216 2903 13348 16187
4776 4927 3177 1148 8268 4537 11889 4776 8440 926 2563 5463 8268 14231 16187 4832
203 14029 12625 4552 8185 11889 3171 9605 16105 2598 16187 16187 16187 16187 16187 16187
3171 2563 4931 6259 5948 8270 512 14272 7740 4931 6391 16187 16187 4406 2563 5388
3171 2563 4931 6259 10894 1781 14237 7254 13348 16187 13348 16187 13922 9277 5367 16187
8069 10496 1613 5867 950 1233 8712 3748 540 16187 16187 16187 16187 16187 16187 16187
13089 13823 15881 8712 2858 2432 13089 7926 8710 8258 9222 3171 2563 8268 7740 9429
1998 16187 1430 3644 8467 3278 16187 8404 13280 16187 4832 16187 13501 8719 926 16187
926 11262 13474 926 1919 926 16187 16187 16187 16187 16187 16187 16187 16187 16187 16187
926 926 926 5867 10397 4931 1175 16187 14237 1919 2176 11646 16187 12835 16187 926
926 926 10915 7733 4776 9577 8719 926 14237 14734 926 16187 10501 3177 4776 926
926 8710 8719 14734 3235 1955 4776 8569 5095 16187 16187 16187 16187 16187 16187 16187
4776 4152 8710 8719 4776 9790 926 14237 2446 4776 2563 4931 926 926 16187 5388
4776 4152 8710 8719 4776 10033 10781 779 6259 10355 14596 2894 16187 15096 4924 4440
8922 12349 13348 16187 16187 16187 16187 16187 16187 16187 16187 16187 16187 16187 16187 16187
831 2894 13077 3171 2563 15525 8268 12008 13588 8258 6011 12003 16187 8719 4776 2563
831 2894 13077 3171 2563 15525 8268 12008 13588 8258 6011 12003 16187 8719 4776 5777
926 5086 12233 4776 926 9330 16187 16187 16187 16187 16187 16187 16187 16187 16187 16187
4776 926 4931 4927 8270 512 3171 926 14237 771 8719 10646 4152 3177 4776 5138
4776 926 926 1885 1955 4776 926 926 14005 4776 10033 1955 4776 10566 2684 714
13570 5463 8710 15662 10480 8710 1229 10646 8719 9743 11658 16187 16187 16187 16187 16187
8712 8710 6070 926 16187 16187 1138 926 5711 16187 926 13348 16187 13216 16187 2712
8712 8710 11546 16074 13663 14237 779 6259 5695 13839 16187 6987 8719 9534 16187 926
9296 7740 973 223 8268 12008 4776 1419 15846 8158 2904 16187 16187 16187 16187 16187
1957 14589 12276 10709 16187 3785 2858 13084 16187 7310 284 8081 13607 8710 1955 8466
1957 14589 12276 7981 9498 14069 12233 9737 9070 2903 4240 5463 1750 4776 763 10217
4776 6664 4931 8622 14237 4776 10836 5629 6356 926 9665 14237 15568 4931 3098 16187
4776 8712 4931 1344 10355 14237 4776 132 16187 16187 2296 12606 16187 8457 14237 6259
4776 15064 3177 8712 5867 4856 8268 10355 8268 8712 5867 5329 1955 10355 1955 8225
6173 16187 16187 16187 16187 16187 16187 16187 16187 16187 16187 16187 16187 16187 16187 16187
4776 9431 4931 6259 10355 2563 7740 11553 8093 8466 14112 11889 6259 12012 13348 16187
4776 2563 8710 6259 1507 6688 8710 11789 1955 7310 16187 16187 9925 1042 4776 10033
8712 503 4776 12968 3177 13441 2837 4776 10418 14237 4776 13811 16187 16187 16187 16187
4776 14596 8242 8719 8648 3304 1919 926 10315 11220 926 1430 12554 16187 3192 12135
4776 14596 8712 8710 12154 1919 926 8268 5867 3177 4776 10033 8710 926 16187 8069
15302 6423 13592 2563 7740 9884 8466 3171 5365 16187 16187 16187 16187 16187 16187 16187
12495 8569 5463 12232 9754 11553 12766 10471 8270 16187 14219 16187 4537 3644 7001 14029
12495 8569 5463 12232 9754 11553 12766 10471 8270 16187 14219 16187 4537 3644 9754 10503
5463 8710 1805 10862 1919 1378 14029 1378 14602 1919 4776 10033 15271 16187 16187 16187
2263 14596 8710 6259 6070 14030 14237 14029 4776 12489 3177 2263 983 16187 9506 13348
2263 14596 8710 6259 6070 10825 7018 2563 16187 13811 14237 6115 8710 12820 16187 8081
7740 968 13616 11889 12233 15956 1543 12233 9605 6259 10305 11889 5463 8268 12576 16187
15438 7740 3644 9754 6276 12008 2526 1957 4776 12298 16187 1229 14221 2148 12690 512
1893 2563 8268 7740 973 5297 4142 14889 4776 14412 16187 8185 7740 11553 8466 16187
1229 14776 4776 1110 11625 5629 926 14237 926 16187 16187 16187 16187 16187 16187 16187
3171 2563 4931 10355 8268 14237 5329 12233 11393 203 8712 4931 630 2148 16187 4311
3171 2563 8710 1781 8268 630 8270 512 6569 582 14237 12958 16187 8710 16187 1621
5498 145 6259 6070 13129 12709 12233 1866 16187 16187 16187 16187 16187 16187 16187 16187
3865 10899 4776 10501 3177 4776 10033 8268 4776 13811 8710 2148 14812 16187 16187 12273
3865 10509 2053 4628 9754 15956 7401 8268 12008 4325 5867 5463 926 2598 16187 9059
7926 4089 6905 1955 6259 3098 2353 1919 3171 10033 1093 16187 16187 16187 16187 16187
8712 8710 11546 16074 13663 14237 779 6259 5695 13839 16187 6987 16187 9534 16187 2446
8712 8710 11546 16074 13663 14237 779 6259 5695 13839 16187 6987 8719 9534 16187 926
4776 4152 8268 6689 5329 8569 8268 8710 6535 11063 2780 16187 16187 16187 16187 16187
4776 4152 91 8268 6689 5329 8569 8268 12008 4537 4931 9754 13592 2148 7742 926
4776 4152 91 6664 8710 9754 4949 16187 1957 564 14426 14069 8710 2326 9332 16187
6173 16187 16187 16187 16187 16187 16187 16187 16187 16187 16187 16187 16187 16187 16187 16187
4776 9431 4931 6259 10355 2563 7740 11553 8093 8466 14112 11889 6259 12012 13348 16187
4776 2563 8710 6259 1507 6688 8710 11789 1955 7310 16187 16187 9925 1042 4776 10033
926 8710 630 6635 7661 1957 14734 4189 13501 14237 4776 2616 7926 926 926 16187
4776 4152 8710 6070 2002 16187 16187 6297 16187 899 8521 16187 8093 2326 16187 6500
4776 4152 8710 6070 6140 14237 6070 12606 16187 16187 4219 1229 8710 4776 926 16187
11889 7740 8592 8258 8268 4776 10418 8710 1378 3177 4776 10033 5867 564 1777 16187
4776 10566 14902 6664 8710 4537 11953 4776 10418 16187 926 5463 10566 2997 16187 2563
4776 10566 14902 12007 8719 10054 13276 16187 12256 16187 16187 16187 8656 926 16187 13081
5274 7740 12650 6259 4964 2563 8268 12276 12362 14776 6070 3192 16187 16187 16187 16187
14919 9484 9296 7740 2326 11530 8712 8268 7740 2383 5463 8712 5867 6259 5820 9450
14919 9484 7740 11553 1959 3171 10033 8268 7740 11553 8093 8466 8258 7740 1442 8712
4776 13839 3847 1954 4546 15781 9706 4776 926 3177 4776 14599 16187 16187 16187 16187
4776 6664 8710 5286 3177 12 1439 5867 4927 3177 5807 16187 8081 15387 12515 11953
4776 15064 8710 9754 4776 132 8268 1229 8268 8712 5867 2987 8268 9563 8676 8268
14237 1229 7740 4931 223 16187 16187 16187 16187 16187 16187 16187 16187 16187 16187 16187
3171 2563 4931 12495 10399 12233 15956 203 4325 11031 5967 12233 10727 6259 10355 703
12008 3171 15471 13555 5711 4931 10941 4931 10913 5568 2148 512 1157 6672 16187 12349
4776 513 14220 8710 1344 10355 12495 16187 16187 16187 16187 16187 16187 16187 16187 16187
4776 14596 8710 2466 10399 12233 14192 8268 8712 16187 5332 16187 4311 16187 10154 16187
4776 14596 8710 2466 10399 12233 14192 8268 12495 16187 5580 6388 16187 16187 2097 3177
926 8710 9754 1955 3098 1955 11846 16187 16187 16187 16187 16187 16187 16187 16187 16187
8712 8710 6259 3098 10033 5463 7926 5208 9605 12233 11553 4776 926 3177 4776 13226
8712 8710 1344 16038 14029 3059 16187 10033 16187 7742 16187 1229 9450 3177 4776 9450
4325 14776 7367 14237 14272 4325 1436 13216 16187 16187 16187 16187 16187 16187 16187 16187
12008 8268 7740 4552 9754 11889 5463 4776 12835 14776 14029 4776 4286 6683 1957 926
12008 8268 7740 4552 9754 4624 10709 16187 13341 16187 1957 14589 4776 10033 8710 5329
7740 973 5329 1229 13616 7740 6635 4776 9534 3177 926 16187 16187 16187 16187 16187
15438 7740 3644 9754 8385 5937 12904 6259 9784 8268 10762 926 16187 6140 10978 16187
15438 7740 3644 9754 2520 12233 9070 16187 2263 983 1955 4325 3364 3553 16187 14043
12058 16066 8710 14734 5286 2689 2444 8719 3171 10033 16187 16187 16187 16187 16187 16187
9461 3177 3513 8268 3171 2563 779 12583 16187 8200 8268 14237 3575 9498 13532 6259
10677 6905 8719 3171 10033 4931 5462 3177 6259 10602 1378 14237 9442 9594 2563 16187
4776 2221 2837 926 926 8710 9264 15762 16187 16187 16187 16187 16187 16187 16187 16187
4776 5522 1919 926 14237 926 12209 5463 926 8710 4776 6365 3177 4776 926 16187
4776 5522 1919 926 14237 926 926 926 10160 16187 929 16187 8651 14734 1133 8719
8719 4776 10344 4159 8268 6941 926 4931 6259 6070 204 9089 16187 16187 16187 16187
4776 3511 5463 8712 926 1885 14443 3177 2689 8312 926 14237 4776 926 8710 14029
4776 10382 926 14237 16146 14217 926 16187 4949 926 16187 926 16187 4311 16187 4311
4776 10418 4931 10602 16187 16187 16187 16187 16187 16187 16187 16187 16187 16187 16187 16187
4776 2285 13839 8710 1954 191 15778 14237 4776 2563 16187 14180 5463 10762 16187 9506
4776 2285 13839 8710 1954 191 15778 14237 203 3177 1885 16187 12449 12233 9070 9640
6259 926 14453 13549 4312 6259 63 11836 926 16187 16187 16187 16187 16187 16187 16187
6259 10033 2097 3177 6259 926 926 14237 926 926 8268 8719 6826 3177 14734 926
6259 16138 188 12233 2823 6259 3192 5852 926 8268 3171 2563 8268 1435 13348 16187
2263 15624 14237 8440 14237 2591 6780 16187 16187 16187 16187 16187 16187 16187 16187 16187
4776 3942 8710 5463 5867 5329 6070 10355 16187 16187 9890 16187 10033 14043 2148 14043
4776 63 3177 8710 8974 13270 2563 8268 1955 6259 10710 14596 16187 16187 14237 9264
4776 3078 8710 16187 16187 16187 16187 16187 16187 16187 16187 16187 16187 16187 16187 16187
4776 15064 3177 14596 8710 9575 14237 6826 926 14237 8712 926 9070 4609 14237 8710
4776 15064 8710 2446 15624 14237 10006 16187 10399 16187 12233 14192 926 16187 9715 16187
703 7740 6124 10967 13627 12414 14776 9710 3177 14803 926 16187 16187 16187 16187 16187
13474 5867 2446 14180 5463 6816 14237 5568 779 6826 1842 16187 11331 5629 926 14237
13474 5867 14180 8268 6070 8268 3335 830 4776 10033 16187 13811 14237 8710 14069 8710
3034 16187 16187 16187 16187 16187 16187 16187 16187 16187 16187 16187 16187 16187 16187 16187
10887 240 91 2016 8557 8719 14734 9431 13422 10033 2493 14237 3579 4776 2563 16187
1483 14237 4277 5375 9277 7347 4776 4949 3211 10983 11912 14237 7607 16187 10762 16187
1110 3171 2563 8268 12232 8154 12233 2552 13348 16187 16187 16187 16187 16187 16187 16187
3171 2563 8710 2945 5329 2689 14237 9332 16187 8712 5867 14180 5463 7742 16187 6918
3171 2563 8710 2945 8270 512 4776 926 13348 16187 9431 16187 16187 5830 2563 16187
7740 11553 9754 771 1213 6259 10355 2563 1515 12805 8719 1344 6826 983 13348 16187
14919 9484 16187 4342 16187 5329 547 8719 4776 4152 16187 12495 630 16187 820 12233
14919 9484 13348 16187 6201 9070 10770 3177 16187 10770 16187 7310 284 16187 8439 14237
3171 10716 779 12233 2823 4776 564 13607 2563 8084 16105 13348 16187 16187 16187 16187
3171 14596 8710 1507 8268 14237 14180 11953 15041 12870 16187 16187 13348 16187 14745 16187
3171 14596 8710 1507 8268 14237 5329 1378 4537 1750 15048 16187 6070 6070 7742 16187
14272 8710 14180 4776 4745 11953 926 293 2598 16187 16187 16187 16187 16187 16187 16187
4776 15064 8710 10355 8268 3422 8268 14237 8712 5867 10355 8268 8712 8710 10336 14237
4776 15064 8710 10355 8268 3422 8268 14237 8712 5867 2148 512 84 16187 4421 926
8712 8710 6259 5916 2858 4776 11315 3177 14272 11921 12233 2904 1955 4624 9085 16187
4776 3511 5463 3171 2563 8710 5463 315 16187 9591 16187 7740 9429 11953 4776 2563
4776 3511 8710 5463 4776 10646 7949 16187 6259 10355 7724 16187 4949 16187 14678 926
14031 8796 5288 16187 16187 16187 16187 16187 16187 16187 16187 16187 16187 16187 16187 16187
12654 3177 5463 8268 7740 1951 5329 2599 5867 2552 4776 983 16187 2122 8268 12495
5297 8268 7740 1951 8017 16187 926 16187 926 926 16187 926 16187 926 16187 926
7740 2326 8197 926 12233 2265 12576 16187 16187 16187 16187 16187 16187 16187 16187 16187
3171 2563 8710 5329 8064 12233 7127 1019 926 5867 926 6173 16187 9465 16187 926
1442 3171 2563 4931 4776 315 16187 14237 7740 2308 14691 8081 12835 8719 3171 2563
926 3115 1955 4776 11322 2598 16187 16187 16187 16187 16187 16187 16187 16187 16187 16187
4776 6664 16187 926 14237 4537 926 8712 8710 5329 14734 8503 5711 16187 16139 926
4776 6664 16187 926 8268 4931 5329 5463 9332 16187 14180 4776 926 16187 926 16187
15408 8268 926 3847 9754 4552 630 12233 12954 6905 16187 16187 16187 16187 16187 16187
8712 5867 1229 9918 8268 2689 16187 14237 10355 2122 2563 8268 3112 8712 10150 16187
8712 5867 10841 8268 1321 8268 1557 8268 14237 8712 5867 3356 8268 12495 16187 8710
6011 11553 14269 6381 2858 15721 12958 11953 3171 10033 5463 3112 8712 4032 6689 16187
12495 8569 13852 9084 9754 3012 4776 14599 16187 926 2598 16187 4832 16187 16187 5646
12495 8569 5463 7345 11839 5064 771 15389 13129 12233 1436 16187 14950 15658 11553 16105
8796 16187 16187 16187 16187 16187 16187 16187 16187 16187 16187 16187 16187 16187 16187 16187
12495 7758 8268 12495 8569 8268 5329 5568 5967 12233 8554 16187 9043 16187 14808 8719
12495 8569 5463 7345 10669 6303 6011 16187 16187 8882 11889 11889 1110 16187 16187 9290
2599 5867 10259 8712 1919 926 8268 830 176 16187 16187 16187 16187 16187 16187 16187
12127 983 8712 5867 4776 2563 7740 11553 8466 830 5430 16187 4311 16187 5332 7740
630 779 12766 8592 11953 4776 2563 5463 4931 4776 926 7740 6166 2598 16187 10033
1957 14589 8268 5329 6713 16187 16187 16187 16187 16187 16187 16187 16187 16187 16187 16187
12008 12654 14180 4776 16068 5463 8712 5867 15871 15391 926 16187 14180 816 16187 14237
12008 12654 14180 4776 926 5463 1750 926 16187 9506 16187 14029 4776 1583 16187 16187
4776 4924 4310 4776 1597 9239 926 8710 2326 3098 8268 8712 5867 4537 16187 16187
4776 4152 8710 1229 6011 11553 9754 1883 8268 12008 8712 8710 1229 8569 16187 12467
4776 4152 91 8268 6689 926 14237 4931 926 2837 4776 14596 8268 14237 4776 3163
8712 10716 926 4776 7987 3177 5713 10217 820 16187 16187 16187 16187 16187 16187 16187
4776 3511 5463 926 4931 9813 3177 4776 926 1919 4776 4194 16187 13141 12233 11553
4776 14596 8712 8710 1344 2689 8719 8712 8268 14237 8712 4931 16187 8781 12233 8712
7740 926 1919 4776 10549 11826 5463 3171 8710 6259 12444 16187 16187 16187 16187 16187
9712 7365 8268 14237 4776 14596 10967 2148 926 14237 16146 5121 954 4776 926 16187
1711 4776 10033 8710 2326 10053 12233 12650 15525 4776 926 16187 13081 1957 6259 926
8726 7909 926 779 14412 8268 4325 14776 9817 8719 4776 10801 3177 4776 7438 16187
4776 13530 3177 4776 14589 926 4776 10033 5867 6259 8503 16187 16187 13081 8069 2148
4776 10298 3177 2382 5208 2823 926 6503 3748 1885 5200 16187 643 16187 926 16187
14030 16187 16187 16187 16187 16187 16187 16187 16187 16187 16187 16187 16187 16187 16187 16187
2984 14180 4776 7889 14237 12303 9577 2903 4931 4776 12489 14708 16187 14237 2296 547
2984 14180 816 8710 8268 7740 188 12233 2552 5296 2946 8268 1229 7740 5208 10603
12716 8268 3171 476 8383 13057 8268 5831 3766 10967 4776 7991 6161 16187 16187 16187
4776 4152 91 8710 1344 10355 8268 14237 8712 5867 5329 14030 16187 5332 16187 449
4776 4152 91 6664 8710 12715 8268 132 14237 4776 10418 8719 4776 5820 3942 16187
7740 11530 4312 13348 13348 13348 16187 16187 16187 16187 16187 16187 16187 16187 16187 16187
4838 8268 3171 2563 16187 3942 1919 4776 10418 14237 10471 8268 7542 8268 7740 4552
6363 9484 5329 1229 10399 7740 9884 8466 3171 10033 16187 5365 8268 14237 7740 12892
12371 6272 13348 16187 16187 16187 16187 16187 16187 16187 16187 16187 16187 16187 16187 16187
630 2148 12495 4687 14029 13852 12233 3286 16187 191 5075 16187 926 13348 16187 13348
630 2148 12495 4687 12233 14192 3171 14029 4776 8588 16187 8268 14237 2148 3177 926
3962 12233 5463 8268 3171 8710 1175 16187 16187 16187 16187 16187 16187 16187 16187 16187
3171 8710 2945 14635 3177 2563 5463 5208 2823 1959 12349 14237 12349 10036 13348 16187
3171 2563 8710 5580 6259 8974 14237 7740 3644 9754 2599 4776 9450 14362 16187 1952
8712 5867 4776 564 176 3177 203 2689 3171 9290 2326 4931 16187 16187 16187 16187
4776 14596 8712 5867 1344 14221 2148 10913 926 512 8693 4776 10033 1955 1597 10217
4776 14596 8712 5867 1344 3398 16187 1383 8719 16146 1486 14237 6692 16187 926 16187
1229 1597 4835 919 14237 13084 12457 926 14029 4776 1525 13348 16187 16187 16187 16187
13341 13341 1390 13341 8710 4776 13341 7970 2563 8268 1229 14221 16187 16187 16187 1957
13341 13341 1390 1390 4931 15525 3177 9484 16187 8719 994 16187 9316 8712 16187 16187
7742 8268 5463 5867 5329 203 8712 4931 8592 8268 12008 4931 926 16187 16187 16187
12008 8712 5695 9577 14237 10566 12127 8808 779 4776 14596 3177 926 16187 6215 16187
12008 8712 5867 8719 2037 14029 4776 983 16187 9790 1955 8712 4931 2446 1229 9264
14069 5867 2326 5568 6826 6087 2439 91 14237 14069 16187 16187 16187 16187 16187 16187
8712 5867 1344 3398 16187 14237 2296 16187 6683 1957 16187 6918 16187 16187 9925 2329
8712 5867 1344 3398 16187 14237 8712 5867 5046 2148 512 6259 5947 2664 926 1378
14237 6259 6070 13893 3776 3177 12224 16187 16187 16187 16187 16187 16187 16187 16187 16187
3171 8157 3177 4856 8229 16187 3211 8268 8712 5867 4537 3112 4776 10418 2837 926
3171 8157 3177 4856 8710 6535 7269 5030 471 16187 6259 10355 16187 14237 9332 16187
1229 8726 5463 5867 5937 9424 4311 7001 830 8712 6011 14470 11889 3171 1378 16187
12008 5463 3644 9754 8537 8712 8569 3171 2563 16187 11553 12766 6259 9450 16187 16187
12008 5463 3644 9754 2823 816 16187 8268 12008 6011 16138 13637 16187 9288 16187 16187
4776 10355 12723 9431 2598 16187 16187 16187 16187 16187 16187 16187 16187 16187 16187 16187
4776 4152 8710 8423 2002 8268 6140 14237 4931 5463 1344 10355 16187 16187 954 16187
4776 2563 10781 8710 9754 8569 12008 1957 3171 3364 2823 16187 10571 15624 14237 1
926 9813 868 5119 91 14237 8712 5867 6797 16187 16187 16187 16187 16187 16187 16187
926 926 8710 6259 869 2844 14281 3177 1213 6259 15265 16187 14180 926 16187 2422
926 926 7949 4931 6259 10887 13908 8719 4404 4927 12495 16187 13436 16187 5332 16187
66 16187 16187 16187 16187 16187 16187 16187 16187 16187 16187 16187 16187 16187 16187 16187
187 6390 11382 13907 16041 14854 8710 5433 8268 15978 4776 9577 8710 3461 1839 16187
6259 1781 14237 8405 8521 12233 4776 10728 16187 16187 2563 16187 926 16187 926 16187
1378 9424 13141 12233 4404 7742 8268 7740 4531 4776 2563 16187 16187 16187 16187 16187
2263 716 11273 5463 5713 9288 9498 6552 14457 3177 11953 14237 1597 16187 12835 16187
2263 716 11273 5463 5713 9288 926 830 5463 5820 926 16187 599 8268 14237 5463
15408 8268 10838 5937 9831 14029 4776 2452 8174 14043 4776 564 10217 1243 16187 16187
12716 8268 8719 4776 12298 8268 10467 4009 1885 5602 16187 926 8268 926 14237 926
12716 8268 4776 10887 7345 4302 6377 11553 7723 4776 926 16187 926 14029 4776 8781
8656 2176 13926 9925 10418 1919 4776 6276 3177 11404 4931 1344 2997 16187 16187 16187
9790 8157 3177 4189 8719 3171 10033 8710 5329 12495 15096 16187 16187 16187 1957 6259
4776 10686 8710 6506 8268 7518 10358 926 16187 4562 16187 7742 16187 13904 14237 926
15152 16187 16187 16187 16187 16187 16187 16187 16187 16187 16187 16187 16187 16187 16187 16187
6259 2601 5948 3177 2002 16187 4537 12349 4776 12489 14237 6071 2563 12008 6259 12444
6259 10770 3211 3575 11889 6259 10355 11568 3177 2122 10033 16187 14029 4776 1583 16187
3171 9577 4931 2148 5493 14237 6070 643 11889 12233 4776 4194 16187 16187 16187 16187
3171 2563 8710 5329 8064 12233 7127 1019 14043 2148 2984 6259 926 13348 5711 12232
3171 2563 8710 5329 8064 9706 4628 9754 830 4776 954 16187 8719 4776 954 3177
7740 4931 2758 2837 926 8268 15978 7740 6297 6635 8712 16187 16187 16187 16187 16187
3511 8268 4776 10033 15452 8268 13129 5453 12233 926 8268 4311 4325 11553 8712 1919
3511 8268 3171 10033 8710 14691 2148 1329 16187 1450 16187 16187 16187 8440 14237 14272
10603 15525 5430 16187 16187 16187 16187 16187 16187 16187 16187 16187 16187 16187 16187 16187
13606 14029 2175 10818 14237 6065 3765 512 5476 12008 4311 10036 10516 9084 574 16187
6801 5656 12233 15956 14272 4624 12650 4598 14029 16187 11180 16187 926 14237 8712 5867
3758 10554 8268 3059 4229 1919 10799 1954 1873 7486 9743 1957 14589 16187 16187 16187
8063 6620 645 14029 1885 643 8268 12716 16187 5328 16187 926 16187 9059 16187 16187
14824 13103 14237 8712 5867 6381 15389 10918 4311 13907 6259 7151 16187 14125 14043 14734
13852 10669 808 9070 15662 7740 15771 3171 2563 2598 16187 16187 16187 16187 16187 16187
6173 16187 6535 630 10355 14237 12606 9450 10509 2563 8268 3171 10033 8710 7742 10471
6173 49 12233 3059 16187 3364 1229 2326 1919 8712 16187 16187 10812 16187 5200 16187
4776 14164 13216 2858 4776 4640 14237 8368 9319 11953 203 1885 643 4931 8270 16187
4776 63 2563 4931 10827 16187 13086 926 16187 16187 16187 8719 3192 16187 3192 16187
4776 4152 5867 14635 3177 1348 16187 926 16187 4927 16187 8069 2148 512 8719 11562
5329 5463 13510 8710 9754 1750 2444 10478 16187 16187 16187 16187 16187 16187 16187 16187
3171 14596 8710 1507 8268 14237 6297 11789 6259 2687 16187 16187 16187 954 16187 15041
4776 14596 8710 2466 10399 12233 14192 8268 12008 8712 8710 9332 16187 7724 8268 2466
12654 3171 8268 4776 6664 8710 7742 13218 14237 10401 16187 16187 16187 16187 16187 16187
2285 14596 8710 7100 8719 1378 8181 8268 830 1378 3177 4776 2563 16187 15335 1243
8712 8710 4776 6070 7367 926 3177 4776 4992 3177 12891 14237 1694 16187 926 16187
4776 13429 779 3818 6259 9525 926 830 13208 16187 16187 16187 16187 16187 16187 16187
8712 5867 91 16187 926 14237 8712 5867 10355 13348 16187 15525 16187 9442 5777 16187
4776 11253 10753 3007 9563 11151 16187 926 8719 4776 3078 16187 11789 3364 12495 16187
926 16187 16187 16187 16187 16187 16187 16187 16187 16187 16187 16187 16187 16187 16187 16187
4776 926 4931 1229 10710 14237 8712 8710 2326 2689 16187 9442 5030 5057 6527 16187
4776 10033 2326 8710 14272 7740 8152 4931 1138 8719 4776 926 16187 10033 16187 926
8712 15881 14635 3177 8440 1957 12291 8268 12008 7542 7740 8154 8712 16187 16187 16187
4776 14596 8710 12154 1919 4776 9128 3177 926 926 4152 4776 14599 12892 4776 2563
4776 15064 8710 14411 8268 3171 10033 8710 5329 12495 15096 16187 14029 4776 1583 16187
7740 2326 9429 5463 3171 4931 4776 564 2563 3177 926 16187 16187 16187 16187 16187
3171 2563 8710 2945 8270 512 10566 926 15846 11553 6011 10503 5463 8712 5332 16187
3171 2563 8710 2945 8270 16187 15819 8268 5463 14237 8093 2326 8710 4776 12835 16187
8726 7926 3847 9754 9605 13592 926 830 3171 2563 7740 15846 2823 2326 9528 16187
8712 4537 243 1515 14237 1515 14237 1515 137 8712 9063 14000 16187 14000 5463 10603
8712 4537 243 1515 14237 1515 14237 1515 137 8712 9063 14000 16187 14000 1957 4776
15043 5867 1105 8710 6259 4241 3011 9139 15658 8744 2858 6259 926 9290 16187 16187
10421 1621 2974 3171 8710 9754 6259 2689 2563 16187 1919 12276 8157 3177 10033 16187
10421 926 8710 2148 926 512 6259 8081 926 16187 926 926 16187 16187 926 16187
4421 10668 15881 6259 3984 12233 11178 14180 3177 14734 10418 906 16187 16187 16187 16187
11439 926 4312 2823 1954 11196 6492 12233 4776 9290 7926 926 6259 2598 16187 2598
8712 8710 11546 10810 13089 14286 2588 771 7740 2712 8712 4776 2563 7165 926 16187
7926 15452 10355 12495 16187 16187 16187 16187 16187 16187 16187 16187 16187 16187 16187 16187
8712 5867 9780 512 4776 13607 16187 414 16187 16058 16187 14029 12956 5867 2752 16187
8712 5867 9780 512 4776 13607 16187 1213 6259 10166 14536 15152 16187 9059 926 14237
6689 14069 5867 6826 9955 8712 8710 8093 1946 8268 926 14043 8187 16187 16187 16187
8712 5867 1955 14221 1955 3098 12008 1954 9332 574 15649 2326 8710 4776 8664 5736
8712 5867 1344 13250 12233 1436 5463 8712 5867 2945 1755 14237 7926 5867 10355 1919
4776 15939 8710 5329 11953 6328 14237 926 9594 820 16187 16187 16187 16187 16187 16187
4776 14596 10781 8710 6259 2689 8268 9563 830 3171 8157 2563 10033 8084 16187 12650
4776 6664 8710 2751 14237 6246 14237 3335 14237 8268 564 3177 14180 8268 926 16187
15174 5033 16187 16187 16187 16187 16187 16187 16187 16187 16187 16187 16187 16187 16187 16187
630 15649 8710 5329 2689 16187 12606 14237 8069 2148 9332 16187 14029 1583 16187 16187
15389 5463 8710 9450 14362 16187 16187 2296 6179 6011 14029 4776 4927 16187 643 16187
6442 3873 1885 12233 926 4776 926 9260 7926 13539 16187 16187 16187 16187 16187 16187
8712 5388 4776 4927 830 4776 1419 8268 8921 926 5952 14457 16187 7098 4856 16187
8712 608 1885 1955 13474 4931 8858 4776 3078 16187 16187 10566 3177 1110 1919 926
3171 8710 12276 63 13734 15978 2263 1229 8569 16187 16187 16187 16187 16187 16187 16187
3171 8710 12276 63 10709 8712 15881 9575 12495 12495 16187 8719 4776 10033 16187 2327
3171 8157 4856 8738 8268 12757 9070 8268 5463 1750 3177 4776 4302 1167 16187 3192
7926 9084 1954 11643 15781 8719 3171 960 16187 16187 16187 16187 16187 16187 16187 16187
4776 3942 8710 5463 8712 5867 15510 14237 15624 16187 11521 14237 7877 2689 14237 3356
8712 9113 6259 5948 3177 1823 12233 4776 4440 5463 12596 6259 9450 926 16187 10026
8719 12276 3109 5713 12835 14776 6826 3177 4776 564 8084 8466 16187 16187 16187 16187
4776 6729 4931 4776 3511 5463 4776 14596 4931 4776 926 16187 10272 12233 2823 13081
4776 4152 8710 4776 5286 15043 2563 5463 6259 926 1955 8712 8710 3356 16187 2689
8712 4931 2373 926 14029 4776 8102 12850 4932 1133 16187 16187 16187 16187 16187 16187
4776 3511 5463 8712 8710 1229 6013 1229 7740 5476 14734 14164 12233 12650 8712 16187
4776 3511 8710 1229 6013 2837 2263 2221 1957 926 16187 926 16187 16187 7188 16187
5359 8268 816 13348 16187 16187 16187 16187 16187 16187 16187 16187 16187 16187 16187 16187
12716 8268 7740 4552 15956 16187 15978 4325 14776 12495 1781 14237 8719 8712 16187 14180
12008 8268 7740 5297 4552 9754 2552 203 8712 12449 12233 2823 1919 16187 9442 14237
6280 51 8710 11789 926 14237 1819 5463 4845 9084 8712 16187 16187 16187 16187 16187
1834 8710 4776 9290 15658 13345 14237 926 6259 10894 630 2148 16187 512 8712 926
8712 8710 1213 6259 5217 15902 14596 5463 15846 7975 1919 6011 16187 9316 8719 5909
9642 926 14237 14058 926 2451 4776 10217 7981 8268 7777 14237 926 16187 16187 16187
926 926 926 926 12892 8712 4776 5095 13474 926 8710 15597 926 926 14237 926
926 926 926 926 12892 8712 4776 5095 13474 926 6826 926 4125 926 6173 8719
1229 2552 3171 2563 8268 8712 5867 3098 16187 16187 16187 16187 16187 16187 16187 16187
3171 2563 8710 2945 630 2148 512 7345 13348 13348 16187 3409 16187 9715 4931 1378
3171 2563 8710 2945 13129 8268 1229 630 8270 14237 11608 16187 14043 12650 4776 8521
8719 16146 13055 3177 926 10474 8268 830 9070 8268 8712 4931 2296 13032 16187 16187
4776 8808 3177 926 8710 4537 7594 16187 14237 4776 4152 16187 5329 926 16187 3554
8712 7156 5463 6070 8268 6201 16187 926 16187 2588 1442 3177 4776 13103 16187 926
820 8592 14069 9498 4152 2975 12008 4325 926 11789 12958 16187 16187 16187 16187 16187
8712 5867 2689 8268 4929 12835 8268 6767 8268 14237 10770 12233 903 16187 5121 12835
8712 5867 10841 8268 1321 8268 1557 8268 14237 7076 9563 4421 926 16187 16187 16187
14031 12276 12422 14272 14776 4624 1515 12233 4552 13348 2598 16187 16187 16187 16187 16187
2263 1893 10770 14237 8712 779 1378 3177 1378 3177 12276 14180 983 1860 4023 16187
2263 6259 3044 8630 983 5122 3177 6259 2563 5463 779 6259 5948 3177 20 16187
3171 8710 5329 1138 1781 3211 5711 8268 3171 8710 4537 9625 16187 16187 16187 16187
3171 14596 8710 1507 8268 14237 14180 12349 4776 7310 284 14237 10418 16187 926 16187
4776 14596 8710 4927 12495 1348 14237 926 7674 12233 14192 1955 4776 13103 4818 16187
14734 1133 14776 2148 512 8808 1106 8268 4325 14776 8719 6259 2191 9213 1106 16187
15624 8268 5064 16187 9736 16187 4707 16187 2614 16187 2167 12491 16187 4707 3177 4776
15624 8268 5064 16187 9736 3886 14397 14902 12007 8719 3171 1378 16187 8656 5414 16187
13000 4932 926 2769 14180 12349 4776 11482 16187 16187 16187 16187 16187 16187 16187 16187
6259 1592 3177 14634 15561 11369 2446 13942 14691 6692 16187 926 16187 7393 8630 4776
10217 15358 14776 10108 14029 926 14237 926 16187 5562 16187 8268 5329 6259 8344 16187
926 9084 4552 6259 13659 830 2904 16187 16187 16187 16187 16187 16187 16187 16187 16187
4776 926 926 4776 5524 3177 4776 10398 14237 10913 13815 4776 926 16187 16187 926
4776 10588 8710 6259 6070 10355 8268 14237 10770 12233 12650 16187 1952 926 14043 926
6173 16187 16187 16187 16187 16187 16187 16187 16187 16187 16187 16187 16187 16187 16187 16187
4776 9431 4931 6259 10355 2563 7740 11553 8093 8466 14112 11889 6259 12012 13348 16187
4776 2563 8710 6259 1507 6688 8710 11789 1955 7310 16187 16187 9925 1042 4776 10033
8069 12576 7740 4931 2459 3177 4776 4406 15939 1787 4776 2563 5388 16187 16187 16187
3511 8710 5463 4776 2563 5463 3112 8712 12669 1955 2541 16187 14237 4776 9290 15658
3511 5463 4776 2563 8710 2945 4032 15715 830 16146 2643 16187 4311 8712 6683 14691
4776 9955 8710 6535 5435 8268 11946 4776 2432 14776 7742 7413 14237 5906 16187 16187
4776 14596 8710 15609 8268 14237 854 12233 4776 10728 8719 3171 2563 16187 2221 16187
4776 14596 8710 15609 8268 14237 630 3177 4776 6664 9447 1755 16187 10710 16187 16187
4776 9736 15416 3177 14272 15846 5367 12233 14858 4931 5820 14237 2097 3177 2746 16187
4776 14596 4931 1344 4772 8268 8712 13942 8268 5463 5329 4537 9625 16187 9850 16187
4776 14596 5463 4772 2818 8710 1954 176 3177 6259 2563 5463 5867 9612 13238 3011
4240 14180 8268 4780 7076 6259 7367 926 926 14237 926 16187 16187 16187 16187 16187
4152 14827 1430 926 16187 5341 13348 16187 1329 16187 16187 16187 16187 16187 16187 14029
4152 12018 8712 5867 2429 926 4776 14596 16187 5119 16187 4776 14596 14237 8712 9447
3171 3543 9577 2903 14029 14734 983 926 16187 16187 16187 16187 16187 16187 16187 16187
3171 4169 8710 5329 8569 12008 8712 4931 9754 2326 2689 16187 10879 11953 8712 16187
3171 4931 6259 6070 9625 2563 8268 1919 1954 4194 16187 9424 16187 9666 630 16187
12008 3177 1245 7926 15046 16187 16187 16187 16187 16187 16187 16187 16187 16187 16187 16187
4776 14596 3177 7982 8268 6259 6013 14237 12249 8268 14180 5463 8710 15597 15761 2444
4776 14596 10781 8710 8719 926 5867 1787 16187 8185 14776 4776 7438 16187 926 926
5329 5568 4552 6011 14581 4776 9661 5867 926 8268 6011 3818 1127 16187 16187 16187
3171 3364 11553 12766 6259 5820 1138 11121 1264 5711 8726 5329 1229 1405 16187 15846
3171 5329 13592 2148 16187 512 7740 9884 1959 3171 2563 16187 2024 13348 16187 6201
1229 7926 12260 2823 6170 8268 7248 9107 6306 1919 926 16187 16187 16187 16187 16187
8712 4931 6259 926 2563 16187 926 13086 11553 6259 14113 8268 12008 8712 8710 8712
8712 5867 6259 594 5463 3171 10033 8710 5329 2148 14918 14362 16187 16187 512 5463
4776 5033 7740 2383 8710 10355 9591 12008 4776 14596 16187 16187 16187 16187 16187 16187
4776 15064 8710 10355 8268 6070 2997 14237 8712 9447 9625 16187 2903 8268 14237 8069
4776 15064 8710 10355 14237 8712 8710 10915 6070 10602 10716 779 6259 11901 653 9605
8858 9290 5867 2748 926 2903 5431 1543 4776 9431 926 8781 3748 16187 16187 16187
6259 10033 5867 6259 926 12233 6407 15525 16187 3059 2563 16187 926 16187 1957 4776
6259 14230 3177 4776 8339 926 3644 9754 2823 10571 6535 10355 8719 15597 983 16187
7001 926 13348 13348 13348 16187 16187 16187 16187 16187 16187 16187 16187 16187 16187 16187
5952 926 8710 14221 2148 7006 1957 6259 10894 12115 10217 2103 16187 16187 7367 16187
5952 926 8710 14221 2148 7006 1957 6259 8862 5459 14237 4537 4776 3163 13348 16187
4776 8808 13216 10967 7369 12233 926 14029 4776 195 3177 6259 6728 16187 16187 16187
4776 4927 4776 14596 8710 4776 63 9296 8710 10710 16187 14237 5329 4032 15715 16187
4776 14596 3177 7982 8268 6259 6013 8268 6177 8268 6303 16187 926 16187 12349 4776
7740 5580 2665 3171 10033 8268 14237 4142 8154 8712 12233 10394 16187 16187 16187 16187
7542 8268 7740 4142 8154 1138 8871 5711 12233 10394 16187 14043 2563 16187 8569 16187
7542 8268 7740 4142 8154 1138 9745 830 9684 16187 16187 16187 14241 16187 6695 16187
7926 3112 8808 3177 11457 926 8206 16187 16187 16187 16187 16187 16187 16187 16187 16187
4776 12337 5036 14251 8710 5297 6259 14752 9618 10967 4776 15359 16187 2552 8712 16187
4776 11253 8710 6259 3098 926 8268 14237 15 11846 16187 6826 15819 5947 2664 9618
10242 3177 4776 12835 14776 2002 7596 11788 16187 16187 16187 16187 16187 16187 16187 16187
4776 2563 8710 2543 8719 4776 8726 6011 11031 4537 6259 10355 12495 16187 14237 9332
4776 2563 8710 2543 8719 4776 5365 926 14237 8710 6259 15174 6006 16187 6006 16187
926 926 8710 3098 1955 2296 14237 9084 1175 91 16187 16187 16187 16187 16187 16187
4776 926 12716 8268 926 779 9063 10957 1954 926 16187 926 16187 16187 926 16187
4776 926 14237 13176 8268 14043 6259 15174 9290 10967 8712 5867 926 16187 926 16187
926 8710 15848 16187 16187 16187 16187 16187 16187 16187 16187 16187 16187 16187 16187 16187
3171 10033 8710 4642 6259 472 2451 8268 14237 3847 9754 4552 8712 4393 6259 4660
3171 10033 8710 4642 6259 472 2451 8268 14237 3847 9754 4552 8712 4393 6259 3177
5463 11900 12495 16187 16187 16187 16187 16187 16187 16187 16187 16187 16187 16187 16187 16187
3171 2563 4931 6070 2689 16187 12606 8268 14237 8712 779 6259 6070 2997 14237 5947
3171 4931 1954 2122 14419 10033 14237 15846 8093 12431 5367 8268 12008 4776 8503 2598
926 8470 926 12233 14361 6585 12233 14745 16187 16187 16187 16187 16187 16187 16187 16187
549 8712 3364 789 2823 15439 8268 12008 5329 13587 14237 6259 5138 16187 926 16187
549 8712 8726 4325 11553 10710 15845 12008 8712 3847 16187 1344 11702 5463 16187 4924
4776 5145 926 14237 5332 4421 14827 7926 3644 9754 5174 1919 6905 13348 13348 16187
8712 8712 2326 13083 12233 2263 8213 12536 16187 16187 2689 16187 10272 16187 9264 9887
4776 11758 16187 11247 16187 15784 16187 10315 830 1243 16187 9431 13829 7347 12127 983
926 8712 12260 11553 12766 926 6173 16187 16187 16187 16187 16187 16187 16187 16187 16187
8712 2326 12431 926 2858 6905 1515 830 926 14237 926 8712 4931 6259 9139 16187
8712 2326 12431 926 2858 3938 5463 8712 8710 9754 4776 9450 10033 1955 8712 16187
6011 5208 5329 8733 6259 2563 13280 13907 1382 15389 3748 13348 16187 16187 16187 16187
14069 14776 6826 3098 14465 12233 3171 476 16187 9813 926 1919 4776 15806 16187 16187
14069 8710 9754 630 11198 8719 3171 2563 5463 7740 3950 16187 8719 6259 14255 12028
12782 8712 8726 6011 5208 16187 16187 16187 16187 16187 16187 16187 16187 16187 16187 16187
8712 5867 5329 1955 15884 12233 14192 1955 8712 9277 11553 12766 926 16187 4240 926
8712 5867 5329 13616 14272 14069 8710 5463 1919 5713 12835 8268 1229 8710 4776 9790
5208 6011 10503 1378 443 5208 5138 5937 643 2598 16187 16187 16187 16187 16187 16187
8712 5867 5329 5967 12233 12170 4776 3511 5463 8712 5867 6259 9450 10894 9449 16187
5329 8726 5937 13758 1019 6011 6173 9754 6011 7001 12650 3171 2563 12008 12757 9070
14237 4918 14180 5463 8268 3171 8710 3553 16187 16187 16187 16187 16187 16187 16187 16187
3171 2563 8710 2176 8719 5463 8712 5867 2326 405 16187 2002 16187 11789 12127 926
3171 10033 8710 6070 8268 6070 10355 9577 8710 1955 7742 16187 10033 16187 9442 8268
7740 1951 14364 7740 1442 8712 16187 16187 16187 16187 16187 16187 16187 16187 16187 16187
4838 5463 3171 2563 4931 2326 10399 12233 15956 203 12233 8733 830 926 3177 926
4838 15978 7740 4552 9754 11553 630 8270 16187 9316 8712 12654 4776 3278 16187 10033
