7740 4552 9754 5099 11169 8712 6259 3984 16187 16187 16187 16187 16187 16187 16187 16187
4776 2563 4931 6259 3192 5033 3211 1919 6259 5948 3177 11901 3727 13701 16187 100
4776 2563 4931 6259 3192 10709 2598 16187 5332 16187 5208 11553 12766 8270 16187 512
4325 2251 9070 3177 4776 7612 3177 7981 8719 1138 12052 5365 817 13535 5711 16187
4776 9431 10033 8719 4776 308 4931 6281 5022 2837 4172 926 16187 4311 2837 9770
4776 9431 2563 8084 16105 4776 9339 12835 926 16187 926 16187 8069 6253 12233 926
14467 1083 2102 926 4537 1955 7393 1955 4776 1754 3177 4776 2946 4552 4889 16187
4776 10566 6855 8808 4931 4776 6499 16187 2296 6259 8858 10299 1750 817 16187 6071
4776 10566 6855 8808 4931 4776 1175 6683 3177 4776 10033 16187 7740 9884 2446 684
14272 3847 5463 11553 12233 4552 1919 8093 8456 16187 16187 16187 16187 16187 16187 16187
8712 5867 1229 10355 5463 7740 188 12233 8537 5463 10355 15720 16187 9288 16187 1229
8712 3511 5463 3644 9754 2823 12495 10399 12233 14192 16187 926 14237 8069 1378 3177
8712 12514 14691 12008 7345 926 14029 4776 14294 5758 164 926 1726 6901 16187 16187
4776 3511 5463 8712 8710 1872 16187 4302 16187 8162 3575 16187 10114 12911 16187 16187
4776 3511 8712 8710 8268 8712 926 9070 8268 14237 8712 3847 9754 11553 8712 16187
1229 6070 9780 16187 16187 16187 16187 16187 16187 16187 16187 16187 16187 16187 16187 16187
12008 3171 2563 4931 6070 8268 6070 10355 16187 16187 12495 9442 5030 471 16187 9442
12008 3171 2563 4931 6070 8268 6070 10355 16187 1229 12105 12345 16187 926 16187 9442
15846 2066 10603 15525 7831 8710 1909 9290 2598 16187 16187 16187 16187 16187 16187 16187
8710 6259 15174 1146 7652 14237 5463 5867 1885 3163 16187 14180 4776 2563 5867 4776
6259 9349 8710 838 13089 7926 3847 9754 11553 6259 926 8268 816 2598 16187 16187
12008 8712 5867 5297 6259 1435 11720 10967 8948 16187 16187 16187 16187 16187 16187 16187
8712 5867 91 8712 8710 9754 4776 10033 5463 8093 2326 11921 16187 16187 8081 13182
8712 5084 6259 1787 5463 4931 1954 15691 9684 16187 5084 16187 13663 1019 1229 11022
15658 12232 12650 5463 15677 6890 2598 16187 16187 16187 16187 16187 16187 16187 16187 16187
2309 8719 2263 11401 16187 5297 5329 3356 16187 9442 6152 14237 6006 16187 11839 16187
14272 5329 1229 630 8270 16187 6011 9884 1959 16187 63 5365 16187 13348 16187 2974
12654 14734 3278 12233 8569 12601 8268 13023 5867 1133 11553 2296 9106 9070 16187 16187
4949 5463 14069 5867 5329 8569 16187 10913 8268 12008 8712 6245 12233 11553 12233 11146
12654 14734 3278 12233 8569 12601 8268 13023 5867 1133 11553 2296 9106 9070 16187 926
926 7740 11553 13084 926 1825 3177 3171 13795 16187 16187 16187 16187 16187 16187 16187
8712 3171 1435 16187 926 16187 1378 926 16187 1750 6259 11007 14596 1955 1954 9332
8712 3171 10033 8710 6259 8270 512 7740 12773 9591 12233 9429 7740 11553 6259 5948
1954 15520 15211 3211 14426 16187 16187 16187 16187 16187 16187 16187 16187 16187 16187 16187
6259 2601 5948 3177 6259 8974 14237 3356 643 16187 14029 4776 9442 5804 16187 12805
6259 2601 5948 3177 15174 2563 16187 11063 2780 16187 6388 16187 9386 13896 13549 5463
7740 11553 5568 1378 4183 14902 13348 16187 16187 16187 16187 16187 16187 16187 16187 16187
9296 3171 2563 4931 2945 12650 820 13348 16187 4776 5332 6011 4628 9754 2823 16187
9296 2984 6259 9780 2353 5463 4776 9431 4931 6259 8569 10033 16187 9004 11889 926
926 14237 926 5867 3098 132 8710 4776 7121 3177 3171 15827 2563 16187 16187 16187
4776 3511 5463 3171 8710 2466 8712 15978 8712 8710 9754 4776 8521 16187 9890 16187
4776 14596 8710 8712 926 14029 4776 1583 16187 12349 15389 8069 5463 926 9070 9429
4776 8808 3177 926 14237 926 7740 3364 2326 5407 3765 11953 16187 16187 16187 16187
4776 6664 8710 6259 63 10033 5463 15846 2823 2945 8158 9070 4776 14596 1955 1954
4776 15064 3177 4776 14596 10913 926 4931 6403 16187 512 5463 16187 926 12349 4832
12008 3171 8710 1954 1138 926 5711 10033 8268 14237 3171 8710 12233 2823 12773 16187
4776 6729 4931 4776 14596 3177 926 2903 8710 4776 3886 16187 14251 2296 16187 15096
4776 4152 8710 14411 12495 16187 7791 176 3177 2977 16187 16187 15142 926 16187 643
1229 7740 3644 9754 14263 3171 14596 6070 3192 16187 16187 16187 16187 16187 16187 16187
12008 5463 12232 2823 4776 564 8569 10033 7740 11553 8093 8466 16187 8270 512 4776
12008 5463 2563 4931 5627 2780 16187 5017 926 16187 1383 5463 7926 5867 6259 926
8712 926 13544 14237 8011 12835 5463 14776 1344 7742 10316 9563 830 3171 10983 16187
8712 926 7410 14237 926 8712 11921 16187 16187 9506 16187 926 10355 2563 16187 926
8712 926 14237 5641 8268 7949 8268 574 16187 5695 16187 9330 13640 16187 10299 14237
8712 5867 1781 8268 3422 8268 9342 13348 16187 16187 16187 16187 16187 16187 16187 16187
4776 14596 8710 4927 12495 1348 14237 926 7674 12233 14192 1955 4776 13103 4818 16187
4776 14596 8710 4927 12495 1348 14237 926 7674 12233 14192 1955 4776 13103 4818 16187
5463 3511 8710 14272 3112 3171 2563 6259 4949 8974 16187 16187 16187 16187 16187 16187
3511 5463 8710 6259 10355 7937 3177 7314 16187 13181 16187 7740 11553 8466 830 9574
3511 5463 8710 6259 10355 3701 8712 16187 2664 2563 16187 10272 12233 1597 16187 4473
14069 5867 6259 5948 3177 10761 11198 1957 4189 91 16187 16187 16187 16187 16187 16187
2263 14221 10967 4776 4267 2563 7740 9884 8084 8466 16187 8719 6259 15096 983 16187
2263 14457 8710 6259 15667 12233 8155 14237 13084 5200 2687 16187 5774 926 16187 9385
7926 4931 4537 10418 16187 16187 16187 16187 16187 16187 16187 16187 16187 16187 16187 16187
4776 14596 4931 10355 8268 12495 1597 15658 684 1885 926 4931 15525 3177 1954 1127
4776 6664 8710 2751 14237 6246 14237 3335 14237 8268 8710 6070 8268 6070 8268 6070
9563 8719 8185 16187 16187 16187 16187 16187 16187 16187 16187 16187 16187 16187 16187 16187
3171 2563 8710 14902 16187 8719 4776 2563 16187 14237 2326 8093 2148 16187 512 6011
3171 2563 8710 16105 8268 2684 16187 11022 14237 2608 2837 6259 10602 1378 16187 4949
10671 3177 1380 6071 14043 3774 926 3543 12149 4776 820 15658 16058 4776 1781 16187
3171 8710 6259 3098 2122 10033 512 6011 2552 4776 5189 8268 14237 1957 4776 983
3171 8710 6259 6423 4776 4440 1919 6259 16153 12233 4776 5777 926 16187 14237 15096
8069 8726 4487 6930 2148 14258 16187 16187 16187 16187 16187 16187 16187 16187 16187 16187
12467 8268 7740 11553 5074 15715 3171 2563 16187 6381 6011 14029 4776 14954 3177 5937
12467 8268 14272 5867 2148 512 5463 1957 8712 2598 16187 16187 5332 16187 4311 926
4776 10033 8710 3332 9575 14237 6381 5022 16187 16187 16187 16187 16187 16187 16187 16187
4776 15064 8710 10355 8268 3422 8268 14237 3335 3384 14029 1583 1955 6985 16187 929
4776 14596 8710 4927 12495 1348 14237 926 7674 12233 14192 1955 4776 13103 4818 16187
830 7345 8268 8712 4931 926 16187 16187 16187 16187 16187 16187 16187 16187 16187 16187
3511 5463 2563 3847 8712 5046 3543 2823 5713 8268 9790 8268 7147 8712 16187 5388
3511 8710 5463 4776 2563 12232 7740 11553 6259 15335 926 8268 12008 8712 4931 477
8268 12008 926 3847 9754 3238 1213 926 9216 16187 16187 16187 16187 16187 16187 16187
4776 8268 8069 926 16041 15211 13348 16187 6215 16187 5580 8882 3249 14029 4776 15806
4776 8268 6011 926 8268 3511 8712 5867 1781 14237 4856 8719 8712 8710 12606 16187
3222 14734 6161 8223 12233 13529 14373 8268 14734 12660 9059 8093 12341 14745 16187 16187
9780 1919 13176 8268 14237 9277 4552 6259 9450 15781 16187 16187 16187 12767 16187 926
13783 16187 14596 8710 4537 5329 12495 8855 16187 16187 16187 3575 11889 8712 5867 830
4776 926 926 2979 10918 14237 4015 4776 11401 8270 512 13594 16187 16187 16187 16187
4776 5522 1919 926 14237 4776 4792 5867 4776 3163 5867 9666 4776 1138 653 5711
4776 1833 8015 9447 4776 2221 8710 4098 6259 13565 8719 4776 10033 16187 9770 10501
3171 2563 8710 4537 5329 2689 16187 16187 16187 16187 16187 16187 16187 16187 16187 16187
3171 2563 8710 5568 10355 10671 16187 926 16187 6500 3177 3171 1378 830 4312 16187
3171 2563 8710 2945 14635 3177 14125 16187 6407 16187 9484 16187 2563 8268 14237 8069
4776 2588 926 5463 7549 8710 926 16187 16187 16187 16187 16187 16187 16187 16187 16187
4776 2601 5777 4931 10953 14237 12892 6259 9094 3177 926 926 16187 7612 9431 16187
4776 2601 2563 12576 8710 5329 6259 8344 3177 6259 8862 5459 16187 16187 9715 16187
15662 4628 9754 3460 926 12276 9831 830 3171 16155 2598 16187 16187 16187 16187 16187
3171 2563 8710 1229 8569 13348 16187 8081 8620 14237 684 926 926 4931 1954 950
3171 2563 4931 6259 6070 3098 9577 8710 8268 14237 8069 6259 9490 1378 13348 16187
8712 779 6826 3098 6499 16187 16187 16187 16187 16187 16187 16187 16187 16187 16187 16187
4776 4152 91 8710 9754 8569 14237 10913 8268 12008 5329 16187 630 9890 16187 9925
4776 6664 8710 5329 5568 12209 8063 12234 16187 16187 2563 16187 7970 16187 4707 7926
13178 8268 926 2598 16187 16187 16187 16187 16187 16187 16187 16187 16187 16187 16187 16187
4776 926 8268 4776 926 4931 6259 3699 10355 10033 8268 7926 16105 16187 582 7001
4776 926 8268 4776 2285 14596 8710 5329 4776 564 16187 7740 9884 13758 16187 16187
14029 12233 4776 3137 476 13348 16187 16187 16187 16187 16187 16187 16187 16187 16187 16187
4776 2563 8710 2543 8719 4776 5365 926 16187 16187 12349 4776 12489 16187 2563 16187
4776 2563 8710 2543 6259 10894 16113 6259 4019 16187 7499 1243 16187 14237 1885 1885
8712 5867 16150 7742 9575 16187 16187 16187 16187 16187 16187 16187 16187 16187 16187 16187
4776 6664 8710 6070 2805 16187 6071 16187 5200 16187 1957 15096 16187 14426 6745 618
4776 6664 8710 6070 10355 16187 14237 8712 5867 14272 7926 8710 16105 830 4776 2191
4537 14518 4776 2811 16187 16187 16187 16187 16187 16187 16187 16187 16187 16187 16187 16187
91 8710 4776 564 2563 5463 5208 5568 2823 8017 16187 16187 4927 16187 12311 2903
2263 5329 4032 630 3177 4776 4267 8185 7740 9884 8084 8466 16187 8719 12276 2285
12650 9743 5830 1383 4440 8268 4325 926 6259 12901 9143 4311 5918 16187 16187 16187
9063 6259 5820 15347 16105 6071 2563 8268 5463 14237 4537 7740 771 10355 15768 8719
9063 8268 6259 1866 2563 11947 3177 6259 2601 10033 1919 2263 14186 3177 820 16187
6918 13348 13348 13348 16187 16187 16187 16187 16187 16187 16187 16187 16187 16187 16187 16187
315 1138 8270 14247 6011 13348 5711 16187 6683 11889 4776 13811 16187 8710 16187 9780
315 1138 8270 11401 5711 8268 14043 1436 8712 8710 4537 6259 5580 2176 10033 16187
926 7812 1885 3991 16187 16187 16187 16187 16187 16187 16187 16187 16187 16187 16187 16187
8712 7156 5463 10288 2326 8268 10978 8268 14237 2326 10355 8719 4776 14596 16187 14237
926 926 2102 6811 1919 6259 2191 3177 12755 7377 14237 6259 8153 8839 16187 926
9485 14161 13758 5022 12233 3504 3748 8630 1954 4750 26 14237 5433 14166 16187 16187
7854 2257 3847 5329 11553 15180 16187 6856 8719 4776 9431 1378 8719 4776 9431 10244
6694 8710 7578 12260 2172 14043 4776 10217 1133 14237 4776 926 14776 5329 4624 2329
3171 8710 14272 926 4931 11889 4565 8268 2115 14237 14075 16187 16187 16187 16187 16187
4776 4152 8710 4776 5286 15043 8185 5463 1919 8794 11180 16187 926 14237 926 12233
3171 10033 8710 4642 6259 472 2451 8268 14237 3847 9754 4552 8712 4393 6259 6070
4776 8081 12714 3177 3171 5773 8710 582 926 12233 2823 10743 14237 15857 926 16187
4776 15064 3177 4776 5002 8710 8268 12364 14237 4776 10418 8710 13074 8268 14237 926
4776 15064 3177 4776 14596 8710 4776 5568 4776 10033 5208 5329 2823 2329 16187 8349
10114 8913 16187 16187 16187 16187 16187 16187 16187 16187 16187 16187 16187 16187 16187 16187
10887 240 91 2016 8557 8719 14734 9431 13422 10033 2493 14237 3579 4776 2563 16187
13592 6801 5367 14237 5989 8268 8815 4776 9831 16187 926 16187 10983 8268 926 14237
13474 6837 1954 16139 9534 16187 16187 16187 16187 16187 16187 16187 16187 16187 16187 16187
1885 8081 5459 8710 1941 16187 14237 14734 13811 8710 4776 10418 16187 5329 14069 16187
1885 8081 5459 8710 1941 16187 14237 7970 412 16187 16187 643 8268 16187 1952 926
8270 12233 6856 10967 4776 4364 13783 16187 16187 16187 16187 16187 16187 16187 16187 16187
6071 2563 4480 1213 1955 15141 14776 8719 1243 16187 5186 16187 14029 15096 16187 926
11577 6011 6297 11889 15715 3171 10033 8268 12149 13348 16187 13348 16187 4832 4624 16138
7740 11839 10566 3177 926 5867 216 14237 4776 15893 16187 16187 16187 16187 16187 16187
8719 3511 8268 10566 820 4552 5329 12650 9594 14237 13546 1133 16187 2823 3098 16187
10566 3177 4776 10566 14902 12007 8719 4776 9685 4931 4776 13178 16187 10501 3177 4776
14237 4624 2446 11553 4776 14311 6499 10967 926 926 14237 1430 926 16187 16187 16187
12008 8268 3299 14237 9784 926 4552 4776 10033 8710 6259 9497 12233 2823 1957 4776
12008 8268 3299 8710 5329 5372 8719 4776 12298 8268 8712 8710 14411 16187 5329 3356
3171 8710 1954 9332 476 16187 16187 16187 16187 16187 16187 16187 16187 16187 16187 16187
2263 5329 6259 1903 8949 8268 14043 8069 8719 5937 3504 16187 1552 15095 16187 564
2263 5329 6259 14596 5463 8710 9332 16187 5329 3098 4406 13908 14029 6259 10887 15806
4776 132 8710 14231 16187 16187 16187 16187 16187 16187 16187 16187 16187 16187 16187 16187
4776 15064 3177 3171 10033 4931 10915 8124 16187 16187 5375 926 16187 4832 8719 4776
4776 14596 8710 4927 12495 1348 14237 926 7674 12233 14192 1955 4776 13103 4818 16187
2326 6259 3098 14596 8268 14180 4776 2148 8213 15978 8712 5867 4949 16187 16187 16187
3171 10033 4931 926 926 16187 5562 16187 2563 16187 926 16187 1706 950 16187 4832
3171 10033 4931 926 1955 6259 3211 8268 12008 7740 2326 10866 8712 16187 630 2148
7740 2446 11553 12233 8197 10156 8116 830 11711 6259 3984 14029 15389 8081 16187 16187
4642 8268 4776 14596 8710 6259 10770 1453 14029 582 5967 12233 13317 15525 15358 16187
4642 8268 9784 926 16105 6259 1138 6390 2598 5711 16187 4537 12650 4776 2563 16187
830 4776 926 3177 10394 8268 4776 10033 3847 8229 12233 2823 2148 4311 5463 16187
4776 6729 4931 6070 926 5463 8710 6259 926 16187 14125 14241 4776 5095 16187 8185
4776 9404 14281 8710 6259 9616 8268 15291 3525 3211 3177 70 16187 304 3942 8710
3644 9754 9137 12233 2451 11663 1390 16187 16187 16187 16187 16187 16187 16187 16187 16187
4177 830 11655 16187 6499 16187 926 8268 15649 8710 6259 10602 1378 5095 1957 4776
4177 830 11655 8710 4776 564 14649 14237 15389 5463 5208 7347 8712 14180 4776 926
3171 8268 2837 2093 8268 6546 1955 630 10770 1955 6259 2043 16187 16187 16187 16187
4776 4152 8710 6070 2805 14237 4776 2946 2451 10571 7742 16187 9736 16187 16187 926
4776 4152 8710 6070 2805 14237 4776 2946 2451 10571 7742 16187 10399 12233 11382 8268
6173 16187 16187 16187 16187 16187 16187 16187 16187 16187 16187 16187 16187 16187 16187 16187
4776 9431 4931 6259 10355 2563 7740 11553 8093 8466 14112 11889 6259 12012 13348 16187
4776 2563 8710 6259 1507 6688 8710 11789 1955 7310 16187 16187 9925 1042 4776 10033
7001 4697 16187 16187 16187 16187 16187 16187 16187 16187 16187 16187 16187 16187 16187 16187
13592 983 3171 2563 3847 11553 6259 15335 10355 703 11953 1110 8712 16187 10011 16187
13592 983 3171 2563 3847 11553 6259 10355 15781 1919 6259 2326 10355 4152 8069 4240
14043 3543 4624 2598 16187 16187 16187 16187 16187 16187 16187 16187 16187 16187 16187 16187
12008 4552 9754 8069 10709 14029 4312 16187 703 8309 12008 4325 3364 1515 5022 16187
12008 5329 768 7485 8268 4399 8268 4687 13701 9890 16187 926 16187 8440 14237 8093
4776 2601 2563 12576 8710 11953 926 10315 4776 9867 14237 6070 4876 1957 5463 16187
4776 2601 2563 8710 6535 10355 12495 16187 830 6259 9442 5030 16187 10033 16187 11889
4776 2601 2563 8710 6535 10355 16187 11925 14237 11953 6259 10355 13839 16187 926 1378
8796 8268 8542 8268 9709 2326 5208 2823 926 2903 8719 5463 1378 2894 5033 16187
1998 16187 643 8268 12716 16187 12260 11553 12766 16105 10770 3177 14112 16187 4537 4032
1998 16187 1430 3644 8467 16187 4537 12008 12127 1378 9332 15335 1133 16187 10217 16187
9684 9850 4776 926 7949 16187 16187 16187 16187 16187 16187 16187 16187 16187 16187 16187
6259 2601 14596 12576 8712 13411 16187 1229 12307 13839 16187 926 16187 4832 16187 926
6259 4303 3177 14212 6259 9264 11453 926 16187 4927 16187 10763 16187 6253 2296 12766
10394 926 2832 12233 9605 2832 830 13084 6378 16187 16187 16187 16187 16187 16187 16187
1860 9113 6259 12868 2903 4421 926 16187 4927 8268 9790 4927 10324 14237 8712 16187
3171 11401 926 12232 11553 6635 4776 2563 8268 8712 5867 1954 9332 16187 16187 10770
14069 14776 13084 2746 8719 3171 2563 16187 16187 16187 16187 16187 16187 16187 16187 16187
3171 8710 1954 9332 5375 13640 476 12008 1919 16114 8719 4776 4152 16187 14350 16187
3171 8710 6826 10355 4406 13908 8268 14237 6259 926 1919 13084 12495 630 1515 830
7740 15956 5463 4776 12633 9498 15525 3177 7188 16187 16187 16187 16187 16187 16187 16187
12495 8569 14069 8268 3171 2563 8710 10501 5463 8710 203 12600 1433 2858 6259 926
1229 8268 10978 13348 13348 13348 16187 926 16187 13060 16187 4776 10033 3082 3994 7970
7740 16167 11889 5713 926 14210 16187 16187 16187 16187 16187 16187 16187 16187 16187 16187
7740 12561 4531 3171 7740 9429 6011 4552 9754 1955 7742 16187 2552 16187 4951 10967
7740 9429 8268 13907 14745 8268 10418 8268 1229 7740 6124 10967 4776 9534 3177 6259
14069 14776 10217 926 15408 3177 1378 11889 8719 7749 3888 16187 16187 16187 16187 16187
7926 8710 12256 8268 7926 8710 6259 10355 9534 16187 926 8268 9139 8268 14237 4931
8712 8710 12256 11720 14237 2085 926 16187 926 16187 1019 8719 1329 16187 2598 16187
10397 3847 1923 1378 2326 4100 5717 12233 12003 14675 6826 5796 983 16187 16187 16187
12127 8808 8710 1872 8719 1157 6672 3364 9754 11553 12766 926 16187 2563 16187 8781
5822 7310 284 2769 1919 569 3177 10211 7810 16187 1344 2997 16187 926 16187 16187
3699 9591 8268 5463 9534 8710 5329 1885 564 16187 16187 16187 16187 16187 16187 16187
4776 4152 8710 14397 12349 4776 12489 14237 926 926 3177 4776 14596 16187 2296 926
4776 4152 8710 14397 12349 4776 12489 14237 1229 7742 16187 7740 4931 2326 1411 7740
3171 10033 8710 5329 11953 4776 8521 13533 16187 16187 16187 16187 16187 16187 16187 16187
3171 14596 8710 1507 8268 14237 8093 9084 14900 16187 12507 2837 15520 1787 16187 13182
3171 2563 8710 6259 6070 1507 12008 15624 16187 4537 10418 8268 1229 12105 14237 4931
8712 4931 12606 8268 12008 7740 15846 5329 2823 9316 3171 10033 10036 16187 16187 16187
4776 4152 8710 6070 4142 10355 8268 6070 10355 8268 6070 2002 14237 11842 16187 11859
3171 2563 4931 2326 8569 16187 12606 8268 8719 2263 16058 816 16187 8719 4776 926
3171 9290 8268 12576 4846 1919 6259 12917 8268 15409 10324 1229 1597 926 16187 16187
4776 4152 8710 4776 5286 15043 2563 7661 926 1919 4776 8588 5629 926 14237 926
4776 10033 10781 8710 6259 14431 11264 16187 643 8719 4776 926 8719 4776 2563 16187
7742 4032 6259 12650 830 10372 3115 10671 14657 16187 16187 16187 16187 16187 16187 16187
2945 4032 9316 5463 14237 4776 926 15846 5329 8733 7594 10242 3177 4776 12835 16187
2945 13077 3171 10033 15978 779 1378 10918 14237 2148 3177 6985 16187 4537 8268 14029
4776 13427 2552 6011 14029 4776 2799 8719 926 8710 6724 10719 4776 15939 16187 16187
4776 4152 8710 14411 12495 16187 4837 4776 8521 14237 4776 1754 3177 4776 10418 8710
4776 63 5328 8710 8974 10191 1649 2122 8268 3098 4152 8268 14237 4776 13811 16187
14272 15090 9070 4776 10566 11953 1138 8858 13555 5711 4931 4776 2221 16187 16187 16187
4776 15071 4931 14029 4776 2285 926 16187 9813 656 830 4776 2588 16187 16187 4406
4776 15071 4931 14029 4776 926 14237 926 8268 899 16187 5137 12233 2823 6259 926
3098 6499 6276 8733 3171 10033 14272 8712 8710 16187 16187 16187 16187 16187 16187 16187
2285 14596 8710 4772 8268 13084 8268 5329 16187 14029 4805 16187 8719 15096 16187 8230
2285 14596 8710 4772 8268 1405 8268 3335 8268 10372 8268 14237 14734 926 14827 8808
14272 9498 4325 5807 2598 16187 16187 16187 16187 16187 16187 16187 16187 16187 16187 16187
4776 4152 4931 10355 8268 14237 684 12127 9450 16187 15387 16187 3748 16187 926 16187
4776 4152 4931 10355 8268 2689 14237 9332 16187 4776 10033 16187 12105 12345 16187 6259
2552 8712 13348 13348 13348 16187 16187 16187 16187 16187 16187 16187 16187 16187 16187 16187
3171 8710 4032 15715 6259 2563 13348 16187 14043 1954 8521 5463 1537 11889 6259 5548
3171 8710 6535 1507 14237 830 6259 5537 13839 16187 926 16187 1957 4832 16187 926
3171 4931 6259 926 12233 4776 926 10728 13348 16187 16187 16187 16187 16187 16187 16187
3171 4931 6259 6070 926 12233 12298 2563 16187 8710 6259 6535 10355 2563 16187 11382
4776 14596 8710 2466 6259 10894 12495 14221 10967 14734 512 1229 6011 16187 14581 8712
14069 5867 2046 9955 8268 4525 4971 14237 5200 4434 12233 9605 4776 60 926 16187
4776 15064 8719 14180 6826 8106 16187 4776 2563 16187 8106 16187 6297 16187 10471 16187
4776 9424 3177 1245 4776 14599 8268 5358 14237 13811 8268 14834 14237 16150 15291 4393
137 8268 5463 7310 6350 16187 16187 16187 16187 16187 16187 16187 16187 16187 16187 16187
3171 4931 9754 10501 3177 3171 2563 8268 7740 6635 5627 2103 8719 12276 13988 9455
3171 4931 10770 8268 14237 1957 8712 15881 926 12233 7568 8712 16187 8162 16187 8440
6712 5867 12431 6259 5948 3177 15217 14237 13474 9592 14237 13216 2858 11146 16187 16187
8712 5867 1378 3177 4776 564 6801 7740 11553 830 4776 4267 16187 7740 12133 1955
12127 9575 4776 10033 4931 2945 4032 15715 830 10671 3177 5722 14043 800 8185 16187
4776 9442 14237 4776 11339 8710 6259 6070 13181 2563 16187 16187 16187 16187 16187 16187
2285 14596 8710 6070 10355 16187 16187 10589 16187 512 5937 14808 16187 10272 16187 12349
4776 4152 8710 6070 2805 14237 4776 2946 2451 10571 7742 16187 10399 1955 7742 16187
2720 13311 8069 13348 16187 16187 16187 16187 16187 16187 16187 16187 16187 16187 16187 16187
13110 2563 5463 7740 5297 5208 11553 12766 8270 8268 4743 16187 5329 926 16187 16187
13110 4440 8268 14776 5329 1955 10355 1955 7742 16187 14237 15525 12008 7740 11553 8093
4552 5329 15956 7401 16187 16187 16187 16187 16187 16187 16187 16187 16187 16187 16187 16187
8569 5463 12232 9754 11553 12766 10471 8270 16187 14237 8712 5867 63 5329 830 8455
4552 9754 14518 12233 1186 8268 12008 7740 4552 9754 5407 830 4312 16187 8185 16187
14237 8268 5463 14407 203 4776 6915 14588 8710 16107 8268 14237 1344 5520 16187 16187
4776 4152 8710 5329 1229 630 5463 6011 11553 6259 5948 2148 14043 3765 16187 14029
3171 2563 8710 4772 8268 1405 8268 3335 8268 3335 14237 9813 2148 512 14180 4776
4776 6683 13474 926 13549 4776 7151 8710 1955 3306 1955 926 14248 5867 2033 16187
4776 9424 3177 4776 10033 8710 2326 3112 232 16187 16187 854 8268 14237 12835 16187
4776 4927 4776 14596 4776 9790 10400 16187 16187 4931 2296 16187 15096 16187 10566 3177
3177 1245 4776 9911 926 13923 3177 3171 8268 4776 926 14237 926 16187 16187 16187
4776 3511 5463 8712 8710 7518 14029 1853 5867 6259 8124 16187 10033 8268 12008 8712
4776 14596 8710 4927 15525 14069 8710 7877 926 14237 8069 6259 10894 3177 6259 14922
14237 6259 3098 3211 8712 8710 16187 16187 16187 16187 16187 16187 16187 16187 16187 16187
3171 8710 6259 6070 10355 2563 16187 1378 1919 10217 8270 14237 10418 16187 926 16187
3171 10033 8710 2945 4032 9316 14029 12276 763 8585 1919 6259 2563 1919 6259 8157
14411 8268 5463 4931 1954 4687 10936 16187 16187 16187 16187 16187 16187 16187 16187 16187
2263 5329 6259 10355 2563 8268 9890 16187 13542 2563 16187 1919 6259 926 4152 16187
4776 2563 8710 6070 8268 6070 10355 16187 8569 16187 16187 8440 926 14237 5329 6070
926 8710 6259 716 15819 10033 3962 12233 1597 11191 7518 14029 14467 14634 15768 16187
4776 2285 13839 8710 6259 5176 2894 11558 16187 926 926 4931 6259 926 16187 926
4776 2285 13839 8710 6259 2563 15480 14237 8710 3908 2148 6259 926 16187 926 16187
4776 9511 14776 2446 8124 8719 3171 6506 10834 10967 15458 16187 16187 16187 16187 16187
4776 6664 8710 5286 3177 12 1439 16187 4927 16187 9887 6201 3171 2296 3927 16187
4776 14596 8710 15609 8268 14237 4776 6664 8710 11789 5463 5867 11789 4032 4776 16187
203 1435 16187 16187 16187 16187 16187 16187 16187 16187 16187 16187 16187 16187 16187 16187
4776 3511 8712 6598 8268 4776 13607 8162 8268 10355 2615 16187 7742 16187 13542 2563
8712 5867 8569 8268 1229 5463 8569 5463 1138 12102 8712 5867 1133 11889 16187 5463
4776 7310 284 14776 3098 14237 4776 11404 14776 8213 16187 16187 16187 16187 16187 16187
4776 1507 14465 9498 6297 11912 16187 926 16187 13839 16187 13532 2904 12233 4552 16187
4776 1507 14465 9498 6297 12606 8268 14237 8712 4931 15819 16187 9925 12105 12345 16187
12008 4552 13348 16187 16187 16187 16187 16187 16187 16187 16187 16187 16187 16187 16187 16187
12008 5463 12232 2823 1229 4941 8710 1229 8569 5463 8712 5867 5046 2148 16187 512
12008 5463 12232 2823 1229 13129 11953 8712 8710 4776 12337 830 926 16187 10033 2598
7740 9884 12431 12233 1436 5463 7740 11456 3171 10033 1919 6826 926 16187 16187 16187
7740 2308 14069 12233 2823 2945 630 8726 5568 4776 926 8710 4776 8084 14112 5176
4108 643 4063 6689 926 6259 643 10995 12495 8268 3171 2563 15846 11553 390 16187
9238 5463 4776 13434 926 14745 1919 6259 5267 16187 16187 16187 16187 16187 16187 16187
3171 8710 2945 14635 3177 2563 5463 16187 3192 13021 8268 926 8268 14237 684 6905
3171 4931 6259 10810 9591 12233 8733 6259 8270 2563 512 6259 926 16187 643 16187
7740 9884 2296 12766 6259 10887 14230 3177 926 926 5867 9442 8268 6692 6664 16187
7740 2308 3171 2563 7508 13348 16187 4776 926 16187 10272 12233 4189 16187 926 16187
2112 1737 8268 458 9085 16187 11198 1919 6259 2067 2664 926 14596 8268 14043 8710
926 3711 14016 3171 954 16187 16187 16187 16187 16187 16187 16187 16187 16187 16187 16187
9712 926 8710 6259 7791 3177 1799 8185 16187 11643 16187 926 16187 2446 16187 926
4776 12529 926 7949 8710 6259 11947 926 12233 1138 4776 5891 2191 5711 16187 5562
12328 1955 2296 926 4302 1167 13348 16187 16187 16187 16187 16187 16187 16187 16187 16187
6259 10033 3927 12362 16187 5086 15525 4776 10033 16187 926 926 16187 926 2837 926
7767 14237 6259 3984 12233 10610 6259 14112 11889 3171 2563 16187 926 16187 4776 12495
7926 8710 6259 6771 2971 1957 4776 10442 16187 16187 16187 16187 16187 16187 16187 16187
4776 12337 5036 14251 8710 5297 6259 14752 9618 10967 4776 15359 16187 2552 16187 9316
4776 11253 8710 6259 3098 8344 14237 6826 5329 6188 8712 5867 6259 5948 3177 11901
12757 9070 8268 6011 16138 11889 8712 16187 16187 16187 16187 16187 16187 16187 16187 16187
7740 2308 3171 2563 12233 2823 6535 8268 14237 11953 6259 6070 2997 2563 16187 11382
7740 2308 14069 12233 2823 630 8592 16187 9442 5393 16187 11889 4776 926 16187 5431
14043 9296 14518 12958 6011 12467 11553 8466 8268 4537 8719 6259 8270 4927 16187 16187
12008 5463 12232 2823 11789 6868 14237 6070 2160 16187 9316 8712 16187 2296 1957 4776
12008 5463 3644 9754 2823 816 16187 8268 8726 6011 11553 4776 3984 8913 12276 8215
10739 14029 4776 11253 926 926 926 16187 16187 16187 16187 16187 16187 16187 16187 16187
926 8710 9481 4776 564 6801 7740 9884 8466 4776 10033 16187 15335 1243 2968 16187
926 8710 4776 564 926 6801 7740 2552 16187 15408 3177 12276 9465 3364 9577 8719
4421 926 8710 3257 1955 926 8268 1919 14734 1921 15452 16187 16187 16187 16187 16187
926 926 926 926 5867 2053 113 926 3994 8710 6259 8664 13896 16187 16187 926
926 926 926 5867 926 5952 8592 16187 8710 14734 10922 926 91 16187 926 1957
8710 926 8270 13348 16187 16187 16187 16187 16187 16187 16187 16187 16187 16187 16187 16187
6403 1404 8710 8268 12233 7157 6259 5695 15781 16187 11953 3171 10033 16187 15096 16187
594 8712 2326 12449 12233 2823 6259 13129 15433 16187 14125 14237 2689 16187 7310 284
4776 12835 9498 4337 11788 14237 4776 10418 4931 15819 8268 8726 5329 11943 16187 16187
4776 6664 8710 5286 3177 926 8808 10801 16187 10312 12233 4776 2974 16187 16187 16187
4776 6664 8710 5286 3177 4751 8268 1955 1344 10646 1955 4776 926 926 8719 4776
3171 8710 6259 3098 2563 8268 6259 15761 3211 16187 16187 16187 16187 16187 16187 16187
3171 2563 4931 12495 4013 16187 8569 14237 14180 3177 4776 12835 9084 703 16187 11393
3171 8710 6259 6070 10355 14237 10336 10033 5867 11953 6259 926 16187 926 926 16187
7596 10033 13055 3177 7807 926 9498 13083 12233 4776 7671 8719 5463 14087 16187 16187
4776 8081 12714 3177 3171 5773 8710 14411 8726 4776 926 8710 5329 6259 7708 9290
4776 9404 14281 8710 6259 9616 8268 15291 3525 3211 3177 70 16187 6071 2563 13348
1229 7740 11553 12233 6166 8268 4931 5463 2326 7805 2598 16187 16187 16187 16187 16187
1229 8268 5463 5867 5937 9540 8268 9296 8712 4931 12669 1955 8569 1955 8710 2837
1229 8268 7740 12232 8154 8712 2148 12233 10671 3177 3171 10033 16187 12416 16187 7970
13555 9850 12102 8712 13348 13348 16187 16187 16187 16187 16187 16187 16187 16187 16187 16187
13555 9850 12102 8712 13348 13348 16187 6594 16187 16187 2563 16187 926 2643 779 6259
4032 6259 14919 9484 16187 13348 16187 16187 16187 6683 11889 926 16187 2053 926 3994
4776 14241 13216 14029 16187 16187 16187 16187 16187 16187 16187 16187 16187 16187 16187 16187
4776 14596 8710 5329 9563 11151 8719 4776 12894 3177 926 16187 926 8268 15649 7740
4776 14596 8710 4927 12495 1348 14237 926 7674 12233 14192 1955 4776 13103 4818 16187
8719 10025 4776 2946 14776 8213 16187 16187 16187 16187 16187 16187 16187 16187 16187 16187
4776 4152 8268 10147 8268 8710 5463 3177 4776 926 14029 4776 13607 16187 308 11889
4776 4152 8268 10978 8268 1229 8710 8569 2563 16187 9577 16187 8676 8268 14237 8093
15041 3873 8268 14043 926 12233 5717 11014 2858 1138 3624 5711 8719 14734 10033 16187
4776 16146 582 14237 15358 11553 12233 8855 1919 5713 6149 16187 4707 16187 926 16187
4776 16146 2946 14776 5545 3080 8719 15597 11846 10638 16187 16187 7740 4552 9754 5820
5463 8592 8268 8712 5208 4189 2466 16187 16187 16187 16187 16187 16187 16187 16187 16187
8712 5867 6535 2309 3826 8268 14237 14272 6011 14776 5807 16187 15715 10033 16187 926
8712 4931 1229 15624 5463 2326 6381 15597 16058 14180 10501 8268 7740 9084 5329 5407
10619 9484 926 13348 16187 16187 16187 16187 16187 16187 16187 16187 16187 16187 16187 16187
2984 10501 3177 8712 8268 3171 15846 5367 8719 4776 2563 5867 10501 3177 4776 2563
9405 8268 8197 9070 6259 8974 830 6259 2563 1919 4776 926 7740 3364 11553 12766
4404 9332 9840 3177 4776 10033 8710 4776 926 6001 16187 16187 16187 16187 16187 16187
4776 2601 1919 4776 12894 3177 926 8710 5329 3356 16187 8440 8268 13250 16187 5328
4776 6664 8710 6535 10355 1955 7742 16187 16187 5388 16187 9442 12545 11953 14734 16146
8712 2945 2847 12233 2823 14029 4776 12489 926 14241 16187 16187 16187 16187 16187 16187
3171 8710 2945 14635 3177 2002 8157 3177 2122 14237 6259 5948 3177 9452 16187 12835
8712 8710 12958 5463 12260 11553 12766 4837 4776 12298 3177 4776 10033 16187 14591 3641
9743 1778 6356 10503 4776 4941 12036 14776 9160 2705 16187 16187 16187 16187 16187 16187
4776 9039 8268 4776 1736 5867 6259 15761 16187 4707 4776 10033 16187 7740 10603 16187
4776 5738 10087 4931 1954 12234 5738 16187 12545 12233 4776 2563 16187 6259 6918 16187
14691 3364 2823 10150 10967 4776 3299 16187 16187 16187 16187 16187 16187 16187 16187 16187
3171 2563 4931 12495 10355 2122 8268 10355 12495 16187 2689 14237 9332 16187 9332 16187
3171 2563 4931 12495 10399 12233 13988 6259 6978 5852 9429 16187 14241 16187 14029 6259
3171 3449 11530 4776 9431 1378 14237 2308 3171 1378 7877 10770 16187 16187 16187 16187
3171 2563 8710 2945 4032 15715 830 10671 3177 5722 14043 800 8185 16187 15768 16187
3171 4931 6259 6070 9625 2563 8268 1919 1954 4194 16187 2446 10355 13839 16187 15982
4776 13839 8710 6070 10355 16187 16187 16187 16187 16187 16187 16187 16187 16187 16187 16187
4776 14596 8710 4927 12495 1348 14237 926 7674 12233 14192 3171 13103 16187 926 16187
4776 6664 8710 5286 3177 12 1439 16187 8063 926 8063 926 16187 9653 16187 7347
5463 12232 9754 11553 12766 7805 16187 16187 16187 16187 16187 16187 16187 16187 16187 16187
4776 14596 9277 2823 3175 16187 16187 12008 405 12008 5329 4032 15715 16187 983 16187
8712 5867 5329 1229 10399 8268 12008 8712 5867 5463 5046 3847 8712 5867 14219 512
1229 14272 14776 6011 15274 830 2598 16187 16187 16187 16187 16187 16187 16187 16187 16187
5463 12232 2823 8592 13084 12606 3575 11889 5463 405 16187 2689 8268 14237 8712 3847
5463 2563 9084 12467 8268 7740 1110 8712 13348 16187 2974 16187 13348 16187 6985 14237
8719 14426 8268 4552 5329 6407 926 16187 16187 16187 16187 16187 16187 16187 16187 16187
4776 4152 8268 6689 8268 4931 1344 10355 14237 4776 6006 8710 10770 12495 16187 16187
4776 8808 3177 926 4931 5570 7742 8268 1955 8569 16187 926 4776 5033 16187 9780
14069 8710 6259 926 14281 16187 16187 16187 16187 16187 16187 16187 16187 16187 16187 16187
3171 4931 6259 6070 926 12233 12650 16187 14237 6259 10355 643 16187 14029 4776 1583
3171 10033 8710 6259 6070 4091 11032 3177 4776 8588 3177 926 16187 926 16187 926
3461 16187 16187 16187 16187 16187 16187 16187 16187 16187 16187 16187 16187 16187 16187 16187
4776 4152 5462 7975 1919 4776 626 15480 16187 9085 16187 14237 5522 14237 14237 574
4776 4152 5462 7975 4609 16187 14237 1750 926 16187 6253 12233 10603 14734 2974 926
4776 10033 4931 1175 16187 16187 16187 16187 16187 16187 16187 16187 16187 16187 16187 16187
4776 4152 8710 6070 4142 2176 14237 4776 132 8710 4776 12894 3177 6259 10033 5463
8712 4931 6070 630 6259 6289 5463 8710 15096 14237 2148 7004 15956 16187 3177 4776
14734 6664 8710 4831 12008 4142 232 8268 1919 5329 6259 11046 4183 4431 16187 16187
4776 6006 8710 6535 8268 8712 8710 9754 4776 564 830 8712 14180 4776 3033 2563
4776 6006 8710 6535 8268 4776 132 8710 4776 9745 3177 4776 10217 16187 6356 926
7740 2976 2858 3171 2563 1919 10915 13084 12362 16187 16187 16187 16187 16187 16187 16187
10619 9484 7740 4552 9754 8313 5463 8712 5867 5329 8569 16187 16187 10879 16187 6297
7740 9009 8719 1110 1919 3171 2563 8268 14237 7740 2326 6635 13348 16187 926 926
10619 9484 926 16187 16187 16187 16187 16187 16187 16187 16187 16187 16187 16187 16187 16187
5627 6173 6259 10894 12495 14221 12495 16187 9625 830 4776 1754 3177 4776 5777 16187
9405 284 8710 6259 15174 517 15909 926 15658 2446 5388 16187 6140 926 16187 16187
3171 10033 8710 14902 15978 2263 13141 14776 1229 12307 13839 16187 16187 16187 16187 16187
2285 14596 8710 14397 2689 14237 9332 8808 8710 6259 8808 16187 3211 8268 12008 8710
4776 4152 8710 6070 10355 14237 2997 14237 8712 12208 6011 423 1903 16187 2384 16187
8719 13592 6350 8268 6259 1502 1207 16187 16187 16187 16187 16187 16187 16187 16187 16187
2263 14221 10967 13436 8268 12008 2263 5297 4032 9316 14029 4776 5480 308 16187 926
2263 14221 10967 13436 8268 12008 5463 5867 5329 4776 10033 16187 9004 11889 7740 3554
9859 8403 8710 13084 13122 8466 1955 926 926 91 16187 16187 16187 16187 16187 16187
6259 1435 8710 10299 12233 1954 14419 10033 16187 14141 16187 16187 16187 13896 16187 4832
12127 926 779 6259 289 926 8268 926 16187 926 16187 926 16187 926 16187 9113
926 8710 9481 4776 564 6071 10033 3177 4182 16187 16187 16187 16187 16187 16187 16187
3171 10033 8710 1954 926 8710 6259 926 16187 926 16187 926 16187 8157 14599 16187
3171 8710 6259 12092 16187 6070 8268 12495 10355 10709 11953 16187 16187 15043 512 4776
6259 10033 5463 939 5463 926 7694 14776 5329 7448 12233 5261 1954 12256 10033 16187
4776 2601 2563 8710 6259 14139 10394 13348 16187 13348 16187 9290 16187 13348 16187 13348
4776 2601 2563 8710 5568 13341 7970 16187 2563 16187 14221 13348 16187 9442 8268 12008
1019 5463 5867 14180 7740 2326 15956 6173 16187 16187 16187 16187 16187 16187 16187 16187
13341 1390 1019 4647 6173 16187 5332 9431 16187 7740 926 4776 2563 16187 15525 11889
15480 8268 12192 8268 7742 8268 14237 7740 4628 9754 2823 9872 16187 8719 4776 10033
7542 8268 9964 12233 15952 8710 5580 6259 1552 8974 7937 3177 14112 16187 16187 16187
7542 8268 6259 6070 1507 14237 4618 15525 2563 1919 3098 10418 16187 2664 926 2543
3511 8710 6259 14596 5463 2842 8733 3171 2563 830 5430 13348 16187 4269 16187 4924
8796 8268 926 9594 5867 8520 8710 926 16187 16187 16187 16187 16187 16187 16187 16187
8712 926 9070 8268 8712 926 9070 16187 1435 16187 926 16187 14933 16187 926 16187
8712 926 9070 8268 8712 8710 12256 16187 16187 11901 564 16187 564 4927 12233 11889
7740 968 1436 3171 2563 8710 5812 12008 8712 3364 11553 12766 8270 16187 16187 16187
12495 8569 14069 3171 2563 8710 14691 6672 6672 7740 12232 7347 6011 13634 830 5937
12495 8569 5463 6011 11553 9754 3171 2563 12008 4552 5463 14518 12958 6672 16187 5341
6546 11889 7740 3543 11553 12766 14069 16187 16187 16187 16187 16187 16187 16187 16187 16187
1133 761 5981 12349 14237 15389 5711 16187 6683 1957 4776 8521 16187 15096 1941 16187
1133 8423 2997 12008 13904 10154 8268 5041 14776 2429 10355 16187 14237 8719 15597 16058
926 10497 3418 1430 926 13148 926 8268 7777 926 14237 2085 926 16187 16187 16187
926 926 926 8268 926 926 926 16187 926 16187 9715 926 16187 599 8268 2221
926 926 926 8268 926 926 926 16187 926 16187 926 8719 926 16187 15401 5200
1229 6011 9605 14272 6011 9605 14237 8719 5463 8712 5867 2148 512 7345 16187 16187
6594 5463 5867 5329 9070 830 5713 14596 8268 11789 14069 4552 9754 2823 9872 16187
1229 7740 11553 12233 1436 7740 5272 203 8712 4931 8423 6259 4710 16187 12349 14180
12604 12951 2102 14734 9059 8268 14675 3177 4776 10311 8457 16187 16187 16187 16187 16187
6509 2837 4776 926 8268 14237 4325 14776 15 830 6826 6070 10355 16187 16187 8719
6509 2837 4776 926 8268 14237 4776 926 5328 779 8746 4776 926 8710 6259 926
13044 8268 12233 2823 12276 1860 3177 14734 1133 8268 5374 2903 8719 9079 16187 16187
6070 6148 8268 6070 1781 8268 4108 5906 14237 3422 16187 9342 16187 12233 9311 16187
6070 6148 8268 6070 1781 8268 4108 5906 14237 3422 16187 1022 14237 4776 8503 1778
1344 203 926 926 12232 2823 5713 12455 13907 3171 10033 8710 10399 12233 9429 16187
8712 4931 6535 630 6259 4710 12233 11553 926 3171 12349 13348 16187 2486 11704 16187
8712 4931 14221 12495 630 14180 1229 14272 7740 1110 16187 13348 16187 13348 16187 13348
4552 9754 9605 9070 223 16187 16187 16187 16187 16187 16187 16187 16187 16187 16187 16187
3171 2563 3847 9754 11553 12233 9745 16187 1229 630 16187 12349 4776 12489 926 16187
6363 9484 5329 1229 14272 7740 3364 9884 2326 6259 14596 16187 14029 12825 12291 8719
4776 6181 3177 4776 9139 926 4015 830 11516 8710 11789 238 16187 16187 16187 16187
4776 3511 8710 5463 926 8710 7877 926 16187 6062 8710 5463 4927 16187 6286 16187
4776 926 14596 8268 926 16187 5086 15525 12233 10603 5463 4776 4927 16187 926 13348
6173 6363 9484 10762 926 7314 16187 16187 16187 16187 16187 16187 16187 16187 16187 16187
7542 8268 3171 6259 7168 443 1778 3177 1138 926 5711 8268 7740 926 15096 14237
12529 12529 7949 5711 16187 8197 8712 6259 6363 12291 9484 9484 6259 3098 15762 2598
5272 7345 3765 8710 2148 16187 16187 16187 16187 16187 16187 16187 16187 16187 16187 16187
831 2894 13077 3171 2563 15525 8268 12008 13588 8258 6011 12003 16187 6161 16187 926
831 2894 13077 3171 2563 15525 8268 12008 13588 8258 6011 12003 16187 15846 14581 7742
7508 8726 6011 5208 10603 3171 10033 2837 14180 7156 2552 8712 16187 16187 16187 16187
5297 8268 7740 2308 4776 4152 12233 2823 8106 14237 5329 6070 926 16187 8712 4931
5297 8268 7740 9429 7926 3364 11553 12766 8069 8270 8719 3171 10033 16187 8781 16187
1955 8710 8268 12844 8710 6259 7393 14812 14237 7393 1980 9450 471 16187 16187 16187
13780 6006 8710 6152 14237 4537 6535 10355 16187 16187 16187 4858 16187 13532 16187 9450
1885 8081 5459 8710 1941 16187 14237 7970 412 16187 16187 16187 5414 16187 2563 16187
15658 15846 8155 137 4776 12298 3177 15597 9682 2598 16187 16187 16187 16187 16187 16187
926 926 4931 4776 564 1023 830 6259 4917 13086 6816 1781 12887 16187 16187 15096
926 926 8710 926 926 8268 5568 830 6259 9684 16187 10918 14237 8858 16187 12208
8712 4931 9754 13533 15231 12008 8712 771 569 3177 926 16187 16187 16187 16187 16187
8712 4931 6070 2997 14237 4776 9685 3177 1954 926 830 4776 926 16187 926 16187
8712 4931 6070 2997 14237 4776 9685 3177 1954 926 830 4776 14112 16187 9316 926
7740 4142 15890 1919 7661 16187 16187 16187 16187 16187 16187 16187 16187 16187 16187 16187
7740 3141 7740 3364 12650 14745 8719 12825 820 2176 13348 16187 8676 16187 14237 7314
7740 3141 7740 3364 12650 14745 8719 1157 6672 13907 5807 3177 14745 8719 4776 11041
4776 10418 8710 8213 13348 16187 16187 16187 16187 16187 16187 16187 16187 16187 16187 16187
4776 4152 8710 8423 2002 8268 6140 2122 16187 1676 16187 6297 5388 6011 926 16187
4776 4152 8710 16139 2563 8268 6297 16187 2689 16187 16187 3356 16187 2563 16187 1175
11191 5711 15662 9504 6259 926 2598 5711 16187 16187 16187 16187 16187 16187 16187 16187
4776 2601 5777 4931 10953 14237 12892 6259 9094 3177 926 926 16187 4537 8719 4776
4776 2601 5777 4931 10953 14237 12892 6259 9094 3177 926 926 16187 1229 7740 7164
1954 12684 2033 16187 16187 16187 16187 16187 16187 16187 16187 16187 16187 16187 16187 16187
6259 2601 5948 3177 6259 5948 2148 9332 16187 16187 15096 16187 8162 4152 16187 643
4776 2601 2563 8368 1919 10781 13942 12233 6961 6535 15916 3735 926 2233 16187 14029
4776 13607 8719 3171 10033 5297 926 16187 16187 16187 16187 16187 16187 16187 16187 16187
4776 15064 3177 14596 8710 10355 14237 1229 8710 15696 1955 5695 16187 8712 16187 16187
4776 15064 3177 14596 8710 10355 8268 1229 7740 1344 4531 4776 10033 16187 2148 3177
4927 8913 4696 8710 6259 3098 10033 8268 6259 8974 3177 4776 5445 4194 16187 16187
4776 745 4931 6259 926 10967 4776 14596 4493 926 6423 4776 14603 1787 16187 14241
4776 745 4931 6259 926 10967 6259 9405 8268 14237 8712 8710 5297 1046 16187 2024
7740 4931 6297 2292 8719 2837 4776 6568 14237 9546 10355 9831 12233 2552 3171 16187
4776 2563 4931 6259 3192 5033 3211 1919 6259 5948 3177 11901 3727 13701 16187 8081
4776 2563 4931 6259 3192 5033 3211 1919 6259 5948 3177 11901 3727 13701 16187 8081
926 8200 8268 926 926 8719 6259 926 14237 15 6070 15291 16187 16187 16187 16187
926 926 926 926 926 16187 6931 8268 4931 1954 926 14237 3908 2837 926 16187
926 926 926 926 926 926 8719 926 16187 1545 1583 16187 10913 16187 2466 16187
1019 14139 9484 6173 9955 8796 16187 16187 16187 16187 16187 16187 16187 16187 16187 16187
6363 9484 9431 2563 9498 926 8268 11946 6071 1957 14180 2263 8588 16187 16187 2563
6363 9484 8268 7740 973 1515 12233 8197 8712 6259 3211 16105 13616 16187 643 16187
7926 4931 5297 6070 10355 14237 6070 232 8719 4776 954 16187 16187 16187 16187 16187
4776 14596 8710 12154 1919 14833 1344 12351 11839 8268 8712 5867 6259 10355 5121 2563
4776 15064 3177 2285 8710 4537 1955 15174 16187 12576 16187 5388 16187 9059 926 14237
1138 926 5711 8710 6070 6987 13348 16187 16187 16187 16187 16187 16187 16187 16187 16187
4776 2601 1138 926 5711 3177 1110 471 16187 8710 4032 4776 13348 16187 13348 16187
4776 10033 8710 6259 7524 15831 1955 926 926 16187 6928 926 16187 6013 15043 2563
5463 8710 4404 14902 9840 3177 4776 2563 16187 16187 16187 16187 16187 16187 16187 16187
2263 5329 6259 10355 10033 8268 7740 4931 9754 6070 9872 16187 8719 4776 10033 6297
4776 14596 8710 12127 8389 8719 3171 10033 16187 2326 8569 16187 9316 2148 10051 16187
7740 14581 3171 10033 14221 926 4776 2002 16187 16187 16187 16187 16187 16187 16187 16187
4776 2563 4931 6259 3192 5033 3211 1919 6259 5948 3177 11901 3727 13701 16187 8081
3171 2563 8710 6259 593 6521 7178 3177 6120 8268 2204 13587 16187 5948 16187 3766
11439 926 8710 4776 3780 926 1853 8268 6259 4389 5726 16187 16187 16187 16187 16187
12958 8710 9575 8719 6259 2149 7926 5867 15846 8733 4776 2285 983 926 16187 926
12958 8710 9575 8719 4776 926 8268 14237 926 926 14776 11439 1706 1955 926 16187
7740 9009 8719 1110 1919 3171 5445 2122 10978 16187 16187 16187 16187 16187 16187 16187
13741 8719 3511 4537 4776 1378 8004 15594 5450 2251 16187 387 16187 15335 16187 926
13741 8719 3511 16187 4537 5329 6259 3667 3177 983 16187 9831 16187 830 1750 16041
926 8712 16187 16187 16187 16187 16187 16187 16187 16187 16187 16187 16187 16187 16187 16187
8712 926 3171 4776 2563 4931 817 8982 13348 16187 11017 16187 16187 2689 16187 7970
4776 10033 10781 779 6259 14281 3177 5812 1955 4776 926 10781 16187 16187 6692 820
4776 10335 11331 9498 926 6070 15982 5463 3112 4776 9887 11728 8719 13084 983 16187
4776 4927 4776 14596 4776 9594 14237 13546 16187 8710 6535 2689 16187 7740 684 6070
4776 14596 8719 8712 5867 6585 2903 12233 4776 14186 3177 15036 14237 4776 203 10053
13803 926 4931 6259 6070 13074 15387 8719 4776 2563 16187 16187 16187 16187 16187 16187
3171 4931 6259 6070 2689 10033 8268 14237 8710 5329 6070 15174 16187 3356 13348 16187
4404 1138 2563 5711 8710 5329 2689 8719 8712 8268 1229 7740 771 6259 10355 983
1957 926 12028 8268 3171 2563 4931 6259 9450 12233 15096 14237 2474 6259 9450 16187
4776 4152 8710 1229 5463 10355 14237 8712 8710 1229 232 1919 4776 10033 4537 14180
4776 4152 8710 14397 12349 4776 12489 14237 926 5867 5329 1229 6140 8268 12008 4776
5568 14734 12852 1019 926 6173 5682 830 14745 16187 16187 16187 16187 16187 16187 16187
4776 745 4931 6259 926 10967 4776 14596 4493 926 6423 4776 14603 1787 16187 10272
4776 745 4931 6259 926 10967 4776 14596 4493 926 6423 4776 14603 1787 16187 926
926 1246 4931 4537 5329 15096 9591 830 6259 9577 3177 3171 10869 16187 16187 16187
4776 14596 8710 4927 12495 1348 14237 926 7674 12233 14192 1955 4776 13103 4818 16187
4776 6664 8710 5286 3177 926 8808 10801 13348 16187 11889 5820 16187 10051 16187 2313
14237 4311 8712 7164 2326 13076 9070 16187 16187 16187 16187 16187 16187 16187 16187 16187
8712 2326 4537 4100 16187 16187 8268 14237 8712 8710 10355 16187 4311 16187 8466 14000
8712 2326 4537 3391 5463 983 7926 3847 9754 8712 8712 8710 16187 12233 13931 13592
7926 779 926 12233 3520 4776 7339 10918 12233 643 1919 6259 5256 16187 16187 16187
8712 9113 6259 5948 3177 1823 12233 4776 4440 5463 12596 6259 9450 6215 14561 8719
8712 9113 12233 4776 15416 3177 4776 1787 5463 5867 94 8268 7740 2326 4931 2148
3963 8268 7740 4531 4776 8808 10801 3177 4370 10967 4776 5946 12233 4776 9770 16187
13741 8719 3511 4776 2601 2563 4931 2148 13178 8268 12008 8712 5867 14180 12495 9780
13741 8719 3511 9850 4776 2563 8268 8712 12208 6011 16187 12097 16187 9715 16187 4832
13807 13348 16187 16187 16187 16187 16187 16187 16187 16187 16187 16187 16187 16187 16187 16187
6862 4609 10967 4776 3366 8726 6011 10603 8712 14029 4776 15607 16187 7742 4776 13839
3847 5463 8733 6259 10355 630 2563 1957 5937 16058 8017 3391 926 16187 983 16187
7001 4697 14237 12650 6011 16138 11889 8712 16187 16187 16187 16187 16187 16187 16187 16187
3847 6259 91 8268 4311 6259 4250 5867 1515 14029 4776 16146 4927 8268 8712 8710
8733 6259 2563 5463 12232 2823 926 2837 4776 926 926 16187 7926 926 7069 6259
6173 1919 12898 830 926 8913 926 1919 926 16187 16187 16187 16187 16187 16187 16187
6173 926 4776 5923 13277 926 9277 2823 10399 12233 14192 3171 14237 7168 10033 16187
6173 926 926 16187 145 2903 15389 2837 926 14237 1378 926 14776 12276 926 16187
6070 10761 14237 4660 16187 16187 16187 16187 16187 16187 16187 16187 16187 16187 16187 16187
2263 6259 5947 13182 3177 2122 14251 8268 2466 8712 3112 8712 816 16187 5332 6070
2263 6259 5947 13182 3177 2122 14251 8268 8712 8710 6070 6500 5463 3171 6297 12208
14231 16187 16187 16187 16187 16187 16187 16187 16187 16187 16187 16187 16187 16187 16187 16187
12958 8710 14029 4776 2601 10244 10033 10033 3537 13348 16187 13348 16187 5332 12650 8712
4776 11401 15846 1042 6011 10967 3141 11953 8712 16187 13348 16187 13348 16187 11382 16187
2446 14069 8710 15389 8719 8712 830 4776 5286 15909 926 14237 4776 926 10671 16187
4776 13607 6683 6070 12715 14237 12345 1919 6259 8081 12835 16187 926 16187 926 926
4776 13607 8710 6070 15174 14237 13942 12233 1453 14745 16187 6259 9442 5030 16187 2689
6689 6259 926 926 8710 1883 6259 926 7926 8710 5329 10716 6259 926 16187 16187
4776 745 4931 6259 926 14237 4776 14596 926 8710 13084 14596 16187 15715 4776 10033
4776 3511 5463 8712 8710 5463 1344 5359 8268 7740 9429 5463 3171 8710 6259 926
4776 13915 8733 3171 2563 6683 7594 8268 4552 5329 12757 4312 16187 16187 16187 16187
4776 4152 8710 8423 2002 16187 14237 8712 2326 1029 2997 16187 2563 16187 6259 6070
4776 4152 4931 10355 8268 14237 684 5463 10355 4440 16187 12633 14237 14069 8710 6259
5393 14776 5393 16187 16187 16187 16187 16187 16187 16187 16187 16187 16187 16187 16187 16187
892 2954 14776 14561 8719 1957 2860 12291 16187 6011 16187 6011 188 12233 195 5937
892 2954 14776 14561 8719 1957 2860 12291 16187 16187 6011 1453 14180 4776 14596 16187
10496 13408 3927 6259 5695 9534 16187 16187 16187 16187 16187 16187 16187 16187 16187 16187
6259 4142 3192 12135 1543 1110 3171 2563 8268 830 6259 3667 3177 983 16187 13348
13587 926 6259 2563 1919 6259 14348 9311 1954 9332 8268 1378 10887 926 16187 1383
1229 5359 8268 4552 9754 2599 4776 9450 15720 12650 8712 16187 16187 16187 16187 16187
12008 8268 7740 5297 4552 9754 2552 4776 4152 816 8719 4776 4927 16187 8185 16187
12008 8268 9339 12835 8268 1001 3177 1597 926 8712 5867 5463 7740 11553 12233 1436
4776 4152 91 8268 6689 1344 10355 8268 8710 11789 9619 16187 16187 16187 16187 16187
4776 4152 91 6664 8710 14397 232 14237 10913 13839 8268 8152 8710 4776 15480 8994
4776 4152 91 6664 8710 5329 830 13663 16187 16187 14237 12127 643 8268 14237 8712
4776 4927 4776 11166 8710 14768 16048 4776 14596 13047 10324 1865 11260 16187 16187 16187
4776 4927 8712 5867 91 8712 5867 5329 4776 10033 16187 9442 6688 16187 7310 14237
4776 4464 8719 15649 4776 2563 8710 6388 16187 16187 6688 14237 14506 8710 4776 10418
12008 7740 4537 4552 9754 9429 13149 5867 7671 8710 926 16187 16187 16187 16187 16187
12008 10036 8268 3171 14251 4979 12233 13229 1954 2122 8268 3543 2823 6259 2199 10887
12008 8268 10072 7975 1919 6011 10967 4776 926 3177 6259 6140 10619 15525 3177 6259
6011 11553 12233 9429 10399 11953 12127 2894 8258 6011 9605 8712 16187 16187 16187 16187
1229 7740 8592 1138 5463 7740 1951 232 8719 4776 2601 8268 7740 11889 6259 15819
7740 12495 2326 8154 3171 2563 16187 8569 8712 12431 12233 11553 6259 8569 983 16187
13587 926 137 4776 10033 5086 8719 1954 6403 12008 4512 7843 13811 16187 16187 16187
3171 8081 2563 8710 6297 11953 4776 926 16187 926 16187 643 16187 4311 16187 9288
3171 8081 2563 8710 12576 8268 6070 15438 8710 4776 14596 1138 5820 5711 16187 16187
12044 13756 12671 1957 6259 10825 3847 9754 13931 8712 16187 16187 16187 16187 16187 16187
6259 9009 8719 6391 6259 1893 10033 8268 13907 13592 15197 8268 8712 5867 9612 1955
6259 9009 8719 6391 6259 1893 10033 8268 14237 7740 12431 6259 1893 10033 16187 8569
7542 8268 8712 4931 6535 2997 16187 16187 16187 16187 16187 16187 16187 16187 16187 16187
3171 2563 8710 2326 9528 820 8268 8069 1919 6259 5328 5947 2664 14237 4776 4152
3171 2563 8710 2326 8569 16187 12606 8268 15978 8712 8710 5329 2689 16187 12606 16187
14180 8719 14180 3171 10033 8710 6259 1999 3177 14691 16187 16187 16187 16187 16187 16187
4776 4152 8710 7997 8268 14237 4776 10418 8710 6297 9332 16187 5463 8712 5867 5329
3171 8710 4776 14635 3177 10770 16187 2563 9222 771 9450 16187 16187 8569 2563 16187
820 10913 14581 4776 7448 12233 3818 2572 11239 12233 3504 4776 2572 1778 4312 16187
4776 13811 8710 3326 15505 14237 4776 1736 3112 4776 10033 10150 3789 16187 6259 10150
4776 13811 8710 3326 15505 14237 4776 1736 3112 4776 10033 16187 3789 5463 926 10762
8712 4931 12767 2128 2837 9767 14237 14258 16187 16187 16187 16187 16187 16187 16187 16187
4776 6664 8710 5286 3177 926 1955 4776 926 8710 5329 4776 13811 16187 926 926
4776 4152 91 8710 6070 2805 16187 13129 16187 9389 8719 6259 9442 6664 16187 3531
14237 5329 12233 11393 8268 4776 10714 9498 7742 7413 16187 16187 16187 16187 16187 16187
3171 3818 6070 6500 16187 14180 7165 4776 983 14237 9311 12495 630 16187 899 8719
3171 3818 6070 6500 16187 14180 4776 12835 1229 4776 14596 7740 11553 8093 2326 6259
1390 16187 16187 16187 16187 16187 16187 16187 16187 16187 16187 16187 16187 16187 16187 16187
9574 6363 15525 3177 9484 16187 14221 16187 8506 16187 16058 16187 3865 2024 13348 16187
1483 14237 4277 5375 9277 7347 4776 4949 3211 10983 11912 14237 7607 16187 1378 2148
8798 12401 476 4931 10660 14237 5208 14038 14029 8712 5867 16058 16187 16187 16187 16187
5889 16187 643 8268 8710 5329 7401 16187 954 16187 8719 4776 926 16187 9290 16187
5889 16187 9442 8268 14937 14237 3356 16187 11842 16187 5804 16187 165 5463 14237 8093
926 8268 8712 8710 6070 630 5463 16038 9424 5936 6259 3098 2563 16187 16187 16187
8712 926 4776 14596 3177 926 3177 4776 14596 8710 2326 14231 16187 2373 16187 10315
8712 8712 4931 6070 926 16187 2326 9780 10967 4776 5777 16187 12105 16187 8719 16187
1075 830 1954 7903 4931 14691 12008 14186 3177 14320 16187 16187 16187 16187 16187 16187
569 3177 6664 8268 91 8710 11789 8268 11789 3177 10394 16187 2326 7365 14029 1022
14112 5867 569 3177 6854 12495 8268 1955 630 1955 9625 16187 8268 14397 15960 16187
7740 11553 8584 12233 11720 14029 11005 8983 13348 16187 16187 16187 16187 16187 16187 16187
7740 4628 9754 15784 16187 1019 12008 7740 4552 9754 8313 899 4023 16187 100 2563
7740 4628 9754 15784 8712 1019 6011 5208 5329 2823 9316 3171 10033 16187 6388 1378
14237 8726 1229 203 13758 14069 14776 10242 6606 8719 7954 5867 5942 16187 16187 16187
8712 5867 5329 1955 15884 12233 14192 1955 8712 9277 11553 12766 8270 16187 9316 8712
8712 5867 5329 1955 15884 12233 14192 1955 4776 5095 16187 5332 7970 412 16187 16187
12008 7542 4776 2689 14465 926 4776 5329 2689 14465 16187 16187 16187 16187 16187 16187
3171 4931 1954 1846 10033 5463 8710 6259 15273 3177 1694 16187 2752 16187 12529 4924
3171 8710 6259 6070 10355 14237 6407 643 8710 6259 15819 12233 12650 4776 8521 16187
7740 973 5329 13616 14272 7740 9429 3177 4776 8199 16187 16187 16187 16187 16187 16187
569 3177 11608 12008 4552 7740 9429 5463 3171 926 8710 5329 9813 1957 6011 16187
6070 10355 13839 8268 10355 5033 8268 14237 6826 9332 6729 15649 3543 2823 926 8719
13464 8268 13474 8912 1885 16058 12196 16187 16187 16187 16187 16187 16187 16187 16187 16187
1885 8719 582 14237 7651 4325 14776 6259 5906 7937 3177 14029 16187 926 14237 4690
1885 8719 7661 4931 12489 14708 5509 16187 6006 8268 4776 10033 8710 7742 10471 16187
7767 14237 10898 11553 6826 5074 1919 6259 926 15658 3847 5329 3238 15597 8503 16187
4776 2601 2563 8710 8439 16187 512 7740 12773 9264 5326 14237 14368 4440 16187 11839
4776 4302 1167 1042 10915 14691 12233 2823 15288 16187 10566 3177 4776 926 16187 1919
7740 11839 7926 4931 12256 13084 6178 14069 16187 16187 16187 16187 16187 16187 16187 16187
8712 4931 4776 926 16187 926 16187 2422 16187 12233 926 16187 5830 2903 8719 926
8712 2446 11118 5463 4776 10418 8710 9754 1955 7732 1955 8712 8710 16187 5217 16187
3171 8710 6259 6070 10355 2563 16187 16187 16187 16187 16187 16187 16187 16187 16187 16187
3171 8157 3177 4856 16187 12576 16187 8719 3171 2563 12495 4853 14237 6071 2563 13348
3171 8157 4856 8710 405 16187 2024 2563 16187 11382 13348 16187 8404 11889 5463 4325
8002 5530 16187 16187 16187 16187 16187 16187 16187 16187 16187 16187 16187 16187 16187 16187
8063 6620 645 14029 1885 8268 8152 1885 1932 14237 7891 9642 7981 8268 145 4987
9764 1919 13530 3177 4776 14589 926 8712 4931 4776 10114 3177 12276 926 16187 13348
10566 3177 4776 10554 8710 4537 3177 4776 7926 13474 8710 2326 3098 7741 16187 16187
4776 12013 8710 6070 1971 14237 4776 8808 10801 16187 13216 16187 830 14822 16187 4406
4776 12013 8710 6070 1971 14237 4776 6006 8710 6535 12495 16187 10399 12233 14192 16187
789 7661 16187 16187 16187 16187 16187 16187 16187 16187 16187 16187 16187 16187 16187 16187
12127 983 7740 4431 14029 9574 1133 7740 11839 8712 926 9084 16187 983 16187 983
892 2954 14776 14561 8719 1957 2860 12291 16187 4311 16187 2974 3177 6259 10033 16187
5695 10033 16187 16187 16187 16187 16187 16187 16187 16187 16187 16187 16187 16187 16187 16187
3511 8710 5463 2842 8733 3171 2563 1955 12349 9655 4776 12337 926 8710 5463 1686
3511 8710 4032 9316 14237 6259 10033 5208 2823 8466 8719 4776 10566 3177 4776 926
10941 12870 8710 4776 9290 13348 16187 16187 16187 16187 16187 16187 16187 16187 16187 16187
4776 2601 2563 9004 1229 2326 6259 1903 926 8268 14237 2599 4776 582 7001 223
4776 13839 8710 10355 926 13992 6259 10894 3177 9321 12233 4776 2943 926 16187 14734
14069 8710 9332 6664 6028 2903 12233 1954 2657 8199 16187 16187 16187 16187 16187 16187
10710 10033 5463 5463 8710 1954 12478 14237 4776 10033 8710 5350 7100 7742 16187 7742
10710 10033 5463 8712 8710 8268 12115 2326 16187 15096 16187 308 14237 5568 926 3177
3367 926 1019 10588 10684 6173 8710 6259 5646 2885 9365 830 2365 7345 1133 16187
6259 1592 3177 6259 2400 8710 8466 5629 926 14237 13940 16187 6259 6070 7742 10471
6259 12529 3942 4776 9330 13758 4927 10355 16187 10545 10967 4776 3261 3177 4776 1787
4776 2563 5999 1957 2263 16058 6688 16187 16187 16187 16187 16187 16187 16187 16187 16187
4776 4152 91 6664 8710 1344 10355 8719 3171 10033 16187 14237 8588 3177 4776 14596
4776 4152 91 6664 8710 12715 8268 14237 4537 11953 8712 5867 3766 16187 14029 4776
1133 11889 3171 4325 4537 4552 9754 8733 6713 16187 16187 16187 16187 16187 16187 16187
5463 2563 8710 10399 12233 10503 16187 11889 8712 16187 8719 1138 5777 16187 2598 16187
12495 2563 7740 5208 12232 11553 3211 8268 7740 9429 11953 8712 8268 3171 8710 9754
6173 7740 4931 9754 6391 630 1954 6304 5867 7314 16187 16187 16187 16187 16187 16187
4776 2563 8710 6535 10355 8268 12008 8710 10399 6259 10399 12233 4552 16187 16187 13436
3171 2563 4931 12495 10355 2122 12495 8268 12008 8712 5867 12495 6535 1957 8712 5867
4624 14581 8017 830 13529 926 15978 4624 15956 203 3098 6259 9290 7926 8710 16187
16108 4325 15684 14043 5329 8268 4325 2128 3177 4776 564 3177 4776 6801 7740 771
16108 4325 15684 14043 5329 8268 4325 2128 3177 4776 564 3177 4776 4932 1133 8268
7740 11530 4776 11773 8268 800 13094 3177 4776 14596 91 16187 16187 16187 16187 16187
9772 4776 2002 1726 14281 8710 5329 6259 10602 10033 8268 8726 6011 5208 14518 10967
9772 4776 2002 1726 14281 8710 5329 2574 8719 4776 2904 9605 12233 4949 16187 1167
3482 779 118 6259 9138 3177 926 16187 16187 16187 16187 16187 16187 16187 16187 16187
8710 6259 15174 517 15909 926 1865 16187 12715 16187 926 1919 926 16187 10983 16187
630 8710 6259 5820 8339 16187 12518 13942 12233 11553 6259 926 16187 16187 789 13436
4776 16146 9424 7740 4931 926 12233 4931 8268 6748 8268 5375 198 16187 16187 16187
4776 15064 3177 8712 5867 1344 13181 8268 7740 3364 11553 12766 8270 16187 63 983
4776 3511 5463 8712 8710 1872 830 1243 16187 14237 12127 405 14237 2326 11921 16187
4776 16146 950 7740 11839 9084 6259 3098 15781 8710 926 926 16187 16187 16187 16187
4776 8808 3177 926 14237 926 926 926 11536 8268 926 14237 14734 926 13094 16187
4776 8808 8268 10967 4776 10442 4931 1344 6070 2997 16187 8712 4931 1378 4537 12773
4776 1222 8676 14776 2176 16187 16187 16187 16187 16187 16187 16187 16187 16187 16187 16187
4776 63 8710 5463 6445 4776 12298 4776 284 6683 12715 16187 14237 12345 16187 15416
4776 63 8710 5463 6445 4776 12298 4776 284 6683 12715 16187 14237 8197 2148 6259
7140 2553 3168 926 5714 4776 9450 8441 13348 16187 16187 16187 16187 16187 16187 16187
4404 1058 3177 15981 5867 926 8710 4776 5813 3177 4776 926 16187 16187 926 16187
10375 13549 926 1954 9534 3177 926 8808 11889 3171 2598 16187 16187 9715 16187 13348
4776 10033 2446 779 1954 11778 2837 10758 9105 8719 6259 2067 8268 926 10501 16187
4776 3511 5463 8712 8710 1872 16187 15096 14237 12431 4265 6474 16187 12362 16187 16187
4776 3511 8712 8710 2689 16187 13807 8712 14180 8268 7740 4537 15956 6173 16187 9442
6259 926 779 10545 2903 14734 304 15995 10324 12920 5889 8774 16187 16187 16187 16187
4776 2601 983 4776 11757 6320 6253 12233 9544 1885 8913 16187 8781 16187 9442 216
4776 16003 926 8610 3765 926 5232 14237 13345 926 12233 8537 1885 12224 16187 8719
5332 7926 8710 1125 830 14634 13529 14237 14734 582 16187 16187 16187 16187 16187 16187
8712 5867 1344 3398 16187 8719 4776 2149 5328 6259 10776 16187 14426 5580 926 12233
8712 5867 1344 3398 16187 14237 4776 9290 15658 8710 2176 16187 16187 7742 16187 16187
7740 14263 3171 1378 13341 9484 16187 16187 16187 16187 16187 16187 16187 16187 16187 16187
7542 8268 3171 8710 6259 10355 9450 471 14237 8710 7742 4032 6259 12650 16187 13348
7542 7740 8197 3171 10033 6259 9484 9484 16187 7742 9575 16187 14237 4776 10372 2167
7926 7076 14734 10638 6070 10355 16187 16187 16187 16187 16187 16187 16187 16187 16187 16187
4776 6664 8710 5286 3177 926 1955 4776 926 926 8268 7926 926 16187 11899 2837
4776 6664 8710 2751 14237 6246 14237 3335 14237 8268 564 3177 14180 8268 926 16187
6532 2326 2598 16187 16187 16187 16187 16187 16187 16187 16187 16187 16187 16187 16187 16187
2309 8719 2263 4853 9349 5867 14734 6365 16187 6546 2148 16187 512 15202 16187 929
2309 8268 7589 5463 405 926 12576 16187 9813 926 8268 12495 16187 14180 6011 16187
926 2082 8719 14734 8808 5867 4017 11789 5624 4776 9955 16187 16187 16187 16187 16187
4776 926 4931 1954 926 8268 10719 4776 2563 8268 4776 7610 4183 8268 8710 1750
4776 6664 8710 5286 3177 926 1955 4776 926 16187 14180 4776 2563 16187 2327 16187
1750 14069 8710 6259 6070 15147 10033 12805 16187 16187 16187 16187 16187 16187 16187 16187
8710 6259 734 6259 5217 15902 6161 14237 13084 1378 3177 4776 926 16187 14180 983
3171 8710 6259 8662 10686 3177 1138 8858 6390 9085 14029 6259 926 16187 7970 16187
7740 9429 11789 10394 6432 2903 15715 13467 16187 16187 16187 16187 16187 16187 16187 16187
6041 14069 8710 5329 1229 630 5713 14966 11889 9330 16187 12298 16187 16187 16187 2296
6041 8712 8710 5463 10011 16187 8449 5329 1229 2002 5656 15525 3177 4776 5777 3171
12650 15525 830 4776 926 8268 14237 12149 16187 16187 16187 16187 16187 16187 16187 16187
3171 2563 8710 6259 593 6521 7178 3177 6120 8268 2204 13587 16187 2097 3177 13250
15848 5011 3177 926 6259 8531 5867 1022 14237 6998 12099 1614 8974 16187 15096 1941
4311 1378 12965 7926 8710 9360 8719 6259 5200 8073 16187 16187 16187 16187 16187 16187
7877 5667 8710 4776 2400 5629 5341 8378 5867 8808 14237 4776 926 16187 13474 926
1885 14945 926 14776 2516 926 14237 7926 5208 3557 6259 926 16187 16187 2077 16187
14069 4931 10915 13084 10836 5629 1885 14237 4589 2681 16187 16187 16187 16187 16187 16187
4776 4152 8710 6070 2805 16187 9389 8719 3171 2563 16187 12311 16187 14058 5867 6550
4776 4152 91 8710 1344 3398 16187 11889 5463 16187 13216 16187 15096 16187 12349 15096
6259 7970 328 10283 13839 1919 3098 6499 14180 1778 16187 16187 16187 16187 16187 16187
12276 9574 8710 6535 3777 9574 16187 13341 16187 14237 14221 16187 12276 16058 16187 14029
6259 2601 5948 3177 2122 2563 16187 13876 14237 10026 16187 9332 16187 4776 2563 16187
830 9070 12716 8268 4776 191 15138 3177 4776 9577 8710 926 10588 5867 9534 16187
12008 5463 5867 15662 6259 10116 3177 13994 16187 926 14237 8712 13623 13348 16187 14350
12008 5463 4931 6259 15819 4994 2552 1955 9450 2191 3177 4776 6664 16187 10033 16187
14802 4776 950 15658 684 15783 8268 926 926 8268 9013 2837 9052 16187 16187 16187
3461 8268 8719 14180 8268 7740 5297 4531 4776 2563 16187 2308 15525 14069 16187 6231
3461 8268 7610 12233 12298 16187 13805 926 16187 13034 2903 4931 10566 3177 4776 926
7910 14029 4776 926 13975 9591 3847 11553 6826 703 5463 14776 10355 16187 16187 16187
3963 4531 3171 10033 8268 8712 4931 5329 14180 16187 14397 512 4537 7076 5463 3112
4776 10418 8710 10602 8268 10589 14766 926 5867 6718 4125 926 926 16187 926 16187
10975 5867 15250 4837 2053 14734 3994 14164 8268 100 8268 926 16187 16187 16187 16187
1885 926 12727 2053 2879 3994 16187 16187 16187 5568 4927 16187 926 16187 13034 14237
1885 4152 2894 7891 16187 4927 16187 8270 512 926 16187 9290 5867 926 16187 656
12008 4776 8521 4931 6259 10894 10399 12233 2186 16187 16187 16187 16187 16187 16187 16187
4776 14596 8710 5568 14231 2563 15978 3177 2263 6259 1435 14596 16187 11789 4776 12536
4776 14596 8710 11953 6259 8139 7556 5942 8268 14237 11900 7393 16187 8719 1583 16187
12 8710 15525 3177 12538 16187 16187 16187 16187 16187 16187 16187 16187 16187 16187 16187
630 2148 12495 4687 12233 15002 9498 15525 3177 4776 12835 1919 14029 4776 12835 16187
630 8270 512 2263 12422 14231 12007 10397 3177 4776 7157 4751 16187 6259 9385 16187
14237 8712 5867 12431 6259 14596 5463 8446 1919 1750 11953 2148 512 6661 7314 16187
3171 14596 8710 1507 8268 14237 2204 8268 503 8268 8676 8268 14237 8093 2296 14776
3171 4931 4776 14596 3177 4776 926 3177 4776 10033 3364 2823 8944 16187 926 14237
3644 9754 4552 5463 8268 7250 926 16187 16187 16187 16187 16187 16187 16187 16187 16187
203 6011 4552 9754 9429 5463 5867 15662 7740 1951 10299 3177 16187 1919 6259 926
5974 14776 9754 13051 10967 4994 8268 4325 8733 6259 10488 11953 8712 16187 16187 14219
14272 5208 7740 1436 2598 16187 16187 16187 16187 16187 16187 16187 16187 16187 16187 16187
8712 5867 1229 8569 5463 3388 1919 5463 8268 7740 2383 16187 15662 7740 973 6259
8712 5867 10355 1398 6071 14251 14237 3847 11553 8712 5867 3766 16187 6297 8270 512
14069 8710 9754 1157 10355 11953 3171 2563 16187 16187 16187 16187 16187 16187 16187 16187
3511 5463 4931 6070 2689 14237 8712 8710 6259 2689 10033 16187 3356 16187 9442 16187
3171 2563 8710 6535 1507 14237 7742 2608 14237 9625 16187 6070 7742 2608 16187 16187
1378 12232 9429 5463 3171 10033 8710 5329 6259 11063 16187 16187 16187 16187 16187 16187
2945 4032 9316 8268 14237 854 7314 11779 16187 16187 926 8268 14237 10709 16187 4404
3171 8710 2945 14635 3177 11608 8268 7970 14043 6259 10355 16187 16187 10983 16187 14237
1229 7740 15846 1042 6011 1919 3171 12650 3171 2563 13348 16187 16187 16187 16187 16187
1229 7742 8268 7740 5208 5329 2595 4776 6535 926 14237 5208 6011 5329 8069 9605
1229 6535 630 830 4776 13839 12233 4776 7310 284 14237 4776 10418 4931 3098 16187
5332 4624 2552 6259 926 14029 4776 1076 16187 16187 16187 16187 16187 16187 16187 16187
3171 8710 4776 14635 3177 2563 5463 7740 4931 2326 6748 15721 8069 6259 10355 926
3171 8710 2945 14635 3177 2563 9222 10394 8710 6259 9450 10399 12233 5522 1919 1138
14069 4931 6259 5948 3177 2550 8268 14237 6259 5948 3177 4971 16187 16187 16187 16187
4776 4152 8710 6070 2805 14237 779 3094 4776 745 3177 926 16187 16187 10217 16187
4776 4152 8710 6070 2805 14237 779 3094 4776 2946 16187 6133 16187 926 16187 16187
