7740 9004 7740 4931 15715 6259 8569 4779 13907 4776 5031 16187 16187 16187 16187 16187
6173 6259 63 5328 10244 13348 16187 926 16187 926 16187 13081 2968 16187 926 13348
6173 6259 63 5328 6259 1033 3211 8268 7740 12232 1436 5463 8712 5867 4537 11900
4776 14596 8710 15609 8268 14237 630 3177 4776 6664 9447 1755 16187 16187 16187 16187
4776 14596 8710 15389 11953 4776 10033 15881 6535 630 9332 16187 16187 15096 8268 12008
4776 14596 8710 2466 8712 6535 10355 14237 8712 3112 6011 9429 8712 1957 14180 16187
2446 8268 11637 5867 12474 2761 9498 5463 3177 13121 8404 1919 1781 11913 16187 16187
8712 2446 8268 12576 16187 7708 16187 15347 8268 8712 8710 4537 6259 10355 9577 16187
8712 2446 6234 10571 6585 12233 4776 4994 16187 926 16187 14241 16187 8185 16187 15071
3171 8710 6259 10033 15649 9957 2263 11338 16187 16187 16187 16187 16187 16187 16187 16187
3171 2563 8710 15804 14272 11953 5530 16187 11789 4776 9431 16187 8185 830 5820 16187
3171 8710 1954 1846 10033 5463 243 4776 9577 4189 16187 16187 16187 14350 14237 4776
4311 14069 4931 4776 926 3177 4776 926 15093 16187 16187 16187 16187 16187 16187 16187
4776 926 8710 8719 91 1955 6259 2689 8808 512 7926 5867 926 16187 926 16187
4776 926 8710 8719 91 1955 6259 10710 1955 5463 5208 6683 1957 4776 7151 830
4552 9754 2823 6381 3748 2837 14792 926 9216 16187 16187 16187 16187 16187 16187 16187
14139 9484 7740 15956 5463 10033 8710 9743 820 1750 2308 4776 3575 11889 5463 8719
14139 9484 7740 15956 3171 10033 8710 5329 5463 7740 5208 2823 5580 6854 216 14237
7416 926 14272 5208 7740 1436 2598 16187 16187 16187 16187 16187 16187 16187 16187 16187
926 14272 8712 3364 9754 8268 6011 11031 4537 16148 16187 926 8712 16187 4931 1515
926 1138 7740 1442 3171 2563 8268 7740 4931 2326 10866 8712 16187 14043 1138 5711
7740 12020 7740 771 8781 12495 16187 16187 16187 16187 16187 16187 16187 16187 16187 16187
12008 7740 2383 9431 7740 11553 4776 12459 3177 12276 926 14180 12276 7981 16187 983
12008 12654 3171 8268 7740 2308 3171 2563 8268 6259 5948 2148 16187 4311 16187 14029
13474 15881 3098 6276 10967 9457 926 14237 11615 3977 16187 16187 16187 16187 16187 16187
1885 926 8710 9332 8798 2860 16187 16187 7740 5917 926 4776 13896 926 16187 4421
8712 5867 9780 8268 14237 8712 5867 14411 16187 8712 5867 9780 512 4776 3532 16187
8712 5867 1954 926 2563 11889 13084 16146 16187 16187 16187 16187 16187 16187 16187 16187
4776 14596 8710 2466 10399 12233 14192 8268 12008 8710 8268 8712 8710 10716 12256 16187
8712 4931 1435 12495 630 12233 4776 6568 16187 11953 5463 6297 12349 9264 1787 14237
926 7668 14734 8268 2905 8268 7742 13474 7668 14745 15525 16187 16187 16187 16187 16187
582 8268 12716 8268 4325 188 16187 9605 13250 16187 6985 16187 14237 1110 16187 926
7926 926 13136 6905 16187 5580 3112 91 16187 954 14237 926 16187 10761 16187 9534
15408 12127 16146 926 8506 12233 926 13089 926 5656 4863 16187 16187 16187 16187 16187
9461 3177 15649 8268 4776 7310 284 14776 8270 830 3171 1378 1955 6259 8569 2563
12127 9575 3177 4776 10033 4931 14069 2148 1038 8719 4776 4440 16187 12633 14776 15525
926 8710 6259 1659 926 14237 7926 14237 9653 11553 6259 8888 16187 16187 16187 16187
4776 926 8710 6259 716 4142 926 14237 10242 10978 16187 11889 10355 16187 308 16187
4776 926 926 8710 10211 15776 8268 14237 7740 9084 9605 2148 3177 4776 926 16187
10399 12233 8158 8268 12008 10770 12233 9640 11953 16187 16187 16187 16187 16187 16187 16187
12495 8569 13852 9084 9754 9605 761 10244 13348 16187 13348 16187 13348 16187 13348 16187
8712 5867 12495 6535 3777 9706 3171 8710 5329 6259 10355 10033 12495 6918 16187 2122
7740 10716 9084 5329 10603 3171 2563 6070 12606 16187 16187 16187 16187 16187 16187 16187
12495 8569 5463 12232 9754 11553 12766 10471 8270 16187 4311 8712 16187 2461 16187 16105
5463 2563 4931 12495 10355 16187 7740 11553 12233 5243 14255 11331 16187 926 16187 3210
8081 2563 5867 926 8710 2296 926 16187 16187 16187 16187 16187 16187 16187 16187 16187
4776 559 8710 6259 5695 10033 5463 10272 12233 9605 10716 12256 1955 10336 8268 10770
4776 559 8710 6259 5695 10033 8268 4660 8268 10399 2340 5944 16187 16187 16187 15096
7740 12892 1378 10244 4786 1390 3418 3098 6006 12008 9450 6672 16187 16187 16187 16187
14919 15525 3177 9484 7740 4931 6259 9450 14255 5365 817 8268 1229 14221 16187 9715
14919 9484 7740 2308 3171 2563 16187 5948 2148 9332 16187 16187 9506 16187 926 16187
4776 5981 8710 1229 12349 4776 12489 5463 8712 11461 10586 16187 16187 16187 16187 16187
4776 15064 8710 9754 8712 14180 4776 2563 4931 6070 14186 3177 14320 16187 16058 16187
4776 15064 8710 2285 4152 8710 14397 10913 512 4776 4152 16187 14237 854 8710 1344
7740 2326 5208 2552 3171 1955 6259 4927 12233 10551 4776 15416 16187 16187 16187 16187
6173 3171 2563 4931 2326 8569 16187 4776 223 1813 12028 5867 10418 16187 15096 12233
3171 2563 8710 5329 8064 12233 7127 1019 14043 2823 491 830 6173 6259 9349 5867
8712 8710 9122 1919 3098 2122 14237 14652 7310 284 16187 16187 16187 16187 16187 16187
4776 15064 3847 9754 8712 5867 14691 5822 16187 8719 3171 1378 16187 926 16187 7438
4776 4152 8710 4776 5286 15043 2563 5463 1919 4776 2689 14237 4776 14651 10566 3177
6011 16138 11889 926 1390 16187 16187 16187 16187 16187 16187 16187 16187 16187 16187 16187
7740 15846 1436 5463 10501 9850 3847 903 2903 6826 2689 3575 16187 10114 8719 926
7740 1436 7740 771 13084 10400 14272 8712 4931 1229 14221 10967 4776 2563 16187 4537
3171 10033 3364 9884 771 630 2148 6985 8268 3364 9884 12766 8270 7742 13663 16187
8712 4931 1229 630 10355 16187 8974 5463 12291 3364 9884 12766 8270 16187 9316 16187
8712 4931 1229 15624 16187 8185 11553 2296 12766 6259 926 14237 899 1955 2296 5272
8712 3543 808 6011 3177 4776 4488 9138 16187 16187 16187 16187 16187 16187 16187 16187
8712 4931 9754 14180 8524 12233 11870 9625 4856 8719 1919 6071 16187 14043 10355 9424
8712 4931 12958 5463 7742 16187 16187 6011 16187 10214 16187 6161 8268 14237 5329 1954
7740 973 5329 13616 4776 10033 15846 4552 4776 9790 16187 16187 16187 16187 16187 16187
4776 2563 8428 7742 830 4776 2601 2563 1957 8506 8268 1954 191 4183 14902 16187
4776 2563 8428 7742 1919 6259 8157 3177 8808 16187 3211 10983 16187 9449 8268 12008
1955 7740 8592 4776 14596 4931 11300 16187 16187 16187 16187 16187 16187 16187 16187 16187
1955 8712 16187 3364 11553 12766 6259 8569 10033 830 6259 10355 983 16187 2712 16187
1955 8712 5297 1919 9070 8268 7740 2308 4776 2563 6070 2997 16187 12495 8569 16187
13474 5673 12233 9070 13474 779 6259 7620 13740 3177 926 926 16187 16187 16187 16187
926 12753 5463 7926 4537 3847 9754 265 16187 15721 14745 7926 926 14180 14734 926
8712 12514 14691 12008 7345 926 14029 4776 14294 5758 164 926 1726 6901 16187 12102
1098 16187 16187 16187 16187 16187 16187 16187 16187 16187 16187 16187 16187 16187 16187 16187
4776 6006 4931 9754 8569 14237 8069 4156 5297 926 1919 10217 2103 16187 3865 14237
4776 6006 4931 1022 14237 3098 9577 16187 14237 9332 16187 13616 16187 926 16187 1222
3171 8710 6259 2563 6011 4917 13086 12650 8258 6011 9085 16187 16187 16187 16187 16187
3171 8710 2945 14635 3177 2122 2563 5329 6259 5948 3177 4776 9577 16187 830 6071
3171 8710 12276 763 926 2563 2263 11401 7740 12232 2326 6635 8712 16187 8719 12276
13341 7970 16187 16187 16187 16187 16187 16187 16187 16187 16187 16187 16187 16187 16187 16187
4776 2601 7905 15211 7891 8268 2843 8268 14237 5329 4032 15715 16187 16187 16187 15715
4776 2601 2563 8710 6535 630 6259 14596 2894 8710 11953 5713 950 16187 926 16187
5341 2911 5867 574 830 10988 4931 11953 1955 10950 1955 6011 3364 9605 16187 16187
1885 8808 4931 9754 6070 15174 8268 12008 13474 13616 4931 3335 12233 2823 16187 16187
8001 3177 4776 926 15740 3177 14272 7740 11889 5713 926 12233 1706 16187 9264 8719
4325 14180 13758 1903 1919 15597 16058 16024 14237 14147 1185 16187 16187 16187 16187 16187
6550 4776 2563 8268 14069 4931 569 3177 8376 13311 10719 4776 2563 16187 11382 16187
6550 4776 2563 8268 14069 4931 569 3177 2997 8946 132 14237 4776 6006 9498 16187
8719 3171 8503 8268 8712 5867 4537 8443 14237 10974 16187 16187 16187 16187 16187 16187
4776 4152 8710 1229 926 10355 16187 1229 9450 3177 4776 9685 8710 2148 830 8712
4776 4152 8710 1229 926 14237 8712 8710 14691 12495 12820 16187 16187 6918 14237 8093
7377 3177 9850 16187 16187 16187 16187 16187 16187 16187 16187 16187 16187 16187 16187 16187
14919 15525 3177 4776 2563 8710 4776 564 3177 4776 10033 7740 8084 5329 11553 10967
2945 4032 9316 5463 14237 10355 6499 10967 4776 7310 284 14776 2446 14180 4776 4805
7926 2446 8746 2903 1919 6292 10163 8268 15658 15846 3818 14734 926 875 16187 16187
8712 5388 4776 926 1019 1955 926 6173 926 8710 5329 1378 3177 9743 8268 926
4776 926 8268 2446 7740 9884 9450 10298 8268 15 7740 8313 14691 16187 8719 4776
14180 703 13631 4311 8268 7740 14263 8712 1955 869 4098 1482 16187 16187 16187 16187
8712 5867 6070 11298 14237 203 2689 16187 5629 4776 5777 16187 16187 926 1957 16187
8712 5867 4537 1378 3177 9743 703 10394 14352 11889 203 4776 1065 132 13216 16187
14919 14139 9484 1889 13348 16187 16187 16187 16187 16187 16187 16187 16187 16187 16187 16187
14919 9484 7740 11553 8466 3171 8258 6011 11553 9754 8466 8258 16187 929 16187 8901
14919 9484 7740 2308 3171 2563 12606 1957 12291 16187 9442 8268 2563 5463 8093 8710
1954 6161 10033 16187 16187 16187 16187 16187 16187 16187 16187 16187 16187 16187 16187 16187
4404 1058 3177 15981 5867 4189 8710 4776 12894 3177 1138 1110 5711 16187 16187 926
4404 9332 9840 3177 4776 10033 8710 4776 926 6001 16187 14596 8270 16187 12767 16187
14069 5867 14691 8719 3171 10033 12233 2326 7568 6011 16187 16187 16187 16187 16187 16187
8712 4931 6070 2997 8268 12008 13436 10801 14043 2024 13348 16187 926 16187 5562 16187
8712 4931 6535 630 6259 10710 12008 14596 11953 4776 10033 16187 12349 4776 12489 16187
13474 2296 15881 491 830 1885 8569 6499 1125 9385 8268 9455 2598 16187 16187 16187
5889 16187 11162 4949 16187 10033 8268 4311 4776 8268 926 5867 5329 4776 10709 16187
5889 16187 7708 9290 8268 926 8710 1954 12256 10033 16187 14237 2326 3112 8712 16187
4776 2285 13839 8710 6259 2563 15480 14237 8710 3908 6259 2148 512 15819 15781 16187
4776 14596 8710 10394 6672 8719 4927 1954 9956 16187 14596 16187 926 16187 16187 16187
4776 15064 8710 9754 4776 132 14237 4776 10418 4931 5329 5463 10355 9890 16187 14237
7740 968 7676 3171 1378 2903 830 3537 6094 14237 113 2974 7544 8317 5568 16187
10571 14902 14237 11273 5463 7740 11553 6259 10355 983 16187 10709 16187 13348 16187 5534
10571 14902 14237 4927 3177 1382 3748 4776 10399 7520 7694 3748 4776 14207 10671 16187
926 926 8710 1954 8685 16187 16187 16187 16187 16187 16187 16187 16187 16187 16187 16187
4776 926 4931 5695 14237 8712 4931 9942 14537 16187 926 16187 763 16187 926 8719
4776 926 14596 926 4776 14596 2148 14854 8710 4776 926 14029 4776 10566 13783 1442
12716 13089 7740 12431 6259 2080 8719 1954 3888 1133 926 8268 7740 4931 10879 16187
1955 1919 4776 132 8268 5297 91 8710 4776 1781 2974 14237 8712 8710 6259 3098
1955 13474 8710 9389 14029 14745 16187 643 16187 11889 8719 8712 16187 12767 16187 12349
14237 7229 8710 6259 6181 16187 16187 16187 16187 16187 16187 16187 16187 16187 16187 16187
3171 10033 8710 6259 6070 4091 11032 3177 4776 8588 3177 926 16187 926 16187 10033
3171 10033 8710 6259 6070 4091 11032 3177 4776 8588 3177 926 16187 926 16187 926
1439 5867 10616 7117 926 12820 12431 2263 5946 91 16187 16187 16187 16187 16187 16187
15174 926 8268 5329 12495 630 14180 12349 4776 12489 16187 16187 2296 16187 6918 16187
15174 8536 284 1955 4087 926 4776 3184 16187 2598 16187 2598 16187 16187 1329 16187
8712 15452 11889 13852 8710 5967 12233 926 5947 926 16187 16187 16187 16187 16187 16187
8712 8710 1955 8693 3171 10033 8268 12013 8268 10669 8710 6259 9450 13348 16187 13348
8712 8710 4537 5433 1919 3171 10983 8268 14237 8712 8710 5673 1919 12611 16187 4707
4776 132 2837 926 10516 8710 6259 6741 7645 12233 4776 2563 16187 16187 16187 16187
4776 926 8719 4776 12529 3384 8710 6070 10355 16187 16187 926 16187 16187 16187 14125
4776 926 3177 4776 10033 8710 10716 2176 16187 16187 926 926 16187 926 16187 926
926 779 4776 14589 926 8710 926 16187 16187 16187 16187 16187 16187 16187 16187 16187
4776 926 14237 4776 926 8710 5297 13181 13348 16187 13348 16187 10036 16187 926 16187
4776 926 14237 926 8710 4776 13094 16187 926 8719 4776 2563 16187 6231 9852 4776
569 3177 820 15846 12102 3171 10033 8268 14237 6826 15846 1110 8712 16187 16187 16187
9790 8157 10033 10272 1885 13726 12233 645 926 15525 703 12495 8268 12008 4325 9498
2285 13839 8710 5967 12233 1436 8712 5867 14596 16187 16187 14237 2148 3177 6985 16187
4325 14776 14180 5687 830 2837 6259 6053 9290 11215 926 16187 16187 16187 16187 16187
3461 3171 13839 3364 9884 926 4776 2563 16187 8781 15525 3177 4776 926 13501 16187
3461 3171 13839 3364 9884 926 4776 10372 5463 8093 779 12766 926 16187 16187 2167
2429 7926 7076 6905 12008 8712 11900 7742 830 4776 2563 2263 14596 16187 16187 16187
3171 4931 6259 6070 926 12233 14952 8268 630 15840 14237 9484 16187 6535 14237 4776
4776 4152 8710 4776 12495 10355 9424 11953 4776 10033 8710 4776 10862 3177 4776 2176
926 14237 2156 14776 4537 1175 12893 15658 2326 5372 8719 15597 10638 16187 16187 16187
3171 2563 8268 8710 14180 11953 5463 8712 8710 9754 4776 2037 8268 7508 16187 926
3171 10033 6826 3098 9438 8710 4776 926 15658 3364 2823 10471 13348 16187 3137 16187
8712 5867 4776 2563 1138 14328 8689 5711 3543 11553 12766 13348 16187 16187 16187 16187
4776 926 11658 8719 926 11716 564 926 4776 2563 16187 4776 926 4776 926 5086
4776 11361 3177 926 926 14776 926 14237 4776 926 14776 8781 926 12233 15149 16187
8712 5867 5463 10355 16187 16187 16187 16187 16187 16187 16187 16187 16187 16187 16187 16187
8712 4931 9754 10501 3177 4776 14596 5463 779 6259 2326 16105 6071 2563 16187 10272
8712 4931 9754 926 8268 8712 5867 5329 4776 564 6683 830 4776 2563 16187 11889
6011 15846 12298 2903 926 1955 7740 9084 16187 16187 16187 16187 16187 16187 16187 16187
6363 9484 1138 2521 1957 4776 9827 5711 4931 6259 10355 5033 16187 2296 8974 16187
6363 9484 5365 8268 7740 4931 2326 1411 1919 3171 2563 16187 6535 14237 1885 12495
14180 8719 14180 6259 3098 10033 5463 7740 2326 4531 16187 16187 16187 16187 16187 16187
4776 5463 10709 8710 5329 4776 9790 926 7926 779 5825 16187 800 4440 16187 926
4776 14596 8710 6070 7594 14237 8093 2148 12690 512 2519 16187 11953 8712 16187 8230
12008 926 8584 12233 2451 8712 5463 4927 5152 16187 16187 16187 16187 16187 16187 16187
8712 5867 5329 1955 10355 1955 8712 13942 8268 14237 2599 15846 6096 16187 11553 1378
8712 5867 4537 10567 8268 14237 2148 512 7740 3644 9754 2823 6070 8268 14426 16187
14237 5329 4537 3177 8440 5714 8268 12008 4537 11953 12127 2365 9389 9424 16187 16187
12008 8712 3007 11889 13084 983 6422 1957 14180 10967 13580 4302 12233 547 16187 16187
8712 5867 5329 14180 8569 8268 12008 8712 4931 6535 3098 14237 8712 3847 9754 7448
5329 4032 630 983 16187 16187 16187 16187 16187 16187 16187 16187 16187 16187 16187 16187
3171 4931 2945 8270 8719 4776 4832 8268 12716 16187 5086 15525 14069 16187 5200 2687
3171 8710 2945 5329 8569 1378 7740 3364 8093 11553 926 6259 5878 954 16187 926
7740 12773 5695 703 10967 3171 10033 9706 4776 13839 16187 16187 16187 16187 16187 16187
12495 7758 16187 8268 12495 1507 8268 5329 14180 4776 9339 12835 16187 9506 3766 16187
12495 7758 16187 8268 12495 1507 1957 12291 8268 8069 8719 6259 4927 16187 4949 16187
5463 8592 8268 14069 14776 6826 6070 10355 15997 16187 16187 16187 16187 16187 16187 16187
4776 6664 8710 10355 8268 5329 8069 8719 3171 10033 8710 5463 1378 5208 2552 203
4776 6006 4931 6070 2997 14237 8712 12232 2823 6070 405 16187 14237 1229 6070 2689
12127 1378 3177 4312 16187 16187 16187 16187 16187 16187 16187 16187 16187 16187 16187 16187
4776 3942 8710 5463 14069 5867 5329 4776 5568 10355 9424 11953 4776 10033 4931 4776
4776 3942 8710 5463 5867 91 8712 8710 2326 630 5463 14237 7925 13348 16187 4832
8712 5867 11039 3177 4776 9442 14237 4776 11339 8746 11457 5231 16187 16187 16187 16187
4776 4152 91 8710 4776 14596 49 10967 5463 15594 5867 2148 2122 16187 5084 1955
4776 3942 8710 5463 5867 5329 6070 10355 16187 9890 16187 14029 4776 4750 16187 14125
14069 8268 2446 8268 3007 12233 2823 13084 5820 5138 8719 4776 9339 2175 8808 16187
4776 4152 8715 8656 4931 6070 6140 16187 11889 6826 3177 15597 7624 16187 16187 4707
4776 4152 91 8268 6689 1344 10355 8268 8710 232 16187 9540 16187 14241 16187 14029
8712 4931 8069 926 8719 926 14237 926 8268 830 6640 14833 16187 16187 16187 16187
8712 926 8712 5867 2752 14237 11842 14776 5695 14237 13811 16187 926 16187 4858 16187
4776 3511 8712 5867 926 2263 4949 8268 9790 1919 926 1955 4776 10033 10781 16187
12008 14069 8710 2446 13836 273 8719 5713 3772 16187 16187 16187 16187 16187 16187 16187
8712 4931 6070 13181 16187 14237 4531 8712 16187 830 8719 4776 10033 16187 12349 14237
8712 5084 6259 3098 2563 14237 6259 8439 13839 16187 12489 14708 16187 16187 10418 16187
12008 5713 14776 9160 4776 5309 926 16187 16187 16187 16187 16187 16187 16187 16187 16187
12008 12958 8710 5329 1229 39 8268 12008 8712 8710 6259 6070 7742 16105 16187 8656
12008 12958 8710 5329 1229 39 8791 2837 5463 926 16187 15096 16187 12208 16187 4776
2294 7926 1433 2858 4776 926 7740 9004 13832 10953 1957 203 1405 7926 13081 16187
4776 9216 15142 8712 1138 4776 11008 2563 6041 4776 926 13348 5711 16187 1138 926
4776 766 8268 4776 926 4931 926 8124 8268 926 8268 8069 3699 10355 14596 8268
7740 12232 4142 8154 3171 1378 13348 13348 13348 16187 16187 16187 16187 16187 16187 16187
6363 9484 3171 2563 8710 1229 8569 14069 13348 16187 2974 13348 16187 13348 16187 2974
6363 9484 3171 2563 8710 12495 15096 12233 11553 1954 12349 4776 12489 8385 2563 16187
8712 5867 4776 926 1110 6297 8268 14237 1957 4776 9790 983 8712 5867 5329 16187
4776 4927 8712 5867 91 8712 8710 8719 3511 16187 9790 16187 16187 15096 14237 9577
4776 5522 1919 926 5867 7937 4931 13181 16187 12489 3177 16187 16187 13081 8069 926
4776 2285 14596 926 1778 7804 4240 926 1955 7742 1955 4218 16187 16187 16187 16187
4776 2595 5629 1885 14237 926 14237 8710 14734 926 16187 10501 16187 16187 11162 16187
4776 9040 8710 5297 14029 4776 4701 14237 4776 2365 10397 8710 1957 8712 830 8712
15827 8710 4776 12337 8455 14766 2563 16187 16187 16187 16187 16187 16187 16187 16187 16187
3171 8710 10373 1378 3177 4776 4267 1133 7740 11553 8084 8466 16187 8719 4776 10033
3171 8710 2945 14635 3177 2563 16187 1684 14237 5086 14237 2148 5328 8710 4776 926
6259 4152 7740 9884 8466 6259 6418 12291 8258 5208 5297 8018 9070 3730 16187 16187
4776 2563 8710 1507 14237 4776 10418 4931 10355 8268 5329 12495 16187 1957 8712 16187
4776 4302 1167 1042 10915 14691 12233 2823 15288 16187 10566 3177 4776 926 16187 12233
6259 15335 12028 929 13474 8710 926 4776 10825 5095 16187 16187 16187 16187 16187 16187
4776 2601 10332 14029 12825 13982 7480 16187 15096 9519 926 1957 14734 11247 2563 16187
4776 2601 2563 9004 1229 2326 926 3994 15649 8710 12495 13178 4776 2563 16187 4776
14272 14776 6011 6391 2598 16187 16187 16187 16187 16187 16187 16187 16187 16187 16187 16187
8712 3847 9754 11553 5463 816 5463 7740 9084 16187 8360 830 7345 16187 5774 5095
8712 3847 9754 4189 14029 9890 13182 16187 8569 6011 11889 8712 14043 8069 2461 16187
4325 12892 2904 13084 13353 11953 14745 16187 16187 16187 16187 16187 16187 16187 16187 16187
3171 8710 5329 15389 2122 3098 2122 16187 7742 15096 1941 16187 14237 13000 4932 8309
3171 8710 2148 10770 16187 14237 7740 2326 9429 16187 983 14237 3553 16187 4931 8781
4325 4552 9754 15956 15662 4325 4552 3171 8268 8712 8710 10716 8719 15597 584 16187
13341 6173 14180 2946 16187 8733 1954 14419 13348 16187 13348 16187 926 16187 8569 16187
6173 8268 3171 2563 939 6011 2326 15956 10355 9288 16187 2122 2563 16187 10272 12233
3929 926 5867 2363 8710 7367 14237 11773 16187 16187 16187 16187 16187 16187 16187 16187
10710 14596 16187 10710 12008 8712 5867 1954 14766 2122 2563 16187 926 16187 6297 10440
10710 1404 8710 14180 8712 13942 12233 2823 91 16187 8719 4776 10033 16187 2326 3112
8712 939 13799 5208 8733 1954 9332 10033 1919 10144 9955 13348 16187 16187 16187 16187
3171 1507 14237 3847 5463 7742 8712 8710 5329 6259 8270 7742 4032 8712 16187 9332
3171 10033 4931 10915 8124 16187 983 14237 14581 16187 16187 8719 14180 16187 14237 926
7926 13273 4776 8808 926 14237 4776 8808 8710 6724 7393 1955 7742 16187 16187 16187
4776 7954 14237 9784 15873 14745 12945 16187 14596 6259 5948 3177 11798 16187 10918 16187
4776 14596 8242 1919 4776 926 926 16187 926 16187 5796 1229 14976 926 14776 5297
8719 4776 12298 8268 926 8710 6259 10770 8268 8798 15653 9625 10033 16187 16187 16187
4776 4152 8710 1344 10355 14237 1229 9450 3177 4776 6664 16187 12835 5463 9780 8588
4776 4152 8710 6070 4142 926 16187 8719 4776 5562 3177 4776 10033 10781 13348 16187
9311 11953 926 16187 16187 16187 16187 16187 16187 16187 16187 16187 16187 16187 16187 16187
3171 8710 2945 14635 3177 2563 5463 5208 2823 1959 12349 14237 12349 10036 13348 16187
3171 8710 4537 1378 3177 4776 10566 6987 926 3177 4776 4992 3177 12891 14237 1694
680 8710 4776 2115 8693 1435 9301 3177 643 8719 6259 5414 140 1243 10918 16187
4776 559 8710 6259 5695 10033 8268 4660 8268 10399 2340 5944 16187 10399 12233 13317
4776 559 8710 6259 94 12495 630 5463 14237 2148 926 8710 5329 4776 926 16187
2977 926 5867 926 779 6259 15015 7014 13348 16187 16187 16187 16187 16187 16187 16187
8710 8712 926 3177 4776 10501 3177 4776 7612 5867 16016 8268 926 16187 926 16187
8712 8710 6259 14221 2148 7945 10033 512 4776 926 5867 926 8710 4776 926 926
6070 14902 16187 16187 16187 16187 16187 16187 16187 16187 16187 16187 16187 16187 16187 16187
6070 10355 12364 8712 11900 830 4776 14180 4776 1583 16187 13023 14237 4776 9385 16187
6070 10355 13348 16187 1430 9793 8268 2122 16187 4552 16187 3765 10355 16187 7610 16187
4776 4125 3847 9754 15956 203 12233 1865 16187 16187 16187 16187 16187 16187 16187 16187
4776 6664 8710 7742 13663 14237 13084 4152 8093 5226 16187 926 16187 8708 16187 7164
4776 6664 8710 7742 13663 14237 13084 4152 8093 5226 16187 14834 2563 16187 4832 16187
8069 1138 4776 12850 9577 14029 12625 5711 771 13441 8719 8712 16187 16187 16187 16187
4776 2053 7986 3994 8011 8974 5463 4927 14069 8710 4776 14596 16187 12495 6985 12233
4776 2563 4931 2446 6259 3192 5033 3211 1919 6259 5948 3177 11901 3727 13701 8268
8719 3511 4537 4552 9754 11553 6259 9385 926 1957 14180 16187 16187 16187 16187 16187
4776 8808 4931 5329 1229 4776 12536 16187 414 16187 2326 6918 16187 16187 1957 12291
4776 8695 3171 1957 13208 14237 4931 8712 6259 10355 6006 16187 4832 16187 13216 14029
7740 1951 6259 2199 12 1439 14230 15658 6535 630 10866 3171 2563 16187 16187 16187
14919 15525 3177 9484 16187 6535 10355 9450 12495 16187 15096 1941 16187 4776 2563 16187
14919 9484 9296 7740 11553 1959 4776 10033 4931 9754 1955 10355 1955 5891 2191 16187
12008 8268 7740 12232 8154 8712 2148 12233 10671 3177 4776 13839 16187 16187 16187 16187
3171 2563 779 12233 2823 7723 8268 926 14237 926 1750 6826 3177 4776 15180 1919
12008 8712 4931 7742 10471 14237 9591 16187 2326 8733 8712 10355 1378 16187 9723 926
8712 5867 14180 4537 6388 16187 16187 16187 16187 16187 16187 16187 16187 16187 16187 16187
8712 5867 6070 10011 8268 14043 12495 9625 830 8268 8676 8268 14237 6826 14776 926
8712 5867 13084 1957 10983 16187 14237 854 16187 14237 2689 16187 9332 16187 4687 16187
15649 8710 5329 14180 8569 8268 12008 8712 3847 3818 8423 405 14237 10035 16187 16187
4776 14596 4931 6363 9484 16187 1507 12291 16187 10114 8913 16187 5286 8268 9332 6683
4776 14596 8710 2466 10399 12233 2552 5463 8712 5867 6535 10355 16187 16187 6152 14237
8712 4931 1138 7909 1153 5711 16187 16187 16187 16187 16187 16187 16187 16187 16187 16187
8712 4931 10915 49 10967 2837 926 16187 6259 8124 7900 14180 9743 8719 16187 16187
8712 926 10915 7733 4776 9577 1955 926 16187 830 14734 926 16187 16187 2296 926
14237 7843 4931 1885 3653 3177 7063 926 5867 1138 926 5711 3171 2077 13555 16187
4776 1736 3177 6259 8124 10033 8268 6259 5948 3177 10770 13348 16187 14514 16187 564
4776 1736 4931 6259 4949 926 1957 4776 12298 16187 2296 926 2837 926 16187 926
4776 2122 15452 10355 8268 4776 2563 15452 13522 14237 7259 8268 926 8268 2843 16187
4776 2285 13839 8710 3098 8268 12495 16187 14237 4776 5820 14596 3177 4776 10033 16187
4776 10355 10523 4642 8268 4776 926 9084 8710 12307 10400 16187 14237 8712 8710 1344
3171 13734 8710 7518 14029 4776 13829 476 5568 16187 16187 16187 16187 16187 16187 16187
4776 2601 14596 10140 6011 10967 4776 10442 3177 4776 13555 16187 13758 15525 3177 16187
4776 2601 4152 8710 5329 13663 7508 8268 6070 12606 16187 11063 2780 16187 926 16187
8069 12233 3171 11401 926 5297 2737 2837 8712 16187 16187 16187 16187 16187 16187 16187
8712 4931 6259 12650 5463 8268 6259 926 8268 1502 926 15649 14776 2446 8270 16187
15388 2894 10211 8268 6259 5820 14596 8268 6259 6070 926 4152 12008 8710 5329 4776
3539 8710 5967 16187 16187 16187 16187 16187 16187 16187 16187 16187 16187 16187 16187 16187
9461 3177 2122 4440 8268 7740 2326 4531 4776 2601 5948 2148 10913 512 8712 16187
9461 3177 8339 1378 3644 9754 789 15002 4776 14237 14075 13449 3177 3171 2563 16187
2466 12233 4149 4368 8268 12008 5463 5867 2326 4404 14596 16187 16187 16187 16187 16187
8712 5867 2466 10399 12233 10503 8712 13942 6011 2326 4552 5463 703 16187 9264 8974
8712 5867 1955 14221 1955 3098 8200 8268 9331 6011 14237 8712 15525 3177 4776 983
926 16187 16187 16187 16187 16187 16187 16187 16187 16187 16187 16187 16187 16187 16187 16187
4776 926 4931 1229 10710 14237 8712 8710 2326 2689 16187 9442 5030 5057 6527 16187
4776 10033 2326 8710 14272 7740 8152 4931 1138 8719 4776 926 16187 10033 16187 1507
14237 14069 8710 6535 630 7945 926 5463 5627 8710 9754 6070 10355 16187 16187 16187
3171 2563 8710 2945 4032 15715 830 10671 3177 5722 14043 800 8185 16187 9084 16187
3171 10033 8710 5463 2543 8719 6259 8081 2053 926 3994 6259 9385 16187 13348 16187
4776 2563 4537 5143 4776 926 13876 14237 8808 10801 16187 16187 16187 16187 16187 16187
4776 8808 4931 926 10967 4776 10566 926 12007 8268 12008 1872 1955 7742 16187 9316
4776 3511 5463 8712 8710 1229 630 14591 8268 5329 830 4776 2285 2563 16187 983
4240 3171 4776 926 16187 16187 16187 16187 16187 16187 16187 16187 16187 16187 16187 16187
4776 745 4931 6259 926 10967 4776 14596 4493 16187 6423 16187 14603 926 16187 16187
4776 745 4931 6259 926 10967 4776 14596 4493 926 6423 4776 14603 1787 16187 10272
7740 5208 5174 1919 8712 16187 16187 16187 16187 16187 16187 16187 16187 16187 16187 16187
12495 8569 14069 8268 3171 8710 9754 8569 8268 3171 1378 5208 5329 2823 926 16187
12495 8569 5463 7345 11839 5064 771 15389 13129 12233 1436 16187 8712 13623 14350 16187
12008 7740 12232 5297 4142 8154 926 830 6259 3098 2712 16187 16187 16187 16187 16187
12008 5463 5867 4776 10355 954 4776 2563 16187 2296 2823 6259 9450 16187 14237 14029
12008 5463 2563 4931 5627 2780 16187 10501 16187 2563 5656 12233 4776 13188 16187 983
7740 4552 9754 10603 1115 16187 16187 16187 16187 16187 16187 16187 16187 16187 16187 16187
12495 8569 13852 6011 3644 9754 3432 1919 3171 1378 1093 8268 12495 16187 12233 4776
7740 3644 9754 8154 12416 10671 3177 1245 16187 6500 8268 12008 6011 4628 9754 2823
12135 13255 9528 4776 1787 13089 10094 7164 9666 15597 926 16187 16187 16187 16187 16187
13386 926 9498 12489 3177 5713 8268 4776 10686 16187 6297 2365 12051 8719 4776 4440
14734 6664 8710 4831 12008 4142 232 8268 5329 5329 4776 14596 16187 7100 14029 16187
4776 10033 8710 7518 14029 4776 15939 926 13454 2837 926 926 16187 16187 16187 16187
4776 745 4931 6259 926 10967 4776 14596 4493 6259 926 16187 16187 926 16187 2563
4776 745 4931 6070 926 14237 13811 8710 4776 8521 16187 11118 16187 423 16187 9813
926 13348 16187 16187 16187 16187 16187 16187 16187 16187 16187 16187 16187 16187 16187 16187
4776 14596 3171 7589 3177 926 5867 926 8710 10355 14237 10770 12233 12650 16187 16187
3171 10033 3364 11553 12766 2148 13929 13348 13348 13348 16187 3137 2150 16187 926 16187
14069 8710 6259 1435 10501 12233 3171 10033 4689 1110 15649 5208 5329 2823 926 16187
3171 14596 8710 1507 8268 14237 5138 8268 8719 3511 16187 926 16187 14029 10217 16187
3171 10033 4931 6259 6070 6013 10716 9605 1378 12276 10211 16187 16187 16187 3451 12276
7740 3644 9754 9429 3177 6259 5033 2148 3234 512 5463 16187 16187 16187 16187 16187
12008 12654 14180 4776 16068 8712 414 8268 7740 2308 15850 1957 5217 6535 6918 16187
1957 9431 7740 771 5329 5226 4776 132 3177 4776 4750 926 8710 5329 3765 231
4624 11553 4172 926 8268 1378 3177 4776 12850 2946 15525 14069 10315 4421 926 16187
8712 4931 6259 5948 3177 10770 16187 16187 14237 12003 3211 16187 16105 16187 7178 16187
4776 2563 10781 8710 6259 9450 10894 12495 630 12233 10101 8268 9563 4776 16153 16187
1811 1019 926 926 6173 8710 11039 3177 1515 9230 16187 16187 16187 16187 16187 16187
6259 1592 3177 6259 2400 8710 8466 5629 926 14237 13940 926 16187 2858 926 16187
6259 1592 3177 6259 2400 8710 8466 5629 926 14237 13940 16187 5217 16187 14043 1957
7740 11530 12958 11953 3171 2563 14237 7740 2308 14691 12233 8217 11953 16187 16187 16187
12495 8569 5463 7345 11839 5064 771 15389 13129 12233 1436 16187 10114 5257 3177 16187
12495 8569 8268 1229 3847 9754 2326 630 5463 2598 16187 926 16187 1229 12349 16187
13142 926 8710 6259 3384 926 1955 13034 15387 15221 16187 16187 16187 16187 16187 16187
3171 8081 4379 10033 926 926 5867 926 16187 9290 1955 7742 16187 14237 926 4039
6905 8710 14816 926 8719 4776 5562 16187 10033 13348 16187 13348 16187 13348 16187 6569
5568 3942 8710 7926 10880 8712 13089 4325 13931 820 16187 16187 16187 16187 16187 16187
4776 1435 14596 926 12008 779 6259 926 3177 6259 926 16187 14596 16187 926 16187
8712 9113 11191 12233 2552 6259 5948 3177 5138 16187 926 16187 926 16187 5200 16187
6173 16187 16187 16187 16187 16187 16187 16187 16187 16187 16187 16187 16187 16187 16187 16187
4776 9431 4931 6259 10355 2563 7740 11553 8093 8466 14112 11889 6259 12012 13348 16187
4776 2563 8710 6259 1507 6688 8710 11789 1955 7310 16187 16187 9925 1042 4776 10033
14139 15525 3177 9484 9574 7156 16113 1482 12233 1482 16187 16187 16187 16187 16187 16187
3171 2563 4931 4537 6070 9625 16187 14029 1583 8268 8712 4931 12349 16187 15624 16187
6259 14139 10619 9484 14180 6011 11553 9754 12467 16187 11889 3171 1378 16187 14373 12805
9253 926 14362 1955 2689 950 2296 1465 203 12233 8733 2904 11728 16187 16187 16187
1098 6499 8268 7742 16187 9736 3886 4537 11953 8712 14180 5463 14776 16187 12495 16187
1098 6499 8268 503 8268 926 8710 4537 6070 10355 16187 16187 954 16187 12135 11889
4776 6928 14826 3177 4776 9960 2598 16187 16187 16187 16187 16187 16187 16187 16187 16187
4776 63 5328 779 7458 8268 12008 13084 20 16187 11022 16187 10033 16187 10566 3177
4776 63 8710 5463 6445 4776 284 14776 4776 7310 284 14776 3098 16187 1383 16187
6285 8396 7076 10217 10638 1955 4776 2053 10355 3994 14237 2053 4750 3994 926 16187
4776 16146 10887 12723 8710 4776 926 3177 6259 8081 7913 926 16187 512 926 16187
4776 8081 13765 13341 3366 5656 1919 10217 9780 13055 3177 4776 2563 16187 4776 926
926 5867 8148 6683 13178 16187 16187 16187 16187 16187 16187 16187 16187 16187 16187 16187
8712 8710 926 5463 4776 926 779 5297 926 12233 4776 10033 926 16187 926 16187
8712 8710 5641 16187 16187 3192 16187 16187 14350 16187 6500 16187 14180 1941 1941 1919
4776 9290 8710 6259 926 12233 4776 1787 16187 16187 16187 16187 16187 16187 16187 16187
4776 745 4931 6259 926 10967 4776 14596 4493 1954 6985 16187 16187 10810 16187 5297
4776 745 4931 6259 926 10967 4776 14596 4493 926 6423 8712 16187 926 16187 5332
6407 4039 5867 10501 8710 4431 91 16187 16187 16187 16187 16187 16187 16187 16187 16187
2263 2945 14596 5463 1378 3177 4776 4267 10973 3177 8503 14237 6259 6809 16187 926
2263 2945 1378 3177 4776 100 2563 5463 15846 2823 5580 12328 16187 14237 14651 16187
3098 3384 8268 12008 1378 5463 8710 6070 4687 12233 7535 16187 16187 16187 16187 16187
8712 4931 12495 10399 12233 15956 16187 6535 8569 16187 14237 8093 14156 16187 15096 9594
8712 4931 450 8268 2684 8592 5463 4189 16187 3098 16187 9890 16187 6011 15956 8712
9441 1147 3543 2552 3171 12256 7937 3177 4189 16187 16187 16187 16187 16187 16187 16187
8710 6259 14241 3177 10394 6672 8710 6388 16187 2097 6161 16187 14180 2713 16187 11382
8710 6259 15174 1146 7652 830 12128 14237 6259 2563 830 13084 3141 5463 5867 16146
1378 3177 4776 15358 8710 5329 6259 6284 8226 16187 16187 16187 16187 16187 16187 16187
4776 15174 574 830 9070 8268 7740 4931 1515 12233 2823 6259 3636 7937 5711 16187
4776 11998 8344 830 9070 4931 13529 7229 16187 484 9754 8733 2191 16187 13348 13348
14180 5463 5867 14069 16187 16187 16187 16187 16187 16187 16187 16187 16187 16187 16187 16187
4776 14596 4931 6070 7742 10471 16187 11889 4776 5562 16187 16187 2563 16187 5498 5568
4776 14596 4931 3356 14237 8368 3177 10355 16187 4832 16187 5329 2689 16187 9506 3766
14237 9296 4776 308 13345 830 10781 16187 16187 16187 16187 16187 16187 16187 16187 16187
3171 2563 8710 2945 4032 15715 830 10671 3177 5722 14043 800 8185 16187 9316 16187
3171 2563 8710 2945 4032 6259 6683 16187 14635 3177 1954 10244 14237 2327 16187 8554
4776 14596 8710 8423 9332 16187 16187 16187 16187 16187 16187 16187 16187 16187 16187 16187
4776 14596 8710 2466 10399 12233 14192 8268 12008 8712 8710 9332 16187 7724 8268 4776
4776 14596 8710 2466 10399 12233 14192 8268 12008 8712 8710 9332 8268 14237 8712 5867
5627 15525 3177 9484 16187 16187 16187 16187 16187 16187 16187 16187 16187 16187 16187 16187
6259 9484 9487 1033 8726 14397 10355 14237 6070 232 16187 512 4776 12835 16187 7742
6259 9484 9487 1033 10862 3364 11553 2326 15838 4776 7678 16187 14237 7740 2308 8712
3171 8710 4404 8656 926 14426 5463 7740 9431 1442 1954 10571 15096 983 2968 16187
4776 63 5328 8710 6259 5314 8350 950 16187 6259 926 16187 16187 926 16187 16187
4776 14596 4931 6259 6070 1507 6688 1957 12291 16187 8608 13348 16187 14221 6348 1543
4552 9754 2526 830 12 16187 16187 16187 16187 16187 16187 16187 16187 16187 16187 16187
14919 9484 3171 2563 4931 2326 8569 16187 8268 14237 8712 5867 5329 14180 16187 983
14919 9484 3171 2563 4931 5329 5463 8569 2123 14237 5329 5463 10355 16187 9442 9575
7027 10462 15096 926 12233 6276 10483 4776 5375 16187 16187 16187 16187 16187 16187 16187
12276 1453 4609 14237 6826 10418 8710 6070 8268 6070 10355 8268 12495 16187 16187 16187
1378 2148 176 3177 4776 7670 3999 6445 926 7345 14595 3748 1955 11693 16187 859
12233 2823 5415 12276 5820 3942 8710 4776 10033 5867 14426 12213 12495 630 16187 16187
12958 8710 2844 14237 12349 4776 12489 8268 12008 4776 10033 8710 5329 4776 12835 16187
2263 5329 6259 14596 5463 3112 8712 13623 14350 16187 1644 12233 15466 8268 1957 14180
4776 5138 4931 926 16187 16187 16187 16187 16187 16187 16187 16187 16187 16187 16187 16187
4776 3511 5463 8712 8710 1872 830 6931 8268 7926 15452 11889 6259 9780 16187 2563
4776 15064 3177 3171 10033 4931 9754 8106 14237 4776 10418 4931 13074 16187 14180 4776
1543 7926 3293 14734 926 16187 16187 16187 16187 16187 16187 16187 16187 16187 16187 16187
8712 8268 6011 5208 5329 2823 8017 16187 926 8719 4776 15939 16187 9070 1750 4421
8712 8268 14237 6826 10355 926 16187 7740 4931 926 1919 926 926 16187 16187 4311
1138 926 926 5711 8710 1941 14237 1138 5711 926 2263 3087 16187 16187 16187 16187
4776 2285 6801 4931 7740 11553 6259 926 830 4776 2563 16187 926 16187 3192 16187
4776 926 926 8710 2263 6259 926 16187 926 16187 926 16187 2053 5530 16187 10033
6173 16187 16187 16187 16187 16187 16187 16187 16187 16187 16187 16187 16187 16187 16187 16187
4776 9431 4931 6259 10355 2563 7740 11553 8093 8466 14112 11889 6259 12012 13348 16187
4776 2563 8710 6259 1507 6688 8710 11789 1955 7310 16187 16187 9925 1042 4776 10033
12272 926 8710 8093 15624 8268 8719 12630 3177 4776 3369 3177 4776 10033 16187 16187
5414 926 8719 4776 6070 926 14237 4776 10418 4931 12256 14237 4776 10418 4931 2446
5414 926 8719 4776 6070 10442 4931 2446 3177 4776 6070 10355 91 16187 2997 91
12654 3171 12881 12162 2595 4776 926 5046 3847 9754 10259 8719 7377 16187 16187 16187
6826 9229 3171 8710 4776 7610 4183 8719 16187 983 8268 12495 16187 12233 1436 16187
3511 8710 5463 4776 2601 2563 4931 2326 10355 8268 9563 1919 4776 926 12835 16187
4776 6593 14776 5822 16187 16187 16187 16187 16187 16187 16187 16187 16187 16187 16187 16187
4776 4152 4931 10355 8268 14237 684 15525 14069 16187 6070 9332 16187 6070 7742 16187
4776 14596 4931 1344 10355 14237 1229 4776 10033 4931 12349 16187 13298 16187 5253 16187
7740 1442 14734 13103 8268 14237 7740 2326 11889 14734 2033 16187 16187 16187 16187 16187
1998 16187 7367 14237 2122 6683 3177 15762 16187 14237 13141 6259 14397 14192 16187 16187
1998 16187 551 512 926 14237 10401 16187 12495 15096 16187 12349 15096 132 16187 9817
7740 1442 3171 2563 8719 12544 14029 4776 926 926 13089 7740 4931 14919 16187 16187
3511 8710 5463 6070 11788 14237 5329 10418 10355 11953 4776 10033 16187 926 8712 5867
3511 8710 6259 4156 8311 8268 4931 3745 8268 14237 6259 9450 9082 16187 512 9264
4776 14596 14029 10781 8710 9754 14180 5463 9780 10967 16146 10011 8185 16187 16187 16187
4776 15064 8710 9264 8974 16187 10011 8268 12008 5329 6259 3098 2563 16187 1919 4776
4776 14596 8710 11953 4776 14596 8268 14237 8712 4931 1344 10355 14237 4776 10418 8710
3171 10033 14281 8710 12256 12008 8712 8710 5329 3257 1957 4776 9790 983 16187 16187
4776 15064 3177 3171 10033 4931 9754 8106 14237 13811 8710 6070 13181 16187 16187 16187
4776 15064 3177 3171 10033 4931 9754 8106 14237 13811 4931 13999 16187 6070 12690 16187
14069 14776 13084 15721 830 5463 9534 16187 16187 16187 16187 16187 16187 16187 16187 16187
4776 6664 8710 7742 13663 14237 8093 4225 16187 771 2191 16187 8781 16187 16187 9442
4776 4152 8710 7742 13663 14237 6182 6826 15174 1684 16187 14237 2148 926 16187 16187
13474 9084 9754 8268 1229 4325 9084 9754 8268 1229 8712 5867 5329 16187 16187 16187
8712 2446 7568 6011 16187 7185 6011 1955 7742 16187 16187 11789 10299 16187 14397 512
8712 2446 118 9070 12233 5807 8268 1138 14272 6011 7001 16187 9642 12149 16187 8185
1229 12650 15525 12683 7796 5183 16187 16187 16187 16187 16187 16187 16187 16187 16187 16187
12495 8569 8268 1229 3847 9754 8712 4931 1229 5463 4931 8423 9313 16187 16187 16187
12495 8569 16187 14139 16187 8569 16187 16187 2689 16187 9484 16187 10879 16187 14426 3177
14237 4776 6544 2598 16187 16187 16187 16187 16187 16187 16187 16187 16187 16187 16187 16187
4776 14596 10781 8710 6535 10107 15202 6011 9223 1957 4776 9834 16187 8368 16187 1348
4776 14596 10781 8710 6535 10107 15202 8726 6011 14776 14180 11039 3177 15525 3177 12291
4552 9754 14518 8712 12233 2823 1115 16187 16187 16187 16187 16187 16187 16187 16187 16187
3171 3847 9754 6683 6259 13644 7576 7740 3364 11553 6826 10355 7981 8719 3171 10033
3171 3847 9754 3249 14029 12008 6259 10894 13089 8712 4931 6259 10887 1621 12965 2563
7740 9429 7740 9277 11553 926 15202 9296 12669 12008 5463 5867 8712 16187 16187 16187
7740 9429 7740 15956 15662 7740 12232 1436 5463 1138 1110 5711 16187 10033 10918 2903
7740 12020 6011 7742 8268 4552 5329 8466 8712 14029 4776 3504 3177 8726 10355 9288
14237 14272 9498 4325 3908 1919 5463 3011 11899 8268 6073 9395 2598 16187 16187 16187
3171 10033 8268 12716 8268 6227 13592 14075 7478 16187 16105 16187 13844 2837 926 16187
3171 2563 8268 9084 5329 11553 8712 771 10355 15768 8719 926 16187 15096 1941 16187
9150 16187 16187 16187 16187 16187 16187 16187 16187 16187 16187 16187 16187 16187 16187 16187
10887 240 91 2016 8557 8719 14734 9431 13422 10033 2493 14237 3579 4776 2563 16187
12489 14708 10418 14237 13811 8268 8676 14776 2176 14237 4776 7310 284 9498 16187 16167
926 8710 4776 5878 9869 14237 1136 14164 16187 16187 16187 16187 16187 16187 16187 16187
4776 745 4931 6070 14273 10294 12008 6259 926 3177 8712 5867 3908 8712 16187 4032
4776 745 4931 6259 926 10967 4776 14596 4493 6070 8569 16187 5332 14125 4776 5095
12716 926 3847 5288 8158 4776 6465 12233 12128 16187 16187 16187 16187 16187 16187 16187
8712 2446 11118 5463 4776 10418 8710 9754 1955 7732 1955 8712 8710 16187 5217 15902
8712 2446 11118 5463 4776 10418 8710 1955 7732 1955 8712 8710 16187 5217 16187 14237
5288 8268 3171 10033 8710 6259 14200 12233 13468 8719 12127 4927 786 16187 16187 16187
3171 2563 8710 6259 6070 4091 11032 3177 4776 8588 3177 926 16187 926 10033 16187
3171 8710 6259 6070 10355 14237 10336 10033 16187 12495 9736 12495 16187 16187 10913 16187
14069 8710 4665 3177 13181 12051 8719 4776 13607 16187 16187 16187 16187 16187 16187 16187
5414 10033 8719 5463 5713 14776 10915 12256 14043 4776 7310 284 14776 2446 2823 6259
8712 8710 11546 9222 6259 2563 16187 6259 11401 15658 16105 4776 10033 1957 4776 12298
5937 13734 15846 11606 2823 926 14029 4776 926 6888 1390 5627 5889 12455 16187 16187
14919 9484 9296 7740 4931 6391 15389 6672 2837 9655 1157 3177 4776 4152 16187 4776
14919 9484 4776 3718 3177 7145 16187 926 926 11553 12233 11553 6259 6655 1787 4776
3192 8506 15232 4421 926 1955 4776 926 14237 4776 13226 4906 14148 16187 16187 16187
3171 8710 6259 12092 8798 6070 8866 6801 830 4776 7898 16187 4874 8949 5711 16187
7542 8712 4931 6259 10355 2563 16187 8569 14237 4776 9442 9311 1954 9332 8808 4128
3171 8710 1378 3177 4776 16065 8185 8084 16105 16187 16187 16187 16187 16187 16187 16187
3171 4931 6070 3932 8719 2053 1403 3994 16187 4931 4537 16187 8794 1369 14237 8093
3171 4931 6070 3932 8719 2053 1403 3994 16187 4931 11499 12233 1959 3171 2563 16187
14180 4776 2689 14465 13758 8719 926 3766 16187 16187 16187 16187 16187 16187 16187 16187
4776 6729 4931 4776 3511 5463 4776 14596 4931 5329 8569 16187 8569 8268 12008 5329
4776 14596 8712 5867 6070 13250 16187 1110 1885 16187 2191 3177 926 3177 4776 10033
14069 8710 13084 4152 14237 13084 16146 14220 14237 8712 2326 4763 9070 1455 2148 16187
3171 10033 8710 8712 2689 8268 14237 684 830 9070 16187 9316 8712 16187 7612 13348
8712 4931 6535 630 6259 3667 3177 983 16187 9831 16187 926 13348 16187 926 16187
12233 4776 10517 7740 12773 4927 2148 10967 3171 2563 16187 16187 16187 16187 16187 16187
4776 4152 8710 1229 6011 11553 9754 2696 8712 10355 926 16187 6918 16187 8230 5286
4776 14596 10781 8710 6259 926 8268 14237 8069 6188 12233 476 16187 3644 9754 10503
4776 8226 1138 5602 14237 14164 5711 2765 926 4776 13103 16187 16187 16187 16187 16187
4776 8268 4776 13783 11842 8268 4776 5358 14237 4776 10033 4931 10915 10471 16187 7742
4776 8268 7926 926 8268 14237 7004 7148 9498 10355 3098 16187 830 4776 2563 16187
4325 3543 11553 926 15662 7926 8710 1213 1954 232 14237 11425 14557 16187 16187 16187
926 926 14237 926 926 14776 4776 9431 8719 6259 2563 16187 13811 16187 9290 16187
926 926 5867 5562 14220 12576 5329 4776 9790 9424 5463 13411 12233 9070 16187 926
630 779 12766 8592 11953 4776 15197 8268 8712 5867 2446 1344 15096 14237 10088 16187
2263 14221 10967 1954 9332 7178 13348 16187 14237 4776 9577 16187 926 926 13060 2837
3171 8710 4776 3942 830 3171 2563 16187 6635 12233 14361 12233 9070 16187 10953 16187
7831 7979 2847 6259 926 3177 926 830 7196 5713 8185 3748 1229 718 16187 16187
8346 8710 6259 926 12650 4776 2563 16187 8270 14237 2327 10036 16187 13348 16187 13348
6259 1592 3177 6259 2400 8710 8466 5629 14745 14237 926 16187 14734 5200 16187 926
4776 9216 15142 8712 1138 4776 11008 2563 6041 4776 926 13348 5711 16187 16187 16187
4776 3539 926 4931 10660 926 8268 15649 14677 12233 195 3177 4776 1787 16187 9316
4776 9330 3784 6259 14217 15658 4931 2326 10355 13089 7740 4931 10355 14237 2326 926
8712 5867 15667 12233 2552 703 10471 2053 8719 7151 3994 830 6259 5138 16187 16187
2263 5329 6259 10033 5463 10355 12349 6259 786 16187 12349 4776 3052 16187 4776 8456
8712 8710 6070 630 3177 10355 2122 8268 14237 8712 5867 14691 2148 512 6259 2563
5713 10217 582 684 7742 3748 12401 16146 16187 16187 16187 16187 16187 16187 16187 16187
6259 3257 12645 3177 1110 14237 4779 8268 10978 14237 5036 8268 3211 14237 926 16187
5713 10217 3137 5365 817 8620 14237 14243 16187 9004 926 12233 2823 2599 8913 16187
4311 926 771 12233 13317 15525 15658 4931 4776 16020 16187 16187 16187 16187 16187 16187
926 926 3543 11553 12766 6259 5948 3177 926 14237 2550 13701 8268 14029 14745 14397
926 926 5867 8808 8710 926 8268 12008 5329 12495 3192 16187 14029 1919 4776 8311
12008 4311 12276 643 12232 9754 8733 830 10355 2563 15480 16187 16187 16187 16187 16187
12008 4537 15978 8712 5867 10355 8268 1957 12291 14237 2296 3007 4776 9450 10894 630
12008 4537 15978 8712 5867 10355 8268 1957 12291 8268 7740 12232 9754 2326 5407 630
4776 926 3177 4776 14596 8710 12307 13267 16187 16187 16187 16187 16187 16187 16187 16187
4776 6664 8710 5286 3177 926 1955 4776 926 15093 8719 4776 5562 16187 926 16187
4776 6664 16187 926 926 4931 1175 16187 1957 4776 3059 16187 926 8268 14237 12495
8726 6011 11553 9754 8466 8712 8268 2458 12233 2552 8712 12669 16187 16187 16187 16187
8712 5867 5329 1955 15884 12233 14192 1955 8712 9277 11553 12766 8592 16187 2563 16187
8712 5867 10841 8268 1321 8268 1557 8268 14237 8712 5867 3356 8268 12495 12715 16187
14272 6259 8344 3171 2563 8710 16187 16187 16187 16187 16187 16187 16187 16187 16187 16187
3511 8710 5463 6070 16068 8268 7740 4537 9084 9754 8069 15956 8712 6259 3098 5358
2285 4152 8710 14397 2148 512 1157 6672 13411 12233 13834 13188 16187 926 16187 564
1957 12291 7740 10603 13832 13668 5463 4776 926 3364 10373 3194 2858 13361 16187 16187
1957 4776 1117 14237 8344 8521 8268 7740 1436 6259 2199 4302 1167 16187 16187 10372
1957 4776 16153 8268 4325 12232 2823 1954 13926 16187 926 830 4776 9642 8875 7164
2945 6259 2199 5810 12349 4776 6745 1133 16187 16187 16187 16187 16187 16187 16187 16187
2945 6259 2563 4032 6259 315 16187 983 14237 10603 9743 1597 16187 11608 16187 1903
2945 1378 2148 512 6259 2563 5463 7740 5208 2823 8466 12233 2552 14272 7926 5867
4311 10036 8268 9296 926 9084 9754 3286 5463 16187 16187 16187 16187 16187 16187 16187
2689 8268 926 8268 14237 14069 14776 5329 9591 12233 8733 4776 10033 2326 11191 16187
14237 13474 8069 6253 12233 15597 2400 16187 10501 11953 4776 10033 8710 16187 11041 13441
7740 9884 8466 6259 5948 14219 16187 16187 16187 16187 16187 16187 16187 16187 16187 16187
7740 1951 10442 12233 12495 8569 16187 16187 8569 8268 12008 8712 5867 5463 4325 5208
7740 1951 1515 12233 6286 8268 4776 7705 2894 8719 4776 2563 13021 14237 4624 11553
4991 12233 14058 926 16187 16187 16187 16187 16187 16187 16187 16187 16187 16187 16187 16187
6259 13498 13103 5463 779 6259 3098 8855 3177 4856 8268 11261 8268 14237 1110 16187
6259 3257 12645 3177 1110 14237 4779 8268 10978 14237 5036 8268 3211 14237 926 16187
13089 15846 8712 12298 2598 16187 16187 16187 16187 16187 16187 16187 16187 16187 16187 16187
4776 4152 2894 16105 9450 2191 16187 6259 10421 1621 6390 10033 16187 926 926 16187
4776 4152 10781 11301 2903 2326 7742 8268 14237 8710 2326 10401 16187 14350 16187 14237
4552 9754 9605 9070 223 8268 4776 2563 8710 10355 16187 16187 16187 16187 16187 16187
3171 2563 8710 10399 830 9070 8268 8710 6259 2024 2563 16187 7178 16187 2588 5365
3171 2563 8710 2945 8270 16187 15264 6179 12349 15389 16187 11889 5463 926 16187 15096
1957 4776 7712 8268 9723 771 6259 1710 14237 14823 9925 4963 16187 16187 16187 16187
6070 2176 3078 1919 4546 7188 3177 926 16187 8577 16187 800 4750 8268 926 16187
6070 2176 3078 1919 4546 7188 3177 926 16187 6738 2024 16187 926 16187 4707 12349
4776 6499 4776 14596 4776 7542 13103 6826 926 5463 8712 5867 12495 15096 16187 16187
4776 7954 13907 926 4776 4152 4776 3513 16187 8719 4776 10033 8710 5046 4032 12233
4776 4927 4776 10033 4931 926 1919 6259 15884 12233 14192 8712 14043 926 16187 8146
4311 4325 14180 926 5022 12233 15935 15649 11180 14465 13474 771 13051 16187 16187 16187
13474 779 10471 5777 14237 11153 8719 3098 926 16187 8719 4776 926 16187 16187 926
13474 779 8808 8268 5944 8268 6700 14237 1885 10418 16187 14180 4776 14596 16187 14237
203 4552 4325 13758 2903 1919 3171 14635 3177 3575 2598 16187 16187 16187 16187 16187
4776 8521 15846 1042 6011 3470 8268 4963 14237 926 8268 15658 5682 16187 16187 16187
4776 8521 15846 1042 6011 3470 8268 4963 14237 926 14237 4776 926 13348 16187 14596
5090 1603 16187 16187 16187 16187 16187 16187 16187 16187 16187 16187 16187 16187 16187 16187
6259 10355 8569 2563 1138 926 1919 4776 10560 5711 2598 16187 14734 9465 16187 7981
6259 6152 8268 14937 10033 3177 1110 8268 8710 6259 3034 8719 4776 4927 4776 15939
12008 5463 5867 4537 6259 11716 926 7926 3847 9754 926 14029 8712 16187 16187 16187
8712 5867 6070 11298 14237 203 2689 16187 1120 8719 3171 10033 16187 926 16187 926
8712 5867 6070 11298 14237 203 12233 8733 3171 1378 16187 6407 926 16187 10033 16187
5046 5329 830 14180 8268 12008 1398 10671 15846 10603 8712 6259 9497 16187 16187 16187
3171 2563 8710 5580 6259 8974 14237 7740 2383 16187 569 3177 4776 926 16187 564
3171 2563 8710 5580 6259 8974 16187 15649 7740 5046 9084 9754 7448 12233 2823 926
8081 12835 5111 7248 4776 1216 7594 926 5952 8268 14237 926 10763 1440 16187 16187
13386 926 8710 4776 9431 14263 16187 12489 926 8268 4776 10033 16187 926 16187 16187
13386 926 8710 4776 3780 926 8268 14834 14237 6259 926 8268 6259 1939 8268 1378
4624 1110 6011 16187 16187 16187 16187 16187 16187 16187 16187 16187 16187 16187 16187 16187
8815 4776 3257 830 14734 13429 8268 13422 4776 10033 5046 8093 2847 4390 6259 9405
630 3177 4776 14457 5208 2446 2823 2148 10355 16187 9316 4032 9316 6071 10033 16187
8726 5329 13922 9277 1955 7742 1042 3171 1378 1093 16187 16187 16187 16187 16187 16187
8712 5867 6070 10011 8268 14043 12495 9625 830 2122 2598 16187 16187 11367 16187 1952
8712 5867 4537 1378 3177 9743 703 10394 14352 11889 203 4776 1065 132 13216 16187
8069 4776 12792 9213 926 9405 8710 4927 15117 15 512 13592 3177 4312 16187 16187
4776 2285 13839 8710 6259 2563 15480 14237 8710 3908 2148 512 5463 8719 1954 4874
4776 5463 926 8710 6403 16187 8719 2037 14237 8712 5297 6259 9961 2903 16187 16058
926 6826 926 926 10967 13852 8719 4776 13839 2598 16187 16187 16187 16187 16187 16187
4776 926 8503 8268 926 8712 8710 2689 16187 14834 14237 926 16187 926 16187 926
4776 1833 8015 3177 926 4851 7310 1983 16187 926 4776 926 16187 926 16187 926
816 10967 4776 5946 6011 9605 6259 10355 11728 16187 16187 16187 16187 16187 16187 16187
4776 4302 1167 1042 10915 14691 12233 2823 15288 16187 10566 3177 4776 8084 15840 8719
4776 4302 1167 1042 10915 14691 12233 2823 15288 16187 10566 3177 4776 3366 16187 12892
137 4311 4624 11553 10217 6070 10355 8974 1583 13055 16187 16187 16187 16187 16187 16187
9461 3177 2122 4440 8268 7740 3543 8167 6011 5463 3171 2563 8710 14397 13929 16187
4856 8719 15649 4537 4552 9754 8733 6011 9429 2598 16187 7188 2598 16187 16187 929
4776 8521 8268 11946 5329 2689 8268 8710 4776 10922 10709 91 16187 16187 16187 16187
3171 4931 4776 2122 3594 16187 1233 3748 2837 4776 817 16187 2768 12233 4776 926
4776 4152 8710 5329 10589 2002 14237 7094 14029 4776 10646 513 3177 8353 16187 16187
8719 4776 12298 8268 6011 16138 9890 1110 8712 14043 12102 8712 16187 16187 16187 16187
4776 4152 8710 1229 5463 4776 4152 4931 9754 1883 8569 16187 7740 4537 4552 9754
8712 4931 4776 6006 14237 10401 14237 2326 926 14029 4776 10418 14237 7594 10418 8710
12008 4776 9431 8656 9605 10355 5015 10967 9070 15978 3177 4776 15461 16187 16187 16187
4776 2563 4931 5568 6259 15335 6166 8268 4931 2326 16105 2598 16187 16187 8719 4776
4776 2563 4931 5568 6259 15335 1243 929 14237 4776 12529 7051 1957 3171 10033 8710
4776 10400 5463 7831 9799 779 100 8710 9332 16187 16187 16187 16187 16187 16187 16187
4776 15064 8710 9754 8569 8268 8712 5867 10355 16187 5329 1378 3177 12276 3109 16187
4776 15064 8710 9754 1229 9264 14237 14237 8712 8710 9332 16187 13141 12233 4776 1754
1229 4776 13044 1957 4776 3031 8710 2326 14029 1919 13084 5820 5618 16187 16187 16187
4776 4152 8719 3171 10033 4931 2326 8569 16187 12606 16187 11063 2780 16187 4152 16187
4776 9834 1957 4776 12298 8710 8124 16187 14221 8268 7740 4552 16187 2552 8712 10036
8710 13723 5747 4776 10566 926 649 8084 2598 16187 16187 16187 16187 16187 16187 16187
3171 8710 6259 12092 14237 15174 6259 7708 10033 16187 926 16187 8719 4776 10033 16187
3171 8710 1378 3177 4776 564 8185 8719 4776 2563 16187 7742 4032 3795 15525 16187
7740 9431 4931 926 2837 4776 5358 8719 3171 10033 16187 16187 16187 16187 16187 16187
10418 8268 13811 8268 10418 8268 12013 8268 6006 8268 12364 8712 8710 6724 16187 8455
2122 8710 6259 10355 8268 10762 2167 12491 10033 5329 5329 4776 5314 8350 6975 16187
7740 8309 2858 4776 10033 5329 13616 14272 12233 14518 16187 16187 16187 16187 16187 16187
9655 9431 6259 2563 8268 12232 11553 1098 2432 2598 16187 926 16187 9715 926 16187
14919 9484 7740 11553 1959 3171 10033 8268 7740 11553 5332 8268 12716 8268 7740 4931
11191 11720 14029 4776 15798 3177 4776 10033 2905 16187 16187 16187 16187 16187 16187 16187
630 779 6259 2176 10033 14237 6259 6070 9780 13839 16187 8569 16187 14029 4832 16187
12958 8710 405 16187 3211 8268 12008 2466 8712 5867 12495 6535 14237 8712 4931 9442
14069 8710 13084 7273 14237 14069 8710 6070 9450 3211 16187 16187 16187 16187 16187 16187
4776 14596 8710 2466 10399 12233 14272 8712 4931 1919 4776 3575 5463 8712 5867 5329
4776 4152 8710 6070 2805 14237 4776 10418 8710 4537 14231 16187 11953 16187 9442 14237
7740 968 771 6259 15335 926 8268 12008 4931 5297 7456 12233 14192 4776 4152 16187
9850 6173 10615 12529 2122 15093 4776 11382 3543 2823 2148 3177 6259 400 471 16187
6173 9431 3177 14180 4776 2563 4931 4776 926 7986 9431 8268 4931 5297 6259 2365
14030 8268 9431 3748 8268 12256 2563 16187 16187 16187 16187 16187 16187 16187 16187 16187
8719 3511 8268 10566 820 4552 5329 12650 9594 14237 13546 1133 16187 926 3766 16187
8719 3511 4776 2601 2563 3364 2823 3962 12233 1597 3177 12276 926 16187 13341 16187
6188 1955 6259 2601 8268 8712 5867 4537 6259 9450 8270 16187 16187 16187 16187 16187
4776 559 14029 6259 926 8710 6535 3098 14237 8712 8710 4776 14596 10781 11789 1344
4776 559 8710 6259 94 12495 8569 13926 14237 2148 9332 8268 888 8710 6259 15174
6363 16187 16187 16187 16187 16187 16187 16187 16187 16187 16187 16187 16187 16187 16187 16187
6259 4406 2563 8268 6259 1781 14237 2365 6854 12008 6259 14453 8268 8712 5867 6259
12162 8719 4776 10442 4931 14591 8268 14237 2326 6724 16187 926 16187 2588 1378 1919
15662 779 926 926 12766 5551 1955 6259 2601 1919 14180 9743 8936 2598 16187 16187
4776 7151 926 8712 7076 14734 10501 3177 4776 926 926 16187 817 16187 9758 16187
4776 926 8268 926 926 8268 926 926 16187 926 16187 926 16187 2053 3994 3249
8712 4414 926 14029 926 16187 16187 16187 16187 16187 16187 16187 16187 16187 16187 16187
4776 926 4931 4927 12495 1348 14237 926 7674 12233 14192 926 16187 13103 16187 16187
4776 926 757 8710 2148 512 5463 5820 8712 5656 6259 926 16187 926 16187 12135
10589 10355 13089 7926 4931 11664 7829 16187 16187 16187 16187 16187 16187 16187 16187 16187
10566 8818 3177 14180 703 14776 2148 11889 5713 2946 9160 645 15525 8268 926 14237
10566 8818 3177 14180 703 14776 8719 3511 8268 8712 4537 4931 9754 5463 8569 14237
8815 5937 5293 13348 16187 16187 16187 16187 16187 16187 16187 16187 16187 16187 16187 16187
9296 7740 3543 9754 8712 15978 14069 8710 9754 630 6259 8808 950 16187 926 16187
9296 7740 3543 9754 8712 15978 14069 8710 9754 630 11198 16187 9890 5463 926 16187
15525 7001 1866 5867 10567 14237 6145 16187 16187 16187 16187 16187 16187 16187 16187 16187
6259 13498 13103 830 10394 15658 4931 8712 4776 7909 5033 14237 4776 4152 16187 8368
6259 5948 3177 8761 5867 13701 8268 2513 14237 1229 14029 16187 15525 3177 4776 2563
15662 8710 7926 1229 926 2598 16187 16187 16187 16187 16187 16187 16187 16187 16187 16187
3171 10033 2595 16187 11180 1957 14180 16187 926 16187 926 16187 11716 16187 926 16187
3171 10033 10781 8710 6259 926 8268 14237 12899 16187 926 16187 14808 14237 12767 926
7748 14470 2823 4750 12008 7926 8710 6259 926 16187 16187 16187 16187 16187 16187 16187
630 779 12766 10217 12835 8719 4776 2563 16187 11788 14237 2326 16105 10915 9070 16187
630 8710 2148 3177 5463 15408 3177 888 4776 4440 9498 926 3177 4776 12835 16187
12008 7740 16138 8197 8712 6259 2327 16187 16187 16187 16187 16187 16187 16187 16187 16187
12008 3171 2601 2979 13348 16187 926 926 2053 926 3994 14237 926 16187 16146 1019
12008 3171 8710 5329 6259 8569 9450 10033 5329 8569 16187 15096 12008 7336 926 926
926 13183 13213 15525 16187 16187 16187 16187 16187 16187 16187 16187 16187 16187 16187 16187
926 926 8710 4537 5329 14734 926 16187 16187 2627 8157 4185 12115 10372 16187 10299
926 926 8710 10211 7810 8268 1955 11846 16187 16187 14029 1583 8069 926 16187 643
6259 12444 13348 16187 16187 16187 16187 16187 16187 16187 16187 16187 16187 16187 16187 16187
6259 4531 13341 14139 12455 3171 2563 16187 4537 15525 16187 3098 16187 7724 14029 4776
4776 9431 1378 4931 6259 10355 10033 1957 5074 1919 926 926 16187 16187 926 16187
4776 2563 10781 2326 771 14691 12233 4552 1919 4776 16187 16187 16187 16187 16187 16187
3171 4931 4776 10033 8268 8712 4931 4776 10566 6987 10033 3177 9351 8268 14043 15846
4776 4152 4931 10355 14237 1229 8268 8712 4931 2326 2689 16187 9442 6688 8710 4537
4537 5272 8268 1955 7251 8258 8268 5463 3171 5580 8710 11713 12491 16187 16187 16187
8712 5867 6070 11298 14237 7708 8268 14237 5463 1093 14465 3177 1110 4776 14251 8710
8712 5867 12495 6535 14237 12495 15347 830 2263 16058 10355 5463 6011 11553 12766 926
6011 5208 5329 8158 9070 5463 3847 9754 9701 6011 15525 4537 6259 9450 16187 16187
8712 5867 1229 8569 5463 8712 6598 9070 16187 8569 13348 16187 15264 6179 12349 16187
8712 5867 14221 12008 7740 771 13084 7121 14180 4776 4927 16187 926 16187 14834 14237
2599 5867 926 3171 7937 3177 1022 2858 4776 5208 14237 7001 7829 16187 16187 16187
630 8710 15662 10217 12835 14776 4776 7310 284 8268 1955 4776 7724 8710 3335 16187
12127 3235 3177 3171 10033 8710 10569 12233 4776 6499 16187 926 830 4776 2563 16187
7542 6259 3098 10033 8004 5568 3942 8710 6259 15819 12233 10355 14596 16187 16187 16187
3171 7542 6259 10355 2563 16187 15819 2037 16187 1778 9890 16187 6685 16187 6550 3171
3171 8157 4856 8710 405 4152 13907 9956 16187 14069 16187 16187 4949 16187 15696 926
594 8712 9084 9754 6856 12233 5627 2103 16187 16187 16187 16187 16187 16187 16187 16187
8712 3847 9754 3249 12495 16187 2458 8268 14043 1229 7926 5867 5329 1229 2002 16187
8712 8710 9754 5807 16187 926 16187 2563 11889 8712 13623 12911 16187 16187 8719 3511
5463 7165 3932 7800 16187 16187 16187 16187 16187 16187 16187 16187 16187 16187 16187 16187
4776 63 5328 8710 8974 10191 1649 2122 8268 3098 4152 8268 14237 4776 13811 8710
4776 14596 4931 7742 13663 14237 4776 12835 9498 9332 16187 6070 540 16187 8719 15597
4325 15846 2441 15525 4776 10166 5867 926 12233 8815 15597 16058 926 16187 16187 16187
926 926 16105 1954 1133 13280 8712 5867 9780 14237 661 14237 3356 16187 2689 16187
926 926 926 4776 3137 11401 16187 5297 2737 2837 8712 16187 5086 16187 926 16187
3171 8710 4776 564 2573 7740 3364 8197 13592 13926 14043 950 16187 16187 16187 16187
4776 12298 8710 6259 10355 2563 16187 14125 1957 14180 4776 926 16187 10983 16187 10272
4776 12298 8710 6259 10355 10596 10967 3171 2563 16187 14125 16187 2713 16187 14237 6683
13084 8268 6011 4537 3575 8712 2858 5937 467 16187 16187 16187 16187 16187 16187 16187
8712 4931 9754 14180 8524 12233 11870 9625 4856 8719 1919 6071 16187 12349 14237 6259
8712 4931 6070 2689 12233 2904 8268 12008 5329 12003 8712 8268 14237 8712 5867 6259
1138 13348 13348 13348 5711 16187 16187 16187 16187 16187 16187 16187 16187 16187 16187 16187
7740 5159 13298 8268 11889 7740 2326 9084 8719 1138 7740 15956 5711 16187 8719 926
1138 7740 4142 8154 1138 8871 5711 12233 2543 16187 14652 16187 5948 16187 5948 16187
1885 926 12727 2053 2879 3994 16187 16187 16187 16187 16187 16187 16187 16187 16187 16187
4776 9404 12364 8710 2446 6259 15761 7926 14237 7926 8710 6259 15819 14192 926 16187
4776 9404 14281 8710 6259 9616 8268 15291 3525 3211 3177 70 16187 3098 2122 16187
4776 3384 1543 4624 2552 4776 926 9290 15440 1778 14734 11537 5867 11180 16187 16187
4776 14596 8712 926 1778 10217 13974 11215 926 14237 265 16187 2176 926 16187 926
4776 6664 8710 2751 14237 6246 14237 3335 14237 8268 564 3177 14180 8268 926 16187
5463 4931 203 520 14762 8712 4776 926 9680 12233 926 16187 16187 16187 16187 16187
4776 15064 8710 10355 14237 10770 16187 2689 16187 6042 7610 9484 16187 11889 14304 16187
4776 15064 8710 6070 10355 16187 16187 9625 16187 16187 14237 6011 13348 16187 13348 16187
4552 5329 7001 8719 6391 12233 2552 1954 8021 926 3177 4776 12527 1398 11247 16187
12276 11555 3171 2563 4931 12495 15096 16187 8157 3177 2122 1919 4856 11889 6259 8081
13341 14139 9484 3171 7637 3025 15302 6259 5948 12233 2823 15288 16187 14350 16187 11859
8719 4776 1138 1022 284 5711 15939 16187 16187 16187 16187 16187 16187 16187 16187 16187
4776 2285 926 15093 3177 4776 2601 8710 6259 10894 3177 6259 926 16187 10033 16187
4776 1833 8015 8710 6259 4394 3177 926 16187 2627 8157 3177 10033 16187 926 16187
926 7883 8710 10355 8719 14734 954 14237 684 4776 926 7742 16187 16187 16187 16187
4776 926 6297 8268 1344 4776 132 8710 10501 3177 9850 8268 14237 8712 8710 5329
926 926 926 926 926 16187 926 16187 926 16187 926 16187 9784 3847 16187 1787
5820 8569 5253 16187 16187 16187 16187 16187 16187 16187 16187 16187 16187 16187 16187 16187
2263 5329 1378 3177 4776 926 5463 7740 11553 8466 830 13348 16187 926 16187 4832
2263 716 11273 5463 5713 9288 9498 6552 14457 3177 11953 1515 830 4776 10033 16187
1954 9332 2719 471 15649 13464 3847 5329 5120 16187 16187 16187 16187 16187 16187 16187
4776 2601 10400 8710 5329 8569 16187 14237 8093 12008 4325 2326 3364 5329 10503 8712
4776 2601 10400 8710 5329 8569 1957 14180 12008 8712 5867 12105 12345 16187 8719 6259
1229 203 3847 5463 4189 2598 16187 16187 16187 16187 16187 16187 16187 16187 16187 16187
3171 2563 12232 11553 5948 2148 16187 512 1157 6672 16187 16105 16187 926 14237 4776
12008 8712 3511 12232 8733 2563 12367 14237 6011 4628 9754 2823 6070 630 16187 4832
12990 14069 8710 6259 926 7518 14029 4776 2373 3177 12738 16187 16187 16187 16187 16187
3171 10080 2563 6259 5948 3177 5138 4624 643 16187 926 6259 926 16187 926 16187
926 8710 6259 2176 13501 14237 4776 926 926 14776 8213 9890 16187 2066 16187 14230
830 1243 7926 5867 2838 15525 10033 6882 16187 16187 16187 16187 16187 16187 16187 16187
10710 14596 11953 6259 3011 14217 15658 15967 1885 3632 9101 5602 16187 926 14029 926
8712 8710 1378 3177 9743 703 5463 5208 926 6011 7001 10967 16187 11693 16187 926
7740 9884 8466 14180 3803 3177 5713 16187 16187 16187 16187 16187 16187 16187 16187 16187
12008 7740 12232 13615 12374 10967 14180 4777 12233 2552 3171 10033 16187 926 16187 10770
7740 3644 9754 8154 3171 1957 14589 15202 830 6011 9431 8268 4552 8084 8268 4552
6011 3364 13637 4776 1138 8996 7145 5711 926 16187 16187 16187 16187 16187 16187 16187
1138 8719 3171 2563 5711 8710 5463 4537 15978 2263 16058 9131 8268 1229 6011 11553
13756 6173 1957 4776 12298 16187 926 4931 2997 9591 12233 4776 2563 11789 8093 16187
14272 9498 4325 14180 5807 2598 13348 16187 16187 16187 16187 16187 16187 16187 16187 16187
8712 4931 10355 8268 2997 14237 8712 14776 9754 8569 16187 12008 8712 5867 12495 16187
8712 4931 10355 8268 14237 13587 16187 2563 16187 10571 12092 14237 2122 14237 8368 16187
4776 14599 8710 10267 14237 13193 14237 243 703 14937 16187 16187 16187 16187 16187 16187
4776 6664 8710 5286 3177 12 1439 16187 4927 926 5867 15640 5463 2326 11921 16187
4776 6664 8710 5286 3177 12 1439 16187 8063 5867 5942 3177 926 16187 16187 2296
3171 10033 8710 6259 5948 3177 10770 14237 779 6259 5948 3177 2997 1777 16187 16187
3171 2563 4931 6070 2689 12233 8710 12495 15096 16187 6568 14237 9764 2308 3171 14596
3171 2563 8710 12495 2689 12233 2263 6259 10355 2563 16187 13631 6259 2563 16187 3192
14069 8710 13084 1213 9424 1955 6259 9684 8719 3171 10033 16187 16187 16187 16187 16187
3171 8710 1954 1846 10033 5463 8710 6259 15273 3177 1694 16187 2752 16187 10862 16187
3171 8710 4032 9316 4776 10033 14237 6259 9385 5463 4776 926 8710 2326 5372 16187
13089 6694 926 926 10298 12233 4776 948 8268 15389 5820 7708 11921 16187 16187 16187
4776 745 4931 6070 12690 512 4776 2563 16187 5297 14029 4776 926 16187 926 16187
4776 745 4931 6070 12690 512 4776 2563 16187 5568 5568 3384 10781 4931 2326 4286
13474 8710 6281 445 830 4776 7734 3177 4776 926 14237 926 1885 5562 16187 16187
4776 14596 8710 8719 5328 3098 1955 8712 4931 2446 6683 11889 10382 16187 16187 643
4776 14596 8710 6070 6585 12233 4776 3059 3177 15597 926 16187 6297 16187 10571 9961
3171 13942 12233 2823 4776 14443 3177 11637 5867 14159 16187 16187 16187 16187 16187 16187
8712 4931 6070 2997 8268 4776 2563 16187 4776 564 16187 13103 16187 13216 15525 830
8712 4931 6070 630 6259 2805 14237 5627 926 3177 4776 3513 8268 3171 10033 16187
5329 4032 15715 8726 6011 11031 12349 11459 14043 2175 16187 16187 16187 16187 16187 16187
8712 2945 9070 8268 4032 9316 15202 16187 926 8268 1229 2599 4776 3449 2989 16187
8712 2945 9070 8268 3171 10033 8710 5329 5463 10355 14237 8712 5867 6259 2689 12233
7740 9429 4776 9790 15896 6601 3847 12127 1378 3177 14734 1133 16187 16187 16187 16187
12576 6070 1320 5278 4776 4440 9498 13107 14237 2684 9575 926 16187 926 16187 926
6070 2176 3078 8268 12654 14734 926 16187 14180 4776 4194 16187 2446 10355 16187 6550
1885 8081 5459 8710 1941 16187 16187 16187 16187 16187 16187 16187 16187 16187 16187 16187
4776 6664 8710 5286 3177 12 1439 5867 4927 4776 2223 4660 14237 926 16187 926
4776 6664 8710 5286 3177 12 1439 5867 4927 4776 2223 5867 12883 8268 11889 10259
12008 8712 8710 9591 830 9070 13348 16187 16187 16187 16187 16187 16187 16187 16187 16187
8712 4931 6070 630 6259 14854 2563 1955 6259 1225 1378 9290 13348 16187 8901 16187
8712 4931 6070 630 6259 13659 14237 12650 830 4776 2563 1955 4776 10033 2598 16187
