14237 1390 16187 16187 16187 16187 16187 16187 16187 16187 16187 16187 16187 16187 16187 16187
3171 2563 14776 14350 2837 10923 16187 10566 3177 4776 10983 16187 6550 4776 10983 16187
3171 2563 8710 2684 10471 7742 10471 5463 7742 10471 16187 7742 14237 7367 16187 9442
12008 4776 8002 8710 7032 14745 13474 5867 9230 16187 16187 16187 16187 16187 16187 16187
4776 13530 3177 4776 14589 926 16187 926 4931 14411 16187 16187 926 12233 4776 10033
4776 14596 8712 5867 5288 14029 4776 3942 13907 4776 9887 16187 2326 6297 16105 9070
3171 3112 830 6259 9684 830 4776 5375 926 16187 16187 16187 16187 16187 16187 16187
3171 8710 4776 14635 3177 10033 5463 4931 16105 16187 216 15837 830 4776 1754 3177
3171 8157 3177 4856 8710 16139 16187 16187 10166 16187 926 16187 3554 12233 2823 2469
4776 9594 8719 13546 1873 8710 5329 3257 12008 6259 13736 5810 16187 16187 16187 16187
4776 6664 16187 926 8712 4931 2326 8781 16187 14237 4776 1787 1676 16187 6201 16187
4776 6664 8710 2751 14237 6246 14237 3335 14237 8268 564 3177 14180 8268 926 16187
3364 1799 1612 11553 16105 4776 12337 926 2122 10033 2598 16187 16187 16187 16187 16187
4776 926 12716 926 926 4931 10762 1955 4776 926 1919 4776 10033 16187 8656 926
4776 926 8268 926 926 13034 8710 6259 10953 11310 16187 2326 2296 10571 7742 16187
10418 8710 12256 8719 4776 10033 16187 16187 16187 16187 16187 16187 16187 16187 16187 16187
4776 2563 8710 6070 10355 8268 6070 5812 2563 16187 12149 13348 16187 2024 16187 7185
4776 2563 8710 1507 14237 9084 11553 6070 10355 10418 14237 4189 16187 3098 16187 14029
4776 11991 5480 9685 8710 6388 16187 16187 16187 16187 16187 16187 16187 16187 16187 16187
4776 6664 8710 6259 15174 8170 423 8719 4776 11401 16187 926 16187 643 16187 12233
4776 6664 8710 4537 6259 14125 14237 4776 10033 3847 8712 6259 9497 16187 12233 6259
14272 3364 11553 12766 6188 15525 2598 16187 16187 16187 16187 16187 16187 16187 16187 16187
8712 5867 1229 8569 5463 8712 5867 10355 16187 2296 12606 16187 14237 2689 16187 9442
8712 5867 1229 8569 5463 8712 5046 7156 5463 2263 1954 926 3177 4776 10709 16187
926 926 8710 3177 1245 6070 2719 8268 12008 5329 8569 12233 6683 1957 16187 16187
4776 14596 8710 9481 10399 12233 10503 5713 820 14362 16187 308 16187 13999 16187 14350
4776 14596 8710 12127 14596 3177 926 16187 14596 16187 926 16187 4406 13908 8268 14031
6011 15846 2823 5807 11953 8712 830 1597 2103 13777 8268 7740 16068 6011 16187 16187
13077 8712 15525 8726 6011 14776 2858 4772 6071 16187 14237 4949 16187 4949 16187 4707
7314 14237 9113 15389 1229 5463 8710 1954 176 3177 14272 5329 12233 8569 16187 2598
7740 1951 899 12233 12655 7740 4931 7336 223 13348 13348 16187 16187 16187 16187 16187
5015 6006 6363 9484 16187 12276 4183 4931 9754 5463 5867 2689 16187 12606 8440 5714
7740 9009 8719 14617 830 1110 16187 11063 16187 16187 5414 16187 4927 16187 12233 14125
12709 1919 186 16187 16187 16187 16187 16187 16187 16187 16187 16187 16187 16187 16187 16187
5822 7310 284 2769 1919 569 3177 10211 7810 16187 2122 5777 16187 15649 1233 3748
5822 7310 284 2769 1919 569 3177 10211 7810 16187 11889 6070 12606 16187 16187 7100
926 8710 1515 14029 8719 14734 5810 12233 5261 12127 983 6259 8270 2563 16187 16187
4776 2285 13839 8710 6259 2563 5463 8710 2326 630 6259 9450 16187 14237 11499 12233
4776 2285 13839 8710 6259 2563 15480 14237 8712 8710 16105 830 2263 10812 16187 512
12459 4537 6381 9170 8719 926 14397 4311 2984 4312 2196 2903 11889 8440 3168 16187
1157 5463 12232 2823 2823 2148 512 5463 4927 4776 3532 926 8719 15597 9623 16187
1157 6672 16187 15096 16187 9442 15884 12233 4189 926 16187 9442 3211 16187 926 16187
8489 16076 926 4931 3098 8719 3171 2563 13348 16187 16187 16187 16187 16187 16187 16187
4404 8569 10709 91 6011 6297 8268 12576 8710 5329 6259 8569 16187 14652 16187 9890
4404 926 91 926 8710 4776 926 11553 6826 926 13348 16187 5200 16187 926 16187
3171 1378 771 13671 3177 12192 1402 14237 4931 926 2837 2263 6496 16187 16187 16187
4776 2601 14596 10140 6011 10967 4776 10442 3177 4776 13555 16187 8268 12576 16187 5580
4776 2601 14596 10140 6011 10967 4776 10442 3177 4776 13555 16187 8268 14237 4931 6259
5463 9790 5365 8268 6259 10033 2979 15525 5463 12232 1453 703 8069 10150 16187 16187
4776 15064 3177 3171 10033 4931 9754 8106 14237 4776 10418 4931 2446 10471 16187 6070
4776 15064 8710 2446 8124 16187 7742 13663 16187 11022 2837 4776 10418 16187 14596 16187
1229 2326 3847 9754 10328 12495 630 3701 12233 1212 6854 284 16187 16187 16187 16187
3171 2563 12232 11553 9754 10080 5463 8712 4931 9754 4537 3660 2563 16187 4277 16187
3171 2563 12232 11553 5948 2148 12291 8719 3171 2601 8268 7740 11889 8712 16187 11889
6585 8055 14029 12127 12816 8719 1507 12266 16187 16187 16187 16187 16187 16187 16187 16187
10710 14596 1955 7516 16187 512 15389 16187 5332 16187 1957 6826 8506 16187 926 16187
10710 14596 16187 9442 14237 2002 16187 4537 8093 926 8712 14180 4776 1787 14029 4776
8712 5867 926 5867 15493 5981 1957 4776 13508 13474 6320 926 13474 771 10918 16187
4776 3511 5463 2601 2563 8710 9754 6259 9450 14426 15416 3384 1957 4776 9431 12291
4776 6664 16187 926 926 4931 12307 13267 16187 926 14237 133 8268 1955 4776 14596
12958 4931 11162 14237 5329 8719 5937 3504 16187 16187 16187 16187 16187 16187 16187 16187
4776 14596 8710 2466 8712 6535 10355 14237 9332 16187 8455 12291 16187 4832 1957 8712
4776 2601 14596 10140 6011 10967 4776 10355 4927 3177 4776 4440 14776 5329 11889 6259
13084 1378 779 2148 1957 4993 512 13474 3847 16187 16187 16187 16187 16187 16187 16187
4776 3942 8710 5463 7314 91 8268 8712 8710 10915 14691 2148 12233 7314 11779 512
4776 3942 8710 5463 6767 16187 5627 16187 15096 16187 2563 16187 9492 14029 4776 1919
13474 15857 5137 5329 5568 10841 12008 2446 6259 10894 6732 16187 16187 16187 16187 16187
4776 12690 1378 4776 2563 8710 1344 10355 16187 16187 12606 16187 16187 7740 11553 5074
4776 6664 8710 5286 3177 926 8808 10801 13348 16187 926 16187 7970 11889 16187 8676
1229 14029 5463 1450 8268 7740 3644 9754 8154 12416 4776 926 16187 16187 16187 16187
3171 2563 8710 2945 8270 512 7740 4537 4552 9754 9605 6259 9450 14219 16187 14677
3171 2563 4931 12495 8974 8268 12008 8712 4931 2689 16187 8712 5867 1229 6186 12233
5516 2946 14237 6259 5948 2148 5010 10583 16187 16187 16187 16187 16187 16187 16187 16187
831 2894 830 3171 2563 14237 1229 5812 16187 11889 1954 9332 10033 8710 11789 12495
630 8270 512 2263 12422 14231 12007 10397 3177 4776 8858 1390 8858 4702 16187 926
6173 8268 3208 15425 14237 3163 9666 7347 4776 2563 4098 4776 7273 13182 16187 16187
2122 8710 10355 8268 926 8268 14237 14069 14776 1597 1486 12233 12298 16187 3137 2563
10418 6363 2563 9498 8270 4125 12232 2823 11889 13348 16187 13348 16187 13348 16187 15202
4776 926 16048 12349 2858 4776 1754 3177 4776 926 6161 16187 16187 16187 16187 16187
4776 2062 4927 8710 5463 10355 16187 157 926 16187 5388 5463 5804 16187 8710 6259
4776 14596 8712 8710 10781 8710 6259 15819 5777 16187 13341 16187 16187 14251 16187 7970
8268 5711 13084 3141 16187 16187 16187 16187 16187 16187 16187 16187 16187 16187 16187 16187
8712 3364 10373 2080 12904 6259 7949 8268 7970 16187 6683 8268 926 16187 2148 16187
15375 8268 3171 4931 926 14237 926 8268 9890 2598 16187 16187 926 8268 5836 6259
15658 5867 1515 12233 6276 6011 10324 4776 4270 14237 926 3177 5937 12482 16187 16187
8712 5867 5329 1955 15884 12233 14192 1955 8712 9277 9745 2148 9332 16187 2519 16187
8712 12514 14691 12008 7345 926 1778 4776 926 5463 1750 926 16187 13081 11007 12233
4552 9754 12650 8712 8726 6011 14518 12233 2552 4776 9011 3177 926 13348 16187 16187
4776 2563 3847 9754 8084 9605 9925 13129 11953 703 14237 1029 2997 10719 16187 1378
3171 4302 8710 1955 630 6259 6071 10033 8268 12008 8712 8710 5673 8268 1957 14180
13474 3927 12958 6011 12232 14518 8268 14237 2148 16187 16187 16187 16187 16187 16187 16187
5889 16187 643 8268 14029 14237 926 5867 1133 8268 11789 91 16187 14237 14691 12495
13474 5867 12766 7669 8084 4240 5463 16187 15096 926 9800 2598 16187 16187 8835 16187
1329 14272 9498 820 6391 2598 16187 16187 16187 16187 16187 16187 16187 16187 16187 16187
8974 2563 8268 14069 14776 14691 5822 16187 926 8719 4776 5777 16187 16187 16187 926
3171 2563 8710 10399 12233 10503 5463 4776 5820 15841 3710 4931 1955 4 8958 16187
2984 8592 5463 8268 4776 13610 2945 9363 4776 14412 16187 16187 16187 16187 16187 16187
4776 2563 4931 2446 6259 3192 5033 3211 1919 6259 5948 3177 11901 3727 13701 16187
4776 8808 4931 4776 2601 8268 7740 8313 1482 8268 11889 8712 4931 8268 12349 4776
13616 1138 926 5711 771 8712 5867 3766 8268 12008 8712 12431 10421 4240 926 16187
8712 5867 1229 8569 8712 5867 5463 15174 3575 3364 9884 12766 10355 2598 16187 16187
8712 5238 926 8712 5867 8569 12576 16187 12732 8712 16187 7742 16187 16187 8162 16187
4776 834 1045 11558 1819 5463 15632 8467 12233 11889 14180 3171 3575 16187 16187 16187
4776 4152 4931 8423 2002 14237 3847 9754 11553 1157 10355 830 1750 1954 12606 2563
4776 4152 779 2263 16058 6140 888 10967 4776 926 5463 15669 8710 4776 5121 13839
6259 8882 10648 830 4776 2353 13093 926 16187 16187 16187 16187 16187 16187 16187 16187
6259 2601 14514 3177 9131 8268 5329 12233 13758 12233 6826 2002 8719 6826 15721 10011
6259 9438 926 8710 6297 16041 6259 2143 3984 16187 13348 16187 13348 16187 13348 16187
7740 9429 4325 9498 1175 16187 16187 16187 16187 16187 16187 16187 16187 16187 16187 16187
14792 11767 8268 12364 14237 4776 10418 8710 10355 16187 284 8268 6070 274 830 3994
14792 11767 8268 8213 8676 8268 14237 5695 11842 8268 12495 16187 926 16187 16187 16187
3171 2563 5867 14030 16187 16187 16187 16187 16187 16187 16187 16187 16187 16187 16187 16187
3171 2563 4931 12495 10399 12233 13988 1955 3171 10033 8268 820 14237 8712 12260 3818
3171 2563 4931 6070 2689 16187 12606 8268 14237 8712 3112 8712 15525 14029 16187 10659
8726 6011 8467 13592 4421 926 10033 8268 6011 15956 8712 15846 2823 16167 2689 16187
8712 5867 12495 6535 14237 12495 15347 830 2263 16058 10355 8712 5867 4642 6661 16187
8712 5867 12495 6535 14237 12495 15347 830 2263 16058 10355 8712 5867 4642 6661 16187
2494 2353 12058 4265 7069 6259 10355 14601 9290 16187 16187 16187 16187 16187 16187 16187
12431 6259 12887 14043 8712 14180 926 9743 9498 4776 926 3177 4776 2563 16187 14221
15174 926 14237 6259 3211 16187 14237 2148 5208 926 12008 5329 11953 8712 8268 8710
3364 9754 13852 10709 14745 12233 6259 13684 2598 16187 16187 16187 16187 16187 16187 16187
12008 8268 6011 11889 15662 7740 1951 10299 3177 2974 14237 926 926 16187 7393 13839
12008 8268 6011 11889 15662 7740 1951 10299 3177 16187 926 7740 15956 16187 14237 926
1955 8944 8268 7926 7165 2421 8268 4941 8268 14237 1957 12291 8268 13929 16187 16187
8712 2446 9084 9754 4552 5463 7742 2413 16187 3364 5329 2823 9106 8712 16187 16187
8712 2446 5388 5463 833 861 1019 4082 2598 16187 5332 16187 5580 487 16187 16187
1711 8268 734 779 926 4776 2563 16187 16187 16187 16187 16187 16187 16187 16187 16187
4776 4152 8710 1344 10355 14237 1229 203 10053 12233 9070 4931 8712 14180 5463 12958
4776 4152 8710 1229 5463 10355 14237 8712 8710 1229 232 16187 8710 1955 6259 10355
4152 8710 1344 10355 14237 1229 8710 10418 12495 16187 16187 16187 16187 16187 16187 16187
2285 2563 8710 6388 8268 5329 8069 1955 3356 1955 8712 1955 7742 16187 16187 8440
4152 12018 8712 5867 2429 10355 14237 12606 16187 10434 8268 8712 2847 12233 8200 16187
2522 15475 8710 2446 3098 13348 16187 16187 16187 16187 16187 16187 16187 16187 16187 16187
9790 926 1545 11953 13000 4932 8268 9790 926 2446 926 4776 10033 16187 12349 4776
8712 8710 11546 16074 13663 14237 779 6259 5695 13839 16187 13839 16187 2256 8467 10272
4776 7970 3177 1138 9214 4776 6390 9385 5711 4931 9723 926 16187 16187 16187 16187
4776 745 4931 6259 926 10967 4776 14596 4493 926 6423 4776 14603 1787 16187 14241
4776 745 4931 6259 926 10967 4776 14596 4493 926 16187 2326 16187 763 16187 9389
12260 2552 6259 8719 12276 12489 9484 14180 983 1860 8185 13348 16187 16187 16187 16187
3171 8710 2945 14635 3177 2563 5463 5208 2823 1959 12349 14237 12349 16187 5350 16187
3171 8710 2945 5329 830 564 2563 10036 13348 16187 9442 5030 13348 16187 11382 13348
4931 13474 6259 4217 926 14043 926 6148 10447 2598 16187 16187 16187 16187 16187 16187
4776 15064 8710 9754 6259 10894 3177 6259 5365 8268 1229 7740 771 12233 6683 1957
4776 15064 8710 9754 6259 2997 14237 926 926 8268 8069 6259 926 16187 3644 9754
6173 1957 4776 7278 3177 11364 926 16187 16187 16187 16187 16187 16187 16187 16187 16187
4776 2285 926 15093 2588 14029 4776 12489 4776 14596 8710 14397 9780 512 14734 16146
4776 2285 3437 926 7949 5463 8710 5297 6259 10355 7937 3177 14766 16187 7877 2689
1378 3177 2353 1612 5867 564 1133 16187 16187 16187 16187 16187 16187 16187 16187 16187
630 8710 4776 5568 3942 1919 4776 132 16187 16187 10566 3177 4776 926 16187 12233
630 8710 4776 564 10033 3177 4776 10033 5208 5568 2823 4776 7542 4776 13839 3177
8712 8470 6259 14596 16187 16187 16187 16187 16187 16187 16187 16187 16187 16187 16187 16187
4776 14596 8710 11953 6259 5820 3886 6259 15335 4440 14776 2689 16187 6685 16187 8794
4776 14596 8710 4776 926 8979 6423 3171 10033 16187 926 1919 4776 926 3177 4776
6259 15848 2563 8268 12008 13907 13592 15197 16187 16187 16187 16187 16187 16187 16187 16187
4776 2563 8710 2945 4032 15715 830 10671 3177 5722 14043 800 8185 16187 11889 5463
4776 2563 8710 1507 8268 6070 12606 8268 14237 2466 7652 5463 8712 8710 9754 1955
203 630 6259 15571 1919 4776 16146 243 6011 12428 2598 16187 16187 16187 16187 16187
3171 8157 3177 4856 8710 6535 4687 12233 12650 16187 9476 16187 9540 16187 1383 16187
3171 8157 3177 4856 8710 6535 4687 12233 12650 16187 16187 16187 9540 13348 16187 13348
4776 5761 16187 16187 16187 16187 16187 16187 16187 16187 16187 16187 16187 16187 16187 16187
4776 63 5328 779 7458 8268 12008 13084 20 16187 9498 15096 16187 16187 2024 2563
4776 63 8710 5463 6445 4776 12298 4776 284 6683 12715 16187 14237 4776 10418 5867
8719 4776 1383 8268 926 8746 926 926 1019 1955 926 926 6173 16187 16187 16187
4776 6759 8719 4776 10033 8268 12716 8268 8712 4931 12349 6724 16187 1383 16187 14591
4776 1833 8015 9447 4776 11859 10033 8710 9754 5463 10355 5463 4776 10033 16187 6918
1229 9296 5329 5818 12761 5867 564 1019 5463 8710 926 15468 6173 16187 16187 16187
5463 8710 5329 4776 14596 16187 14635 3177 10399 12233 10503 16187 11889 3171 10033 16187
8712 5867 6259 594 5463 3171 10033 8710 5329 2148 14918 14362 16187 16187 512 1378
1378 3364 2446 6683 1957 5074 1919 2066 1955 6259 926 1919 3192 11093 16187 16187
1885 10836 14029 6259 926 14776 2296 1043 16187 6985 8268 12008 4325 14776 926 16187
1885 9465 7698 1885 14443 3177 11146 1919 13084 2191 16187 12325 16187 14237 14221 16187
4776 2563 8710 10201 14237 7294 13907 1750 9075 14043 8440 16187 16187 16187 16187 16187
4776 12298 8710 6259 10355 2563 16187 6071 10671 5568 2552 14237 14581 10355 16187 13839
4776 2601 2563 8710 6535 630 6259 8808 9809 10033 16187 14596 8069 4030 4692 4776
6280 8268 8733 5463 816 4927 8268 926 2284 14734 16058 8835 16187 16187 16187 16187
14069 5867 2446 1378 12497 8594 3177 3011 13569 2742 926 16187 16187 2296 16187 15949
14069 5867 569 3177 926 5867 6178 926 8268 9790 983 16187 926 12233 926 5777
4325 16138 926 1919 6259 926 11889 5463 5711 16187 16187 16187 16187 16187 16187 16187
926 926 8268 926 926 926 5463 1750 926 16187 926 16187 13089 926 926 8268
926 926 12892 4776 2563 6259 3192 13021 1857 16187 1329 10272 12233 1923 3748 16187
12276 11998 926 1919 3171 2563 8710 4776 14596 8268 15649 8710 926 10615 16187 16187
4776 15064 8710 9754 8569 16187 12606 1957 12127 5332 14237 8710 11789 12127 983 14237
4776 2601 14596 10140 6011 10967 4776 10442 3177 4776 13555 16187 13348 16187 13348 16187
7740 8093 1442 1229 630 926 10953 4750 926 5329 15 830 14973 2871 16187 16187
2974 2432 13348 16187 3409 16187 5086 15525 12233 11553 6259 10918 8719 6259 15096 983
2974 2432 13348 16187 2150 16187 13216 15525 12233 13588 4776 10033 6259 3531 929 12767
7740 2296 12149 15715 10799 15924 16187 16187 16187 16187 16187 16187 16187 16187 16187 16187
7740 2308 8712 2148 12690 512 2519 16187 12431 16187 1515 12233 2823 6259 9450 13348
6390 14029 926 6011 11553 8466 13348 16187 3137 2150 16187 926 13348 16187 13348 16187
10566 3177 4776 2689 3766 2979 10967 4312 16187 16187 16187 16187 16187 16187 16187 16187
4776 559 8710 1954 11273 8268 14237 4776 10033 8428 16187 8719 1110 1919 4776 10418
4776 559 8710 6152 1955 2296 1750 926 4776 817 9290 16187 564 16187 12349 16187
3171 8710 5288 6259 1435 7589 3177 441 8268 14237 5288 1954 926 1378 16187 16187
8712 8710 6070 630 6259 5095 4846 12233 2451 10638 11889 5463 8268 8069 6280 11553
8712 8710 6070 12606 14237 2148 16187 2122 9290 8719 4776 2563 16187 10272 8656 16187
4776 5568 443 15658 5208 2552 4312 8710 15597 4125 926 926 16187 16187 16187 16187
4776 14596 10781 6546 1344 2002 14237 8710 15260 10967 5946 12233 5759 16187 5332 7001
4776 3511 5463 926 4931 6535 10355 16187 16187 11063 14237 3765 6683 9625 16187 16187
8712 5867 1344 13250 12233 2446 2552 14597 3367 926 8719 3171 16187 16187 16187 16187
8712 8710 4776 10710 14596 5463 926 16187 9442 14237 4776 10418 11198 8268 4931 926
8712 8710 4776 9790 1955 8712 13942 5463 8719 1138 4994 5711 2598 16187 926 16187
926 926 4931 6259 11738 950 15658 16105 1229 630 15525 3177 1229 9450 16187 16187
4776 926 4931 6259 926 14237 926 8710 8069 6259 8949 8268 14237 4931 6259 8890
4776 11943 3171 10033 8268 8719 3511 8710 4776 14596 3177 4949 3177 926 8719 926
7740 16138 8093 12650 3171 10036 13348 16187 16187 16187 16187 16187 16187 16187 16187 16187
7542 7740 8197 8712 6259 14139 9484 16187 2563 16187 12650 16187 5562 16187 13348 16187
7542 7740 2945 15956 16187 13348 16187 926 13348 16187 2563 16187 16167 11889 8712 16187
7740 12449 12233 2526 6550 4776 12529 4924 16187 16187 16187 16187 16187 16187 16187 16187
6363 9484 13570 8268 3171 10033 8710 830 1378 8662 10686 8268 1229 7740 5208 5329
6363 9484 5365 8268 7740 4931 1515 12233 2823 6259 3636 7937 5711 16187 16105 10770
7542 8268 12716 8268 4624 9605 6259 6140 2191 3177 2063 7716 16187 16187 16187 16187
2285 14596 8710 4776 564 9424 7740 9884 8466 10967 4776 315 16187 14237 4311 16187
3511 8710 5463 4776 2563 16187 630 2148 14237 2148 5208 7740 6166 10967 2148 926
4776 12364 4931 5329 5937 12732 16187 16187 16187 16187 16187 16187 16187 16187 16187 16187
4776 14596 8710 15609 8268 14237 630 3177 4776 6664 9447 1755 16187 9736 16187 16187
4776 14596 8710 15609 8268 14237 6826 3177 1110 7310 512 5463 4624 14776 16187 926
4776 4496 9498 1955 4142 1940 1955 4776 4189 10967 15597 4169 3653 6854 9365 16187
4776 10355 2563 8268 5288 16187 5329 16187 16187 12008 9890 16187 7742 16187 6918 16187
4776 4152 5462 7975 5329 9925 5138 16187 3766 16187 643 16187 16187 7367 16187 10272
5713 4232 1133 3177 12855 926 926 2326 14776 2326 9431 14263 926 16187 16187 16187
6259 10682 12536 8268 16139 10418 8268 4776 10418 8268 14237 4776 10418 4931 10355 16187
6259 10682 12536 8268 16139 10418 8268 4776 7140 8268 8664 8268 14237 12835 16187 2365
1138 7742 8268 13852 6748 9084 5711 16187 16187 16187 16187 16187 16187 16187 16187 16187
4325 7661 926 14237 4990 13348 16187 8404 16187 14350 16187 2974 16187 7742 16187 2097
8268 14237 1866 16187 6635 2598 16187 7926 1644 12233 9367 16187 3192 12135 16187 4707
13474 414 3098 1369 14237 11656 830 1213 6259 3011 13926 16187 16187 16187 16187 16187
8712 2446 779 6826 10355 926 16187 14237 926 16187 476 16187 926 12233 4776 926
8712 779 7596 950 16187 926 14745 11889 4776 926 16187 14734 9465 16187 14237 926
9388 8710 6259 599 5463 779 3251 1597 1098 12303 16187 16187 16187 16187 16187 16187
6259 6070 10355 2563 16187 1919 4776 9442 5030 16187 10355 2563 16187 2024 16187 308
6259 559 14029 926 5867 2429 6259 3098 5562 8268 6259 6535 630 10545 14029 6341
13616 8268 4325 7661 8855 1919 14680 15217 8268 12008 5463 5867 11953 8712 16187 16187
6689 14069 3364 2823 8592 5463 3171 4931 1954 16150 9625 10033 8268 1919 1954 9332
7740 2446 9429 8712 10399 12233 4552 9754 8537 3171 10033 16187 2894 8719 3366 16187
4776 771 3098 8200 9222 8712 8268 7926 8592 16187 16187 16187 16187 16187 16187 16187
4776 15064 3177 3171 10033 4931 9754 8106 14237 13811 16187 13999 16187 8710 6070 12690
4776 15064 8710 9754 8569 8268 12008 8712 5867 5329 5463 10355 9890 16187 2326 8710
3211 8744 15525 3177 926 8268 12008 1138 926 12168 9465 5711 15325 9450 926 16187
1711 8268 734 779 926 4776 2563 16187 14518 12958 6672 16187 5332 10299 16187 16187
1133 3171 12260 11553 12766 926 6173 16187 13999 16187 12805 16187 2563 16187 4832 16187
4776 4477 14237 926 926 1865 4776 9790 8157 3177 8808 14237 15840 12825 2819 16187
4776 1736 926 9498 1344 10355 16187 16187 926 14237 656 16187 1919 15096 2994 16187
4776 5143 4776 10033 926 16187 926 926 16187 926 16187 926 16187 926 8069 8069
6363 9484 830 6259 2563 5463 7740 2326 4531 16187 16187 16187 16187 16187 16187 16187
6259 4531 4743 4152 12008 6259 5948 2148 6672 11921 16187 929 8719 4776 2563 16187
6259 10770 8710 6259 7742 4032 6259 8344 16187 6070 6626 12007 8268 12008 14691 5329
9084 7926 2458 14029 9666 14734 12717 8268 14043 4931 8712 1188 2598 16187 16187 16187
926 926 1955 926 8719 926 14237 926 16187 926 16187 16074 16187 14745 16187 8719
8712 2446 926 5388 5463 13089 7926 4931 5329 6259 926 3177 15762 16187 3044 16187
12276 926 8230 8620 3364 11553 926 4776 15594 8270 512 926 779 16187 16187 16187
4776 2601 2563 12576 8710 11953 13436 3235 1955 4776 10344 926 16187 11162 2148 5906
4776 2601 2563 12576 8710 11953 13436 512 1138 16041 926 5711 8719 4776 12298 8710
926 926 2598 16187 16187 16187 16187 16187 16187 16187 16187 16187 16187 16187 16187 16187
4776 926 14237 926 8710 6259 926 3177 926 16187 13089 7926 3847 5329 10503 8710
4776 926 14596 8268 14272 6259 8124 10033 8268 830 14272 2598 16187 16187 5388 16187
8712 5867 6259 1344 9707 954 830 14745 8268 12008 7926 2135 8712 3748 7393 16187
4776 4342 14237 4776 10033 10781 8710 6259 14431 11264 16187 5350 8081 16187 11859 16187
4776 4342 14237 8855 3177 4776 5138 12576 16187 6297 16187 12046 16187 16187 4311 16187
6748 8268 3171 10033 8710 12233 2823 7723 8268 4776 9351 8268 4776 8270 13348 16187
4776 4152 4931 6070 7367 14237 6070 15438 16187 1750 926 16187 16187 15096 16187 14591
4776 4152 8710 6070 2805 16187 9389 8719 1597 820 16187 11401 16187 10267 16187 7970
5713 926 11192 6259 2632 14776 6259 5820 7652 2689 8268 15462 14237 926 16187 16187
5713 10288 8185 11553 926 14776 4776 10566 3177 15597 10638 16187 14596 14237 4776 14596
5713 10288 11553 926 8084 8466 6724 830 4776 2588 983 16187 9790 308 16187 12654
10373 4776 10033 5867 3192 10709 8268 830 9070 16187 16187 16187 16187 16187 16187 16187
2285 14596 8710 7100 8719 1378 8181 8268 12135 14237 6070 2067 12162 16187 15096 16187
2285 14596 8710 6259 6070 1507 14237 4618 15525 12008 7740 4552 9605 14180 15956 4776
5359 816 13348 16187 16187 16187 16187 16187 16187 16187 16187 16187 16187 16187 16187 16187
12495 8569 5463 7345 11839 5064 771 15389 13129 12233 1436 16187 11953 8712 16187 926
14340 11274 7740 15956 12008 6011 15956 16187 926 16187 12633 16187 14237 8733 16187 7178
9850 15525 3177 14139 830 3171 16187 16187 16187 16187 16187 16187 16187 16187 16187 16187
4776 2563 8710 2097 3177 2122 4440 8268 8712 5867 1344 2997 14237 4032 6259 5948
5946 3177 4776 10033 2422 3177 14634 14237 12616 8268 14691 8719 3171 1378 16187 2148
926 5867 6683 3177 8344 14237 14637 1453 2326 9113 12233 4776 7724 16187 16187 16187
8712 926 14256 5867 906 14237 6598 11254 8719 926 926 8268 11763 932 12272 926
8712 926 14256 5867 906 14237 6598 11254 8719 926 926 8268 926 14237 926 14776
926 15152 14069 5867 6826 9154 9625 4752 6188 8719 4776 2563 16187 16187 16187 16187
4776 2285 10033 4931 2446 6259 14752 9618 10967 4776 15359 16187 926 13348 16187 3409
4776 926 8710 1750 926 14237 8268 8798 16187 10272 12233 2552 16187 926 6259 926
4776 16146 2946 14776 5545 3080 8719 15597 11846 10638 16187 16187 16187 16187 16187 16187
4776 15064 3177 2214 5046 8710 5329 4776 2037 6070 2519 15387 16187 8710 16187 16187
4776 15064 3177 8712 5867 13811 4931 2446 14635 3177 14125 5463 12349 14237 6070 6918
13084 3141 16187 16187 16187 16187 16187 16187 16187 16187 16187 16187 16187 16187 16187 16187
3171 4931 6259 6070 15624 2563 830 9070 8268 7740 11553 12233 1436 16187 8712 16187
3171 4931 6259 6070 6013 9450 3211 8268 7926 10862 1019 14043 2296 6173 16187 8858
14411 8268 4776 4183 12233 5993 3171 14251 8710 4776 4183 1405 13348 16187 16187 16187
4776 2563 4931 8106 4856 14237 4776 10418 4931 10355 16187 16187 16187 16187 16187 9442
4776 2563 4931 6259 3192 5033 3211 1919 6259 5948 3177 11901 3727 13701 16187 1644
8712 5867 4537 9625 16187 16187 16187 16187 16187 16187 16187 16187 16187 16187 16187 16187
8712 5867 6070 10011 8268 12008 6011 15956 5463 1515 8719 16187 5820 16187 3211 16187
8712 5867 1954 2997 14237 14596 2894 5917 926 1778 13348 16187 8794 1369 14237 5568
14180 8719 14180 8268 9994 13348 16187 16187 16187 16187 16187 16187 16187 16187 16187 16187
4776 4152 7147 14397 1789 14237 13958 13695 14272 7401 16187 926 16187 926 5867 63
4776 4152 7147 14397 1789 14237 13958 13695 14272 7401 16187 926 16187 926 5867 63
12233 12276 8344 7740 4931 6070 9106 8268 8069 926 16187 16187 16187 16187 16187 16187
3171 4931 6259 6070 15624 2563 830 9070 8268 7740 11553 12233 1436 16187 6070 10913
3171 4931 6259 10810 13089 14286 12669 1954 926 16187 643 8710 4776 1138 926 5711
4776 10033 8368 1919 6259 2067 2387 2858 4776 643 3177 926 16187 16187 16187 16187
4776 14596 8242 8719 8648 3304 1919 926 10315 11220 926 1430 12554 16187 8719 8719
4776 14596 8712 5867 7829 11953 6259 926 14237 2550 926 16187 926 16187 10285 8268
1229 7740 1959 4776 1754 1919 5328 1954 10211 8268 15649 4931 9591 16187 16187 16187
12008 3171 2563 4931 5568 830 6259 8230 10211 8268 9813 926 16187 16187 926 16187
12008 3171 2563 8710 12495 15096 12233 13758 12233 5804 4240 16187 926 14281 3177 4776
8069 6456 5656 9657 2148 9332 16187 16187 16187 16187 16187 16187 16187 16187 16187 16187
1597 2563 8710 1954 2002 3962 12233 13429 16187 14029 4776 1583 16187 8349 16187 5328
13274 8710 11643 8268 5627 13792 8268 14237 8124 10418 8268 4776 10418 8710 14180 5463
8726 6011 2441 820 6259 14304 8268 9647 8712 6259 13692 10011 14304 16187 16187 16187
4776 14581 8710 9612 926 1885 16187 926 926 14776 926 926 14237 926 926 16187
926 926 926 926 926 926 926 16187 4170 3177 12507 2837 4776 14596 8710 11789
3171 10033 5867 926 14776 9743 15658 10603 15762 8719 703 5463 14776 9160 9780 16187
3171 1435 8710 6259 1435 7589 3177 441 8268 1954 13213 16187 16187 5286 15909 16187
4776 4152 8710 5329 1229 6013 10418 8268 5329 9754 2326 203 630 16187 9890 16187
3348 8268 4325 926 16187 16187 16187 16187 16187 16187 16187 16187 16187 16187 16187 16187
926 8268 926 8268 926 8268 926 14237 1959 3171 10033 8268 9004 11889 6259 15031
926 8268 1866 5329 12233 2823 11765 14237 5820 2689 4440 16187 926 926 4931 1175
7926 6381 926 8719 4776 11858 8268 14237 7926 15452 3098 4537 3127 14069 16187 16187
4776 14596 10781 8710 6259 7643 2148 512 7740 10503 6259 9450 8808 16187 6381 5022
4776 7151 8710 10913 5297 8268 1919 4776 5568 10168 1750 926 14237 926 16187 926
10299 10918 12233 4776 2563 8268 8712 5867 6259 12260 16187 16187 16187 16187 16187 16187
3171 2563 8710 2945 8270 16187 4311 6166 10967 5463 4776 926 2598 16187 145 2903
3171 2563 8710 2945 8270 16187 4311 13348 16187 5332 4776 14678 926 16187 12349 4776
6259 9450 10344 1919 3171 13734 16187 16187 16187 16187 16187 16187 16187 16187 16187 16187
6259 14230 3177 4776 8866 2765 3177 1138 926 5711 16187 926 16187 926 16187 926
4776 2601 2563 9004 1229 779 6259 14397 15180 5463 1537 1229 6535 630 8811 8719
8712 5867 14231 16187 16187 16187 16187 16187 16187 16187 16187 16187 16187 16187 16187 16187
8712 4931 6070 630 6259 8808 9809 10033 16187 6390 7937 3177 14766 16187 13807 1138
8712 4931 1435 8268 12495 8569 13348 16187 9605 6724 16187 1383 8719 4776 8693 7724
12260 11553 3841 926 11244 5867 5217 15525 13089 7926 6124 14272 4325 771 10471 16187
926 779 9754 12766 14069 9591 9831 12233 8733 9831 16187 1229 1229 4325 653 16187
7926 12260 4585 926 5867 5217 14043 15389 14411 1919 14734 14596 16187 2326 16187 91
6826 14776 4512 6054 8268 4404 15626 16187 16187 16187 16187 16187 16187 16187 16187 16187
1885 10836 14029 4312 14776 10217 8676 14776 2176 14237 926 14237 4776 1531 14776 926
1885 10836 14029 4312 14776 2176 14237 4776 1531 14776 9332 16187 820 14237 926 926
8719 3171 2037 8268 7926 10716 926 4776 1381 6093 830 4776 1381 2553 16187 16187
4776 1793 3177 4776 10033 10781 8710 6259 14431 11264 16187 8719 4626 3177 4776 10033
4776 5522 1919 926 4931 4776 564 3177 4776 10033 5867 926 16187 8185 14776 8719
7926 12260 11553 12766 2606 1955 7926 926 12233 2823 6259 10501 3177 3171 16187 16187
8712 4537 3847 9754 9605 13592 8270 512 3171 12008 6011 11889 4776 15335 1133 16187
8712 779 15389 12233 1436 8268 14237 8712 2446 3927 6259 5948 3177 8200 16187 4832
926 5867 1637 8719 926 8710 1344 854 16187 16187 16187 16187 16187 16187 16187 16187
469 8268 10710 8268 12008 8710 5463 4776 8521 16187 926 16187 10344 926 926 16187
469 8268 8710 5297 6259 6388 8268 8798 16187 926 3177 926 16187 926 16187 926
7740 10603 8712 10399 12233 10503 5463 4776 5820 15841 3710 4931 1955 4 8958 16187
12495 8569 5463 6011 2077 14776 926 16187 9780 16187 3177 4312 16187 16187 11889 8719
12495 8569 5463 7345 10669 8710 6259 8569 13926 14237 14180 4776 9577 91 16187 8710
12149 13348 16187 16187 16187 16187 16187 16187 16187 16187 16187 16187 16187 16187 16187 16187
831 2894 13077 3171 2563 15525 8268 12008 13588 8258 6011 12003 16187 6161 16187 2563
7542 6259 10355 2563 16187 8569 16187 9743 1957 10983 16187 10602 16187 14237 2689 16187
5463 8710 13250 926 16187 16187 16187 16187 16187 16187 16187 16187 16187 16187 16187 16187
3171 8710 6070 203 5713 100 12709 15597 9746 16187 2588 1885 16187 926 16187 16187
3171 8710 1954 6070 10355 10033 14237 15649 8710 5046 5329 4776 10566 5453 4440 16187
8712 4931 10440 13348 13348 16187 16187 16187 16187 16187 16187 16187 16187 16187 16187 16187
8712 4931 1435 12495 630 8268 14237 8712 15881 5329 6259 3448 16187 3192 12135 16187
8712 4931 1435 12495 630 12233 4776 14596 16187 12349 4776 12489 8268 14237 4325 11839
4776 10418 8719 3171 10033 4931 5329 13181 16187 16187 16187 16187 16187 16187 16187 16187
4776 4152 8710 4776 10418 4931 10355 14237 4776 4152 4931 5822 16187 6297 16187 10116
4776 4152 8710 4776 10566 5453 8521 1919 4776 4189 8710 4537 5329 630 8794 1369
11711 14029 1954 10571 16038 8759 12233 11803 6905 16187 16187 16187 16187 16187 16187 16187
630 2148 1500 8710 1954 2053 14221 2148 15071 3994 16187 15819 13348 16187 13640 16187
15842 5738 16187 5122 16187 10762 16187 16187 2097 3177 3034 16187 2664 14237 5967 12233
2148 5527 8710 4776 3369 16187 16187 16187 16187 16187 16187 16187 16187 16187 16187 16187
3171 8710 6259 6070 10355 2563 5463 8710 2263 6259 10355 14596 3177 8496 6215 14029
3171 8710 6259 6070 10355 2563 16187 10272 12233 2552 16187 926 14184 4882 16187 6432
3171 2563 8710 1378 3177 4776 564 8185 7740 9884 8466 3171 5365 16187 16187 16187
3171 2563 4931 6259 6070 1507 5225 16187 6535 10355 14237 9332 16187 6070 7742 16187
3171 14596 8710 1507 8268 14237 8093 9084 14900 16187 12507 2837 15520 1787 16187 643
12894 926 1955 6259 15415 926 14281 3177 107 4931 6259 13325 3177 15762 16187 16187
12127 926 8710 6259 7791 7937 3177 14766 10033 16187 14221 10967 4776 8588 3177 926
4776 1592 3177 926 2903 1093 8719 926 5867 926 14776 2446 5570 12835 16187 7367
6173 16187 16187 16187 16187 16187 16187 16187 16187 16187 16187 16187 16187 16187 16187 16187
4776 9431 4931 6259 10355 2563 7740 11553 8093 8466 14112 11889 6259 12012 13348 16187
4776 2563 8710 6259 1507 6688 8710 11789 1955 7310 16187 16187 9925 1042 4776 10033
7740 4931 6259 9450 9872 16187 16187 16187 16187 16187 16187 16187 16187 16187 16187 16187
14919 9484 4776 3718 3177 7145 16187 1229 7740 11553 8466 8712 16187 12276 926 16187
14919 9484 4776 3718 3177 7145 16187 926 926 11553 12233 11553 6259 8124 983 16187
91 8710 4776 4152 3177 3171 2563 16187 16187 16187 16187 16187 16187 16187 16187 16187
4776 4152 8710 6070 2805 14237 4776 2946 2451 10571 7742 16187 1955 7742 16187 6133
4776 4152 8710 6070 2805 14237 4776 2946 2451 10571 7742 16187 1344 1955 4776 1754
8712 9277 11553 6201 5463 8712 4931 4776 926 10799 12008 1711 8712 13081 3098 16187
4776 14596 8712 8710 8069 5463 5627 5007 15525 3177 14255 12291 830 5463 5226 3177
4776 14596 8712 2847 12233 2823 1959 16187 14237 7740 11839 8719 6259 15096 12773 16187
8712 5867 5329 16187 16187 16187 16187 16187 16187 16187 16187 16187 16187 16187 16187 16187
8712 5867 13084 14596 16187 5948 16187 14237 14734 8808 950 91 16187 14808 8268 4537
8712 4931 6070 926 14237 6748 9743 15840 14237 14596 8712 3112 4776 2191 3177 4776
7926 779 6259 6388 11913 10862 14237 7926 5867 12349 3908 8712 16187 16187 16187 16187
8712 8710 4537 6259 15174 12233 12650 16187 926 16187 9534 16187 14043 2296 926 16187
4776 9040 8710 10501 9850 4776 11859 830 4776 10033 4776 926 817 12128 926 16187
2263 11889 15715 5937 7981 14029 7829 3059 16187 16187 16187 16187 16187 16187 16187 16187
4776 3942 8710 5463 8712 5867 15510 14237 15624 16187 830 8712 16187 8230 2664 12298
4776 3942 8710 5463 5867 5329 4776 564 8569 10033 5463 5208 1919 10217 8794 14237
7740 1951 4103 2066 1376 8710 6259 14221 11698 13103 16187 16187 16187 16187 16187 16187
7740 7069 6259 5948 3177 703 12008 5463 4931 6535 6585 12233 4776 3052 16187 14237
10080 1146 284 8268 14069 14776 12583 3177 3132 14029 4776 2894 13348 16187 13348 16187
7542 4032 1378 12650 16187 16187 16187 16187 16187 16187 16187 16187 16187 16187 16187 16187
8710 6070 13181 8268 12008 7740 1114 4312 12233 15956 11953 4776 14596 16187 5580 2365
3171 8157 4856 8738 8268 8692 14030 2024 9890 16187 11644 3177 4776 2563 16187 4776
2263 6259 10033 1919 8656 10214 14465 16187 16187 16187 16187 16187 16187 16187 16187 16187
3171 8710 1378 3177 4776 564 11998 8855 1919 4776 926 3177 4776 926 16187 16187
3171 8710 6259 6070 10355 10033 16187 14221 10967 4776 1583 2037 4776 8521 16187 11798
5463 8162 5267 779 12233 2823 4297 1778 4776 9583 830 3171 926 16187 16187 16187
3171 3818 6070 630 6259 10894 6480 5463 4776 13896 7740 779 8093 13081 8712 5867
3171 3818 6070 630 10355 7661 4776 10033 14237 2148 3177 6259 6289 5463 3112 1954
8796 8268 8712 8710 12349 4776 12489 8268 12008 2263 10471 14029 10812 926 13348 16187
4776 4152 8710 1344 10355 14237 1229 8710 4776 6664 16187 10960 14237 91 16187 8710
4152 3171 2037 8710 6259 926 2563 16187 1433 15525 14411 12008 16187 926 926 926
4969 11900 564 1955 6259 9514 16187 16187 16187 16187 16187 16187 16187 16187 16187 16187
630 8710 2148 3098 888 10967 13023 926 5867 926 13023 8268 4776 926 926 8268
6017 8710 5329 14068 9461 6259 11897 91 16187 9442 6688 14043 5257 3177 8712 16187
7926 4931 6905 8719 1954 950 5867 10501 16187 16187 16187 16187 16187 16187 16187 16187
4776 3511 8710 5463 926 8710 7518 14029 4776 10566 10770 16187 2563 16187 1450 16187
4776 6664 8710 5463 926 3177 4776 926 3177 4776 926 926 12181 830 6259 3011
12495 1022 4927 15525 830 3171 2563 5867 13188 16187 16187 16187 16187 16187 16187 16187
14395 8710 4312 1919 9484 16187 8185 11889 3171 16187 6304 16187 2296 16187 1781 8719
14395 8710 4312 1919 3765 6259 15335 1246 16187 14029 4776 308 16187 8719 5463 16187
8197 9070 6259 4320 16187 16187 16187 16187 16187 16187 16187 16187 16187 16187 16187 16187
8710 6259 9964 12233 15952 8710 5580 3098 14043 5217 15902 6161 15846 2823 4776 5562
630 6259 3667 3177 983 14237 3171 8710 6259 2176 10033 16187 16187 9442 8268 7742
7740 9884 8093 8466 1157 1344 11889 8712 5463 5867 830 13616 16187 16187 16187 16187
5297 8268 7740 11889 15956 11953 5463 16187 10011 13348 16187 8081 16187 926 14241 16187
7740 5297 9084 9754 2552 15662 7926 9084 9754 11553 12233 8712 16187 14156 8719 983
8712 8710 6070 926 14237 3847 9754 9605 817 16187 16187 16187 16187 16187 16187 16187
8712 4931 9754 10501 3177 4776 14596 7740 9884 2326 8084 8466 16187 16105 8719 6259
8712 4931 9754 10501 3177 4776 14596 5463 779 6259 2326 2002 7596 630 14596 16187
12276 926 8710 11582 16187 16187 16187 16187 16187 16187 16187 16187 16187 16187 16187 16187
4776 2601 14596 10140 6011 10967 4776 10442 3177 4776 13555 16187 8268 1229 7740 2383
4776 2601 2563 8710 6535 630 6259 2143 9484 16187 11530 12276 2563 16187 926 16187
926 8710 8268 8719 3511 8268 4776 10887 6378 12233 2552 4776 10033 16187 16187 16187
4776 4152 8710 8712 14237 8712 926 8268 12008 8268 14237 8712 8710 1344 2997 16187
4776 4152 8710 8719 4776 10033 10781 2326 3112 4776 2563 5463 7740 9429 8712 2466
926 5867 8856 3870 8710 9612 5816 8913 2837 9859 8268 15658 3873 1885 15525 16187
4776 3511 5463 8712 926 1229 8710 4776 8268 7926 2326 16105 16187 926 16187 14125
4776 6664 8710 6280 11553 4776 13139 2122 4440 14237 6259 2326 10355 13839 16187 12529
926 15842 14237 15846 6096 1093 8268 5463 5867 9332 16187 16187 16187 16187 16187 16187
8712 2446 9113 12233 4776 15416 13089 4325 6683 9331 4776 5820 1787 16187 4924 830
8712 2446 9113 12233 4776 15416 13089 4325 14776 5329 4470 12233 9605 9070 1957 8712
926 1019 13225 926 6173 8710 7393 13839 16187 16187 16187 16187 16187 16187 16187 16187
926 12328 16187 6797 1919 4776 10033 15649 7740 11553 6259 10710 10583 8719 4776 926
926 926 926 926 926 926 926 926 2053 926 8258 16187 926 8268 63 7576
8680 7740 2308 926 6259 551 10894 8270 512 926 16187 16187 16187 16187 16187 16187
14411 8268 5463 4931 6259 7742 10471 2563 16187 4697 16187 2067 14237 9264 9450 916
16146 512 5463 8712 4931 8268 8712 12232 11553 12766 3098 6259 2148 9290 16187 11401
4776 6664 8710 10355 16187 16187 16187 16187 16187 16187 16187 16187 16187 16187 16187 16187
4776 14596 8710 4927 12495 1348 14237 926 7674 12233 14192 1955 4776 13103 4818 16187
4776 15064 3177 3171 10033 4931 9754 8106 14237 4776 10418 4931 13074 16187 14180 4776
1799 926 15658 779 9754 771 13592 10054 6809 684 14734 10501 6070 7742 16187 16187
926 926 926 4776 926 16187 926 16187 9439 926 5297 940 8719 3171 2563 5463
4776 926 2326 12515 12276 16058 9450 4932 16187 6303 5629 926 5867 5329 16187 16187
4325 6683 11889 6259 9554 15525 3177 926 16187 16187 16187 16187 16187 16187 16187 16187
926 926 14237 926 2555 9084 6259 10894 15142 12495 630 4776 14596 16187 11789 16105
926 3171 10033 8710 6259 12260 2552 8268 6259 5948 3177 1502 8268 14237 6826 16146
7740 4552 9754 10751 15662 4776 2353 9084 5463 16187 16187 16187 16187 16187 16187 16187
7740 4552 9754 11889 4776 3504 4325 13077 15525 14237 13907 6259 9766 3177 926 16187
7740 4552 9754 11889 11731 8185 8268 12008 7740 4552 9754 15956 16187 14272 13411 8719
12232 2823 1954 9196 5524 830 4776 10033 16187 16187 16187 16187 16187 16187 16187 16187
12276 5948 3177 4776 926 5867 8185 8710 4776 3398 14237 14411 16187 16187 16187 2097
12276 763 9216 5756 5656 15525 3177 6259 8808 11889 4776 926 1919 926 5867 8229
7740 7164 12233 12650 3171 2563 12008 12892 2903 15978 8712 4931 1229 12105 16105 16187
15747 8268 1531 14776 7742 8719 3171 10033 16187 3098 16187 2097 8811 14237 6378 3177
7740 2945 12561 9203 11553 12766 6665 8268 12008 2148 3177 7004 5867 1133 16187 11788
14734 1525 8710 14803 5974 3177 14734 643 16187 16187 16187 16187 16187 16187 16187 16187
8063 6620 645 14029 1885 8268 5867 12495 2444 10478 16187 12349 6259 13175 16187 13640
11075 926 8719 4776 10501 3177 4776 5453 84 15093 16187 3748 4776 9139 817 16187
12008 14272 11953 14734 8139 8808 2598 16187 16187 16187 16187 16187 16187 16187 16187 16187
3171 2563 4931 6070 2002 16187 16187 9736 1146 284 16187 4189 16187 779 2543 16187
3171 2563 4931 10335 15762 1957 8712 5867 3575 4552 5329 11889 4312 16187 11789 6259
926 8268 4776 1754 3177 4776 10033 3847 5329 4230 16187 16187 16187 16187 16187 16187
4776 4152 8268 6689 926 14237 4776 10418 4931 8213 8268 4931 14180 16187 3554 8719
4776 4152 8268 6689 926 14237 926 14237 926 2037 2837 4776 926 8808 16187 3364
2684 16187 16187 16187 16187 16187 16187 16187 16187 16187 16187 16187 16187 16187 16187 16187
4949 8268 3177 1245 8268 7740 4552 15956 14691 12233 1436 11953 3171 10033 16187 2002
10762 14599 8268 10762 3052 8268 14237 8268 6297 8268 10762 4707 10418 12495 13348 16187
926 7926 8710 4537 12495 13178 12233 15002 9850 16187 16187 16187 16187 16187 16187 16187
4776 926 14237 6664 8710 5329 7594 16187 830 4776 1754 3177 4776 2563 16187 926
4776 926 926 414 1885 11846 8268 4776 6664 8710 3335 1955 7742 8268 7165 1954
4776 4152 8710 6070 2805 14237 4776 2946 2451 10571 7742 16187 16187 16187 16187 16187
4776 4152 8710 6070 2805 14237 779 3094 4776 745 3177 926 16187 643 16187 9442
4776 4152 8710 6070 2805 14237 4776 2285 13839 16187 10501 8719 11179 16187 14397 11783
13947 9367 13348 13348 16187 16187 16187 16187 16187 16187 16187 16187 16187 16187 16187 16187
10619 9484 447 1133 10918 12233 4776 1419 1378 14237 10217 16187 9288 16187 16187 5568
10619 9484 12650 8712 4404 14373 104 926 16187 13060 4776 10033 16187 830 4776 5562
3171 8710 5329 6259 8569 9450 15390 16187 16187 16187 16187 16187 16187 16187 16187 16187
3171 14596 8710 7730 14221 2148 12233 4776 2002 16187 14029 1583 16187 9786 830 1885
3171 14596 8710 1507 8268 14237 8093 9084 14900 16187 12507 16187 2598 16187 14043 926
4776 6854 8710 9754 1955 4974 1955 10394 13197 16187 16187 16187 16187 16187 16187 16187
4776 15064 8710 10355 8268 8712 2689 16187 2689 16187 9332 8268 5329 12495 9442 14237
4776 15064 8710 10355 8268 14237 8712 8710 2689 8268 9449 8268 5332 16187 9442 5030
8502 926 1019 11132 6173 8710 6259 15731 14217 1919 6259 875 16187 16187 16187 16187
6259 9438 926 8710 15597 926 14237 7926 16187 10299 4609 1919 4776 2326 926 16187
6259 1592 3177 6259 2400 8710 926 8719 4776 9685 3177 8712 16187 926 16187 2563
1955 8712 13213 12716 8268 3171 2563 8710 6259 6013 14281 3177 4776 2002 11247 16187
4776 8808 3177 1245 8268 4776 10033 4931 5297 2689 16187 12606 16187 12606 16187 15096
4776 5568 9424 11698 4931 4776 12835 9498 1229 14610 8719 4776 12582 16187 16187 926
13474 13081 2326 6535 8268 14237 684 1885 954 1229 7742 16187 16187 16187 16187 16187
5889 16187 9442 8268 2608 8268 14237 8093 2608 16187 7742 16187 16187 4987 3211 16187
1998 16187 4472 16187 13129 2563 16187 6550 4776 9075 13054 3177 4776 10033 16187 10217
4624 13949 9498 14180 4990 12233 15956 16187 16187 16187 16187 16187 16187 16187 16187 16187
13606 14029 2175 10818 14237 6065 3765 512 5476 12008 4311 3171 10033 16187 8710 1344
13606 14029 2175 10818 14237 6065 3765 512 5476 12008 4311 10036 10516 9084 574 16187
12276 926 8710 3803 16187 16187 16187 16187 16187 16187 16187 16187 16187 16187 16187 16187
3171 8710 6259 3098 2563 7740 771 6259 5948 3177 3192 12362 1515 2858 6259 8081
4776 14591 8887 6259 12715 12715 14237 5769 16187 15840 1955 7742 16187 4832 16187 926
1229 8268 7740 9884 13758 2097 6538 16187 16187 16187 16187 16187 16187 16187 16187 16187
1229 8268 7740 4552 15956 14272 3112 8712 12669 1955 10355 1390 16187 8569 4624 5174
1229 8268 7740 9884 8466 8712 14029 5430 7740 326 12650 10036 13280 16187 5332 16187
8015 8710 3098 8719 1885 8081 6683 14237 1885 9534 8710 2446 15819 16187 16187 16187
4776 8808 8710 5329 7594 8268 8719 4776 10566 6071 1133 14237 11553 6259 15335 8719
4776 9834 1957 4189 8710 6070 8268 14237 4776 13811 8710 10716 2176 16187 1955 7742
1390 16187 16187 16187 16187 16187 16187 16187 16187 16187 16187 16187 16187 16187 16187 16187
9574 6363 15525 3177 9484 16187 14221 16187 8506 16187 16058 16187 3865 2024 13348 16187
1483 14237 4277 5375 9277 7347 4776 4949 3211 10983 11912 14237 7607 16187 1378 2148
7740 2552 4776 2563 4931 16105 14029 6259 14919 8268 6737 8268 6737 2664 16187 16187
3171 2563 8710 6259 10355 800 471 16187 4949 16187 926 16187 6042 8268 15174 16187
3171 2563 8710 6259 593 6521 7178 3177 6120 8268 2204 13587 16187 5948 16187 4949
8726 1229 8268 7740 12232 1436 5463 13474 2497 16187 16187 16187 16187 16187 16187 16187
12008 5463 3644 9754 2823 816 16187 16187 8569 2563 8268 216 8268 14237 5329 16187
12008 5463 2563 5208 2823 8592 5463 3171 8710 4537 1378 3177 4776 15335 5463 4440
6173 16187 16187 16187 16187 16187 16187 16187 16187 16187 16187 16187 16187 16187 16187 16187
4776 9431 4931 6259 10355 2563 7740 11553 8093 8466 14112 11889 6259 12012 13348 16187
4776 2563 8710 6259 1507 6688 8710 11789 1955 7310 16187 16187 9925 1042 4776 10033
7742 8268 5332 7740 15956 16187 16187 16187 16187 16187 16187 16187 16187 16187 16187 16187
12008 8268 10023 14482 5463 2598 16187 2588 491 830 6259 10355 14581 10355 14237 4776
12008 8268 630 2148 5208 2823 8592 5463 16187 12773 8268 8712 8710 5297 1046 3177
12008 15662 14776 4776 564 10011 13141 2296 10701 15358 2598 16187 16187 16187 16187 16187
3171 14596 16187 10400 16187 8569 16187 14237 11608 16187 1515 10324 817 12135 1919 4776
3171 4931 4776 10033 297 1955 6259 926 8268 630 1955 630 1955 4776 9887 16187
4776 4302 14265 4931 3098 14237 4776 7542 6683 3177 4776 10033 4931 8124 16187 16187
4776 4152 8710 14691 12008 2148 14237 6535 630 512 4776 12835 9498 5329 9332 16187
4776 4152 8710 14691 12008 2148 14237 10401 14237 3335 8268 4311 16187 926 10355 8268
4776 14596 4931 11186 14237 4776 5837 4931 14219 16187 16187 16187 16187 16187 16187 16187
4776 14596 8712 8710 3356 14237 12092 8719 5463 6259 926 16187 14125 16187 9715 926
4776 14596 8712 5867 14029 4776 926 8979 4776 14596 8710 9754 5463 8569 16187 10418
926 926 14237 5095 926 14776 12256 8719 10355 5121 10638 16187 16187 16187 16187 16187
4776 7151 14827 3177 14734 2400 8268 91 8710 10710 6767 16187 14596 16187 10217 16146
4776 7151 926 5137 12233 2823 6259 10602 649 830 1885 8521 16187 926 14237 4240
4776 12894 4931 1229 10355 16187 16187 16187 16187 16187 16187 16187 16187 16187 16187 16187
4776 4152 8710 7997 8268 6070 1872 16187 14043 6259 15819 2563 5463 3847 9754 2326
4776 4152 8710 6070 2805 16187 9389 8719 15597 8456 16187 643 16187 1229 12105 12345
3171 10033 8710 6259 13242 10314 16187 16187 16187 16187 16187 16187 16187 16187 16187 16187
3171 2563 8710 5568 6813 16187 12149 13348 16187 9316 8712 5332 16187 6071 16187 13348
3171 14596 6363 6598 10355 10836 14029 1583 1955 630 779 12766 8270 16187 2296 926
7926 8710 6259 3098 950 14237 7926 939 8712 2296 16187 16187 16187 16187 16187 16187
4776 1435 14596 8710 6259 10894 9449 8268 12008 8712 5867 12349 4776 12489 16187 13141
4776 15043 8710 6259 3098 8521 8268 7926 2326 9084 9754 11553 12233 8855 1919 15389
7926 5867 10571 11788 14237 2689 14237 6011 6300 12233 4776 5095 1229 630 16187 16187
4776 10335 11331 9498 926 2903 8268 14069 14776 5329 10915 8719 4776 926 14237 926
4776 10335 11331 9498 926 7926 6724 4776 817 1919 4776 926 16187 926 16187 926
5329 630 8152 830 39 8791 15649 7926 4931 8258 4776 4932 1919 13084 390 16187
4776 5820 6683 3177 4856 4931 14397 7708 6664 16187 16139 16187 9059 875 16187 16187
4776 10709 8710 5329 4776 10709 16187 9890 16187 6259 10108 8268 5937 926 16187 7981
8712 4931 4776 10566 7385 8268 14939 926 4776 1787 779 8084 14362 16187 16187 16187
4776 4152 8710 14411 16187 9575 7742 16187 14029 4776 926 14029 4776 1583 16187 1787
4776 4152 91 8710 14691 2466 926 1750 12766 1229 6070 10355 16187 16187 830 1954
4776 2563 8710 8268 11889 4776 5562 13197 8268 10716 11713 15679 16187 16187 16187 16187
4776 4152 8710 6070 10355 8268 1229 7740 2383 8712 5867 9449 16187 9442 5030 5057
4776 4152 8710 8719 3511 1229 3112 8712 830 4776 10033 1955 4931 1954 8213 2563
12008 12911 10967 14734 4440 4776 2563 4931 6388 16187 16187 16187 16187 16187 16187 16187
12008 12127 12051 13075 8268 12127 6664 1532 8268 12127 8808 11900 16187 926 16187 7708
12008 12127 12051 13075 8268 12127 6664 1532 8268 12127 8808 11900 16187 926 16187 16187
3171 8710 7401 14272 3171 2563 8710 6606 16187 16187 16187 16187 16187 16187 16187 16187
3171 14596 8710 1507 8268 14237 5329 1378 13811 14043 12832 10418 16187 5084 1955 4776
3171 14596 8710 1507 8268 14237 8710 6070 2945 2823 12773 13348 16187 5430 16187 9540
6011 15846 8093 10603 6259 12099 1614 10033 1919 3171 8157 3177 1146 926 16187 16187
8710 6259 10399 12233 10503 7945 926 4931 6259 926 3177 4776 2563 16187 1022 13348
8710 6259 12260 2823 926 1919 6259 8569 1378 3177 4776 13839 16187 8185 926 15597
5272 9070 8710 1954 8927 6741 10033 16187 16187 16187 16187 16187 16187 16187 16187 16187
4404 9424 5463 16105 9070 8719 3171 2563 16187 2296 16187 16105 1954 14760 11947 3177
4404 9424 8710 5463 4776 14596 8710 5463 447 16187 16187 16187 6011 14029 4776 16058
4776 2353 5867 5801 8710 3932 8069 8719 3171 9431 9203 16187 16187 16187 16187 16187
4776 13530 3177 4776 14589 926 926 8710 6297 1344 6259 10710 14237 795 16187 4707
4776 13530 3177 4776 4701 10716 8124 16187 1133 7740 11553 6259 10355 983 16187 8185
9296 5329 16187 16187 16187 16187 16187 16187 16187 16187 16187 16187 16187 16187 16187 16187
6070 9355 1919 6259 15433 10335 2255 14237 630 12233 2823 11889 12233 2552 3171 10033
569 3177 5463 8712 5867 13250 8268 10274 14237 9918 8268 926 14237 7178 16187 9442
7740 12020 7740 968 8093 8466 8712 16187 16187 16187 16187 16187 16187 16187 16187 16187
1229 8726 5463 5867 830 1954 926 14281 8268 7740 11992 6259 14139 16187 926 14237
7740 12232 2945 13615 820 9563 13720 10051 14237 1244 12233 12650 3171 3886 16187 15806
4776 7612 14150 12835 1919 8551 11222 11889 9349 926 8268 8761 11652 14237 926 16187
4776 11899 8268 13592 2563 16187 926 12233 4776 9290 16187 13348 16187 7393 16187 12757
4776 11899 8268 12715 14599 5208 2122 8268 6011 14470 11553 15389 9780 16187 8781 16187
14029 4776 12990 8311 4776 2221 8710 1175 16187 16187 16187 16187 16187 16187 16187 16187
13741 1957 4776 7278 3177 11364 3774 6683 11889 11191 8913 16187 2097 3177 13250 16187
3511 8710 13224 9800 14237 4624 8855 16187 8712 1029 2997 16187 2563 16187 9442 9575
4776 14311 14749 2145 13141 4776 4927 13907 9956 12233 16187 16187 16187 16187 16187 16187
4776 4927 5736 12233 1110 4776 3335 8268 8710 4404 926 16187 512 4776 9290 8719
4776 14596 8710 4927 12495 1348 14237 926 7674 12233 14192 1955 4776 13103 4818 16187
8712 5867 6601 4776 564 926 7740 9884 8466 8719 6259 10033 16187 16187 16187 16187
4776 14596 8710 15064 14237 10355 5463 8712 11461 10586 3177 6259 6854 7724 16187 926
4776 14596 8710 2466 10399 12233 14192 8268 12008 8712 8710 9332 8268 14237 8712 5867
15662 5329 12650 3171 5721 3177 6259 6071 2563 14237 10603 15525 2598 16187 16187 16187
3171 5329 1229 8569 8712 5867 5329 6070 10355 12008 1229 8268 8712 5867 7742 9498
3171 10033 4931 4537 6259 2122 2563 16187 6259 10355 14596 16187 14237 2689 16187 7310
14180 3177 926 5867 1133 13422 12835 12300 12233 4776 926 10813 3177 1370 926 16187
4776 13260 6683 830 4776 2563 8710 12990 16187 16187 16187 16187 16187 16187 16187 16187
4776 63 8710 5463 6445 4776 12298 4776 284 6683 12715 16187 14237 12345 16187 15416
4776 817 10659 8268 15770 14237 15462 8268 3847 9754 188 13592 10501 3177 3171 16187
4776 4152 8710 6070 2805 14237 4776 2946 2451 10571 7742 16187 1400 8719 15597 10638
4776 4152 8710 6070 2805 14237 779 6259 11901 5328 926 3177 4776 10501 16187 16187
7740 11553 12233 1436 7740 4931 9106 830 10566 3177 4776 1390 2103 16187 16187 16187
531 7740 9429 7740 1110 3171 10033 512 8719 14180 4776 4927 4776 12459 8710 4537
531 7740 4531 3171 2563 6070 630 14237 4032 9316 8712 1344 7742 4032 5153 14237
12233 1436 5463 3171 8710 6259 10355 9577 8710 5329 12233 1436 1157 1957 14180 16187
3171 2563 8710 2945 4032 15715 830 10671 3177 5722 14043 800 8185 16187 7742 4032
4776 2601 14596 10140 6011 10967 4776 10442 3177 4776 13555 16187 8268 14237 4931 9754
3171 2563 779 8712 14180 16187 16187 16187 16187 16187 16187 16187 16187 16187 16187 16187
3171 2563 4931 6070 2002 16187 16187 5837 3177 8712 5867 5777 16187 14350 16187 15624
3171 2563 4931 1229 15096 16187 9442 12545 11953 5463 9450 3177 3171 5365 16187 6719
4311 14069 8710 4776 14148 8268 6259 5580 8882 3249 8719 10781 16187 16187 16187 16187
2285 14596 8710 7100 8719 1378 8181 8268 12135 14237 6070 2067 12162 16187 12135 16187
8712 8710 91 16187 4776 10033 14237 15096 2148 3177 8712 16187 12633 14237 3927 1955
7742 4776 13429 8719 4776 9623 3543 8158 6011 12958 16187 16187 16187 16187 16187 16187
3171 4931 6070 3932 8719 2053 1403 3994 16187 4949 16187 13876 16187 11889 5820 643
4776 4152 8710 6070 2805 14237 4776 2946 2451 10571 7742 16187 9736 16187 16187 13663
5463 9277 14043 9277 5329 2823 6259 6421 10709 12233 6011 16187 16187 16187 16187 16187
3171 4931 6070 10355 8268 1229 7740 2383 16187 13089 8712 4931 10355 16187 4537 1229
3171 8710 2945 14635 3177 2563 5463 5208 2823 1959 12349 14237 7740 4931 9754 1955
4776 5820 1378 5329 12223 3436 16187 16187 16187 16187 16187 16187 16187 16187 16187 16187
4776 63 5328 779 7458 8268 12008 14691 8710 4537 9625 16187 569 3177 926 1919
4776 63 8710 5463 6445 4776 12298 4776 284 6683 12715 16187 14237 4776 10418 5867
8496 8710 3631 12233 926 5836 4776 12778 8719 4776 13501 16187 16187 16187 16187 16187
4776 12337 926 8710 1885 5602 15658 15846 10603 6259 7367 926 926 16187 9534 16187
4776 6161 8710 5329 16105 8719 6259 9577 91 16187 8710 12276 16058 12904 16187 926
8719 926 3312 8268 926 926 4776 1787 16187 16187 16187 16187 16187 16187 16187 16187
4776 3511 5463 8712 8710 8268 1344 6826 10967 4776 2002 9138 16187 926 10918 14237
4776 12904 926 4152 8268 4776 4152 8710 926 16187 14834 14237 6692 14397 7708 14180
12008 8557 1917 1955 926 9040 3847 10355 1955 2296 16187 16187 16187 16187 16187 16187
8712 5867 5329 1955 10355 1955 4776 5095 16187 5297 14029 4776 16058 16187 926 2837
8712 5867 4537 10915 8439 14237 113 16187 954 16187 926 926 954 16187 6153 16187
1229 14272 5867 8781 2598 16187 16187 16187 16187 16187 16187 16187 16187 16187 16187 16187
12008 5463 2563 4931 10355 8268 12495 8569 5463 6011 11553 6259 10355 10400 16187 15768
3171 2563 4931 10770 8268 8726 5463 4325 11031 13081 11889 8712 4931 9754 6070 3356
7740 4552 9754 5638 4312 16187 16187 16187 16187 16187 16187 16187 16187 16187 16187 16187
14139 9484 7740 4552 9754 8456 5463 8268 7740 9084 9754 2326 5407 830 4312 16187
14139 9484 7740 4552 9754 8456 11889 9743 8569 14043 6011 14776 5329 11889 4325 9605
7740 8197 3171 2563 9484 15525 3177 9484 16187 16187 16187 16187 16187 16187 16187 16187
14919 15525 3177 9484 9574 8710 6535 7742 4032 6259 6683 11889 8712 4931 6070 12606
14919 15525 3177 9484 9574 8710 6535 7742 4032 6259 12650 16187 6140 2563 16187 10272
3171 8710 2176 7742 11022 14237 2608 1919 6259 6313 132 574 16187 16187 16187 16187
4776 4152 8710 6070 6140 14237 6070 12690 2563 16187 926 16187 100 14776 16187 14350
4776 4152 8710 6070 2805 16187 9389 8719 5530 16187 14221 16187 8719 5463 1378 10217
1543 8710 3171 1849 2598 16187 16187 16187 16187 16187 16187 16187 16187 16187 16187 16187
3171 10033 4931 4776 2601 16187 12650 830 6259 15096 926 16187 926 16187 926 13348
3171 4931 6259 2563 5463 6259 926 8710 15848 16187 91 16187 9442 2837 5804 16187
6259 3011 926 5147 8710 2446 6070 10355 1955 926 8268 926 4125 16187 16187 16187
4776 2601 5777 4931 10953 14237 12892 6259 9094 3177 926 926 16187 12127 14596 16187
4776 2285 13839 8710 6259 926 2563 8268 12008 8710 4776 926 3177 4776 926 16187
7740 9004 13084 1369 10299 15525 8268 14237 4325 2296 3007 6423 433 5867 11644 16187
12008 10566 3177 4312 14776 1133 16187 2365 12051 8719 4776 10983 16187 14237 4142 926
12008 8268 7740 4931 816 16187 1813 14043 5329 816 16187 14237 16187 3163 13348 13348
795 1453 14029 14195 16187 16187 16187 16187 16187 16187 16187 16187 16187 16187 16187 16187
5496 8719 2712 8268 5937 1482 14237 487 8268 14180 16146 3109 16187 8185 16187 8185
2687 9916 5629 12478 14237 4440 9498 10915 14691 16187 8719 8719 4776 8588 14237 926
14734 15096 926 6039 8197 4776 2563 4776 9627 5801 3177 7093 16187 16187 16187 16187
4776 15174 926 3177 4776 15395 2187 8710 6259 10894 10399 12233 2186 4776 10033 16187
4776 15174 9575 3177 926 8719 926 8268 4776 926 8268 926 6905 8719 195 830
926 926 4931 10762 8719 14734 9431 11778 1955 4776 3776 13034 8268 12495 16187 16187
4776 2062 3177 4776 4927 4776 9790 817 16187 2486 11704 16187 12349 3908 8712 10150
4776 8712 14237 6407 926 926 926 926 926 926 8710 8974 16187 2563 16187 926
926 5867 9059 1019 7729 14237 2689 15167 926 6173 926 926 3177 926 16187 16187
4776 926 926 1885 5463 4776 5820 926 443 4931 14426 8268 5329 1378 9780 16187
4776 16003 926 8610 3765 926 5232 14237 13345 926 12233 8537 1885 12224 16187 8719
8712 12431 12233 4776 10709 1543 8712 6297 12515 4609 10967 4776 2563 16187 16187 16187
8712 8710 4537 1955 15096 10246 8268 14237 926 8710 6259 926 3575 16187 6259 926
4776 14596 10781 8710 6259 926 8268 14237 14069 8710 2148 15048 15814 16187 8158 9070
14069 8710 13084 7448 830 4776 2563 12233 2786 14029 16187 16187 16187 16187 16187 16187
3171 4931 6070 1435 10033 12233 9605 10394 8710 6388 1957 9290 1022 14237 11273 14237
4776 14596 8710 2466 10399 12233 14192 8268 12008 8712 8710 9332 16187 5329 6070 2689
4776 132 3177 3171 10033 8710 5580 6767 16187 16187 16187 16187 16187 16187 16187 16187
4776 13607 8710 6070 15174 14237 7926 5867 926 16187 9534 16187 223 1919 4776 8794
4776 13607 8710 6070 15174 14237 7926 5867 6259 9450 8808 16187 512 7877 926 16187
4325 9498 14180 11953 5463 8157 3177 9424 10918 4311 16187 16187 16187 16187 16187 16187
3171 10033 779 12958 8268 12716 8268 8710 5329 14180 816 6259 8974 16187 8569 8712
3171 10033 779 12958 8268 12716 8268 8710 5329 2689 8268 7740 8313 8569 16187 100
9063 15389 1229 2002 5656 15525 3177 4776 5777 3171 5365 16187 16187 16187 16187 16187
3171 2563 8710 2945 8270 512 10566 926 15846 11553 6011 10503 1955 6011 11553 4776
3171 8710 2945 6259 2563 5463 3112 6011 459 12233 7001 12233 4776 8185 16187 8185
926 5867 13811 8710 13616 8994 14237 7664 16187 16187 16187 16187 16187 16187 16187 16187
4776 6664 8710 5286 3177 926 1955 4776 926 16187 9290 8268 4776 8503 16187 926
4776 6664 8710 2751 14237 6246 14237 3335 14237 8268 564 3177 14180 8268 926 16187
132 10020 14776 5329 1954 9420 14029 13422 1133 16187 16187 16187 16187 16187 16187 16187
3171 10033 8710 3098 6499 16187 10372 5463 7724 8710 4776 926 16187 14125 16187 926
3171 10033 8710 10571 14902 8719 14734 1378 16187 954 1229 14221 2148 14802 8268 14069
8726 1954 11303 8084 5656 7740 14460 8712 8710 14691 11889 3171 1378 16187 16187 16187
2263 7664 12832 2627 771 9070 6979 971 14029 4776 948 10953 16187 9442 8719 4776
2263 716 11273 5463 5713 9288 9498 6552 14457 3177 11953 1515 14029 16187 3366 16187
9316 3171 10033 4931 1378 3177 4776 4298 3177 12276 2563 1515 643 16187 16187 16187
3171 4931 6259 6070 926 12233 12650 16187 13664 10033 8084 8466 16187 14029 6259 15096
3171 10033 8710 6259 6070 4091 11032 3177 4776 8588 3177 926 16187 926 16187 926
9790 926 1545 11953 13000 4932 8268 9790 926 3177 10355 14237 8569 16187 16187 16187
4776 3942 1919 3171 10033 8710 5463 4776 10033 4931 5329 8569 16187 14180 4776 12835
4776 9770 8710 6601 12276 11070 10501 5462 830 3171 10033 16187 12416 16187 5830 13081
12008 5463 5867 5329 12495 630 2520 12233 9070 16187 16187 16187 16187 16187 16187 16187
4776 14596 4931 3175 14237 15884 12233 14192 1955 4776 8846 16187 16187 14043 2563 16187
8712 4931 6535 630 6259 3667 3177 983 16187 14241 16187 14237 15096 2563 12208 4776
4776 2563 4931 9754 1955 3356 1955 8712 4931 9332 16187 16187 16187 16187 16187 16187
8712 4931 1344 2997 8798 5297 6546 630 11889 10915 4974 16187 11910 16187 8181 16187
8712 11870 5463 4776 4152 4931 6070 10399 12233 10503 5329 1955 630 1955 1213 6259
12008 4776 11017 3543 5329 11553 7992 13348 16187 16187 16187 16187 16187 16187 16187 16187
4776 14596 4931 10355 8268 12008 1957 12291 16187 6196 4312 1919 12495 2002 16187 16187
4776 14596 4931 10355 8268 12008 1957 12291 8268 9084 9754 14361 12233 8712 16187 16187
1350 7740 2308 4776 926 6070 6140 16187 16187 16187 16187 16187 16187 16187 16187 16187
4776 6006 8710 6535 8268 4776 132 8710 9313 8268 14237 4776 10418 8710 10602 16187
4776 6006 8710 6535 630 11889 5820 14237 2689 14237 9332 16187 8710 4776 3532 16187
7508 8268 7740 973 1515 4927 3748 5225 91 16187 16187 16187 16187 16187 16187 16187
1998 16187 643 8268 14237 8712 9004 5463 3177 1138 12835 2326 14029 4776 16146 11191
1998 16187 643 5046 6546 11889 3711 8710 13084 926 4152 16187 12422 926 16187 4571
8710 8712 11953 926 2598 16187 16187 16187 16187 16187 16187 16187 16187 16187 16187 16187
3171 14596 8710 1507 8268 14237 8093 9084 14900 16187 2097 2191 16187 8569 14113 14237
3171 10033 8710 5463 2543 6259 8081 11422 1919 6259 5562 1957 926 16187 5332 16187
3171 6907 6179 13501 4240 7265 5867 5804 10967 11599 16187 16187 16187 16187 16187 16187
3171 8710 1954 9332 5375 13640 476 12008 1919 16114 8719 4776 4152 16187 14237 926
3171 8710 1954 16150 9355 14596 5463 9455 1919 6259 5217 15846 4261 16187 8656 1243
12008 9845 8710 6259 204 9575 9431 14237 6259 11537 63 16187 16187 16187 16187 16187
3171 8710 4776 14635 3177 9800 8268 1229 12233 4776 2563 16187 15525 8719 4776 6535
3171 8710 5329 6070 10024 8268 6070 9450 12495 16187 830 9890 3177 8712 16187 16187
14180 8710 5329 1955 8712 13942 8268 14043 1229 8712 13942 16187 16187 16187 16187 16187
4776 4152 8710 6070 2805 14237 4776 2946 2451 10571 7742 16187 9736 16187 16187 926
4776 4152 8710 6070 2805 14237 4776 10418 16187 779 6259 7652 8719 3171 2563 16187
926 8268 13250 16187 16187 16187 16187 16187 16187 16187 16187 16187 16187 16187 16187 16187
4776 10033 2326 9084 9754 9429 8712 5867 5329 12606 16187 8719 994 16187 1138 926
4776 10033 2326 12449 12233 2823 7664 14237 8069 926 8268 7740 9429 6011 3543 9754
8796 8712 5867 9449 12008 8712 5867 10518 12233 2823 16187 16187 16187 16187 16187 16187
8712 5867 1344 15389 12233 1654 14237 8712 5867 2148 512 7740 12495 15096 16187 3609
8712 3511 8710 5463 13250 9424 8710 4776 3532 16187 9447 1175 906 16187 926 16187
2263 716 11273 5463 5713 9288 9498 6552 14457 3177 5358 16187 16187 16187 16187 16187
4776 4152 4931 6070 10355 8268 6070 12606 7740 16105 9625 16187 10983 16187 14237 6259
4776 4152 4931 6070 3033 13089 477 8719 7661 4776 14457 16187 15103 8710 16187 16187
1229 926 8959 12463 4776 14207 926 16187 16187 16187 16187 16187 16187 16187 16187 16187
3171 926 2563 8710 1435 12495 12495 9625 830 1243 2598 16187 929 929 16187 929
3171 10033 14281 8710 6259 2684 14752 16187 4776 3052 16187 4776 2563 16187 8124 16187
1229 630 3364 11553 12766 10471 12233 9577 3204 5867 5412 16187 16187 16187 16187 16187
5463 12232 9754 11553 12766 7805 16187 2598 16187 3137 16187 3137 5365 16187 16187 7970
5453 5329 5463 2689 13348 16187 9442 216 1957 14180 2122 16187 6215 16187 926 16187
1390 14139 15966 12260 9145 8258 4776 14634 870 16187 16187 16187 16187 16187 16187 16187
9574 6363 9484 16187 3171 2563 8710 2296 1957 12291 12008 6070 12606 16187 14029 1583
9574 6363 9484 1019 12291 6173 8710 6070 2689 16187 12495 16187 9442 5030 16187 7393
6683 7740 973 2326 391 11953 3171 10033 16187 16187 16187 16187 16187 16187 16187 16187
2945 1378 3177 4776 564 4756 3177 3171 3531 8268 8726 5329 8084 8268 4311 4931
2945 1378 8503 1957 14180 13348 16187 8081 5388 6259 14397 926 16187 512 6011 14776
15870 7740 973 4537 5329 6259 14230 16187 16187 16187 16187 16187 16187 16187 16187 16187
12008 12654 14180 4776 16068 8712 414 8268 7740 2308 15525 16187 983 16187 11401 16187
12008 12654 3171 8268 7740 5297 2308 4776 2563 6070 2997 14237 656 16187 7742 16187
4776 6729 4931 4776 3511 5463 4776 14596 4931 2148 10401 512 7740 12773 16187 16187
4776 6535 10355 10033 8710 2945 4032 6259 6683 8268 14237 4032 15715 16187 14029 4776
4776 4152 8710 4776 6070 9450 3384 8719 4776 926 3384 16187 8781 16187 16187 14465
14272 8268 9084 11632 6381 1954 3611 916 4776 14217 13089 7926 926 1885 2598 16187
4776 10355 12723 8268 14272 11953 1138 4776 926 5711 16187 476 16187 5822 7807 4776
4776 4152 11331 15232 10160 12835 16187 14640 926 16187 8794 14237 926 8719 926 16187
91 13291 8710 5910 12233 4776 14596 16187 16187 16187 16187 16187 16187 16187 16187 16187
4776 6664 8710 5286 3177 12 1439 16187 8063 926 8063 926 16187 9653 16187 8577
8712 5867 1954 2997 10033 5463 12232 2823 4776 3211 8268 14237 8712 8710 2326 630
7742 4537 6683 1957 4776 9623 14029 4776 926 7815 13348 16187 16187 16187 16187 16187
8712 5867 1378 10887 114 11889 9170 6266 16187 4931 926 1955 6259 926 16187 643
8712 5867 91 5463 4776 2563 8710 2429 1954 13250 8268 8712 5867 5329 6259 10355
7740 8069 771 6826 3356 14418 1778 4776 4811 16187 16187 16187 16187 16187 16187 16187
5341 14053 8710 6488 12233 9786 6259 3707 14237 9605 4776 2689 9138 10918 16187 11401
15895 14237 926 14776 7661 8974 14237 4776 926 3177 4776 14112 16187 91 16187 926
3511 8710 5463 4776 2563 5568 4537 12741 12187 1957 8506 16187 16187 16187 16187 16187
3171 2563 8710 6259 3098 1146 14599 8268 14237 6259 9264 7314 8268 13084 14691 14426
3171 2563 8710 6259 593 6521 7178 3177 6120 8268 2204 13587 16187 5948 16187 11889
4776 8521 3177 4776 15939 12232 11553 12766 10355 16187 16187 16187 16187 16187 16187 16187
4776 6729 4931 4776 3511 5463 4776 14596 771 9070 16187 9316 2148 512 4776 2563
4776 14596 4931 2429 10355 8268 14237 4776 10418 4931 5329 5463 9332 16187 14237 8712
8712 8710 2326 14029 4776 1787 13021 13182 16187 16187 16187 16187 16187 16187 16187 16187
8712 4931 6070 2997 8268 8712 8710 2689 8268 8710 1955 8712 8710 3461 3554 12233
8712 4931 6070 2997 14237 11546 16187 7931 1919 6259 926 5463 2563 16187 926 16187
7066 11007 8268 15597 8719 4776 926 8268 14237 820 14776 10077 12233 9605 926 16187
4776 4152 10781 11301 2903 2326 7742 8268 14237 8710 2326 10401 16187 8719 12495 15096
4776 4152 10781 11301 2903 2326 7742 8268 14237 8712 2326 8710 2326 3335 13348 16187
