4776 10418 14237 926 3177 4776 9339 12835 8710 6535 10355 16187 16187 16187 16187 16187
4776 4152 8710 8719 4776 10033 10781 8268 14237 8712 2326 3112 4776 4472 91 8268
4776 4152 8710 8719 4776 10033 10781 8268 14237 8712 2326 3112 4776 4472 91 8268
6640 8712 6179 137 8712 15881 10324 5937 12883 2384 16187 16187 16187 16187 16187 16187
8712 5867 1954 13575 5463 7740 8680 10603 13745 16187 14180 8719 14180 7740 16187 8719
8712 8710 4537 5433 12233 15740 14237 926 926 1919 13852 16187 10669 16187 13348 16187
7740 11889 5463 4776 1419 11434 8710 5329 6259 926 6503 1383 5463 1597 926 16187
12008 8268 3171 10033 4931 9754 8569 8268 1885 10418 4931 926 16187 3554 12233 2823
12008 8268 8719 4776 2563 5463 3644 9754 2823 14029 3171 8268 4311 6011 2598 16187
10211 926 1919 6259 926 11453 926 2598 16187 16187 16187 16187 16187 16187 16187 16187
6161 8710 6259 11046 12852 14237 5329 1378 8913 16187 5286 926 16187 14237 15149 16187
10710 14596 16187 9442 5030 1398 3108 15525 2077 11553 8084 8466 16187 14029 6259 1583
7740 4931 4846 926 14237 6432 2903 8719 4776 926 5942 16187 16187 16187 16187 16187
14919 8506 4776 4152 8268 7740 12232 9754 8154 3171 10033 16187 1957 6259 8081 10033
14919 8506 4776 4152 8268 14237 4776 10418 4931 4776 10418 8719 4776 10033 8710 4537
15662 2598 16187 16187 16187 16187 16187 16187 16187 16187 16187 16187 16187 16187 16187 16187
3171 4931 9754 6826 10355 2122 10033 8268 14237 8712 4931 2326 3112 8712 16187 4949
3171 4931 1954 2997 15043 2563 8268 1919 6826 3098 2122 10033 16187 6695 16187 13570
8756 926 15452 11889 13474 5867 6381 11953 3803 5841 14029 8719 1885 3504 1093 16187
4776 6664 8710 5286 3177 926 1955 4776 926 926 8268 14237 13474 926 14180 4776
4776 6664 8710 5286 3177 926 1955 4776 926 926 8268 14237 926 5297 926 16187
14272 6259 3098 926 9241 12233 2172 10967 13348 16187 16187 16187 16187 16187 16187 16187
3171 10033 8710 6259 10355 5138 16187 100 10967 4152 13348 16187 5948 16187 6423 16187
4776 4152 4931 4776 9790 8268 8712 8710 2296 6259 10894 926 16187 16187 5332 16187
8712 4931 9780 10967 1157 6672 7740 9884 8466 14029 5713 14487 7567 775 16187 16187
4776 6664 8710 5286 3177 926 1955 15096 16187 3504 926 8268 10030 8268 8152 14304
4776 6664 8710 5286 3177 926 8808 512 4776 926 13348 16187 3409 16187 5137 16187
8712 8710 14180 4776 2148 9707 5463 1954 950 11889 9367 7148 3418 8719 8712 16187
2285 14596 8710 4776 10566 5453 4994 3177 4776 2563 16187 8569 14237 5463 6011 8093
4776 4152 8710 6070 2805 14237 779 3094 4776 926 16187 13501 16187 8719 926 16187
15662 5329 926 14043 15253 2598 16187 16187 16187 16187 16187 16187 16187 16187 16187 16187
3171 10033 3364 11553 12766 2148 13929 13348 13348 13348 16187 3137 16187 8656 8656 8656
3171 10033 8268 7613 16187 2097 3177 13784 6581 16187 2664 14237 11553 8727 582 12233
4776 5568 5820 3942 8710 14672 6259 13565 3177 4776 3059 16187 16187 16187 16187 16187
4776 14596 8710 4927 12495 1348 14237 926 7674 12233 14192 1955 4776 13103 4818 16187
4776 14596 8712 5867 8712 8268 10355 8268 12008 5329 6259 13587 16187 830 14180 13348
3171 14150 14734 564 5459 15658 8710 11953 12233 9605 15731 16187 16187 16187 16187 16187
4776 2601 10400 8710 5329 8569 16187 2002 14237 8712 5867 5329 6070 2689 16187 9925
4776 2601 10400 8710 5329 8569 16187 12105 12345 16187 2326 14652 16187 2097 12835 16187
1954 6680 14999 7154 8268 5463 5867 7962 12233 6683 1957 16187 16187 16187 16187 16187
2263 15624 14237 8440 14237 2591 6780 16187 6388 16187 9506 16187 5891 950 830 926
4776 9955 7949 8268 11889 3171 4931 15696 8258 7740 1442 4931 11953 14237 13546 14237
12008 4776 10418 8710 926 16187 16187 16187 16187 16187 16187 16187 16187 16187 16187 16187
4776 4152 8710 4776 5286 15043 2563 8268 1919 5463 4776 14596 5463 4776 926 2326
4776 4152 8710 4776 5286 15043 2563 5463 1919 6259 2689 16187 5084 1955 4776 9887
7740 11839 5463 8712 4931 6070 2002 14237 6692 16187 16187 16187 16187 16187 16187 16187
3511 5463 2563 8710 2945 8270 512 3171 14596 16187 1348 16187 926 16187 5200 8268
3171 2563 8710 1507 8268 2466 14180 4776 100 16187 4776 2563 16187 6259 8503 16187
7740 3364 9754 789 11889 14734 926 926 9642 5341 16187 16187 16187 16187 16187 16187
7740 7740 1436 8268 12654 10566 13181 926 8268 7740 11553 9754 2696 4776 15939 16187
7740 7740 8154 6011 11530 3171 8268 12716 8268 8712 2296 5947 14237 12149 16187 5804
3171 8710 14691 12008 1954 1621 926 8922 16187 16187 16187 16187 16187 16187 16187 16187
3171 8710 12276 8157 3886 2122 2563 16187 15335 10671 16187 14237 2176 13348 16187 8185
3171 8157 4856 3384 12013 8710 6070 12690 16187 4707 8712 16187 3246 16187 8794 5121
4776 2601 16041 926 830 6259 10607 3679 12576 8710 9754 6070 10355 16187 16187 16187
4776 2601 10400 8710 5329 8569 16187 8719 6259 10033 16187 15090 1919 14180 14237 15743
4776 14591 2765 2429 6259 3098 10400 12233 1212 2563 8069 9332 16187 6124 14029 4776
3171 8710 1378 3177 12825 2811 1133 4325 16105 6550 4776 4194 16187 16187 16187 16187
4776 11998 3942 8710 5463 4776 10033 5867 926 3177 4776 926 14029 4776 926 16187
4776 4152 8710 6070 2805 14237 4776 2946 2451 10571 7742 16187 6918 16187 9925 6987
5937 5293 15846 512 6011 16187 16187 16187 16187 16187 16187 16187 16187 16187 16187 16187
10619 9484 7740 4552 9754 8456 14043 15389 8268 3171 10033 4931 2326 10355 16187 5891
13592 6801 5367 8268 3171 2563 8710 6535 6585 6011 9884 10471 16187 540 16187 2903
7740 1114 4776 10148 10967 1138 926 10497 5711 16187 16187 16187 16187 16187 16187 16187
2492 10806 14237 926 926 9498 926 14237 9057 8719 4776 9431 926 8719 3171 13546
2492 10806 14237 926 926 9498 926 9563 3748 12115 4776 13501 8719 3171 2689 16187
4776 2053 9808 308 3994 8011 926 5463 14776 2296 1043 926 16187 16187 16187 16187
4776 2285 926 15093 3177 4776 2601 15729 16187 6601 4776 5777 14237 10217 3177 4776
4776 12529 926 7949 8710 6259 11947 926 12233 1138 4776 7937 3177 5711 16187 1138
4776 2243 926 3177 10355 14112 14776 10716 4951 16187 16187 16187 16187 16187 16187 16187
4776 6664 8710 5286 3177 926 8808 10801 16187 11889 5820 820 16187 789 11889 4312
4776 6664 8710 2751 14237 6246 14237 3335 14237 8268 564 3177 14180 8268 926 16187
7740 1442 10242 3177 3171 8719 4776 10033 16187 16187 16187 16187 16187 16187 16187 16187
7542 8268 15978 7740 12773 6259 3794 817 16187 926 2563 16187 8719 4776 5562 16187
7542 8268 4776 2601 9424 2979 9657 11889 1954 817 12135 4406 10033 12105 16187 15392
2326 2598 16187 16187 16187 16187 16187 16187 16187 16187 16187 16187 16187 16187 16187 16187
3171 2563 2326 2326 9450 16187 16187 9442 5030 16187 14652 16187 5948 16187 6423 4312
3171 2563 2326 8710 2326 4261 14237 854 16187 8457 16187 13298 16187 100 16187 2385
7926 7336 926 3171 2563 8268 1435 12233 2552 7926 926 9605 13592 830 8712 16187
4776 4927 8712 5867 6259 926 15142 5629 4312 16187 9085 926 16187 5200 16187 13868
4776 15064 3177 3171 10033 4931 10915 14691 2148 512 10355 14237 8712 4931 1954 817
8712 4931 12092 14237 2446 6259 9450 12690 13348 16187 16187 16187 16187 16187 16187 16187
4776 6664 8710 926 8268 12008 8712 8710 4537 5463 7926 13942 4776 9790 4927 16187
4776 14596 8712 926 1778 6259 926 5867 6097 4125 1019 2072 2410 6173 16187 926
15783 926 8710 6259 5695 2353 8268 14237 926 926 5867 6006 4931 15848 16187 16187
4776 4152 8710 14411 12495 8268 12576 5329 6070 630 1955 8712 8710 4537 11889 8712
4776 10033 8710 6259 6070 1507 12008 10913 8268 5329 9754 5463 10355 9890 8069 12576
830 15202 8268 7740 188 12233 2552 15389 2002 16187 16187 16187 16187 16187 16187 16187
14069 8710 9754 630 11198 8719 3171 2563 5463 7740 3950 16187 8719 5463 14180 7740
14069 8710 9754 630 11198 8719 3171 2563 5463 7740 3950 16187 8719 5463 10501 3177
1175 12013 13348 16187 16187 16187 16187 16187 16187 16187 16187 16187 16187 16187 16187 16187
4776 6006 8710 6535 630 14691 10566 3177 4776 4440 8719 3171 10033 8710 4776 14596
4776 6006 8710 6535 8268 4776 132 8710 9313 8268 14237 4776 10418 8710 10602 16187
6363 16187 16187 16187 16187 16187 16187 16187 16187 16187 16187 16187 16187 16187 16187 16187
6259 4406 2563 8268 6259 1781 14237 2365 6854 12008 6259 14453 8268 8712 5867 6259
12162 8719 4776 10442 4931 14591 8268 14237 2326 6724 16187 926 16187 926 16187 926
4776 5121 13839 4931 6140 14237 4776 8002 4931 12256 12495 16187 16187 16187 16187 16187
4776 5297 3660 3078 2598 16187 9813 926 8268 7926 5137 8719 6259 2191 3177 14734
4776 14596 8712 5867 6070 10355 8268 8710 10762 16187 16187 14237 7100 8719 5463 2191
4776 6402 5952 779 1941 6606 8268 15302 4776 13121 8719 2768 12233 10603 14745 16187
4776 10298 11139 8710 9450 12495 1120 9449 12233 2823 5820 16187 14237 12495 15096 16187
4776 15064 3177 14596 8710 10355 14237 4776 13999 12013 8710 1957 12291 16187 14397 232
14069 8710 13084 8081 4152 1684 14043 14596 926 8719 4776 926 9685 13348 16187 16187
4776 4152 8710 8719 2037 91 14237 4776 10033 4931 6259 10894 12495 16187 14237 4325
4776 14596 8710 4776 926 8979 6423 3171 10033 16187 926 16187 1750 817 16187 14237
14043 8710 8712 15870 1229 5463 4776 9302 14776 1750 926 2598 16187 16187 16187 16187
3171 2563 8710 6297 11953 5580 3098 132 574 2837 926 8268 8710 4776 926 3177
3171 4931 6259 10810 14237 926 7740 9429 8712 14180 926 15525 16187 16187 14217 16187
5498 3112 4776 954 14734 16058 16187 16187 16187 16187 16187 16187 16187 16187 16187 16187
1378 3177 4776 10566 15010 14237 11530 6120 8084 8719 4776 10566 3177 4776 8185 16187
1378 2148 7981 14237 9831 7001 8268 14237 12650 8712 4776 12007 12576 16187 14180 4776
8712 5867 11889 8726 926 12232 11553 15729 8258 4421 8505 12431 14069 16187 16187 16187
8712 5867 1955 14221 1955 14221 1955 8712 779 12209 1919 13176 8268 6259 2211 13587
8712 5867 1955 10355 1955 4776 5286 8268 9054 8268 6011 5208 2823 926 16187 13348
14237 7740 2446 3553 5463 8712 14827 6259 630 11385 9887 8719 983 16187 16187 16187
14237 8268 3171 2563 3391 926 926 8268 8542 16187 926 16187 14029 6259 9780 13501
14237 3171 10033 4931 9754 5463 16187 14069 4931 9754 2326 6259 9450 16187 14237 14029
8712 8710 3192 14029 12276 12489 14571 3803 1133 3177 14180 983 16187 16187 16187 16187
4743 10033 5463 9498 6535 8719 6259 14824 16187 2037 8268 12008 8710 4776 14596 16187
4743 10033 5463 779 2263 16058 6140 10709 16187 6280 6011 2552 16187 11846 9461 3177
7740 11839 6209 4931 15832 16187 16187 16187 16187 16187 16187 16187 16187 16187 16187 16187
6297 8268 7740 9084 9754 14518 5463 14069 4931 9754 926 9591 13907 8712 16187 16187
6297 8268 7740 9884 8466 8712 6259 15335 10036 13280 16187 5332 16187 8794 14890 830
2446 4776 926 5463 2121 4312 2903 9498 2689 12495 16187 16187 16187 16187 16187 16187
4776 3511 8712 8710 5463 926 14237 3112 8712 1229 12367 16187 16187 4949 16187 2024
4776 13607 8710 8268 12233 6381 8712 926 8268 14231 16187 926 16187 5200 8268 10355
4311 10036 8268 4776 13434 2466 2326 11553 13084 10400 14272 4325 11031 3908 7508 16187
13474 2446 8746 1885 926 8710 6259 7499 6259 9450 16187 3316 16187 2296 16187 12529
13474 3364 9884 12766 8719 6259 15096 2400 16187 10501 8268 3171 10033 8710 1344 6259
8712 4931 6070 2689 16187 16187 16187 16187 16187 16187 16187 16187 16187 16187 16187 16187
8712 4931 9754 3257 12008 2984 6259 10355 14596 12495 16187 14272 6259 7612 16187 16187
8712 4931 6535 630 6259 10355 2563 16187 6381 14180 9316 8719 6259 7314 16187 643
4776 10418 8710 14691 14426 3177 4858 16187 16187 16187 16187 16187 16187 16187 16187 16187
3171 2563 8710 6259 593 6521 7178 3177 6120 8268 2204 13587 16187 9264 132 8268
3171 2563 8710 6297 3942 10967 7596 4552 9754 2326 8537 8712 7336 3553 830 6071
9084 4325 8069 2696 6259 14599 2598 16187 16187 16187 16187 16187 16187 16187 16187 16187
3171 3364 11553 12766 10355 8726 8712 4931 10217 2563 14237 5329 1378 12233 4776 715
3171 2563 16187 10355 8268 12008 8069 5463 4776 132 14237 4776 10418 8710 10770 16187
15978 13089 7740 1959 3171 4311 326 1959 4776 926 16187 16187 16187 16187 16187 16187
1229 3171 8081 2563 8268 5463 5867 5329 4776 13811 8710 6259 9290 15658 13345 14237
1229 3171 926 2563 6201 9070 8710 4776 9790 1955 7336 926 8719 830 4776 10033
7740 3644 9754 9137 830 4776 2563 16187 16187 16187 16187 16187 16187 16187 16187 16187
15747 8268 9296 8712 4931 12008 5463 4931 15978 13903 16187 12773 8268 14691 11953 3171
14919 9484 7740 11553 8466 3171 2563 16187 4370 5498 1955 926 14237 926 16187 1955
7742 8268 8712 5867 6259 11697 16187 16187 16187 16187 16187 16187 16187 16187 16187 16187
8712 5084 6259 1787 5463 4931 13436 16187 5568 926 14237 5208 926 16187 8069 10344
8712 5084 6259 1787 5463 4931 1954 15691 9684 16187 3098 14237 4512 7843 13811 16187
4404 9424 5463 7740 5580 1110 11953 3171 2563 8710 4776 12894 16187 16187 16187 16187
9790 8157 3177 13667 8268 9887 8268 63 983 1919 6259 14241 3177 10355 16187 4440
2285 7310 284 9498 3098 2122 12576 8268 8712 5867 2446 6259 9450 8808 16187 3504
7084 12252 9455 2598 16187 16187 16187 16187 16187 16187 16187 16187 16187 16187 16187 16187
10710 1404 8710 14180 8712 13942 12233 2823 91 16187 14029 4776 2601 16187 7336 926
594 8712 9084 9754 6856 12233 5627 2103 16187 16187 15096 3177 12349 16187 1954 10211
8712 8855 1919 4776 10372 3177 4776 926 3177 6259 14453 1125 14029 6259 926 16187
4776 1736 5867 6259 5695 9534 16187 14237 7740 12773 6535 630 16187 3527 14237 4776
4776 1736 4931 6259 10355 2037 91 16187 14125 14237 10838 6259 926 16187 14230 16187
3177 13089 13474 926 12958 1778 6550 6259 926 926 16187 16187 16187 16187 16187 16187
8712 2446 779 6826 3098 2122 4440 8268 1955 8712 8710 4776 13811 14237 12013 14776
8712 2446 779 1954 11778 16187 8712 16187 1787 13089 7125 926 8268 926 8268 7926
14069 5867 13084 926 8268 13084 12141 7151 4189 8268 13084 14826 1019 13348 16187 16187
4776 4152 3177 3171 10033 8268 12013 8268 1229 8268 8712 779 12209 4927 4776 9790
8712 5084 6259 1787 5463 4931 869 926 8268 8798 11345 786 16187 9442 6161 16187
5297 4552 16187 16187 16187 16187 16187 16187 16187 16187 16187 16187 16187 16187 16187 16187
5297 8268 7740 1951 5329 6259 14230 3177 6508 11327 16187 9442 5393 16187 16187 10983
9296 5463 15846 6011 14581 10355 8268 12008 8712 4931 13250 3748 8712 8268 8712 8710
9264 12198 12478 16187 16187 16187 16187 16187 16187 16187 16187 16187 16187 16187 16187 16187
2263 569 3177 6071 2563 5463 3112 1954 2002 308 16187 14180 983 16187 16187 16187
14635 3177 4856 16187 926 14237 9264 15762 16187 16187 14180 16187 2608 16187 9442 16187
6259 3098 14596 13060 2837 4776 2353 16187 16187 16187 16187 16187 16187 16187 16187 16187
4743 10033 8710 5176 13663 8268 7740 8093 1344 10355 14237 4776 284 16187 11889 6259
3171 8710 6259 12092 14237 15174 6259 10399 10033 5463 6011 2552 16187 9450 3177 4776
3171 8710 6259 6070 10088 10033 8268 15649 2571 2263 12573 1955 12099 1614 16187 16187
3171 2563 8710 6070 2689 14237 8710 5463 6259 5695 14596 5463 14272 3112 8712 6259
3171 14596 8710 15804 1919 6259 8794 5801 12233 13799 16187 11889 6259 926 16187 16187
13852 6011 188 5937 4125 12233 3038 16187 16187 16187 16187 16187 16187 16187 16187 16187
16108 4325 15684 14043 5329 8268 4325 2598 16187 12233 13931 926 16187 14734 1378 16187
16108 14043 5329 6011 14776 7456 12233 13931 6259 15043 1919 6259 13178 2563 12233 14889
14069 14776 14348 926 8268 12008 4325 4552 9754 8815 8712 16187 16187 16187 16187 16187
8712 2446 3364 9754 11553 12233 2823 13592 8270 2326 630 2148 16187 512 1954 10244
8712 2446 9084 9754 4552 5463 630 223 14043 926 8712 4931 16187 16187 7671 16187
7740 13673 4776 926 14237 10866 15597 26 1919 14180 12276 5217 16187 16187 16187 16187
926 8710 12256 8268 12576 8268 14237 4776 2122 8710 14761 14237 14403 10336 16187 2122
9772 4776 2002 1726 14281 8710 5329 2574 8719 4776 2904 15174 12233 9178 16187 926
4537 13758 10918 10967 15715 3171 1957 4776 14112 8268 14237 7740 4931 3745 2758 16187
4776 6535 630 8710 4776 12894 3177 1138 7740 1442 4776 10033 5711 16187 8258 7740
4776 6535 6070 15438 4552 8710 9754 2599 4776 9450 15720 12650 8712 16187 929 1243
8710 8712 926 12233 4776 4927 4776 1110 5298 14776 10523 2837 926 2598 16187 16187
4776 3511 5463 8712 8710 1229 14397 6381 8712 15525 16187 16187 10077 8268 1378 926
4776 14596 8710 12127 926 3177 4776 10033 5867 10217 2103 16187 6546 2148 512 4776
13089 4325 9605 14069 8268 703 5946 12233 9605 13250 16187 16187 16187 16187 16187 16187
8712 5867 2689 8268 4929 8268 7314 8268 7168 8268 13896 8268 8569 16187 8268 6006
8712 5867 2689 8268 4929 8268 1597 4853 4152 5208 4776 2365 10145 16187 11788 8719
14734 926 4931 6259 926 8719 14043 14029 4776 467 3177 4776 8858 443 16187 16187
4776 745 4931 6070 7742 512 4776 10033 4931 2326 10866 12233 4776 10033 5867 926
4776 745 4931 6259 926 14237 9332 630 8270 16187 12767 16187 12965 16187 6259 9450
6011 5208 8158 5463 10394 8719 4776 13839 771 6259 5075 4862 8712 16187 16187 16187
2945 1378 3177 4776 2148 3422 1133 7740 11553 8466 16187 11998 9316 16187 5480 16187
2945 1378 3177 4776 564 4756 3177 3171 3531 8268 8726 5329 8084 16187 4311 16187
3171 3543 11553 12766 6259 8974 16187 16187 16187 16187 16187 16187 16187 16187 16187 16187
3171 10709 8710 4776 9790 12576 16187 8712 779 3356 3766 16187 11382 16187 926 16187
3171 4169 8710 5329 10355 8268 12008 5329 9925 16187 3098 12008 16187 10400 16187 8712
926 926 4931 4776 564 1023 830 6259 4917 13086 6816 1781 12887 16187 16187 16187
4776 926 8710 8719 4927 926 926 16187 6259 926 14029 14734 8808 16187 2500 8710
4776 745 4931 6259 926 14237 4776 2285 13055 3177 926 16187 643 8710 8858 2837
926 14352 5463 7926 926 4776 9870 13756 8268 6737 16187 16187 16187 16187 16187 16187
4776 926 8268 4776 926 926 4931 7807 4776 9790 983 6173 16187 12529 8888 16187
4776 926 8268 7926 926 8268 7926 926 10967 4776 5946 3177 4776 10033 15881 12233
7740 973 10518 12233 14581 8017 830 3171 926 2598 16187 16187 16187 16187 16187 16187
9655 9743 5463 926 8268 7740 11530 3171 2563 16187 2326 6381 8719 6259 9780 926
12044 13756 12671 1957 6259 10825 3847 9754 13931 8712 16187 8719 4776 12298 16187 6297
926 4340 7979 9563 8710 6070 10355 16187 16187 16187 16187 16187 16187 16187 16187 16187
3171 10033 8710 4642 6259 472 2451 8268 14237 3847 9754 4552 8712 14043 5329 14180
3171 10033 8710 4642 6259 472 2451 8268 14237 6259 10355 1378 8712 8710 5329 12495
4832 8710 9754 6259 8569 2563 12008 12117 14237 12019 8710 4537 8270 16187 16187 16187
3171 2563 8710 2945 4032 15715 830 10671 3177 5722 14043 800 8185 16187 1110 16187
3171 2563 8710 2945 4032 15715 830 10671 3177 5722 14043 800 8185 16187 14350 16187
1543 3847 8712 7001 1919 4776 14489 8185 2598 16187 16187 16187 16187 16187 16187 16187
8712 3364 11553 12766 4927 8270 8268 12008 8710 6259 4404 2563 16187 11870 12233 12650
8712 2326 4537 3391 12276 8456 5463 703 11889 3171 9605 16105 16187 8440 5714 16187
4776 10033 8268 8726 6188 2837 10781 8268 4931 2326 10355 16187 16187 16187 16187 16187
4776 4152 8710 1229 15640 3177 6011 926 5463 6011 15846 8554 8733 3171 2563 16187
4776 4152 10781 11301 2903 2326 7742 8268 14237 8712 2326 8710 2326 14029 4805 5463
926 8268 7740 6124 11953 4776 14457 3177 2032 3177 14217 8719 926 16187 16187 16187
4776 926 12716 926 926 4931 6259 11738 926 15658 3644 9754 1955 6259 14634 15004
4776 926 8268 14237 926 926 4931 10355 16187 4776 11954 14596 16187 2296 6259 6070
7740 3644 9754 12732 926 926 14237 926 926 1955 12738 16187 16187 16187 16187 16187
7740 3644 9754 5272 4776 2588 983 7740 1959 6259 10033 11889 3171 1378 4931 6070
7740 3644 9754 5272 4776 2588 983 7740 1959 6259 10033 11889 3171 1378 4931 6070
6173 16187 16187 16187 16187 16187 16187 16187 16187 16187 16187 16187 16187 16187 16187 16187
4776 9431 4931 6259 10355 2563 7740 11553 8093 8466 14112 11889 6259 12012 13348 16187
4776 2563 8710 6259 1507 6688 8710 11789 1955 7310 16187 16187 9925 1042 4776 10033
203 1405 2598 13348 16187 16187 16187 16187 16187 16187 16187 16187 16187 16187 16187 16187
4776 15064 8710 9754 8569 16187 11789 1955 3098 16187 12008 13348 13348 16187 3409 16187
4776 63 8710 5463 6445 4776 12298 4776 284 6683 12715 16187 926 16187 12583 16187
10501 5711 16187 16187 16187 16187 16187 16187 16187 16187 16187 16187 16187 16187 16187 16187
3171 2563 8710 5580 1229 3098 2122 2563 16187 13542 16187 9264 11953 16187 926 16187
3171 2563 8710 6535 630 14180 5463 16105 9070 1453 14180 12349 926 16187 6918 14237
6259 2062 13839 8710 13532 6259 1676 14237 8712 7076 15525 16187 16187 16187 16187 16187
4404 10355 10033 8710 630 2148 3177 4776 926 512 14734 8456 16187 2327 16187 8360
4404 10355 9424 8268 3171 10033 8710 5329 5372 8719 4776 10566 854 926 14237 4776
4776 3098 2353 8710 4421 4417 16187 16187 16187 16187 16187 16187 16187 16187 16187 16187
4776 2601 14596 10140 6011 10967 4776 10442 3177 4776 13555 16187 8268 14237 4931 869
4776 15064 8710 9754 8712 14180 8268 14237 5329 14180 10355 16187 16187 12923 16187 1136
1919 4776 15893 6888 14915 8719 4776 216 5867 794 1954 5405 9438 4931 608 16187
4776 2606 1957 15597 564 16187 786 8268 4776 2296 12256 16187 16187 9534 16187 12349
4776 1754 3177 4776 2563 4931 6070 12715 16187 16187 16187 16187 9780 16187 9316 16187
14776 926 926 2326 1229 1781 2598 16187 16187 16187 16187 16187 16187 16187 16187 16187
4776 10033 2326 9084 9754 2326 11553 8712 6500 5463 31 5137 16187 1781 14237 9139
4776 10033 2326 9084 6259 15781 1919 4776 10418 10176 10967 16146 15721 16187 4832 16187
4776 7310 284 8268 2837 4776 4927 8268 14776 6297 6535 10355 830 15597 983 16187
4776 4152 8710 6918 8268 14237 4537 4931 5463 2037 91 16187 4776 14596 16187 11789
4776 4152 8710 6918 14237 9254 8268 630 16187 11889 5820 12835 16187 12233 4776 10709
1229 8268 12233 4776 14678 15658 14776 926 14734 6506 9203 10669 2823 13768 16187 16187
12008 8268 14407 15662 1213 1954 11195 653 3177 8264 6215 16187 243 4776 10033 16187
12008 8268 14069 14776 6826 7558 5463 13799 12232 5329 7001 6070 10913 4552 9754 4552
12116 5867 10033 9222 4931 1098 8268 8719 2263 16058 4927 8268 3177 1245 16187 16187
4776 559 8710 1954 11273 8268 14237 4776 10033 3847 1229 630 8811 16187 11553 1919
4776 9404 14281 8710 8693 4776 11283 6388 926 16187 12349 1378 9290 1378 2148 9625
13474 12010 9070 3177 6259 15873 5629 926 8378 14237 2486 11704 16187 16187 16187 16187
8712 8710 10710 7314 16187 5329 8569 9591 16187 9442 5030 16187 14652 16187 5948 16187
8712 8710 11546 16074 16187 12715 8268 14180 8268 14237 8719 5328 6259 3098 4927 12495
14031 8268 14237 14069 14776 6826 5822 975 16187 16187 16187 16187 16187 16187 16187 16187
12008 12654 14180 4776 16068 8712 414 8268 7740 4931 2326 9313 14237 2326 10355 16187
12008 4098 14180 8268 7740 11553 8093 8466 14112 11889 3171 8258 8719 12276 926 8268
1957 9431 7740 771 9754 926 12233 4776 15064 14237 1229 7740 4931 10571 9238 16187
3171 2563 4931 14186 2122 2563 3177 6259 6071 3249 1229 16187 2204 16187 9442 5030
3171 2563 8710 6070 2689 14237 8712 8710 6259 10355 10033 16187 15649 779 5329 1515
12276 2752 656 830 4776 10240 5867 4331 14237 8762 926 16187 16187 16187 16187 16187
3171 8710 1378 3177 4776 564 1133 5153 926 14537 926 4384 4125 926 16187 926
4776 11998 3942 1919 3171 10033 8710 4776 12364 14237 12536 16187 6297 12256 16187 16187
8710 14069 2122 2598 16187 16187 16187 16187 16187 16187 16187 16187 16187 16187 16187 16187
3171 8710 1954 9332 5375 13640 476 12008 1919 16114 8719 4776 4152 16187 14350 16187
3171 10033 8710 14902 15978 2263 13141 14776 1229 12307 13839 16187 926 16187 926 16187
1229 8712 5867 6259 8975 2903 16187 16187 16187 16187 16187 16187 16187 16187 16187 16187
8712 4931 6259 2500 10033 12233 2823 1959 4931 6259 9575 3098 10033 16187 16187 15096
8712 4931 6259 926 2563 8268 7069 14029 6259 2684 926 2837 6356 926 16187 643
6601 4537 9070 8268 12576 16187 16187 16187 16187 16187 16187 16187 16187 16187 16187 16187
2689 8268 8622 8268 14237 3098 10418 13348 16187 7777 926 16187 2689 13839 926 16187
2689 14237 15389 7740 5208 2552 6297 9015 7140 15356 8268 5329 1229 630 16187 6070
5463 4931 6259 10355 5801 16187 16187 16187 16187 16187 16187 16187 16187 16187 16187 16187
3171 4931 6070 10355 14237 3765 6259 2148 13839 16187 1378 5046 10242 16146 16187 7612
3171 8710 6259 6070 10355 2563 16187 6259 10894 16187 14237 14029 15096 16187 16187 926
4776 11842 8268 14029 4776 16146 4751 8268 14776 3098 16187 16187 16187 16187 16187 16187
4776 15064 3177 8712 8268 5388 5463 833 861 1019 4082 2598 16187 6173 16187 9450
4776 15064 3177 4776 14596 10913 926 4931 926 926 16187 7708 2353 8268 4421 926
7740 9084 9754 14518 5463 10967 6259 15433 3211 8268 12008 8712 926 16187 16187 16187
1229 8268 5463 7740 5208 16068 6011 16187 9450 3177 14255 4440 16187 926 16187 9290
10967 6286 5711 2563 8268 15978 7740 1110 4776 2563 16187 830 4776 9442 14237 14776
6529 5983 14776 630 12495 9248 16187 16187 16187 16187 16187 16187 16187 16187 16187 16187
630 15649 8710 4776 6390 1138 4932 5711 12260 11553 4776 2563 16187 2847 8116 830
630 8710 4776 14596 5463 3112 2904 11728 8268 14043 569 3177 11222 16187 6499 16187
13084 9640 926 12102 3171 2563 16187 16187 16187 16187 16187 16187 16187 16187 16187 16187
8712 8710 6259 3356 14237 3422 10033 8268 14237 5208 9605 8710 6259 14922 870 16187
8712 8710 6259 3356 14237 3422 10033 8268 14237 5208 9605 8710 6259 15174 3211 16187
14272 9498 4776 14599 12303 5807 3177 2598 2598 16187 16187 16187 16187 16187 16187 16187
4776 6664 8710 5286 3177 6259 10894 3177 6259 948 16187 4537 9449 16187 1957 12291
4776 6664 8710 5329 10355 8268 9890 16187 9577 16187 14237 12349 16187 983 16187 2563
5513 2353 926 926 12515 4776 6285 830 4776 2588 8656 12351 6944 1133 16187 16187
6259 1592 3177 14734 13726 12233 14734 8808 91 8710 5329 6259 11901 926 16187 1865
6259 3422 10033 3402 6259 6161 5867 8360 8630 4776 2954 3177 584 16187 4776 2563
4776 12835 14776 40 14237 830 4776 10566 10501 1682 16187 16187 16187 16187 16187 16187
4776 10376 8268 5627 14139 15525 3177 2143 926 926 16187 6535 630 16187 1515 16187
4776 10376 8268 14237 9355 8268 7740 973 6259 10355 9424 3543 2823 1903 3177 630
4776 8662 14596 8710 10710 16187 16187 16187 16187 16187 16187 16187 16187 16187 16187 16187
4776 14596 8710 6070 10355 16187 14237 8712 3112 6011 14760 11947 3177 1138 653 926
4776 14596 8710 15609 8268 14237 630 3177 4776 6664 9447 1755 16187 16187 9736 16187
9723 926 8268 14029 4776 16146 4751 8268 771 9063 6124 1885 12781 16187 16187 16187
926 926 8268 926 926 926 926 16187 926 16187 926 16187 926 16187 926 926
926 926 4931 12256 16187 574 16187 926 8268 926 16187 13034 926 16187 926 16187
7926 15881 6011 4998 816 3748 4776 926 14237 6011 8093 6133 5937 8661 16187 16187
4776 3942 8710 5463 8712 5867 15510 14237 15624 16187 9438 16187 1229 8213 16187 2563
4776 12337 926 8710 13852 15658 779 1885 926 8268 926 8710 6259 926 3177 926
6173 7740 11839 3171 1378 4931 8993 12495 1171 16187 16187 16187 16187 16187 16187 16187
3171 2563 8710 6259 10355 800 1090 8268 926 14237 926 8710 14180 8890 926 4631
3171 2563 8710 6259 593 6521 7178 3177 6120 8268 2204 13587 16187 2097 5253 16187
1094 4776 4927 3177 1515 7829 8268 926 8097 1597 703 16187 16187 16187 16187 16187
4776 5297 8710 6259 10355 10033 830 13084 7310 284 6683 16187 10545 14029 4776 1583
4776 5297 926 8710 9754 6259 15174 15781 14237 1229 8710 2697 12127 8808 16187 9330
14272 6259 3667 3177 983 13348 16187 16187 16187 16187 16187 16187 16187 16187 16187 16187
5463 4776 4302 14265 4931 3098 16187 9577 4776 10567 4776 10501 3177 4776 10033 2598
3171 4931 6259 6070 9625 2563 8268 1919 1954 2002 3962 12233 3171 10033 16187 926
6500 8268 9573 8268 6140 16187 16187 16187 16187 16187 16187 16187 16187 16187 16187 16187
5297 8268 4772 8268 6011 9498 14350 8268 6303 5867 7742 16187 2296 16187 10770 1919
5297 8268 3299 8710 5329 2296 1793 512 14272 13474 4931 487 16187 16187 16187 14734
4776 926 14237 1378 11071 1093 14776 10355 9591 12233 14263 3171 2563 1954 11582 16187
4776 14596 926 1778 10217 13974 11215 926 14237 265 16187 2176 926 16187 926 16187
4776 14596 8712 926 14029 4776 4927 4776 12536 16187 15982 14237 14237 4776 8002 4931
8712 5867 10770 14237 7740 771 6259 5075 13348 13348 13348 16187 16187 16187 16187 16187
8712 4931 14221 12495 11063 2780 16187 10770 16187 4537 6093 8569 16187 16187 9442 14237
8712 5867 1954 2997 10834 10324 8712 8268 1939 8268 10399 12233 11702 16187 926 16187
6259 926 10033 14281 8710 11039 3177 4776 7157 14281 8719 12357 5509 16187 16187 16187
4776 2601 983 926 3520 4776 2285 11434 3177 6259 926 8710 6259 926 16187 16187
4776 12529 10033 8710 6259 10894 817 16187 512 926 14237 2486 11704 3112 4776 15390
14069 5867 13084 11656 14043 926 12233 4776 10549 3177 8712 8268 8712 5867 9264 16187
4776 14596 8712 5867 1344 3398 8268 14237 8712 4931 6535 2689 16187 9442 5030 5057
4776 6664 8710 926 10967 4776 10442 3177 3171 10033 4931 2326 8569 16187 16187 4949
7926 8710 15336 1955 4776 1138 10355 5095 5711 16187 16187 16187 16187 16187 16187 16187
4776 6664 8710 6259 15174 8170 423 8719 6259 4927 16187 926 16187 11499 1229 16187
4776 6664 8710 2751 14237 6246 14237 3335 14237 8268 564 3177 14180 8268 926 16187
13896 4363 4931 12276 9537 3177 1023 830 3171 9577 16187 16187 16187 16187 16187 16187
2945 4032 9316 5463 14237 6259 3098 8855 3177 4776 11274 5463 11921 16187 8719 12127
2945 4032 9316 8268 14237 10887 1133 3177 4776 10033 16187 6259 15819 9290 16187 8569
8712 5867 6259 8124 8183 830 3171 5095 16187 16187 16187 16187 16187 16187 16187 16187
8712 4931 6259 2365 6388 16187 2563 16187 1233 3748 4404 2149 14251 16187 926 926
3171 8710 4776 9790 10709 16187 643 14029 4776 8588 5350 16187 4404 16187 14125 13348
10967 926 16187 16187 16187 16187 16187 16187 16187 16187 16187 16187 16187 16187 16187 16187
3171 4931 6259 6070 15624 2563 830 9070 8268 7740 11553 12233 1436 16187 8712 15525
3171 4931 6259 6070 926 12233 6407 2563 16187 15096 983 14237 5332 6259 5328 15525
1400 926 7336 4864 15741 11953 1157 16187 16187 16187 16187 16187 16187 16187 16187 16187
10710 14596 11953 6259 3011 14217 15658 15967 1885 3632 9101 5602 16187 926 14029 4776
8712 8710 11789 5433 12233 7975 1413 4240 9316 8712 414 1919 6259 8081 8269 14237
3171 8710 15389 12233 12650 2837 5430 1229 6011 5208 7721 14272 8710 9015 16187 16187
3171 7164 15285 14854 1185 14029 2263 13949 5297 1919 16187 8185 15525 14069 16187 9264
3171 8710 2945 15389 820 15658 14776 9890 16187 12545 11953 3171 2563 16187 6546 6259
6011 4552 9754 2326 5633 8712 1957 9431 8268 12008 15034 926 8710 12704 9313 16187
13341 1390 1019 7740 9084 9754 6173 16187 2598 16187 16187 8719 16187 2598 16187 8181
13341 1390 1019 7740 1442 2053 8269 2858 926 5867 926 12852 16187 13811 16187 926
7542 8268 3171 8710 6259 10355 9450 471 14237 8710 7742 4032 6259 12650 16187 16187
3171 2563 8710 2945 14635 3177 14125 16187 14457 11889 8712 16187 926 16187 12349 6161
3171 2563 8710 2945 14635 3177 11608 3765 6259 5948 3177 2122 4440 14237 6259 471
8712 5867 7336 8350 8268 15624 8268 14237 9238 16187 16187 16187 16187 16187 16187 16187
8712 5867 1344 15389 12233 2823 12209 1957 5463 926 5138 16187 926 8268 8710 4776
4776 6664 8710 5286 3177 926 1955 4776 926 8808 16187 13348 16187 926 16187 926
4776 11253 8710 14029 6259 926 8268 14237 14069 8710 13084 4927 3748 16187 16187 16187
4776 14596 8710 9481 14272 8712 8710 10518 12233 2823 2598 16187 16187 926 14029 1655
4776 14596 8710 1098 14237 6826 13178 8268 8712 5867 12495 10355 16187 12495 9449 16187
14634 4931 5329 10716 6259 926 8268 12008 6259 290 16020 1955 7742 1955 6259 16187
4776 4152 8710 8170 14237 779 6259 8794 5801 12233 8712 16187 926 10967 4609 16187
4776 4152 8710 8170 14237 779 6259 8794 5801 12233 8712 6259 926 16187 2563 16187
13775 4906 8607 2598 16187 16187 16187 16187 16187 16187 16187 16187 16187 16187 16187 16187
1612 13942 12233 1436 4776 10836 8710 13807 1954 8213 10033 5329 14180 16187 926 16187
5713 10217 2946 14776 6070 926 926 8719 12409 926 2837 3171 16187 926 1378 16187
926 13348 16187 16187 16187 16187 16187 16187 16187 16187 16187 16187 16187 16187 16187 16187
4776 14596 3171 7589 3177 926 5867 926 8710 10355 14237 10770 12233 12650 16187 16187
3171 10033 3364 11553 12766 2148 13929 13348 13348 13348 16187 3137 2150 16187 926 16187
4776 9424 5463 12279 9070 5350 4931 4776 8521 16187 16187 16187 16187 16187 16187 16187
4776 14596 4931 2429 4776 5568 10033 16187 9004 5820 8569 16187 16187 2713 10566 13546
4776 14596 4931 2429 10355 8268 14237 4776 10418 4931 5329 14180 5463 926 16187 12349
13474 5867 2446 14221 2148 13074 1955 6259 7339 512 926 1955 6259 926 16187 16187
8712 5867 1344 3398 8268 14237 8712 2446 3927 6259 5948 3177 8200 16187 4832 16187
8712 5867 2446 11118 16187 926 1955 4776 10501 3177 4776 926 926 16187 926 16187
1378 3177 4776 926 582 1819 7926 5867 11516 16187 16187 16187 16187 16187 16187 16187
4776 926 8710 2765 3177 4776 8979 4776 13094 16187 10501 16187 16187 1110 6689 926
4776 12337 5036 14251 8710 6259 15174 7937 3177 7314 14237 6259 5948 3177 10770 16187
8710 926 13631 1213 6259 11698 216 5463 13474 9813 926 926 2598 16187 16187 16187
3171 8710 6259 15174 10834 8719 4776 14589 3177 926 16187 926 8710 1954 9937 16187
4776 926 8710 1750 926 6259 9405 12495 16187 2563 16187 926 1957 4776 12291 16187
7926 6979 926 4776 5002 16187 16187 16187 16187 16187 16187 16187 16187 16187 16187 16187
4776 4189 91 8710 5329 4776 2037 16187 14125 14043 8069 2148 9332 8719 4776 10033
4776 4189 91 8710 2446 6259 4404 13508 14237 4776 926 3177 926 16187 11247 16187
14069 8710 6259 15174 574 2837 926 16187 16187 16187 16187 16187 16187 16187 16187 16187
3171 8710 6259 6070 10088 10033 8268 15649 2571 2263 12573 15658 14776 1919 4776 12099
4743 10033 13592 6259 7949 8268 4487 12232 11553 12233 1436 4776 6070 15174 10033 830
6041 13089 9084 5341 1866 5329 9605 4776 9385 8719 6259 1866 2563 2598 2598 16187
4776 15064 3177 5713 1229 926 14776 9754 5463 4776 14596 7740 12232 9754 15274 12233
4776 63 10033 4931 2945 4032 15715 830 10671 3177 5722 14043 800 8185 16187 9316
6826 10355 8268 1597 8569 16187 16187 16187 16187 16187 16187 16187 16187 16187 16187 16187
4776 4152 8710 8423 2002 8268 14237 14180 4776 926 4931 10355 16187 16187 954 16187
4776 4152 8710 8423 2002 8268 14237 12958 4931 6535 10355 830 15597 983 16187 926
5627 16187 16187 16187 16187 16187 16187 16187 16187 16187 16187 16187 16187 16187 16187 16187
6259 8974 10033 8268 1919 1597 1486 5713 6499 14776 11643 16187 8794 1919 8794 14237
6259 4302 1167 4537 11553 6259 3098 8855 3177 10836 16187 4975 16187 14237 6918 16187
14069 8710 6259 5948 3177 926 4837 14745 8268 15978 3177 14734 926 6215 16187 16187
8712 8710 6070 926 5463 3171 2563 4931 2326 8569 16187 15096 12233 3059 5777 16187
8712 8710 4776 9790 1955 8719 6259 10033 8268 1955 6011 7001 16187 2552 9288 16187
1084 779 12766 15525 3177 4189 830 6259 2765 3177 4891 16187 16187 16187 16187 16187
630 3818 1954 1846 10033 5463 8710 5148 12773 16187 14029 6259 926 16187 2563 16187
630 2148 12495 4687 12233 15002 4776 3369 16187 15956 16187 14237 6535 9442 5030 8712
1098 13348 16187 16187 16187 16187 16187 16187 16187 16187 16187 16187 16187 16187 16187 16187
8712 8710 9754 1955 1523 1955 10355 4310 4750 8268 3177 12638 4310 2572 16187 5537
4776 6006 4931 6535 8268 4776 132 8268 4776 8521 4931 630 2148 9332 16187 16187
8712 4931 6070 630 6259 8808 9809 10033 16187 16187 16187 16187 16187 16187 16187 16187
8712 4931 6070 13181 16187 14237 7164 14029 1750 1954 14411 471 16187 2327 16187 10399
8712 4931 6070 13181 16187 14272 3112 5463 830 4776 1754 3177 4776 7310 284 16187
4776 10418 8710 232 14237 4493 8268 8726 3559 16187 16187 16187 16187 16187 16187 16187
4776 4152 8710 4776 2122 15814 16187 6259 5948 3177 10770 16187 7877 1175 3117 13348
4776 4152 8710 4776 2122 7742 13663 9591 8719 2263 297 3177 6259 926 16187 643
6011 16138 3038 6259 15174 926 9385 13348 16187 16187 16187 16187 16187 16187 16187 16187
8197 9070 6259 9484 3177 6259 10978 1543 9605 14069 16187 9605 2858 6259 5138 16187
7542 7740 8197 8712 6259 14139 9484 16187 3171 2563 16187 2296 2823 6259 9780 8588
7740 5297 11553 9754 2308 15525 16187 16187 16187 16187 16187 16187 16187 16187 16187 16187
5297 8268 6826 9831 12232 11553 6201 5463 8712 4931 4776 10418 4931 5329 8569 16187
5297 8268 6826 703 9498 1515 12233 2823 6259 3211 5463 10915 9754 4763 16187 1229
7740 2326 12020 14069 9498 2148 8185 11889 3171 15525 14069 16187 16187 16187 16187 16187
12238 12576 8710 9754 8712 14237 13076 14237 5329 1378 2614 8712 5867 16153 12233 5243
12238 12576 8710 9754 3171 12008 8712 5867 12495 10355 16187 16187 14237 2689 16187 9332
14237 13592 15424 1378 6546 8719 2712 4404 5867 10196 8710 2215 8268 926 1229 16187
3171 2563 8710 2945 4032 15715 830 10671 3177 5722 14043 800 8185 16187 11889 8712
3171 2563 8710 2148 13929 13348 13348 13348 16187 3865 15302 6423 3192 16187 3192 7377
15202 3735 6259 983 8268 6259 9290 9009 8719 1110 1919 6259 14217 16187 16187 16187
12904 926 4931 4470 12233 8311 1919 7060 16187 926 16187 926 16187 16187 926 16187
12904 926 4931 6062 13942 12233 11553 4776 10710 1378 926 14237 4776 926 5867 1819
7742 2608 16187 16187 16187 16187 16187 16187 16187 16187 16187 16187 16187 16187 16187 16187
5297 8268 7740 11889 15956 15662 7740 9084 9754 16187 11889 3171 14635 3177 4302 1167
5297 8268 7740 2308 3171 2563 16187 8569 16187 12606 16187 14902 9840 3177 2263 5009
13077 16187 16187 16187 16187 16187 16187 16187 16187 16187 16187 16187 16187 16187 16187 16187
14583 3211 14043 1923 3748 11889 3171 10033 16187 8093 13411 16187 5350 4404 1127 16187
10373 5463 3511 8710 14272 7891 5852 14373 14470 5257 926 16187 9813 16187 8719 15302
15103 779 8727 8719 1229 1597 1486 1955 6259 11757 6041 4776 308 7703 16187 16187
3171 2563 8710 2945 4032 15715 830 10671 3177 5722 14043 800 8185 16187 8185 16187
3171 2563 8710 2945 8270 512 10566 926 14237 4776 12835 11553 6259 9497 16187 12233
1483 14237 4277 5375 9277 7347 4776 4949 3211 10983 11912 14237 7607 16187 16187 16187
1483 16187 14237 5937 5293 3112 4776 9577 1229 630 8719 5463 1329 16187 3553 14304
1483 16187 14237 5937 5293 3112 4776 9577 1229 630 8719 569 3177 14734 3575 16187
7740 11530 4776 2400 5629 15103 11860 5867 8808 14237 926 3711 5867 16187 16187 16187
10566 3177 4776 3826 16187 9084 5329 4230 1957 14180 16187 14237 4032 4776 16187 6748
10566 3177 4776 892 4440 14237 4776 10418 4931 4537 12495 10355 16187 8569 16187 5936
2814 939 4776 10709 16187 16187 16187 16187 16187 16187 16187 16187 16187 16187 16187 16187
14919 9484 926 926 8719 4776 12529 5946 15525 3177 4776 2563 4776 926 13348 16187
14919 9484 4776 3718 3177 7145 16187 926 926 11553 12233 11553 4776 10918 926 1778
4776 2365 1378 8710 4776 7199 3177 14734 11220 643 16187 16187 16187 16187 16187 16187
4776 11998 3942 1919 8712 5867 6178 14069 5867 5463 2326 8710 6259 9450 12233 4776
4776 11998 3942 8710 5463 5867 5329 4776 8521 16187 8569 2563 16187 1110 8268 926
7926 6369 14734 926 16187 16187 16187 16187 16187 16187 16187 16187 16187 16187 16187 16187
4776 4927 7926 7044 4776 7151 1019 926 6173 4697 16187 4697 16187 2067 954 16187
4776 6664 4931 926 8268 12008 5329 6826 926 10967 3171 926 8268 11075 3177 4776
7742 8268 8712 8710 5297 6070 15819 8268 6070 12690 2563 16187 16187 16187 16187 16187
8712 4931 6535 13178 16187 14237 4776 926 4931 14180 8069 14571 1243 2968 16187 5332
3171 10033 8710 5463 5906 8710 6259 5820 10033 5463 12232 2823 9461 14029 6259 10887
926 2446 5086 12233 13089 13474 14785 1885 5602 8710 926 16187 16187 16187 16187 16187
926 926 8268 926 926 926 16187 926 16187 926 16187 5332 13089 1588 14237 2977
8712 926 1955 13474 8592 8268 3171 10033 8710 5329 12495 8855 16187 1919 6259 9961
8710 4776 10025 12835 8719 4776 10033 16187 16187 16187 16187 16187 16187 16187 16187 16187
4776 4152 8710 6070 2805 14237 4776 2946 2451 10571 7742 16187 9925 5358 16187 1919
4776 4152 8710 4776 5286 15043 2563 1919 6259 15096 926 16187 643 16187 12233 926
926 2598 16187 16187 16187 16187 16187 16187 16187 16187 16187 16187 16187 16187 16187 16187
4776 14596 8710 5329 5463 10355 16187 7805 16187 926 5257 3177 582 16187 5152 16187
4776 4152 8710 1229 926 14237 8712 8710 13178 16187 16187 10518 12233 8855 1919 8794
8712 5867 6259 8974 3211 15649 8710 5297 2689 8069 4240 13756 1243 16187 16187 16187
8712 4931 13436 16187 926 4832 16187 13081 1955 10710 1955 4776 1754 3177 4776 10033
3171 8710 5329 6259 10033 5463 10355 4927 16187 10217 16187 15043 2563 1955 2689 14237
12022 104 14100 5867 12364 8710 14029 4776 8608 8311 91 16187 16187 16187 16187 16187
13839 8710 3098 8268 12495 8268 14237 4776 4707 8710 6348 8712 16187 6378 16187 926
15740 4189 8710 4776 6683 3177 4776 2563 8268 91 16187 8710 15907 14180 4776 6499
12256 8268 2193 14237 4142 7432 14112 16187 16187 16187 16187 16187 16187 16187 16187 16187
2176 7513 13089 7740 12773 15389 9780 14237 14734 7083 16187 84 14237 15096 926 16187
10762 14599 8268 10762 3052 8268 14237 8268 6297 8268 10762 4707 10418 12495 16187 16187
7740 12561 4531 8712 16187 16187 16187 16187 16187 16187 16187 16187 16187 16187 16187 16187
8084 2552 2598 16187 926 14237 926 8712 4931 8268 7740 9084 9754 5407 16187 8719
8084 8466 3171 10033 4931 6011 926 8268 10669 4776 2563 16187 830 4776 3984 16187
12008 5329 10394 4931 9106 16187 16187 16187 16187 16187 16187 16187 16187 16187 16187 16187
3171 5329 13592 8871 15939 8268 8712 5867 4776 926 16187 926 16187 4776 926 16187
3171 14596 5329 4537 14231 12008 6011 11031 4537 15174 16187 5948 12576 16187 8719 16187
8798 10566 3177 1885 2513 6300 12233 6259 653 5967 12233 10669 1885 2752 16187 16187
2263 1954 2122 14419 10033 14237 3112 1954 15451 10072 195 926 16187 8146 926 16187
2263 14457 8710 6259 15840 11401 7032 3177 6259 14596 9138 15142 9138 4277 16187 7185
4776 9339 10501 3177 3171 10033 8710 8155 16187 16187 16187 16187 16187 16187 16187 16187
4776 15064 3177 14596 8710 4853 14237 10913 16187 2148 9332 16187 16187 512 4776 10033
4776 15064 8710 14411 8268 3171 10033 8710 5329 6259 3211 5463 7740 771 3192 12362
8726 5463 5867 5329 8569 9591 8268 1885 13046 926 1885 2148 512 1885 9059 16187
4776 63 2563 3025 7829 14664 1919 16146 13498 8185 16187 926 16187 8719 5463 926
4776 8808 5867 8979 4776 14596 16187 5463 7310 5208 2451 7723 16187 16187 13701 8268
4552 6011 9429 5463 12232 8733 8712 275 14043 7674 12233 7347 2598 16187 16187 16187
831 2894 13348 16187 2563 16187 926 8268 12008 8712 5867 5329 4776 926 16187 9938
831 2894 13348 16187 5272 16187 2563 16187 14219 16187 13081 11889 8712 16187 187 16187
3171 8710 2689 8268 1955 8712 3112 6011 14760 16187 16187 16187 16187 16187 16187 16187
8712 4931 2326 10399 12233 15956 203 12233 8733 3171 10033 16187 4537 16187 14125 1957
8712 10214 12743 8268 816 8719 1138 926 5711 16187 2077 16187 926 16187 926 16187
203 14776 6011 1515 12233 8537 5463 2598 16187 16187 16187 16187 16187 16187 16187 16187
4776 11608 4931 8423 10355 8268 12008 5462 14180 703 7740 9084 9754 2552 16187 14237
4776 11608 4931 8423 3356 16187 16187 2588 4832 16187 9715 926 16187 1955 926 1955
1750 4421 926 13811 15743 14237 834 10272 12233 2823 8466 12233 2823 1170 16187 16187
817 14237 6152 15 15762 16187 817 16187 1136 16187 1136 997 16187 12495 16187 12495
817 828 3818 7981 14069 8710 5176 16187 13832 16187 6535 10355 16187 16187 1919 16187
2446 7926 3847 10217 10266 8719 9594 3504 16187 16187 16187 16187 16187 16187 16187 16187
4776 926 8268 5463 14407 8268 1955 1597 10355 9288 16187 14776 8719 15597 10638 16187
4776 926 8268 12401 16146 8744 8268 1229 7740 9084 9754 926 9591 16187 7740 8313
4776 2353 2446 13947 2904 2858 4776 926 5867 643 15649 8710 11789 1955 1435 16187
4776 12008 4776 6664 8710 7742 13218 14237 10401 16187 6070 7742 16187 5084 3112 5463
4776 7954 14237 14734 8808 8710 13084 5820 926 16187 4707 8710 14745 16187 4311 16187
2383 14272 2598 16187 16187 16187 16187 16187 16187 16187 16187 16187 16187 16187 16187 16187
14272 8712 2598 16187 16187 9715 14470 14237 4311 16187 4628 16187 8158 16187 7001 16187
594 8712 9084 9754 16187 9085 16187 983 16187 5332 5807 2598 16187 16187 4537 16187
4776 10418 8710 6535 10355 8268 12495 16187 16187 16187 16187 16187 16187 16187 16187 16187
4776 4152 8710 6070 4142 10355 14237 8712 8710 4776 2221 16187 13094 16187 15358 16187
4776 4152 8710 6070 2805 14237 4776 2946 2451 10571 7742 16187 1400 8808 16187 4832
12233 16187 16187 16187 16187 16187 16187 16187 16187 16187 16187 16187 16187 16187 16187 16187
8712 5867 5329 5967 12233 12170 4776 3511 5463 8712 5867 6259 9450 10894 9449 16187
4776 745 4931 15525 3177 4776 926 16187 12999 16187 5086 8268 1919 16139 12835 16187
12495 8569 13852 9084 9754 3012 4776 14599 8913 12233 4455 830 6826 926 16187 16187
3171 2563 4931 6259 5948 8270 512 14272 7740 4931 2326 14272 3112 8712 1229 10913
3171 2563 4931 10355 8268 14237 4624 10418 16187 5329 6259 5948 3177 2122 16187 9442
3171 8710 4537 6259 6388 8268 6388 10033 8268 1919 10440 6499 14180 1778 16187 16187
4776 15064 8710 6070 10355 14237 1229 7740 12431 926 16187 1948 16187 5332 16187 9534
4776 14596 8710 6070 4142 10355 14237 8712 8710 6259 10355 5033 16187 132 16187 15096
11748 8268 14237 3177 1245 4776 12132 16187 16187 16187 16187 16187 16187 16187 16187 16187
8712 5867 1344 3398 8268 14237 2296 2599 5867 6070 10355 16187 4707 926 16187 16187
8712 5867 1344 3398 8268 14237 11900 1344 7742 16187 16187 1957 6683 1957 16187 16187
4537 6259 2765 3177 12643 7567 91 14237 14069 16187 16187 16187 16187 16187 16187 16187
12958 8710 9575 8719 1954 4704 4464 8268 1919 4853 926 14237 5894 6664 16187 4776
12958 8710 2844 14237 12349 4776 12489 8268 10967 4776 12835 12233 4776 15513 4152 16187
831 2894 2326 4531 3171 2563 16187 16187 16187 16187 16187 16187 16187 16187 16187 16187
3171 2563 8710 2945 14635 3177 2677 830 983 14237 12351 779 13084 926 8712 16187
3171 2563 8710 2945 14635 3177 10399 12233 11553 6259 12887 16187 3192 16187 2563 16187
203 11953 6259 15335 11262 2598 16187 16187 16187 16187 16187 16187 16187 16187 16187 16187
4776 2601 9424 8710 6259 14596 12233 3278 1957 4776 8979 4776 10033 16187 6231 1883
4776 2601 2563 8710 6535 630 9850 16187 13348 16187 13429 16187 6253 12233 13931 926
4776 9290 3873 8726 4624 13758 4240 12132 16187 16187 16187 16187 16187 16187 16187 16187
4776 926 5736 12233 5530 5568 12233 10603 4325 11553 4776 10355 564 16187 1957 6826
4776 926 14237 12633 14776 13084 5714 14776 12233 2823 10150 10967 11582 10501 16187 3171
12008 8268 4776 10033 5867 13139 14029 6259 10376 14217 8710 9355 14237 13436 16187 16187
4776 4152 8710 8719 4776 10033 10781 1344 6259 10894 817 16187 1957 4776 9139 5867
4776 4152 91 8268 6689 1344 10355 14237 8712 8710 12256 14237 2326 13623 14350 16187
4776 8199 3847 5329 10114 12911 1955 6826 11553 8592 16187 16187 16187 16187 16187 16187
4776 8808 4931 5329 1229 10841 8268 12008 7740 4552 9754 2326 926 8712 16187 926
4776 8808 10801 4931 8268 830 4776 10566 10501 8268 6070 7742 10471 16187 7742 8268
1229 3177 1245 13089 4325 9605 9575 4325 3657 16187 16187 16187 16187 16187 16187 16187
8712 5867 6535 2309 3826 8268 14237 12149 13348 16187 13348 16187 4832 16187 13348 16187
8712 5867 6535 2309 14237 13084 8438 14272 2148 2598 16187 16187 4931 8781 2598 16187
6826 4686 14776 9754 4776 2053 2035 3994 3748 4776 12174 9544 16187 16187 16187 16187
2285 14596 8710 7100 8719 1378 8181 8268 12135 14237 6070 2067 12162 16187 12135 16187
2285 14596 8710 63 5329 3257 12008 8712 5867 6070 15819 6071 10033 16187 9925 1919
12127 3384 779 1954 11680 5463 15335 14172 14776 7456 12233 7535 16187 16187 16187 16187
1954 6161 10033 8710 5463 15174 830 6259 2689 1378 16187 1999 16187 3559 16187 8185
4776 1754 3177 1954 15513 12008 8710 2446 5297 6535 10355 16187 830 4776 6070 7742
4404 1378 3177 12276 926 8710 1138 5352 926 4557 926 5711 16187 16187 16187 16187
6259 1592 3177 6259 8858 4240 926 16187 16187 8719 1885 16187 926 16187 1787 16187
6259 10894 2002 11022 4776 10033 8069 2461 16187 8712 5867 12495 15096 16187 14426 16187
14235 4312 1919 11319 10748 16187 16187 16187 16187 16187 16187 16187 16187 16187 16187 16187
5822 7310 284 2769 1919 569 3177 10211 7810 16187 6286 16187 926 16187 8440 1957
7954 3436 2446 3847 7742 91 16187 14734 8456 16187 9956 16187 14734 983 16187 8808
15597 10418 3543 2823 1954 3991 12233 4776 1754 3177 4776 13839 16187 16187 16187 16187
4776 14596 8710 13622 14237 14069 8710 2148 4152 10801 16187 10272 16187 6874 16187 16187
4776 14596 8710 15609 8268 14237 630 3177 4776 6664 9447 1755 16187 7168 9040 16187
13474 3543 9754 2823 1179 12233 2552 4404 2563 16187 16187 16187 16187 16187 16187 16187
4856 8710 15389 5463 5208 2326 11921 12233 4312 16187 5537 13839 1919 15721 16187 132
4856 8710 15389 5463 5208 4325 2823 4103 16187 16187 926 16187 14029 4776 926 16187
8710 9754 4032 15715 8268 10669 9036 8712 16187 16187 16187 16187 16187 16187 16187 16187
8710 8712 6259 10399 12233 5993 8712 10033 8268 14237 2552 8719 15597 1486 14237 4776
3171 8710 2945 14635 3177 6152 8268 14237 2148 4628 9754 630 8270 16187 9316 3171
12008 14029 4776 16146 8268 3011 926 3847 5111 12233 2823 6259 926 13348 16187 16187
4776 4152 8710 1229 5463 10355 11953 8712 8268 8712 5867 1229 10355 14237 8712 5867
4776 4152 8710 4776 5286 15043 2563 12008 1919 6259 2689 15641 14237 10355 10418 16187
5463 4776 4975 5388 13584 14237 926 9498 926 8913 8710 5148 926 16187 16187 16187
4776 3511 5463 8712 8710 1229 6013 8268 4776 10418 4931 9754 926 16187 3554 12233
4776 3511 5463 8712 8710 1229 8569 8712 8710 4776 14281 3177 817 16187 926 16187
4776 926 779 13084 926 14237 7926 8710 4470 12233 12514 7594 926 10967 2990 16187
4776 926 4931 14069 14237 4927 8270 512 4776 3575 16187 13348 16187 13348 16187 3409
4776 926 2595 5629 1885 14237 926 1885 926 16187 926 926 14237 926 926 16187
3171 10033 2204 8719 1597 1486 16187 16187 16187 16187 16187 16187 16187 16187 16187 16187
3171 14596 8710 1507 8268 1957 12291 8268 7168 8268 8423 926 16187 5328 10244 16187
3171 14596 8710 1507 8268 14237 1957 4776 8521 4931 6535 10355 16187 16187 9449 16187
12958 926 3847 12233 268 4776 926 926 8710 7393 10471 16187 16187 16187 16187 16187
4776 2601 10400 8710 5329 8569 16187 8719 14734 11846 2894 15649 684 14734 1378 10501
4776 2601 10400 8710 5329 8569 12008 8712 5867 6259 5948 16187 7768 14237 9450 4434
10799 15924 4931 8569 1955 2296 8268 7926 5867 3098 16187 16187 16187 16187 16187 16187
8712 5867 1344 3398 8268 14237 11900 1344 7742 16187 10719 4776 10033 16187 926 16187
8712 5867 926 1955 15096 1955 7740 13081 1955 926 926 16187 926 926 16187 16187
12008 8268 10030 8268 6683 1957 15658 6011 14776 5153 1919 13348 16187 16187 16187 16187
12008 8268 12716 8268 4325 9084 9754 8537 630 8270 13348 16187 3137 1378 8656 9799
12008 8712 2446 12232 11553 10471 630 12233 2823 1229 3356 16187 6664 16187 2002 16187
6826 3098 5358 16187 16187 16187 16187 16187 16187 16187 16187 16187 16187 16187 16187 16187
4776 3942 8710 5463 8712 5867 15510 14237 15624 16187 10399 16187 12349 14237 5522 12233
4776 15064 3177 2285 8710 4537 1378 3177 4776 10566 854 4440 5463 4776 9431 15814
7740 8197 2903 16187 16187 16187 16187 16187 16187 16187 16187 16187 16187 16187 16187 16187
6363 15525 3177 9484 11477 12952 10716 3927 4776 10971 16187 926 8268 926 8268 926
6363 15525 3177 9484 11477 12952 10716 3927 4776 10971 16187 926 8268 926 8268 926
926 16187 16187 16187 16187 16187 16187 16187 16187 16187 16187 16187 16187 16187 16187 16187
4776 926 4931 1229 10710 14237 8712 8710 2326 2689 16187 9442 5030 5057 6527 16187
4776 10033 2326 8710 14272 7740 8152 4931 1138 8719 4776 926 16187 10033 16187 5297
8719 16153 8268 2053 7607 14237 267 3994 8710 15389 6011 3543 3842 16187 16187 16187
4152 14827 1430 926 16187 13089 7926 5867 1019 8719 1138 926 13348 5711 16187 8710
4152 12018 8712 5867 2429 10355 14237 926 16187 9442 12545 5629 5393 16187 11889 6259
926 8648 15866 14237 926 926 5111 1955 926 14237 2962 16187 16187 16187 16187 16187
926 926 926 926 8268 926 926 12892 8712 4776 926 16187 9685 13348 16187 2974
926 926 926 14237 1885 926 16187 599 16187 2446 16187 4949 16187 926 820 5867
6173 6259 63 13250 9424 8710 4776 4856 16187 16187 16187 16187 16187 16187 16187 16187
3171 10033 8710 6259 6070 4091 11032 3177 4776 8588 3177 926 16187 926 10033 16187
4776 9431 2563 16105 4776 10033 587 16187 15096 9850 9850 16187 14221 3177 983 16187
1229 8268 91 14776 4776 9237 16187 16187 16187 16187 16187 16187 16187 16187 16187 16187
8712 4931 10355 8268 14237 1957 12291 16187 2326 6546 11889 6905 16187 8710 16187 10399
8712 4931 10355 8268 12008 5329 1229 10355 16187 1383 8268 7740 12773 2148 16187 512
7740 1950 203 3098 3177 1954 950 5356 3409 8710 16187 16187 16187 16187 16187 16187
6259 6070 9205 10033 5288 8268 8712 5867 10355 830 10394 13348 16187 11901 14237 7314
7542 6259 10355 2563 16187 100 11889 4776 2002 16187 4927 16187 11577 16187 3361 830
6259 926 12650 4776 2053 7986 3994 16187 16187 16187 16187 16187 16187 16187 16187 16187
6259 11888 10033 8710 9754 8569 12008 8712 15881 7164 16187 1329 16187 4434 16187 9605
4776 12529 10033 8710 6259 10894 817 16187 7970 1919 6259 3335 10033 8268 6259 15761
2128 2837 11582 9476 13348 16187 16187 16187 16187 16187 16187 16187 16187 16187 16187 16187
1075 830 1954 7903 4931 14691 12008 14186 3177 14320 16187 12233 4189 16187 15781 16187
1075 830 1954 7903 4931 14691 12008 14186 3177 14320 16187 12233 4189 16187 16187 14734
14237 8726 5463 926 3364 2823 13051 2598 16187 16187 16187 16187 16187 16187 16187 16187
8712 12232 11553 12766 2148 13929 13348 13348 13348 16187 3137 16187 16187 12825 11954 2400
8712 12232 11553 12766 2148 13929 13348 13348 13348 16187 926 16187 15202 4776 9431 10033
4776 10418 3177 4776 16003 8710 13181 12233 1436 4776 14589 16187 16187 16187 16187 16187
4776 4152 8710 4776 10566 2176 2563 7740 11553 8084 8466 10967 2148 512 4776 13829
4776 4152 8710 4776 5286 15043 2563 12008 1919 6259 2689 15641 14237 10355 10418 16187
13341 6173 1430 5867 9796 1919 6259 6087 11164 4240 6826 3177 14734 926 561 16187
4776 4406 15939 1857 100 16187 6918 16187 16187 5568 2329 16187 8858 16187 8185 16187
13341 16187 13341 16187 12276 9574 16187 1507 16187 16187 16187 6683 3177 4776 2563 16187
16146 512 5463 14237 6259 2765 13178 4924 4440 8268 14691 12495 7310 16187 16187 16187
6826 3177 4776 7310 284 9498 10355 8569 2563 8268 2326 6724 16187 3098 2191 16187
6826 1038 10747 8268 6259 9935 14237 6259 926 3596 16187 926 16187 926 14029 4776
13593 3177 12835 5627 16187 16187 16187 16187 16187 16187 16187 16187 16187 16187 16187 16187
14919 15525 3177 9484 16187 13839 8710 12489 14708 16187 14237 4776 10418 6601 5867 5329
15190 9532 8710 1378 3177 4776 564 13664 5722 8084 16105 16187 1138 8719 12276 9770
7740 8154 4776 2322 5007 16187 16187 16187 16187 16187 16187 16187 16187 16187 16187 16187
2143 6173 7740 12298 10566 3177 4776 2563 4931 9754 4776 2148 16187 1110 16187 16187
2143 6173 7740 12260 11553 1110 820 13348 16187 11401 16187 5297 16187 6011 16187 5297
13474 15881 1885 12233 8733 4776 926 926 830 4776 926 926 16187 16187 16187 16187
4776 14596 8242 8719 8648 3304 1919 926 10315 11220 926 1430 12554 16187 100 16187
4776 6664 16187 926 14237 9332 16187 926 16187 926 16187 926 16187 926 16187 926
4776 7310 284 14776 8213 8268 9563 830 9073 16187 16187 16187 16187 16187 16187 16187
4776 6006 4931 9754 8569 8268 12008 5329 3127 14029 6259 14596 16187 14237 2148 16187
4776 10355 9424 4624 11553 12766 91 16187 11889 4776 10033 1957 4776 8521 14237 4776
1378 9424 5463 8710 9754 4776 9790 12576 8710 13094 16187 16187 16187 16187 16187 16187
630 5463 8710 4776 9790 1955 1954 176 3177 4776 9431 7740 11553 8466 8719 6259
5463 5867 4776 9790 9424 5463 7740 11553 8084 8466 8258 16187 1229 16187 5332 16187
7926 13942 12233 2823 1075 830 1885 7926 5867 6259 13412 926 6978 16187 16187 16187
8712 9113 6259 5948 3177 1823 12233 4776 4440 5463 12596 6259 9450 926 16187 10026
8712 9113 6259 5948 3177 1823 12233 4776 4440 5463 12596 6259 9450 926 16187 3249
8857 4776 3246 9961 9743 2954 2903 1919 4776 2664 3177 2977 15658 16187 16187 16187
4776 8081 13765 5656 1919 6259 7589 3177 6071 1133 16187 7310 284 6683 830 4776
4776 8081 13765 13341 3366 5656 1919 4776 2563 5022 16187 5580 926 3177 4776 1787
12716 8268 10324 10150 1330 8268 10162 9277 9429 5463 7250 8710 926 15389 16187 16187
1998 16187 926 8268 8712 5867 1954 9332 16187 12233 12650 16187 13060 2837 4776 2353
1998 16187 14581 10355 6664 16187 8664 15433 16187 14237 13089 13474 5867 3504 16187 3766
5627 9850 4552 5329 10259 12233 3171 1378 16187 16187 16187 16187 16187 16187 16187 16187
6363 9484 16187 11118 4776 2563 10781 8710 4537 11889 4776 983 16187 4656 16187 771
6363 14139 9484 3171 2563 4931 9754 1229 8569 8268 14237 6826 14776 9754 926 16187
14069 4931 2446 1378 6535 10840 15096 1453 1957 1378 10709 8268 6070 11162 12576 16187
4776 15064 8710 6070 15624 16187 16187 16187 7740 11553 12766 2148 15096 8268 14237 14237
4776 9424 3177 1245 4776 132 7165 1954 926 16187 10033 16187 926 16187 12349 4776
7634 5867 2752 14776 926 14237 930 8268 12008 14776 12495 10478 16187 16187 16187 16187
13474 9084 9754 13013 14029 9313 15452 8268 113 5305 14043 7140 14237 14948 16187 16187
13474 5867 2446 5329 14180 5463 6816 14237 779 6826 5074 1919 4776 9288 926 16187
8630 926 9337 926 6179 4776 9831 7829 12233 9577 14734 14164 16187 16187 16187 16187
13386 926 9113 4776 3211 12233 926 1919 4776 6915 14237 14029 4776 10033 16187 926
4776 7926 926 2903 4776 14359 8268 487 8268 2326 2599 4776 1781 12387 8719 4464
15398 10918 14237 12149 16187 16187 16187 16187 16187 16187 16187 16187 16187 16187 16187 16187
10335 12633 14776 14069 14237 14691 5463 13474 13942 5329 6856 12233 6856 830 4776 926
10335 12633 14776 14069 14237 7367 16187 4537 5463 14734 5804 16187 14231 16187 9290 16187
13474 8710 6748 15288 2837 14180 3177 4312 8268 9563 11667 8268 4776 926 16016 16187
4776 4152 91 6664 8710 1344 10355 14237 4776 10418 8710 10602 16187 14180 4776 16146
4776 4152 91 6664 8710 1344 10355 14237 203 10053 8712 8710 16187 8794 16187 14350
12008 7740 4552 9754 10709 12233 4776 3886 14581 16187 16187 16187 16187 16187 16187 16187
12008 12654 14180 4776 16068 8712 414 8268 7740 2308 15850 1957 5217 6535 6918 16187
12008 12654 3171 8268 7740 2308 3171 10033 6259 15819 2563 16187 2326 2309 14237 5138
926 926 7733 4776 9577 8719 14734 11434 3177 4776 15387 16187 16187 16187 16187 16187
4776 10344 926 926 16105 6259 15819 4994 16187 926 15096 4924 16187 15624 16187 16187
4776 745 4931 6070 540 14237 2326 11953 5463 4776 10033 8710 2263 6259 926 16187
9743 926 13616 14776 6341 16187 16187 16187 16187 16187 16187 16187 16187 16187 16187 16187
8712 15881 3461 926 10967 4776 15939 16187 13454 2837 926 14029 926 16187 13081 2148
8712 15881 4776 9450 2858 13501 5463 4776 10033 4931 10915 13084 9780 16187 11953 1133
5568 14043 9743 15658 1110 11608 16187 16187 16187 16187 16187 16187 16187 16187 16187 16187
8712 15881 13076 9764 8268 12008 8712 5867 9813 3177 14180 6011 15956 16187 16187 6304
8712 15881 13076 9764 8268 12008 8712 5867 5463 10566 14902 16187 9070 16187 2563 12209
5627 16187 16187 16187 16187 16187 16187 16187 16187 16187 16187 16187 16187 16187 16187 16187
6259 8974 10033 8268 1919 1597 1486 5713 6499 14776 11643 16187 8794 1919 8794 14237
6259 4302 1167 4537 11553 6259 3098 8855 3177 10836 16187 4975 16187 926 14237 926
1138 1750 4421 10668 5711 2025 15662 16187 16187 16187 16187 16187 16187 16187 16187 16187
6173 8268 14237 16146 14792 1138 1442 5711 6148 926 926 16187 3554 4776 2563 16187
6173 926 8268 9642 926 8268 1634 926 14237 7004 926 16187 4927 16187 10918 16187
15870 5238 16187 16187 16187 16187 16187 16187 16187 16187 16187 16187 16187 16187 16187 16187
8719 3511 8268 10566 820 4552 5329 12650 9594 14237 13546 13441 16187 926 3766 16187
8719 3511 8268 10566 5046 5329 4931 4776 8521 16187 11899 2837 6259 2563 16187 1022
7740 1951 1954 7605 7807 14230 14237 11553 2128 4776 9577 10967 4776 6070 10442 16187
1449 10967 7883 5867 9113 916 4776 9887 5020 13216 16187 7367 926 926 16187 5200
831 2894 13077 3171 2563 15525 8268 12008 8710 5329 6070 15347 16187 9442 8268 12008
4325 8733 926 14029 4776 926 16187 16187 16187 16187 16187 16187 16187 16187 16187 16187
4776 926 926 926 926 926 14776 6259 4473 1343 830 6259 7083 16187 14237 3177
4776 745 4931 6259 926 10967 4776 14596 4493 926 6423 4776 14603 1787 16187 10272
12233 9070 8268 3171 8710 11953 7188 16187 16187 16187 16187 16187 16187 16187 16187 16187
8712 8710 6259 6070 9332 4779 8268 15649 8710 7456 12233 13229 9455 16187 926 16187
8712 8710 3171 3826 5463 3112 1138 10691 10785 4776 12529 12455 5711 15147 16187 11953
5463 5867 1622 16187 16187 16187 16187 16187 16187 16187 16187 16187 16187 16187 16187 16187
4776 14596 4931 2429 10355 8268 14237 4776 10418 4931 10355 16187 16187 16187 16187 14237
4776 14596 4931 2429 10355 8268 14237 4776 10418 4931 5329 5463 7742 16187 14180 4531
6173 8268 14237 4776 10033 8710 8093 15624 8268 8069 1919 2263 14910 9808 983 16187
4776 4152 8710 16139 16187 6297 16187 9332 13607 16187 14596 5463 12256 13348 16187 14596
4776 4152 5994 8258 8268 14221 8268 14237 6826 3177 4312 3609 2903 12233 4776 9349
5463 3543 8158 6011 15389 13348 16187 16187 16187 16187 16187 16187 16187 16187 16187 16187
5463 4931 1229 6826 5819 926 4776 2563 4931 9754 6388 16187 15624 16187 16187 405
8712 4169 8268 1955 7596 8710 15640 3171 2563 8710 5463 1378 8001 3177 4776 14640
14734 14601 9290 8710 13794 8268 12349 4776 12489 14237 14591 16187 16187 16187 16187 16187
4776 6006 8710 6535 630 8268 14237 2689 9591 8712 8710 16187 16187 10566 3177 6259
4776 6006 8710 2176 14237 1110 3171 2563 8268 7740 2383 16187 14237 9332 16187 7742
4776 9431 5328 3177 3171 10033 8710 10915 8124 16187 16187 16187 16187 16187 16187 16187
3171 4931 6259 6070 15624 2563 8268 1919 8712 5867 15978 8712 8710 6259 2689 2563
3171 4931 6259 6070 9625 2563 8268 1919 1954 10274 1207 16187 16187 9938 8268 14125
926 3384 8268 9455 2598 16187 16187 16187 16187 16187 16187 16187 16187 16187 16187 16187
8712 15881 6011 2858 4776 2563 16187 15335 15658 6297 4531 8712 16187 14536 926 16187
926 926 8268 926 926 14237 926 16187 1754 8719 6259 5947 926 14237 2689 10397
926 5867 15594 4931 3335 14237 1175 16187 16187 16187 16187 16187 16187 16187 16187 16187
4776 3511 8712 6598 8268 4776 8162 8268 8712 8710 5329 6259 2613 13348 16187 5200
4776 3511 8712 5867 5329 2837 5463 8268 12008 8712 5867 5329 10394 3102 16187 569
10309 3708 6090 12233 7347 6011 9106 8268 8712 926 6011 8719 5713 1175 12835 16187
14272 2148 12650 13089 7740 9084 9754 9605 926 7432 14112 16187 4311 14180 16187 14184
14272 2148 5208 7740 1436 11953 3171 2563 779 9754 2598 16187 16187 929 16187 926
13907 8685 8268 14180 14776 889 14237 13768 16187 16187 16187 16187 16187 16187 16187 16187
8712 8710 8394 437 14237 10974 14237 6179 6011 816 15525 3177 4776 14596 16187 4311
8712 8710 6070 10399 12233 13317 16187 5328 16187 926 16187 10026 16187 14350 4240 4776
752 15960 8710 7877 484 14237 11728 8268 6525 3177 4776 6071 1133 3177 817 16187
4776 11998 3942 1919 3171 10033 8710 4776 12364 14237 31 14599 16187 2563 16187 15096
4776 11998 3942 1919 3171 8710 4776 12364 14237 7094 14029 4776 10646 513 3177 14734
926 14184 4882 8710 1957 1885 6070 564 8719 91 16187 16187 16187 16187 16187 16187
4776 10710 14237 14596 8710 6070 5217 15902 16187 4776 12298 16187 6535 14237 4032 6683
4776 10710 14596 5463 8710 1507 8268 12716 8268 7129 12233 1750 6259 10355 2563 16187
13089 7740 4931 9754 1411 8268 8712 4931 9754 2689 16187 16187 16187 16187 16187 16187
8712 5867 1955 10355 1955 4776 2563 8268 7740 11553 6259 10355 11728 16187 8719 983
1955 8712 8710 5332 8268 7740 9429 7926 3364 11553 12766 14029 4776 926 8268 14237
7740 11889 3171 2563 1138 830 4776 223 14833 5711 16187 16187 16187 16187 16187 16187
6173 8268 926 12606 16187 9577 16187 926 16187 926 926 8268 926 926 926 16187
6173 12115 4776 9431 926 3177 4776 1383 3177 1110 14237 6259 926 8268 7740 9429
7742 8268 4624 11031 5329 1515 12233 9605 4776 5820 14596 4537 8798 16187 16187 16187
12008 12654 14180 4776 16068 8712 414 8268 7740 2308 15850 1957 5217 6535 6918 16187
12008 12654 3171 8268 7740 5297 2308 4776 2563 6070 2997 14237 656 16187 2588 16187
10355 9577 16187 16187 16187 16187 16187 16187 16187 16187 16187 16187 16187 16187 16187 16187
3171 2563 8710 6297 8270 10967 1157 6672 8710 2263 91 16187 8719 2148 512 6011
4776 2563 8710 5329 15624 16187 16187 8268 14237 8712 4931 9754 5463 10355 11953 12127
12008 4325 9498 816 13348 16187 16187 16187 16187 16187 16187 16187 16187 16187 16187 16187
12008 12654 3171 8268 7740 3644 9754 2326 8537 15662 10355 2563 16187 9004 1954 14419
12008 8712 3007 8268 14237 4776 10566 2684 714 14217 8719 1885 926 14069 8710 5329
8712 8710 6259 6070 2176 2563 16187 16187 16187 16187 16187 16187 16187 16187 16187 16187
8712 4931 6070 630 6259 8808 9809 10033 8710 4776 11998 3942 2598 16187 16187 3865
8712 4931 6070 926 16187 5297 14125 14180 4776 1676 16187 12650 16187 4776 926 16187
2016 3364 11553 8093 1233 6259 2740 11889 5463 16187 16187 16187 16187 16187 16187 16187
6694 8710 7578 5967 12233 8855 1919 582 3543 3543 11553 926 4776 926 12958 830
10770 830 3171 10671 3177 14112 8268 14237 4624 12431 926 830 4776 2563 16187 8719
7740 9884 8093 8466 6259 2563 16105 1919 15389 11889 5463 16187 16187 16187 16187 16187
7740 7164 12233 12650 3171 2563 12008 12892 2903 15978 8712 4931 1229 12105 16105 16187
7740 8197 4776 2563 14919 15525 3177 9484 10036 3171 3112 1954 12256 13839 1019 10355
1885 10418 8710 2326 10355 8268 9563 8719 4776 6463 3766 13474 779 16187 16187 16187
4776 6006 8710 6535 10355 14237 6826 5329 926 16187 11889 15096 2563 16187 9442 6306
4776 6006 8710 6535 8268 4776 6664 16187 9813 926 1919 4776 12835 16187 14237 12092
4776 1787 9277 8093 15956 16187 16187 16187 16187 16187 16187 16187 16187 16187 16187 16187
4776 63 5328 779 7458 8268 12008 14691 8710 9015 830 4776 2563 16187 926 16187
4776 63 5328 779 7458 8268 12008 14691 8710 4537 4776 14596 3177 11889 6259 5820
