3171 2563 8710 4776 11046 11998 9684 3177 4776 5365 16187 16187 16187 16187 16187 16187
3171 8710 1954 1846 10033 5463 8710 6259 15273 3177 1694 16187 926 16187 3575 16187
3171 8710 6259 6070 10355 14237 12892 8712 13341 1390 16187 6297 4776 14596 16187 14596
4776 4152 2326 3112 4776 4472 91 8268 7740 8592 16187 16187 16187 16187 16187 16187
4776 4152 8710 6070 2805 14237 4776 2946 2451 10571 7742 16187 9736 16187 16187 2296
4776 4152 8710 6070 2805 14237 4776 2946 2451 10571 7742 16187 9736 16187 926 16187
9519 13653 5867 9534 1955 4776 1787 8614 14237 926 926 8710 10917 16187 16187 16187
8712 8710 6259 6070 10355 10033 5208 2823 5463 8569 16187 157 5867 16187 15949 3177
4743 10033 5867 926 8710 5463 10355 9424 16187 14237 2024 16187 2563 16187 5948 16187
7740 2308 4776 12835 6259 9450 12233 14105 830 12276 7830 16187 16187 16187 16187 16187
2285 14596 8710 7100 8719 1378 8181 8268 12135 14237 6070 2067 12162 16187 15096 16187
2285 13839 8710 6259 2563 5463 8712 8710 6259 2024 9577 16187 2097 3177 6150 2664
12008 830 1885 15096 926 11913 8268 13474 5867 6259 12561 926 8808 16187 16187 16187
8712 5867 6070 11298 14237 203 12233 8733 3171 926 16187 10033 16187 5562 16187 4832
4776 14596 8712 5867 6070 13250 16187 1110 8719 926 16187 9653 4932 2563 16187 1138
3171 2563 3847 9754 11553 8712 14237 2847 6259 13501 8719 5937 14141 926 16187 16187
8712 4931 6259 12459 12233 5272 10710 16187 10913 16187 11608 16187 1515 6745 5656 10967
8712 14824 12495 630 7945 8268 12008 1378 6286 3177 4776 817 308 16187 10918 14237
13034 830 4776 10887 1383 8268 3177 1245 13348 16187 16187 16187 16187 16187 16187 16187
6259 6070 2002 14596 5463 8710 6297 2997 10719 8268 12008 11162 8712 5867 4949 16187
6259 2563 8710 2543 16187 7518 14029 4776 14596 8268 14180 4776 12835 16187 6500 16187
14069 8710 13084 8339 16187 16187 16187 16187 16187 16187 16187 16187 16187 16187 16187 16187
8712 4931 6070 2997 8268 12008 13436 5463 4776 9887 4931 9754 4776 132 16187 9313
8712 8710 6070 10011 8268 14237 8712 2326 203 630 8712 8710 15597 926 16187 12349
203 15096 4624 9884 12766 15163 4776 2243 1110 5629 9059 875 16187 16187 16187 16187
4776 63 5328 779 7458 8268 12008 14691 8710 9015 830 4776 63 5328 16187 7310
4776 63 5328 8710 8974 16187 2446 2326 1029 1919 5463 5867 12835 1919 8712 5867
8712 2326 3112 6011 9429 16187 16187 16187 16187 16187 16187 16187 16187 16187 16187 16187
8712 11870 4152 12233 5820 9859 14237 8712 5867 13893 1919 14734 14164 14237 6297 926
8712 4175 6259 2037 14237 7877 10355 16187 16187 1778 16187 7945 512 16146 16187 926
1957 564 3171 8710 10716 5878 14651 16187 16187 16187 16187 16187 16187 16187 16187 16187
3171 8710 6535 630 6259 6304 5463 6070 926 16187 4776 2563 16187 4776 926 4776
3171 8710 6259 6070 10355 14237 10336 10033 16187 9736 12495 16187 926 16187 16187 12135
5463 1686 11211 13623 12233 926 926 16187 16187 16187 16187 16187 16187 16187 16187 16187
2263 6259 10033 8268 10862 14043 5329 6259 10355 10033 12008 14180 8719 14180 4931 4776
2263 14596 8710 6259 12311 16187 7926 5867 3908 4776 9790 9424 16187 2296 16187 14745
14069 14776 2975 8719 4776 4152 16187 16187 16187 16187 16187 16187 16187 16187 16187 16187
3171 2563 8710 2689 8268 13129 8268 14834 8268 12092 8268 13663 8268 14237 6259 9450
3171 10033 4931 5329 6259 10770 2563 16187 9884 10471 9351 8268 12716 16187 9442 8268
4776 8213 12286 14237 4776 6730 1919 5092 14237 926 14776 13084 2148 16187 16187 16187
4776 4152 8710 1344 10355 11953 4776 132 14237 4776 10418 8710 4776 2221 15649 3543
4776 4152 8710 16139 14237 2684 10471 13907 132 16187 16187 630 8270 16187 15043 512
2293 8268 5463 16146 12917 10967 8974 3537 8268 8710 630 15840 91 16187 16187 16187
8712 5867 1344 3398 8268 14237 11900 1344 7742 16187 16187 8440 14237 11788 8719 6985
10710 1404 8710 14596 8268 91 16187 10710 16187 16187 9264 14046 16187 4152 16187 4776
4151 926 5627 16187 16187 16187 16187 16187 16187 16187 16187 16187 16187 16187 16187 16187
6259 10355 10033 8268 8710 2945 1824 14237 12606 16187 16187 9264 7742 2608 16187 14237
6259 5773 8719 4776 6161 8268 830 14139 15739 15096 12467 16187 4473 1955 9887 1955
4776 2601 2563 3927 1684 14237 2204 16187 16187 16187 16187 16187 16187 16187 16187 16187
4776 6729 4931 5777 4931 6070 926 16187 16187 10566 3177 4776 2563 13089 4776 10659
4776 2601 14596 10140 6011 10967 4776 10355 4927 3177 4776 9955 8710 11789 14069 16187
8712 8710 5580 11085 5463 6259 2563 3171 8569 8084 12431 4265 6474 16187 16187 16187
3171 8710 4032 9316 6259 2563 5463 6011 9884 1959 4776 3673 14237 2053 926 13348
469 6259 5297 7742 4434 3748 1597 926 8808 2946 4552 9605 12233 2552 4776 926
8794 4480 14776 926 12233 6683 1957 4776 7151 14237 5329 4671 14237 5329 2033 16187
4776 15776 3384 8710 6070 10355 14237 3112 6011 10879 830 14272 8710 10373 16187 10373
4776 15776 14237 4776 11277 14776 15624 16187 15624 16187 16187 817 8268 14237 4776 10418
1957 14589 7740 11839 4776 13839 4931 12256 8719 4776 10033 16187 16187 16187 16187 16187
4776 2563 8428 7742 8268 12576 8710 8268 6070 8268 6070 15438 8268 14237 4776 12894
4776 2563 4931 6070 14273 10294 830 6259 10728 12529 16187 16187 2563 11889 7740 12773
14776 9754 4325 7661 1955 10053 1955 12401 16146 2598 16187 16187 16187 16187 16187 16187
15438 7740 4552 9754 11889 5463 4776 4152 8313 8268 3543 2823 926 16187 2598 16187
15438 7740 3644 9754 4552 5463 8569 2598 16187 14734 3314 16187 9222 6259 10879 9575
926 926 3543 9605 6259 5121 5317 8268 830 13474 4931 14652 12495 16187 16187 16187
926 926 926 926 926 926 926 16187 4931 5568 3908 1229 1229 4931 3335 14237
4776 926 926 4931 1175 12495 16187 1450 8268 14029 4776 3366 16187 926 16187 16187
7742 8268 5906 8710 13807 4776 4183 16187 16187 16187 16187 16187 16187 16187 16187 16187
778 8710 5329 1344 9455 13474 14352 14272 926 4776 14043 13807 14734 1885 564 16187
778 8710 5329 1344 13663 16187 16187 14180 5463 7742 16187 10566 8914 14069 16187 6259
8712 8710 6259 4660 10033 8268 12008 8712 5867 6259 10355 1378 16187 16187 16187 16187
4776 14596 8710 12127 2365 10501 8719 4776 10033 8710 6388 16187 14237 4032 4776 2148
4776 3511 8710 5463 926 8710 6259 1138 926 5711 8268 14237 6259 3211 10272 12233
4776 4369 3177 4776 5434 1019 15827 6173 13084 10887 926 16187 16187 16187 16187 16187
4776 745 4931 6259 926 10967 4776 14596 4493 926 6423 4776 14603 1787 16187 926
4776 745 4931 6259 926 10967 4776 14596 4493 926 6423 4776 14603 1787 16187 10272
1856 2053 3644 9754 9605 13084 13786 3994 16187 16187 16187 16187 16187 16187 16187 16187
12127 983 3171 2563 16105 9070 188 12233 9178 8081 7633 14237 7925 16028 1919 6259
12127 983 9577 14237 926 779 16105 9070 188 12233 926 14237 9332 16187 14180 8712
7542 8268 3098 2563 830 4776 100 13348 16187 16187 16187 16187 16187 16187 16187 16187
3171 2563 8710 2945 4032 15715 830 10671 3177 5722 14043 800 8185 16187 9316 16187
3171 10033 8710 6070 14902 16187 15978 3177 1885 10418 6021 6173 16187 926 8710 4776
4776 10033 5867 926 8710 2982 12008 14397 3982 16187 16187 16187 16187 16187 16187 16187
4776 3511 5463 926 4931 4776 7542 13089 7740 11553 7807 4776 2285 9431 8710 1954
4776 3511 8712 8710 1229 1120 14237 8712 8710 13084 8685 16187 926 16187 7251 926
3471 10501 5627 14029 4776 16146 4751 8719 5329 16187 16187 16187 16187 16187 16187 16187
4776 559 14029 4776 10033 8710 6259 15819 4032 3177 4776 10033 16187 926 926 16187
4776 2563 4931 6259 3192 5033 14272 2148 7970 16187 7164 16187 15142 926 16187 5095
3171 12505 2110 779 12766 10471 12233 5804 12467 16187 16187 16187 16187 16187 16187 16187
8712 8710 5329 4032 4776 15740 16187 9847 13348 16187 3137 2563 16187 13508 16187 926
8712 8710 5329 10399 12233 13317 8712 14180 15525 16187 14237 9994 12835 2598 16187 13348
1138 3644 9754 9455 91 2451 3171 6801 2598 5711 16187 16187 16187 16187 16187 16187
5678 1853 7740 4552 9754 2326 5407 630 11953 14734 4189 16187 926 926 16187 926
5678 1853 7740 4552 9754 15956 14272 4931 14069 8710 9754 2326 6259 1903 13907 926
8270 2123 3137 983 16187 16187 16187 16187 16187 16187 16187 16187 16187 16187 16187 16187
8569 13348 16187 926 16187 8569 16187 3112 5463 9450 3177 4776 9577 16187 4537 7336
6051 3098 926 12576 8268 9332 16187 6070 2689 8268 9563 16187 8506 16187 926 16187
7740 8695 8712 5867 1954 14766 9424 16187 16187 16187 16187 16187 16187 16187 16187 16187
6535 630 14180 5463 8710 2148 512 4776 820 16187 8185 16187 9316 5463 16187 8043
6535 630 14180 12835 11553 15597 4176 8268 12008 2296 6888 7619 16187 4434 14237 12044
12276 9574 9850 9484 7742 8268 7740 2296 10866 4776 6801 15978 3177 4776 16187 16187
4776 2601 2563 8710 6535 630 6259 2143 5328 3177 4776 10033 15096 983 16187 12401
4776 2601 2563 8710 6535 630 6259 3667 3177 983 16187 800 471 16187 12276 14808
6297 8268 7740 9084 9754 9429 8712 4931 14180 5463 3098 16187 16187 16187 16187 16187
8712 10108 14029 10967 4776 3059 14237 8712 2326 656 830 9070 16187 926 16187 5804
8712 5867 1229 9918 14043 10355 8268 12495 8569 8268 13799 4628 9754 10080 8712 16187
703 5367 14237 12835 8855 1919 4312 16187 16187 16187 16187 16187 16187 16187 16187 16187
12008 1885 428 12233 2823 1229 6214 2466 13141 8268 14043 2296 16187 8162 9831 16187
12008 1872 16187 14069 4282 16187 9316 5463 16187 9840 9872 16187 13060 16187 16187 5200
10080 1146 284 3171 8710 6259 3098 10978 2563 1919 6259 3098 14596 16187 16187 16187
630 5463 8710 4776 4927 3177 10770 16187 9059 926 15525 3177 4776 2077 16187 14350
630 5463 8710 2148 11273 16187 7661 4776 2296 8974 14237 14221 10967 4776 14596 16187
13474 13216 12233 12097 8719 4776 8247 9886 16187 16187 16187 16187 16187 16187 16187 16187
9461 3177 15649 8268 4776 7310 284 9498 15347 8268 5463 8710 1344 2997 16187 4537
1885 7829 12020 14596 8710 926 14237 8710 14734 14635 3177 6259 6051 15781 6535 926
9084 7740 11889 8712 2598 16187 16187 16187 16187 16187 16187 16187 16187 16187 16187 16187
1229 14272 9084 8733 2598 13348 16187 5365 2598 16187 16187 2598 16187 16187 816 2598
1229 14272 9084 6011 2552 3171 2563 13348 13348 13348 16187 13060 16187 16187 11916 16187
7740 771 1378 4537 11889 14745 16187 16187 16187 16187 16187 16187 16187 16187 16187 16187
15747 8268 9296 14180 11553 926 10770 15978 7740 2308 4776 817 9290 16187 2066 1955
15747 14139 12008 6407 3171 9577 6535 630 14237 9332 16187 6070 7742 16187 4832 16187
1019 14816 6173 830 3171 8157 3177 471 8268 3171 2563 8710 5350 1482 16187 16187
7542 8268 3171 6259 7168 10033 5463 779 10887 8200 12127 5332 14237 4311 16187 4776
7542 6259 10355 2563 16187 12650 15525 4776 1583 16187 6011 2552 8712 16187 7612 13348
12276 1453 8719 11789 12127 4927 8268 6259 10833 8719 14112 6215 16187 16187 16187 16187
4776 31 10033 8710 1872 1955 630 6259 10894 3177 6259 5095 12044 14745 8719 4776
2263 4776 14596 5463 3112 1954 926 5375 926 16187 926 16187 15043 10036 16187 4832
4624 4311 11553 7126 8268 1954 4750 926 8268 14237 6013 817 12128 926 16187 16187
13474 2446 12515 6259 15335 12291 16187 15597 16058 4776 926 8268 14237 4776 13226 926
13474 2446 8746 6259 926 14237 6259 926 3177 14734 926 16187 14125 14734 983 16187
5463 8710 8712 5999 2148 163 1693 15389 13418 5937 8456 16187 16187 16187 16187 16187
8712 4931 9754 6070 13436 16187 16058 16187 1955 12738 16187 8719 15597 16058 4231 16187
8712 4931 6535 630 6259 2143 1954 10950 5946 3177 4776 10033 1919 8081 12538 16187
14237 8712 4931 8268 12008 8069 1229 7740 12773 2148 512 14272 7740 12431 16187 16187
8712 4931 2326 10399 12233 15956 203 4624 9605 3171 10033 12233 4552 16187 2458 12233
8712 4931 6535 630 6259 3098 2563 16187 10866 10094 8719 3171 2563 16187 4949 16187
13089 4325 7185 4776 8404 8268 14069 15846 2823 6259 15718 15392 14237 12507 16187 16187
8712 2446 6234 10571 6585 12233 4776 3059 16187 13141 12233 4776 10033 16187 15624 8069
8712 2446 6234 10571 6585 12233 4776 3059 16187 926 1919 4776 926 16187 926 16187
2446 4776 6006 8710 3639 16187 16187 16187 16187 16187 16187 16187 16187 16187 16187 16187
4776 6006 8268 4856 8268 8719 4776 12298 8268 10467 4009 1885 5602 16187 1787 16187
4776 6006 8268 2543 14265 8268 14237 4776 132 8710 10355 12495 16187 16187 16187 9447
9429 3370 8268 14225 8268 14237 926 13701 16187 16187 16187 16187 16187 16187 16187 16187
1998 16187 643 8268 4172 14373 8268 926 16187 7970 16187 12349 10834 8719 4776 4406
1998 16187 4440 9498 2805 16187 14237 4776 2946 16187 4949 16187 926 16187 7393 16187
6173 8268 15658 8710 926 517 16187 16187 16187 16187 16187 16187 16187 16187 16187 16187
926 926 8268 4776 926 9498 926 2837 4776 12298 16187 926 14237 2689 16187 9442
926 926 8268 4776 926 4931 9754 926 2837 926 926 16187 926 16187 12105 16187
4776 14596 4931 3098 8268 4776 132 14237 4776 10418 4931 10915 8213 13348 16187 16187
4776 14596 8712 5867 1344 3398 16187 8712 5867 14411 12008 9084 16187 5822 16187 12444
4776 14596 8710 4927 12495 1348 14237 926 7674 12233 14192 1955 4776 926 926 16187
3171 8710 1378 3177 4776 8270 1133 3177 926 5463 7740 9884 8466 16187 16187 16187
3171 2563 4931 6259 6070 9625 2563 8268 3112 8712 1229 630 8270 14237 4537 11953
3171 14596 8710 1507 1957 12291 16187 6297 6259 10355 4927 12495 16187 3059 16187 6606
6259 10894 6929 12233 1138 5711 3211 1138 926 13348 16187 16187 16187 16187 16187 16187
12958 11900 7393 8630 4776 14596 3177 926 16187 926 926 16187 926 926 16187 926
4776 11401 8710 14591 14237 9813 11923 16187 4832 16187 15 830 6259 5947 2664 926
4776 1754 8710 10421 16187 16187 16187 16187 16187 16187 16187 16187 16187 16187 16187 16187
4776 6664 8710 5286 8268 9563 8719 4776 12894 3177 926 16187 926 16187 11046 8719
4776 63 8710 5463 6445 4776 12298 4776 284 6683 12715 16187 926 14237 8093 15846
7740 1465 5463 3171 8944 2563 4931 1515 12233 2823 6259 5075 16187 16187 16187 16187
12495 8569 13852 3177 1245 8268 12008 12232 11553 12766 6259 926 10355 8719 4776 132
12495 8569 5463 6011 9084 9754 14518 12233 1186 16187 10967 2903 14237 4311 4325 4311
1019 12825 13784 5031 3177 4776 4194 13422 14029 4776 2221 6173 16187 16187 16187 16187
9330 5853 1090 926 8268 4776 14596 8710 14348 8268 14237 4776 10418 4931 9754 14180
9330 11336 11914 926 4537 1019 926 2598 16187 656 16187 926 6173 16187 14834 16187
447 8268 1957 14589 15202 16187 16187 16187 16187 16187 16187 16187 16187 16187 16187 16187
10762 14599 8268 1842 8268 2466 3177 8712 10399 12233 14192 3171 1955 8712 8710 3251
10762 14599 8268 12716 8268 1329 203 9355 16187 14734 4927 8268 8710 5329 13074 12233
1229 4776 3418 926 14237 4325 6683 6070 10355 926 8712 16187 16187 16187 16187 16187
8712 926 3171 4776 2563 4931 2326 14231 16187 830 6259 15096 983 16187 100 2563
4776 3511 5463 3171 10033 8710 1750 5372 10781 8268 7740 4552 9754 11889 1597 8455
4776 12337 8719 8094 6581 16187 16187 16187 16187 16187 16187 16187 16187 16187 16187 16187
4776 10298 3177 5042 8311 14251 8268 15064 14411 16187 14596 8710 5822 16187 3177 4776
4776 63 8710 5463 6445 4776 3078 16187 11789 12766 15174 2148 9332 16187 512 6259
4776 926 13152 13141 12233 14304 16187 16187 16187 16187 16187 16187 16187 16187 16187 16187
4776 6664 8710 5286 3177 926 8808 512 926 8719 4776 926 16187 926 16187 926
4776 6664 8710 2751 14237 6246 14237 3335 14237 8268 564 3177 14180 8268 926 16187
1138 4776 9290 15658 12232 2823 14634 5711 8710 2148 512 4537 1954 14419 2563 16187
4776 9431 4931 8361 15743 8268 7254 14237 12561 12606 16187 16187 9442 5030 5057 16048
4776 9431 14255 12028 929 7740 11839 4776 7310 284 9498 10355 12495 10355 2122 12008
8712 4931 3356 14237 12092 8719 5463 6259 10108 926 3177 5298 16105 6011 14760 16187
4776 15064 3177 2285 8710 4537 6259 2997 16187 1378 7740 6166 16187 16187 1750 4103
4776 15064 8710 6070 10355 16187 16187 15096 1941 16187 4776 247 7248 4776 926 9290
31 8268 3177 1245 8268 8710 8719 4404 6619 16187 16187 16187 16187 16187 16187 16187
9790 9424 1919 4776 10710 14237 8712 8710 10710 16187 4776 14596 3177 4776 926 8268
8712 5084 6259 1787 5463 4931 1954 15691 9684 12233 9070 16187 14237 8712 5867 2689
8712 5867 7314 11779 16187 16187 16187 16187 16187 16187 16187 16187 16187 16187 16187 16187
8712 4931 6070 2997 14237 7740 2552 3171 2563 16187 10272 12233 9605 6259 5820 16187
8712 4931 6070 630 6259 6289 14237 4624 11031 926 1778 15389 2598 16187 7708 16187
8710 926 14237 8710 5695 16187 16187 16187 16187 16187 16187 16187 16187 16187 16187 16187
3171 10033 8710 5906 1957 6259 8124 10358 10033 16187 6259 6070 9625 2563 16187 15096
3171 10033 8710 5463 5906 16187 8197 8712 6259 9484 9484 16187 6683 3177 6259 6683
926 926 8710 3098 14237 5568 1378 15658 13248 12233 11553 10770 16187 16187 16187 16187
4776 926 4931 6259 926 14237 926 926 4931 2296 6259 10894 12495 223 830 4776
4776 926 14237 14596 8710 8258 8712 926 926 4776 926 10036 2598 16187 926 4549
1957 8656 2103 8268 4776 10033 8710 5288 12495 15096 16187 16187 16187 16187 16187 16187
8712 4931 6070 8268 6070 15438 11889 5713 4156 4859 91 8710 4776 14596 3177 6259
8712 4931 6070 8268 1954 12256 4963 13926 8268 1955 10762 926 926 16187 7393 13839
7926 1046 13353 2858 14734 13034 14237 926 8712 16187 16187 16187 16187 16187 16187 16187
8712 9113 6259 5948 3177 1823 12233 4776 4440 5463 12596 6259 9450 926 16187 8719
8712 9113 6259 5948 3177 1823 12233 4776 4440 5463 12596 6259 9450 926 16187 10026
8712 5867 2446 6259 14596 3177 11340 8268 14237 203 8712 5208 8033 11530 15720 16187
4776 6664 16187 926 926 4931 4949 16187 926 8712 8710 14734 9404 926 16187 16187
4776 6664 16187 926 926 4931 6259 11738 443 16187 16187 7740 2383 16187 12773 13089
4776 12835 14776 7742 10316 4487 8710 14043 14237 13074 16187 16187 16187 16187 16187 16187
4776 4152 91 9575 12716 8268 6227 13592 14075 7478 16187 14237 4776 12835 14776 9754
4776 4152 91 6664 8710 1344 10355 8268 8710 5329 14180 11953 8712 5867 6259 10887
7740 9084 2552 3171 14029 6259 2062 1583 1597 1243 2968 5463 4927 8712 656 16187
3171 2563 4931 4537 12495 10355 8268 12495 6535 7740 14823 9625 1955 7742 16187 16187
3171 2563 4931 12495 3192 2664 14237 15525 3177 7314 15525 8268 7740 4552 16187 11889
6826 3177 4776 8846 926 8719 4776 12298 2598 16187 16187 16187 16187 16187 16187 16187
4776 15064 3177 4776 14596 8242 4776 926 926 8808 8710 926 8268 6070 15884 16187
4776 6664 8710 5286 3177 926 1955 4776 926 926 8268 4776 14596 16187 926 16187
4776 12835 8719 4776 308 9498 540 11839 2903 14237 7742 6381 12233 4776 1583 16187
4776 12008 4776 6664 8268 4776 6688 4931 1344 10355 16187 16187 7877 10355 14237 5568
4776 1507 14237 11842 6259 5695 9534 5463 7742 16187 4776 2563 16187 926 16187 8069
8712 8710 3098 12233 2552 2941 3573 4552 703 5463 13474 12232 9754 11606 4552 16187
3171 1212 14029 2263 16058 6688 16187 15335 1243 2968 16187 2255 5463 5208 8093 8069
8712 4931 6535 630 6259 4142 926 16187 10033 16187 15096 10671 3177 4776 4152 16187
7740 3553 5329 16187 16187 16187 16187 16187 16187 16187 16187 16187 16187 16187 16187 16187
12008 8268 7740 4552 15956 203 8712 4931 8423 16105 2598 16187 926 8268 4776 926
12008 8268 7740 4552 9754 11889 5463 5329 8456 16187 926 16187 9715 14029 5 15433
7740 11530 14180 4776 8185 13805 8378 8954 8268 7926 4931 6259 15949 7970 13348 16187
12008 15662 10418 4931 10355 16187 2563 16187 2598 16187 8172 14237 569 3177 926 16187
12008 8268 4776 10033 4931 9754 13592 2148 9332 11720 10967 91 16187 5350 14029 4776
8712 8093 13729 12233 926 16187 16187 16187 16187 16187 16187 16187 16187 16187 16187 16187
8712 5867 5329 1229 3098 8268 12008 8712 5867 5329 3098 16187 9890 16187 15956 16187
8712 5867 926 9780 512 5463 4325 7661 9498 1175 13348 16187 13348 16187 11382 13348
7740 2383 13474 14237 1110 14776 7661 5424 16187 16187 16187 16187 16187 16187 16187 16187
15928 14237 11652 2451 1157 3543 11553 5463 4149 926 16187 16105 9070 16187 14350 16187
13783 16187 8569 4779 8268 12716 16187 926 16187 10390 8719 14734 10033 16187 6259 1435
9484 9484 16187 16187 16187 16187 16187 16187 16187 16187 16187 16187 16187 16187 16187 16187
2945 6259 10887 3942 830 5463 14833 12233 2326 12449 12233 11889 6259 2563 16187 6500
2945 6259 10887 3942 830 3171 10033 16187 3192 13021 8268 926 926 8268 14237 8712
7740 973 5329 2326 13616 15662 7926 5867 1229 4142 926 16187 16187 16187 16187 16187
15438 8268 7740 9084 9754 14518 630 10967 14069 12233 2823 630 16187 6685 10033 16187
1229 8268 7740 15771 4776 8521 5898 16187 926 14237 926 16187 926 4931 8268 9563
15096 9029 16187 16187 16187 16187 16187 16187 16187 16187 16187 16187 16187 16187 16187 16187
12127 9575 3177 4776 10033 4931 10053 14237 6683 11007 12233 4776 3078 16187 11789 926
630 1919 14734 14596 2148 512 7740 3364 5329 2823 630 2148 12291 16187 11889 15715
11946 8268 15597 926 3177 7237 4931 15010 12233 4776 4152 16187 16187 16187 16187 16187
4776 14599 8710 16150 1001 1919 1597 1138 2689 5711 11331 5463 10114 14350 16187 9331
4776 14599 8710 16150 1001 1919 1597 1138 2689 5711 11331 5463 10114 14350 16187 8081
926 926 7076 4776 10710 9290 1919 6259 5217 3177 2478 16187 16187 16187 16187 16187
4776 926 926 12892 2904 926 16187 15907 8710 6259 2765 3177 4776 2053 926 16187
4776 926 926 14005 6259 10710 1955 4776 12899 14776 926 16187 926 16187 926 16187
6173 14029 4776 16146 4751 8710 1954 14411 10033 16187 16187 16187 16187 16187 16187 16187
4776 9431 2563 8710 6259 10355 2563 16187 15174 16187 11063 16187 16187 16187 1957 11901
4776 2563 8710 1507 8268 6070 8268 14237 9563 830 4776 10566 10501 3177 4776 10033
1019 15649 8710 10602 2837 9070 13348 16187 16187 16187 16187 16187 16187 16187 16187 16187
10418 8268 4776 9431 926 2598 16187 5673 12233 9070 16187 2097 3177 14734 5804 16187
14792 11767 8268 8213 8676 14776 2176 14237 3171 926 16187 5341 1866 16187 926 16187
15662 2598 16187 16187 16187 16187 16187 16187 16187 16187 16187 16187 16187 16187 16187 16187
3171 4931 9754 6826 10355 2122 10033 8268 14237 8712 4931 2326 3112 8712 16187 6500
3171 4931 1954 2997 15043 2563 8268 1919 6826 3098 2122 10033 16187 6695 16187 13570
6594 13348 13348 13348 16187 16187 16187 16187 16187 16187 16187 16187 16187 16187 16187 16187
7740 7164 12233 12650 3171 2563 5463 4931 9754 1954 3061 954 12233 1866 16187 6826
7740 4531 3171 2563 10967 3171 2563 16187 926 3364 7740 6166 830 4776 11382 16187
2552 4776 2563 13348 16187 16187 16187 16187 16187 16187 16187 16187 16187 16187 16187 16187
4776 4152 8710 6070 6140 14237 6070 12606 16187 7740 11553 2296 6259 14230 3177 16187
4776 2601 2563 8710 6535 630 6259 14596 14596 14596 10272 12233 2823 2148 16187 512
14237 4311 14069 5867 2446 4776 13839 16187 16187 16187 16187 16187 16187 16187 16187 16187
14069 8268 13474 2446 3364 9754 1865 16187 2097 3177 2550 14237 6826 14966 16187 9062
14069 8268 7926 10913 7165 4776 13839 1919 191 5075 16187 926 14237 926 16187 5200
5627 16187 16187 16187 16187 16187 16187 16187 16187 16187 16187 16187 16187 16187 16187 16187
6259 8974 10033 8268 1919 1597 1486 5713 6499 14776 11643 16187 8794 1919 8794 14237
6259 4302 1167 4537 11553 6259 3098 8855 3177 10836 16187 4975 16187 926 14237 926
5297 8268 6826 820 8467 12233 11889 3171 10033 16187 16187 16187 16187 16187 16187 16187
9790 8157 599 15395 2885 9365 830 9455 15658 10603 6259 926 15408 3177 6259 7999
9790 8157 3177 4856 8268 3437 12835 16187 2148 16187 512 11239 16187 5148 8185 16187
14069 14776 10217 11331 3177 2122 16187 16187 16187 16187 16187 16187 16187 16187 16187 16187
15064 11063 1957 564 8268 11719 7749 6918 14237 3234 1919 4776 3052 16187 7367 926
8712 8710 14180 7687 8268 14180 5463 14069 4931 13084 16146 16187 8656 13839 10437 926
5329 10489 14043 4776 11757 14043 4776 1098 10148 2598 16187 16187 16187 16187 16187 16187
3171 4931 4776 10442 3177 232 10967 4776 10033 16187 9004 3011 9385 16187 13216 16187
4776 4152 91 8710 1954 6196 12233 11702 4776 2122 4440 16187 13141 8268 12495 6918
14237 926 8719 926 14237 926 2598 16187 16187 16187 16187 16187 16187 16187 16187 16187
4776 926 12904 8268 926 926 14237 926 16187 926 16187 926 16187 8069 5200 16187
4776 926 14237 926 926 12965 14237 926 16187 6649 6173 16187 5530 10036 6259 926
9563 10967 6259 10671 10147 16187 16187 16187 16187 16187 16187 16187 16187 16187 16187 16187
7542 8268 3171 10033 4931 6535 1482 12233 12650 16187 926 16187 926 16187 926 8268
7542 8268 3171 8710 1954 9332 5375 13640 476 12008 1919 16114 8719 4776 4152 16187
12273 7883 8710 12273 7883 16187 16187 16187 16187 16187 16187 16187 16187 16187 16187 16187
6280 8693 8712 14029 4776 16146 4751 8719 4776 10033 10036 16187 16105 9070 9429 8712
6280 14237 8712 8710 15819 8268 12008 232 6259 2689 10033 8710 4776 14596 16187 14237
8712 5867 10302 8268 15231 8268 13792 8268 14237 11075 1098 16187 16187 16187 16187 16187
4776 15064 3177 8712 5867 13811 14237 779 6826 10355 10418 16187 7310 284 16187 4406
4776 6664 8710 5286 3177 926 1955 4776 926 926 8268 7926 926 10967 4776 14596
7740 11553 9754 12766 3171 4998 8719 1954 4895 308 6041 926 2418 926 16187 16187
7740 1951 1957 7804 1955 12233 15662 7740 9084 9754 14518 5463 16187 5820 820 13348
7740 1951 1957 7804 4240 8268 10442 4931 9754 6070 9625 8719 10011 8268 14237 8712
13943 5463 15408 3177 10607 926 1618 8268 4624 11553 926 16187 16187 16187 16187 16187
1344 7708 1955 12958 7740 9884 8466 10967 6259 926 10358 9534 16187 1787 16187 9288
1344 14069 14776 9754 8927 16187 9332 8268 12008 5463 5867 14834 14237 11900 7393 13839
12008 3171 2563 3847 8712 1919 6259 7168 5138 3177 926 16187 16187 16187 16187 16187
3171 2563 8710 2945 14635 3177 11608 16187 1515 12233 12650 16187 2204 14237 4311 16187
3171 14596 63 10033 6201 3543 16105 16187 2191 16187 8569 16187 12491 8798 16187 926
4776 4267 8084 16187 16187 16187 16187 16187 16187 16187 16187 16187 16187 16187 16187 16187
4776 6729 4931 4776 3511 5463 4776 14596 8710 4776 5286 15043 2563 13907 11643 16187
4776 12298 4931 1229 10355 8268 8712 8710 5329 5463 10355 16187 9890 8268 12495 9884
7740 3553 6011 12149 8712 1955 630 1955 7740 9084 13348 16187 16187 16187 16187 16187
7742 8268 6011 2326 15956 203 6011 4552 9754 8456 11889 3171 983 8268 1138 14272
7742 8268 6011 2326 15956 203 6011 4552 9754 8456 11889 3171 2563 8268 8712 5867
1378 5208 5329 11644 4776 1537 4969 1866 8185 830 5442 3938 14237 10770 16187 16187
6826 3177 4776 5358 8268 10719 4776 6688 8710 1954 2122 3594 13839 16187 926 14237
6826 4686 14776 5329 14180 4776 926 926 16187 14180 4776 3889 5463 13474 2170 12233
1229 14272 8710 8712 14180 11953 2598 16187 16187 16187 16187 16187 16187 16187 16187 16187
3171 2563 4931 2326 3033 11007 12233 9743 3177 4776 4440 16187 926 8719 4776 2563
3171 7542 10033 4931 6259 926 2037 2563 16187 12650 830 5534 16187 16187 16187 16187
5341 926 13549 6259 3098 5121 954 16187 16187 16187 16187 16187 16187 16187 16187 16187
10217 15358 8710 5329 4776 926 10033 16187 926 16187 12349 4776 2563 16187 830 4776
11439 6096 5388 2903 16187 9442 5030 5057 16048 2858 8712 16187 2150 4240 926 3177
4552 9754 2823 6259 4792 12233 6259 2497 3403 16187 16187 16187 16187 16187 16187 16187
2945 13077 8712 15525 830 6259 15819 4032 4776 3211 16187 16187 5948 16187 2148 16187
14919 9484 16187 4342 7740 1110 8712 16187 926 830 13348 16187 14237 15846 8093 2823
1229 8726 6011 11889 12127 14635 3177 2563 8268 7740 8154 6011 3171 16187 16187 16187
1229 8818 14237 11198 8268 1954 16146 8808 2946 16187 12477 16187 9729 926 14237 2689
1229 7740 3644 9754 2823 9872 16187 8719 4776 2563 8268 12495 5562 16187 6297 13216
8712 5867 14350 8268 9392 14237 15624 16187 16187 16187 16187 16187 16187 16187 16187 16187
8712 5867 1344 3398 8268 14237 8712 2446 7164 16187 1229 630 8270 16187 4927 16187
8712 5867 1344 3398 8268 14237 11553 9754 12467 16187 15202 16187 10036 16187 13348 16187
14069 14776 6259 5948 3177 6070 2689 4440 16187 16187 16187 16187 16187 16187 16187 16187
3171 8710 4776 10442 4931 6070 15347 16187 4776 2563 4624 11553 771 4440 16187 10918
3171 8157 3177 4856 8710 8423 8719 3171 10033 16187 1110 830 14180 3010 8268 926
6173 8268 14237 8712 8710 6070 2689 8719 1597 7558 16187 16187 16187 16187 16187 16187
4776 4152 8710 4776 5286 15043 2563 5463 1919 4776 6535 9385 16187 13216 10967 830
4776 4152 8710 4776 5286 15043 2563 7661 926 1919 4776 926 926 16187 926 926
8712 8710 5453 5463 4776 176 9084 5329 12782 14029 16187 16187 16187 16187 16187 16187
4776 14596 8710 9481 6259 14112 8268 1344 14180 4776 10770 9813 9780 3177 16146 1515
3171 4931 6259 6070 6013 8229 1957 9222 6259 1098 2563 1919 1954 8213 2563 16187
14776 5713 4537 6259 15335 926 14043 8710 8712 4776 15618 5463 8710 12689 2598 16187
4776 12298 15477 16187 2223 9207 8710 2684 10471 16187 10917 16187 6070 15884 16187 14237
4776 12298 4931 9754 4776 564 15043 2563 16105 16187 926 16187 926 16187 4776 926
926 5867 12601 779 303 14745 16187 16187 16187 16187 16187 16187 16187 16187 16187 16187
8712 779 6826 10355 6499 16187 926 1919 6259 1948 6155 3177 12916 14237 7949 16187
8712 779 6826 13758 10967 926 14237 6259 5804 12805 3177 926 9954 13348 16187 3137
9296 7740 2329 4776 10709 2598 16187 16187 16187 16187 16187 16187 16187 16187 16187 16187
15747 8268 9296 8712 4931 12008 5463 5867 5329 12467 9591 1955 8172 1955 8712 779
15747 8268 9296 12008 8712 5867 5329 6259 6856 14029 4776 2601 8268 12495 8268 7740
1453 5937 15682 14237 6407 3171 1378 8712 6011 12260 16187 16187 16187 16187 16187 16187
2945 6259 2199 5810 12349 4776 6745 1133 16187 8781 16105 8719 4776 10033 16187 3177
2945 6259 2199 5810 12349 4776 6745 1133 16187 6535 630 8719 4776 10033 1955 12524
5332 8268 2327 12233 13317 5463 2588 1378 15525 13348 16187 16187 16187 16187 16187 16187
12008 8268 5329 1229 630 8270 16187 5208 6011 16187 1213 6259 9424 1955 6259 4949
12008 8268 15250 5807 8268 14574 926 4776 8353 14596 2563 16187 6259 15096 983 16187
926 10978 1919 13587 15696 1919 554 14237 423 16187 16187 16187 16187 16187 16187 16187
926 926 926 926 926 926 926 926 2053 5530 14237 4931 6259 10915 8213 16187
926 926 926 926 8268 4776 10033 8710 6259 2684 926 16187 10545 5463 15597 1229
4776 8424 2122 4440 14776 7742 10471 12495 16187 16187 16187 16187 16187 16187 16187 16187
4776 6664 8710 5286 3177 12 1439 16187 4927 926 5867 15640 5463 2326 11921 16187
4776 6664 8710 5286 3177 12 1439 16187 4927 926 5867 15640 5463 8710 2326 10399
1019 13474 2446 684 926 5867 14164 8719 1138 926 5711 16187 16187 16187 16187 16187
3461 8268 5713 10217 11331 8268 14237 4325 2296 14776 4776 926 6381 5022 14237 2476
3461 8268 5713 926 12233 12298 2903 4931 926 16187 11401 3177 926 16187 5332 4776
14237 8798 8268 926 779 9067 630 8719 14734 3011 643 16187 16187 16187 16187 16187
926 8268 11946 8712 14776 5329 830 564 16187 10373 16187 926 15525 16187 16187 13348
926 8268 11946 14796 8268 8467 8456 16187 9059 16187 14237 4776 926 3787 16187 91
447 16187 16187 16187 16187 16187 16187 16187 16187 16187 16187 16187 16187 16187 16187 16187
6259 4302 1167 4537 6259 10496 1101 5463 3171 11744 1781 15658 8710 13084 4156 8311
11713 12491 8710 5329 6259 10355 2563 7740 15846 2945 2823 1919 9484 16187 13348 16187
4776 2563 5867 926 13254 10967 2263 3052 15408 3177 1750 9809 2837 4312 16187 16187
4776 3511 5463 8712 8710 7518 14029 1853 5867 1750 6535 10355 16187 16187 16187 2167
4776 3511 5463 8712 8710 7518 14029 4949 13876 5568 9113 12233 4776 15997 16187 3059
1378 9424 100 3461 1110 8719 13592 2024 9577 8710 12453 16187 16187 16187 16187 16187
12958 8710 405 8268 13907 2122 4440 14237 4776 3575 11889 4776 14465 13341 16187 926
4776 559 1750 10399 5328 6259 2601 10033 8710 11789 1955 6259 10710 1955 2263 14596
4776 9547 3177 271 6259 12507 10967 4932 9666 13348 16187 16187 16187 16187 16187 16187
4776 2601 14596 10140 6011 10967 4776 10442 3177 4776 13555 16187 8710 9754 6259 12007
4776 2601 14596 10140 6011 10967 4776 10442 3177 4776 13555 16187 8710 9754 6259 12444
3171 10033 8710 1954 5830 893 3177 14272 7926 7156 16187 16187 16187 16187 16187 16187
3171 14596 8710 1507 8268 14237 8093 9084 14900 16187 831 16187 4776 2601 14426 8069
3171 14596 8710 1507 8268 1957 12291 8268 7168 11022 2837 5442 1842 926 16187 5804
15846 6096 779 2296 12766 1954 9332 950 830 9070 16187 16187 16187 16187 16187 16187
15043 8710 5967 12233 8855 1919 15389 6672 12233 1436 5463 14776 1515 12233 9799 16187
630 779 13411 12233 6286 3177 4776 926 14237 4624 5208 5329 14180 12233 1436 14069
10496 14237 14734 100 14776 926 2837 4776 926 926 4932 3177 4776 15489 16187 16187
926 926 926 926 926 926 926 926 16187 926 16187 9784 14237 7926 8798 6259
4776 2353 4421 926 243 6259 5947 7610 11859 830 14734 817 16187 16187 4302 16187
14069 5867 5329 1597 926 8270 512 5463 5629 926 14237 15339 16187 16187 16187 16187
8712 5867 5329 12495 630 926 8268 12008 7926 4931 9754 14734 564 8268 7926 4931
8712 4931 6070 1435 16187 2326 3112 6011 2552 14237 14180 4776 100 6683 1957 4776
7740 16138 8197 8712 6259 2143 14029 9484 830 12272 926 14237 12273 6714 16187 16187
926 8710 6259 716 15819 10033 3962 12233 1597 11191 7518 14029 14467 14634 15768 16187
926 8710 6259 716 15819 2563 3962 12233 1597 16187 926 1919 926 16187 926 16187
12716 8268 13529 926 5867 11846 10567 8710 9817 4951 10967 3171 2563 16187 16187 16187
926 8268 12716 8268 8712 5867 6535 10355 8268 8710 12495 10399 16187 830 15597 2894
8712 2446 11118 5463 1955 8712 1955 8712 5994 16187 789 4776 763 9290 5867 10355
4776 5568 13318 12233 3171 2563 8710 4776 9574 16187 16187 16187 16187 16187 16187 16187
4776 6729 4931 4776 3511 5463 4776 14596 4931 4776 14596 4931 8569 14237 12154 16187
4776 4152 8710 4776 5568 10355 2563 5463 7740 11553 8466 830 6259 2563 8719 12276
12276 926 8710 6209 16187 16187 16187 16187 16187 16187 16187 16187 16187 16187 16187 16187
4776 2601 5777 4931 10953 14237 12892 6259 9094 3177 926 926 16187 6070 6680 16187
3171 8710 6259 630 926 14237 4152 12233 6259 2563 11953 6259 12884 9290 16187 926
6173 14470 14581 4325 11031 4098 3171 1378 16187 16187 16187 16187 16187 16187 16187 16187
9574 6363 9484 9574 15525 3177 14139 16187 8569 16187 16187 926 16187 14125 16187 6918
1483 16187 14426 1378 4832 4624 13637 4776 9450 2148 3177 14802 8268 6011 14776 4776
3171 10033 8710 6259 6070 4091 11032 3177 4776 8588 3177 926 16187 16187 16187 16187
3171 2563 8710 6259 3098 12805 16187 6500 8268 14237 8712 14180 7164 14029 15597 10638
3171 8710 6259 6070 10355 14237 10336 10033 16187 9736 16187 10033 6348 926 16187 16187
4776 4750 8858 8710 630 8268 630 2148 512 6259 6071 10033 16187 16187 16187 16187
4776 4152 8710 6070 2805 14237 779 8093 6259 10355 983 1957 14180 16187 2563 16187
4776 4152 8710 4776 5568 1955 2982 14237 9758 16187 4707 12349 10471 16187 11162 16187
8726 6011 11889 926 6854 4189 8268 8712 9277 7347 6011 926 16187 16187 16187 16187
8712 5867 14411 16187 926 16187 5580 2847 14029 1583 16187 983 16187 5841 16187 926
8268 8712 3364 11553 12766 2148 13929 13348 16187 13348 16187 3286 9431 1243 16187 13000
8712 4931 5917 5476 14855 12233 2263 4406 13908 14029 6259 5329 1229 2689 5225 16187
4776 4152 8710 14691 2148 512 6259 926 16187 14237 3644 9754 926 4776 2563 16187
4776 4152 8710 9754 8569 8268 5463 5867 6780 16187 926 16187 817 16187 16187 16187
6313 1545 16187 16187 16187 16187 16187 16187 16187 16187 16187 16187 16187 16187 16187 16187
6259 13498 13103 8710 669 13663 14237 11022 2837 2085 9410 16187 16187 2018 3177 15597
6259 13498 13103 8710 669 13663 14237 11022 2837 2085 9410 16187 954 16187 8719 4302
7926 779 6259 926 14237 926 12008 13084 10418 11198 16187 16187 16187 16187 16187 16187
4776 9040 8710 5297 391 15978 3171 8710 6259 10355 14596 16187 14237 4776 10418 8710
4776 9040 8710 926 16187 5568 1955 1138 926 5711 16187 8630 4776 926 9290 5867
12233 14275 2903 16187 16187 16187 16187 16187 16187 16187 16187 16187 16187 16187 16187 16187
9389 8719 5530 7740 9605 6070 15335 10107 10735 3177 13250 15489 16187 4994 16187 926
12 1439 5867 6506 10033 14470 2823 14734 10566 12606 14237 7843 13811 16187 13999 12013
4937 1954 2229 926 16187 16187 16187 16187 16187 16187 16187 16187 16187 16187 16187 16187
11439 926 6259 15211 3177 926 2858 8708 8268 5329 8548 14734 12380 16187 14734 875
4776 13208 12576 1919 6259 14426 10355 13839 16187 926 926 5022 14237 7076 5463 13546
6259 8423 2435 14599 14237 4152 926 8656 15739 3177 3098 2946 16187 16187 16187 16187
6259 2601 5948 3177 6259 8974 16187 10770 1919 4776 2689 3575 11889 6071 6801 16187
6259 15819 8268 14237 10770 12233 11553 6259 3011 9385 6070 9450 5629 16187 8719 4776
5329 14029 6259 7433 16187 16187 16187 16187 16187 16187 16187 16187 16187 16187 16187 16187
12958 8710 405 4152 4634 16187 14237 2689 16187 8710 4776 3575 16187 2122 11530 6259
3171 8710 2945 14635 3177 2002 8157 3177 2122 14237 6259 5948 3177 11798 16187 926
7740 5208 2552 15662 926 12260 9884 6635 8712 16187 16187 16187 16187 16187 16187 16187
8268 13971 926 8268 1138 7740 968 12773 13348 16187 10967 4311 16187 14251 16187 15096
8268 13971 926 8268 1138 7740 968 12773 13348 16187 11889 5463 926 16187 8353 16187
4776 16003 13926 8710 6535 4687 14029 4776 9465 8268 12495 16187 16187 16187 16187 16187
4776 15064 8710 2446 15624 16187 10006 16187 5388 9925 6152 14237 12401 926 14237 14457
4776 15064 8710 2446 15624 16187 10006 16187 4832 16187 3644 9754 12431 817 16187 1515
8726 6011 14776 1621 12965 4311 3171 2563 8710 926 830 6011 16187 16187 16187 16187
6070 630 3177 4776 4932 5208 11553 6011 11553 12766 13084 2148 3177 2550 4440 8268
6070 6500 3171 2563 8710 5329 6259 3667 3177 983 16187 14043 16007 4440 16187 15096
11946 8268 6826 9831 12232 2823 15174 16187 16187 16187 16187 16187 16187 16187 16187 16187
8712 5867 6070 12606 14237 2002 16187 14237 14029 16146 16187 5804 16187 308 16187 10571
8712 5867 1344 3398 8268 14237 11900 1344 7742 16187 1022 14237 6259 926 10288 926
926 926 14237 926 926 2451 3782 12835 16187 16187 16187 16187 16187 16187 16187 16187
4776 926 14237 926 1381 2572 16187 926 16187 5200 16187 8081 16187 926 8719 926
4776 926 8268 926 926 8268 4776 926 8268 14237 926 16187 14426 16187 8781 16187
6259 10355 2149 1398 2563 3177 157 5867 16187 16187 16187 16187 16187 16187 16187 16187
4776 2601 2563 8710 6535 630 10545 14029 6341 926 16187 16187 10272 1954 950 16187
4776 2601 2563 8710 6535 630 10545 14029 6341 926 16187 16187 926 16187 8556 16187
14470 2823 6259 10355 9847 830 9743 10315 6801 16187 16187 16187 16187 16187 16187 16187
12958 8710 405 8268 1453 14180 2263 16058 816 8719 4776 4927 16187 1110 8710 4776
12958 8710 405 4152 4634 2466 4552 4776 3575 3391 2903 8268 3171 8710 6259 5820
4776 14251 3114 6259 7032 3177 12832 6215 6888 4776 926 13547 3882 16187 16187 16187
3171 8710 6259 15174 8268 3177 1954 2122 14251 14237 6259 5948 3177 12291 16187 8710
3171 8710 6259 3098 2563 16187 15819 10501 3177 4776 2563 5463 414 1919 6259 13178
13474 5867 5046 6259 2803 830 926 9465 1019 8069 13089 869 926 2903 6173 16187
4776 8808 3177 926 4931 15848 16187 5329 1955 7742 16187 6745 926 16187 12181 830
4776 8808 3177 926 4931 9392 14237 15624 16187 15624 16187 14221 14237 8069 2461 512
5329 8726 15846 6096 779 1157 12233 1436 11953 8712 13348 13348 13348 16187 16187 16187
8712 5867 5329 1955 8569 1955 6011 5208 2823 8781 12233 4776 10026 16187 3575 16187
8712 5867 5329 1955 8569 1955 6011 5208 1436 5463 4776 926 8710 9754 8438 16187
4776 12835 14776 7742 13663 14237 15071 16187 16187 16187 16187 16187 16187 16187 16187 16187
4776 6664 8710 7742 13663 14237 13084 4152 8093 5226 16187 926 16187 643 16187 13623
4776 6664 8710 7742 13663 14237 13084 4152 8093 5226 16187 926 16187 643 16187 4832
4776 8569 9288 14180 9085 16187 16187 16187 16187 16187 16187 16187 16187 16187 16187 16187
4776 14596 4931 10355 8268 14237 1957 12495 8569 1442 4776 13114 830 3171 2563 16187
4776 14596 4931 10355 8268 14237 6826 9332 16187 15978 8712 4931 2689 16187 12606 8440
5332 3171 8710 203 6011 8733 6259 5947 2664 6071 2563 16187 16187 16187 16187 16187
3171 7542 10033 4931 10355 6259 10770 3177 1954 8213 2563 16187 6918 16187 4832 16187
3171 8157 4856 8710 405 8268 6070 4687 13348 16187 10335 2255 16187 16187 5804 16187
2263 6259 10033 3177 8760 16187 16187 16187 16187 16187 16187 16187 16187 16187 16187 16187
5463 8710 4776 14596 6259 10894 14902 16187 8719 4776 9431 10033 16187 926 16187 2149
5463 8710 4776 14596 3177 9264 10401 14237 12536 16187 2326 16187 10566 13298 16187 10372
3171 8710 1378 3177 12276 14180 983 926 16187 16187 16187 16187 16187 16187 16187 16187
3171 8157 3177 4856 8268 12576 8710 6724 16187 16150 7367 14596 3177 1954 9355 1378
3171 8157 3177 4856 8229 16187 14125 8712 16187 11889 16187 926 16187 14603 926 16187
6872 8268 6011 14776 6259 4949 10358 926 8268 14237 7740 14247 6011 10355 15393 16187
14272 7740 188 12233 12650 2903 15389 6672 3364 2444 16187 5580 14766 16187 9890 16187
12008 14272 7740 10603 10589 3398 16187 16187 15096 16187 1383 16187 6124 6585 12233 4776
8656 13508 7981 7185 2903 1955 6931 16187 16187 16187 16187 16187 16187 16187 16187 16187
187 3177 5713 10217 14776 1515 12233 9605 6826 5820 926 8719 14734 4949 16187 926
187 3177 5713 10236 14457 1787 187 1213 4856 16187 9925 6006 14237 2997 16187 2974
4325 968 14397 6381 8712 14180 14029 14745 14397 512 11239 16187 16187 16187 16187 16187
4325 12261 6259 5328 440 12671 14237 5568 7129 12233 3346 12401 16146 16187 926 16187
4325 7347 14029 5713 10217 2103 5202 14237 4776 780 4931 12233 5993 16187 8270 16187
7542 8268 15715 4776 10033 4931 1954 2997 12805 16187 16187 16187 16187 16187 16187 16187
3171 10033 8710 6259 3098 2122 10033 8268 831 2894 14237 2689 16187 7310 284 16187
3171 10033 8710 6259 6070 4091 11032 3177 4776 8588 3177 926 16187 926 8268 1954
7740 6635 5463 6041 4776 926 4931 4390 13756 1243 2968 16187 16187 16187 16187 16187
4776 2285 13839 8710 6259 2563 15480 8268 14237 8712 8710 6259 15819 4032 15715 16187
4776 10033 8710 6259 1435 7589 3177 441 8268 14237 5288 1378 1098 16187 2563 16187
12149 4312 1955 1213 16187 16187 16187 16187 16187 16187 16187 16187 16187 16187 16187 16187
926 15658 5208 14038 1885 1955 1954 926 14237 15525 12008 8712 8710 4776 8139 16187
926 926 15658 9084 9754 4552 12233 4552 8712 8268 4552 5329 12233 3432 16187 3171
8719 6826 7558 8712 2326 2474 16187 16187 16187 16187 16187 16187 16187 16187 16187 16187
4776 11758 8710 6070 10355 16187 830 4776 9442 14237 4776 11339 8746 11457 5231 16187
4776 9834 1957 4776 16146 8710 926 926 10967 926 16187 926 8268 12008 7926 16138
3171 4772 2818 8710 1954 176 3177 4776 10770 5463 4931 4776 12683 16187 16187 16187
4776 14596 8710 2466 10399 12233 14272 8712 8710 5329 8069 8719 6259 8794 14890 14237
4776 4152 8710 6070 2805 14237 779 8093 6259 10355 5121 13839 16187 8781 16187 8719
7740 2308 3171 12233 2823 4537 1955 15174 6259 2563 1955 8712 4931 7766 16187 16187
3511 5463 4931 6259 926 2563 5463 8710 630 2148 7723 5463 4776 8781 830 4776
3171 2563 8710 2945 8270 512 10566 926 14237 11553 6259 854 9534 16187 14237 4776
2599 9070 926 6011 6259 9450 1138 9296 4624 3543 13931 14745 13348 5711 16187 16187
13616 8268 7740 12260 11553 6826 2689 8712 5867 4776 5777 9084 5329 2326 9780 16187
1998 16187 14581 11889 1954 950 15658 188 12233 15956 8710 15662 1515 16187 16187 2097
12008 8712 5297 6546 6661 8268 12495 2444 4170 3177 1455 12233 11146 1919 12325 16187
3171 10442 4931 6070 2997 14237 8712 4931 2326 3112 4776 983 16187 10376 1919 6259
8712 4931 6535 630 6259 3667 3177 983 16187 926 16187 14043 1229 5407 16187 12233
4311 14069 5867 6259 3448 3376 16187 16187 16187 16187 16187 16187 16187 16187 16187 16187
91 4172 13084 7156 8710 1954 13369 4750 8808 16187 5568 6259 926 8719 643 16187
91 4172 926 7733 12844 16187 8719 4776 10918 1955 4776 983 16187 643 12495 16187
2552 8712 13348 16187 16187 16187 16187 16187 16187 16187 16187 16187 16187 16187 16187 16187
3171 8710 2945 14635 3177 2563 5463 5208 2823 1959 12349 14237 12349 16187 5350 15096
3171 10033 8710 6259 9264 5562 13348 13348 16187 3137 2563 16187 8270 512 6569 582
4776 5568 1378 7740 9884 6297 8466 8258 4931 5533 926 16187 16187 16187 16187 16187
4776 6729 4931 4776 3511 5463 4931 15174 12233 8733 5138 16187 9442 16187 9442 12545
4776 8808 10801 4931 8268 4776 10566 5046 5329 9332 16187 8569 14237 203 12773 8710
12008 10566 3177 14180 8268 820 11889 4023 16187 16187 16187 16187 16187 16187 16187 16187
12008 2263 10471 6070 8268 8712 5867 1954 191 5075 16187 10879 16187 14251 16187 4779
12008 2263 6259 15335 10918 8719 5463 8268 4776 10033 16187 5297 14029 4776 4701 16187
12349 1813 1243 929 3171 10033 5297 14005 6259 12494 3177 8200 12233 15860 16187 16187
9461 3177 2122 4440 8268 7740 3543 8167 6011 5463 3171 2563 8710 14397 13929 16187
9461 3177 3513 8268 3171 2563 779 12583 16187 8200 14237 3171 10033 8710 9332 16187
1957 14589 4325 11553 1545 16187 16187 16187 16187 16187 16187 16187 16187 16187 16187 16187
15438 7740 9277 4552 5463 8313 7740 3364 11553 12766 15597 2148 3177 6259 10355 2563
15438 7740 3644 9754 2823 9872 16187 8719 16187 7612 3112 8712 1957 13592 6855 16187
8712 5867 5329 7401 10399 12233 9234 203 703 14776 1515 12233 9799 15525 16187 16187
8712 5867 6070 10355 8268 1229 2296 14029 4776 12489 8268 12008 10471 12495 16187 1957
8712 10915 926 5463 4776 8521 4931 9754 5463 630 16187 14855 12233 4776 2563 16187
4776 10033 8710 6259 7524 8268 14237 4032 9316 2148 512 15202 16187 16187 16187 16187
4776 4152 8710 1229 5463 10355 11953 8712 8268 8712 5867 1229 10355 14237 4776 4152
4776 4152 8710 1229 5463 10355 11953 8712 8268 8712 5867 1229 10355 14237 4776 132
1799 926 1955 926 16076 9715 926 1955 4776 12233 926 5867 926 5952 16187 16187
4776 926 926 1885 926 926 2904 5568 2552 15389 6672 8710 7877 926 16187 5176
4776 926 926 1885 5463 4776 9349 8710 5297 6259 1435 16187 12495 16187 4776 12887
7926 2079 14734 8520 8719 4776 10330 14220 16187 16187 16187 16187 16187 16187 16187 16187
4776 13530 3177 4776 3011 5838 8710 926 2903 16187 926 16187 926 16187 11899 8268
4776 12013 8710 6070 1971 14237 4776 6006 8710 2446 10355 16187 12495 12820 16187 16187
7740 4537 3644 9754 10503 8712 16187 16187 16187 16187 16187 16187 16187 16187 16187 16187
12008 1955 7740 8592 8258 8268 7740 4552 9754 15956 14272 5329 8569 8268 4776 13701
12008 12654 14180 4776 16068 5463 414 7740 7740 12773 2148 10967 14745 926 2446 3847
6363 16187 16187 16187 16187 16187 16187 16187 16187 16187 16187 16187 16187 16187 16187 16187
6259 4406 2563 8268 6259 1781 14237 2365 6854 12008 6259 14453 8268 8712 5867 6259
12162 8719 4776 10442 4931 14591 8268 14237 2326 6724 16187 926 16187 926 16187 926
6011 12260 2446 10551 5430 6259 8139 15447 5463 11900 7593 16187 16187 16187 16187 16187
8712 8710 6259 15174 1146 7652 14237 5463 8710 5329 4776 2115 13348 16187 11382 13348
8712 8710 1213 6259 5217 15902 14596 5463 15846 7975 1919 6011 16187 1273 16187 14029
8712 8710 9754 8069 5450 2689 16187 16187 16187 16187 16187 16187 16187 16187 16187 16187
8712 4931 6535 2997 830 8712 8268 8712 5867 10770 14237 5388 6259 9442 12545 11953
8712 4931 6535 2997 830 8712 8268 8712 5867 2326 10770 14237 7740 4552 8313 1893
2466 7926 8268 7987 2466 7926 9002 16187 16187 16187 16187 16187 16187 16187 16187 16187
8712 5867 1213 6259 4929 14237 2002 419 5463 12187 13907 11711 10781 12495 1329 16187
8712 5867 10841 8268 1321 8268 1557 8268 14237 15762 8268 12495 16187 1885 954 16187
4776 2432 2598 16187 16187 16187 16187 16187 16187 16187 16187 16187 16187 16187 16187 16187
4776 2601 14596 10140 6011 10967 4776 926 5867 643 8719 4776 1175 16187 2563 16187
4776 2601 14596 10140 6011 10967 4776 10442 3177 4776 13555 16187 8268 14237 7740 4931
10355 3575 12273 9594 8268 10355 12233 11553 6011 10918 16187 16187 16187 16187 16187 16187
5463 8268 14272 5329 9084 9605 816 8569 8185 16187 8270 2598 16187 8185 15525 14069
5463 8268 14272 8712 13197 4325 12232 8733 10355 2598 16187 926 16187 16187 16187 954
12128 5952 3927 1954 6987 9534 1955 9845 12951 16187 16187 16187 16187 16187 16187 16187
926 8710 6388 8719 1954 9332 16187 4687 12233 2552 16187 926 13023 4776 926 16187
6509 14237 4776 926 5629 14734 1133 16187 789 4776 564 9424 16187 1378 16187 6013
3171 8710 6259 5516 9450 10033 16187 16187 16187 16187 16187 16187 16187 16187 16187 16187
3171 8157 3177 4856 8710 1955 2823 8592 16187 14237 12127 1378 8710 4776 11998 3942
3171 8157 4856 8710 405 4152 13907 9956 16187 14069 5867 4642 6661 16187 1957 8712
14069 14776 8270 8185 15525 14069 16187 16187 16187 16187 16187 16187 16187 16187 16187 16187
5463 2563 8710 2689 8569 2123 3137 8506 16187 926 16187 8569 16187 284 16187 926
5463 2563 8710 2689 16187 12606 14237 3112 13616 16187 12650 8712 16187 12757 2684 16187
4776 8811 8710 14180 3169 16187 16187 16187 16187 16187 16187 16187 16187 16187 16187 16187
2285 14596 8710 63 14029 4776 13829 476 16187 926 16187 5332 9793 16187 5329 13616
4776 14596 8710 2466 10399 12233 14192 8268 12008 8712 8710 7661 4537 4776 9577 16187
15369 14069 8710 8069 6259 10065 8759 12233 3249 8719 14029 14734 3504 4325 4552 16187
4404 9424 8710 5463 4776 6499 14237 8093 8710 4776 564 16187 8798 8084 8466 16187
4404 9424 8710 5463 4776 6499 14776 7962 16187 10566 15848 16187 8268 3171 2563 16187
4311 7740 11839 10918 16187 16187 16187 16187 16187 16187 16187 16187 16187 16187 16187 16187
12716 8268 13089 8712 11496 2263 6021 8268 7740 5208 2552 13084 2148 11693 16187 8710
12716 8268 8726 6011 14776 9754 6391 6259 12007 12233 2823 6259 2572 2858 1138 2176
6259 5328 2033 8710 926 14029 14734 3504 10719 14734 9534 16187 16187 16187 16187 16187
6259 2601 5948 3177 3559 8808 2946 4776 2946 2837 12401 2191 3177 4434 14237 9442
6259 10894 6259 10033 5463 8710 1954 232 13084 8268 13084 471 16187 926 16187 14180
7740 15956 10566 6071 10671 11553 6259 5948 3177 12102 830 3171 2563 16187 16187 16187
12495 8569 14069 8268 3171 2563 8710 8569 14069 8710 9754 10355 10418 14237 2002 16187
12495 8569 5463 12232 11553 12766 8270 16187 10315 4776 926 8268 14237 4311 16187 14180
8162 7524 830 564 14426 8588 3177 926 16187 16187 16187 16187 16187 16187 16187 16187
630 15761 10418 16187 926 14237 4776 16146 8781 8710 830 4776 926 16187 10272 1955
630 8710 2148 3177 6259 400 10033 4687 11401 8268 12008 926 13348 16187 926 16187
5463 5208 8093 2823 926 8268 926 8268 14043 926 16187 16187 16187 16187 16187 16187
8712 5867 5329 1229 7926 1957 14589 779 13084 8199 5463 1378 5046 771 2148 5217
8712 14824 4931 8719 4404 1744 8268 8712 5867 5329 6259 10355 983 8268 12008 13464
7926 5867 4776 5568 1378 15658 6281 2903 4776 1138 11247 5711 7637 16187 16187 16187
4776 14596 8710 9481 6259 14596 5463 2263 5297 1046 16187 7612 12495 13348 16187 14043
4776 14596 8710 4927 12495 1348 14237 926 7674 12233 14192 926 2903 16187 926 16187
14237 15658 5867 9764 4776 11998 2983 12233 4387 2598 16187 16187 16187 16187 16187 16187
8712 4931 2326 10399 12233 15956 203 12233 4552 4776 10033 10781 8710 9754 6259 8569
3171 10033 4931 9754 5463 10355 8268 8712 5867 5329 2689 6713 16187 14237 8712 15525
5864 8710 4776 16016 14237 4776 2104 3177 14180 16187 16187 16187 16187 16187 16187 16187
4776 11998 3942 1919 3171 10033 8710 4776 12364 14237 12536 16187 2326 3112 6011 16187
4776 4152 8710 6070 2805 14237 4776 2946 2451 10571 7742 16187 10399 1955 8712 5867
1378 10236 8808 5867 4550 14325 12213 7336 13907 13592 6007 6378 16187 16187 16187 16187
15389 6388 5656 12233 4776 11253 8268 5937 7981 14029 6259 926 16187 9367 16187 8360
1378 9424 13141 12233 4404 7742 8268 7740 4531 4776 2563 16187 15096 2148 3177 1954
4325 14776 7758 14029 4776 983 13783 16187 16187 16187 16187 16187 16187 16187 16187 16187
4325 12261 6259 5328 440 12671 14237 2176 6006 8268 8712 8710 5329 2823 10602 1955
4325 12261 6259 5328 440 12671 14237 5568 7129 12233 3346 12401 16146 16187 926 16187
703 5463 13411 4240 4776 7086 3364 5367 830 5820 16187 16187 16187 16187 16187 16187
4776 3942 8710 5463 8712 5867 15510 14237 15624 16187 830 4776 2588 9484 16187 10033
4776 15064 8710 2285 2446 12256 8268 8712 5867 12495 12606 14237 8069 9925 5102 8268
4776 1736 3177 4776 10033 8710 2446 6591 16187 16187 16187 16187 16187 16187 16187 16187
4776 6120 7926 8710 6601 1955 8693 3171 10033 1955 4776 4302 8710 5297 4032 4776
4776 14596 8712 8710 10710 2525 16187 4776 9790 16187 10501 5711 16187 2296 10217 16187
13474 5867 10917 1957 2165 1885 926 772 10397 8719 4269 16187 16187 16187 16187 16187
9461 3177 15649 8268 4776 1754 3177 4776 13839 8710 6794 16187 16187 4302 16187 2097
9461 3177 926 933 13667 8470 926 5463 13474 12010 14745 3177 14734 12852 16187 14734
4776 2601 14596 10140 6011 10967 4776 10442 3177 4776 13555 16187 16187 16187 16187 16187
4776 2601 14596 10140 6011 10967 4776 10442 3177 4776 13555 16187 14029 3171 2563 16187
4776 2601 14596 10140 6011 10967 4776 10442 3177 4776 13555 16187 8268 14237 8712 5867
8712 5867 830 4776 10566 10501 7158 7758 16187 16187 16187 16187 16187 16187 16187 16187
4776 14596 8710 4927 12495 1348 14237 926 7674 12233 14192 1955 4776 1045 16187 16187
4776 14596 8710 4927 12495 1348 14237 926 7674 12233 14192 1955 4776 13103 4818 16187
14272 3112 15981 4189 12576 8710 14734 2191 3177 11261 16187 16187 16187 16187 16187 16187
4776 15064 8710 2446 1954 3061 11568 8710 6259 10355 15374 3177 4776 4302 16187 4537
4776 15064 8710 2446 10355 8569 14237 4776 13999 12013 8710 12256 16187 6683 3177 14112
4776 4277 8309 49 8913 14537 15202 4325 7164 15285 14854 1185 14029 2263 13949 16187
4776 63 5328 10244 4931 9813 15624 8268 132 8268 8712 5867 10566 13076 14237 5329
4776 63 8710 5463 6445 4776 12298 4776 284 6683 12715 16187 14237 4776 10418 5867
9290 14029 2643 779 6259 10355 9332 4152 16187 16187 16187 16187 16187 16187 16187 16187
6259 13498 13103 5463 11530 8712 16187 926 16187 12349 4776 9339 7151 16187 15043 1955
6259 10770 8710 6259 14397 10197 9887 8268 8712 5867 2326 10355 13348 16187 926 16187
4776 15022 5257 3177 926 7151 12671 2598 16187 16187 16187 16187 16187 16187 16187 16187
4776 6161 779 13084 16146 14596 12233 3384 16187 6028 16187 10879 12835 16187 6306 2296
4776 6161 779 12766 1954 10274 1207 16187 16187 926 8268 1919 8712 926 16187 16187
8726 5937 8215 8710 1138 8796 5711 8268 12650 3171 10033 14237 2327 10036 16187 16187
8712 5867 6535 2309 3826 8268 14237 6011 4628 9754 10080 8712 16187 2847 5923 10503
8712 5867 1229 9918 8268 2689 14237 3356 16187 2002 16187 8093 13542 12518 14596 16187
14237 2446 9316 8712 5332 8268 14734 2233 14237 14457 4537 13942 4927 12495 9056 16187
4776 4152 8710 1344 10355 14237 1229 10053 16187 16187 14237 14029 7740 4537 10709 1885
4776 4152 2326 3112 13084 2191 16187 13348 16187 6011 16187 14237 14581 10355 703 16187
9449 8268 1022 14237 12105 2608 16187 16187 16187 16187 16187 16187 16187 16187 16187 16187
1998 5463 8712 5867 1954 191 5075 16187 926 16187 5332 13623 16187 14426 16187 12349
1998 16187 1430 8808 4931 1872 16187 7742 16187 2097 3177 4932 16187 16187 15096 14237
4971 13084 8268 14775 926 10967 983 12233 983 16187 16187 16187 16187 16187 16187 16187
4776 926 4931 9748 8630 1885 10967 4776 10442 3177 4776 5145 16187 926 16187 16187
4776 10033 8710 14733 8268 926 14237 2790 8268 1229 12495 14776 15520 10217 3418 16187
7740 5545 4552 9754 11889 1133 11889 926 16187 16187 16187 16187 16187 16187 16187 16187
7740 4552 9754 15956 8268 7740 2383 7740 11553 6259 9424 830 12011 11953 3171 10036
7740 1110 6011 9577 14237 2148 6011 5208 2599 10671 16187 15956 16187 16187 10918 12233
9296 15978 7740 1110 5713 1138 3794 9513 5711 14635 3177 8185 1019 16187 16187 16187
9296 5463 5867 14272 6259 471 3543 4552 8268 12576 2598 16187 9715 16187 16187 14029
9296 2984 8712 14180 4776 9447 10288 9447 6013 8268 7740 9429 8712 8710 6259 926
4776 132 1093 8710 4032 12233 12650 4776 2563 16187 16187 16187 16187 16187 16187 16187
4776 2601 10400 8710 5329 6259 8569 10033 5463 7740 9084 5329 2823 16041 223 12008
4776 15064 8710 9754 8569 8268 12008 8712 5867 10355 16187 5329 8069 2148 512 14180
3171 10033 8710 11953 1378 4686 4924 12233 8155 14237 2823 926 5022 16187 16187 16187
3171 14596 8710 14221 10967 4776 14596 1955 1954 2002 16187 1344 1954 14696 7949 16187
3171 14596 8710 1507 8268 14237 8710 6070 2945 15640 4624 16138 2823 9872 16187 8719
8712 14180 16105 4776 10033 587 16187 16187 16187 16187 16187 16187 16187 16187 16187 16187
3171 14596 8710 1507 8268 14237 14180 11953 12127 12835 14029 3171 10033 16187 926 16187
3171 4931 4776 10033 10781 8710 9754 5463 8569 14237 9084 9754 11553 1597 10355 16187
8712 5867 1229 9918 8268 2689 14237 3356 5463 8712 5867 4032 6259 15335 8585 16187
4776 15064 8710 10355 16187 4949 16187 10399 8712 16187 2997 16187 7740 1436 8712 5867
4776 11758 8710 9754 10915 7805 16187 13084 926 16187 929 16187 926 16187 8146 926
12008 5329 12127 2563 5208 2823 16187 16187 16187 16187 16187 16187 16187 16187 16187 16187
8712 5867 5329 6070 2115 2563 10259 1919 3171 926 16187 5804 5568 5568 926 14029
8712 5867 5329 6070 2115 2563 10259 1919 3171 3765 512 6259 2689 10033 16187 926
12958 6672 8268 11499 8268 9219 4776 4302 8913 16187 16187 16187 16187 16187 16187 16187
9461 3177 8339 1378 3644 9754 789 15002 4776 14237 14075 13449 3177 3171 2563 16187
9461 3177 2122 4440 8268 7740 3543 8167 6011 5463 3171 2563 8710 14397 2689 16187
4142 447 16187 16187 16187 16187 16187 16187 16187 16187 16187 16187 16187 16187 16187 16187
6259 4302 1167 1042 4776 10033 8268 1955 7742 8268 1955 9084 6011 11553 4776 3984
6259 4302 1167 4537 11553 6259 3098 4152 8268 14237 6259 5948 2148 5010 16187 926
4776 10418 8710 3098 16187 16187 16187 16187 16187 16187 16187 16187 16187 16187 16187 16187
4776 4152 8710 4776 10418 4931 10355 8268 1229 12606 16187 14237 9332 16187 10418 14237
4776 4152 8710 4776 10566 2176 2563 7740 9884 8466 4776 8084 16187 8466 8719 6259
8258 16041 926 2837 6259 926 16187 16187 16187 16187 16187 16187 16187 16187 16187 16187
926 926 12892 2904 9431 12952 8719 4776 14596 4776 5777 4931 16187 16187 1957 4776
926 926 12892 2904 15715 3171 2563 16187 10770 16187 6042 7610 9484 16187 926 16187
926 13348 16187 16187 16187 16187 16187 16187 16187 16187 16187 16187 16187 16187 16187 16187
4776 14596 3171 7589 3177 926 5867 926 8710 10355 14237 10770 12233 12650 16187 16187
3171 10033 3364 11553 12766 2148 13929 13348 13348 13348 16187 3137 2150 16187 926 16187
11889 7740 8592 8268 3171 8710 1954 3061 195 830 1290 12008 7926 5297 3927 16187
4776 2563 4931 5568 13341 10244 14237 9491 12028 15649 779 16105 9070 11728 16187 8270
4776 2563 4931 1229 1229 4776 14596 15881 6259 6535 15335 16187 3356 16187 100 14776
4776 9790 4705 12233 926 4776 3679 926 3177 7970 13348 16187 16187 16187 16187 16187
4776 14596 8710 4927 12495 1348 14237 926 7674 12233 9070 16187 11789 926 16187 16187
4776 11253 8710 6259 8268 3177 10770 8268 12128 926 16187 4927 12233 14734 13828 13348
12524 8268 14069 14776 8270 1486 12233 10838 8704 14043 11582 5841 16187 16187 16187 16187
1998 16187 643 8710 9754 11889 5463 12233 12650 13089 7740 771 9754 5226 3177 926
1998 16187 4440 8268 3171 2296 12606 3575 16187 14237 9332 16187 11889 8712 2326 3745
15662 2598 16187 16187 16187 16187 16187 16187 16187 16187 16187 16187 16187 16187 16187 16187
3171 4931 9754 6826 10355 2122 10033 8268 14237 8712 4931 2326 3112 8712 16187 4949
3171 4931 1954 2997 15043 2563 8268 1919 6826 3098 2122 10033 16187 6695 16187 13570
9296 5332 6011 4628 9754 16187 16187 16187 16187 16187 16187 16187 16187 16187 16187 16187
9296 5463 8726 6011 9498 926 6500 830 3171 2563 16187 2601 4142 9332 16187 1957
9296 5463 9840 2326 2599 5713 7512 8268 703 14237 6011 14776 8719 91 16187 16187
4776 14265 3177 4776 926 10781 4931 2446 13074 16187 16187 16187 16187 16187 16187 16187
4776 15071 8710 1344 6500 5463 8712 13623 14350 16187 14350 16187 10240 16187 3409 16187
4776 15071 8710 14029 4776 4701 14237 8712 6259 15174 9575 13348 16187 3809 16187 9332
14043 15870 5329 16187 16187 16187 16187 16187 16187 16187 16187 16187 16187 16187 16187 16187
12008 12654 14180 4776 16068 8712 414 8268 7740 2308 15850 1957 5217 6535 6918 16187
12008 12654 14180 4776 16068 5463 8712 414 8268 7740 2308 15525 16187 983 14237 9084
4776 14596 10272 8712 15978 15597 926 3177 4776 3011 84 7626 11517 16187 16187 16187
4776 14596 8712 5867 1344 3398 8268 5046 15846 5329 2823 10957 16187 14029 4776 5442
4776 6664 16187 926 14237 9332 16187 926 8268 4776 926 16187 5431 10967 6259 6606
14237 14272 13411 12233 2598 16187 16187 16187 16187 16187 16187 16187 16187 16187 16187 16187
4776 4152 779 5329 1229 4776 14596 8268 12576 7740 9084 5329 5407 16187 14043 1957
4776 4152 8710 8423 2148 15513 14237 8712 5867 5329 14180 5463 926 16187 9442 1442
1378 3177 4776 10566 15010 14237 11530 6120 8084 8719 4776 8185 16187 16187 16187 16187
4776 2563 4931 6070 7742 10471 16187 7742 8268 14237 8069 6259 5948 2148 16187 16187
4776 5463 2563 8710 2945 2681 68 8719 6259 4927 16187 926 5867 1229 630 8270
1955 8712 1433 15525 8268 4776 10033 4931 6259 1903 13795 16187 16187 16187 16187 16187
4776 4152 8268 6689 926 8268 4931 5329 1955 8569 1955 7740 12773 8710 9754 9591
4776 4152 8268 6689 926 8710 5329 7594 10967 6070 926 14237 1957 4776 10442 16187
14734 8179 11900 14776 4142 926 16187 16187 16187 16187 16187 16187 16187 16187 16187 16187
1885 8081 5459 8710 1941 16187 16187 7970 16187 4707 12349 4776 10217 16187 16105 16187
1885 926 926 13213 1019 1955 926 6173 8710 7273 16187 7627 16187 16187 2296 1750
13570 8268 8712 13942 12233 2823 1378 3177 9743 7723 926 16187 16187 16187 16187 16187
926 8268 8712 13942 926 16187 1787 16187 2563 16187 14241 16187 14029 10272 16187 14029
8712 12514 14691 12008 7345 926 14029 5463 926 926 12233 926 926 16187 926 16187
926 8710 6259 9290 3177 4776 11401 8004 9941 14776 6070 2549 16187 16187 16187 16187
3171 8710 6259 3098 2563 16187 15819 16187 564 12805 16187 926 8268 1229 4931 3082
3171 8710 6259 926 2563 16187 5562 16187 13348 16187 13348 16187 13348 16187 1229 13348
14237 926 926 4931 6259 15147 3211 2002 14237 9332 16187 16187 16187 16187 16187 16187
4776 4152 8710 4776 926 16187 14596 8710 4776 926 16187 14596 926 9070 1919 4776
4776 4152 8710 1344 926 8719 4776 5638 4776 926 16187 926 3177 926 16187 9653
6640 6011 4552 8268 4552 5329 3865 1603 14373 5090 12233 1138 6441 8164 5711 16187
8712 12232 11553 12766 2148 13929 13348 13348 13348 16187 3137 5365 16187 2563 16187 7970
8712 3543 9754 6077 11953 8712 14734 820 16187 2365 2458 16187 9666 14734 1133 16187
6011 11553 12233 11889 926 926 5867 9534 1955 7613 16187 16187 16187 16187 16187 16187
7740 12495 11553 5463 12233 4776 3137 926 1229 7740 11553 8466 3171 1378 16187 13348
7740 12495 11553 5463 7791 10810 13089 7740 9431 1442 8719 926 16187 926 8719 4776
4537 11889 1597 991 9317 15525 8258 9070 8268 8092 8710 10918 16187 16187 16187 16187
8712 5867 4537 1378 3177 9743 703 10394 14352 11889 203 4776 1065 132 13216 16187
8712 5867 12495 6535 14237 12495 15347 830 2263 16058 10355 8712 5867 4642 6661 16187
7740 11530 12127 9840 3177 3171 2563 16187 16187 16187 16187 16187 16187 16187 16187 16187
14919 9484 7740 11553 2296 2308 5463 4776 10033 4931 9481 834 16187 9925 11953 4776
14919 9484 7740 2308 3171 2563 12606 1957 12291 16187 6259 6070 9625 2563 8093 2326
15408 8268 8944 4441 6259 14221 2148 13436 3043 8268 9870 12717 12600 926 16187 16187
14069 5867 2446 2326 6259 14596 5463 8710 5568 1954 13926 5947 2664 6071 14251 16187
8712 5867 926 9780 512 4776 2563 16187 926 4776 1597 820 16187 7981 16187 12349
3171 2563 3348 779 8712 5867 3766 16187 16187 16187 16187 16187 16187 16187 16187 16187
8712 4931 1229 1157 5463 9316 8712 1954 9332 16187 10033 3537 16187 14237 1919 13441
8712 10214 469 14237 6259 10710 5095 16187 8146 926 16187 15956 16187 926 16187 5568
7740 2326 6635 8712 16187 16187 16187 16187 16187 16187 16187 16187 16187 16187 16187 16187
926 8268 7740 9429 7740 2326 9084 9754 188 12233 15956 16187 4776 4152 16187 14237
926 8268 7740 5297 6635 3171 2563 8268 7740 3364 11553 12766 6259 11247 2563 1515
11798 9360 8268 10394 13384 12349 1014 3634 16187 16187 16187 16187 16187 16187 16187 16187
1948 4440 2446 11961 5981 14237 11535 8719 6259 3502 14237 926 4927 16187 926 16187
1948 4440 5022 1919 15389 11889 5463 4325 188 12233 2823 15389 9780 91 16187 789
4776 284 9498 10355 14030 10355 5329 5463 3098 16187 16187 16187 16187 16187 16187 16187
4776 4152 8710 8423 2002 8268 6140 2563 16187 10272 12233 4230 16187 14237 4032 6259
4776 4152 8710 8423 2002 8268 14237 8712 4931 2326 8569 16187 8719 4776 4832 16187
14183 2598 2598 16187 16187 16187 16187 16187 16187 16187 16187 16187 16187 16187 16187 16187
4776 4302 1167 14776 9754 3257 16187 16187 4406 16187 2563 16187 4406 8311 16187 7749
4776 2588 4183 14776 4776 926 5867 10217 1133 16187 2296 12606 14237 8069 6259 5947
5332 6011 11553 10710 15845 16187 16187 16187 16187 16187 16187 16187 16187 16187 16187 16187
1157 5463 12232 2823 2326 6635 4776 12835 9498 4776 9431 2563 16187 11046 14591 8808
14691 8268 5463 3364 2823 8268 14237 8069 8710 6070 2689 16187 8569 16187 6918 14237
2263 14221 10967 13436 8268 12008 2263 6259 6286 3177 6259 10770 7178 16187 16187 16187
2285 14596 8710 63 14029 4776 13829 476 3177 926 16187 13081 4776 5568 1955 15096
4776 4152 8710 6070 2805 14237 4776 2946 2451 10571 7742 16187 10399 1955 10259 5463
1597 15180 10249 8719 4776 10033 16187 16187 16187 16187 16187 16187 16187 16187 16187 16187
4776 2563 8710 5329 4776 9612 1955 16059 16187 7740 11247 16187 11247 16187 5498 3112
4776 2563 8710 2945 8270 512 8712 4624 11553 12766 14069 8710 5329 4776 12337 9887
7926 14827 3171 1676 2576 14237 926 6259 3098 8855 3177 926 14237 926 16187 16187
4776 14596 8710 8719 5328 3098 3078 8268 7926 13623 16187 14350 16187 1644 12233 6303
8712 8710 4776 926 16187 14426 2563 14237 11953 12127 63 5328 16187 5226 3177 926
4776 15776 14237 4776 11277 14776 15624 16187 16187 16187 16187 16187 16187 16187 16187 16187
4776 4927 4776 14596 8710 1344 10355 14237 10770 3177 4776 10033 16187 15096 16187 3356
4776 14596 8710 4927 12495 1348 14237 926 7674 12233 14192 1955 4776 13103 4818 16187
1543 14776 4325 2598 16187 16187 16187 16187 16187 16187 16187 16187 16187 16187 16187 16187
12008 14272 9084 4325 7448 12233 4552 16187 2598 16187 16187 2598 16187 4537 16187 16187
12008 14272 14776 4325 3908 2598 16187 5309 16187 2598 16187 3137 11757 10324 4776 308
