3171 2563 4537 779 12958 8712 5867 2689 8268 13929 8268 15347 16187 16187 16187 16187
8712 4931 14221 12495 630 6705 830 1213 6259 8974 16187 8974 3059 6801 16187 926
8712 4931 6535 630 6259 4710 12233 11553 926 12349 13348 16187 16187 16187 2563 16187
10261 12013 2598 16187 16187 16187 16187 16187 16187 16187 16187 16187 16187 16187 16187 16187
1597 10355 8200 14237 892 14596 11953 10217 11135 9330 7516 16187 12495 16187 13076 16187
1597 10355 8200 14237 892 14596 11953 10217 11135 9330 7516 16187 16187 3554 12233 2823
14069 5867 1954 4521 5505 1438 6423 4776 12899 16187 16187 16187 16187 16187 16187 16187
4776 6070 3177 4776 6664 8710 7742 13663 14237 4776 12835 8710 6070 13074 16187 14180
4776 4152 8710 6070 2805 14237 4776 2946 9498 15761 16187 5084 8719 4776 10033 16187
5208 15893 9139 2908 8268 926 12945 14237 8733 6259 5736 12233 926 2598 16187 16187
8712 12514 14691 12008 7345 926 9296 8712 6179 8712 15335 12291 12008 6011 4628 9754
8712 12514 14691 12008 7345 926 14029 4776 14294 5758 164 926 1726 6901 16187 926
15715 926 13348 16187 16187 16187 16187 16187 16187 16187 16187 16187 16187 16187 16187 16187
926 5711 8710 6259 12650 5463 4776 12633 8744 15525 3177 926 16187 8081 16187 13348
926 5711 8710 6259 1138 5095 926 5711 8710 5463 926 12233 2823 1170 16187 16187
203 3847 7926 14518 14734 5253 15846 9605 12233 926 14237 14043 926 926 2598 16187
4776 11978 3364 9754 11553 926 16187 926 16187 14043 7594 16187 14272 16187 8781 16187
4776 8920 12208 8712 1381 830 12346 6173 16187 14043 1163 16187 926 2598 16187 13216
926 926 4931 5297 6259 9405 14029 4776 926 16187 16187 16187 16187 16187 16187 16187
4776 3511 5463 8712 8710 7518 14029 4776 15939 16187 13454 2837 926 926 16187 926
4776 3511 8712 8710 8712 5463 4776 14411 2894 4931 1138 926 5711 16187 8081 10033
8796 8268 4776 12671 14776 5463 8569 13348 16187 16187 16187 16187 16187 16187 16187 16187
4776 4152 8710 14397 12349 4776 12489 14237 1229 7740 3364 11553 12766 6259 5948 3177
4776 4152 8710 1229 12307 13839 9591 12233 8733 4776 11954 10033 926 2837 5577 926
8712 5867 10716 5329 6259 10355 2563 8268 14043 1957 4776 6070 14589 926 16187 16187
4776 6664 8710 926 8268 14237 14069 8710 5329 8733 9831 16187 8569 13348 16187 15956
4776 14596 8710 1878 14237 14180 14069 9498 6259 10355 2563 16187 6423 16187 7742 16187
6363 9484 870 5 4387 10257 16187 16187 16187 16187 16187 16187 16187 16187 16187 16187
6363 14139 9484 3171 2563 8710 14691 12495 16187 4949 16187 9442 5030 16187 15525 16187
6363 9484 6363 16187 6363 16187 9431 16187 13060 4776 2563 16187 7740 4531 8712 16187
4537 9288 8719 7742 7413 7269 2432 8268 8502 4340 926 14237 7458 16187 16187 16187
91 8710 4776 564 5946 8712 16187 8569 13348 16187 6918 14237 4776 2563 8093 6546
8712 5867 1378 10887 114 11889 9170 6266 16187 4931 926 1955 6259 926 16187 643
14237 2016 8719 4776 954 3177 6086 926 13084 4927 7068 13348 13348 13348 16187 16187
3171 2563 8710 2176 8719 12127 1744 16187 926 8268 14237 3699 12008 5329 9442 16187
3171 2563 8710 3765 2563 14237 2148 7207 16187 6985 16187 926 926 4776 5910 926
6259 4142 2997 3211 14251 8268 5463 11396 5937 2689 8312 12233 4776 926 16187 16187
4776 2601 4152 12008 6259 6070 7807 7453 8710 14029 4776 12489 8268 12008 8710 10518
4776 4302 1167 14776 9754 889 14237 3070 3335 670 11889 1138 926 13348 5711 16187
4776 176 5463 6259 3644 9754 8733 6259 10355 2563 8726 4776 14599 8710 12715 16187
4776 14596 8710 4776 926 8979 6423 3171 10033 16187 926 16187 13141 6259 5822 16187
4776 14596 8710 12154 1919 4776 14596 16187 12835 16187 6535 10355 14237 1229 630 8712
4776 3384 1919 4776 8710 11953 1955 6585 1955 926 15881 12233 4473 15416 16187 16187
4776 2595 5629 1885 14237 926 4931 5314 11209 16187 926 926 926 16187 926 16187
4776 6664 8710 926 8268 14237 4776 926 12233 8733 4776 2563 2326 779 6259 3098
926 14237 926 9577 10355 10836 14029 1583 1955 7742 16187 16187 16187 16187 16187 16187
4776 926 14237 926 8710 10710 1955 4776 14596 8710 12307 13267 16187 16187 926 16187
4776 10033 2326 13213 15525 1955 5548 9812 10033 16105 8719 3400 3880 16187 4776 9887
12911 10967 3171 8268 4776 10033 2446 779 6259 14397 10355 14596 16187 16187 16187 16187
4776 4152 7147 14397 1789 14237 13958 13695 14272 7401 16187 926 16187 14397 6188 8268
4776 2563 4931 5329 9925 10418 16187 4949 16187 926 16187 5388 12495 9442 6688 16187
4776 12013 8710 6070 1971 14237 4776 6006 8710 2446 10355 16187 16187 16187 16187 16187
4776 8808 8710 5329 7594 8268 8719 4776 12298 8710 4776 10033 15649 7740 11553 8781
4776 14596 8710 6070 4142 16105 6695 14237 8569 14113 14237 13084 926 16187 5372 16187
6640 6259 4779 8710 8268 8712 779 12233 11553 4776 3098 14220 14237 10217 16187 16187
12958 8710 2844 14237 12349 4776 12489 8268 12008 4776 10033 8710 6259 13341 7314 16187
12958 8710 14029 4776 4805 8258 7164 14029 4776 1583 16187 926 14237 6209 3748 6259
4776 2563 4931 926 14029 4776 2550 926 2312 3177 4064 926 16187 16187 16187 16187
4776 4152 8710 1229 5463 10355 11953 1229 10913 7740 15956 15662 16187 15662 5329 16187
4776 3511 5463 3171 8710 5463 1138 3343 830 926 5711 8710 5580 6259 926 16187
6070 10355 13348 16187 16187 16187 16187 16187 16187 16187 16187 16187 16187 16187 16187 16187
4776 14596 4931 6363 3177 4776 14596 11331 8268 5314 8554 2122 8268 2176 14237 5329
4776 2601 9424 5225 8710 5329 11953 7188 16187 8368 3177 9389 16187 14241 16187 10918
7740 12232 6070 630 8719 1110 12233 926 5463 3171 2563 8710 8569 16187 16187 16187
10154 14237 4537 6259 9450 12495 16187 12233 4776 11401 8158 6011 5833 12233 10669 9070
10154 4931 6259 6070 9625 2588 4832 8268 8710 1872 1955 14221 1955 2263 16058 16187
3644 9754 2823 12495 405 13348 16187 16187 16187 16187 16187 16187 16187 16187 16187 16187
8157 3847 8808 2326 6381 8719 6259 5328 4927 12495 14591 16187 16187 14272 2326 12431
2945 4032 4776 9831 6011 4628 9754 2823 9872 8268 7740 9084 5329 10503 8712 4931
8712 5867 6259 1453 14029 14734 954 10967 8719 15525 16187 16187 16187 16187 16187 16187
4776 14596 8710 4927 12495 1348 14237 926 16187 5820 16187 5253 16187 16187 4927 16187
4776 14596 8710 2466 10399 12233 14192 8268 12008 8712 8710 9332 8268 5329 4537 1955
8712 5867 6259 4601 8949 16187 16187 16187 16187 16187 16187 16187 16187 16187 16187 16187
4776 3942 8710 5463 4776 9139 4931 3335 14237 4931 6259 9450 9238 2598 16187 16187
8712 4931 1435 2444 8719 1954 2122 14251 8268 8712 8710 10915 12677 16187 926 16187
817 828 3818 7981 14069 8710 6259 6140 6390 12999 8719 14138 13280 16187 16187 16187
630 8710 5463 5329 8569 9591 12233 8733 3171 2563 2263 6259 8440 2563 16187 8456
630 8710 5463 6259 14596 5463 3112 9070 926 16187 7438 16187 14029 10217 308 16187
4776 10397 7740 5174 8719 1019 926 16187 16187 16187 16187 16187 16187 16187 16187 16187
4776 14596 8710 10394 6672 8719 4927 12233 9311 12495 9442 5030 16187 830 9625 16187
4776 1435 3299 8710 5463 4776 547 3177 1213 1842 8710 7484 11622 14237 3398 16187
926 926 8710 926 16187 16187 16187 16187 16187 16187 16187 16187 16187 16187 16187 16187
4776 926 926 4931 9439 8719 926 14776 6070 10355 8719 778 16187 9447 939 8712
4776 926 926 8710 14029 4776 2982 4701 3177 4776 926 12835 3177 4776 926 926
6070 3061 8268 5288 16187 16187 16187 16187 16187 16187 16187 16187 16187 16187 16187 16187
6070 2176 3078 1919 4546 7188 3177 926 16187 8577 11889 5463 16187 7926 4931 2598
6070 2176 8268 14237 8719 3171 2037 8710 4776 3932 12233 1436 8712 5867 5820 6692
4552 9754 7001 2837 4776 4156 14602 13348 16187 16187 16187 16187 16187 16187 16187 16187
6363 9484 1019 5462 6173 2598 16187 13216 16187 830 4776 9431 16187 12495 4687 16187
6363 9484 1019 4776 870 5 4387 10257 16187 10257 16187 2097 3177 4302 16187 6378
6259 10887 2664 489 16187 16187 16187 16187 16187 16187 16187 16187 16187 16187 16187 16187
6259 10887 3942 1919 3171 10033 8710 5463 6259 1138 926 5711 14237 5937 4240 1750
4776 2601 2563 3927 1684 14237 2204 8268 6297 16187 926 16187 13298 16187 100 2563
14237 5463 8710 13089 8712 15881 2148 5906 16187 16187 16187 16187 16187 16187 16187 16187
3171 14596 8710 1507 8268 14237 8710 6535 10355 8268 12495 16187 9625 16187 9442 5030
3171 14596 8710 8423 6259 926 8268 12008 8712 3847 9754 8438 1229 630 16187 8712
14691 2148 14691 3765 13348 16187 16187 16187 16187 16187 16187 16187 16187 16187 16187 16187
3171 8157 4856 8744 15525 3177 2832 11331 8268 5314 3701 6259 2176 10033 16187 12224
3171 8157 4856 5923 14029 6011 10967 5946 16187 6388 16187 3177 1885 12482 926 16187
9139 4931 8712 8569 13348 16187 16187 16187 16187 16187 16187 16187 16187 16187 16187 16187
3171 2563 4931 2326 2689 14043 10355 16187 1229 7742 16187 14237 9332 13839 16187 9736
3171 2563 4931 2326 10355 8268 12008 12495 1597 12291 8712 5867 830 6826 3098 10033
14411 8268 7740 11553 8466 926 14237 8168 16187 16187 16187 16187 16187 16187 16187 16187
1229 8268 5463 5867 1543 8712 5867 6259 9450 12233 4776 5257 3177 4776 2616 8719
12495 8569 13852 9084 9754 3012 4776 14599 16187 14043 4932 9666 13089 8712 2598 16187
1229 14272 9084 8733 3171 9618 1229 5695 2598 16187 16187 16187 16187 16187 16187 16187
3171 2563 4931 12495 10355 12233 15624 8268 15978 14691 6672 7740 15846 12102 983 830
3171 2563 4931 9754 10355 8268 12008 8712 4931 2689 16187 9442 8268 7742 10471 14237
6011 188 6259 8974 6071 10686 8268 2552 5562 16187 16187 16187 16187 16187 16187 16187
9574 6363 9484 16187 6535 15438 10394 8710 2148 15762 16187 2689 16187 6918 16187 2167
9574 6363 9484 1019 2780 6173 4776 10418 16187 926 16187 926 16187 926 2598 16187
7740 1110 926 16187 16187 16187 16187 16187 16187 16187 16187 16187 16187 16187 16187 16187
7740 2326 4552 9754 188 12233 8197 1157 12233 2823 2002 16187 8162 7524 16187 926
7740 1866 771 13084 13122 4537 11953 12127 1378 3177 4776 2563 16187 9004 11889 15715
7742 8268 5463 9498 6259 15335 3177 4776 1597 4853 4152 2975 16187 16187 16187 16187
12008 5463 7740 4931 4537 13341 1243 817 8268 12008 8712 5329 1229 1435 16187 9442
12008 8712 8710 8268 5463 11900 14855 12233 3171 10033 5463 5867 14180 4776 9955 16187
6363 9484 3171 2563 8710 9754 8569 16187 16187 16187 16187 16187 16187 16187 16187 16187
2627 3171 2563 8710 4098 1378 9745 284 14237 684 830 4776 954 16187 926 16187
3511 5463 8710 6259 6070 2573 12233 4776 10567 3177 3171 10033 9222 9070 8268 8712
14272 926 6227 830 9070 8719 3171 4927 8710 6985 16187 16187 16187 16187 16187 16187
4776 10033 4931 10915 3335 14237 4776 132 10967 14745 4325 12311 7076 4776 12945 16187
4776 10033 10781 779 6259 10355 14596 2894 16187 926 16187 326 12650 830 4776 926
14237 2383 14272 2598 16187 16187 16187 16187 16187 16187 16187 16187 16187 16187 16187 16187
3171 2563 8710 1229 8569 16187 16187 11063 2780 16187 10399 2122 16187 11889 10094 15658
3171 2563 6148 10154 8268 8152 9712 7556 14237 13546 16187 2053 9332 16187 3994 16187
8712 771 6259 14635 3177 12233 8712 16187 16187 16187 16187 16187 16187 16187 16187 16187
4776 2601 14596 10140 6011 10967 4776 10442 3177 926 16187 643 16187 11889 6259 926
4776 4152 8710 4776 1138 926 5711 14237 4763 2599 9070 10503 3171 12007 16187 12276
6011 4552 9754 10503 9070 2598 16187 16187 16187 16187 16187 16187 16187 16187 16187 16187
12495 8569 13852 9084 9754 3012 4776 14599 16187 2327 13089 5937 14164 14237 9605 6259
12008 8712 4552 9754 8268 5329 8069 6166 9070 16187 8440 8268 14272 5867 1229 3847
7740 2326 4552 9754 10503 3171 14826 9424 8268 830 176 8268 8710 13238 16187 16187
1229 8268 10978 1919 13587 15696 1919 554 14237 6259 926 16187 16187 13089 5804 16187
1229 3171 2563 4931 2689 16187 12606 8268 14237 6259 471 1957 14272 3112 6011 188
8069 5463 8719 8456 8268 15389 11953 8712 771 6826 11039 3177 1923 12349 9070 16187
3511 5463 5867 6259 2563 5463 5867 4949 16187 888 16187 9442 14237 4776 12835 16187
3511 5463 10214 14465 14776 4927 12233 4776 4302 91 16187 5580 926 8710 14180 4776
926 7147 6259 15011 3177 13270 11894 1957 2263 926 16187 16187 16187 16187 16187 16187
4776 926 8710 9481 4776 9385 3177 4776 926 16187 6683 16187 4487 12233 4487 6672
4776 926 8710 2441 2837 817 16187 926 16187 8146 926 16187 6161 16187 16187 926
7740 1110 3367 6972 16187 16187 16187 16187 16187 16187 16187 16187 16187 16187 16187 16187
4325 14776 14069 14776 14350 16187 14350 14237 4856 9084 4776 9450 2191 16187 6731 14826
4325 14776 11889 10217 13736 926 16187 1019 926 12515 2903 12233 7422 16187 16187 16187
8712 13942 5463 4325 6245 12233 13565 484 12495 630 8719 6259 4927 16187 16187 16187
8712 4931 6070 2997 8268 12495 8268 8712 8710 2689 8268 12495 8569 8268 2689 16187
8712 4931 6535 630 6259 2143 3177 10033 16187 1229 7740 12773 3765 5074 16187 8656
14031 7742 16187 16187 16187 16187 16187 16187 16187 16187 16187 16187 16187 16187 16187 16187
8157 4856 3112 9070 11728 4537 1955 630 3177 10770 830 4312 16187 703 16187 3112
8157 4856 3112 9070 11728 4537 1955 630 1955 8712 13411 1378 4832 16187 926 16187
4776 1531 13081 7336 1120 14237 4931 11499 6794 8719 3513 16187 16187 16187 16187 16187
4776 6664 8710 10355 8268 2684 2608 16187 9442 5030 16187 10033 16187 14652 16187 5948
4776 6664 8710 2751 14237 6246 14237 3335 14237 8268 564 3177 3171 10033 16187 926
12716 8268 4776 10033 3847 11553 6826 1842 16187 16187 16187 16187 16187 16187 16187 16187
8712 5867 1344 3398 8268 14237 11900 1344 7742 16187 9925 11889 3962 12233 4776 5777
8712 5867 1344 10355 8719 12233 10671 8268 14237 2552 6259 10355 10400 13348 16187 13720
14411 8268 7740 16138 7627 8712 16187 16187 16187 16187 16187 16187 16187 16187 16187 16187
8680 8268 5463 5867 5329 8213 7249 14265 16187 16187 9544 4931 1229 3011 16187 16187
6297 8268 7740 4931 9754 15090 14043 6259 11046 4311 9605 14272 7740 9084 5463 816
6011 3543 2326 12003 3171 2563 14237 2327 8712 16187 16187 16187 16187 16187 16187 16187
12495 8569 5463 6011 11553 9754 3171 2563 12008 8712 13623 14221 14219 12233 12003 1885
831 2894 13077 3171 2563 15525 8268 12008 7740 11553 6259 3942 1919 4776 9790 16187
11953 5463 1138 7949 5711 8521 16187 16187 16187 16187 16187 16187 16187 16187 16187 16187
4776 2601 2563 8710 6259 6070 8213 2563 16187 8710 6259 11901 653 9887 16187 12441
4776 2601 2563 8710 6259 2365 2627 16187 9070 11953 3171 10033 16187 926 16187 4776
3171 8710 6259 11041 7178 3177 5326 16187 16187 16187 16187 16187 16187 16187 16187 16187
3171 8710 2945 14635 3177 2122 2563 8268 6259 15819 8268 14237 232 6259 5948 16187
3171 8710 2945 14635 3177 2563 5463 5208 2823 1959 12349 14237 12349 4776 1583 16187
203 5208 6011 5329 1110 3171 10033 2598 16187 16187 16187 16187 16187 16187 16187 16187
3171 2563 3847 9754 11553 8712 16187 6071 13348 13348 13348 16187 15493 926 16187 1378
3171 12232 8093 2823 1179 13280 11577 8719 2627 16187 9070 16187 8712 926 9070 16187
9687 2904 16187 16187 16187 16187 16187 16187 16187 16187 16187 16187 16187 16187 16187 16187
9057 926 779 10471 6259 3098 15781 14237 6259 8571 16187 8719 3171 10033 16187 926
9057 926 8710 5329 2903 14237 4431 16187 8440 8268 14272 5867 926 16187 926 16187
1229 7740 5476 1885 13988 830 4776 2616 8719 3171 2563 16187 16187 16187 16187 16187
12008 5463 2563 4931 10355 2122 2563 8268 8712 3364 11553 12766 2805 16187 9389 8719
12008 5463 12232 2823 4776 564 3177 8712 3826 8268 1229 7740 4931 2326 13178 16187
7542 8219 12655 926 12276 13396 16187 16187 16187 16187 16187 16187 16187 16187 16187 16187
8710 6259 6070 10355 10501 3177 4776 2563 7740 9429 3543 2823 926 16187 9715 16187
7542 6259 6388 13103 16187 9442 8268 11339 8268 14237 8712 5867 2296 4537 6259 10355
4776 10033 8710 11953 4776 15731 5036 1045 3177 926 14237 926 16187 16187 16187 16187
4776 3511 5463 8712 8710 7518 14029 4949 13876 5568 9113 12233 4776 15997 16187 3059
4776 3511 5463 8712 8710 1229 1405 8712 8710 9754 5463 8569 16187 3210 16187 14180
8712 5867 5329 6259 8794 1750 13348 16187 16187 16187 16187 16187 16187 16187 16187 16187
8712 4931 9754 3257 12020 3575 11889 5463 13411 16187 12233 11553 16187 926 16187 2563
8712 4931 9754 8569 14237 8712 5867 5329 1954 9332 954 16187 926 16187 12349 4776
3171 8710 4404 1138 2563 1919 6259 315 5711 16187 16187 16187 16187 16187 16187 16187
4776 14596 4931 6259 10894 1507 8719 4776 926 8268 12008 8069 14114 630 13348 16187
4776 14596 8710 11953 6259 5820 3886 13348 16187 14043 3286 16187 926 16187 14043 1229
4776 2588 4183 12256 16187 16187 16187 16187 16187 16187 16187 16187 16187 16187 16187 16187
4776 63 5328 8710 8974 10191 1649 2122 8268 3098 4152 8268 14237 1597 8200 16187
4776 63 5328 779 7458 8268 4776 13811 16187 9498 14591 16187 16187 9591 12233 4776
6259 11361 3177 926 14776 6535 630 4537 10 15525 16187 16187 16187 16187 16187 16187
4776 2601 2563 12576 8710 11953 12495 15096 16187 14237 5328 3177 4776 8230 5867 926
3171 8710 1378 3177 4776 564 1133 5463 7740 11553 8084 8466 16187 14237 14029 15096
14237 10669 9577 6259 9450 2148 3177 4087 7991 13348 16187 16187 16187 16187 16187 16187
6173 9431 703 9431 8268 7740 1110 6011 968 12102 14745 16187 16187 5095 16187 14237
6173 9431 8268 7448 388 2837 4776 926 8268 7926 14237 4311 9605 12233 7001 10918
15662 12232 1866 8084 3038 2598 16187 16187 16187 16187 16187 16187 16187 16187 16187 16187
3171 2563 4931 9754 10355 9591 13907 8712 16187 16187 5568 2326 10355 9450 16187 16187
3171 2563 4931 6259 5948 8270 512 14272 7740 12232 2823 2148 12455 16187 16187 512
5031 5876 8719 6259 12192 1919 14883 16187 16187 16187 16187 16187 16187 16187 16187 16187
9712 7365 8268 132 14237 6259 15819 13839 16187 15907 830 12364 16187 414 4776 5217
13386 926 8710 5695 1955 7742 16187 14237 3171 13623 12911 16187 9817 8719 6254 16187
13084 16187 16187 16187 16187 16187 16187 16187 16187 16187 16187 16187 16187 16187 16187 16187
4776 3942 8710 5463 5867 5329 4776 14635 3177 8344 16187 10399 12233 6259 15347 16187
4776 3942 8710 5463 2167 12491 14237 10921 9941 1133 14776 2326 10217 9780 229 16187
8712 9004 11889 1954 9279 6072 3177 8944 16187 16187 16187 16187 16187 16187 16187 16187
4776 6664 8710 5286 3177 926 8808 10801 16187 13348 16187 5200 16187 7060 16187 926
4776 6664 8710 5286 3177 926 8808 10801 13348 16187 11889 5820 16187 16187 16187 7970
6011 16138 11553 6259 926 10355 983 16187 16187 16187 16187 16187 16187 16187 16187 16187
7542 6259 3098 10033 8004 5568 3942 8710 6259 15819 12233 10355 14596 16187 14180 983
926 5711 8710 1378 3177 13803 8270 6499 16187 926 16187 926 926 16187 926 16187
10887 240 91 2016 8557 8719 14734 9431 13422 10033 2493 14237 3579 4776 2563 16187
12276 6739 9574 2143 13341 9484 8268 5462 830 4776 13502 3575 16187 10355 16187 16187
12276 6739 9574 2143 13341 9484 8268 5462 830 4776 13502 3575 16187 10355 16187 9577
15408 3177 1750 6259 8344 14043 6259 13001 8268 8712 5867 6259 10022 16187 16187 16187
3171 4931 6070 3932 8719 2053 1403 3994 16187 14834 14237 6259 926 16187 16187 16187
8712 4931 6535 630 6259 6705 12233 4189 1919 3171 2563 16187 10272 12233 1436 16187
7742 16105 2122 10033 8093 5853 5656 5022 16187 16187 16187 16187 16187 16187 16187 16187
7742 7740 1436 14745 830 3171 2563 5867 926 16187 9715 5867 3766 16187 1019 14237
7742 10471 8268 1774 16187 12431 926 16187 14734 14716 16187 15096 15096 16187 15036 14237
9790 11039 3177 13216 830 3171 2563 16187 16187 16187 16187 16187 16187 16187 16187 16187
2285 14596 8710 7100 8719 1378 8181 8268 12135 14237 6070 2067 12162 16187 15096 16187
2285 14596 8710 4772 8268 8712 5867 5329 5463 10355 16187 1750 8592 16187 512 12127
5329 9591 3177 926 6712 16187 16187 16187 16187 16187 16187 16187 16187 16187 16187 16187
12958 8710 2844 14237 12349 4776 12489 8268 12008 4776 10033 3847 5329 4776 10418 5867
12958 4931 5329 6259 8649 16187 8569 16187 926 16187 926 16187 12349 10217 1955 817
14272 8710 4776 159 2903 2598 16187 16187 16187 16187 16187 16187 16187 16187 16187 16187
4776 4152 4931 6070 10355 14237 1229 8712 8710 9625 16187 926 16187 12349 4776 2563
4776 4152 8710 8719 9790 9424 14237 656 15525 7742 16187 6297 16187 2024 5388 16187
4776 12298 16187 16187 16187 16187 16187 16187 16187 16187 16187 16187 16187 16187 16187 16187
4776 6729 4931 4776 3511 5463 4931 6070 232 8719 4776 2563 16187 4537 6259 9450
4776 4152 8710 10298 14237 11608 8268 12495 10355 10967 4776 8200 16187 9442 4311 16187
7740 8154 6011 1453 6259 6929 7344 16187 16187 16187 16187 16187 16187 16187 16187 16187
6363 9484 6363 9484 3171 2563 8710 5329 1229 2689 8268 7168 1955 2689 16187 16187
6363 9484 6363 9484 10669 7740 9429 3171 2563 4931 14180 11953 8712 16187 7740 11889
8680 7740 5297 11889 14734 3314 2148 512 14734 8185 16187 16187 16187 16187 16187 16187
8680 7740 1110 5463 8268 12008 7740 2383 14069 14776 12825 820 15658 4552 9754 14029
8680 7740 1110 11953 3171 10033 8268 7508 8268 3171 10033 8710 5329 5463 7740 5580
5329 8569 16187 16187 16187 16187 16187 16187 16187 16187 16187 16187 16187 16187 16187 16187
3171 8115 2563 4342 12233 8158 6011 4776 14596 14237 8258 6011 4628 9754 11553 6259
3171 4931 10770 8268 12495 10399 11553 12766 14691 12233 4776 2563 16187 9004 11889 5568
5463 5867 15662 10418 8710 15142 10418 6259 8808 8710 4390 16187 16187 16187 16187 16187
4776 15064 8710 9754 8569 16187 14180 14069 4931 5463 8712 4931 15597 926 16187 16187
4776 15064 8710 1344 10355 14237 1229 10053 16187 16187 14237 4776 6683 3177 4776 2563
6011 5208 11789 2191 14272 8712 15846 2823 11889 16187 16187 16187 16187 16187 16187 16187
9296 8712 4537 3847 9754 8438 7508 8268 15956 14272 7740 8313 2598 16187 8185 16187
2823 14069 4537 243 1515 14237 14591 8268 5329 12233 2823 4776 3575 16187 6550 4776
14272 4931 1515 10324 817 13529 5867 8456 13089 7926 9084 5463 2598 16187 16187 16187
4776 15064 3177 12899 14776 10315 6070 14221 10967 4776 10442 16187 2997 574 16187 926
4776 10840 4776 3299 91 8710 2446 56 16187 926 926 16187 926 16187 926 16187
5095 10758 779 8093 13081 2148 11889 11516 16187 16187 16187 16187 16187 16187 16187 16187
13474 15452 2689 16187 16187 9442 14237 4776 11339 8710 6259 3356 4240 16187 6215 16187
13474 6381 8712 8268 6011 9277 8069 2823 8719 6683 8656 476 13348 16187 13348 16187
4776 12835 14776 9776 820 14237 15857 8268 4325 14776 13074 16187 16187 16187 16187 16187
4776 4152 91 8710 1954 6196 12233 11702 4776 2122 4440 16187 15 926 16187 16187
4776 4152 91 8268 6689 1344 10355 8268 8710 11789 9619 16187 630 16187 14237 8712
9296 6011 4628 9754 16187 16187 16187 16187 16187 16187 16187 16187 16187 16187 16187 16187
9296 5463 9840 2410 16187 8710 12495 10983 16187 14237 4325 1950 16187 16187 4707 3177
9296 5463 15846 8537 12276 904 1919 13664 3211 16187 926 16187 15096 16187 9442 2563
3171 6546 6169 1957 9617 14237 15597 926 14237 10571 7048 8913 16187 16187 16187 16187
3171 2563 4931 2326 8569 16187 15662 7740 1951 5329 13616 16187 16187 14237 9084 9754
3171 2563 3348 779 8712 5867 3766 16187 16146 4927 12233 5993 8712 16187 5388 5463
4776 12616 3177 4776 216 9209 15658 8710 10050 1919 1885 11913 8268 926 16187 16187
4776 13176 5867 10147 8268 4776 9790 4927 4776 926 14827 7499 6259 1781 16187 16187
4776 15071 8710 8376 8268 11195 8268 14237 926 1919 14272 8710 926 16187 8069 7970
1229 6011 5208 1436 5463 4776 2563 8710 13436 8268 4537 5329 2296 9332 16187 16187
1229 8268 5463 5867 15662 7740 973 11169 3171 6259 1390 15408 3177 13341 16187 643
12008 5463 2563 4931 10355 2122 2563 8268 8712 3364 11553 12766 7508 8268 9084 9754
926 12260 11553 2326 11530 3171 16187 16187 16187 16187 16187 16187 16187 16187 16187 16187
8712 8710 5329 6259 3211 16187 12008 7740 2326 6635 8712 16187 16187 2097 3177 6259
8712 8710 5329 6259 3211 8268 12008 8712 11900 7742 16187 14043 7740 4552 5329 5407
7740 4931 9986 2837 4776 1507 1736 16187 16187 16187 16187 16187 16187 16187 16187 16187
6259 2563 8710 4776 13341 9484 817 16187 2097 16187 9484 6659 16187 926 16187 926
6259 2563 8710 1507 16187 16187 4776 4927 4776 6664 16187 7310 284 16187 2446 13807
7926 13216 10918 12233 6259 14624 16187 16187 16187 16187 16187 16187 16187 16187 16187 16187
12958 8710 9575 8719 6259 4927 12233 13077 5463 1378 10114 15525 3177 6289 16187 926
12958 8710 9575 8719 6259 4927 8268 8712 5867 5329 14734 2149 14043 926 8230 15846
13089 14180 15597 14926 15873 703 195 830 4776 14219 16187 16187 16187 16187 16187 16187
12008 8268 8719 4776 10442 3177 1245 16187 5656 6259 10501 5646 14237 1957 8712 5867
3461 8268 6748 8268 5375 4440 8268 4325 9063 11553 4776 3984 16187 5226 8712 926
6173 16187 16187 16187 16187 16187 16187 16187 16187 16187 16187 16187 16187 16187 16187 16187
4776 9431 4931 6259 10355 2563 7740 11553 8093 8466 14112 11889 6259 12012 13348 16187
4776 2563 8710 6259 1507 6688 8710 11789 1955 7310 16187 16187 9925 1042 4776 10033
4776 13811 8710 3326 15505 14237 4776 1736 3112 4776 10033 10150 3789 16187 16187 16187
4776 15064 8710 10355 16187 10770 16187 16187 3356 16187 3575 11889 8712 3112 6011 5946
4776 15064 8710 10355 16187 6780 16187 14237 9332 16187 7742 10471 16187 14237 12127 1378
13077 15525 4776 11277 926 8710 14734 13734 830 6259 11839 6813 11720 16187 16187 16187
3171 8710 6259 3098 2563 830 4776 100 15658 14776 10471 16187 9442 5030 16187 2974
3171 8710 6259 9405 8710 4098 1482 12008 6259 12444 16187 8794 643 16187 14125 14237
14272 8710 1229 3356 11953 5463 2598 16187 16187 16187 16187 16187 16187 16187 16187 16187
6070 10355 13348 16187 926 16187 6535 10355 16187 16187 954 15525 3177 11889 16187 3776
8712 8710 10770 16187 14237 55 14237 9764 16187 6253 16187 8270 16187 14180 8712 16187
7740 3553 3171 10033 8710 491 830 1954 13434 4169 8268 15978 8712 2847 12825 16187
3171 2563 8710 6259 593 6521 7178 3177 6120 8268 2204 13587 16187 9264 132 8268
3171 2563 8710 2148 14186 2122 2563 8268 12495 16187 4776 5365 16187 11899 8268 6073
4776 2563 8710 6070 6585 12233 4776 9577 8719 4152 14237 12835 16187 16187 16187 16187
4776 4152 4931 6070 10355 14237 1229 2326 11921 8719 4776 926 16187 16187 5095 16187
4776 14596 8710 6070 1435 7589 3177 441 8268 12495 5867 1954 9392 14237 6791 2353
12 1439 8710 12276 1860 2353 16187 16187 16187 16187 16187 16187 16187 16187 16187 16187
2945 4032 9316 8268 14237 1957 564 8712 7740 15846 2823 6011 16187 11889 16187 3192
2945 4032 9316 8268 14237 4032 4776 9831 830 2747 16187 4776 9290 8719 4776 10033
8268 13474 3847 9754 9605 1885 11846 10301 13348 16187 16187 16187 16187 16187 16187 16187
8712 2446 2326 7164 12233 8733 4312 6280 7001 7829 16187 926 16187 14596 14029 6259
8712 2446 7643 10967 2148 512 5463 6259 5947 2664 9618 8268 14237 854 16187 983
4713 8268 926 8268 926 16187 16187 16187 16187 16187 16187 16187 16187 16187 16187 16187
8268 8719 926 8268 926 926 8268 6867 830 926 16187 926 16187 5332 16187 4311
926 8268 926 8268 926 8268 926 926 16187 10607 8719 12276 3109 16187 926 926
2263 6259 2563 5463 3543 9754 2823 6188 1229 1329 13089 15715 8712 16187 16187 16187
2285 4152 8710 8423 2148 926 512 5463 7740 6635 4776 2563 16187 8704 16187 16187
3511 8710 6259 3098 2563 16187 16187 14237 8712 5580 11085 5463 2563 16187 6918 14237
1378 926 4776 56 7377 15649 926 6259 926 14611 16187 16187 16187 16187 16187 16187
4776 6664 8710 6259 15174 8170 14237 3847 9754 926 4776 643 11921 2598 16187 9059
4776 745 4931 6259 10894 2148 3177 1954 926 16187 1919 6071 6071 15956 16187 820
9813 926 830 13348 16187 16187 16187 16187 16187 16187 16187 16187 16187 16187 16187 16187
8710 8712 6259 15174 1146 7652 830 9070 13348 16187 11367 16187 9264 16187 13348 16187
11439 8815 4776 9831 16187 926 8712 16187 15096 16187 12349 4776 14591 8887 1919 6259
11558 926 779 12467 8584 5463 7926 5867 1515 12233 4552 4404 12007 16187 16187 16187
4776 3942 8710 5463 14069 5867 6280 6259 10355 2563 16187 14221 1919 4776 2148 16187
4776 3942 4931 5329 5463 5867 5329 4776 11039 3177 4776 10033 8268 12008 5329 1229
3847 8712 7448 12233 2823 13436 2598 16187 16187 16187 16187 16187 16187 16187 16187 16187
4776 6801 779 12233 11553 12766 1378 2148 15427 926 926 16187 12135 16187 16105 11889
8712 3847 9754 3249 12495 9442 14043 6011 11530 8712 13348 16187 926 16187 7937 3177
1378 9290 5867 3109 16187 16187 16187 16187 16187 16187 16187 16187 16187 16187 16187 16187
3847 6259 6388 6161 2563 14237 6259 15819 13839 5463 14180 4776 9887 4931 1919 926
3847 6259 5822 830 14272 1371 2410 3171 2563 4931 926 16187 7877 854 16187 1383
6173 16187 16187 16187 16187 16187 16187 16187 16187 16187 16187 16187 16187 16187 16187 16187
4776 9431 4931 6259 10355 2563 7740 11553 8093 8466 14112 11889 6259 12012 13348 16187
4776 2563 8710 6259 1507 6688 8710 11789 1955 7310 16187 16187 9925 1042 4776 10033
3171 8710 9367 7148 926 5390 6714 16187 16187 16187 16187 16187 16187 16187 16187 16187
3171 8710 6259 6070 1507 14237 4618 15525 2563 1919 3098 10418 16187 3098 14596 16187
3171 8710 6259 6070 10355 14237 10336 10033 16187 9355 1378 16187 9461 5947 2664 6071
7740 11553 6259 9424 1919 3171 10033 16187 16187 16187 16187 16187 16187 16187 16187 16187
3171 8710 2945 14635 3177 2563 9222 13616 16187 13023 3701 4776 444 16187 7164 16187
3171 2563 8710 2945 4032 15715 830 10671 3177 5722 14043 800 8185 16187 926 16187
3171 1389 8710 6070 12018 16187 16187 16187 16187 16187 16187 16187 16187 16187 16187 16187
2285 14596 8710 6070 10355 14237 8069 4240 5937 16058 16187 14230 16187 5329 16187 14043
3171 4931 6259 6070 9625 2563 8268 1919 1954 4194 16187 4189 16187 6070 14350 16187
4776 4927 926 926 761 1885 4931 4537 9230 13348 16187 16187 16187 16187 16187 16187
4776 6664 16187 926 14237 9591 8268 8712 5867 5329 14734 8503 16187 8710 6259 3011
4776 6664 16187 926 926 10114 3177 14734 2191 16187 926 14029 4776 4267 16187 926
8712 9084 9754 14581 11889 4325 9498 6247 8719 13592 4927 12233 4776 9887 16187 16187
3171 4931 5329 12606 16187 14237 4776 10418 4931 5329 830 13616 16187 16187 8719 4776
3171 4931 1954 2997 15043 2563 8268 1919 6826 3098 14596 16187 4756 16187 9316 3171
7740 5159 3553 4325 4552 9754 8733 6259 12007 12233 3171 10033 13348 16187 16187 16187
6173 8268 8069 8726 3171 2563 8710 5568 1229 14691 3098 2598 16187 16187 1957 14589
6173 8268 1750 1229 630 14043 8069 15881 10324 4776 2563 12767 8719 14043 15389 16187
6259 12260 2552 830 14141 926 16187 16187 16187 16187 16187 16187 16187 16187 16187 16187
6259 2601 5948 3177 6259 5948 2148 16187 512 7740 4537 4552 7740 11839 8712 8719
3171 8710 6259 3098 2563 8268 14237 315 16187 13411 16187 14237 1229 7740 2326 6635
6173 9850 12455 15525 13555 1390 8268 1019 10619 16187 16187 16187 16187 16187 16187 16187
6363 9484 6363 12291 7740 3364 11553 6070 926 16187 15525 16187 16187 14350 16187 13348
6363 9484 6363 15525 3177 9484 16187 3776 5209 926 16187 2296 16187 4311 16187 10879
6011 15846 7185 9780 820 8719 4776 5916 16187 16187 16187 16187 16187 16187 16187 16187
6259 13498 13103 5463 779 6259 3098 8855 3177 4856 8268 11261 8268 14237 1110 16187
6259 13736 12260 830 4776 2601 6161 926 2837 4776 2643 16187 5804 16187 12349 15096
7740 11839 3171 2563 771 6826 16068 16187 16187 16187 16187 16187 16187 16187 16187 16187
12495 5463 4931 9754 6391 6259 10355 926 16187 14141 926 16187 5200 16187 9534 16187
3171 2563 8710 2945 14635 3177 3511 5463 3171 8710 6297 630 2148 9332 16187 16187
4624 14776 3081 12233 10503 3171 8710 4776 2037 8268 7508 16187 16187 16187 16187 16187
1893 2122 8268 1957 14589 8268 6381 4312 8268 11789 8268 12008 11789 14069 8710 6259
10762 13839 8268 10355 8268 1750 8719 4776 4701 3177 11155 8268 6259 10355 10033 8268
3171 145 4776 2387 12233 10217 8081 12835 15036 14237 7529 16187 16187 16187 16187 16187
3171 8710 4776 14635 3177 10033 5463 3112 6011 459 12233 7001 12233 4776 8185 16187
3171 8710 6259 6070 1507 14237 4618 15525 2563 1919 3098 10418 16187 16187 9264 15762
14237 7740 973 5329 8069 6259 9085 10399 12233 5522 1919 16187 16187 16187 16187 16187
1229 8268 5463 14407 15662 4776 2563 8710 8093 6918 14237 8712 5867 1954 2599 8913
1229 8268 7740 9884 8466 8712 8268 8270 8185 830 3171 2563 16187 926 16187 926
14272 7740 2326 6635 11953 4776 9431 2563 4931 4776 13436 3235 3177 4776 16187 16187
4776 2563 4931 9754 6259 14426 5138 5463 4832 8710 4537 12349 4776 12489 14237 1229
4776 4152 8710 4776 5286 15043 2563 12008 1919 6259 2689 15641 14237 10355 10418 16187
7740 11553 8093 771 6259 3942 1919 3171 2615 3177 13244 5867 7671 16187 16187 16187
14919 9484 9296 7740 11553 12233 1436 5463 16105 9070 14581 10355 11953 3171 2563 8710
7542 7740 8197 3171 2563 6259 5948 2148 9332 16187 8656 926 8268 12008 1954 2053
1019 15870 926 15221 779 7807 4776 10566 8719 4776 5412 10967 15939 12233 1583 16187
4776 1736 3177 4776 10033 8710 10762 14237 4776 10418 6297 13181 16187 14180 4776 2563
4776 14265 8268 2837 926 8268 8089 1094 8268 9790 16187 8719 14180 16187 14241 16187
5463 5867 1954 176 3177 203 12233 4552 6259 5329 1229 13129 6071 10033 816 16187
4776 14596 4931 6363 13341 9484 16187 9431 7909 4931 14596 6259 5948 3177 10770 16187
4776 14596 4931 6363 16187 5329 1229 8569 8268 6011 15846 5329 15784 8712 5867 5329
4624 9498 3745 2758 8268 14237 4624 2945 8154 16187 16187 16187 16187 16187 16187 16187
15438 8268 7740 9084 9754 14518 630 16187 4687 16187 14029 4776 5946 16187 13810 16187
1893 2122 8268 10355 14237 14691 2148 830 14180 3177 5937 8078 13348 16187 1383 8719
6683 1957 5838 926 13474 15452 7326 16187 16187 16187 16187 16187 16187 16187 16187 16187
12127 2365 9534 8719 3171 2563 8710 5695 16187 6797 16187 8656 1378 9290 13348 16187
12127 3235 3177 3171 10033 8710 10569 12233 4776 14596 16187 926 16187 7877 10355 16187
6259 9385 8710 16041 890 2837 8656 926 8268 12008 3774 13216 2903 12233 4312 16187
4776 2601 14596 10140 6011 10967 4776 10442 3177 4776 13555 16187 8268 3171 10033 4931
4776 63 5328 779 7458 8268 4776 284 14776 8268 14237 4537 6259 9450 12233 2823
12008 830 582 3177 4994 8268 3171 10033 8710 14691 2148 512 3663 12359 16187 16187
2263 1893 10770 14237 8712 779 1378 3177 1378 3177 12276 14180 983 14180 3177 7981
6070 9450 3112 12276 2563 6348 8712 16187 1229 9506 16187 926 16187 12008 5332 1919
7740 6635 8712 2148 1955 8712 4931 9754 1955 15624 1955 4776 2002 16187 16187 16187
3171 2563 8710 2689 8268 13129 8268 14834 8268 1138 9290 8268 5711 16187 9813 405
3171 2563 8268 3364 11553 12766 6259 5948 2148 8974 16187 8974 16187 11889 9743 16058
9574 14139 9484 1019 2780 6173 5627 16187 16187 16187 16187 16187 16187 16187 16187 16187
9574 6363 9484 1019 8268 7740 973 5329 6259 3098 10400 13348 16187 11889 4776 5095
9574 6363 9484 1019 7740 11553 12766 6259 10355 2122 15093 8268 14237 8124 16187 14180
5695 2067 10240 2097 3177 8170 7693 820 15658 5568 188 12233 6276 2598 16187 16187
4776 10033 8710 13872 8719 15909 1919 4776 2002 8063 14237 8219 16187 926 10719 16187
4776 10033 8710 13872 8719 15909 1919 4776 2002 8063 6499 14579 14030 16187 926 16187
13089 926 1138 8451 5711 926 2458 8268 13474 14237 926 3249 12233 8554 1885 16187
926 926 8268 14652 12276 2446 9084 9754 4776 926 8230 1865 16187 16187 12825 10217
926 926 8268 926 926 8268 926 14237 926 926 16187 926 16187 9715 16187 13089
830 1750 6259 11453 14237 12168 5627 2780 2563 8712 8710 6535 10355 16187 16187 16187
9461 3177 2122 8268 7740 973 5329 6259 3098 926 8268 12008 5329 6259 899 7740
5580 6259 8478 8719 5463 8712 15846 6381 6011 14029 14237 8270 16187 4537 15525 3177
15662 2598 16187 16187 16187 16187 16187 16187 16187 16187 16187 16187 16187 16187 16187 16187
3171 4931 9754 6826 10355 2122 10033 8268 14237 8712 4931 2326 3112 8712 16187 6500
3171 4931 1954 2997 15043 2563 8268 1919 6826 3098 2122 10033 16187 6695 16187 11394
7740 973 15640 3171 2563 8710 4537 12495 9625 830 15721 16187 16187 16187 16187 16187
14919 3177 9484 3171 7637 3025 15302 6259 5948 12233 2823 15288 16187 12349 4776 817
15747 8268 9296 2466 2326 8268 14069 8710 15662 1597 820 926 830 4776 5358 14237
1889 8268 2263 1954 2122 14251 16187 16187 16187 16187 16187 16187 16187 16187 16187 16187
6070 14902 1019 5329 3112 8712 1229 6500 16187 2263 1903 8949 1957 2263 10812 16187
4776 2563 8710 6070 1507 12008 8710 6070 11773 2446 16187 6500 16187 926 16187 14029
14272 6259 4838 10033 16187 16187 16187 16187 16187 16187 16187 16187 16187 16187 16187 16187
3171 2563 8710 2945 4032 15715 830 10671 3177 5722 14043 800 8185 16187 7742 16105
3171 2563 4931 2945 6259 10770 12233 12650 16187 327 8081 12233 12650 16187 12650 3082
4776 14287 14776 8213 14237 6011 5208 9605 926 16187 16187 16187 16187 16187 16187 16187
4776 6664 8710 5286 3177 926 8808 10801 8719 4776 5365 16187 6071 8268 14237 8676
4776 6664 10036 8268 13084 12732 8268 8712 5867 7742 13663 14237 926 16187 14834 817
5329 4409 16187 16187 16187 16187 16187 16187 16187 16187 16187 16187 16187 16187 16187 16187
3171 8710 2945 14635 3177 3575 5463 6011 12232 11553 12766 15174 12233 2552 6259 926
3171 8710 2945 14635 3177 6152 8268 7664 3177 3011 8268 14237 6011 8309 14029 4776
8719 4146 4624 2552 10214 6028 926 12233 8733 2903 4776 2097 5253 16187 16187 16187
4776 8808 4931 1872 1955 4776 7310 284 9498 15347 16187 12820 16187 9925 12105 12345
4776 63 5328 8710 5463 6445 4776 2255 8268 4776 2563 16187 926 16187 6535 10355
8712 5867 6259 8752 12233 1654 4537 203 10355 7926 4931 16187 16187 16187 16187 16187
8712 8710 6070 926 14237 1097 10967 5463 1597 3177 4776 983 12233 8733 3171 10033
8712 8710 4776 9790 1955 8712 13942 5463 8719 6259 1435 4927 12495 16187 10394 16187
3748 5463 13474 3644 9754 97 6713 16187 16187 16187 16187 16187 16187 16187 16187 16187
9296 8712 5867 4537 5329 5937 16058 14180 983 16187 13089 15389 11789 14069 8710 14691
9296 8712 5867 5329 1229 14221 8268 12008 8712 5867 1229 6186 12233 3322 16187 10033
4776 13811 14237 12013 14776 1971 14237 9526 13907 3760 14808 12233 11239 16187 16187 16187
4776 4152 4931 6070 6140 14237 6070 12606 16187 8719 994 16187 7883 16187 8710 3461
4776 4152 8710 6070 6140 14237 6070 12606 14237 7843 13811 16187 13999 16187 3335 2563
9063 8268 4776 10442 4931 1954 15691 9684 12233 9070 16187 16187 16187 16187 16187 16187
4776 4152 8710 4776 1110 14596 5463 4931 6297 16105 830 9070 16187 9316 3171 2563
4776 2563 8710 6259 10355 926 16187 2053 926 3994 4837 926 16187 10552 16187 12349
14031 14237 3177 1245 2451 13110 16187 16187 16187 16187 16187 16187 16187 16187 16187 16187
91 8268 830 5480 16187 3366 8268 14237 8712 82 9070 2598 16187 926 16187 8081
12576 7742 8733 1133 6061 14180 4776 100 5022 8268 4261 8712 16187 14029 16187 5200
3171 2563 5329 5568 12209 8063 13784 6581 12008 2446 6390 16187 16187 16187 16187 16187
3171 2563 4931 6070 2689 2122 14237 8712 8710 5329 1229 2002 16187 11789 12127 983
3171 2563 4931 6070 2689 14237 8712 8710 5329 10589 11889 8712 5867 1229 7742 16187
10217 582 3321 15525 3177 4776 5910 13277 11079 14237 4914 2858 6259 110 6379 16187
4776 2285 13839 8710 6259 14397 1435 2148 16187 8229 16187 16187 13023 14237 12127 926
4776 15776 14237 10217 10217 13839 14776 10355 16187 16187 16187 3192 16187 12887 16187 926
12008 926 8712 16187 16187 16187 16187 16187 16187 16187 16187 16187 16187 16187 16187 16187
8712 4931 4776 9790 4927 12233 8158 4312 9085 2903 16187 9442 14237 4776 9339 12835
8712 4931 4776 10033 4537 9813 9004 11889 3171 2563 4931 5937 8662 13182 16187 6311
14031 8268 14237 8719 2037 14069 4931 13592 3141 8268 8712 5867 16187 16187 16187 16187
12008 5463 2563 4931 12583 3177 6259 926 830 4776 1419 16187 14237 4311 16187 8069
8712 5867 6259 6535 13129 2563 16187 5687 830 6259 5820 12007 16187 12007 2598 16187
7740 9429 5463 6535 630 10394 12232 1110 3171 2563 16187 16187 16187 16187 16187 16187
4322 8268 9296 6259 10355 2563 16187 12650 16187 15408 3177 187 16187 4421 1603 16187
3511 8710 5463 6070 11788 14237 12958 7740 12232 11553 1378 9085 16187 5332 16187 6535
12273 13769 3847 14734 564 12233 8197 643 12233 3774 16187 16187 16187 16187 16187 16187
7954 5867 643 8710 8719 6259 12311 1955 7926 8710 9796 5605 14237 5774 16187 7164
6481 8710 1954 8207 13926 8268 13084 13122 926 2837 4776 10887 2563 15507 16187 830
8719 4776 2037 3177 3171 1378 8268 7740 973 5807 1138 926 5711 16187 16187 16187
4776 3511 5463 3171 8710 6259 14467 14634 7518 14596 8712 8710 6070 15174 16187 10978
4776 745 4931 4776 5568 10589 926 8719 3171 10033 8710 4776 12894 16187 2326 11921
926 926 5867 12852 8710 11326 1430 830 4776 4750 926 16187 16187 16187 16187 16187
4776 926 926 512 1885 6259 10501 3177 6259 2563 5463 5086 16187 4776 5820 6985
4776 12337 926 8710 1885 5602 8268 14164 8268 14237 2077 926 2598 16187 9059 926
4776 9790 9424 13216 830 1866 16187 16187 16187 16187 16187 16187 16187 16187 16187 16187
4776 14596 8710 11953 6259 63 13734 16187 2563 16187 10272 12233 6683 11889 4776 4927
8712 4931 6070 13181 16187 8157 3177 4856 16187 8719 6259 2191 3177 14734 2191 16187
4487 6644 926 16187 16187 16187 16187 16187 16187 16187 16187 16187 16187 16187 16187 16187
8942 5463 5326 1924 12401 983 6259 3376 16187 5086 15525 4776 2148 16187 926 926
6259 10894 6929 12233 1138 5711 3211 1138 926 13348 16187 12515 12276 16058 9431 983
12008 15662 14180 4776 2175 4971 2598 16187 16187 16187 16187 16187 16187 16187 16187 16187
4776 4152 91 6664 8710 9754 1229 8268 8712 5867 4537 5463 8710 5329 13181 16187
4776 4152 91 8710 9754 6070 10355 8268 12495 10355 5463 16187 4949 5463 8712 5867
4776 7542 10709 8710 5463 1138 3343 830 926 5711 8710 5580 6259 10602 1378 16187
4776 15064 3177 4776 5002 4931 2997 10719 3171 2563 16187 6683 1957 16187 13081 2148
4776 15064 3177 3171 10033 4931 9754 5463 10355 16187 14069 4931 3171 1378 16187 2326
5359 8268 926 8268 816 16187 16187 16187 16187 16187 16187 16187 16187 16187 16187 16187
8268 8712 5867 5329 2689 16187 8081 12233 7185 8712 5867 9332 16187 15715 926 16187
14237 13089 6011 9429 4325 3364 926 1919 6259 9577 14029 926 16187 4311 16187 4311
3171 8710 14272 6259 10033 8710 10518 12233 2823 9442 8268 11339 8268 14237 10770 16187
3171 2563 8710 1229 8569 16187 203 8712 8710 3356 16187 8794 13316 16187 16187 15525
3171 2563 8710 6259 3098 12536 16187 16187 1507 10719 4776 2563 16187 926 926 16187
8712 771 6071 8268 13587 8268 14237 10941 4931 926 16187 16187 16187 16187 16187 16187
3171 10033 4931 2326 8569 16187 14029 4776 1583 14237 6011 5208 14581 4776 15939 16187
3171 10033 8710 10915 5568 1229 8268 7740 9429 7926 8710 6259 443 5867 8719 10033
6011 15846 9890 7001 1919 4776 10033 14043 6011 4628 9754 16187 16187 16187 16187 16187
6363 9484 5329 1229 7740 9884 8466 8712 14180 8258 8268 7740 4531 8712 1954 926
6363 9484 830 6259 2563 5463 6011 16138 2526 1957 14180 4776 12349 4776 763 926
643 8710 5329 1229 6535 9689 4776 2176 820 16187 16187 16187 16187 16187 16187 16187
12958 8710 2844 14237 12349 10418 13341 16187 926 16187 9264 8719 4776 10033 16187 926
12958 8710 405 4152 4634 2466 6011 4552 9754 15956 203 8712 5867 8106 8268 5329
13474 779 10471 630 8270 8719 16146 1133 16187 16187 16187 16187 16187 16187 16187 16187
4776 6664 8710 5286 3177 12 1439 16187 4927 926 5867 15640 5463 779 14631 830
8712 5867 9780 512 4776 5562 8268 14237 4931 5329 6070 9332 8726 5329 13839 16187
8069 4776 13110 4440 9498 10401 14237 6070 12606 16187 16187 16187 16187 16187 16187 16187
4776 2563 4931 6070 10355 16187 16187 2002 16187 6918 16187 4832 4624 11553 6665 16187
4776 2563 4931 2446 1954 926 12007 12233 4776 715 14125 8330 3177 4776 8858 16187
1378 1110 830 12401 3177 14734 1620 8272 16187 16187 16187 16187 16187 16187 16187 16187
6259 5948 3177 4776 2002 3034 8710 4951 8719 3171 10008 12007 16187 2563 16187 3098
6259 6813 1453 12349 4776 1787 13021 6905 16187 7970 16187 13623 16187 14350 16187 16187
7926 8470 926 5463 15658 926 4776 13226 926 12958 16187 16187 16187 16187 16187 16187
4743 10033 779 6259 5948 3177 13726 12233 10727 3513 8710 6259 3335 3177 926 16187
7926 779 926 8268 12307 8719 2768 12233 926 14734 16058 14029 4776 15806 3177 13411
3171 2563 771 15819 11434 3177 4776 926 4194 2313 16187 16187 16187 16187 16187 16187
3171 2563 8710 2945 8270 14237 2148 10128 14958 8268 176 16187 926 16187 926 16187
4776 12298 4931 1229 10355 8268 8712 8710 5329 5463 7724 16187 1957 4776 926 13348
3938 926 10967 14180 12349 16187 16187 16187 16187 16187 16187 16187 16187 16187 16187 16187
8712 8710 1955 8693 3257 6259 2563 1955 6011 5208 14518 6259 8794 12233 8733 2148
8712 8710 1213 6259 5217 15902 14596 5463 15846 7975 1919 6011 16187 9316 8712 16187
14237 3177 1245 8268 14690 926 8710 15762 8719 1885 3335 8268 7970 9222 9534 16187
3171 10710 14596 8710 6259 6070 10355 10033 16187 16187 15096 983 16187 4776 9577 16187
3171 10033 4931 4776 926 16187 10033 16187 14834 4310 8081 817 16187 926 16187 2176
8712 4931 8993 10355 8268 12008 4776 15776 15814 9498 2805 16187 16187 16187 16187 16187
4776 4152 91 6664 8710 14397 10355 14237 203 1435 7926 5867 5463 7926 3847 7926
4776 4152 91 6664 8710 1344 10355 8268 8710 5329 14180 8890 926 4631 16187 14237
13341 1390 12233 2823 11457 8268 7740 4931 7740 4931 1407 2837 4776 3213 16187 16187
4776 2563 8710 2543 2903 11889 6259 3059 12740 820 8268 12757 6173 16187 7377 3177
4776 2563 8710 1507 14237 16187 14180 1778 4776 13094 16187 10399 12233 13317 8268 14237
3171 8710 1378 3177 9743 16038 8185 5463 6011 5208 2172 1229 630 10967 16187 16187
4776 14596 4592 8710 1157 5463 10355 2563 5999 2148 512 1157 6672 3364 9754 2823
3171 8157 3177 4856 10033 13991 6546 5463 3112 6011 2326 16105 4776 9450 9138 830
5415 8268 7740 973 7032 4776 3299 91 16187 16187 16187 16187 16187 16187 16187 16187
1885 8808 4931 13532 12233 1207 16187 16187 16187 2563 8719 4776 2563 14237 8692 16187
1885 8808 4931 13532 12233 1207 16187 14596 16187 926 14029 4776 8588 14237 9264 15762
5335 4931 8712 6500 14272 13411 12233 4776 926 926 16187 16187 16187 16187 16187 16187
4776 15064 3177 3171 10033 4931 9754 8106 14237 4776 10418 4931 2446 13074 16187 14180
4776 15064 8710 9754 8569 16187 4776 4152 1955 6259 10894 3177 6259 926 16187 4776
3796 926 15304 926 4917 926 14237 3204 926 2823 8790 12233 12729 1885 16187 16187
9410 8710 15119 1922 2837 582 8268 926 8268 856 8268 14125 14237 9764 926 16187
9410 8710 15119 1922 2837 582 14237 926 926 7076 3748 6259 926 3177 6259 926
12008 5463 5867 1955 14221 1955 8712 13216 16187 16187 16187 16187 16187 16187 16187 16187
8712 4931 6535 630 5947 2664 8268 5329 8268 12008 14734 1378 8710 14029 4776 4267
8712 4931 6070 926 14237 3511 13807 3112 8712 1229 6259 10033 4032 15715 16187 7937
4776 5138 8719 1885 8710 926 8268 11162 14237 10770 12233 12650 16187 16187 16187 16187
4776 6664 8710 5286 3177 926 1955 6259 926 16187 926 8719 4776 12298 16187 926
4776 6664 8710 2751 14237 6246 14237 3335 14237 8268 564 3177 14180 8268 926 16187
6259 2494 926 6259 14217 1750 926 14237 6253 12233 8815 1885 16187 16187 16187 16187
6259 9438 8268 2837 926 2598 16187 16187 8719 4776 1419 16187 5568 2552 14776 4776
6259 9438 8268 2837 13084 7156 2552 3171 14251 14029 4776 8588 8438 16187 5388 16187
13084 14831 8268 13084 12019 8268 7740 2383 16187 16187 16187 16187 16187 16187 16187 16187
4776 7949 4931 12495 11273 8268 4923 14237 12467 16187 14237 12467 16187 7185 16187 7612
8712 8710 6070 1435 8268 12495 15347 5463 8712 4931 16105 6259 10033 16187 14230 16187
7740 10603 3171 9780 9840 1344 9332 16187 16187 16187 16187 16187 16187 16187 16187 16187
3963 3171 10033 8710 5463 10401 14237 5906 16187 6683 1957 4776 6683 2148 9643 16187
6070 6148 8268 6070 1781 8268 4108 5906 14237 3422 16187 1684 16187 14237 2204 16187
14234 8885 926 16187 16187 16187 16187 16187 16187 16187 16187 16187 16187 16187 16187 16187
6259 13498 13103 8710 669 13663 14237 11022 16187 7742 4302 16187 10983 16187 7134 14237
6259 4142 274 10033 8268 12008 15884 12233 1110 4776 12835 16187 14180 4776 9955 16187
14272 8710 5329 13074 8710 4776 3299 14237 11166 3184 13943 5463 8712 6297 13411 16187
4776 4152 8710 9754 1883 8569 16187 1957 8712 5137 16187 6259 16167 9887 16187 8466
4776 4152 8710 6070 10355 16187 8268 14237 2326 8710 5329 9332 16187 9442 16187 9442
5463 3847 9754 8905 8313 8712 5867 6259 6388 10033 16187 16187 16187 16187 16187 16187
8712 5867 1229 8569 5463 8712 5867 5329 8569 16187 5463 926 4931 2148 11889 16187
8712 5867 1229 9918 8268 2689 16187 14237 10355 2122 4440 14237 8712 1029 6011 16187
6173 926 926 145 6259 10761 8081 1545 8719 6071 16187 16187 16187 16187 16187 16187
10496 13408 3927 6259 5695 4779 16187 926 16187 2837 926 926 16187 3210 16187 926
926 6259 2601 4302 926 16187 3554 12233 11553 12766 926 14029 1954 1378 3177 4776
8654 14237 4776 11096 926 8630 8712 8268 14237 2148 8858 3609 14237 926 926 16187
4776 14467 926 15093 3177 4776 10033 8710 5329 4776 5314 8350 16187 926 16187 13501
4776 8268 8719 926 8268 7926 926 8268 14237 867 16187 8710 6535 1435 16187 8710
15389 12260 7001 223 8726 7926 11553 2327 5463 16187 16187 16187 16187 16187 16187 16187
15389 12260 7001 223 8726 7926 11553 12233 2823 1959 830 6826 112 13348 16187 13348
15389 12260 7001 223 8726 7926 11553 2327 5463 16187 12459 16187 12349 16187 6685 16187
8712 7651 7165 6259 5812 2563 16187 16187 16187 16187 16187 16187 16187 16187 16187 16187
4776 14596 10781 8710 6259 926 8268 14237 14069 8710 8979 8712 6259 5948 8270 16187
4776 14596 8710 2466 10399 12233 14192 8268 12008 8712 8710 9332 16187 630 10016 16187
9784 926 8710 4776 14596 3177 6259 4695 14237 7653 11215 926 926 16187 16187 16187
4776 9040 8710 6259 6855 14237 2550 582 14237 926 926 16187 12431 12233 7001 7829
4776 11253 8710 6259 8268 14237 926 926 8710 6259 926 16187 2326 926 14237 926
7740 4537 14581 5463 8712 868 8719 1597 7558 16187 16187 16187 16187 16187 16187 16187
5463 3511 8710 4537 1229 630 1954 1482 10033 8710 8268 12008 5329 6259 10355 2563
3511 5463 8710 5463 12958 13089 8712 5656 12233 6259 2689 512 4537 6259 2122 9618
2599 9070 926 6259 10894 16187 16187 16187 16187 16187 16187 16187 16187 16187 16187 16187
5952 926 8710 2308 14180 4776 2601 419 16187 926 16187 1110 8719 4776 308 512
12958 8710 405 4152 4634 8268 14237 6826 2148 926 512 4776 7178 16187 3400 3880
3171 8710 6259 7742 3650 2563 12583 3177 13587 8268 2204 14237 800 12192 16187 16187
3171 2563 8710 6070 8268 6070 10355 16187 5388 16187 9442 12545 11953 6161 16187 9264
3171 8710 6259 6070 10355 10033 5463 8710 2263 6259 10355 16187 2563 16187 15624 14237
1138 926 14237 4776 926 8268 5711 203 4552 11390 2598 2598 2598 16187 16187 16187
4776 8268 926 926 8268 8154 8712 2148 830 6259 5947 2664 9618 8268 14237 11553
4776 8268 1866 8808 8710 9754 6259 3011 11901 1207 16187 91 16187 512 1885 4464
5329 4537 14745 8456 6011 8268 12008 10394 8719 3171 10033 9498 5580 3098 16187 16187
8712 5867 5329 6070 2115 2563 10259 1919 16146 926 16187 4406 13908 8268 15649 8781
8712 5867 5329 13616 14272 7740 5208 5329 2552 4776 13839 16187 14125 14237 9316 8712
7926 4537 3007 12495 817 830 4776 10501 16187 16187 16187 16187 16187 16187 16187 16187
8712 9113 6259 10894 2148 15538 12233 4776 12633 16187 16187 14734 7981 14237 7367 8808
8712 9113 6259 10894 2148 15538 12233 4776 12633 16187 16187 14734 954 16187 13532 15781
16108 14043 5329 6011 14776 10743 3847 5329 8438 16187 16187 16187 16187 16187 16187 16187
8712 12232 11553 10978 8268 10355 14043 1229 16187 14237 1750 1954 9563 830 8712 12449
8712 3847 9754 11870 1157 12233 12650 3171 10033 16187 12767 16187 3575 11889 15715 3171
5329 5463 4776 498 11836 1133 9498 8569 8268 4325 4537 4931 9754 8213 16187 16187
3171 2563 4931 10355 8268 14237 8712 16105 9070 9429 8712 5867 10355 830 10400 13348
3171 4931 4776 6006 14237 4776 132 8268 8719 4776 3078 16187 8746 1919 4776 926
4776 926 9498 14180 926 2903 16187 16187 16187 16187 16187 16187 16187 16187 16187 16187
4776 7151 4189 14237 4604 14776 6070 15174 16187 16187 954 16187 926 16187 16187 2296
4776 7151 926 7076 1435 12233 926 8268 1435 14237 926 2837 1885 926 16187 6259
12008 13084 1378 2326 13213 15525 16187 16187 16187 16187 16187 16187 16187 16187 16187 16187
8712 5867 6070 11298 14237 7708 8268 14237 5463 1093 3543 926 8712 6259 926 16187
8712 5867 6070 11298 14237 7708 8268 14237 5463 1093 3543 926 8712 6259 926 16187
14350 15525 1209 16187 16187 16187 16187 16187 16187 16187 16187 16187 16187 16187 16187 16187
1483 16187 2149 1398 2563 1778 16187 9442 14237 2608 8268 14237 9640 1954 2148 926
1483 16187 14426 1378 4832 4624 5208 11553 1885 9431 983 16187 7981 16187 14237 14069
8719 3511 8268 6070 9450 3177 4776 4856 8719 926 13623 14350 16187 16187 16187 16187
4776 4152 8710 8170 14237 779 1954 926 16187 13811 16187 926 1957 4776 12298 16187
4776 4152 8710 8170 14237 779 1954 926 4152 4776 14596 8710 4776 14596 5463 13811
8719 12276 3109 8268 4845 8710 14635 3177 204 16187 16187 16187 16187 16187 16187 16187
3171 4931 6259 9614 9780 10983 512 7970 8164 14237 7970 412 16187 4009 16187 16187
4776 4152 8710 8719 4776 9790 1955 14221 1955 8712 779 1954 926 1919 1597 4853
7800 4240 12276 14164 12449 12233 15956 13089 4624 3364 9605 8712 14029 926 10799 16187
1138 7740 12020 7740 771 5463 13411 8719 4776 2563 16187 2326 6635 4776 10033 16187
1138 4776 10033 5867 926 830 9070 16187 8710 6259 2024 2563 16187 12650 16187 10372
4776 5088 4924 5629 4776 926 14237 4776 13559 8710 7742 5606 14237 6535 2689 16187
4776 15064 3177 4776 4927 15597 2752 14776 1229 8124 5463 15597 926 16187 14180 15597
4776 15064 3177 8712 5867 1344 2002 16187 2446 1344 12105 12345 16187 1597 926 16187
4421 15928 8710 5498 926 8268 1954 926 926 926 5095 16187 16187 16187 16187 16187
4776 926 6297 779 6826 926 10967 4776 1597 926 12233 4776 308 16187 4370 926
4776 10033 8710 2837 10394 6672 8268 14237 14180 4776 13839 16187 5036 16187 926 1919
4776 10217 1133 14776 6070 9780 16187 16187 16187 16187 16187 16187 16187 16187 16187 16187
4776 14596 8710 13622 14237 14069 8710 2148 4152 10801 16187 10272 12233 9605 16187 5820
4776 15064 8710 9754 4776 132 8268 1229 1597 9332 16187 8200 16187 7742 16187 16187
13084 1378 12431 7491 8268 10879 14043 1157 16187 16187 16187 16187 16187 16187 16187 16187
4776 2601 10400 8710 5329 8569 16187 14237 8712 3364 9754 2823 9332 16187 6070 405
4776 2601 14596 10140 6011 10967 4776 10442 3177 4776 13555 16187 8268 14237 4931 6259
12958 8710 405 14237 11936 14958 16187 16187 16187 16187 16187 16187 16187 16187 16187 16187
4776 13811 8710 3326 15505 14237 4776 1736 3112 4776 10033 10150 3789 16187 6259 10150
4776 7554 7949 8719 6259 9385 1955 6259 10710 12008 6070 3177 6259 2176 10033 16187
9455 11553 13592 10400 1449 10967 11394 8181 948 12013 3171 2563 4931 2598 16187 16187
831 2894 13077 3171 2563 15525 8268 12008 13588 8258 6011 12003 16187 15846 14581 4776
831 2894 13077 3171 2563 15525 8268 12008 13588 8258 6011 12003 16187 15846 14581 4776
4776 9404 14281 8710 6259 9616 8268 15291 3525 3211 3177 70 16187 16187 16187 16187
4776 1350 5463 4931 4776 14411 2563 16187 9004 1954 176 3177 6259 14419 2563 16187
4776 6664 8710 6280 14237 4776 3163 8710 14180 11953 16187 16187 983 16187 4994 16187
4776 12014 8710 11039 3177 10382 16187 16187 16187 16187 16187 16187 16187 16187 16187 16187
4776 63 5328 779 7458 8268 12008 14691 8710 4537 5329 6259 10355 2563 16187 6259
4776 2601 14596 10140 6011 10967 4776 10355 4927 3177 4776 4440 16187 983 16187 2296
8712 5867 1954 13575 5463 7740 8680 10603 13745 16187 16187 16187 16187 16187 16187 16187
8712 4931 6070 10011 8268 12008 14691 8710 2689 16187 12606 16187 10434 8268 8712 5867
8712 4931 6535 630 6259 8808 9809 10033 8710 8569 8268 5329 13616 16187 14069 8710
8712 2251 9070 6259 5948 3177 4776 6185 584 3177 1138 4776 451 5711 2563 16187
4776 2601 2563 8710 6259 10355 12495 16187 4927 12495 1348 16187 926 16187 304 5253
4776 2601 2563 8710 6259 926 16187 5431 6661 12233 4776 10033 16187 12349 4776 817
14069 14776 14219 8185 512 3171 15649 7740 11553 771 4776 317 3177 9316 16187 16187
5463 1750 8592 8268 8712 8710 4776 4537 6390 1138 10978 5711 2563 2563 1138 7970
5463 1750 8592 8268 7740 4142 8154 1138 8871 5711 12233 4776 14596 16187 926 16187
14237 3171 8185 2097 3177 4312 16187 16187 16187 16187 16187 16187 16187 16187 16187 16187
3171 2563 8710 12495 10355 2122 8268 14237 12958 11953 3171 2563 8710 6535 630 6259
3171 14596 8710 2148 3177 10355 2122 8185 16187 5713 4440 11998 2296 926 16187 14029
7740 12260 1436 3171 2563 4931 6070 7742 10471 16187 16187 16187 16187 16187 16187 16187
12495 10415 830 3171 2563 8258 8268 8712 8710 8268 14237 4311 8712 5867 1229 8712
12495 10415 830 3171 2563 8268 1229 7740 5208 2552 8712 816 8719 4776 2563 16187
4776 11770 3177 2313 14776 15389 5463 4624 14489 10671 11553 8727 5257 12233 16187 16187
4776 3942 8710 5463 8712 5867 15510 14237 15624 16187 10399 4189 16187 10545 2903 2550
2263 7664 12832 2627 771 9070 6979 971 14029 4776 948 10953 16187 10953 2128 10953
4776 13811 8710 12256 16187 16187 16187 16187 16187 16187 16187 16187 16187 16187 16187 16187
4776 15064 3177 2285 8710 6535 9332 16187 5329 2689 16187 10879 14237 15884 12233 5993
4776 63 8710 5463 6445 4776 2263 13436 8268 13084 8914 14069 16187 1222 16187 5804
10503 9070 8268 7740 5208 2823 1955 4963 1955 4776 3137 5095 16187 16187 16187 16187
8712 5867 9780 512 5463 4624 5208 5329 2326 12449 12233 15956 1957 14180 4776 983
8712 5867 1955 10355 1955 4776 2563 8268 15649 8710 2326 487 6259 3098 14596 8268
4776 1754 3177 4776 13839 8710 14030 16187 16187 16187 16187 16187 16187 16187 16187 16187
4776 4927 4776 14596 8710 9481 834 16187 9925 16187 1919 15096 16187 8457 16187 926
4776 4152 8710 4776 9790 8268 8712 2296 5994 16187 14237 2689 16187 9442 5030 6259
7740 11839 4776 2588 13756 12028 14043 1229 4931 6535 10355 16187 16187 16187 16187 16187
4776 2563 4931 2326 10355 8268 14237 8712 4931 2689 16187 8712 5867 5329 10355 16187
4776 2563 4931 6259 3192 5033 3211 1919 6259 5948 3177 11901 3727 13701 16187 11553
6979 14272 6011 3364 11753 1955 4086 16187 16187 16187 16187 16187 16187 16187 16187 16187
15438 4552 9754 11889 5463 6724 1955 3061 1955 4302 2598 16187 14734 983 16187 8084
15438 4552 9754 11889 5463 4624 5208 2296 5272 13089 15715 3171 2563 8710 5463 5568
7001 2858 4776 926 8268 984 4776 7045 8268 9605 14272 6011 7448 16187 16187 16187
4776 10344 926 926 16105 6259 2148 13074 2053 926 3994 512 7063 926 16187 6073
4776 11404 4837 4776 12298 14776 926 830 4776 2563 16187 6231 9852 16187 4776 926
4537 6259 15375 2148 8871 8268 12008 5568 4537 6259 15375 16187 16187 16187 16187 16187
8712 5867 6070 11298 14237 7708 8268 14237 5463 1093 3543 926 8712 6259 926 16187
8712 5867 6259 1435 1378 12495 9605 6705 12233 2526 14046 16187 191 926 3177 4776
14272 6259 9744 13348 16187 16187 16187 16187 16187 16187 16187 16187 16187 16187 16187 16187
3171 4931 6259 8974 1866 2563 5463 820 12260 16187 2313 8268 2327 16187 9442 11007
3171 10033 4931 6259 8974 16187 2563 5463 6259 5948 10471 8719 6259 4949 8974 13270
7926 8710 1411 1919 14734 643 16187 16187 16187 16187 16187 16187 16187 16187 16187 16187
4776 6161 779 9594 7182 14858 4776 926 10540 1778 926 16187 3554 12233 2823 926
8712 8710 10710 7314 14237 8712 8710 15310 926 7314 16187 8185 5463 6011 15846 1941
1213 6259 6890 13348 16187 16187 16187 16187 16187 16187 16187 16187 16187 16187 16187 16187
2982 3286 16187 16187 926 16187 9813 926 8268 9290 16187 926 8313 16187 16187 6153
11758 16187 14221 1094 16187 14195 16187 16187 7251 4311 16187 10509 8185 16187 926 16187
4776 13607 8710 7493 14237 4776 1259 14776 3098 16187 16187 16187 16187 16187 16187 16187
4776 8808 8710 5329 6070 8268 6070 926 14237 8710 15048 1957 7001 16187 16187 5804
4776 14596 8710 4927 12495 1348 14237 926 7674 12233 14192 1955 4776 13103 4818 16187
3367 926 9084 14272 7926 771 12233 4552 13460 16187 16187 16187 16187 16187 16187 16187
1998 16187 8185 11889 4312 8719 14180 4776 3098 10033 15978 4325 14776 12105 2837 15597
1998 16187 8185 4552 4776 9790 4927 4776 8270 512 12767 926 16187 8146 926 16187
926 1138 926 5711 15199 12179 7063 5867 4707 4776 9450 926 14776 10913 926 16187
4776 5522 1919 926 14237 12209 926 2598 16187 926 4776 926 9498 4949 16187 5200
4776 5453 5522 1919 926 16016 16187 926 16187 926 926 16187 14834 14237 926 926
926 2710 13348 16187 16187 16187 16187 16187 16187 16187 16187 16187 16187 16187 16187 16187
8712 3847 5329 888 4776 4932 8268 14043 1436 5463 1138 12102 926 16187 2024 16187
8712 8710 203 5713 2513 14776 1387 8268 926 8268 14237 5084 8719 4776 10033 16187
7740 9429 15520 4194 779 10024 15180 1919 12224 14237 15532 14237 11211 16187 16187 16187
13783 16187 8569 5889 16187 14397 13474 13942 8268 15624 16187 15624 16187 16187 14237 4325
13783 16187 8185 11553 8466 7661 2696 16187 10501 16187 5463 13942 12233 2823 16187 15416
4325 14776 8093 5853 1211 14237 14776 133 5462 684 1955 14225 582 8719 10207 16187
12117 14237 1531 16187 5176 16187 16187 16187 1919 16187 2296 16187 16187 11912 16187 6500
12545 6171 2598 16187 4832 16187 2097 8811 16187 11644 7740 11889 8712 16187 9316 8712
6259 9290 15658 9084 14272 7926 9084 14237 8719 1213 6259 14426 983 2847 8270 16187
4776 2285 14596 926 1778 7804 4240 926 1955 7742 1955 4218 16187 16187 7367 12999
4776 2601 9424 8710 4537 7891 8268 2843 8268 14237 5329 4032 15715 16187 983 16187
12495 1597 703 9498 12209 14043 6188 15525 16187 16187 16187 16187 16187 16187 16187 16187
3171 2563 4931 12495 10355 2122 8268 12008 5462 15978 2263 8157 3177 10033 16187 14180
3171 2563 4931 12495 10399 2122 4440 8268 6011 11031 5046 5329 1110 16187 14043 5031
4776 10033 10781 8710 6259 14431 11264 16187 16187 16187 16187 16187 16187 16187 16187 16187
4776 4152 8710 8170 14237 4537 6259 10894 12495 630 8093 9311 11953 16187 4189 16187
4776 4152 8710 8170 14237 779 6259 8794 5801 12233 8712 16187 1229 1435 16187 926
4776 5463 8710 15131 3177 12127 2122 3177 14734 8710 6606 8268 6601 10874 16187 16187
4776 14596 8710 14272 926 13089 8712 5656 12233 6259 2689 512 1378 9290 5867 6259
4776 15064 8710 2285 2446 12367 16187 4776 2037 8268 12008 5463 5867 10501 16187 926
9715 5641 4776 2211 6689 5967 12233 7698 8712 16187 16187 16187 16187 16187 16187 16187
6259 13498 13103 5463 779 6259 3098 8855 3177 4856 8268 11261 8268 14237 1110 16187
6259 9438 926 2837 1138 926 5711 926 16187 9653 16187 926 2598 16187 6718 11778
9296 6259 10288 4302 1543 1110 6251 5152 3177 12958 14561 1957 8712 2598 16187 16187
2945 6259 10887 3942 1919 3171 2563 16187 2122 8719 5463 16187 13411 16187 14237 926
3171 8710 6259 9264 926 14237 1378 3177 4776 12738 14776 14029 4776 12825 5820 14237
12008 4552 9754 1453 8712 1329 16187 16187 16187 16187 16187 16187 16187 16187 16187 16187
3171 2563 4931 630 8270 512 4776 926 16187 1592 13539 14237 12401 16146 954 16187
3171 4931 2945 8270 8719 6826 7558 13348 16187 11889 4776 4927 16187 14237 8712 8710
4776 10033 4537 6227 13139 16187 16187 16187 16187 16187 16187 16187 16187 16187 16187 16187
4776 3511 5463 3364 11553 12766 8270 8268 7740 4931 5329 6259 10978 10033 1919 10372
4776 3511 5463 8712 8710 1872 1955 6259 10710 4927 16187 926 16187 503 16187 926
2263 1405 13348 16187 16187 16187 16187 16187 16187 16187 16187 16187 16187 16187 16187 16187
2263 716 11273 5463 5713 9288 9498 6552 14457 3177 9431 16187 9431 16187 16187 10217
2263 5329 1954 8162 3653 2563 954 16187 1954 4687 9516 16187 3803 16187 3803 1243
2006 926 11014 16187 16187 16187 16187 16187 16187 16187 16187 16187 16187 16187 16187 16187
6280 12233 13317 7926 8719 9605 15389 16187 1957 4776 14596 3177 6259 4311 16187 7499
926 14537 7076 1955 6259 6855 14237 6074 926 1919 2176 9465 14237 9442 11836 16187
926 926 5584 5867 4776 12369 3391 8710 1955 7791 1954 176 1955 13592 16187 16187
4776 926 926 8710 5695 12495 10501 3177 3171 10033 8710 5329 9591 16187 926 16187
4776 926 926 8710 14029 4776 9165 3177 926 16187 926 8719 3171 10033 16187 926
5463 8710 12276 2573 12233 4776 10344 3098 926 926 16187 16187 16187 16187 16187 16187
3171 7542 6259 630 2148 5074 1919 4776 2563 512 6259 926 16187 5332 16187 926
3171 8710 1954 16150 8662 14596 14596 5463 8710 5568 6259 15819 9450 1957 4776 6499
4776 10355 14465 3177 4776 2563 14776 4776 7310 284 14237 4776 132 16187 16187 16187
4776 4152 8710 6070 2805 14237 4776 2946 2451 10571 7742 16187 10571 7742 16187 9736
4776 4152 8710 6070 2805 14237 4776 10418 16187 779 6259 4858 14237 13988 830 4776
820 11889 926 926 8268 12441 8174 9577 2903 830 926 14237 14776 4431 16187 16187
926 2446 3364 9754 11553 10471 8270 1957 6826 3137 983 16187 5332 13089 5937 467
926 2446 3364 9754 11553 10471 8270 1957 2263 15335 4440 16187 929 16187 16187 926
8712 8710 6259 4570 3177 926 16187 16187 16187 16187 16187 16187 16187 16187 16187 16187
8712 4931 6070 630 6259 8808 9809 10033 8084 16105 16187 2974 14237 12102 3171 2563
8712 4931 4776 9790 405 3384 8719 6259 9780 13501 14237 1919 926 926 5867 926
14691 11889 14734 9442 12545 13193 10115 8808 10967 4776 9431 2563 16187 16187 16187 16187
4776 2563 8710 14180 12008 10053 16187 2588 5365 16187 1229 2444 3846 16187 8719 6259
4776 2563 8710 5329 7594 8268 8719 3511 8712 8710 7742 10471 16187 7742 16187 16187
15662 9084 4325 4552 5463 12233 13594 2598 16187 16187 16187 16187 16187 16187 16187 16187
4776 8268 14465 13341 7742 8268 4325 5208 7347 6011 2989 2563 16187 8093 8258 16187
3171 10033 8268 9084 5329 203 8712 14180 926 16187 2598 16187 16187 8781 16187 12401
14180 13631 4032 6259 2327 16187 16187 16187 16187 16187 16187 16187 16187 16187 16187 16187
2263 5329 1378 3177 4776 926 8268 14237 14221 10967 4776 4267 926 16187 8146 2296
2263 5329 1378 3177 4776 926 8268 14237 14221 10967 4776 4267 10033 16187 10272 12233
5329 5463 14734 10554 8710 9754 9332 16187 16187 16187 16187 16187 16187 16187 16187 16187
3171 9424 8710 4776 564 2563 6801 15525 14069 16187 5430 16187 6011 188 14237 816
3171 4931 6070 10355 14237 2327 12233 2451 6259 8270 13348 16187 15525 3177 9484 16187
6826 13181 14395 5463 6011 9884 2543 830 5430 2598 16187 16187 16187 16187 16187 16187
4776 7949 4931 12495 11273 8268 14237 1957 8712 5867 12495 16187 12495 16187 14237 4776
4776 7949 4931 12495 11273 8268 1229 5463 5867 14272 3112 4776 10033 1229 8710 1957
7740 11889 3171 2563 8268 7740 2326 4552 16187 16187 16187 16187 16187 16187 16187 16187
9487 8268 7740 6635 203 4776 926 4931 9754 926 16187 8710 16187 9591 1955 10566
9487 8268 7740 6635 203 4776 14596 7740 12232 5329 11889 4776 4927 16187 9442 6306
