1138 4776 6406 5711 8710 1378 3177 4776 5365 5867 564 16187 16187 16187 16187 16187
2199 1138 926 5711 3177 926 14776 926 10967 4776 300 2858 4776 926 16187 926
3112 4776 926 3177 10232 926 926 16187 12416 16187 926 6905 16187 10272 12127 9178
926 13175 8710 9332 14237 939 12233 2823 6259 9154 5646 950 16187 16187 16187 16187
11439 926 8710 4776 3780 926 1853 8268 6259 4389 5726 16187 2066 12260 2552 3137
11439 926 6259 15211 3177 926 2858 8708 8268 5329 8548 14734 12380 16187 14734 643
8712 771 7740 10246 2176 4924 4440 14237 6259 6070 10355 4152 16187 16187 16187 16187
8712 8710 14180 4776 2148 9707 5463 1954 950 11889 9367 7148 3418 8719 8712 16187
8712 8710 9754 1955 1523 1955 10355 4310 4776 13701 8268 14180 703 9780 16187 9442
4776 9431 5328 10244 8710 9813 15624 1019 2148 6971 512 11873 16091 13348 16187 16187
4776 15064 8710 9754 8569 16187 16187 12606 16187 13348 16187 12654 4776 9342 13348 16187
4776 11608 2500 6363 16187 9484 16187 7742 6683 3177 6259 8270 512 926 16187 16187
4776 16146 6729 10595 779 8710 5463 1731 3847 6259 5695 15781 8719 11095 14745 16187
4776 13811 8710 3326 15505 14237 4776 1736 3112 4776 10033 10150 3789 16187 6259 10887
4776 13811 8710 3326 15505 14237 4776 1736 3112 4776 10033 10150 3789 16187 7125 16187
3171 4931 15389 9813 9780 12233 14272 771 12766 4979 8719 4776 13114 16187 16187 16187
3171 4931 1954 2122 14419 10033 14237 15846 8093 2552 15389 3765 512 13474 5867 1954
3171 4931 1954 2997 15043 2563 8268 1919 6826 3098 9128 14237 12583 3177 11608 16187
9277 4624 2296 5272 5463 16187 16187 16187 16187 16187 16187 16187 16187 16187 16187 16187
1865 5937 2974 14237 5937 8185 15846 6601 195 15525 14411 16187 16187 13348 16187 2066
1865 5937 2974 14237 5937 8185 15846 6601 195 15525 14411 16187 16187 2097 3177 8811
8710 14069 1213 6259 9424 1955 6259 1138 1022 4233 7712 5711 2563 2598 16187 16187
8712 8710 6259 3098 12805 16187 16105 9070 16187 16187 983 830 4776 9431 983 16187
8712 8710 6259 12260 2552 16187 830 10671 3177 4776 13839 16187 8185 16187 926 16187
8680 8268 7740 9084 9754 2552 4776 7448 12233 926 1866 16187 16187 16187 16187 16187
11499 12576 8268 7740 9084 9754 2326 9605 926 16187 8719 4776 926 16187 13348 16187
11499 12576 8268 7740 9084 9754 2326 5407 5711 16187 14272 4931 6259 10355 2563 16187
12260 2552 3171 2563 16187 16187 16187 16187 16187 16187 16187 16187 16187 16187 16187 16187
3171 8710 15389 12233 12650 2837 5430 1229 6011 5208 7721 14272 8710 9015 16187 8710
4686 3543 12650 3171 1955 3171 2563 779 11779 16187 6071 8268 14237 8712 8710 12349
6173 16187 16187 16187 16187 16187 16187 16187 16187 16187 16187 16187 16187 16187 16187 16187
3171 10033 15846 2823 7864 1955 6259 8974 8719 4776 1243 12233 13758 16187 16187 11889
3171 10033 15846 2823 7864 1955 6259 8974 8719 4776 1243 12233 13758 16187 11889 8712
3171 1378 779 6259 869 8270 13839 16187 16187 16187 16187 16187 16187 16187 16187 16187
3171 8710 4776 14635 3177 2563 5463 7740 12232 1110 12233 8733 2191 16187 12707 4776
3171 8710 2945 14635 3177 6152 8268 14237 91 5208 2348 16187 830 4776 926 13348
8712 5867 4537 4763 15174 14237 10710 14237 8710 3257 8719 11859 16187 16187 16187 16187
13606 14029 2175 10818 14237 6065 3765 512 5476 12008 4311 10036 10516 9084 574 16187
13606 14029 2175 10818 14237 6065 3765 512 5476 12008 4311 10036 10516 9084 574 16187
7740 8069 9084 9754 3950 926 91 1955 4776 1229 15142 14826 16187 16187 16187 16187
7740 10589 4531 15715 3171 10033 9316 8719 4776 5777 4931 1957 8712 16187 6070 7742
7740 10589 4531 9879 1335 926 5867 8879 15036 14237 4776 926 3177 926 926 16187
5329 5568 4776 14596 4931 8712 8268 14272 4931 1229 7594 16187 16187 16187 16187 16187
3171 4927 5530 14470 11553 6259 8270 3984 16187 926 6259 15819 8225 5463 1885 8719
3171 926 10033 8710 6297 1378 3177 4776 15335 14237 4776 4440 11998 12349 4776 6102
4776 9431 1378 8710 8270 8268 630 8270 16187 16187 16187 16187 16187 16187 16187 16187
4776 9431 9424 5463 2714 15525 11953 4776 10033 8710 4776 14973 16187 2326 13081 817
4776 9431 9424 5463 2714 15525 11953 4776 10033 8710 4776 14973 16187 2326 13081 817
926 1787 10217 8710 6259 3257 176 16187 16187 16187 16187 16187 16187 16187 16187 16187
11439 926 8710 6259 926 8719 4776 10033 16187 5332 16187 817 16187 1957 14589 16187
11439 926 6259 15211 3177 4776 8404 8268 1955 7740 4931 2689 16187 16187 6550 4776
232 574 16187 16187 16187 16187 16187 16187 16187 16187 16187 16187 16187 16187 16187 16187
13241 5867 13811 8710 12489 14708 16187 9715 14237 4776 12835 15513 14596 16187 926 926
13241 5867 13811 8710 12489 14708 16187 9715 14237 4776 10566 5453 4776 10033 16187 4776
7926 4931 5329 3257 12008 7926 4931 6259 15762 16187 16187 16187 16187 16187 16187 16187
7926 4931 12669 1955 8569 1955 4172 8268 14237 9139 8710 7926 2115 13348 16187 14241
7926 15881 3102 1919 4776 926 474 15978 7926 6546 4446 830 4776 10418 14237 6826
926 5618 1954 916 15781 14237 8710 5787 1919 6584 4330 926 926 926 16187 16187
926 926 8710 10211 7810 8268 1955 11846 16187 16187 926 8268 8710 6606 16187 14029
926 926 7076 1885 11846 954 1955 926 1919 4856 14237 2410 16187 8710 4480 8268
8712 3418 13723 12077 8268 15034 926 8268 3367 926 14237 7831 926 16187 16187 16187
8712 2446 9113 12233 4776 15416 13089 4325 14776 4470 5022 4240 14304 10003 16187 5200
8712 2446 9113 12583 3177 926 8268 926 830 6826 8506 12233 2823 3717 16187 6070
771 5329 8466 2681 4969 8258 12008 7740 9004 7926 4931 6070 14812 16187 16187 16187
831 2894 16187 16187 16187 2563 14237 2148 16187 512 7740 15096 1442 4776 5777 16187
13592 13603 2598 16187 2598 16187 9059 875 2598 16187 16187 16187 2598 16187 16187 16187
5332 11536 6351 8710 14029 8268 12008 2599 5867 3249 14029 16187 16187 16187 16187 16187
1893 2122 8268 14237 7740 4552 8313 8268 7250 14776 926 16187 8719 4776 10918 16187
1893 2122 8268 14237 7740 4552 8313 1893 2122 16187 3112 2191 16187 12606 16187 8569
1711 8268 4776 10033 4931 9481 834 16187 16187 16187 16187 16187 16187 16187 16187 16187
4152 8710 1344 10355 14237 1229 8710 10418 12495 16187 16187 16187 16187 5388 830 1885
8712 8710 6259 14221 2148 7945 10033 512 4776 2002 16187 16187 1919 4776 5777 16187
3842 1919 12127 926 3177 5937 1750 16187 16187 16187 16187 16187 16187 16187 16187 16187
13084 1378 8069 14352 14272 926 8710 4776 926 3942 8710 4776 16016 14237 4776 2104
7926 8710 1127 4837 3312 14237 14827 6259 6378 12233 10369 11953 12958 16187 8719 14180
12008 1885 428 12233 2823 1229 6214 2466 13141 12233 15180 16187 16187 16187 16187 16187
13606 14029 2175 10818 14237 6065 3765 512 5476 12008 4311 10036 10516 9084 574 16187
13606 14029 2175 10818 14237 6065 3765 512 5476 16187 4311 16187 1246 16187 9540 16187
15354 8268 15323 13348 16187 16187 16187 16187 16187 16187 16187 16187 16187 16187 16187 16187
9476 8719 10025 14776 10399 12233 4552 16187 16187 16187 8719 14745 16187 5836 926 16187
9476 8719 10025 14776 10399 12233 4552 16187 16187 16187 14237 16041 9062 8719 3171 10033
3171 2563 8710 1378 3177 4776 4267 31 8185 7740 9884 8466 16187 16187 16187 16187
3171 2563 8710 1378 3177 4776 10566 13076 7740 9884 8466 8719 6259 15096 983 16187
3171 4931 6259 2563 7740 771 3192 12362 830 6259 9684 16187 4776 9577 1919 926
15658 926 2903 3171 1435 9450 926 2598 16187 16187 16187 16187 16187 16187 16187 16187
926 13348 16187 13348 16187 8084 8084 16187 649 16187 16187 1378 8093 2329 16187 1787
926 13348 16187 926 16187 926 16187 13348 16187 10375 16187 926 2903 1750 926 4776
7740 7001 12233 2823 9106 16187 16187 16187 16187 16187 16187 16187 16187 16187 16187 16187
14470 2823 1407 2837 4776 926 8268 14237 4325 4552 4325 11031 12128 926 16187 16187
12707 15846 1819 14734 6867 10324 2148 10599 3137 983 16187 926 16187 926 13348 16187
8719 3511 8268 7740 8309 2858 4776 2563 13907 15741 14272 12233 14518 16187 16187 16187
8719 3511 8712 15881 13084 4927 16187 5807 16187 926 16187 1075 830 1885 16058 16187
1597 8268 1597 820 1436 5463 926 1390 8710 4776 7705 16187 2563 16187 4776 9790
315 12233 7345 16187 16187 16187 16187 16187 16187 16187 16187 16187 16187 16187 16187 16187
14919 14139 9484 16187 10418 16187 5580 926 16187 10983 16187 4832 8268 926 8719 14180
14919 9484 13348 16187 7777 7542 16187 9450 2837 6011 16187 1436 16187 14373 5721 16187
12273 12951 10498 1919 14734 1453 14029 11457 926 16187 16187 16187 16187 16187 16187 16187
12273 13769 3847 14734 564 12233 8197 643 12233 3774 16187 16187 16187 6378 16187 926
12273 12951 10498 1919 14734 1453 14029 11457 926 16187 16187 926 926 10719 16187 5200
2251 9070 3177 4565 6407 926 8719 1138 51 5711 16187 16187 16187 16187 16187 16187
9197 926 8710 6259 5948 3177 10770 16187 16187 11063 16187 3765 16187 512 7314 16187
9057 11490 1885 3137 8554 14237 15881 6259 15781 1955 6259 926 1957 926 16187 926
5329 1955 630 2122 12008 6259 2148 9332 14596 16187 16187 16187 16187 16187 16187 16187
3171 4931 15389 9813 9780 12233 14272 771 12766 4979 8719 4776 13114 16187 16187 926
3171 8157 3177 4856 8268 12576 8423 450 8268 8710 5329 830 12127 10166 16187 16105
14069 5867 2446 1378 12497 8594 3177 3011 13569 2742 926 16187 16187 16187 16187 16187
8712 5084 6259 1787 5463 4931 869 4311 6683 11007 12233 8712 11530 926 3177 4776
8712 5084 6259 1787 5463 4931 869 926 8268 8798 11345 786 16187 9715 926 16187
4776 3366 14150 7661 4776 8063 14237 6390 13055 3177 926 16187 16187 16187 16187 16187
4776 16146 10887 12723 8710 4776 926 3177 6259 8081 7913 926 16187 512 926 16187
4776 3366 14150 6259 15335 7986 14237 8268 14324 8268 3847 12958 816 16187 9890 16187
11132 926 8710 10716 15848 16187 16187 16187 16187 16187 16187 16187 16187 16187 16187 16187
11439 926 8710 4776 3780 926 1853 8268 6259 4389 5726 16187 2066 12260 5074 1919
11439 926 6259 15211 3177 926 2858 8708 8268 5329 8548 14734 12380 16187 14734 643
1919 1954 2657 926 14237 1636 926 8268 4776 304 926 6280 3818 15639 16187 16187
9461 3177 926 933 13667 8470 926 5463 13474 12010 14745 3177 14734 12852 16187 16187
9461 3177 926 933 13667 8470 926 5463 13474 12010 14745 3177 14734 12852 16187 16187
7740 9429 5463 926 6428 4931 6259 2326 10355 13926 14237 2353 16187 16187 16187 16187
7740 11839 5463 4931 6259 15174 12233 12650 16187 8719 6259 15096 983 16187 10709 16187
7740 2326 11530 926 926 8719 3171 16187 7740 3364 2823 6259 4525 926 16187 13348
4776 1197 8719 4776 8181 8710 4776 6365 3177 9882 16187 16187 16187 16187 16187 16187
4776 2285 13839 8710 6259 14397 10569 443 16187 4537 7076 4776 10501 3177 14734 7612
4776 2285 13839 8710 6259 10355 10033 3177 2263 983 16187 5332 16187 817 16187 9290
7926 779 6826 13985 16187 16187 16187 16187 16187 16187 16187 16187 16187 16187 16187 16187
8712 15881 13084 10400 14272 6011 9498 4776 2563 16187 9084 16187 11889 8712 16187 8719
8712 12431 817 14237 55 8268 6070 12767 16187 1885 63 1885 16187 8162 7524 16187
8712 4931 9754 12495 14221 10967 11439 5867 11846 2894 3177 10418 16187 16187 16187 16187
8712 4931 6535 630 6259 4710 16187 12349 4776 12489 926 8268 12008 12654 14734 16139
8712 8710 6070 12606 14237 2148 12233 12650 1957 6011 8268 7742 8268 12008 5329 16187
4776 2563 5867 5057 8710 1878 14237 14069 14776 9754 13592 926 12291 16187 16187 16187
4776 6006 4931 9754 8569 14237 4776 13999 12013 8710 1957 12291 14397 10335 16187 4537
8712 4931 9754 1955 9918 1955 8719 8268 12008 5297 4931 14734 10922 10709 14029 4776
3171 2563 8710 9122 1919 926 14237 8200 16187 16187 16187 16187 16187 16187 16187 16187
3171 8710 4776 14635 3177 10033 16187 926 12233 12650 16187 16187 14241 16187 8185 16187
3171 10033 8710 4642 6259 472 2451 8268 14237 6259 10355 1378 8712 8710 16187 926
2143 9484 15208 8710 6259 8455 12099 1614 6071 8974 16187 16187 16187 16187 16187 16187
9850 6173 4776 132 16187 4776 9577 926 8270 16187 13216 7665 16187 13021 8719 3400
9574 6363 15525 3177 9484 16187 8710 3257 10094 16187 8185 8719 3171 2563 16187 4949
1019 12233 926 6259 5033 15142 2614 14951 16187 16187 16187 16187 16187 16187 16187 16187
1138 11005 8983 13348 5711 16187 16187 13208 16187 16187 5568 15696 16187 8901 297 8719
962 926 13348 16187 10988 16187 4537 11889 10217 5820 9450 10509 8719 4269 16187 16187
5355 4776 7012 8710 4404 9339 8808 16187 16187 16187 16187 16187 16187 16187 16187 16187
1885 14945 926 14776 2516 926 14237 13474 5208 3557 6259 3192 14889 1919 769 16187
1885 926 8710 9332 8798 2860 830 4776 4440 8719 4776 2563 16187 9004 14237 684
3644 9754 10080 5463 16187 16187 16187 16187 16187 16187 16187 16187 16187 16187 16187 16187
13592 11843 12233 6569 582 3364 5568 2823 6259 2199 1635 16187 4776 5358 14237 7740
7512 14776 5714 14237 14776 12495 10913 761 1955 9666 4086 16187 8164 4931 16187 16187
9813 4531 15715 13348 16187 16187 16187 16187 16187 16187 16187 16187 16187 16187 16187 16187
8922 12349 13348 16187 5948 16187 16187 16187 7805 16187 13081 2968 16187 2326 13081 5332
1774 7815 8710 5329 16187 16187 16187 16187 4311 8712 5867 6259 3285 14043 3765 16187
12008 7926 8710 926 14237 7168 16187 16187 16187 16187 16187 16187 16187 16187 16187 16187
8712 5867 6259 1435 1378 12495 9605 6705 12233 2526 14046 16187 191 4170 3177 1455
8712 5867 6259 1435 1378 12495 9605 6705 12233 2526 14046 16187 14237 4776 9431 10217
820 7740 15956 11530 14043 10866 3171 10033 8719 11953 11712 10266 16187 16187 16187 16187
2857 11553 6188 12349 2598 16187 16187 2598 16187 16187 12717 2598 16187 16187 9534 16187
12868 2903 13348 13348 16187 3137 16187 16187 1110 16187 2563 16187 2689 16187 16187 7314
5463 1442 9325 4776 926 14237 926 13623 1919 4776 13708 4574 14745 6689 9808 16187
4776 10344 926 926 16105 6259 2148 13074 2053 926 3994 512 7063 926 16187 4537
4776 745 4931 6259 926 10967 4776 14596 4493 926 6423 4776 14603 1787 16187 15740
14919 9484 926 926 926 4656 16187 16187 16187 16187 16187 16187 16187 16187 16187 16187
14919 9484 13348 16187 7949 16187 2296 2466 7661 926 2689 1955 4776 4440 3177 4776
14919 9484 13348 16187 7777 926 4931 1213 3177 6259 926 16187 7347 4609 8719 4776
5329 8569 16187 16187 16187 16187 16187 16187 16187 16187 16187 16187 16187 16187 16187 16187
5463 12232 2823 12495 4687 16187 14029 4776 926 16187 4832 16187 9786 830 926 16187
14691 6672 7740 2326 10866 8712 16187 8719 14180 16187 4927 16187 16187 16187 2563 16187
3171 9424 8710 4776 12450 16187 16187 16187 16187 16187 16187 16187 16187 16187 16187 16187
3171 14596 8710 1507 8268 14237 8093 9084 14900 16187 12507 16187 8719 926 8268 14043
3171 14596 8710 2148 3098 14237 2519 14237 2148 13074 16187 14180 4776 8588 8719 3171
8719 10420 14237 2574 16187 16187 16187 16187 16187 16187 16187 16187 16187 16187 16187 16187
3171 8710 6259 14411 476 4776 10033 8710 3356 8719 1597 1486 16187 8185 16187 12401
3171 10033 8710 14902 15978 2263 13141 14776 1229 12307 13839 16187 926 1138 1507 926
5329 8339 12233 1044 830 13836 8268 9845 12898 15561 5867 1860 8573 926 16187 16187
3842 3171 16187 16187 16187 16187 13348 16187 13348 16187 13348 16187 926 16187 13348 16187
9519 10588 16187 10501 16187 16187 16187 7251 8258 12276 8456 16187 16187 16187 4170 3177
7740 771 11016 8712 12232 2823 6259 12444 16187 16187 16187 16187 16187 16187 16187 16187
1515 2858 1909 9290 1390 7740 4931 8423 1686 11953 4776 6568 12160 8712 16187 816
6391 6259 3098 8974 2563 11889 4776 10217 10614 15658 926 12233 2598 16187 926 1919
15649 14281 3847 7740 1114 2598 16187 16187 16187 16187 16187 16187 16187 16187 16187 16187
14045 2710 6594 8268 4537 6594 16187 4537 4931 816 8719 1138 5711 16187 1110 16187
2466 703 4537 4189 15525 5463 4927 16187 14776 2689 16187 12606 16187 5365 8268 9563
14403 7926 684 926 7926 8710 4776 926 12904 8719 4776 10033 926 926 10036 16187
4776 12337 5036 14251 8268 5297 14808 8710 6259 10894 926 16187 16187 16187 926 16187
4776 12337 8719 8094 6581 16187 16187 8268 2837 630 8268 14237 8712 5867 5329 6259
3364 4776 8521 771 12766 14491 14237 630 2148 2598 16187 16187 16187 16187 16187 16187
13341 6173 1430 5867 9796 1919 6259 6087 11164 4240 6826 3177 14734 926 561 8719
13341 6173 1430 5867 9796 1919 6259 6087 11164 4240 6826 3177 14734 926 561 16187
4776 11778 3177 926 8710 6259 15174 5801 14237 14734 4061 1019 2598 16187 16187 16187
4776 6161 779 9594 7182 14858 4776 926 10540 1778 926 16187 8794 926 16187 926
4776 9040 8710 15819 14237 4776 14711 8710 926 16187 5820 1787 16187 16187 926 16187
3171 14407 926 5867 12138 8268 15649 8710 6259 10646 513 10719 4776 308 16187 16187
4776 745 4931 6259 926 10967 4776 14596 4493 926 6423 4776 14603 1787 16187 15740
4776 745 4931 6259 926 10967 4776 14596 4493 926 6423 4776 14603 1787 16187 926
7065 643 3112 6011 9640 11953 15709 3177 703 16187 16187 16187 16187 16187 16187 16187
15389 6672 11921 5463 11401 16187 12515 12349 9850 16187 15096 983 16187 12401 16146 476
7065 643 3112 6011 9640 11953 15709 3177 703 16187 5537 16187 14237 7314 16187 14237
1229 15846 1597 15658 11553 4776 8759 12233 2552 8712 16187 16187 16187 16187 16187 16187
13341 1390 12233 2823 11457 8268 7740 4931 7740 4931 1407 2837 4776 3213 16187 8719
13341 1390 1019 15525 3177 3803 6173 3171 8710 1954 9332 10033 8710 4776 926 16187
4776 11937 10967 4776 926 8979 8710 13618 16187 16187 16187 16187 16187 16187 16187 16187
4776 2285 14596 926 1778 7804 4240 926 1955 7742 1955 4218 16187 16187 8162 7524
4776 10376 9385 8268 14047 8268 4931 10619 4891 10376 16187 16187 13081 11530 4776 10033
4776 1754 3177 3171 10033 10899 820 1778 15658 14776 15 830 16146 820 16187 16187
4776 2285 13839 8710 6259 14397 10569 443 16187 6388 16187 16187 5388 16187 926 926
4776 15064 3177 3171 10033 4931 9754 8106 14237 4776 10418 4931 13074 14237 4776 10418
4776 8635 8268 12716 8268 6280 7165 11273 14237 4776 15762 1142 16187 16187 16187 16187
4776 6664 8710 5286 3177 12 1439 5867 4927 3177 5807 16187 2540 16187 926 926
4776 6664 8710 2751 14237 6246 14237 3335 14237 8268 564 3177 14180 8268 926 16187
7926 3847 9754 549 4776 4927 15866 1644 14745 12233 1957 9431 16187 16187 16187 16187
7926 3847 5329 188 12233 9085 13592 2148 16187 512 6011 5208 11553 9430 2122 16187
7926 4015 1597 820 10967 4776 926 14237 2446 12515 2895 8264 14642 16187 16187 13089
15662 2598 16187 16187 16187 16187 16187 16187 16187 16187 16187 16187 16187 16187 16187 16187
8712 12232 9754 15784 8712 1019 6011 11031 12576 16187 6071 16187 16187 16187 10344 8268
8712 4537 11921 12233 11553 6826 8846 8719 14069 16187 10918 8719 1597 926 16187 2563
4776 5364 6154 14237 926 9084 9754 4552 12495 630 1919 4776 8846 5605 16187 16187
4776 15231 7724 4931 6259 10894 12495 9591 12233 2823 1453 15096 16187 1957 12135 16187
4776 8268 4776 13783 11842 8268 4776 5358 14237 4776 12013 14776 15513 13348 16187 14237
1951 7740 4776 5568 1378 14029 4776 1559 2598 16187 16187 16187 16187 16187 16187 16187
1378 15525 3177 14255 8710 11953 14255 12291 12495 3192 16187 2563 16187 6695 16187 12135
14635 3177 11889 2498 5952 14237 4776 3177 926 16187 16187 8710 15597 11434 3177 4776
14069 14776 6826 3356 14465 1919 4776 3168 14237 926 16187 16187 16187 16187 16187 16187
8712 5867 8738 5463 926 5867 13733 10638 14237 6499 9498 8993 6918 16187 15335 16187
8712 5867 16150 14974 11953 8794 643 8268 14237 8712 5462 7147 6070 11162 16187 16187
6173 14043 1955 4776 10344 8268 3098 7748 5524 9277 11553 8592 16187 16187 16187 16187
13341 1390 12233 2823 11457 8268 7740 4931 7740 4931 1407 2837 4776 3213 16187 8719
13341 1390 12233 2823 11457 8268 7740 4931 7740 4931 1407 2837 4776 3213 16187 8719
12008 1889 8268 4552 9754 393 12233 9070 8268 8197 8712 6259 2327 16187 16187 16187
12495 8569 16187 15662 9084 9754 4189 16187 2598 16187 8719 5937 2563 16187 3171 16187
12495 8569 5463 7345 11839 5064 771 15389 13129 12233 1436 16187 11953 10941 13197 16187
8299 8710 1670 5867 4267 10033 8084 16187 16187 16187 16187 16187 16187 16187 16187 16187
2263 6259 6070 10355 8229 16187 7945 10033 8710 926 926 16187 926 16187 16187 15949
9461 3177 3513 8268 3171 2563 779 12583 16187 8200 14237 7740 11530 926 3177 16146
8719 14180 14465 3177 4776 4302 3171 8710 10762 4189 16187 16187 16187 16187 16187 16187
3171 2563 8710 1378 3177 4776 10566 13076 7740 9884 8466 8719 6259 15096 983 16187
3171 2563 8710 5580 6259 8974 14237 7740 3364 12650 8712 4404 9490 12291 16187 929
12008 4776 6655 9424 4562 9070 8268 1229 7740 1959 8712 10036 16187 16187 16187 16187
12008 3171 2563 4931 1378 3177 4776 15335 703 8268 4776 926 8710 5329 16187 14043
12008 3171 2563 3388 8719 5463 14139 5463 7740 9429 7740 12232 3364 8554 7001 2552
7740 4531 3171 6071 2563 16187 16187 16187 16187 16187 16187 16187 16187 16187 16187 16187
9036 3171 10033 8268 15978 983 8710 12495 7613 12233 3667 16187 9831 16187 16187 12135
9036 3171 10033 8268 15978 983 8710 12495 7613 12233 3667 16187 8569 2563 16187 6918
8712 13942 5463 926 14237 13192 11553 6188 8712 12495 14221 16187 16187 16187 16187 16187
8712 2446 9113 12233 4776 15416 13089 4325 14776 4470 5022 4240 14304 10003 16187 5200
8712 2446 118 9070 12233 5807 8268 1138 6594 5711 16187 1138 2563 5711 16187 14180
1390 9484 1957 2263 564 16187 16187 16187 16187 16187 16187 16187 16187 16187 16187 16187
8124 2563 2097 3177 15471 14953 14237 4776 9956 3177 12965 16187 2563 8710 926 16187
6070 6148 8268 6070 1781 8268 4108 5906 14237 3422 16187 15846 16187 1378 9736 16187
7740 4931 5346 12008 5329 2488 16187 16187 16187 16187 16187 16187 16187 16187 16187 16187
1957 14589 7740 771 7953 14029 203 12233 8733 1954 10244 10033 16187 5086 15525 16187
1893 2122 2563 8268 5288 8268 14237 6826 2148 9332 830 4776 10033 3177 6259 7612
132 4776 1787 14352 15662 926 8710 6259 15762 16187 16187 16187 16187 16187 16187 16187
9712 926 8710 6259 7791 7937 3177 14766 16187 16187 16187 10810 16187 16187 14237 13081
9712 926 8710 6259 7791 7937 3177 14766 16187 16187 16187 10810 14237 6259 10033 10272
4776 6120 7926 5388 13089 7926 926 5463 6649 8710 14734 875 14776 6070 7367 16187
4776 8635 8268 12716 8268 6280 7165 11273 14237 4776 15762 1142 16187 11434 3177 4776
4776 9040 8710 5297 391 15978 14734 875 779 2060 4776 926 14976 16187 9424 16187
1919 11273 926 14029 926 14237 926 8268 7740 4931 6535 11365 15525 16187 16187 16187
9461 3177 15649 8268 4776 12529 1865 8710 9481 4776 15138 16187 8712 16187 7742 4032
9461 3177 926 933 13667 8470 926 5463 13474 12010 14745 3177 14734 12852 16187 16187
12489 14708 10418 14237 13811 8268 1954 4493 4152 8268 13436 3078 16187 16187 16187 16187
1597 820 11839 4325 14776 6070 2758 16187 816 16187 8719 4776 5777 16187 16187 16187
1597 10355 8200 14237 892 14596 11953 10217 11135 9330 7516 16187 16187 16187 16187 16187
8712 5867 5329 6070 2115 2563 10259 1919 16146 3171 8157 1133 16187 16187 16187 16187
8712 4931 6070 630 6259 8808 9809 10033 8710 6259 1903 4152 16187 14237 11789 11789
8712 4931 6070 2689 12233 2904 8268 12008 7740 15956 8712 5867 2002 14237 8712 5867
12008 4311 2979 4776 4194 3177 8268 15649 926 8719 4693 5377 16187 16187 16187 16187
14031 8268 830 15202 16187 13089 6011 11553 7188 16187 8185 16187 8719 4776 5898 14237
14031 8268 14237 926 5867 1110 8661 8268 6070 4687 14029 4776 9465 8268 12495 16187
9850 9484 5678 1853 3112 3098 8185 16187 16187 16187 16187 16187 16187 16187 16187 16187
9850 13341 1390 15525 3177 14139 3418 16187 16187 2598 16187 16187 16187 7740 11553 2296
13341 14139 9484 3171 7637 3025 15302 6259 5948 12233 2823 15288 16187 12349 4776 926
4776 157 5867 9498 7829 12233 6259 2062 6155 3177 14755 3251 2837 10993 11854 16187
4776 5820 15180 3177 4776 10033 5340 8719 4776 12536 14237 10418 16187 14180 8268 12495
4776 5820 1500 830 3171 2563 13216 15525 12233 4776 4302 926 16187 14426 8081 2563
9296 7740 973 223 12008 5463 5867 203 7740 1442 8712 16187 16187 16187 16187 16187
9296 7740 973 223 8268 12008 4776 1419 8710 9754 4776 476 3177 4312 16187 14237
8404 4552 9754 13533 7156 777 14237 9264 6713 16187 16187 14734 954 16187 16187 1919
13474 5867 1954 1138 926 5711 12233 6259 14453 16187 16187 16187 16187 16187 16187 16187
1885 14945 926 14776 2516 926 14237 13474 5208 3557 6259 3192 14889 1919 769 16187
1885 926 8710 9332 8798 2860 830 4776 4440 8719 4776 2563 16187 157 5867 2563
830 6259 10355 15316 471 8268 12782 1138 1447 5711 14237 9036 1138 12779 5711 16187
14919 9484 16187 6363 9484 16187 11553 2296 12766 1175 13348 16187 13348 16187 3409 16187
14919 9484 4776 3718 3177 1954 9332 10033 5208 2823 8466 91 16187 8719 4776 9431
7742 8268 4776 10033 8710 11953 12233 12298 8268 1229 7740 12431 926 7001 16187 16187
7542 8268 6259 15819 2563 5463 414 2263 15180 1919 4776 8588 4931 926 14237 4776
7542 8268 8712 5867 5329 1229 630 5463 8268 14237 8712 4931 630 2148 9332 16187
4325 7661 8639 8719 4776 1378 15401 1243 2968 16187 16187 16187 16187 16187 16187 16187
9330 926 7987 14776 2296 8719 1065 16187 5095 16187 12233 926 1957 15096 16187 11162
9330 14797 8710 4776 926 16187 14237 926 16187 643 926 8268 4776 926 3177 4776
926 926 5867 9534 4931 1258 16187 16187 16187 16187 16187 16187 16187 16187 16187 16187
4776 926 12196 5463 4776 10033 15271 5111 12233 926 6982 12825 926 16187 10272 12233
4776 926 926 1885 5463 4776 9349 8710 5297 14029 4776 6133 16187 16187 926 16187
4776 12835 14776 11788 8268 1019 1919 4776 8685 3177 6259 15335 6173 16187 16187 16187
4776 10566 9564 9424 11953 1138 2975 5711 8710 4776 5314 8350 15197 16187 5176 9442
4776 10566 9564 9424 11953 1138 2975 5711 8710 4776 10566 8662 5824 3177 4776 10983
1954 6390 14217 6253 12233 10603 1885 13186 15658 779 12766 926 16187 16187 16187 16187
1954 12256 10033 14237 8712 8710 10355 8268 5329 13663 16187 7742 16187 8069 4776 2285
1954 12256 13839 7248 926 388 8268 3227 926 14237 8853 5952 16187 926 4776 6133
926 14237 2977 926 2687 4776 1750 1094 4776 4832 16187 16187 16187 16187 16187 16187
926 926 14237 926 2555 9084 15597 14465 7742 1955 9084 926 926 16187 926 16187
926 926 12892 8712 6259 13429 8719 3171 2563 8268 6259 3211 8268 14237 8712 5867
1378 3177 4776 10566 14937 10033 7740 11553 8466 8719 6259 15096 983 16187 16187 16187
1378 3177 4776 10566 15010 14237 11530 6120 8084 8719 4776 8185 16187 14180 4776 8185
1378 2148 9424 4776 4779 574 8719 10114 3177 4776 14822 15995 4931 6070 8594 16187
14237 13474 4537 3032 10108 14069 14237 4776 5042 4537 4763 15 1957 1885 16187 16187
8712 5867 9122 1919 4929 12835 8268 1597 1919 15597 16058 3241 16187 926 16187 926
8712 5867 9122 1919 14287 14237 2943 12377 3177 9955 16187 6215 10995 16187 926 14237
7740 9004 7926 684 14734 6120 2326 7742 14237 14734 10418 4931 1344 10355 16187 16187
13089 10496 8368 12233 11553 3171 2451 4776 11954 8808 926 1778 16187 926 16187 926
13089 12128 8746 2903 1919 926 7926 1865 1955 8726 7926 8710 5329 1229 8344 16187
8719 3511 8268 3171 1378 6601 9084 9754 9786 830 4776 8269 5867 926 16187 16187
4776 2563 10781 8710 6259 9450 10033 8268 12008 1957 4776 9790 8157 3177 1885 4189
4776 2563 10781 8710 9754 6259 9450 12233 13077 15525 14237 7740 15846 14581 8712 5867
8726 6011 11889 14854 5722 1919 7729 2432 8268 6011 15846 5329 11553 16187 16187 16187
8726 4624 15466 8268 1957 6011 8268 4311 6011 2598 16187 816 13348 16187 4269 16187
1893 2122 8268 14237 7740 4552 8313 1893 2122 16187 8710 9754 16187 14043 15525 4931
1378 7612 926 4776 16146 8268 14803 6259 1019 2148 11889 15888 6173 2400 16187 16187
1378 2148 176 3177 4776 7670 3999 6445 926 7345 14595 3748 1955 11693 16187 5952
1378 2148 9424 4776 4779 574 8710 926 926 926 16187 599 16187 8719 3171 16187
7926 5867 2689 8268 7926 5867 4537 5329 3098 16187 16187 16187 16187 16187 16187 16187
8712 5867 8738 5463 926 5867 13733 10638 14237 6499 9498 8993 6918 16187 15335 16187
8712 5867 9780 8268 14237 4624 11031 5329 6724 12233 5463 12233 9799 4240 16187 16187
14069 5867 6259 9400 5257 3177 15433 8268 1781 8268 14237 2067 7558 16187 16187 16187
8712 8710 7708 12233 8152 3171 1213 6259 2176 10033 8268 12008 8712 8710 16187 16187
8712 8710 1378 3177 4776 926 1133 3177 4776 926 5867 12850 2053 13178 3994 2563
4325 8855 1919 4776 926 11239 8719 6259 13542 12805 16187 16187 16187 16187 16187 16187
926 926 926 926 12892 8712 4776 926 5801 16187 1873 15846 2823 2148 7970 16187
926 7556 8710 6259 8124 10358 2615 3177 6259 8974 7671 16187 643 16187 16187 7970
7740 4552 9754 15956 203 7926 8268 14237 8712 8268 9032 12233 13632 1229 12307 16187
8569 703 5367 12233 8569 820 8268 14237 5463 14776 8712 14029 4776 16146 10011 16187
6979 14272 6011 3364 11753 1955 4086 16187 14734 15721 16187 926 14745 16187 926 6259
14237 926 2598 16187 16187 16187 16187 16187 16187 16187 16187 16187 16187 16187 16187 16187
3171 10033 779 5372 4776 12107 8268 12233 2263 486 16187 9813 8630 4776 9577 16187
3171 10033 4931 926 1955 6259 3211 8268 12008 7740 2326 10866 8712 16187 14043 950
926 3643 926 8268 15649 7740 9429 8710 6259 6140 950 16187 16187 16187 16187 16187
926 926 1955 926 8719 926 14237 926 16187 926 8719 3171 10033 16187 7926 13942
926 2446 6601 16176 2903 14069 1955 1378 3177 10288 5867 12850 1265 16187 926 16187
8680 8268 8712 3847 9754 8438 5463 630 12233 9070 16187 16187 16187 16187 16187 16187
2466 8712 5867 10770 12233 12650 8712 8268 12008 8712 779 12766 926 2903 16187 5200
2466 703 4537 4189 15525 5463 4927 14776 9754 14069 830 6259 12007 12233 2823 2326
14734 12427 10918 3924 926 540 1919 926 5867 2148 4042 12709 16187 16187 16187 16187
3436 5388 14734 926 926 15978 7926 1819 926 9653 8710 2326 6259 11769 15316 16187
14734 9869 8710 7931 14237 926 8268 14237 8069 779 2550 1919 6259 202 16187 6809
2552 8712 8268 11192 1094 8268 14581 10355 16187 16187 16187 16187 16187 16187 16187 16187
8712 8710 15884 12233 10628 4776 5505 7740 9004 15302 4776 14112 4240 3171 10033 16187
8712 8710 15884 12233 10628 4776 5505 7740 9004 15302 4776 14112 4240 15715 3171 10033
12349 4776 12489 9212 5463 11900 8268 12115 4776 5539 13811 3177 926 16187 16187 16187
13839 8719 926 8268 6070 926 13942 12233 6133 14734 2264 16187 926 8268 8974 14263
4394 1955 7742 8710 4776 6006 14237 11646 8719 3171 5695 2615 3177 4776 7671 16187
4776 3384 1957 926 5867 10397 8710 8124 16187 16187 16187 16187 16187 16187 16187 16187
4776 6664 16187 926 9591 8268 1885 10418 8710 6535 10355 10418 16187 926 16187 5948
4776 6664 8710 2751 14237 6246 14237 3335 14237 8268 564 3177 14180 8268 926 16187
14635 3177 6259 10887 14351 8268 4552 9754 6011 9429 2598 16187 16187 16187 16187 16187
12276 10709 8710 1948 703 14776 3202 3171 2563 16187 2296 11553 12233 2823 2329 16187
14635 3177 11889 2498 5952 14237 4776 3177 926 16187 4776 2002 8157 3177 4856 16187
926 8710 10107 8268 12015 14237 5329 12820 14043 13743 16187 16187 16187 16187 16187 16187
926 7410 3007 12233 2823 10953 14180 4776 4927 10324 1957 4041 3994 9534 16187 14796
8712 8710 1213 2148 5217 15902 16187 4537 4776 1754 3177 4776 926 14596 16187 4311
5463 5867 4776 9431 9424 5463 13213 15525 16187 16187 16187 16187 16187 16187 16187 16187
2263 14221 10967 13436 8268 12008 2263 6259 4929 926 12835 16187 1919 4776 7742 10471
2263 6259 2563 5463 3543 9754 2823 6188 1229 1329 13089 15715 8712 16187 16187 12767
4776 94 3513 8710 7742 13936 16187 16187 16187 16187 16187 16187 16187 16187 16187 16187
4776 14599 8710 437 14237 11063 2780 8268 4776 5837 3177 8712 8710 9392 16187 15624
4776 14599 8710 14029 4776 2601 10355 8268 9790 1919 4776 10418 16187 564 8200 16187
1312 3733 12892 6259 5695 11434 3177 4776 926 926 8719 3171 10033 16187 16187 16187
4123 10776 1176 8710 4537 6259 926 14237 926 8719 4776 15840 8510 3312 16187 926
13803 926 4931 6259 926 3177 4776 926 8268 1378 6070 684 6259 10355 2563 16187
2446 926 8710 5372 6259 15658 13345 1919 5463 15594 12008 6280 8712 926 16187 16187
926 926 4931 8719 4776 5838 926 8268 14734 926 16187 14005 1954 926 9239 830
926 926 8710 1955 13756 1243 8268 15658 12515 4776 9431 983 16187 5738 16187 1787
8712 5867 9332 4776 9431 983 12008 8712 7165 10035 13089 6011 2552 8712 10036 16187
4776 9424 8710 13474 5463 5329 16105 2598 16187 926 16187 5200 16187 16187 16187 926
4776 9424 8710 14069 14776 1486 3177 9222 5713 229 3177 10509 8185 4189 16187 16187
4404 8710 384 2543 8719 1378 13811 14237 4311 3112 1954 15451 10072 195 16187 16187
4404 1058 3177 15981 5867 926 8710 4776 5813 3177 4776 926 16187 16187 926 16187
12127 9575 3177 4776 10033 4931 10053 14237 12650 4776 5365 8268 6259 9563 10567 4240
4776 10302 4001 926 8268 926 8676 14776 6259 13736 12990 16187 16187 16187 16187 16187
4776 2601 983 4776 11757 6320 6253 12233 9544 1885 8913 16187 643 16187 16187 2148
4776 7949 4931 6259 13868 12233 4776 2400 5629 1799 14237 6259 926 1398 8268 926
3171 8710 6259 2326 10355 2563 14237 2847 630 2148 5633 16187 16187 16187 16187 16187
3171 8710 6259 6070 10088 10033 8268 15649 2571 2263 12573 1955 12099 1614 6071 16187
3171 8710 6259 94 8974 14237 3171 1378 8710 4142 2519 16187 12233 12650 16187 6011
8712 14180 7165 2148 512 6259 10894 6480 16187 16187 16187 16187 16187 16187 16187 16187
8712 4931 10571 15624 14237 1 16187 2204 16187 5200 8719 4776 5562 16187 2563 13348
8712 4931 3865 4409 14237 2842 12233 2823 16187 2148 3177 9085 16187 16187 16187 16187
14237 7740 2326 9084 9754 11889 4776 4927 4776 2572 9498 6724 16187 16187 16187 16187
1229 8268 5463 5867 5937 12852 1019 5463 8710 9754 8456 4776 926 13348 16187 15956
1229 12606 1229 5463 4931 405 16187 2097 3177 2746 16187 1597 16146 12835 16187 7456
8712 8710 6070 926 16187 16187 16187 16187 16187 16187 16187 16187 16187 16187 16187 16187
8712 8710 6070 13436 16187 16187 926 1919 4776 14596 16187 2446 6826 14348 15768 1955
8712 8710 6070 1435 16187 14237 91 16187 15846 9605 2148 12233 1042 6011 15525 16187
4537 1955 15096 1955 6011 14776 3562 9591 12233 10603 8712 16187 16187 16187 16187 16187
3249 12349 13348 16187 3803 1243 16187 14237 6253 12233 8554 8712 8268 12576 16187 16187
2466 703 4537 4189 15525 5463 4927 16187 14776 445 830 4776 926 16187 16187 13783
7742 16105 8268 5359 8268 9563 4776 2115 4440 3177 5804 16187 16187 16187 16187 16187
7742 4032 2712 8268 2684 11022 14237 2608 2837 6259 10602 3886 16187 6918 16187 8230
7742 4032 2712 8268 2684 11022 14237 2608 2837 6259 10602 3886 16187 10418 8719 4776
3171 9577 8710 2097 3177 5265 8268 7438 8268 10355 820 16187 16187 16187 16187 16187
3171 8710 1954 9332 5375 13640 476 12008 1919 16114 8719 4776 4152 16187 14350 16187
3171 8710 6826 10355 817 8982 2053 11728 14237 5657 3994 2563 16187 14005 16187 926
7001 2552 8712 16187 16187 16187 16187 16187 16187 16187 16187 16187 16187 16187 16187 16187
12958 6672 4571 6259 14221 8268 14221 13343 5496 4931 926 16187 16187 16187 16187 13081
12958 6672 8268 11499 8268 9219 4776 4302 8913 16187 16187 14237 2689 16187 5948 16187
4404 4472 12233 3171 10033 8710 4776 14186 3177 6664 16187 16187 16187 16187 16187 16187
630 3177 4776 14596 8710 11789 10355 16187 16187 10033 1955 9736 16187 84 512 926
630 3177 4776 14596 8710 11789 14902 16187 8719 4776 10033 16187 5568 10033 4931 14411
7879 777 5999 14237 15721 14776 5329 777 13592 2148 16187 16187 16187 16187 16187 16187
7879 777 5999 14237 15721 14776 5329 777 13592 2148 16187 512 8457 16187 2598 16187
7879 777 5999 14237 15721 14776 5329 777 13592 2148 16187 512 8457 16187 2598 16187
926 779 6259 10934 2707 11215 14058 16187 16187 16187 16187 16187 16187 16187 16187 16187
7926 8710 6259 630 8270 950 14237 9332 16187 16187 14180 4776 926 16187 8719 4776
4776 926 8710 13084 4927 3177 14734 6161 14776 5329 830 4776 12887 16187 8719 1885
2599 9070 8158 6011 4325 14776 223 16187 16187 16187 16187 16187 16187 16187 16187 16187
7512 14776 8268 5359 8268 12495 16187 14180 15814 16187 14776 5176 16187 16187 16187 7083
6529 5983 14776 630 12495 9248 16187 16187 16187 9540 8719 3171 16187 16187 10501 16187
926 6872 5867 926 1019 926 13546 129 12616 6173 8710 6259 1405 10033 16187 16187
926 926 1955 926 926 8710 1954 8685 16187 926 16187 16187 10957 4776 8808 16187
926 926 4656 926 926 4656 926 16187 926 16187 926 16187 15949 14237 6683 830
14139 9484 16187 16187 16187 16187 16187 16187 16187 16187 16187 16187 16187 16187 16187 16187
14139 9484 7740 4552 9754 8456 11889 3171 1750 9332 16187 4931 16187 16187 13060 2837
14139 9484 7740 4552 9754 8456 11889 3171 1750 9332 16187 1750 16187 16187 11889 14745
7740 8197 8712 15525 3177 16187 16187 16187 16187 16187 16187 16187 16187 16187 16187 16187
1750 6500 14069 8710 9754 6259 3356 1390 9938 8719 926 10967 5946 12233 5759 16187
13295 9290 8268 14069 8710 4537 6259 9450 12233 643 14029 6259 7612 8719 5713 4440
2563 926 8093 12208 2313 8268 926 13216 15408 16187 16187 16187 16187 16187 16187 16187
13560 8268 15096 8268 926 13783 9424 16187 1433 2858 926 16187 10211 926 16187 6918
14792 11767 8268 8213 8676 8268 14237 5695 11842 8733 3171 10033 9264 10211 7810 16187
11552 830 12273 926 16187 16187 16187 16187 16187 16187 16187 16187 16187 16187 16187 16187
2199 1138 926 5711 3177 926 14776 926 10967 4776 300 2858 4776 926 16187 926
7831 926 8710 1778 12233 8733 4776 926 6259 926 8268 13089 7805 16187 2598 16187
14237 7740 11530 14734 4707 8268 4776 4927 7926 9098 16187 16187 16187 16187 16187 16187
1229 8268 12276 11916 8710 5463 820 12650 8712 14237 12149 1138 6011 11728 16187 8268
14237 8268 6259 2563 15452 10355 16187 14237 471 14180 5329 16187 9591 16187 926 16187
8710 6297 5329 8569 13474 4931 6388 8719 4776 9431 1378 16187 16187 16187 16187 16187
9461 3177 14272 6259 471 11953 8268 1138 643 8710 5711 16187 16187 12127 2037 3177
8712 8710 2148 5463 6259 784 14596 14237 8712 8710 5329 11953 14506 16187 926 16187
4311 9137 830 13852 12233 3286 6259 5580 2176 3366 3177 3171 3098 2563 16187 16187
11558 8268 6838 13931 4776 926 16187 12233 1885 2148 926 16187 9534 16187 8719 1954
4311 6259 3011 926 926 12181 15525 6259 9769 926 11648 14237 926 6259 4924 16187
4776 14596 8710 5329 9563 3098 8268 12008 8712 5867 6780 16187 16187 16187 16187 16187
4776 14596 8710 405 8268 12008 8712 2466 2326 1919 8712 14180 16187 5388 12495 10190
8712 4931 5917 5476 14855 12233 2263 4406 13908 14029 6259 5329 1229 2689 5225 5463
926 16187 16187 16187 16187 16187 16187 16187 16187 16187 16187 16187 16187 16187 16187 16187
3171 926 8710 273 8719 1954 15842 6028 16187 983 926 16187 926 16187 6042 9431
3171 926 8710 926 2903 1919 6259 926 15658 926 13348 16187 16187 5332 16187 929
1229 8726 5425 14183 820 926 5937 11517 4311 9296 6011 3543 3842 3171 1378 16187
5463 5867 14180 7740 11553 12233 1436 11953 5463 16187 12958 16187 8719 14734 926 16187
5463 3543 8268 7740 3553 8268 4220 6826 10355 15768 8719 4776 1419 16187 5942 16187
13555 3803 779 12766 1229 8569 7740 12892 8712 2903 16187 16187 16187 16187 16187 16187
2466 703 4537 188 12233 8537 4312 8268 9290 15658 8710 9754 926 1957 14734 2894
2466 703 4537 4189 15525 5463 4927 16187 15525 16187 16187 9442 14237 4311 4776 10154
6826 9277 1436 4776 14596 4931 3175 14237 405 16187 16187 16187 16187 16187 16187 16187
2263 14221 10967 13436 8268 12008 2263 5297 4032 9316 14029 12276 16058 14029 983 1860
2263 7664 12832 2627 771 9070 6979 971 14029 4776 948 10953 16187 7393 8719 4927
223 16187 16187 16187 16187 16187 16187 16187 16187 16187 16187 16187 16187 16187 16187 16187
7512 14776 5714 14237 14776 12495 15096 16187 7891 16187 14180 14465 16187 16187 16187 5176
855 3543 11553 11022 2148 1133 14307 12233 6931 16187 14043 1957 14589 16187 926 16187
9431 3177 14180 9715 926 491 830 4776 5863 2598 16187 16187 16187 16187 16187 16187
6363 9484 870 5 4387 10257 16187 10257 16187 5580 14766 16187 16187 16187 11247 16187
9431 3177 14180 8268 4776 5562 16187 14221 2148 9332 16187 10033 16187 926 16187 12349
13280 8268 926 14237 7659 14776 4776 15721 4624 5174 2837 16187 16187 16187 16187 16187
926 11957 4776 1045 12233 10419 926 8107 14237 4311 15217 8081 926 16187 2446 13947
926 7926 8577 12233 4585 9831 10967 5463 15211 1919 4776 6276 3177 5 7981 16187
9063 8268 14069 5867 926 926 5867 574 16187 16187 16187 16187 16187 16187 16187 16187
926 8268 926 16187 926 16187 926 926 15597 10285 8719 926 2598 16187 926 2598
926 8746 926 14237 15034 10036 1957 6259 6408 551 91 16187 8719 4776 10918 9635
4776 10372 3006 1778 6259 926 11215 11899 926 1019 9247 926 6173 16187 16187 16187
4776 10372 3006 1778 6259 926 11215 11899 926 1019 9247 926 6173 16187 6150 12092
4776 14467 926 4931 3098 1955 7742 16187 11553 6259 4473 13103 16187 10770 6888 6259
926 8710 1955 3935 1955 8170 15692 14225 16187 16187 16187 16187 16187 16187 16187 16187
926 926 8710 15761 1955 4776 926 3177 4776 817 16187 14237 926 16187 2176 16187
8712 8710 1955 10710 1955 5463 5208 820 926 16187 926 16187 10983 16187 5121 4927
7740 9429 8726 7740 8097 4776 2353 7740 12232 12102 14745 830 13616 16187 16187 16187
5297 8268 7740 11553 5074 15715 3171 2563 16187 7740 2308 8268 10324 14237 4431 16187
5297 8268 7740 11553 5074 15715 3171 2563 16187 1126 16187 8466 2053 6569 16187 4302
4776 10033 5867 10147 14029 4776 12538 1787 8710 7661 4156 14237 1126 16187 16187 16187
4776 4152 8710 14411 12495 8268 12576 5329 4776 1787 5867 12850 3052 16187 1919 8656
4776 745 4931 6259 926 10967 4776 14596 4493 926 6423 4776 14603 1787 16187 4776
10542 11300 8268 16150 437 926 471 1019 16187 16187 16187 16187 16187 16187 16187 16187
1612 1955 11846 13942 12233 718 10727 15389 9780 14237 12835 16187 7742 16187 6918 14237
3758 10554 8268 3059 4229 1919 10799 1954 1873 7486 9743 1957 14589 16187 926 16187
1138 14272 14776 1515 12233 4552 1919 5463 2598 5711 16187 16187 16187 16187 16187 16187
14272 4552 6011 9429 8712 14180 15956 16187 7740 3364 16068 8268 820 16187 12260 16187
14272 14776 6011 6391 2598 16187 16187 2598 16187 16187 929 16187 14734 7937 3177 1588
10967 6259 7098 10709 3177 15740 8268 7740 9429 4325 9884 16105 4776 816 10936 16187
12276 9574 9850 9484 7742 8268 7740 2296 10866 4776 6801 15978 3177 6259 6071 16187
12276 9574 9850 13341 1390 15525 3177 14139 16187 16187 16187 16187 7740 12650 16187 5830
1093 8719 4776 1781 8710 9754 8213 16187 16187 16187 16187 16187 16187 16187 16187 16187
4404 9424 5463 16105 3171 2563 10716 4776 564 4931 10941 12870 16187 2615 8710 16187
6259 5948 3177 4776 14596 8710 8423 6259 9450 3211 15525 3177 9484 16187 7740 12650
14237 5463 8710 2326 1175 13089 6259 2563 5208 11553 5463 7724 14029 13852 16187 16187
3171 10033 8710 14902 15978 2263 13141 14776 1229 12307 13839 16187 926 16187 14180 4776
3171 10033 8710 4642 6259 472 2451 8268 14237 6259 10355 1378 8712 8710 16187 926
4776 14241 13216 14029 14237 14029 16187 16187 16187 16187 16187 16187 16187 16187 16187 16187
4776 5820 3597 8710 6259 8794 1750 1919 7310 1983 16187 14043 15389 16187 4311 15846
4776 8928 8183 8710 9332 16187 5329 16105 13084 2191 16187 9890 16187 9890 16187 16187
1019 12766 14069 10471 5463 6173 16187 16187 16187 16187 16187 16187 16187 16187 16187 16187
15608 8268 8796 8268 12008 8206 16187 3098 13348 16187 11889 4312 16187 13348 16187 13348
6635 8712 8069 8270 13348 16187 13348 16187 8185 16187 1260 12911 16187 9316 3171 14596
4776 9792 16153 3177 6259 14217 926 2837 1885 1110 8710 6070 1435 16187 16187 16187
4776 9040 8710 5297 391 15978 14734 875 779 2060 4776 926 14976 16187 926 3177
4776 9040 8710 926 14237 4776 926 8428 12233 3361 15525 16187 16187 7288 1823 16187
4776 15358 15846 10566 6601 926 8268 12008 5463 5867 5329 487 630 16187 16187 16187
4776 15776 3384 8710 6070 10355 14237 4776 12835 15940 8268 8726 8712 8710 6259 9450
4776 12337 926 8710 13852 15658 779 684 6826 16150 926 8569 9288 14029 1583 16187
15658 4931 4776 15761 13926 15658 684 6662 926 5867 926 14164 2598 16187 16187 16187
15662 8710 926 2598 16187 16003 16187 2598 16187 926 16187 2598 16187 1885 9431 564
15662 8710 8712 10053 2598 16187 4687 2858 4776 926 16187 16187 9431 16187 2563 16187
6826 1038 10747 8268 6259 9935 14237 6259 926 3596 16187 16187 16187 16187 16187 16187
6826 1038 10747 8268 6259 9935 14237 6259 926 3596 16187 926 14000 12233 4776 926
6826 1038 10747 8268 6259 9935 14237 6259 926 3596 16187 13348 16187 7393 16187 5200
5297 8268 7740 11889 8712 6259 3098 8855 16187 16187 16187 16187 16187 16187 16187 16187
5297 8712 8710 1378 6286 3177 1954 4895 13348 16187 9431 16187 9316 16187 7962 16187
5297 8268 7740 2308 4776 4152 12233 2823 8106 14237 5329 6070 6148 16187 6070 630
4776 7310 284 4552 4776 2563 6527 16187 16187 16187 16187 16187 16187 16187 16187 16187
4776 7310 284 14776 6535 10355 830 4776 983 16187 10918 16187 16187 8440 926 16187
4776 7310 284 14776 12105 12345 16187 2326 926 15597 7624 8630 1954 10571 926 14237
4776 10566 14902 12007 8719 10054 13276 16187 16187 16187 16187 16187 16187 16187 16187 16187
4776 10566 13181 3384 830 9070 8710 4776 12298 3177 4776 2563 16187 8093 2326 926
4776 63 5328 3177 4302 7589 1778 3171 2563 8710 2326 10355 16187 14237 14237 8712
926 926 7076 11416 8268 4776 9290 15658 926 1885 16187 16187 16187 16187 16187 16187
926 926 926 926 12892 8712 4776 926 5801 16187 8710 14734 11434 3177 4776 10033
926 926 8710 926 926 8268 5568 6259 9450 10858 14237 13907 1955 630 9946 16187
8712 2446 8368 12233 6546 6259 9773 14029 4776 14954 3177 10131 16187 16187 16187 16187
4776 10033 2446 779 1954 11778 2837 10758 9105 8719 6259 2067 8268 926 10501 16187
4776 7151 926 8710 6259 926 8268 8726 4776 9330 13758 9059 14237 6259 9360 2598
12233 14180 926 14237 3189 1138 926 5711 3543 11553 12766 6259 7524 16187 16187 16187
15662 7926 9084 5329 1865 3171 3748 4776 5095 1229 4931 14734 14043 1229 1378 7740
15662 7926 779 5329 4351 4776 113 926 830 6259 2563 8710 15513 16187 16187 16187
4776 10887 14233 3418 15658 5111 14180 4552 8124 15781 16187 16187 16187 16187 16187 16187
4776 7310 284 14776 10355 830 15597 983 12576 16187 16187 16187 8719 4776 13501 8719
4776 7310 284 4552 4776 2563 6527 16187 5407 830 4776 11812 5388 14029 4312 16187
14069 5867 6259 6378 15662 3171 2563 15729 2903 14029 10372 2167 5777 1622 16187 16187
3171 8710 5329 6259 10033 5463 3543 2823 2329 16187 16187 9534 1955 4776 926 8719
3171 8710 5329 6259 10509 926 2563 8268 14221 10967 8712 13348 16187 13348 16187 15202
13084 8438 14272 2598 16187 16187 16187 16187 16187 16187 16187 16187 16187 16187 16187 16187
1098 3211 16187 14237 13616 16187 926 16187 10983 16187 926 926 12233 15956 16187 16187
10770 7178 16187 5174 16187 16187 16187 5197 2490 16187 8268 13783 9400 16187 8588 12233
9063 14069 5867 926 8268 15658 7076 6259 926 12852 830 4421 14237 2141 16187 16187
926 8451 926 5867 6809 1955 1954 176 3177 1138 5711 6390 926 16187 9743 16187
926 8470 926 14029 926 926 16187 643 12233 926 16187 16187 5200 16187 15 13474
14596 12790 6259 10770 2500 9484 15525 3177 9484 16187 16187 16187 16187 16187 16187 16187
2263 5329 6259 10355 8569 2563 8268 7926 3847 9754 2326 5407 16187 9890 16187 926
8712 8710 2148 1954 10950 2451 16105 3177 5867 926 512 6259 2563 16187 7970 412
14272 2148 5208 7740 1436 11953 3171 5463 779 9754 12467 12766 8592 2598 16187 16187
14691 2148 8268 14691 3765 16187 14180 16187 14237 926 16187 16146 16187 13348 16187 5358
14272 8309 223 14069 2598 16187 2598 16187 3137 16187 16187 2563 16187 5272 15096 16187
926 13348 16187 16187 16187 16187 16187 16187 16187 16187 16187 16187 16187 16187 16187 16187
3171 10033 8710 6259 11854 3177 6259 2563 16187 16187 16187 15096 16187 9178 16187 926
3171 10033 8710 6259 12260 2552 16187 830 6259 8200 16187 16187 10372 8719 12276 643
12058 2503 11022 10036 4776 476 5463 7164 2588 13879 14237 10530 14029 3171 1378 16187
831 2894 16187 14251 16187 9316 16187 14219 16187 4697 16187 9442 14237 6152 14237 6006
831 2894 16187 14251 16187 16187 10344 4832 8719 3171 16187 13758 5022 12495 16187 10967
4776 14599 8710 437 14237 11063 2780 8268 4776 5837 3177 8712 8710 9392 16187 16187
4776 6664 8710 5286 3177 12 1439 5867 4927 3177 5807 16187 3112 6378 5463 5711
4776 6664 8710 2751 14237 6246 14237 3335 14237 8268 564 3177 14180 8268 926 16187
6173 14734 2752 2598 16187 16187 16187 16187 16187 16187 16187 16187 16187 16187 16187 16187
15597 10400 3177 1090 3744 8710 9576 1872 16187 14043 14734 1378 16187 5176 16187 14237
15597 1133 14776 14691 2148 512 6259 15096 132 3059 16187 926 16187 926 926 16187
4776 13607 8710 8268 12233 6381 8712 926 8268 14231 16187 16187 16187 16187 16187 16187
4776 13607 8710 8268 1955 8569 1955 786 8268 8710 14397 7708 1531 16187 14596 5463
4776 13607 8710 8268 12233 6381 8712 926 8268 14231 16187 6259 7422 16187 16187 11382
15924 8710 10355 1955 6259 12018 926 8268 8511 9330 13640 16187 16187 16187 16187 16187
926 4931 6259 2365 5810 10967 4776 763 10217 8185 8719 4776 308 16187 926 16187
926 8710 6259 869 2844 14281 3177 1213 6259 15265 16187 6423 12115 1341 16187 929
4325 4552 5329 3443 1512 16187 16187 16187 16187 16187 16187 16187 16187 16187 16187 16187
179 6569 12232 5329 2588 3803 12028 1919 5341 1866 16187 14237 8712 5867 5568 8712
179 6569 12232 5329 2588 3803 12028 1919 5341 1866 16187 926 16187 926 16187 1750
8712 5867 7742 4032 4776 13341 6011 16138 8064 9786 830 8712 1957 13483 9716 16187
8712 4931 6535 630 6259 10116 1919 13084 14320 16187 12233 4776 3766 16187 6179 4312
8712 8710 6070 630 6259 8808 9809 10033 16187 926 16187 12349 6872 16187 12349 16187
9850 16187 16187 16187 16187 16187 16187 16187 16187 16187 16187 16187 16187 16187 16187 16187
9850 13341 1390 15525 3177 14139 3418 16187 16187 1110 16187 10033 16187 926 16187 926
9850 15525 3177 14139 830 3171 16187 4931 9264 16187 16187 16187 16187 2563 13348 16187
5713 6178 14776 9817 16039 12349 12233 4776 2563 13055 16187 16187 16187 16187 16187 16187
12489 12233 831 3171 13839 12960 4776 5217 16187 9213 8719 4776 1754 3177 4776 4440
6259 1872 10501 3177 14734 5168 8268 12008 6070 5812 14237 3200 16187 8712 5867 14029
91 8268 13084 8200 16187 16187 16187 16187 16187 16187 16187 16187 16187 16187 16187 16187
1885 10399 4189 8710 6797 8268 14237 8712 3112 4776 10033 4032 15715 16187 14640 8268
1885 3641 14976 14776 7208 8268 1885 5602 5867 926 14237 14069 14776 13084 12945 16187
3171 2563 4931 5329 12606 8719 4776 14589 16187 16187 16187 16187 16187 16187 16187 16187
3171 2563 8710 5329 10355 16187 12606 8268 12008 8712 5867 6259 2802 12606 13498 13103
3171 2563 4931 5329 6259 3192 2664 2563 8268 14237 6011 5208 8158 16187 9577 14237
8069 1793 8268 4776 10033 3847 9754 2326 12727 14029 4776 9404 14281 16187 16187 16187
8069 1793 8268 4776 10033 3847 9754 2326 12727 14029 4776 9404 14281 16187 6918 16187
2984 5713 10217 1955 4776 13141 4931 6259 5537 13758 4949 16187 4949 16187 926 16187
14237 5463 4931 4776 2588 983 7740 11839 5463 16187 16187 16187 16187 16187 16187 16187
3171 4931 13663 830 6259 12555 5947 2664 6071 14251 16187 10983 16187 13607 16187 14652
3171 14596 8710 4772 8268 1405 8268 3335 14237 2002 16187 11789 12127 983 16187 13348
5297 5329 14631 2598 16187 16187 16187 16187 16187 16187 16187 16187 16187 16187 16187 16187
13141 12233 15624 8268 15624 8268 15624 4440 16187 10400 16187 14237 2326 8710 8521 5463
2466 703 4537 4189 15525 5463 4927 16187 15525 16187 16187 8676 16187 16187 926 16187
4776 10418 4931 12489 14708 14237 4776 12835 11772 2614 16187 16187 16187 16187 16187 16187
4776 5041 4440 1919 4776 12545 4440 14776 6767 16187 7740 2308 3171 2563 16187 6683
4776 2122 15814 9498 5462 10471 6535 7742 16187 8069 12773 16187 6140 16187 16187 6390
1955 6280 1955 4776 926 3635 15525 6259 8811 12051 1019 16187 16187 16187 16187 16187
1885 926 926 4931 1175 16187 2837 926 16187 16187 16187 2296 16187 14241 16187 7288
1885 926 8710 9332 8798 2860 830 4776 4440 8719 4776 1419 16187 789 926 926
926 14237 926 630 2598 16187 16187 16187 16187 16187 16187 16187 16187 16187 16187 16187
3171 10033 779 12233 2823 8466 12233 2823 1170 13348 16187 5430 16187 6011 16187 16146
3171 10033 779 6259 2664 8268 7377 10418 8268 14237 6259 15819 14599 16187 926 14237
1138 7090 9888 5711 8710 4776 7710 7671 16187 16187 16187 16187 16187 16187 16187 16187
1138 926 3994 15525 5711 8710 6297 6259 8270 14237 926 5562 926 16187 512 4776
1138 926 5711 8710 6259 6070 7742 10471 10033 3537 6259 6070 7742 10471 16187 7215
8712 5867 6259 6692 9577 1919 9332 13298 16187 16187 16187 16187 16187 16187 16187 16187
2263 14221 10967 13436 8268 12008 2263 5297 4032 8712 16187 10566 3177 4776 3531 929
2263 6259 2563 5463 3543 11553 12766 2805 16187 8719 4776 2563 16187 15096 14237 4776
3171 8710 6259 15761 10033 16187 16187 16187 16187 16187 16187 16187 16187 16187 16187 16187
4776 2601 14596 10140 6011 10967 4776 10442 3177 4776 13555 16187 8268 13758 14029 13348
3171 8710 6259 6070 10355 14237 10336 10033 11953 6259 6070 10401 14237 2148 16187 14958
5332 4776 13429 8710 11499 926 1919 7145 16187 16187 16187 16187 16187 16187 16187 16187
3171 4931 6259 6070 15624 2563 830 9070 8268 7740 11553 12233 1436 16187 8712 15525
3171 2563 8710 6259 593 6521 7178 3177 6120 8268 2204 13587 16187 2097 6071 14251
14031 8268 14237 2359 1603 926 8710 4537 4868 16187 16187 16187 16187 16187 16187 16187
11558 8268 14069 8710 9754 8268 5329 8069 8719 6259 926 14824 16187 5257 3177 926
11499 7926 9013 8258 7926 3364 10369 11953 4776 926 3177 926 16187 926 16187 926
3171 2563 8710 6929 12233 4776 10560 8268 12008 5568 13237 1243 929 16187 16187 16187
3171 4931 6259 6070 926 10033 16187 10355 14237 10710 14237 4776 1754 3177 4776 10033
3171 10033 8710 14902 15978 2263 13141 12233 926 6259 15043 2563 16187 1919 15096 16187
8710 926 1515 12233 2786 14237 12298 4776 11117 10036 2598 16187 16187 16187 16187 16187
3171 8710 1954 12256 10033 1919 6259 3098 14596 8268 14237 12256 10418 16187 926 16187
3171 8710 6259 12092 8798 6070 8866 6801 830 4776 7898 16187 3994 16187 8496 926
8712 6546 6297 11889 6259 2024 2563 16187 16187 16187 16187 16187 16187 16187 16187 16187
8712 3847 9754 9605 13592 8270 512 3171 5711 16187 926 16187 1378 1378 16187 2053
8712 4931 9754 8569 12008 8712 4931 9754 3098 16187 9890 16187 8712 16187 14043 8069
4776 63 5328 779 7458 8268 12008 13084 20 16187 16187 16187 16187 16187 16187 16187
4776 63 5328 779 7458 8268 12008 13084 20 16187 3364 11553 12766 8270 16187 11577
4776 8928 8183 8710 9332 12008 4776 14599 13942 12233 9764 5463 5867 926 4931 232
4776 8521 4931 9754 4776 5568 9684 830 9070 16187 16187 16187 16187 16187 16187 16187
4776 9431 11247 2563 4931 1954 926 8268 5329 12233 11702 16187 9442 16187 9085 8093
4776 9431 4366 12028 3177 4776 10033 13348 16187 203 12105 2608 16187 11553 6259 926
5002 3171 2563 14029 5430 16187 16187 16187 16187 16187 16187 16187 16187 16187 16187 16187
8124 2563 8710 2097 3177 6259 926 16187 10983 16187 6695 13868 16187 926 16187 12349
831 2894 2326 4531 3171 2563 16187 14219 16187 4697 16187 15096 4924 4440 16187 14221
8712 5867 4032 15715 8268 12008 6011 15956 6011 3543 2696 4776 15939 16187 16187 16187
8712 4931 9754 12495 14221 10967 11439 5867 11846 2894 3177 10418 16187 12835 14237 4776
8712 4931 1229 13129 1919 2444 16187 4707 3177 4776 926 5656 12233 5759 11889 8712
6259 3059 3177 4776 126 1138 926 926 926 5711 8710 2446 14156 16187 16187 16187
9712 926 8710 6259 7791 7937 3177 14766 16187 16187 16187 10810 14237 926 16187 8712
9712 926 8710 6259 7791 7937 3177 14766 16187 16187 16187 2563 8268 14237 4032 9316
8712 5867 6259 10355 8704 830 9070 16187 16187 16187 16187 16187 16187 16187 16187 16187
3171 4931 6259 6070 15624 2563 830 9070 8268 7740 11553 12233 1436 16187 14237 12650
3171 4931 6259 2563 7740 771 12233 2552 6259 13341 1390 16187 4832 16187 13216 16187
779 12431 12233 2823 1957 14589 12669 1885 2974 13348 16187 16187 16187 16187 16187 16187
643 8710 5329 1229 10399 16187 10503 16187 13197 16187 8712 5867 14043 15389 2598 16187
643 5867 12495 14426 12233 2326 12451 12349 15389 1229 3529 16187 11789 15881 6150 14237
6011 5208 13758 12233 1110 4776 8687 8268 13436 14237 926 926 16187 16187 16187 16187
8726 6011 2441 820 6259 14304 8268 9647 8712 6259 13692 10011 14304 16187 8185 13348
8726 6011 188 6259 3098 15208 6255 14596 8268 2696 6694 926 14237 12351 5867 16187
4776 8215 8268 11499 8268 8710 13084 16187 16187 16187 16187 16187 16187 16187 16187 16187
4776 4152 8710 8423 2002 8268 14237 14180 4776 2946 9084 15597 15781 6535 7742 16187
4776 9355 243 10501 3177 4776 10033 8710 4776 3398 1146 6071 16187 2563 16187 12149
7740 8309 1919 12276 6161 14237 1959 4776 14237 4931 7740 15695 2598 16187 16187 16187
12013 4931 4546 830 14272 4776 926 771 12233 8855 1919 16187 2994 16187 16187 14237
1075 830 1954 7903 4931 14691 12008 14186 3177 14320 16187 12233 5804 16187 16187 10501
12003 13555 1378 8268 14237 6011 15846 12149 8712 4776 2601 4927 10324 13348 16187 16187
630 2148 12495 8268 3177 1245 8268 12008 7740 2383 14069 4931 869 8270 16187 16187
630 3177 4776 4856 8744 15525 3177 12505 8268 15427 7640 14237 7881 16187 8268 3211
4776 926 8536 1873 5388 4776 63 1873 926 12349 4776 9431 16187 16187 16187 16187
4776 926 926 13094 8710 8664 14237 4776 12835 15940 8268 8726 6259 9450 9082 16187
4776 926 926 1885 5463 4776 9349 8710 5297 14029 4776 6133 16187 16187 14237 4776
4776 9339 3942 8710 5463 14069 5867 13084 2191 3177 6985 16187 16187 16187 16187 16187
4776 10420 8710 2446 56 8268 2674 1229 8719 6259 15335 3177 4776 1939 4440 16187
4776 10420 8710 2446 56 8268 2674 1229 8719 6259 15335 3177 4776 1939 4440 16187
4776 10887 4949 6378 15438 8710 926 926 16187 16187 16187 16187 16187 16187 16187 16187
4776 2601 10400 8710 5329 8569 16187 8719 6259 5948 926 14043 12105 12345 16187 926
4776 2601 10400 3177 1455 6259 8081 3504 10716 3847 9754 926 16187 16187 10953 16187
3543 15389 3171 5415 2823 16105 2598 16187 16187 16187 16187 16187 16187 16187 16187 16187
1157 2598 16187 10160 16187 14596 11953 12835 16187 5804 16187 6140 16187 8404 4552 9754
13592 13603 2598 16187 2598 16187 15907 8710 2598 16187 16187 2598 16187 16187 2598 16187
8710 1750 9238 830 1954 5154 14571 12028 6259 10355 9424 2598 16187 16187 16187 16187
8710 7525 1919 12364 4776 12536 12495 16187 16187 16187 15840 16187 14237 926 16187 16187
6017 8710 5329 14068 9461 6259 11897 91 16187 16187 6918 16187 15491 16187 926 926
6259 1781 14237 8405 8521 12233 4776 10728 16187 16187 16187 16187 16187 16187 16187 16187
5822 7310 284 2769 1919 569 3177 10211 7810 16187 6070 7742 2608 16187 7742 11889
5822 7310 284 2769 1919 569 3177 10211 7810 16187 6070 405 16187 10033 16187 1919
4776 13811 8710 8608 1955 926 3847 14691 12233 8733 3171 10033 13592 8270 16187 16187
4776 3942 8710 5463 8712 5867 15510 14237 15624 16187 6259 9442 5030 2563 16187 12832
12127 8808 9113 15389 12233 4776 795 9841 3177 8712 16187 16187 16187 16187 1957 6259
4325 14776 4537 14069 12233 2823 5576 926 16187 16187 16187 16187 16187 16187 16187 16187
4325 4552 14237 13474 4552 5463 14776 15525 3177 4776 926 926 2327 16187 643 16187
4325 7661 926 12495 10344 4776 90 3177 15597 1486 14237 2327 12233 8733 926 16187
10242 3177 4776 12732 5340 8719 4776 6499 16187 16187 16187 16187 16187 16187 16187 16187
2285 14596 8710 7100 8719 1378 8181 8268 12135 14237 6070 2067 12162 16187 15096 16187
3171 2563 8710 6929 12233 4776 10560 8268 12008 5568 13237 1243 929 16187 643 16187
6173 14237 9084 9455 12782 15658 4776 6441 6297 4931 2598 16187 16187 16187 16187 16187
3171 2563 3364 11553 12766 1229 630 2148 9332 16187 16187 1919 12127 15096 14237 10088
3171 10033 13910 14029 817 7163 7680 12233 4552 2263 4189 16187 16187 16187 10114 8719
1957 4776 12298 4325 15729 2903 5022 14237 12431 15731 16187 16187 16187 16187 16187 16187
6070 7742 11022 2563 8268 1919 1954 11596 13839 14237 10355 11646 14237 2122 16187 8710
6070 6148 2837 6356 926 8268 15649 8710 5329 2296 6148 6161 16187 2563 16187 2097
4776 2285 926 15093 3177 4776 10033 8710 8124 16187 16187 16187 16187 16187 16187 16187
4776 2285 14596 926 1778 7804 4240 926 1955 7742 1955 4218 16187 16187 11367 926
4776 745 4931 6259 926 10967 4776 14596 4493 6259 5286 15909 926 9385 16187 6259
7926 2326 5656 9657 1955 6259 1932 817 9290 16187 16187 16187 16187 16187 16187 16187
8712 9113 6259 10894 2148 15538 12233 4776 12633 16187 16187 11196 16187 817 926 14237
8712 15881 926 2837 12349 14237 926 16187 12349 4776 1583 16187 926 16187 8069 4240
4370 5090 7274 15828 14537 5867 12013 8710 4394 16187 16187 16187 16187 16187 16187 16187
12013 8710 10602 16187 16187 16187 16187 16187 10335 16187 4189 926 16187 16187 926 16187
12013 11233 16187 9301 16187 1781 584 16187 2176 16187 14237 2689 16187 9332 16187 9442
5463 8710 8726 4325 5208 3557 4776 926 7151 4189 16187 16187 16187 16187 16187 16187
2263 7664 12832 2627 771 9070 6979 971 14029 4776 948 10953 16187 8858 16187 10953
8712 8710 2148 5463 6259 784 14596 14237 8712 8710 5329 11953 14506 16187 8719 3171
4776 13575 1167 3177 5445 14112 14776 926 1919 4776 1167 3177 8455 14112 16187 16187
4776 15174 574 8710 5463 926 8268 5329 11953 14734 11846 15180 16187 8798 16187 926
4776 13811 8710 3326 15505 14237 4776 1736 3112 4776 10033 10150 3789 16187 6259 10887
5463 5867 8712 16187 16187 16187 16187 16187 16187 16187 16187 16187 16187 16187 16187 16187
8712 4931 6535 630 6259 3667 3177 983 16187 14043 13758 8719 12120 14237 16187 12007
8712 4931 10770 14237 2327 12233 5937 12757 3082 16187 12276 1860 9330 16187 14241 16187
7742 8268 8712 9084 9754 5350 7001 12233 2458 16187 16187 16187 16187 16187 16187 16187
14069 8268 5463 5867 5329 9070 8268 7740 8313 4931 9754 11889 5463 2598 16187 929
8796 14069 14776 6826 820 15658 3644 9754 5174 14029 15597 16058 8268 12008 4325 8093
2201 8166 8710 6259 10602 649 16187 16187 16187 16187 16187 16187 16187 16187 16187 16187
5580 1175 6499 10967 14180 4776 13839 16003 12233 6259 8124 2563 16187 3137 2150 16187
5580 6259 8478 8719 5463 8712 15846 6381 6011 12233 12097 16187 926 8719 4776 3137
6259 12260 2552 2837 14180 7156 16187 16187 16187 16187 16187 16187 16187 16187 16187 16187
3171 8710 6259 3098 2122 2563 8268 831 2894 16187 926 16187 10545 14029 12825 5820
3171 8710 1378 3177 4776 564 1133 5463 7740 11553 8084 8466 16187 8719 6259 6418
6011 16138 8093 1453 2904 16187 16187 16187 16187 16187 16187 16187 16187 16187 16187 16187
14470 2823 10770 830 14157 10671 12008 5329 630 12233 5243 7829 11953 16187 14237 926
10399 12233 8158 8268 12008 10770 12233 12650 16187 16187 983 16187 7151 14237 12401 16146
9070 1229 8268 14272 9084 6011 9429 3177 2572 3701 10988 2598 16187 16187 16187 16187
9476 8719 10025 14776 10399 12233 4552 16187 16187 15597 16058 16187 16187 16187 16187 926
855 3543 11553 11022 2148 1133 14307 12233 6931 16187 14043 1957 14589 16187 3553 16187
4776 4750 11900 1955 2215 16187 16187 16187 16187 16187 16187 16187 16187 16187 16187 16187
4776 8635 8268 12716 8268 6280 7165 11273 14237 4776 926 5867 926 1750 8719 4776
4776 9666 8710 9754 4437 91 8268 14237 8710 8466 1955 7931 14237 8843 16187 1378
8712 5867 4776 11776 15131 3177 4776 10983 16187 16187 16187 16187 16187 16187 16187 16187
2263 5329 4776 14596 8268 8017 16187 926 14237 926 16187 926 16187 14734 950 16187
8712 5867 1378 3177 4776 7705 14237 10566 13792 1133 7740 11553 8084 8466 16187 8719
13932 8948 8268 12716 3007 12233 2823 8719 6259 926 10719 14180 14734 4440 16187 16187
8063 6620 645 14029 1885 8268 8152 1885 1932 14237 8993 7652 1885 6070 12105 16187
8063 6620 645 14029 1885 8268 8152 1885 1932 14237 8993 7652 1885 6070 6626 926
4776 926 7890 8710 4394 16187 16187 16187 16187 16187 16187 16187 16187 16187 16187 16187
4776 6006 8710 6535 8268 4776 4856 8710 4776 3765 8710 2148 447 16187 16187 3059
4776 6664 8710 2751 14237 6246 14237 3335 14237 8268 564 3177 14180 8268 926 16187
3171 8710 4776 5820 14304 3177 582 926 830 926 16187 16187 16187 16187 16187 16187
4776 14596 8710 11953 6259 13250 2211 1750 926 8719 6259 4001 5942 3177 926 16187
4776 14596 8710 4776 926 8979 6423 3171 10033 8268 1919 4776 284 8093 1946 16187
4152 12018 8712 5867 2429 926 14029 8106 2970 8268 12008 1919 2148 9114 16187 16187
8712 8710 13083 12233 2263 8588 14237 2148 13436 512 926 16187 643 16187 926 926
8712 8710 1954 12606 14237 7742 10471 4895 308 16187 926 1919 4776 10918 14237 926
14237 10644 8710 13306 5867 8081 11798 15658 4537 13384 7708 16187 16187 16187 16187 16187
10960 14237 4302 1167 14776 6070 11947 16187 2167 12491 16187 16187 16187 14237 10217 12835
68 14237 3410 8197 15870 15597 564 6499 16187 7742 16187 8069 8270 16187 12008 14029
14237 14272 10418 13348 16187 16187 16187 16187 16187 16187 16187 16187 16187 16187 16187 16187
5463 2563 8710 2689 16187 12606 8268 12008 6259 3098 14596 2894 14237 2689 16187 7310
5463 3364 11553 12766 12495 2296 12008 10217 3177 6826 4440 16187 926 16187 5948 16187
13797 14437 5867 8971 574 9113 4404 1744 12233 4776 10033 16187 16187 16187 16187 16187
5498 3112 4776 954 14734 8808 1955 11457 926 8268 1955 8017 830 6259 7970 16187
10217 3177 4776 9339 12835 2326 926 15597 16101 8719 4776 16146 8185 16187 8185 16187
1229 8268 12276 11916 8710 5463 820 12650 8712 14237 12149 4776 7178 16187 16187 16187
12495 7758 16187 8268 12495 5329 8712 13592 2148 3177 6259 926 512 4776 2563 16187
13341 1390 12233 2823 11457 8268 7740 4931 7740 4931 1407 2837 4776 3213 16187 8719
16187 16187 16187 16187 16187 16187 16187 16187 16187 16187 16187 16187 16187 16187 16187 16187
12276 10709 8710 1948 703 14776 3202 3171 2563 16187 12105 16187 16187 5388 16187 16187
1597 4620 1919 4776 10988 512 5233 16187 926 8719 926 16187 8719 926 16187 8719
14734 5415 11434 3177 6013 3618 926 4931 1955 9355 1955 8712 4931 3335 16187 16187
1948 4440 2446 11961 5981 14237 11535 8719 6259 3502 14237 926 4927 16187 14776 926
1885 8808 926 14776 6580 14029 2256 1093 4325 3364 8093 940 8719 4994 16187 926
5332 8268 5463 12232 11553 12766 6259 926 926 13348 16187 16187 16187 16187 16187 16187
12495 8569 14069 8268 6011 14776 9754 2326 6259 10770 12233 12650 3171 2563 16187 9442
12495 8569 5463 7345 11839 5064 771 15389 13129 12233 1436 16187 11953 2115 5463 9316
5463 11720 4931 6259 10862 4098 13592 3177 4776 15064 8719 4776 2563 16187 16187 16187
2263 5329 6259 10355 8569 2563 8268 2263 5329 1957 4776 983 7926 4931 6259 9405
2263 6259 3044 8630 983 5122 3177 6259 2563 5463 779 6259 5948 3177 20 16187
926 10036 10967 4776 6115 16187 16187 16187 16187 16187 16187 16187 16187 16187 16187 16187
8712 926 10967 4776 2563 830 9070 16187 16187 8712 16187 13348 16187 13348 16187 13348
8712 5086 15525 12233 2823 6259 926 926 16187 16187 16187 2563 16187 926 16187 643
