3177 1245 4776 6161 8719 8081 12216 3364 2823 9461 5548 16187 16187 16187 16187 16187
4776 4152 8710 6070 2805 14237 4776 2946 2451 10571 7742 16187 9736 16187 16187 15096
4776 4152 8710 6070 2805 14237 4776 2946 2451 10571 7742 16187 1878 16187 6918 16187
7740 14263 8712 12056 16187 16187 16187 16187 16187 16187 16187 16187 16187 16187 16187 16187
7542 6259 6388 13103 16187 9442 5804 16187 926 926 16187 5804 16187 926 3177 4776
7542 6259 10355 2563 16187 100 1919 4776 100 13348 16187 10372 5463 8712 8710 2296
13084 1583 983 8710 4431 14029 11063 2780 4152 9361 14043 8843 12835 16187 16187 16187
4776 12013 8710 6070 1971 14237 4776 6006 8710 2446 12495 10355 16187 12233 4776 4152
4776 12013 8710 6070 1971 14237 4776 6006 8710 2446 12495 13178 16187 10501 16187 4776
13142 12593 4931 926 12233 13034 3748 12233 5480 4302 16187 16187 16187 16187 16187 16187
6259 7098 10033 3177 2643 779 6259 8124 14596 16187 16187 16187 12256 16187 512 1954
11439 926 8710 14180 926 14237 9084 10355 8719 6259 2563 16187 14237 8712 5867 6259
12008 8268 4240 4776 13121 926 14595 8268 926 15881 1954 10400 16187 16187 16187 16187
8712 5867 4776 10033 3177 5400 8712 5867 10006 8268 9925 5102 8268 9925 926 16187
8712 5867 4776 10033 15142 1138 4776 14599 8710 1810 16187 4949 3177 14734 926 16187
14272 13411 14069 8719 5463 926 14842 1543 4776 4369 14325 1651 2598 16187 16187 16187
4776 4152 8710 1344 10355 16187 1229 630 2148 5208 4776 8521 12233 9070 16187 926
4776 4152 8710 4776 5286 820 926 830 3171 2563 16187 4776 14233 9635 16187 16187
6011 4628 9754 2823 9872 8719 3171 15743 8268 5947 2664 9618 16187 16187 16187 16187
2945 4032 4776 8656 926 16187 6978 5852 9745 14281 3177 6259 4792 3177 6259 2497
2945 13077 4776 12489 8268 12008 7740 11553 8466 8712 5867 10770 1957 14180 16187 8185
4311 7926 926 11553 12233 926 12233 5272 15389 16187 16187 16187 16187 16187 16187 16187
926 926 5867 8808 8710 6929 8268 12008 4776 10217 1133 14237 2148 6545 2055 15525
8712 2446 779 6826 7310 284 8268 12576 7740 1114 16113 4776 926 13348 16187 16105
12008 1955 8712 5086 15525 8268 4776 2563 779 13084 13139 1957 14180 16187 16187 16187
4776 4927 8712 5867 6259 926 8268 9790 1919 4776 157 5867 16187 2296 1750 9780
4776 4464 8719 15649 7740 12773 2148 16187 512 926 16187 926 16187 926 16187 15956
2143 9484 16187 16187 16187 16187 16187 16187 16187 16187 16187 16187 16187 16187 16187 16187
6363 9484 6363 9484 3171 2563 8710 4537 11889 4776 308 16187 8719 926 8268 14834
6363 9484 6363 9484 3171 2563 4931 15525 3177 14139 14139 14029 926 13348 16187 7740
6259 10496 1101 7671 3171 11744 9754 16187 16187 16187 16187 16187 16187 16187 16187 16187
6259 1592 3177 6259 8858 12234 5738 8268 14237 926 4776 2353 5867 2296 13783 1778
4776 9431 10033 8710 6259 10355 2122 14251 16187 6259 5948 3177 13250 16187 16187 9442
5332 8268 7740 15956 14272 6011 11031 5807 16187 16187 16187 16187 16187 16187 16187 16187
8712 5867 1229 9918 8268 10355 16187 5948 16187 16146 12835 2946 16187 5948 16187 16187
8712 5867 1229 9918 8268 10355 16187 4152 8268 14237 8712 8710 10518 12233 2823 2148
2946 7588 12233 926 926 8268 12008 3171 2764 3112 8712 14219 16187 16187 16187 16187
3171 10033 8710 9754 8569 8268 13084 5329 14180 16187 12976 12233 4776 443 16187 6918
3171 10033 8710 4642 6259 6585 3177 2904 15846 6011 10503 8719 4776 983 3177 2904
12716 8268 4325 14776 6357 2837 5713 1344 6748 1120 16187 16187 16187 16187 16187 16187
12716 8268 8726 6011 4552 9754 11889 8712 8268 4311 5711 8710 9754 5463 816 16187
12008 12654 14180 4776 16068 5463 414 14272 7740 771 6259 15335 2148 9643 1955 15624
7740 15846 5946 1919 4776 11950 15720 11608 16187 16187 16187 16187 16187 16187 16187 16187
9574 6363 15525 3177 9484 16187 14221 14219 8268 4776 63 10400 16187 14237 6070 2689
9574 6363 9484 3418 16187 926 16187 6683 3177 4776 2148 7970 6882 16187 643 16187
12276 926 8710 11582 16187 16187 16187 16187 16187 16187 16187 16187 16187 16187 16187 16187
4776 2601 14596 10140 6011 10967 4776 10442 3177 4776 13555 16187 8268 1229 7740 2383
4776 2601 2563 8710 6535 630 6259 2143 9484 16187 11530 12276 2563 16187 926 16187
1229 8268 3171 2563 6201 9070 13758 15525 13348 16187 16187 16187 16187 16187 16187 16187
3171 2563 8710 2945 630 2148 13348 16187 512 6011 12349 4776 9431 16187 9311 12495
3171 2563 4931 10770 14237 8712 2148 12690 512 2519 16187 8710 6259 926 16187 926
1955 6259 15696 14281 3177 6259 8866 4302 8268 8712 5867 4537 5329 10355 5103 16187
4776 4342 14237 4776 10033 3847 9754 11553 8712 16187 16187 9575 16187 7740 11553 926
4776 63 5328 8710 8974 10191 1649 2122 8268 3098 4152 8268 14237 4776 10418 8710
926 6259 4320 13348 16187 16187 16187 16187 16187 16187 16187 16187 16187 16187 16187 16187
6259 13436 10033 14237 11553 6259 3098 8855 4440 1919 15389 16187 12495 16187 926 16187
6259 13616 1058 8712 779 6826 13129 926 12233 3171 10033 1229 1919 4776 12536 16187
9653 8710 8268 13907 6259 3141 8268 4776 10566 13076 8808 8084 16187 16187 16187 16187
4776 4152 8710 4776 5286 15043 2563 7661 5036 15814 16187 6259 10602 14596 16187 8719
4776 4152 8710 14411 12495 8268 12576 5329 6070 1561 16187 14734 8808 4931 6259 304
8712 8368 3748 926 4776 5738 5463 8710 12677 15520 6177 926 3766 8258 14199 16187
4776 1736 5867 6259 8124 4927 3177 4776 10033 8710 16187 12495 16187 16187 1957 4776
4776 14596 4931 11186 14237 4776 5837 4931 2326 6672 16187 14125 1885 16187 9784 8268
926 8710 14221 12495 7664 5329 12233 11553 7902 8712 12008 13474 8781 8712 8719 16187
8712 8710 6259 3098 12805 16187 16105 9070 7001 6689 926 16187 13932 9574 16187 983
8712 8710 3171 3826 16187 14237 15096 14125 14745 16187 11889 8712 16187 4924 926 16187
14069 9498 13178 1138 926 926 5711 14237 1213 16187 16187 16187 16187 16187 16187 16187
8712 7458 8268 14237 3774 926 8268 10762 4707 2837 926 16187 926 16187 8556 16187
8712 2446 779 13084 926 16187 3504 926 8268 8712 13348 16187 13348 16187 13060 16187
12008 6683 10036 16187 16187 16187 16187 16187 16187 16187 16187 16187 16187 16187 16187 16187
12008 5463 12232 2823 11789 6868 14237 6070 2160 16187 9316 8712 16187 2296 1957 4776
12008 8712 3007 11889 8712 4931 1515 830 5463 16187 926 830 8712 16187 5332 16187
4776 2563 10781 1019 10583 12018 6173 4931 7401 4776 9790 1955 4776 7519 926 16187
4776 4152 8710 14691 12008 2326 8710 3171 10033 16187 926 16187 14029 4776 8781 16187
4776 10542 5742 8710 720 8719 3171 10033 16187 10913 12495 16187 4776 4927 16187 926
8726 6011 188 12233 2552 6259 4932 2563 8268 2552 1138 1371 11220 8346 5711 16187
3171 4931 6259 10810 13089 14286 12669 1954 926 16187 643 8710 4776 926 16187 926
3171 4931 6259 10810 6259 10894 926 8268 14237 926 16187 13270 14237 4311 9137 12233
5568 1565 12232 10503 4776 3575 8719 3171 2563 16187 16187 16187 16187 16187 16187 16187
3171 4931 6259 6070 15624 2563 830 9070 8268 7740 11553 12233 1436 16187 8712 16187
4776 5820 1500 830 3171 2563 13216 15525 12233 4776 4302 926 16187 10501 11953 4776
14272 926 4776 14596 2148 512 1157 8710 4776 9578 13094 16187 16187 16187 16187 16187
4776 14596 10781 8710 6259 926 8268 14237 8069 9009 8719 4404 10033 16187 8569 9288
4776 14596 8712 5086 15525 12233 2823 4776 5568 1264 8719 91 16187 2563 16187 15096
8258 4776 3098 926 926 8268 14069 4931 6259 3098 6978 8502 6570 926 16187 16187
4776 4557 926 14776 5297 1932 8268 926 926 16187 3554 8719 8081 16187 1383 16187
4776 11943 8268 926 926 16187 926 926 16187 10344 926 926 14237 7164 926 16187
14237 4776 9981 4440 14776 2326 13181 1955 7742 16187 16187 16187 16187 16187 16187 16187
8712 4931 4776 2122 10033 2326 3112 8712 6535 10355 16187 2997 14237 11546 10400 16187
8712 4931 4776 6006 14237 4776 10033 779 3765 14219 512 6259 8794 16187 11901 14237
7740 9009 8719 1110 1919 926 16187 16187 16187 16187 16187 16187 16187 16187 16187 16187
13181 1146 14457 8268 3776 16187 12489 8268 12008 3171 4931 4776 12850 4302 1167 8719
13181 1146 14457 8268 3776 6535 8268 10762 4707 4312 16187 13720 16187 13317 16187 8554
3703 2296 3114 9133 16187 16187 16187 16187 16187 16187 16187 16187 16187 16187 16187 16187
1957 14589 1597 991 14776 1125 14029 4776 926 8268 4325 2446 3927 6259 1405 926
13141 12233 15624 8268 15624 8268 15624 4440 16187 12633 1919 14745 16187 7367 16187 5820
1350 8268 10288 12449 12233 8733 6259 10728 3177 5713 16187 16187 16187 16187 16187 16187
9723 926 8268 14029 4776 16146 4751 8268 771 6826 926 926 12233 4776 1583 16187
10033 2446 1957 14589 8656 2103 16187 14237 10418 10418 8268 3171 2563 8710 9332 16187
12008 4776 3942 8710 5463 4776 9139 8710 13084 13122 6259 9139 16187 16187 16187 16187
8712 4931 6070 2689 14237 2326 16105 16187 6683 11889 6259 14397 7931 14237 4776 10033
4776 14596 8710 11953 4776 2263 1378 5463 4776 1138 11253 5656 14029 4776 1583 1955
4964 14776 12276 11070 12192 14237 4325 4552 5329 4230 1919 1138 14672 926 5711 16187
4776 10887 14233 3418 15658 5111 14180 4552 8124 15781 2326 6259 3211 10719 14180 1778
4776 5537 6021 6173 14237 4776 2122 8710 2326 10770 16187 4537 5329 6683 1957 6259
1955 6259 13270 8499 8268 8712 13623 14426 16187 16187 16187 16187 16187 16187 16187 16187
8712 5867 4776 9790 926 16187 926 10036 16187 926 16187 8124 16187 2563 1955 6259
8712 5867 4776 9790 926 16187 14596 1955 4776 10033 1955 4776 926 8710 14180 16187
8719 4776 2002 8268 13084 983 4931 4431 14029 1404 16187 16187 16187 16187 16187 16187
4776 4152 8710 8719 4776 4949 926 513 1597 16187 926 8268 8712 5867 16187 8569
4776 4152 8710 8719 3511 779 4776 4267 2563 8084 16105 16187 100 2563 16187 6918
4776 2563 7094 12495 630 14029 6120 8268 12008 8712 2466 3847 9754 8733 2191 16187
4776 4152 8710 7997 8268 3299 14237 13587 16187 6535 630 6259 5948 8069 2148 9332
4776 4152 8710 6070 2805 16187 9389 8719 15597 8456 16187 643 16187 1229 1597 16187
4776 926 8710 6259 2684 2608 14237 3313 14596 3177 6259 2422 16187 16187 16187 16187
4776 3511 8710 5463 4776 926 4776 14596 8710 12307 13267 16187 16187 926 16187 8719
4776 414 1919 4776 926 926 1885 926 4931 4776 7377 3177 4776 2563 4776 926
1998 16187 16187 16187 16187 16187 16187 16187 16187 16187 16187 16187 16187 16187 16187 16187
926 15442 6235 12127 13682 7740 771 8719 9222 9070 10503 4776 8808 7410 16187 926
926 1390 8710 6259 8268 8270 10033 9706 4776 2563 779 6259 926 16187 14125 16187
8712 8710 16150 8268 15276 1507 16187 16187 16187 16187 16187 16187 16187 16187 16187 16187
8712 4531 8712 16187 5820 16187 2689 2563 16187 16187 14808 8268 14237 8093 1344 926
8712 12729 14272 3171 13429 1175 3994 16187 12256 16187 16187 16187 10810 16187 16187 9230
8268 14237 1138 5208 7740 9605 6259 926 830 3171 2598 5711 16187 16187 16187 16187
4776 8268 8268 8069 8726 6011 15846 9754 926 13086 11553 6259 5948 3177 12102 830
4776 8268 4152 8268 1502 8268 14237 8710 2176 8268 14237 4776 1531 9498 2860 16187
137 8712 8710 9754 16187 16187 16187 16187 16187 16187 16187 16187 16187 16187 16187 16187
4776 4152 8710 1229 14221 12495 10355 14237 1229 9625 16187 6259 9450 16187 16187 14237
8712 4931 6535 630 6259 4265 14237 2148 10967 926 16187 512 7740 11553 926 13348
8712 5867 3098 16187 16187 16187 16187 16187 16187 16187 16187 16187 16187 16187 16187 16187
8712 4931 6070 2997 8268 12008 14691 11900 5463 926 8710 5329 14180 926 16187 9442
8712 4931 6070 926 14237 12013 8268 6006 8268 10418 8268 14796 8268 14237 2024 5388
1955 14221 1955 10315 4776 8268 926 13942 12233 11553 6826 12917 16187 16187 16187 16187
4776 3511 8712 6598 8268 4776 13607 8162 8268 10355 2615 3177 4776 11602 16187 4776
4776 3511 8712 8710 6297 8268 12576 8268 14237 5329 6259 10602 1378 12233 12650 16187
4776 13839 1029 8719 8808 14237 8712 8710 6259 15174 8170 423 926 16187 16187 16187
4776 14596 8710 8719 4927 1954 12606 2563 14237 2599 5867 11553 2673 926 14237 3504
4776 6664 16187 926 8268 5329 12233 11553 6259 10355 983 1957 4776 12298 8712 9004
4776 13839 1955 1954 10283 14776 8213 12233 4776 10672 10894 10501 16187 16187 16187 16187
4776 6664 8710 5286 3177 926 8808 10801 16187 11889 5820 820 16187 5820 8719 4776
4776 6664 8710 5286 3177 926 8808 8719 4776 4832 8268 9890 16187 12349 4776 926
6390 14029 926 6011 16138 9786 830 3171 13348 16187 16187 16187 16187 16187 16187 16187
3400 3880 1750 926 2837 6259 926 4931 9813 8213 12233 12650 16187 929 16187 13852
6259 4142 274 10033 8268 12008 15884 12233 1110 16187 4707 16187 8719 4776 13839 16187
8309 12495 14221 1919 4776 14596 14237 1348 8712 12495 630 16187 16187 16187 16187 16187
2285 10033 8710 1954 12606 2563 8268 14237 13907 6259 10583 16187 15649 3112 4776 2563
3511 8710 5463 10355 5463 4927 4325 5208 5568 8781 12008 8712 8710 5329 1955 10646
5359 8268 3171 2563 8710 15624 8268 15978 14691 8710 9015 830 11953 1378 10244 16187
3171 2563 8710 2689 16187 12606 14237 7843 13811 16187 8360 16187 10026 8268 14237 12401
3171 2563 8710 5906 8268 12092 8268 14237 854 8268 6070 926 14237 4776 10418 8710
7740 4931 6070 16148 3177 12476 1885 9625 267 16187 16187 16187 16187 16187 16187 16187
6070 10355 13055 3177 4856 16187 3553 1957 7829 16187 1383 16187 926 16187 7724 3177
6070 10355 13348 16187 3559 2563 16187 11382 3112 4776 954 16187 8719 1378 16105 9070
6173 16187 16187 16187 16187 16187 16187 16187 16187 16187 16187 16187 16187 16187 16187 16187
4776 9431 4931 6259 10355 2563 7740 11553 8093 8466 14112 11889 6259 12012 13348 16187
4776 2563 8710 6259 1507 6688 8710 11789 1955 7310 16187 16187 9925 1042 4776 10033
1430 926 8710 1378 1450 16187 16187 16187 16187 16187 16187 16187 16187 16187 16187 16187
6259 10894 1781 14237 12715 16187 926 926 5867 9813 14937 16187 15 16187 5947 2664
12958 8710 405 16187 3211 8268 12008 7740 2383 8268 9084 6011 14518 16187 14237 16187
14030 8268 1543 5867 4776 1832 2598 16187 16187 16187 16187 16187 16187 16187 16187 16187
8719 3511 8268 5463 926 4776 2563 16187 15096 1941 12233 3059 16187 5297 926 16187
8719 3511 8268 6070 926 4776 2601 2563 2979 2858 4776 9431 983 16187 14581 2598
1138 926 5711 4931 2543 8719 4776 9538 14237 4776 2211 4931 6259 9290 14482 16187
4776 5994 8268 7248 3171 10033 8268 7740 12232 2326 8154 3171 10033 16187 8719 4776
4776 2053 926 3994 8311 12233 926 4931 9745 12298 5898 16187 12495 16187 926 16187
926 13729 12233 7347 4366 1378 12835 373 16187 16187 16187 16187 16187 16187 16187 16187
926 926 14237 5095 926 16187 6692 14776 6826 926 10967 4776 926 926 16187 926
926 926 14237 5095 926 14776 926 12233 4552 4776 12887 3177 1885 5820 16187 10033
8712 5867 16150 14974 11953 8794 643 8268 14237 8712 5462 7147 6070 11162 16187 16187
4776 15064 3177 14596 8710 9575 14237 1344 10355 8268 8712 5867 14411 16187 16187 9442
4776 4152 8710 6070 2805 14237 4776 2946 2451 10571 7742 16187 9925 5358 16187 7367
6826 3177 8712 8710 6070 232 16187 16187 16187 16187 16187 16187 16187 16187 16187 16187
4776 14596 8710 2466 10399 12233 14192 8268 12495 16187 4152 16187 14029 4776 1787 1676
4776 3511 5463 3171 8710 4776 8974 16187 7740 11553 8466 6259 8974 14426 12233 547
1380 2353 926 926 16105 5352 4557 11367 926 8719 926 16187 16187 16187 16187 16187
15167 926 8710 6259 3257 1955 6259 8808 8719 6259 4949 14596 16187 16187 512 16187
630 779 6259 15174 5562 15093 12576 16187 5332 1957 4776 5946 3177 4776 10033 16187
5329 4776 14596 8268 8017 16187 16187 16187 16187 16187 16187 16187 16187 16187 16187 16187
4776 14596 10781 8710 6535 10107 15202 6011 9223 1957 4776 9834 16187 14237 4512 1272
4776 14596 8712 5867 5329 15389 8081 8268 12008 8712 5867 14030 16187 5046 4552 9754
12401 8808 779 9780 15014 8268 926 8268 13610 8268 14237 14412 16187 16187 16187 16187
8712 8710 1954 817 8982 10372 12576 16187 14237 8712 10355 16187 16187 4949 16187 5568
8712 779 4776 3138 2954 3177 3211 8268 10978 8268 14237 471 16187 6259 10710 1378
4776 9955 8710 9754 1229 630 15048 1955 8712 8710 12349 10471 16187 16187 16187 16187
4776 14596 8710 2466 10399 12233 14192 8712 14237 9745 12495 11273 16187 5463 8712 16187
4776 14596 8710 2466 10399 12233 14192 8268 12008 8712 8710 9332 8268 14237 8712 5867
7740 11839 4776 2002 4931 6297 1344 12606 14237 771 1344 6259 10355 14596 16187 16187
4776 2563 4931 6070 10355 16187 16187 2002 16187 6918 14237 12105 12345 16187 6259 9450
4776 4152 8710 14411 12495 8268 12576 5329 6070 10355 1955 14734 9465 16187 926 16187
926 926 926 13341 16187 16187 16187 16187 16187 16187 16187 16187 16187 16187 16187 16187
4776 10588 8710 6259 926 14237 1378 3177 4776 926 16187 8185 16187 7981 16187 983
4776 926 4931 6259 926 14237 926 8710 8069 6259 5496 1433 4312 16187 16187 15096
926 2598 16187 16187 16187 16187 16187 16187 16187 16187 16187 16187 16187 16187 16187 16187
4776 14596 8710 5329 5463 10355 16187 7805 16187 5257 3177 4421 7076 3112 15848 16187
4776 4152 8710 1229 926 14237 8712 8710 13178 16187 16187 12127 10709 16187 9715 16187
6011 15956 8712 5867 5329 816 5463 7740 11553 12233 5243 14255 11331 16187 16187 16187
14045 2710 6594 13348 16187 2110 16187 2563 16187 3553 12233 1436 5463 16187 926 16187
14045 2710 6594 13348 16187 1449 16187 16187 9577 3171 4931 2296 6259 8858 926 16187
12716 8268 4949 926 14776 5329 11889 14272 4325 9577 8719 4776 6518 2903 8185 16187
1885 4152 2894 13565 8719 8712 16187 926 16187 16187 926 16187 14640 8710 3745 2758
1885 4152 2894 4931 7891 16187 564 16187 8185 11889 5463 4325 14043 15389 16187 91
4776 132 2837 862 7473 14237 4776 6006 2837 2850 926 14776 10716 10917 16187 16187
4776 4152 8710 16139 16187 16187 16187 15096 14237 132 8268 14180 2837 1044 16187 16187
4776 12904 8710 6259 7937 3177 14766 16187 16187 564 16187 10033 12233 926 8268 8069
12008 4776 9424 8710 15337 8710 15640 3177 926 16187 16187 16187 16187 16187 16187 16187
4776 4152 8710 1229 5463 10355 11953 8712 8268 8710 1229 5463 4776 4152 14237 13811
4776 14596 8710 11953 4776 14596 14237 4776 4927 8712 8710 1954 14411 471 16187 926
9063 1442 926 16187 16187 16187 16187 16187 16187 16187 16187 16187 16187 16187 16187 16187
926 926 926 4776 9139 14237 4776 12537 4931 6259 5414 10033 477 8719 5333 16187
926 926 926 4776 9139 8268 4776 926 10036 10967 6259 7991 926 16187 8808 16187
1543 4776 15472 3177 15907 7986 14776 8268 830 4776 10566 10501 8268 5820 820 16187
4776 4152 4776 9790 9424 5463 8710 2326 3112 4776 10033 10781 6546 1229 10355 16187
12008 926 4776 2563 4931 6259 10894 817 8268 14237 3335 13348 16187 1175 16187 13348
12716 8268 10967 6259 4152 10147 8268 3171 2563 8710 6388 16187 16187 16187 16187 16187
12716 8268 5463 5867 5329 4776 4537 926 830 1750 6259 5480 10033 16187 10671 3177
12716 8268 8719 8712 8268 8712 5867 2326 11921 830 1750 926 14237 6259 3211 16187
8719 3511 14029 4776 2543 4325 771 6259 7172 1515 1955 7742 16187 16187 16187 16187
4776 6729 4931 4776 3511 5463 4776 2563 8710 1229 9625 16187 12455 2598 16187 16187
4776 4152 8710 14186 6664 16187 6259 6070 8268 10710 14237 4776 14599 16187 4931 12495
3171 10033 8710 2987 13348 16187 16187 16187 16187 16187 16187 16187 16187 16187 16187 16187
3171 2563 8710 2945 4032 15715 10036 14237 10036 16187 16187 1450 16187 16187 3356 12495
3171 2563 8710 6259 3098 2122 2563 8268 831 2894 14237 2689 16187 7310 284 16187
7740 6683 11007 12233 2148 10967 3171 9290 16187 16187 16187 16187 16187 16187 16187 16187
531 7740 9429 3171 8710 9296 4776 926 8710 5329 830 4776 8569 16187 10953 14180
531 7740 4531 3171 2563 1957 6070 12606 14237 7740 3364 11553 2296 12766 6259 9872
6297 8268 3171 8710 9754 1229 8569 8268 8712 8710 4537 1482 2598 16187 16187 16187
8712 4931 9754 926 8268 12008 8712 5297 8710 6259 10894 3177 6259 2148 5332 16187
8712 7156 5463 8710 5329 4776 14635 3177 10770 16187 10033 512 6259 9442 5030 1919
4325 9399 4776 14596 16187 16187 16187 16187 16187 16187 16187 16187 16187 16187 16187 16187
12576 8268 4624 16138 2823 926 16187 11179 8719 476 8268 14237 4776 6688 8710 2466
13094 4776 10033 4537 4240 4776 10072 1603 13000 4932 4931 6259 13325 3177 15762 16187
4776 6499 9498 3098 9563 13529 7229 16187 16187 16187 16187 16187 16187 16187 16187 16187
4776 6664 8710 5286 3177 12 1439 16187 512 14734 1860 14180 983 1860 8630 4776
4776 6664 8710 5286 3177 926 8808 10801 16187 830 4776 5365 16187 7970 16187 954
11789 12127 3384 779 15389 11889 5463 8719 8712 5463 3112 8712 854 16187 16187 16187
14112 4537 771 5463 9790 830 4776 13590 14237 14272 6259 9684 13348 16187 8913 13348
630 4856 8710 4537 1955 15174 16187 15452 6070 405 16187 11577 7926 779 3356 16187
8093 779 6259 653 950 6381 8719 6259 954 3177 1213 2906 14043 8520 16187 16187
6017 8710 5329 14068 9461 13084 9534 16187 926 16187 8719 1885 16187 1955 7742 16187
6017 8710 5329 14068 9461 6259 11897 91 16187 14237 4325 11553 6259 14397 8554 16187
6173 14237 926 1885 2903 1955 4776 819 8428 12233 3361 15525 16187 16187 16187 16187
4776 12529 10753 779 926 13732 12233 195 12958 12336 8913 16187 14237 8712 3364 16187
926 926 926 926 926 926 926 926 16187 6013 3121 14734 11978 10148 4269 16187
11889 15662 9084 4325 2327 12233 15810 1778 8712 2598 16187 16187 16187 16187 16187 16187
14272 4552 6011 9429 5463 9429 3543 11553 12766 11889 8719 16146 15721 16187 2598 16187
8268 8712 3364 11553 12766 4927 8270 8268 12008 8710 5332 5463 1213 6259 13587 16187
10355 13348 16187 16187 16187 16187 16187 16187 16187 16187 16187 16187 16187 16187 16187 16187
3171 2563 4931 5906 7542 8268 6070 12690 16187 9925 12105 9498 6882 16187 14237 15525
3171 2563 4931 6535 10355 2122 14251 8268 8710 14397 2689 14237 9332 16187 16187 2689
5936 5463 5867 6259 15626 16187 16187 16187 16187 16187 16187 16187 16187 16187 16187 16187
2945 8712 4931 9754 5463 8569 16187 1167 8719 4776 3575 16187 8569 16187 8719 4776
2945 8712 4931 4032 6259 12650 10399 10033 13348 16187 9288 11889 5463 513 7926 8710
8712 9447 11889 6259 8569 5721 8268 12008 8712 5867 5329 16187 16187 16187 16187 16187
8712 4931 14221 10967 4776 10442 830 4776 2563 16187 8093 2326 6259 6918 10810 13348
8712 4931 2326 10399 12233 15956 203 12233 8733 3171 10033 16187 4537 4931 3745 8268
91 13216 14691 16187 16187 16187 16187 16187 16187 16187 16187 16187 16187 16187 16187 16187
5297 8268 7740 2308 4776 2563 16187 12105 16187 14043 8069 8719 8712 16187 15096 16187
5297 8268 7740 2308 4776 4152 12233 2823 8106 14237 5329 6070 2002 16187 16187 6918
9869 8710 3841 926 926 3177 1514 16187 16187 16187 16187 16187 16187 16187 16187 16187
12127 2365 3942 8710 4776 10033 16187 926 3177 4776 926 16187 926 16187 2563 16187
8712 8710 1378 3177 13093 926 5867 564 16187 12233 926 1919 4776 10033 16187 926
3171 10033 8710 6259 11854 3177 6259 2563 16187 16187 16187 16187 16187 16187 16187 16187
3171 14596 8710 15804 16187 9540 14029 6259 8608 9261 2598 16187 926 12650 1390 16187
3171 2563 8710 6259 6070 4091 11032 3177 4776 8588 3177 926 16187 926 10033 16187
7740 1110 8106 4856 16187 16187 16187 16187 16187 16187 16187 16187 16187 16187 16187 16187
5015 6363 9484 13570 3171 2563 5867 8569 16187 8569 7314 16187 12606 12233 12650 16187
7740 9009 8719 1110 1919 3171 2563 8268 14237 7740 2326 6635 14180 4776 5031 16187
2945 13811 8710 4776 11901 1207 91 16187 16187 16187 16187 16187 16187 16187 16187 16187
2263 6259 5947 13182 3177 7314 7740 3865 3765 16187 3192 16187 512 4776 2588 16187
2263 8157 2122 2563 8710 10107 8268 12495 16187 8268 14237 6826 8093 926 16187 15525
12650 3171 2563 13348 16187 16187 16187 16187 16187 16187 16187 16187 16187 16187 16187 16187
3171 2563 4931 6259 10355 2122 2563 8268 831 2894 13348 16187 2204 14237 1597 1133
3171 2563 4931 6259 5948 8270 512 14272 7740 12232 2326 5407 11953 3171 2563 16187
14272 8810 3847 8710 13134 16187 16187 16187 16187 16187 16187 16187 16187 16187 16187 16187
4776 8808 8710 5329 4776 5568 443 5867 8213 10033 830 9070 16187 926 16187 9715
4776 15064 8710 10355 8268 3422 8268 14237 8712 4931 14180 11953 8712 5867 9964 16187
4776 559 14029 4776 1583 8710 11273 16187 16187 16187 16187 16187 16187 16187 16187 16187
4776 2601 2563 8710 6535 630 6259 6070 9355 4152 16187 12820 14237 8712 5867 14364
4776 2601 14596 10140 6011 10967 4776 10442 3177 4776 13555 16187 8268 3171 10033 8710
1435 13348 16187 16187 16187 16187 16187 16187 16187 16187 16187 16187 16187 16187 16187 16187
8712 4931 6259 3098 2563 16187 2601 1919 4776 14046 14237 12003 8835 14237 3847 9754
8712 8710 6259 15174 1146 7652 14237 8719 5463 8712 5867 926 16187 926 16187 926
4776 2563 779 6826 3177 11643 7310 284 8268 5463 6011 11553 8093 8466 8258 16187
4776 4152 8710 6070 2805 16187 6071 16187 5024 5967 12233 7724 16187 14734 1919 1885
4776 4152 4931 10355 8268 10710 16187 14237 11273 16187 4776 14596 14237 9264 16187 12835
8726 8719 3141 8268 4537 14361 12233 4776 2002 16187 16187 16187 16187 16187 16187 16187
4776 14596 8712 5867 5329 15389 8081 8268 12008 8712 5867 14030 16187 5463 14776 2689
4776 14596 8712 5867 5329 15389 8081 8268 12008 8712 5867 14030 16187 6535 630 16187
3171 8710 1954 14411 3211 14426 13805 926 13183 14237 926 926 16187 16187 16187 16187
3171 14596 8710 1507 8268 14237 8093 9084 14900 16187 6070 405 16187 926 16187 6297
3171 4931 1954 926 10894 16187 16105 16187 1243 926 14237 14734 926 16187 7981 3818
8712 4931 4537 4404 926 6305 2563 12233 9605 820 2858 4776 9138 4277 16187 16187
4776 15064 3177 2285 8710 4537 6259 14752 9618 10967 4776 15359 16187 5372 16187 6601
4776 15064 8710 2285 2446 1787 779 14691 12233 903 16187 6259 9442 5646 950 16187
4776 10033 6253 12233 4552 15347 703 16187 16187 16187 16187 16187 16187 16187 16187 16187
8712 5138 8858 14237 9784 9498 926 16187 16187 4125 926 16187 926 16187 16187 16187
8712 4931 10355 8268 14237 8712 16105 9070 13240 12276 13023 13477 16187 8185 16187 1110
12008 4311 8268 7740 12431 10082 16187 16187 16187 16187 16187 16187 16187 16187 16187 16187
12008 8268 3299 14043 1790 13549 6011 6259 4870 1957 694 4776 443 16187 10272 1885
12008 11078 1885 10418 9084 5329 8554 16187 14237 11953 8712 5867 8719 1885 16187 7671
13474 9084 9754 15466 1885 15781 12349 1885 7981 16187 16187 16187 16187 16187 16187 16187
12008 8712 2446 8268 12716 8268 8712 4931 10915 8843 14237 8170 13839 16187 2077 14029
12008 8712 2446 779 1954 13903 2087 5463 3294 4776 926 9385 16187 8781 16187 8858
14345 8710 6259 5516 950 8268 14237 7740 2552 5820 8811 8719 4776 3011 9290 16187
4776 2285 13839 8710 6259 2563 5463 4776 14596 8710 6259 10862 4776 13811 16187 926
4776 4152 5994 9137 14237 6259 9450 2148 11162 1919 3356 16187 3765 3356 13348 16187
926 5208 4552 8270 14237 4624 14180 15956 5463 16187 16187 16187 16187 16187 16187 16187
8712 3364 11553 12766 2148 13929 13348 13348 13348 16187 6569 16187 8798 16187 3192 16187
8712 2326 3847 9754 4189 8712 15525 830 9070 16187 16187 13182 16187 7740 4931 3745
2552 564 8719 9577 8268 6259 9816 10967 2353 8557 2385 16187 16187 16187 16187 16187
3171 8710 4776 14635 3177 10033 5463 4931 16105 16187 3059 16187 9577 14237 7740 12650
3171 8710 6259 6070 10355 10033 3177 2263 8157 16187 10033 1919 14180 16187 8588 16187
15597 14395 8710 12233 2172 11953 14237 10751 4776 8794 1369 3177 1110 16187 16187 16187
4776 14596 8710 15609 8268 14237 630 3177 4776 6664 9447 1755 16187 7708 1531 14237
4776 14596 8710 15609 8268 14237 630 3177 4776 6664 9447 1755 16187 7076 6259 6876
926 8710 6259 13783 7937 8268 2543 8719 926 14237 926 16187 16187 16187 16187 16187
4776 2285 926 14596 926 4776 14596 8710 6259 10894 12495 16187 16187 4949 16187 5917
4776 10033 8710 5695 8719 2263 14409 14237 9632 16187 926 16187 63 16187 7251 926
12716 8268 4776 9339 12835 9498 14591 8268 14237 868 6259 11917 10836 16187 16187 16187
1955 13474 8592 7410 8268 3171 954 2543 4776 11859 830 1885 1419 10638 16187 11763
1955 8712 13213 1919 3171 2563 8268 7740 4931 2326 15096 16187 14237 4776 6070 6140
4404 3098 9424 11953 3171 2563 8710 203 12600 1433 2858 6259 3098 2122 2563 16187
5074 1090 3744 14029 3171 1378 16187 8268 13348 16187 7076 16187 7970 16187 4707 12349
5074 1090 3171 983 16187 926 8710 6259 8270 15781 3177 4776 9290 16187 4949 8268
7740 4931 6391 6259 4379 926 2122 14251 8268 7740 12431 6259 5948 2148 16187 16187
7542 8268 7740 4931 9754 2326 6259 8219 16187 830 4776 2285 6161 926 5889 16187
7542 8268 7740 4931 9754 2326 11889 5463 5414 8719 1885 15721 16187 9450 16187 14734
926 8710 5675 1955 1799 8268 4776 10042 13157 14734 8036 1842 16187 16187 16187 16187
4776 8808 3177 926 8710 5297 6535 2689 16187 9332 16187 9813 926 16187 4311 4325
4776 9404 14281 8710 6259 9616 8268 15291 3525 3211 3177 70 16187 14237 6259 10894
5463 9084 9754 5367 3171 983 16187 16187 16187 16187 16187 16187 16187 16187 16187 16187
3171 2563 4931 9754 10355 8268 8710 7742 10471 14237 8712 5867 2689 16187 12606 16187
3171 4931 6259 6070 2997 2563 8268 8726 6259 10355 4152 8268 12495 8569 7740 9084
3436 5388 14734 926 926 15978 7926 1819 926 9653 8710 2326 6259 11769 15316 16187
4776 2601 1919 6259 10894 6259 926 16187 6259 926 16187 5332 16187 817 16187 4311
4776 2601 10033 571 1919 3278 16187 926 16187 926 16187 926 16187 926 16187 9887
8726 3171 771 12766 6259 5445 2563 8268 8712 12232 11553 10514 6259 14922 9574 16187
3171 7542 10033 4931 9160 1954 10950 2563 5463 5867 6259 6070 15174 9577 16187 8569
3171 4931 6259 6070 15624 2563 8268 5329 1954 3061 16187 10033 16187 5967 12233 2186
14043 8710 8712 14734 6113 5463 5867 13556 703 2903 2598 16187 16187 16187 16187 16187
3171 4931 6259 6070 15624 2563 830 9070 8268 7740 11553 12233 1436 16187 11953 3171
3171 4931 1954 2997 15043 2563 8268 12008 8712 5867 6259 2689 2563 16187 6259 6070
8726 14069 4931 1378 8391 12233 3171 2563 8268 8712 4931 1885 16187 16187 16187 16187
4776 14596 4931 2429 10355 14237 203 10053 4776 10033 5867 6259 8081 5388 16187 926
4776 4152 4931 6070 10355 8268 14237 684 4537 1229 1597 12291 16187 14237 8712 4931
926 5867 643 8710 5329 7401 6259 7422 3177 14137 16187 16187 16187 16187 16187 16187
4776 4446 5463 926 4917 6546 12349 3204 8349 2858 926 926 8710 13060 12495 16187
4776 11401 926 6585 5137 12233 2823 6259 12092 8268 12008 8712 8710 2689 16187 4776
2066 926 8710 1954 772 1023 16187 16187 16187 16187 16187 16187 16187 16187 16187 16187
9712 14113 14237 4776 10418 8710 926 16187 6259 15761 3211 16187 16187 4142 4963 6985
9712 8710 1954 13926 3177 6259 12507 1957 6259 8124 10033 6041 4776 926 16187 15208
1813 1243 4240 4776 9431 13644 8268 13644 8710 5297 3853 820 5867 7624 13348 16187
4776 9431 4931 8361 15743 8268 7254 14237 12561 12606 16187 16187 16187 954 16187 14212
4776 9431 10501 3177 4776 2563 7542 8268 4931 5329 830 14180 16187 308 16187 2563
8712 15452 7594 13348 13348 16187 16187 16187 16187 16187 16187 16187 16187 16187 16187 16187
8712 12892 4776 10033 1229 630 2148 3177 5463 12589 16187 929 16187 15096 926 14237
8712 5867 6259 594 5463 3171 10033 8710 5329 2148 14918 14362 16187 16187 512 14734
5448 2148 10988 5836 8794 2761 16187 16187 16187 16187 16187 16187 16187 16187 16187 16187
3611 2122 4440 16187 7742 16187 9925 5102 14237 4697 16187 4537 16187 15096 14237 10088
5822 7310 284 2769 1919 569 3177 10211 7810 16187 1344 2002 16187 16187 12127 1378
4776 7671 12990 4776 10033 12990 3171 2451 8733 4776 14596 15625 16187 16187 16187 16187
4776 2285 13839 8710 3098 8268 12495 16187 14237 4776 5121 13839 16187 14029 14397 512
4776 2285 10033 4931 3251 14029 6259 2664 3177 3765 512 9485 1342 859 16187 8719
13560 8268 15096 983 8858 8710 5297 12606 8268 8069 8719 6259 5947 13182 16187 16187
4152 12018 8712 9498 3335 4311 14691 12233 2823 12209 12495 9138 4277 16187 11401 16187
926 8268 8719 926 8268 926 926 14776 5967 12233 926 926 16187 926 3249 14029
10232 926 1138 7740 11553 12233 10503 8719 6259 1787 13740 12276 16058 8456 16187 16187
8152 9070 6259 15462 8268 12008 13084 8268 12008 13084 5297 6259 15819 9450 10033 16187
8152 9070 6259 15462 8268 12008 13084 8268 3171 2563 4931 2326 8569 16187 9442 14237
9296 15978 7740 1951 5329 6259 926 14230 16187 16187 16187 16187 16187 16187 16187 16187
12008 7740 12232 1436 5463 8712 5867 926 11953 16187 2598 16187 16187 14734 3137 9534
12008 7740 12232 13615 12374 10967 14180 4777 12233 2552 3171 10033 16187 926 16187 830
4311 8268 4325 2552 6259 9290 1919 6259 5923 11575 14029 15274 830 4312 13740 16187
926 11014 9468 8719 14734 954 1955 4776 1329 1872 15762 16187 11889 15762 16187 9591
3177 1245 4721 926 5867 14281 8710 11698 4776 14217 6598 1954 8162 830 8712 16187
15870 8268 8712 8710 4776 13811 14237 12013 5463 14776 1957 12732 16187 16187 16187 16187
4776 8808 3177 4776 2601 8268 7740 973 5329 6259 10887 12007 14230 16187 926 16187
4776 6006 8710 6535 8268 4776 6070 9332 8710 4776 10566 6987 16187 9884 4776 10033
15561 153 5867 12256 574 4537 3112 4776 2563 5463 630 8270 16187 16187 16187 16187
1885 10836 14029 9666 12127 9450 6585 8719 4776 3078 1957 6259 5442 9684 16187 926
1885 8081 5459 8710 1941 16187 5332 8268 14237 4776 8368 926 8712 8710 5329 6535
14069 8710 13084 926 8719 4776 5562 3177 3171 10033 13348 16187 16187 16187 16187 16187
4776 14596 8710 12127 14596 2326 3112 4776 10033 16187 926 3177 4776 5763 4931 4776
4776 3511 5463 8712 8710 1344 6013 14237 12013 4931 2326 3112 3171 2563 16187 926
12276 9574 8268 10619 14139 3177 9484 8268 9277 2823 926 2903 16187 16187 16187 16187
4776 2563 4931 6259 3192 5033 8268 1919 4776 4660 926 926 16187 10397 4931 4776
4776 2563 4931 6259 3192 5033 8268 1919 13176 5867 14745 12495 7310 16187 16187 9405
13089 9063 2712 3171 8268 7740 2308 4776 2601 11178 8268 1378 3387 4851 16187 16187
12008 13084 8268 1919 8712 5867 5329 6070 2758 830 4312 8268 12008 7740 4931 2326
12008 8712 2446 1954 14411 10033 5208 11553 12766 6259 10355 4927 16187 14237 4776 7151
6259 12260 2552 8719 13568 1583 5568 8712 5867 15096 8268 13929 14237 3398 16187 16187
4776 14591 8887 1919 6259 14453 14776 8270 16187 512 4776 926 3177 10033 16187 926
4776 2601 10400 8710 5329 6259 8569 10033 1957 14180 16187 9442 16187 14237 1903 14237
7542 8268 6259 6070 10355 10033 3177 2263 8157 16187 16187 16187 16187 16187 16187 16187
3511 8710 6259 2563 5463 2842 5463 9450 5629 16187 14237 14734 8835 16187 14237 4589
3171 10033 8710 6259 6070 4091 11032 3177 4776 8588 3177 926 16187 926 16187 926
3171 10033 779 12958 8268 3211 8268 2122 8268 1369 15848 16187 16187 16187 16187 16187
3171 2563 8710 1229 8569 5463 4487 5367 3735 14180 16187 12349 16187 2024 16187 2563
3171 2563 8710 1229 8569 8712 5867 5463 3112 8712 1229 630 8270 16187 14237 8712
8680 8268 7740 11889 4776 817 8081 2894 2563 8268 1138 4776 273 5711 16187 16187
4776 8808 4931 5329 1229 4776 10418 4931 5329 830 4776 10566 10501 8268 8719 4776
10967 10072 7975 1919 4776 9450 6585 12233 1186 5365 929 7740 2979 8719 4776 2563
6041 8712 5867 11854 5867 9431 10033 3537 2543 8719 4776 1419 8710 1344 9783 16187
3171 4931 1954 14596 16187 14237 4776 2037 4776 11789 7594 16187 7740 4552 9754 14518
3171 4931 1954 2122 14419 10033 14237 8712 3112 13084 11293 11953 8712 16187 16187 12495
6569 1019 5174 2122 6173 4776 10400 6423 2053 6569 3994 8710 14397 10355 16187 16187
3865 10509 2053 4776 10560 3994 8710 6297 4805 5867 2563 16187 926 16187 14180 14069
9574 926 4776 8656 926 8710 8268 10589 8719 91 16187 9316 14237 14596 16187 9264
5332 4624 13758 12233 9859 14237 5838 10910 7738 16187 16187 16187 16187 16187 16187 16187
14180 5867 7742 10471 16187 7742 16187 16187 14255 16187 11331 16187 4832 16187 16187 13501
14180 5867 16150 8268 15276 16113 4776 6740 13182 16187 12805 16187 12805 1919 15715 926
8712 4931 4776 8106 4856 3177 4776 2563 5463 7740 11530 16187 16187 16187 16187 16187
4776 6729 4931 4776 3511 5463 4931 6070 6013 14237 232 16187 512 6259 926 16187
4776 4152 8710 14411 12495 16187 1957 8712 5867 12495 15096 16187 7164 12233 4776 3059
926 14180 4103 3171 2563 771 12958 7740 188 10967 1954 2122 14251 14237 2148 16187
4776 4152 4931 1229 10355 14237 8712 8710 2945 4032 9316 14029 2263 16058 16187 926
3171 2563 4931 10355 8268 12008 5463 5867 5329 10418 16187 8569 16187 4776 888 16187
14237 4776 132 8710 1229 5695 14237 2326 9113 12233 5463 3513 16187 16187 16187 16187
3171 2563 8710 2945 14635 3177 3575 5463 6011 12232 5329 8554 6011 16187 13637 3177
3171 14596 8710 2176 10918 14237 1957 926 16187 11046 2053 926 3177 926 16187 7076
8101 926 16187 16187 16187 16187 16187 16187 16187 16187 16187 16187 16187 16187 16187 16187
12855 926 926 5111 1955 6259 8124 7926 1866 16187 12825 443 15658 5208 4312 16187
12855 926 926 5111 12233 6259 8124 1955 7742 16187 16187 926 926 16187 926 16187
5208 7926 7185 4776 9385 3177 14734 8835 13907 926 1778 8719 1885 2232 2598 16187
8712 5867 4776 10355 16187 16187 10983 16187 100 8268 11889 14043 2148 9332 16187 8794
4776 5393 8268 4776 15909 16187 13811 16187 8710 926 926 16187 7708 16187 926 16187
7542 8268 6259 6070 10355 12008 14619 10269 16187 16187 16187 16187 16187 16187 16187 16187
3171 4931 6259 6070 15624 2563 8268 1919 4776 10033 8069 9332 16187 2997 16187 9316
2285 4152 8710 14397 14902 14237 4776 10418 4931 4537 12495 10355 830 4776 4927 16187
14043 4776 16187 16187 16187 16187 16187 16187 16187 16187 16187 16187 16187 16187 16187 16187
4776 4152 8710 4776 14635 3177 2122 2563 8268 6259 5948 3177 745 14237 5627 16187
4776 4152 8710 4776 4152 3177 4776 10033 5463 11637 4931 15525 3177 3080 14237 6259
926 3177 859 12444 16187 16187 16187 16187 16187 16187 16187 16187 16187 16187 16187 16187
4776 14596 8710 8719 926 14237 11900 926 8268 12008 8712 5867 12495 15096 16187 16187
4776 14596 8710 8719 926 14237 1885 926 8710 5329 7594 16187 6378 8268 14237 5329
743 6581 8710 5329 926 16187 16187 16187 16187 16187 16187 16187 16187 16187 16187 16187
4776 559 8710 6259 6535 7367 14596 2894 14237 5906 16187 11382 16187 15096 1941 16187
4776 2601 2563 12576 8710 5329 12495 15096 16187 8157 3177 5217 16187 16187 2466 12092
7740 14263 3171 10033 14919 9484 16187 16187 16187 16187 16187 16187 16187 16187 16187 16187
7542 7740 8197 3171 10033 6259 15525 3177 9484 13348 16187 13348 16187 13348 16187 8081
7542 7740 8197 3171 2563 6259 15525 14029 4776 12489 9484 2563 16187 926 16187 13348
4776 11646 4931 9332 14237 4776 12364 4931 10355 16187 16187 16187 16187 16187 16187 16187
4776 6664 8710 5286 3177 926 8808 10801 8719 5463 10501 3177 4776 3942 16187 630
4776 7954 5867 15369 8710 6259 15174 15781 16187 14745 16187 983 16187 5332 1543 9084
3171 2563 8710 9643 8268 14237 15870 15846 1042 6011 13634 830 2148 13348 16187 16187
3171 2563 8710 2689 8268 14237 8712 5867 4537 6259 9450 8270 14237 13795 14043 8710
3171 2563 8710 4772 8268 1405 8268 3335 8268 10372 8268 14237 14734 9385 8710 14180
4776 5186 13570 926 12233 549 12233 15520 469 16187 16187 16187 16187 16187 16187 16187
8712 4537 15881 4750 926 12008 5329 5463 14734 1435 9450 10710 14237 5329 11900 830
8712 4537 8733 12440 1957 13720 16187 926 14237 9784 9498 926 16187 10602 16187 129
6689 11758 8710 2461 8268 7926 2446 8710 9754 6070 1238 16187 16187 16187 16187 16187
8712 8710 1344 16038 14237 10355 6006 14237 779 8093 2326 3847 4776 3766 16187 643
8712 5084 6259 1787 5463 4931 1872 8069 5967 12233 926 16187 15043 1919 14734 2627
1515 2858 1909 9290 1390 7740 4931 8423 1686 11953 4776 6568 12160 8712 16187 16187
6259 14247 12233 1543 8710 3461 16041 926 13348 13348 16187 12351 5711 16187 14808 16187
6259 9349 8710 838 13089 7926 5867 6259 9290 15142 8712 14470 16187 11889 6259 926
4776 2563 8710 7742 9575 14237 7742 602 16187 16187 16187 16187 16187 16187 16187 16187
4776 4152 8710 6070 2805 14237 4776 2946 2451 10571 7742 16187 10399 1955 7742 16187
4776 4152 8710 8719 5463 2563 5463 3112 6011 459 12233 7001 12233 4776 8185 16187
4776 12298 16187 16187 16187 16187 16187 16187 16187 16187 16187 16187 16187 16187 16187 16187
4776 6729 4931 4776 3511 5463 4931 6070 232 8719 4776 2563 16187 4537 6259 9450
4776 4152 8710 10298 14237 11608 8268 12495 10355 10967 4776 8200 16187 9442 4311 16187
13084 16187 16187 16187 16187 16187 16187 16187 16187 16187 16187 16187 16187 16187 16187 16187
4776 3942 8710 5463 5867 5329 4776 14635 3177 8344 16187 10399 12233 6259 15347 16187
4776 3942 8710 5463 2167 12491 14237 10921 9941 1133 14776 2326 10217 9780 229 16187
13084 8268 8712 5867 1222 16187 16187 16187 16187 16187 16187 16187 16187 16187 16187 16187
4776 10033 4931 10915 3335 10967 10442 12233 12298 16187 926 16187 4473 3826 16187 63
4776 13607 8710 8268 12233 6381 8712 926 8268 14231 16187 926 16187 16187 926 16187
203 8710 3171 2563 2689 2598 16187 16187 16187 16187 16187 16187 16187 16187 16187 16187
3171 7542 6259 2563 8710 2945 6259 10894 3177 6259 3531 14237 684 2837 110 926
3171 4931 6259 6070 6013 8229 1957 6259 10728 9138 830 8719 14180 16187 16187 16187
12233 9070 8268 7926 761 926 8270 512 9455 7740 3364 11553 1505 16187 16187 16187
2689 8268 8622 8268 14237 3098 10418 13348 16187 13348 16187 9743 10217 16187 6683 11889
8712 12514 14691 12008 7345 926 14029 4776 14294 5758 164 926 1726 6901 16187 14069
15662 7740 8309 12233 12650 3171 14251 16187 16187 16187 16187 16187 16187 16187 16187 16187
3171 2563 12232 6297 2823 2997 14237 7740 9884 926 8712 13464 14221 12495 16187 5332
3171 2563 2326 8710 2148 14043 3765 512 6259 2689 10033 16187 643 16187 9442 14237
7740 9084 11728 14237 2033 14403 8268 12008 5329 5148 16187 16187 16187 16187 16187 16187
1893 2122 2563 8268 10355 8268 11608 14776 14029 4776 9790 1955 7742 16187 4931 6070
12008 8268 7740 4537 9084 9754 5463 405 308 8268 9890 16187 2326 16187 14426 16187
929 8258 4776 9577 8428 7926 12260 11553 12766 926 12233 11944 16187 16187 16187 16187
926 926 8268 5568 13736 926 4776 4152 14237 6259 10894 3177 6259 10355 1378 5208
926 926 8268 5568 1955 4776 926 8093 11921 16187 14029 4776 12489 926 14241 16187
12008 9431 3177 14180 2599 5867 2552 4776 10355 703 13341 16187 16187 16187 16187 16187
12008 12654 3171 8268 7740 9884 8466 8712 14180 4776 8270 16187 512 3171 2563 16187
12008 8712 3007 8268 14237 11998 12349 14180 4776 1022 14237 8093 2148 512 6259 5947
4776 926 3785 14237 4152 830 4776 7188 3177 4776 1559 16187 16187 16187 16187 16187
4776 14596 4931 1344 10355 14237 1229 779 6259 14397 10197 9887 8268 8712 5867 5329
4776 14596 8712 926 1778 6694 926 14237 4776 926 8268 4776 13226 5867 12495 16187
6259 5314 8554 2122 2563 5463 4931 2296 226 12233 3818 6259 94 8974 16187 16187
6259 4302 1167 1042 4776 2601 8268 15658 8781 8712 16187 8719 5463 3426 13021 16187
6259 4302 1167 4537 6259 3098 2563 14237 12782 8712 5867 4537 1378 4832 16187 13060
7926 8710 11889 1597 820 8268 7664 8798 926 16187 16187 16187 16187 16187 16187 16187
4776 926 8268 8712 8710 5329 5463 10355 8268 14237 8712 4931 2689 16187 8712 5867
4776 926 8268 8712 5867 5329 5463 10355 14596 5463 7740 4931 6259 9450 10894 9872
7740 4552 9754 8456 4776 2002 8268 7740 11889 8712 16187 16187 16187 16187 16187 16187
12495 5463 4931 9754 4776 4152 4776 14599 2598 16187 6297 6297 16187 8569 16187 5388
11530 4776 2601 2563 8268 7740 12650 3171 7310 284 14237 7740 2383 10967 4776 926
7742 7740 1951 8017 12233 1436 5463 8712 779 13411 12233 15234 1955 7742 16187 16187
1229 8268 7740 4552 15956 203 8712 5867 5329 15389 11889 5463 16105 9070 926 16187
12008 10036 8268 3171 14251 4979 12233 13229 8268 5329 3653 6259 8162 16187 564 10033
10217 703 2326 4189 91 8719 6259 6111 2712 16187 16187 16187 16187 16187 16187 16187
630 2148 1954 2122 10033 8710 9332 16187 14221 10967 4776 4267 1133 16187 926 16187
630 779 4776 7377 3177 8331 8710 5329 4776 926 16187 12444 16187 16187 8506 16187
15977 12276 12362 16187 16187 16187 16187 16187 16187 16187 16187 16187 16187 16187 16187 16187
1449 10967 4776 2601 8268 1229 15729 14029 9890 3177 4776 926 14029 6259 3059 2383
1449 10967 4776 2601 10686 3177 14180 5463 4776 12459 9546 12233 4776 4302 1167 14776
6356 926 1019 926 5384 6173 8710 6259 5543 9349 830 5971 16187 16187 16187 16187
926 926 4697 1885 12529 8888 1919 4776 15208 12616 8710 12256 16187 16187 10033 8268
926 926 926 926 12892 2904 6259 13121 8268 926 2446 1378 3177 4776 926 16187
4776 14599 8710 10355 16187 16187 16187 16187 16187 16187 16187 16187 16187 16187 16187 16187
4776 6664 8710 5286 3177 926 8808 10801 16187 15358 16187 8719 4776 8230 16187 926
4776 6664 8710 5286 3177 926 8808 10801 16187 8719 4776 10918 16187 16187 16187 15096
14272 6259 3667 3177 926 3994 9831 16187 16187 16187 16187 16187 16187 16187 16187 16187
3171 8710 9872 8719 4776 12298 16187 926 9070 4609 10967 4776 2563 16187 4776 9290
3171 8710 1954 1846 10033 5463 8710 6259 15273 3177 1694 16187 926 16187 13807 4776
6259 6692 3249 2837 4776 926 16187 16187 16187 16187 16187 16187 16187 16187 16187 16187
4776 2563 10781 8710 6259 10355 8268 12008 10770 12233 12650 16187 12529 983 16187 16187
4776 4302 14265 4931 3098 14237 4776 7542 6683 3177 4776 10033 4931 8124 16187 926
9429 10036 16187 16187 16187 16187 16187 16187 16187 16187 16187 16187 16187 16187 16187 16187
8712 5867 1229 9918 8268 10355 16187 12495 8569 8268 12008 10501 3177 4776 926 8710
8712 5867 1229 9918 8268 2689 14237 3356 16187 9442 5030 8712 2689 14237 3112 6011
665 926 10315 4421 15337 5867 8719 4776 926 13923 4776 6511 12233 11655 16187 16187
13386 926 1955 4776 926 14776 3461 926 16187 16187 16187 16187 16187 16187 926 16187
13386 926 8710 4776 9290 15658 4776 5830 11401 3177 4776 926 5867 157 16187 5711
926 926 9084 12328 15781 14237 1885 2122 4440 9498 1175 12495 16187 16187 16187 16187
4776 926 8268 6689 8268 7926 8710 5329 5463 7926 4931 10355 16187 16187 9831 16187
4776 926 926 13094 8710 8664 14237 5329 9591 830 15597 1754 3177 4776 10033 12233
14069 8710 14691 6692 11953 3171 2563 16187 16187 16187 16187 16187 16187 16187 16187 16187
3171 2563 8710 2945 14635 3177 2677 830 13084 2122 2712 3171 2563 4931 4776 4152
3171 2563 8710 10355 8268 12008 12495 10355 830 4776 7310 284 6683 1957 4776 14596
926 926 15658 7076 9541 3847 6259 2689 8808 16187 16187 16187 16187 16187 16187 16187
8712 926 8268 4776 926 4931 10355 8268 12233 9070 8268 8712 5867 6259 4929 12835
926 926 8268 4776 1781 4856 16187 10710 16187 14125 14237 11728 16187 15335 12545 16187
551 9591 16187 16187 16187 16187 16187 16187 16187 16187 16187 16187 16187 16187 16187 16187
15174 926 8710 5329 2574 8719 9743 3177 4776 10217 2103 16187 926 16187 16187 926
15174 926 1919 15389 6672 12233 12650 3171 1175 13348 16187 13348 16187 15202 6683 16187
1955 830 5713 8268 7742 8268 4325 11031 4776 2563 5867 1097 16187 16187 16187 16187
8712 5867 1955 10355 1955 1138 926 8268 5711 16187 2326 1954 1138 926 5711 16187
1955 8712 8719 14180 8268 7740 9429 7926 5867 8811 1955 4421 8948 8719 4776 10298
13089 7740 9084 8268 7740 4931 1276 10082 16187 16187 16187 16187 16187 16187 16187 16187
3461 8268 4325 3364 11553 8043 8268 12008 1229 9084 4776 926 1019 926 2598 16187
3461 8268 5713 926 9498 10997 10967 4776 9605 1507 12892 4776 10033 4776 10033 16187
926 9964 12233 10497 1383 1019 11087 6173 9491 926 926 1375 16187 16187 16187 16187
12351 926 926 6259 9780 8268 12008 5297 12256 574 16187 926 2837 2085 926 16187
12855 926 2842 1213 926 10763 4189 8710 926 926 8268 926 16187 5820 3356 16187
4311 7926 3007 12233 7001 2858 6826 926 13929 1787 16187 16187 16187 16187 16187 16187
7926 5867 5329 4707 12233 11393 13474 4931 13532 6259 14807 8719 1157 2598 16187 14734
8712 5867 91 16187 9355 14237 6259 5948 5463 5208 6683 1957 4776 8521 16187 14237
4325 14776 5332 4776 10566 5646 2946 1919 4394 11656 14237 4537 4537 12958 13348 16187
12008 16139 2563 16187 16187 11406 13348 16187 9813 11889 16146 16187 926 926 16187 16187
12008 1407 8712 5 9780 5711 16187 12633 8268 12576 16187 7708 16187 2550 4440 16187
861 104 830 14272 8712 8710 8268 7740 2383 16187 16187 16187 16187 16187 16187 16187
8712 14834 2563 4537 1435 13250 4189 3112 8712 2466 2326 5208 2823 9872 16187 926
8712 14834 3171 2563 8710 6259 12260 12233 2552 4421 6017 5867 14180 926 16187 8719
7926 926 15525 3177 2832 8268 9222 10394 9640 15658 7926 8710 16187 16187 16187 16187
4776 926 926 8710 5329 4776 926 16187 14596 8710 6259 15819 9290 16187 926 16187
4776 926 926 926 926 926 16187 2296 8733 6259 10710 5011 3177 5463 14112 16187
6011 15846 5099 8712 8726 6011 4552 9754 16187 16187 16187 16187 16187 16187 16187 16187
4032 9316 8726 6011 4552 9754 8456 9594 14237 13546 16187 926 16187 926 16187 12767
4032 9316 8726 6011 4552 9754 8456 9594 14237 13546 16187 926 13474 16105 1885 7594
8719 4776 12298 8268 3171 8710 5329 830 4776 12976 12233 4061 14112 16187 16187 16187
4776 4152 8710 6070 10399 12233 9577 1955 8712 8710 9754 1229 2689 16187 9442 5030
4776 4152 8710 6070 2805 14237 4776 2946 2451 10571 7742 16187 10399 12233 10503 16187
4776 100 14776 14180 816 8710 6259 7393 926 10033 16187 16187 16187 16187 16187 16187
4776 4152 8710 8423 9332 16187 14237 2599 4776 9450 6231 8268 14043 6011 8093 16187
4776 4152 4931 10355 8268 14237 684 5463 2326 9332 16187 16187 9442 14237 12127 10355
4325 8010 13084 4994 16187 16187 16187 16187 16187 16187 16187 16187 16187 16187 16187 16187
6173 4325 11031 3908 6259 5820 926 3211 16187 3575 16187 16187 11889 16187 6306 16187
6173 4325 12757 9070 8268 15335 14776 5463 5074 16187 91 16187 16187 926 16187 16187
7926 2608 11889 6259 10887 4324 3177 12393 16187 16187 16187 16187 16187 16187 16187 16187
12127 926 779 6259 289 926 8268 14237 8712 5867 6985 16187 926 16187 3554 12233
12127 926 779 6259 289 926 14237 926 16187 4440 16187 6500 16187 8712 16187 2689
5332 8268 4776 10154 3177 4776 11306 12260 4924 4776 4750 4481 16187 16187 16187 16187
4776 4152 4931 10355 16187 8268 14237 4776 132 4931 5329 5463 10355 9890 16187 926
4776 4152 4931 10355 8268 14237 684 2837 4776 4927 1778 16187 9442 8268 11339 8268
8712 5867 4776 14186 3177 8112 3177 926 16187 16187 16187 16187 16187 16187 16187 16187
4776 14596 8712 4772 1019 4776 2563 16187 3543 9754 2823 4776 926 16187 8162 16187
4776 5297 1919 926 8710 1378 5463 13474 8069 3112 630 1229 630 3177 15571 16187
1378 3177 9743 8185 5463 3112 6259 5695 13839 1019 14029 2256 6173 5580 6388 16187
4776 63 8710 5463 6445 4776 284 6683 4776 926 16187 1865 4776 926 16187 3210
4776 63 8710 5463 6445 4776 12298 4776 284 6683 12715 16187 14237 12345 1919 13084
926 779 1954 6897 13726 12233 5257 1885 10887 2176 9465 12233 6119 926 16187 16187
8712 779 1954 12256 14596 14237 12536 13663 2837 6356 926 16187 12135 16187 14237 926
8712 779 1954 12256 14596 14237 12536 13663 2837 6356 926 16187 12135 16187 4776 926
3171 10033 8710 1954 191 926 16187 16187 16187 16187 16187 16187 16187 16187 16187 16187
3171 14596 8710 1507 8268 14237 2326 8710 14180 6070 7742 13663 16187 6070 7742 13663
3171 8710 6070 2689 16187 10033 1955 6286 8268 1955 9625 16187 8268 2122 14043 8710
1957 4776 6070 14589 8268 8712 5867 6259 2689 2563 4032 9316 16187 16187 16187 16187
3171 8710 4776 12337 12933 830 15358 14237 6259 2563 16187 630 8811 16187 6070 11953
3171 8710 2945 5329 4776 14596 8268 6297 5329 630 2148 16187 2614 16187 14141 8268
9729 4812 14237 8712 5867 13726 12233 10727 3513 8710 5695 16187 16187 16187 16187 16187
4856 8710 15389 12233 12650 4776 6568 8268 816 16187 1597 10602 2191 16187 8185 11889
10710 1404 8710 14180 8712 13942 12233 2823 6259 12444 16187 16187 16187 2563 16187 10957
4776 926 14776 5297 1932 8268 926 8268 14237 8719 926 16187 16187 16187 16187 16187
4776 7151 13942 12233 718 10727 15389 9780 926 16187 14443 3177 1954 926 653 16187
4776 7151 5568 1955 6259 926 1378 7926 9013 16187 2598 16187 10315 4312 16187 15298
10503 9070 13089 7740 1436 14069 8710 11789 13084 13494 4152 16187 16187 16187 16187 16187
8712 8710 15389 8719 5463 4927 12233 4776 2563 16187 12349 8781 16187 12401 476 16187
12127 8808 9113 15389 12233 4776 795 9841 3177 8712 16187 16187 16187 9264 1787 16187
8712 4931 2689 13348 16187 16187 16187 16187 16187 16187 16187 16187 16187 16187 16187 16187
8712 4931 1344 6178 14069 5867 5820 16187 13348 16187 15801 16187 7937 3177 9433 16187
8712 6017 8710 9754 2689 1955 6286 16187 8719 5463 16187 7612 13348 16187 4776 926
8712 5867 13411 1229 1597 12291 16187 16187 16187 16187 16187 16187 16187 16187 16187 16187
8712 4931 6070 3335 13348 16187 926 16187 1378 11889 4776 2563 16187 4776 926 16187
8712 4931 6070 2689 12233 9070 16187 14237 6259 9450 3177 9450 6975 16187 12007 8719
12008 7926 6280 14827 15525 5463 8712 8710 9754 14734 8456 16187 16187 16187 16187 16187
8712 5867 91 8268 8712 5867 5329 3098 8268 8712 8710 14691 2148 512 5463 6535
8712 5867 13084 8353 2563 16187 6259 14919 16187 3356 13348 16187 4776 14217 8781 8712
4776 11680 3177 4776 2400 5629 926 14237 926 8710 6794 16187 16187 16187 16187 16187
4776 4927 4776 9955 8710 5297 6535 10355 16187 16187 16187 6683 11889 4776 12495 630
4776 4927 4776 14596 8710 5329 5463 9332 16187 14180 4776 10033 771 2148 10355 6499
1813 1243 929 4776 8269 8710 118 5022 12233 15289 4776 926 16187 16187 16187 16187
630 8710 2148 13436 8268 12008 6259 15819 13839 5463 1378 16187 2326 6259 9450 2490
4404 926 8710 9332 12233 11553 6259 2199 926 16187 4707 4776 926 16187 10918 926
4487 5867 13830 9070 12233 2823 11546 2598 16187 16187 16187 16187 16187 16187 16187 16187
2466 7926 8268 7987 2466 7926 9002 16187 8376 8268 11195 8268 14237 8798 4108 13923
594 8712 9084 5329 8733 8712 16187 8569 2598 16187 16187 9442 2598 16187 5393 16187
15691 2987 13907 13811 8268 13907 604 8268 13907 8808 10801 16187 16187 16187 16187 16187
1954 2122 10033 8710 13436 1957 14180 16187 926 16187 926 16187 8069 926 8268 10077
593 6521 1507 14237 3847 9754 6683 1955 630 1955 7742 16187 9925 5656 2103 3177
4776 5041 3177 926 4931 12349 8719 3765 512 1954 10244 16187 16187 16187 16187 16187
4776 14596 8710 5329 14272 7926 5867 2945 10567 1919 4776 5200 16187 643 16187 16187
4776 14596 8710 4927 12495 1348 14237 926 7674 12233 14192 1955 4776 13103 4818 16187
8712 8710 6259 3098 12805 16187 16187 16187 16187 16187 16187 16187 16187 16187 16187 16187
8712 8710 12958 5463 8710 2148 926 15740 5463 12256 2563 16187 5948 16187 13929 16187
8712 8710 12958 5463 8710 2148 926 16187 5891 2191 16187 926 13348 16187 8794 6529
12233 15956 15658 8712 8710 8268 6011 12431 926 12650 4776 2563 13348 16187 16187 16187
8712 14824 8719 630 3177 4776 10033 5463 7740 4931 2326 1919 4776 14255 12028 16187
8712 2326 12431 926 12233 7568 8712 5867 14916 6407 8712 16187 926 16187 13348 16187
4874 15762 14043 10653 16106 4574 6259 14273 4379 10033 2598 16187 16187 16187 16187 16187
831 12495 13436 12233 4776 14589 512 1157 6672 13213 15525 16187 16187 5580 926 926
831 2894 13077 3171 2563 15525 8268 12008 7542 8268 2689 16187 13348 16187 926 16187
15043 8710 5967 12233 10727 15389 9780 91 16187 16187 16187 16187 16187 16187 16187 16187
9729 4812 14237 8712 5867 13726 12233 10727 3513 8710 5695 16187 16187 926 16187 1750
630 8710 4776 564 10033 7740 9884 8466 10967 6259 6418 12291 8258 8258 16187 15525
4845 926 14237 8489 926 9084 6259 3098 15781 16187 16187 16187 16187 16187 16187 16187
926 926 1955 926 8268 7733 6259 2765 3177 4440 91 8268 1955 11846 16187 6093
926 926 4931 6259 11738 950 15658 16105 1229 630 15525 830 7345 926 203 8712
3171 10033 8710 4642 6259 472 2451 8268 14237 6259 10355 1378 8712 8710 16187 16187
3171 14596 8710 1507 8268 14237 8093 9084 14900 16187 9332 16187 1957 12291 16187 4832
3171 14596 8710 1507 8268 14237 8093 9084 14900 16187 11889 5463 1750 926 16187 8069
926 926 779 6259 8302 983 10315 926 8958 9577 10891 926 2687 926 16187 16187
4776 926 926 4931 6259 926 8268 1435 13089 7926 8710 6259 2365 9684 16187 16187
4776 926 926 4931 1175 12233 2552 1955 4776 926 926 16187 926 16187 926 16187
3171 8710 6259 2563 8719 15649 6931 5208 12149 1750 15984 16187 16187 16187 16187 16187
3171 8710 2945 14635 3177 2563 16187 5226 3177 1138 926 8719 5463 5711 16187 6837
3171 8710 6259 6070 10355 14237 10336 10033 11953 6259 6070 9355 14596 16187 10217 2103
13570 8268 10094 3177 582 13729 12233 4552 3171 8719 13592 14087 16187 16187 16187 16187
1998 16187 643 5463 8712 5867 5329 14180 5463 10355 9890 16187 13086 8152 8712 16187
1998 16187 643 10995 12233 1866 16187 2598 16187 16187 16187 16187 1919 1885 9635 14029
12233 1110 14745 8268 926 16187 16187 16187 16187 16187 16187 16187 16187 16187 16187 16187
14069 9498 13178 1138 926 926 5711 16187 1213 6259 1138 2176 10033 5711 16187 1110
14069 8268 2446 8268 926 16187 926 16187 926 16187 926 16187 926 16187 926 16187
929 8268 3203 926 2858 926 1919 14734 8269 12233 9311 1919 11251 11953 926 16187
13089 926 8268 926 8268 926 8268 926 16187 926 16187 13348 16187 11889 2053 4750
926 8268 926 8268 11046 926 8268 10480 14237 11166 8710 2176 14237 7740 11553 1919
926 203 6011 9884 8727 13348 16187 16187 16187 16187 16187 16187 16187 16187 16187 16187
4776 5568 5820 6181 3171 2563 8710 8268 820 3543 11553 10471 16187 540 16187 14237
4776 4152 10781 1019 14237 6259 926 13341 16187 3908 14272 2598 16187 15907 2598 16187
7742 8268 4776 9790 4705 12233 3297 7883 16187 16187 16187 16187 16187 16187 16187 16187
8712 5084 6259 1787 5463 4931 869 926 8268 8798 11345 786 16187 643 14029 4776
8712 5084 6259 1787 5463 4931 869 926 8268 8798 11345 786 16187 643 14029 4776
4949 12576 8712 9277 2823 8268 3299 8710 5329 2296 1793 512 12491 16187 16187 16187
8712 5867 6535 2309 3826 8268 14237 14272 6011 11031 5807 11953 8712 16187 1110 16187
8712 7156 5463 10288 2326 779 2263 14635 3177 630 10770 16187 12650 14043 16187 6683
3546 5876 12507 10185 2598 16187 16187 16187 16187 16187 16187 16187 16187 16187 16187 16187
6259 13736 551 8719 4776 1781 2954 8719 926 16187 926 8268 926 8268 926 16187
6259 15776 14237 6259 10887 14351 8268 4552 9754 6011 9429 2598 16187 1941 16187 2150
13221 15442 779 8093 12766 1954 13926 7740 2128 1919 3848 16187 16187 16187 16187 16187
6161 8710 14272 3908 8712 1229 630 5463 820 1110 8712 12102 830 6011 16187 12102
594 8712 9084 1954 926 13592 6985 16187 13188 16187 9316 16187 8440 2122 2563 16187
14069 8710 6259 9450 10298 14237 8625 10768 8719 3171 16187 16187 16187 16187 16187 16187
3171 2563 8710 6070 2689 8710 6259 1903 2550 1919 4404 10033 5463 8710 5046 6259
3171 10033 8710 14902 16187 12276 5777 16187 12805 16187 3192 14808 16187 926 16187 926
1885 10418 8710 5329 14231 12008 8712 8710 2945 11662 14237 13729 16187 16187 16187 16187
4776 6664 8710 5286 3177 926 8808 10801 16187 10312 8268 12008 5463 7165 1954 926
4776 6664 8710 2751 14237 6246 14237 3335 14237 8268 564 3177 14180 8268 926 16187
3254 6014 8268 4776 1019 926 16187 16187 16187 16187 16187 16187 16187 16187 16187 16187
4776 8081 7502 5656 9657 1955 14995 8268 6153 8268 14237 6259 9450 16104 16187 14029
4776 13839 8719 926 8268 1138 926 926 5711 8710 2296 926 16187 6259 10894 3177
820 15846 2823 2945 12545 11953 3171 1378 16187 16187 16187 16187 16187 16187 16187 16187
2945 13077 8712 15525 3177 3171 983 16187 4776 63 564 13926 3177 14180 9577 16187
2945 4032 9316 8268 15740 3177 4776 10033 5463 7740 11553 6635 8712 14180 4776 12835
926 14156 926 14237 926 8268 9330 14237 110 926 1955 7742 1955 10646 926 16187
4776 14467 926 15093 12716 8268 8712 5867 9813 2444 16187 16187 16187 16187 926 16187
4776 926 8268 926 926 9429 6173 16187 926 14776 10355 16187 2677 13348 16187 11889
14237 14950 5463 5867 15369 8693 1885 16187 16187 16187 16187 16187 16187 16187 16187 16187
8712 5867 9122 1919 4929 12835 8268 1597 1919 15597 16058 3241 16187 926 16187 926
8712 5867 9122 1919 14287 14237 2943 12377 3177 9955 16187 6215 10995 16187 926 14237
6062 8710 5463 1975 14237 7926 5867 4776 926 9424 13348 16187 16187 16187 16187 16187
8712 8710 4537 1955 15096 1955 1954 1954 926 4152 8719 4776 926 9685 13348 16187
8712 9113 6259 5948 3177 1823 12233 4776 4440 5463 12596 6259 9450 926 16187 3249
7740 10503 4776 14207 8710 6259 630 8270 10033 512 926 16187 16187 16187 16187 16187
3963 16146 3531 14237 8712 6297 5329 4776 9911 5867 5947 7610 14237 4776 10418 16187
3511 8710 5463 926 4776 2601 2563 3364 11553 12766 1229 630 2148 9332 16187 16187
4776 2400 5629 4776 2765 8710 7661 5453 14237 3398 12233 12650 16187 16187 16187 16187
4776 12013 8710 6070 1971 14237 4776 6006 8710 2446 12495 10355 16187 12233 4776 4856
4776 15064 3177 4776 14596 8242 16187 14186 3177 4776 926 474 15978 7926 6546 4446
7740 4931 2758 12233 10603 15525 3171 10033 4931 9575 5350 14029 2753 8719 10203 16187
6826 9955 1951 8719 1954 14411 471 16187 3171 10033 8710 5329 1791 8719 13084 2191
1597 7438 8733 3356 5463 10355 16187 11637 5867 10154 4931 2446 6259 9450 12233 4776
4325 8733 3171 10033 6826 14272 2148 5812 9850 15525 3177 9484 16187 16187 16187 16187
1442 3171 2563 4931 4776 315 14237 7740 5208 5329 1436 8710 5463 16105 6259 15387
1442 3171 2563 4931 4776 9790 5365 16187 1229 7740 11530 8712 926 8712 5867 16187
7740 3644 9754 5272 4776 2588 983 7740 1959 6259 10033 11889 3171 1378 16187 16187
1957 1778 10217 2103 8268 4325 15846 5329 2823 8270 11072 830 926 8268 8710 9754
7740 3644 9754 8154 3171 12233 12276 2285 6161 2563 5463 15846 5329 10503 5713 4311
13089 8712 8710 6724 830 5713 2513 8268 8712 11900 12267 7742 16187 16187 16187 16187
4776 13607 8268 1955 8710 12773 8268 926 14237 8712 926 8710 5329 16187 1957 4776
4776 13607 8710 8268 1955 8712 1955 5297 13942 5463 10710 12233 2552 3171 10033 8710
1405 16187 16187 16187 16187 16187 16187 16187 16187 16187 16187 16187 16187 16187 16187 16187
2263 7664 12832 2627 771 9070 6979 971 14029 4776 948 10953 16187 10953 2128 10953
2263 15624 13792 8268 2122 2563 16187 8710 593 6521 7178 16187 1684 16187 14237 2689
6259 1138 12260 2552 5711 830 9455 1919 6259 5293 16187 16187 16187 16187 16187 16187
4776 2601 4142 4963 10033 8268 6259 15819 471 16187 12459 16187 4949 16187 13348 16187
4776 2601 4183 12233 5993 8712 16187 5388 13089 4325 6683 8268 3698 3766 3177 4856
4776 12835 3081 2837 11439 1706 5867 926 14776 926 14237 3177 9450 6985 16187 16187
4776 8808 3177 926 4931 5570 7742 8268 1955 4931 926 16187 16187 4537 11889 8712
4776 8808 3177 926 4931 5570 7742 8268 1955 4931 926 16187 926 16187 926 16187
9296 8712 4537 3847 9754 8438 7508 8268 15956 14272 7740 8313 2598 16187 16187 16187
8712 5867 1229 9918 8268 2689 10033 8268 14237 3847 5463 7742 12495 15096 1941 16187
8712 5867 1229 9918 8268 2689 10033 8268 14237 8712 8710 10298 16187 512 4537 14237
14237 4325 14776 2684 10471 16187 16187 16187 16187 16187 16187 16187 16187 16187 16187 16187
12008 8268 7740 4552 15956 16187 14180 8268 14069 8710 14691 1126 12233 1436 11953 3171
12008 8268 7740 4552 11889 3171 2563 16187 12105 12345 16187 926 8719 4776 926 16187
1955 4776 926 6585 8719 4776 15416 8307 16187 16187 16187 16187 16187 16187 16187 16187
4776 745 4931 6070 6140 13839 16187 6987 8719 1419 16187 789 926 16187 1405 16187
4776 1833 8015 8081 2221 12892 3744 8710 11953 926 16187 926 16187 16187 926 16187
14734 926 6862 4125 926 1019 926 12938 6173 5297 4628 9754 2599 14745 8719 16187
4776 16003 950 779 926 5867 926 8268 6259 10421 4240 926 16187 2296 16187 14125
4776 16003 950 779 13084 4679 8268 14237 4776 16003 2765 11553 13084 10836 16187 5176
4776 564 950 8719 3171 2563 8710 10375 4776 926 16187 16187 16187 16187 16187 16187
4776 6729 4931 4776 3511 5463 4931 817 14823 6070 926 14237 16187 926 16187 4776
4776 15064 3177 3171 10033 4931 9754 8106 14237 4776 10418 4931 5329 5463 10355 16187
4776 926 5867 8710 9122 1919 1597 9332 6071 1133 16187 16187 16187 16187 16187 16187
4776 15064 3177 3171 10033 4931 9754 8106 14237 4776 10418 4931 13074 16187 14180 4776
4776 14596 8712 926 14029 10781 8268 12576 14237 6826 10355 8268 8712 8710 12495 1507
14237 14180 4776 6343 8268 8893 14237 2162 1138 4856 5711 2598 2598 16187 16187 16187
4776 4152 8268 10147 8268 14237 4776 132 8710 8439 16187 4707 16187 8719 16187 4406
4776 4152 8268 10147 8268 14237 8712 8710 14397 7708 14180 5463 10566 3177 5713 12835
13570 3171 10033 3847 11553 8712 5867 6178 16187 16187 16187 16187 16187 16187 16187 16187
8712 3171 10033 5867 926 8268 12576 7740 771 14139 10501 3177 12276 1860 10033 16187
8712 3171 10033 5867 6601 5580 9332 16187 817 16187 10011 8268 7970 16187 4707 16187
14237 14069 8710 2148 3098 888 10967 13023 926 5867 926 13741 14237 926 16187 16187
3171 10033 8710 2945 4032 9316 14237 14029 6259 14919 8268 10242 3177 13839 926 10355
3171 10033 8710 4642 6259 472 2451 8268 14237 6259 10355 1378 8712 8710 5329 12495
6259 10033 15649 13404 9591 12233 926 8712 1955 6259 8974 16187 16187 16187 16187 16187
4776 2601 4142 8622 8268 5329 6259 5948 8268 8719 4776 10033 16187 8268 6070 630
6259 10770 3211 5463 3543 2823 6188 1955 6259 12247 14237 14734 926 16187 926 16187
4776 2616 3177 11632 2598 16187 16187 16187 16187 16187 16187 16187 16187 16187 16187 16187
4776 14596 4931 1344 10355 14237 8712 2296 3927 6259 5948 3177 4776 5948 16187 16187
4776 14596 4152 8710 6070 10355 14237 5329 11530 14043 6070 926 16187 16187 14125 14043
7926 2170 14734 926 8268 12604 926 8268 12233 926 12233 6276 13956 16187 16187 16187
4776 926 8268 6689 8268 14237 926 926 4931 6259 3098 9563 1919 7926 14397 10355
4776 926 950 779 4421 926 1865 16187 8081 14217 10324 14237 4776 10033 16187 926
4325 11553 6259 15335 9154 14834 14237 10011 4440 5022 16187 16187 16187 16187 16187 16187
3171 2563 8710 2945 5329 13178 8268 12008 8712 5867 8719 3171 2037 16187 11899 2837
3171 2563 8710 2945 8270 512 10566 926 15846 11553 6011 10503 4776 5820 16187 2563
4776 5568 10116 8710 5463 1138 11864 5711 4931 630 8270 512 3171 13795 16187 16187
4776 3511 5463 8712 8710 1872 830 6931 8268 8712 8710 6259 10762 14596 16187 16187
4776 3511 8712 8710 6297 926 16187 1950 16187 4776 6683 1957 15909 16187 564 9534
1955 6259 4370 11401 4523 14230 8268 7740 2326 13081 11007 15715 3171 2563 16187 16187
2263 6259 10033 5463 8710 5046 5329 4032 12233 12650 16187 12349 4776 12489 8268 12008
2263 6259 2563 5463 8710 5329 4776 8093 926 8268 12008 8712 5867 2987 16187 8569
4311 13474 8625 4776 2588 3177 4776 926 8268 14237 7740 11530 1229 7740 15684 16187
4776 12013 8719 3171 10033 4931 4776 5453 4776 4183 405 13348 16187 6500 16187 926
4776 4152 8710 8170 14237 779 6259 8794 5801 12233 8712 16187 926 16187 12349 4776
