1957 4776 14601 5838 8268 8710 4537 16150 2689 12233 9070 16187 16187 16187 16187 16187
4776 559 8710 1954 11273 8268 14237 4776 10033 8428 16187 779 4404 3211 16187 2296
4776 559 8710 6152 8268 1957 6259 7997 4550 15658 779 14768 4858 13005 16187 14043
6173 16187 16187 16187 16187 16187 16187 16187 16187 16187 16187 16187 16187 16187 16187 16187
4776 9431 4931 6259 10355 2563 7740 11553 8093 8466 14112 11889 6259 12012 13348 16187
4776 2563 8710 6259 1507 6688 8710 11789 1955 7310 16187 16187 9925 1042 4776 10033
8712 5867 6070 10011 8268 12008 6011 15956 5463 1515 8719 16187 16187 16187 16187 16187
8712 4931 6535 630 6259 10355 10033 16187 16187 13021 512 6259 8794 2664 14596 16187
4776 4152 8710 4776 5286 15043 2563 5463 1919 4776 926 15658 5372 5463 15846 926
830 4776 2509 819 8268 15649 7156 10566 820 8268 3171 8710 6259 10770 2563 16187
4776 11998 8770 8719 8712 5867 8712 8710 12606 8268 8069 8726 4325 11031 3102 1515
4776 11998 8770 8719 8712 926 8712 13623 14350 16187 5332 4776 4776 2563 7164 6280
4776 4152 8710 4776 5286 15043 2563 12008 1919 6259 2689 15641 14237 10355 10418 16187
4776 4152 8710 6070 3175 16187 6011 16187 6070 7742 16187 5537 3177 2122 16187 9316
4776 4152 8710 6070 6140 14237 6070 12606 16187 7740 973 8017 16187 816 16187 8719
8719 3171 10033 8268 7926 7076 1955 4421 926 16187 16187 16187 16187 16187 16187 16187
4776 5522 1919 926 14237 11132 926 6 8710 926 2598 16187 16187 16187 16187 4311
4776 4152 8710 8170 14237 4537 6683 15525 830 6259 2689 1957 4856 16187 12495 16187
4776 11646 8710 5297 6535 10355 8719 5713 4440 16187 16187 16187 16187 16187 16187 16187
4776 6664 8710 5286 3177 926 8808 10801 16187 13348 16187 9264 16187 16187 9264 10770
4776 15064 3177 14596 8710 11789 5314 8350 6975 16187 4832 16187 5137 16187 13250 16187
7740 11789 9813 1950 11953 4776 4152 16187 16187 16187 16187 16187 16187 16187 16187 16187
14919 15525 3177 9484 7740 926 4776 7531 16187 4931 6297 14397 2148 9332 16187 16187
14919 9484 16187 4342 7740 1110 926 926 926 8268 3171 983 8268 7740 771 6259
5695 10033 16187 16187 16187 16187 16187 16187 16187 16187 16187 16187 16187 16187 16187 16187
3511 8710 5463 2842 8733 3171 2563 1955 12349 9655 4776 12337 926 8710 5463 1686
3511 8710 4032 9316 14237 6259 10033 5208 2823 8466 8719 4776 10566 3177 4776 926
4302 926 4776 2285 419 12515 9850 1243 12233 3286 16187 16187 16187 16187 16187 16187
6259 471 10033 8710 9754 2148 3177 6259 2122 8081 7178 16187 3818 2148 9332 16187
6259 4142 3192 2563 954 15978 3177 2093 8268 4931 4032 15715 830 4776 10033 16187
13181 1146 14457 8268 9563 6006 14237 4302 14265 8268 12654 3690 5947 2664 16187 16187
9601 8710 5580 6259 3211 5463 11900 16187 926 16187 14237 926 4325 14776 5836 4776
10762 14599 8268 10762 3052 8268 14237 13663 8268 11646 14776 7742 13663 14237 4776 11842
3171 2563 6253 4927 12233 10399 12233 8733 3171 6683 11889 5820 14237 4473 3826 16187
3171 2563 8710 1229 8569 8712 8710 9754 15893 16187 9925 16187 7740 11553 3765 5074
3171 2563 4931 10355 8268 12008 2263 6259 2689 2563 16187 12606 16187 9925 8855 16187
7742 8268 5463 5867 4776 926 5867 830 6011 16187 16187 16187 16187 16187 16187 16187
12008 8712 5297 6546 6661 8268 12495 1383 14029 4776 16146 8368 9666 4776 926 16187
12008 8712 5867 5329 14180 8268 8712 4931 10566 6071 1133 11553 2296 2308 5463 12233
8712 5867 6259 1435 1378 12495 9605 6705 12233 2526 14046 16187 16187 16187 16187 16187
4776 2601 14596 12576 8712 8710 6259 926 9684 16187 926 16187 3409 13348 16187 9316
4776 11253 8710 8268 8719 3511 8268 8712 926 9070 8268 4776 10033 8710 5329 14691
8712 5867 15624 8268 11521 14237 11052 16187 16187 16187 16187 16187 16187 16187 16187 16187
4776 6664 8710 5286 3177 12 1439 16187 4927 926 5867 15640 5463 2326 11921 16187
4776 6664 8710 5286 3177 12 1439 16187 7970 8164 2563 16187 7970 16187 7970 16187
8712 4931 7742 10471 14237 4776 10418 1019 8245 1449 6173 4931 6535 10355 16187 16187
4776 4152 8710 6070 2805 14237 4776 2946 2451 10571 7742 16187 9736 16187 16187 1813
4776 4152 8710 8719 5463 2037 1676 14237 4776 7542 1378 8710 9754 5463 8569 16187
10355 2024 2563 12233 12650 8726 14691 6672 8710 73 14029 16187 16187 16187 16187 16187
3171 2563 8710 14691 2326 7365 14029 3171 14180 4776 2563 14237 779 630 2148 13348
3171 2563 8710 14691 3765 512 6259 7962 15496 830 4776 9213 3177 2122 14251 16187
4624 11031 8270 3748 1919 926 8268 7508 16187 16187 16187 16187 16187 16187 16187 16187
11499 4776 9577 2102 4776 820 1955 1750 630 2148 1878 512 8710 13436 16187 16187
11788 12835 8268 10355 8676 8268 6259 5948 2148 5010 10583 16187 4776 2563 13216 16187
8712 8710 11953 6259 10240 14237 2263 926 12835 16187 16187 16187 16187 16187 16187 16187
4776 14596 8710 6070 4142 16105 8719 4776 9339 2175 10887 4710 16187 3171 2563 16187
8712 4931 4776 9790 405 3384 8719 6259 9780 13501 14237 1919 926 926 16187 926
926 5463 14776 2466 2689 2779 14029 1954 4642 6536 14599 16187 16187 16187 16187 16187
4776 4152 8710 1344 13181 16187 13348 16187 7777 926 16187 14029 4776 926 16187 4125
8712 6855 16187 16187 13021 11646 8268 8710 6259 9450 11978 926 16187 8719 3171 10033
6173 10967 1378 926 12233 4776 3137 16187 16187 16187 16187 16187 16187 16187 16187 16187
4776 9431 2122 2563 8710 4776 8124 2053 926 3994 3177 4776 2563 16187 3554 12233
4776 9431 2122 2563 8710 4776 8124 2563 7740 8084 2308 6259 2563 5463 6259 1903
3177 9063 16041 10324 12233 13852 16187 16187 16187 16187 16187 16187 16187 16187 16187 16187
778 8710 5329 1229 10399 12233 4552 16187 16187 14237 5415 4325 14776 16187 926 16187
778 7367 8466 926 8268 4776 10566 854 15814 5509 16187 3177 4776 10033 8268 4776
14031 8268 14237 4776 4707 3177 1237 10247 16187 16187 16187 16187 16187 16187 16187 16187
12008 12127 12051 13075 8268 12127 6664 1532 8268 12127 8808 11900 16187 926 16187 16187
6070 8268 6070 926 8710 5329 6070 10355 16187 16187 7610 1955 9736 16187 10509 926
926 15034 926 14237 15783 1019 926 2598 16187 16187 16187 16187 16187 16187 16187 16187
4776 926 926 5838 926 8719 4776 13828 3177 14734 643 16187 6378 16187 15842 16187
926 926 926 926 926 926 926 926 2053 5530 4776 1787 16187 926 16187 926
4624 13758 12233 3171 10033 16187 16187 16187 16187 16187 16187 16187 16187 16187 16187 16187
2945 1378 3177 4776 564 4756 3177 3171 3531 8268 8726 5329 8084 16187 4311 16187
2945 1378 3177 4776 564 4756 3177 3171 3531 8268 8726 5329 8084 16187 4311 16187
4776 2601 10400 8710 5329 8569 1957 14180 12008 8712 5867 12105 12345 16187 16187 16187
4776 12298 4931 6403 14237 8719 8712 4931 14180 11953 6259 14397 512 6259 9405 2563
3511 8710 5453 5217 926 12233 4776 9290 6683 1957 13208 14237 6011 16187 8712 16187
7740 2383 5463 16105 4776 10033 8069 2461 16187 16187 16187 16187 16187 16187 16187 16187
3511 8710 5463 4776 2563 16187 9084 9754 8438 1229 630 16187 4776 14599 16187 6297
3511 8710 5463 4776 2563 16187 926 830 4776 10566 926 926 14237 4776 2285 13839
7740 4552 9754 9605 14272 14180 4776 4745 4931 11953 16187 16187 16187 16187 16187 16187
9655 9743 7740 11530 8712 8268 3171 8710 10399 12233 5993 16187 16187 12757 8719 4776
9655 9431 6259 2563 8268 12232 11553 15729 8258 6011 926 5463 15846 5329 12766 5967
926 8268 6011 9605 4776 10400 16187 16187 16187 16187 16187 16187 16187 16187 16187 16187
4776 8268 8712 13942 926 8268 4776 13607 1110 14596 8268 14237 8712 10272 8656 13839
4776 926 8268 926 926 8268 1138 926 14237 926 926 5711 8268 7740 4552 9754
926 8268 5678 1853 13348 16187 16187 16187 16187 16187 16187 16187 16187 16187 16187 16187
4776 10033 8268 4931 6363 926 16187 5332 9813 2997 16187 16187 7740 11839 8712 5867
4776 10033 10781 8710 10355 16187 12606 16187 4832 16187 2689 16187 9332 16187 9332 16187
9712 926 8710 6259 7791 7937 3177 14766 16187 16187 16187 16187 16187 16187 16187 16187
4404 3437 15814 9498 9813 926 16187 4832 16187 926 13089 7926 5867 5329 12495 16187
4404 11991 3384 8268 5329 6070 15174 16187 16187 954 16187 13532 954 16187 1955 4421
11719 8268 4776 10033 8710 10762 14237 6667 6259 8313 3087 16187 16187 16187 16187 16187
926 926 8710 15597 4406 8311 3177 9222 14237 6259 2191 3177 6259 4194 16187 2446
4776 13839 8710 10355 8268 13084 8914 14069 16187 10217 12835 8719 4776 1419 16187 789
10392 926 7076 926 926 8268 6259 5820 3356 7452 16187 16187 16187 16187 16187 16187
4776 926 15093 8268 2837 13089 8712 4931 2689 8268 8710 6259 10602 1453 10033 8268
4776 926 926 8268 926 926 13034 8710 6259 10953 11310 16187 2326 3112 6011 15956
7740 9084 9754 12003 8712 16187 16187 16187 16187 16187 16187 16187 16187 16187 16187 16187
8680 7740 10709 830 3171 2563 16187 12291 7740 16138 10751 12276 9956 5463 4776 926
8680 8268 7740 4552 9754 8456 4057 16187 8569 8268 12008 8712 5867 5329 4776 10566
6259 3098 7652 830 10671 3177 4776 8439 926 6764 16187 16187 16187 16187 16187 16187
6259 2601 5948 3177 6259 5948 2148 2519 14237 9264 9450 16187 512 926 13348 16187
3171 8710 6259 630 7723 5463 14677 12233 6259 13587 11953 6071 2563 16187 1147 14237
4776 3942 4931 5329 14734 13811 14043 4776 10418 4325 9498 4537 3098 16187 16187 16187
4776 14596 8710 4927 12495 1348 16187 11331 16187 926 16187 9591 16187 9442 5030 1398
4776 14596 8710 4927 12495 1348 14237 926 7674 12233 14192 1955 4776 13103 4818 16187
3171 10033 8710 10399 12233 5993 16187 16187 16187 16187 16187 16187 16187 16187 16187 16187
3171 7542 10033 8710 6259 6070 8569 10033 8710 5329 10355 16187 9890 16187 14043 2148
3171 4302 8710 1955 10355 1955 4776 6306 8710 8719 9998 2563 16187 7742 16187 14237
5329 12233 11393 4776 10558 3177 926 926 5867 9886 3177 660 16187 16187 16187 16187
4776 5257 3177 15678 4931 13532 6259 7708 14596 2894 14237 2550 1919 13084 5820 16187
4776 5257 3177 1885 12233 4776 9873 10781 8710 5329 4776 5568 10583 8719 4776 10033
6888 8268 5340 3553 16187 16187 16187 16187 16187 16187 16187 16187 16187 16187 16187 16187
14405 14776 5714 3701 4776 5314 5714 16187 7981 8268 12008 5329 12495 16187 14029 15597
14405 14776 5714 8719 10025 4776 14596 8719 4776 2563 16187 4776 926 16187 926 16187
8712 3847 9754 265 8719 1213 6259 8579 10033 16187 16187 16187 16187 16187 16187 16187
8712 4931 6259 3098 10033 5463 7740 2326 9429 11953 1138 926 5711 16187 8081 8268
8712 4931 6259 3098 2563 5463 414 14272 6259 10894 12495 630 6166 10967 4776 10033
8712 15452 11889 1919 4776 816 926 14237 926 3177 859 6011 5208 2823 8944 16187
4776 2601 9424 8710 6259 10355 14596 1955 6259 10501 3177 4776 315 16187 14237 3171
4776 15064 8710 9481 4776 12489 3177 3171 2563 16187 7310 5388 16187 926 16187 926
12008 9290 8268 6011 12431 926 9605 6259 926 16187 16187 16187 16187 16187 16187 16187
12008 8712 5867 4032 4776 2747 5524 8268 14237 7740 5208 2823 8592 16187 926 16187
12008 8712 926 8712 5867 5329 12495 6280 6259 4265 6705 830 14180 926 16187 16187
8712 5867 9230 8268 12008 4325 11031 4537 1229 10840 9313 5022 16187 16187 16187 16187
8712 5867 1344 10355 12233 2552 2941 3573 4552 12650 8712 6259 4927 16187 16187 2458
8712 5867 1344 13250 12233 2446 2552 14597 3367 926 8719 3171 16187 6070 1378 3177
3171 8710 1378 6071 7637 5463 7740 4931 8093 2326 4998 8719 13551 16187 16187 16187
3171 7542 2945 14635 3177 6259 2148 11273 16187 16187 13023 14237 1819 6259 9385 12233
3171 8157 4856 16187 10242 3177 4856 8781 6423 16187 9442 14237 1885 13701 9498 2689
8712 779 6011 14029 4776 14954 3177 5937 9635 137 4776 6070 12298 16187 16187 16187
4776 14596 8710 13622 14237 14069 8710 13084 4152 16187 926 10418 10967 9070 16187 9264
8712 8710 4776 10710 13640 14596 14237 6259 2365 9684 16187 8719 4776 2563 16187 2296
3171 13141 12233 1954 8847 8423 11063 2780 513 15649 8710 4776 4949 9405 2598 16187
4776 14596 4931 4776 5453 14237 4776 2563 13348 16187 13348 16187 13348 16187 15202 16187
4776 14596 8979 4776 14596 16187 6535 630 2148 16187 512 11239 5208 8158 16187 10094
4776 2122 15814 14776 2446 15624 14237 10006 16187 16187 16187 16187 16187 16187 16187 16187
4776 63 8710 5463 6445 4776 12298 4776 284 6683 12715 16187 5329 8093 926 16187
4776 63 8710 5463 6445 4776 12298 4776 284 6683 12715 16187 5329 6259 9450 16187
7740 11553 9754 8466 1213 1954 2955 9534 10967 1954 817 5838 16187 16187 16187 16187
7740 12495 15335 926 14352 5463 4776 14596 16187 3175 14237 4776 926 16187 926 9450
7740 4531 3171 2563 10967 10442 12233 4537 11953 4776 10033 16187 8093 2326 16187 926
14237 4776 10033 14281 8710 4537 926 14029 4776 8523 16187 16187 16187 16187 16187 16187
4776 3511 5463 926 4931 9813 3177 6011 11889 8712 4931 6259 2689 16187 10501 9850
4776 5522 1919 4776 15897 8710 8719 4776 926 3177 4776 10033 16187 2296 926 2903
12008 4776 16146 8808 8710 8843 14237 3847 9754 7001 15369 16187 16187 16187 16187 16187
4776 14596 4931 2429 10355 8268 14237 6826 10355 11608 16187 14069 16187 569 16187 11889
4776 14596 4931 4772 8268 4776 2563 8710 1344 10355 16187 1750 2296 6259 9780 8199
3171 1711 3660 10033 8710 15041 1290 5867 10164 12233 4776 6215 3177 14112 16187 16187
4776 14596 8710 4776 13341 9484 15658 7740 9084 6070 7742 16187 14237 4776 13839 16187
4776 4152 8710 6070 2805 14237 4776 2946 2451 10571 7742 16187 10399 12233 10503 16187
8230 476 7740 973 1260 11953 10959 12233 12650 3171 9577 16187 16187 16187 16187 16187
14919 9484 4776 3718 3177 7145 16187 926 11553 4776 926 2563 8084 16187 2148 10355
14919 9484 4776 3718 3177 7145 16187 926 11553 926 12233 4776 2563 8710 4776 926
8712 2025 4537 203 9749 4624 14776 10967 12401 16146 14237 15520 2077 16187 16187 16187
8712 5867 4776 9790 5033 14237 4776 7310 284 9498 10355 16187 5329 12233 5463 7742
8712 2025 4537 4537 15848 16187 926 16187 16003 16187 6259 1405 14237 1378 9290 8719
5463 4931 6259 926 9438 8268 2837 4776 4927 16187 16187 16187 16187 16187 16187 16187
4776 3511 5463 8712 8710 6259 10355 2563 16187 100 2024 16187 2552 9450 3177 5937
4776 6418 926 8712 4931 15525 3177 3171 2563 8268 8710 5463 6259 9450 10894 12495
7740 973 5329 6500 14029 5463 8268 9890 16187 16187 16187 16187 16187 16187 16187 16187
1597 8268 1597 820 15658 926 8592 926 3994 4931 6259 1138 926 5711 16187 7937
4399 14465 3177 8185 5208 5261 10566 3177 4776 3531 16187 2087 14029 5463 16187 16187
7740 11889 14734 5830 11900 11889 2053 5678 7949 3994 4776 564 16187 16187 16187 16187
7740 8309 1919 4776 926 926 14237 4776 9203 11553 12766 926 16187 926 16187 15949
10619 9484 14833 7740 15729 6070 5947 4379 830 4776 14217 16187 926 16187 13348 16187
15662 2598 16187 16187 16187 16187 16187 16187 16187 16187 16187 16187 16187 16187 16187 16187
3171 4931 9754 6826 10355 2122 10033 8268 14237 8712 4931 2326 3112 8712 16187 6500
3171 4931 1954 2997 15043 2563 8268 1919 6826 3098 2122 10033 16187 6695 16187 13570
12298 16187 16187 16187 16187 16187 16187 16187 16187 16187 16187 16187 16187 16187 16187 16187
6259 4152 8710 1348 1229 1597 2975 8719 4776 14596 4776 4927 4776 14596 8710 12307
6259 4152 6259 10894 2148 5906 8268 7742 13663 16187 7742 8268 12008 4032 6259 15335
6348 4776 11146 11779 1019 15649 8710 10265 6173 8268 8712 4537 3847 9754 4189 16187
4776 63 5328 779 7458 8268 12008 13084 20 16187 14237 3364 2823 1954 14952 3532
4776 10566 13783 7937 4931 2543 8719 4776 2543 8719 4776 1787 16187 13141 12233 8155
926 8746 1885 926 926 8268 8719 4776 5509 3177 926 6359 16187 16187 16187 16187
926 926 4931 6070 10355 8268 14237 14080 16187 8710 2148 12233 926 16187 512 6011
926 926 8719 926 8268 7926 926 926 16187 926 16187 327 926 13348 16187 13549
926 1138 11553 6011 8084 8466 6259 12012 5463 4931 9754 2598 5711 16187 16187 16187
4776 10033 3847 9754 8084 11553 8712 771 12766 926 16187 2563 16187 9715 16187 15096
4776 926 5346 1229 11499 8268 10967 7740 9429 8710 4776 2758 15658 8710 8712 14180
7740 12892 3171 2563 6259 8704 15525 3177 14255 16187 16187 16187 16187 16187 16187 16187
8710 5463 4863 2143 7970 6259 926 16187 1229 15142 830 4776 10033 16187 830 16187
7542 6259 2563 4032 6259 6683 16187 6683 11889 10394 6672 13348 16187 926 16187 13081
7742 8268 8270 2123 1019 2148 13139 14237 6461 6173 3137 983 13348 16187 16187 16187
1998 5463 3364 2172 11953 4932 5833 16187 926 16187 5200 16187 5332 16187 16187 9442
12606 8268 7740 11553 3765 5074 16187 3192 12362 16187 5086 8719 4776 2563 16187 8270
7740 926 926 15978 3177 14272 7740 1442 14237 2696 14029 8712 5867 15149 16187 16187
926 926 8268 4776 926 4931 9754 630 1955 7742 16187 14043 3364 13474 2326 5407
926 926 8268 4776 1378 926 15658 4931 926 12233 15956 2598 16187 926 16187 14029
6173 12115 4776 9431 926 3177 4776 1383 16187 16187 16187 16187 16187 16187 16187 16187
3171 10033 8710 3422 10033 3402 6259 13720 8974 1133 16187 15096 16187 2689 4440 16187
9601 8710 6259 4409 4098 13094 8710 569 3177 2997 16187 512 6011 12650 16187 12650
4311 4325 14637 15873 14745 16187 16187 16187 16187 16187 16187 16187 16187 16187 16187 16187
13474 16039 1885 954 16187 6070 540 8268 14237 12767 926 1885 954 16187 926 16187
5804 16187 14231 12008 926 13623 12233 12349 3052 16187 8719 4776 5777 16187 11789 926
3673 6535 10355 8268 12008 6235 2837 2263 12007 16187 16187 16187 16187 16187 16187 16187
12495 5463 4931 9754 1954 11039 3177 6286 8268 7740 11553 6259 10355 2946 9498 15096
6070 630 5568 9424 6011 4552 9754 11889 8712 8268 12008 5332 4325 9605 6259 3179
10080 14272 14678 1436 11953 3171 2563 16187 16187 16187 16187 16187 16187 16187 16187 16187
2945 4032 9316 8268 15740 3177 4776 10033 16187 13250 16187 4832 16187 926 16187 1442
2945 4032 9316 8268 15740 14237 8200 16187 6985 16187 7749 16187 16105 16187 10315 4776
10918 12233 16187 16187 16187 16187 16187 16187 16187 16187 16187 16187 16187 16187 16187 16187
9296 15389 3177 4776 2563 8710 12232 8270 7508 8719 4776 2563 16187 9004 16187 7251
4297 8719 4776 2563 5867 6259 308 3177 1133 14776 10355 16187 16041 3748 16187 2097
7740 1442 14745 14029 9279 14237 926 1019 14237 3177 1245 5788 6173 16187 16187 16187
556 8268 14816 926 8746 4776 7168 7759 14237 1276 13623 8719 1110 1919 1885 16187
1442 3171 2563 8268 10967 926 8268 7740 11553 6259 10355 983 16187 983 16187 8719
7740 2979 8719 6391 6259 1893 10033 8268 14237 7740 12431 6259 1893 10033 16187 16187
3963 8268 7740 4531 4776 10033 4931 6070 12606 16187 16105 15525 16187 14237 4032 8712
3963 8268 7740 4531 4776 10033 16187 2148 1957 8712 16187 5332 15096 16187 3192 2563
6259 12260 2552 16187 16187 16187 16187 16187 16187 16187 16187 16187 16187 16187 16187 16187
6259 2601 5948 3177 6259 5948 2148 10770 14237 7740 4552 4624 5407 830 14180 3177
6259 2601 5948 3177 15174 2563 10967 926 5867 7591 10471 8404 5463 14776 9817 8719
15408 8268 4624 12431 15637 14112 5416 1919 4537 6259 13939 3177 926 926 16187 16187
12008 8268 8719 4776 12298 8712 5867 4537 5329 15840 8719 5463 2191 3177 4776 10033
12008 12654 3171 8268 7740 9884 8466 8712 14180 4776 983 16187 8084 8466 6259 15335
4776 926 4931 1229 6685 8712 4931 9754 2689 16187 16187 16187 16187 16187 16187 16187
4776 3511 8712 8710 2689 8268 14237 8712 5867 4537 3847 9754 11553 10355 983 16187
4776 3511 8712 6598 8268 4776 8162 830 4776 1419 8268 8921 926 5952 14237 8853
7740 10751 5463 8268 12008 8712 4931 12349 6724 16187 16187 16187 16187 16187 16187 16187
15438 8268 7740 4931 5046 5329 4032 4776 983 16187 983 12233 12650 16187 8656 10967
15438 8268 7740 4931 9754 188 6148 5994 8258 14043 4776 926 9084 4552 14029 15597
926 5867 3809 6006 3112 9425 2943 5257 3177 14092 1507 13498 16187 16187 16187 16187
4776 4589 2681 4969 16187 2543 2903 4776 817 3137 2150 1864 16187 6259 5948 3177
4776 6161 8710 1344 926 8719 4776 5562 16187 9576 926 16187 6133 14734 16058 9450
6826 11553 3962 3171 926 12233 3925 5867 14241 16187 16187 16187 16187 16187 16187 16187
8712 4931 9754 926 8268 12008 8712 3364 11553 12766 8270 8268 4464 14069 16187 10217
8712 4931 5917 5476 14855 12233 2263 4406 13908 14029 6259 5329 1229 2689 5225 5463
13942 5463 926 779 1138 6422 5711 16187 16187 16187 16187 16187 16187 16187 16187 16187
4776 2601 10400 13758 14237 830 4776 10033 14237 13907 12367 16187 16187 4949 16187 10770
4776 2601 10400 3177 1455 6259 8081 3504 10716 3847 9754 926 16187 926 926 16187
13084 1540 8268 13084 15180 16187 16187 16187 16187 16187 16187 16187 16187 16187 16187 16187
4776 1507 14237 2608 8268 7742 13663 8268 6070 8268 6070 9355 16187 16187 2296 16187
4776 1507 14237 2608 8268 7742 11022 2837 4421 15337 926 16187 926 16187 926 16187
9264 6429 12892 9070 12583 3177 14205 12233 9429 11953 6826 15217 16187 16187 16187 16187
2945 4032 9316 8268 14237 10887 5046 5329 12233 8197 6259 8270 2563 1955 6259 1225
2945 4032 9316 8268 14237 10887 5046 779 2263 1378 3177 2263 564 4440 3177 7310
926 14352 4776 5761 1207 14237 4325 13034 15525 8719 926 5867 5200 16187 16187 16187
4776 745 4931 6259 926 10967 4776 14596 4493 6259 926 16187 16187 2563 16187 13081
4776 745 4931 6259 926 10967 4776 14596 4493 926 16187 10033 16187 926 16187 926
10635 14237 983 198 926 1778 1919 12401 16146 8719 1954 2997 12008 4853 10834 16187
8712 8710 2446 1954 12256 10033 5463 7740 2326 4531 4776 2563 16187 4697 16187 9442
8712 8710 2446 1954 12256 4963 13926 8268 926 16187 9534 16187 13348 16187 16187 16187
10355 12233 11553 6011 10918 926 13348 16187 16187 16187 16187 16187 16187 16187 16187 16187
3171 2563 12232 6297 2823 9332 8726 8712 926 9070 16187 12495 13348 16187 15662 16187
3171 2563 4931 11022 2122 14251 8268 9264 15762 8268 15649 13549 1344 6259 14217 16187
1378 2588 9424 7740 12232 11889 12233 3520 2903 8710 4776 926 3177 926 926 16187
4776 2601 2563 12576 8710 6297 9332 16187 6297 6297 5580 3356 16187 113 926 16187
4776 8440 3513 16187 8268 12495 8268 4776 10418 14237 7594 10418 8710 10315 12495 16187
13474 14125 4776 831 3177 4776 2471 1919 3171 2563 16187 16187 16187 16187 16187 16187
4776 8808 3177 4776 4856 4931 4537 5329 4776 14596 8268 14397 9563 4776 9577 16187
8712 5867 4776 11998 3942 830 9070 8268 3171 2563 8710 5329 4776 10566 12606 10033
4776 8521 8268 12233 9070 8268 9004 6259 10894 926 12233 1378 8808 5867 8075 16187
4776 14596 8712 5867 4537 7165 2148 512 10566 820 8268 12716 16187 926 9070 3575
4776 14596 8712 5867 4537 1348 16187 926 16187 3504 16187 16187 11889 8712 16187 926
8726 3171 4931 4537 6259 14596 11953 6259 1272 2422 8712 3364 2823 1344 15624 16187
4776 6729 4931 4776 10862 5656 6259 9389 1954 15525 3211 8268 14237 8712 11900 1344
8712 4931 6535 630 6259 3667 3177 983 14237 9831 16187 926 16187 6297 16187 12349
4776 2563 7307 6259 7741 3177 9780 132 16187 16187 16187 16187 16187 16187 16187 16187
4776 15064 8710 6070 10355 14237 4776 10033 2251 9070 3177 8455 8081 12835 16187 6070
4776 14596 8710 4927 12495 1348 14237 926 7674 12233 14192 1955 4776 13103 4818 16187
8712 8710 4537 5433 1919 3171 10983 8268 14237 8712 8710 5673 1919 12611 16187 16187
8712 4931 6070 232 16187 6535 10355 16187 12467 16187 9925 16187 15096 10033 16187 1378
8712 4931 6070 2689 16187 8712 5867 6259 4949 14596 16187 14348 10418 8268 1955 14221
4776 10686 8710 10710 8268 4776 4856 4659 14237 4776 6688 2148 5902 512 8586 16187
4776 4152 4931 6070 6140 14237 6070 12606 16187 14029 4776 1583 2037 8719 4776 308
4776 12298 8710 6070 12606 16187 6535 12105 16105 16187 16187 14046 16187 14237 6683 1957
4325 8733 6011 9429 8268 14237 4325 11031 10770 16187 16187 16187 16187 16187 16187 16187
926 14272 3364 9754 4325 9605 14180 11953 3171 15389 2598 16187 2598 16187 2598 16187
926 6173 8268 14237 1597 15180 4624 15956 5463 13411 12233 9070 16187 926 14237 3847
10710 1955 5463 16187 16187 16187 16187 16187 16187 16187 16187 16187 16187 16187 16187 16187
12654 2263 1507 8268 14431 6688 8268 8712 6090 12233 7347 4776 13949 8661 16187 926
12654 2263 1507 8268 14431 6688 8268 8712 6090 12233 7347 4776 13949 8661 16187 926
9455 1919 13353 13695 4776 94 10913 247 2903 8858 16187 16187 16187 16187 16187 16187
8124 10418 8710 12489 14708 14237 4776 10418 16187 12835 8710 5329 6535 7742 16187 2097
12489 14708 10418 14237 1133 14776 8423 2148 15096 16187 14397 512 11239 5208 16187 6391
926 9070 6259 4320 16187 16187 16187 16187 16187 16187 16187 16187 16187 16187 16187 16187
8710 9389 830 6259 10810 5463 926 926 8710 6259 15819 1955 9450 6672 16187 16187
1435 8710 12233 926 6259 6816 926 5867 6226 1138 142 13348 16187 13348 16187 5200
8712 8710 1954 817 8982 10372 12576 16187 16187 16187 16187 16187 16187 16187 16187 16187
4776 14596 8710 5329 1229 4776 10399 4189 8710 4537 13436 8268 4537 6093 16187 16187
4776 14596 8712 5867 5329 15389 8081 12835 9498 6535 7742 12008 9332 16187 926 16187
12008 14325 926 1957 4776 13501 14237 8368 15269 703 16187 16187 16187 16187 16187 16187
4776 4464 8719 15649 4776 14596 8710 4776 926 3177 4776 926 926 16187 926 16187
4776 14596 4931 6070 10401 8268 3335 14237 4531 16187 5948 1955 7742 16187 2296 16187
926 10036 10967 4776 6115 16187 16187 16187 16187 16187 16187 16187 16187 16187 16187 16187
4776 926 4931 1229 6685 8712 4931 9754 2689 16187 926 5463 8712 12260 2823 16187
4776 745 4931 6259 926 10967 4776 14596 4493 926 16187 2422 16187 6550 3177 10298
3171 1138 2563 5711 4931 16105 8719 11991 8268 5329 8069 14571 1243 2968 13348 16187
4776 4152 4931 6259 926 16187 13094 16187 9884 7742 16187 8466 16187 14237 8270 16187
4776 4152 4931 16139 10418 8268 14596 8268 7661 4156 14237 9084 9754 7448 12233 1436
1019 8811 926 14192 16187 16187 16187 16187 16187 16187 16187 16187 16187 16187 16187 16187
6259 1592 3177 6259 2400 8710 926 8268 2684 16187 926 8268 926 16187 926 16187
6259 1592 3177 6259 2400 8710 926 14237 8710 1344 3010 16187 14596 16187 14029 4776
3171 2563 3364 11553 12766 1229 630 2148 16187 16187 16187 16187 16187 16187 16187 16187
3171 2563 12232 6297 2823 9332 16187 2326 6011 2326 9429 11953 4312 16187 11789 5568
3171 2563 4931 6535 10355 2122 2563 8268 8710 9754 6070 12606 8268 10434 8268 12008
3171 13977 1954 9404 8719 15649 926 4931 6357 2837 6259 10045 3177 926 16187 16187
4776 14596 8710 6070 10355 14237 1348 8268 8712 5867 1229 10355 16187 10770 16187 16187
4776 14596 8710 2466 10399 12233 14192 8268 12008 8712 8710 4537 1955 1597 12291 1955
8719 11277 8268 12276 2199 4791 12233 9519 12749 16187 16187 16187 16187 16187 16187 16187
3171 4931 6070 3932 8719 2053 1403 3994 16187 4931 9449 16187 9591 16187 14581 10355
3171 4931 1954 926 14237 10283 5329 4776 7724 31 4931 15 830 6259 15096 1450
10030 1138 14272 2598 13348 5711 16187 16187 16187 16187 16187 16187 16187 16187 16187 16187
10501 3177 3171 10033 8710 9754 5463 10355 8268 15978 8712 3609 7742 4032 15715 16187
6259 9349 8710 838 13089 7926 3847 9754 11553 6259 926 8268 816 2598 16187 926
12008 7740 4552 9754 9429 8712 5867 4103 1955 7742 1955 8712 3364 11553 12766 16187
12008 8268 10030 8268 6683 1957 15658 5867 12467 16187 926 8268 926 5867 5329 4776
12008 8268 7740 11530 3171 2563 16187 1229 4142 8154 926 12233 8974 16187 9332 10686
14734 16146 5830 6499 8719 926 8268 11864 8268 3634 16187 16187 16187 16187 16187 16187
1885 926 926 13060 2837 6259 2353 8268 1750 926 2837 926 16187 5200 16187 10054
1885 926 926 13060 2837 6259 2353 8268 1750 926 8268 8710 6259 5820 926 16187
14237 2904 8146 7812 9491 2148 582 8719 3171 8229 16187 16187 16187 16187 16187 16187
5804 16187 2018 3177 2176 10638 16187 13216 830 4776 9786 830 6259 5286 3177 926
5804 16187 5442 14745 14237 4776 132 16187 6535 2997 16187 6390 9577 16187 926 16187
4776 10418 4931 11643 830 1213 6259 13663 12536 16187 16187 16187 16187 16187 16187 16187
4776 2285 13839 8710 6259 2563 12495 3192 12362 16187 16187 7661 4776 13811 16187 7708
4776 2563 8710 6535 10355 14237 12606 2689 1957 6259 10399 926 16187 5200 1515 14029
7740 11553 1959 3171 10033 12825 12291 16187 16187 16187 16187 16187 16187 16187 16187 16187
7740 12495 11553 5463 7791 817 10036 14237 1229 6070 9780 16187 10033 16187 4832 16187
7740 12495 6152 14237 1229 5463 5867 14272 6259 471 3543 4552 1919 1954 6260 8268
6011 5208 2326 2552 8712 13089 6359 14313 926 12233 6381 14734 7289 8913 16187 16187
8712 5867 5329 5967 12233 12170 4776 3511 5463 8712 5867 6259 9450 10894 9449 16187
8712 5867 6259 1435 1378 12495 9605 6705 12233 2526 14046 16187 8360 1919 4776 14634
12894 2840 926 1955 1954 926 926 10496 2598 16187 16187 16187 16187 16187 16187 16187
926 926 8710 10211 7810 16187 2002 16187 11953 8712 16187 2446 16187 926 16187 16187
926 926 8710 6259 10894 12495 14221 12495 6267 4776 7151 830 9070 16187 926 8712
13464 8268 6689 8712 8368 15525 10355 8268 8712 3609 2903 11889 6259 15264 870 16187
4776 13607 8719 6826 11658 16187 1486 14237 8712 2326 8710 1138 9780 5711 16187 4832
4776 13607 8710 6297 15174 16187 16187 2373 3177 8712 16187 8585 16187 926 10781 16187
4552 9754 2599 5463 6303 6011 16187 16187 16187 16187 16187 16187 16187 16187 16187 16187
15747 8268 9296 14180 11553 10770 2148 13436 512 6011 16187 7807 8719 4776 308 16187
15747 8268 9296 14180 11553 10770 2148 13436 512 6011 16187 6680 16187 3609 16187 926
8712 13942 14069 14776 12825 9780 7626 3177 926 2122 10552 16187 16187 16187 16187 16187
8712 2446 9113 12233 4776 15416 13089 4325 14776 5329 14069 8798 16187 9431 8258 16187
8712 2446 11118 5463 4776 10418 8710 1955 7732 1955 8712 8710 16187 5217 16187 2097
13907 5463 14069 12232 11553 12766 14691 12233 12650 1957 14180 16187 16187 16187 16187 16187
6070 10355 13839 8268 12495 8569 8712 5867 5580 3398 16187 10315 4776 926 16187 16187
6070 9355 1919 6259 15433 10335 2255 14237 630 12233 2823 15762 16187 8719 1885 16187
7740 4628 9754 12650 4776 2563 16187 16187 16187 16187 16187 16187 16187 16187 16187 16187
7740 9431 1442 3171 2563 4931 1229 1957 4776 1754 3177 4776 7310 284 9498 8569
12008 7740 12232 13615 12374 10967 14180 4777 12233 2552 3171 10033 16187 926 16187 12349
9431 7740 11553 8093 2696 13592 926 14237 15956 13807 1157 11953 14734 3314 16187 16187
531 7740 9429 5463 3171 10033 4931 2326 10355 16187 2148 16187 1243 16187 16187 926
1229 8268 7740 9884 5568 6259 15335 8719 1597 926 8268 7740 12020 7740 8584 12233
3171 8710 6259 3257 926 3177 13852 8719 12349 15597 13034 16187 16187 16187 16187 16187
3171 8157 3177 4856 8710 4032 6259 2327 16187 8719 4776 10217 703 684 4776 308
3171 8157 3177 4856 8710 4032 6259 12099 1614 7345 16187 7970 16187 16187 6918 16187
8712 8710 6259 10214 10314 12233 8268 14237 3322 4776 2563 4152 4634 16187 16187 16187
4776 6729 4931 2326 8710 6259 926 12233 4776 2563 16187 1378 926 16187 8069 4776
3171 8710 1954 1846 10033 5463 8710 6259 15273 3177 1694 16187 926 16187 8069 12233
1378 3177 4776 15845 4931 1138 3889 12233 9654 5711 13348 16187 16187 16187 16187 16187
3963 8268 3171 10033 4931 9575 3177 926 8268 7740 684 8712 6259 6363 16187 14180
4776 16146 9424 7740 4931 926 12233 4931 8268 12008 5329 2326 4624 15956 16187 4776
3137 8268 117 4776 926 926 14180 1545 1919 8871 8256 153 16187 16187 16187 16187
926 926 8268 926 926 12892 8712 4776 5095 13474 3847 9754 926 8719 4776 926
926 926 8268 926 926 12892 6259 1948 703 15217 16187 8719 3171 10033 16187 926
7740 973 1378 3177 4776 15335 15658 6297 4531 3171 12007 16187 16187 16187 16187 16187
1449 10967 5463 8268 7740 15438 3644 9754 2326 8154 3171 13089 6259 2563 16187 14180
14919 15525 3177 9484 16187 6070 15438 8268 4776 63 9296 926 16187 8656 10214 16146
10967 4311 14029 8268 8712 5867 926 3163 13348 16187 16187 16187 16187 16187 16187 16187
4776 2563 4931 6259 10894 817 8268 1229 4776 6683 9800 16187 14237 926 16187 926
12008 3171 2563 4931 2945 14635 3177 10770 16187 926 8268 12008 5329 2326 10355 16187
14691 8710 4687 830 12351 8268 14043 830 9455 6672 16187 16187 16187 16187 16187 16187
3171 4302 8710 1229 10355 14237 8712 2326 7164 12233 8554 4312 16187 10399 12233 9925
3171 4302 8710 1229 12606 16187 1383 14237 6070 7742 11022 2837 926 16187 926 16187
2143 15525 3177 9484 16187 16187 16187 16187 16187 16187 16187 16187 16187 16187 16187 16187
6363 9484 6363 9484 12459 2148 8268 3171 8710 6070 4687 14029 4776 9465 16187 830
6363 9484 6363 9484 5365 8268 7740 12232 1436 5463 3171 2563 8710 2326 630 2148
926 926 779 13084 11198 1955 1954 13926 16187 16187 16187 16187 16187 16187 16187 16187
926 926 926 926 926 926 926 16187 926 16187 926 16187 11382 8710 6259 5095
926 926 926 926 926 926 926 926 926 926 926 926 16187 926 16187 926
16146 512 5463 8268 8712 5867 5329 4032 4776 983 830 6259 15043 10033 16187 16187
4776 8808 8710 5329 5463 926 8268 5335 16172 8268 5335 13566 6692 16187 7288 3177
4776 8808 10801 8710 13134 830 6259 10094 5867 926 2563 11889 926 16187 11889 5568
4776 13811 4931 6259 14125 14237 6407 16187 16187 16187 16187 16187 16187 16187 16187 16187
4776 5463 5867 4776 2563 4931 2326 10355 8268 12008 5329 1229 10355 16187 1383 14237
4776 63 8710 5463 6445 4776 3078 16187 12766 10324 4776 5568 1955 926 1955 6259
13807 13592 3177 4776 4152 8506 14776 926 16187 16187 16187 16187 16187 16187 16187 16187
12127 9840 8710 5329 7100 14029 630 830 4776 2563 16187 830 5430 16187 5777 16187
4776 11998 3942 1919 3171 10033 8710 4776 12364 14237 12536 16187 16187 16139 16187 854
855 3543 11553 11022 2148 1133 14307 12233 6931 16187 16187 16187 16187 16187 16187 16187
9476 5711 13084 1378 2148 854 6499 14237 854 16187 13607 16187 926 926 16187 4687
13141 12233 15624 8268 15624 8268 10399 2340 5944 16187 9442 5804 16187 926 16187 926
10978 13348 16187 16187 16187 16187 16187 16187 16187 16187 16187 16187 16187 16187 16187 16187
6259 6152 7668 6259 12328 10033 16187 6259 9442 4152 16187 14221 14255 12291 16187 929
1597 4686 14776 2148 2309 8268 13084 4624 7448 12233 12650 4776 10033 8710 1954 9937
12149 8712 16187 16187 16187 16187 16187 16187 16187 16187 16187 16187 16187 16187 16187 16187
926 926 8710 12495 9780 16187 15884 12233 10751 14043 9702 16187 2974 16187 14043 9138
8712 8710 10770 14237 5329 5463 8712 5867 14272 8712 4931 9754 2326 1229 2997 2598
8712 5867 6259 661 10033 9575 11889 14029 6259 926 13868 16187 16187 16187 16187 16187
4776 2612 8710 8719 3511 6259 6388 10033 8719 6259 9780 14237 5328 1954 16139 926
4776 14596 8710 12127 8389 8719 3171 10033 16187 3192 14237 926 16187 926 16187 926
6826 12835 1213 1955 8225 926 14776 8268 13570 8268 8480 16187 16187 16187 16187 16187
8712 2446 11118 5463 4776 10418 4931 4776 926 3177 4776 10033 1955 4776 12364 8710
8712 2446 11118 5463 4776 10418 8710 1955 7732 1955 8712 8710 16187 12495 16187 12233
8712 9447 6070 3559 8268 3847 9754 8712 2598 16187 16187 16187 16187 16187 16187 16187
4776 14596 8712 2847 8719 8712 16187 8569 16187 12008 1138 926 12168 14588 15846 12596
4776 3511 5463 8712 8710 7518 14029 4949 13876 5568 9113 12233 4776 15997 16187 3059
6550 14734 9746 7926 15213 2903 9222 7981 8268 6259 1110 8661 14237 6259 8571 16187
4776 9834 1957 4776 7278 3177 11364 926 16187 8081 5388 16187 5332 1941 6606 8268
4776 9834 1957 4776 6006 14237 4776 132 8710 9612 926 16187 7076 4776 3078 16187
4776 9745 4931 5922 13038 8268 6543 5329 11445 144 16187 16187 16187 16187 16187 16187
4776 13607 8268 1955 8710 12773 8268 5820 820 8268 11162 5568 4927 16187 926 16187
4776 6664 8710 2751 14237 6246 14237 3335 14237 8268 564 3177 14180 8268 926 16187
7740 9884 8466 4776 10033 6363 12291 5332 14237 8712 4537 15881 8270 12401 983 16187
2984 14180 7740 4531 3171 10033 16187 9316 8712 16187 13250 16187 3384 16187 9442 8712
12008 5713 4156 4859 2746 9070 6259 5948 16187 14230 16187 16187 13216 16187 830 4776
12008 1133 11889 5713 14776 9754 926 2837 15597 8162 11947 6499 16187 16187 16187 16187
12008 8268 3299 14043 1790 13549 6011 6259 4870 1957 694 4776 443 16187 10272 16187
12008 8268 14069 14776 1229 1597 16146 703 5463 11318 9070 16187 12459 16187 223 16187
10967 4776 5946 8268 8712 15452 11889 6011 16138 2823 10315 6259 5286 5212 11514 16187
4776 6729 4931 4776 3511 5463 4776 14596 8710 4776 14596 4931 2148 15048 14237 8712
4776 15064 3177 3171 10033 4931 9754 8106 14237 13811 4931 13999 16187 3335 13348 16187
6286 8268 7740 973 9528 5713 820 9498 7456 12233 5174 13740 4776 926 16187 16187
2446 8268 11637 5867 12474 2761 9498 5463 3177 14745 1919 6259 9773 14029 4776 5031
2446 8268 14272 9084 4325 4552 5463 4325 11553 12766 8719 3171 2563 4931 6070 786
12338 12835 11889 10684 12569 14237 3367 926 16187 16187 16187 16187 16187 16187 16187 16187
8099 8268 926 8268 10978 1919 926 9239 7310 6683 11889 926 16187 6683 11889 5463
8099 8268 926 8268 14237 926 13316 13348 16187 5095 16187 926 16187 2903 11889 3171
12008 7740 9605 14272 7926 5867 487 16187 16187 16187 16187 16187 16187 16187 16187 16187
1229 8268 5463 5867 15662 7740 973 11169 3171 6259 1390 15408 3177 14272 2689 14465
1229 8268 6407 8712 4931 477 14029 6439 3366 8268 7740 4931 2326 6259 3098 2563
8719 3511 8268 14180 4776 6434 14776 12489 14708 16187 16187 16187 16187 16187 16187 16187
8712 5867 1344 4776 795 14237 7428 5202 14237 4776 13926 1819 3177 1885 926 15057
8712 5867 1344 4776 795 14237 14596 926 4776 16146 926 16187 3400 3880 16187 926
1378 15649 779 12766 4979 12233 4312 2837 15597 2312 1955 926 16187 16187 16187 16187
15389 5463 5463 9450 1019 4776 12364 16187 2296 6259 4473 2122 2563 5463 8084 2326
15389 8719 8712 5867 1378 3177 12276 11070 1138 5711 16187 2563 16187 100 16187 16187
3171 8710 6259 1117 10033 16187 16187 16187 16187 16187 16187 16187 16187 16187 16187 16187
3171 8157 3177 4856 8710 6388 16187 16187 16187 4404 9404 1243 16187 14426 1941 16187
3171 8710 9264 7314 8268 14237 6826 10355 10418 16187 12835 16187 926 16187 7742 16187
4776 6226 9978 12233 8456 16187 16187 16187 16187 16187 16187 16187 16187 16187 16187 16187
4776 15064 3177 3171 10033 4931 9754 8106 14237 13811 4931 13999 16187 8719 4776 2563
4776 15064 8710 9754 8569 8268 8712 5867 10355 16187 5329 926 16187 9442 14237 8093
7740 4431 1390 2103 3177 12276 643 14029 3171 7145 16187 16187 16187 16187 16187 16187
7740 12892 3171 2563 9484 3418 15978 7740 973 9106 12127 983 7740 12650 8712 12233
7740 8154 15715 3171 1957 14589 15202 8726 6011 11553 4776 3984 16187 926 4776 2563
11499 8268 10094 5208 5329 15466 15597 2752 16187 16187 16187 16187 16187 16187 16187 16187
8063 6620 645 14029 1885 8268 5867 5804 16187 926 1885 16187 926 4776 5453 14237
8063 6620 645 14029 1885 8268 8152 1885 1932 14237 8993 7652 1885 6070 12105 761
5332 6259 3011 5838 8710 926 8719 1885 14198 8719 926 5867 6028 16187 16187 16187
3171 8710 6259 6070 10355 10033 16187 8710 15525 3177 4776 7612 16187 12349 6259 157
3171 8710 6259 6070 10355 14237 10336 10033 16187 6259 6070 9355 4152 16187 8710 9754
15167 926 926 12008 15881 2832 16187 16187 16187 16187 16187 16187 16187 16187 16187 16187
926 926 8710 8124 8268 12008 8712 5867 5329 16187 5030 16187 7393 12345 16187 10033
7926 926 926 16187 2598 16187 5332 16187 9360 8719 14734 10497 12233 9577 1885 13429
4776 4152 8710 2326 2905 7708 16187 16187 16187 16187 16187 16187 16187 16187 16187 16187
4776 4152 8710 6070 3175 14237 4776 10418 4931 8213 16187 4776 10033 16187 4832 16187
4776 4152 8710 6070 6140 14237 6070 12606 16187 7740 12773 15389 6070 10355 16187 16187
14919 15525 3177 9484 16187 16187 16187 16187 16187 16187 16187 16187 16187 16187 16187 16187
14919 15525 3177 9484 7542 8268 7740 4931 6535 2296 6259 10355 2563 16187 6259 7742
14919 15525 3177 9484 8710 2148 10355 8268 12495 16187 6201 16187 2588 12349 4776 12489
7740 10603 3171 1919 1597 1133 4409 4098 2143 3418 16187 16187 16187 16187 16187 16187
3171 2563 8710 2945 8270 512 10566 926 15846 11553 6011 10503 4776 7310 284 14237
1483 14237 7740 4552 9754 2326 11553 6259 3984 16187 8185 16187 14219 16187 2097 8811
6011 8270 5329 2823 11510 2903 5937 8181 13348 5711 16187 16187 16187 16187 16187 16187
12495 630 8268 14221 1543 3847 16187 926 926 4776 5777 16187 14237 4311 14029 4776
12495 8569 14069 12232 9754 11553 12766 8270 16187 6797 3171 1378 4776 715 2563 16187
10566 3177 12276 7981 9004 4776 9790 4927 16187 16187 16187 16187 16187 16187 16187 16187
4776 559 8710 6152 14237 1957 3171 926 8268 8712 8710 6259 9744 16187 14237 6259
4776 559 8710 6152 8268 11773 8268 9264 12466 16187 926 16187 6259 8664 13896 8268
14069 779 12233 2823 1365 926 14237 10812 16187 16187 16187 16187 16187 16187 16187 16187
8712 779 6826 3098 6499 16187 14237 10217 2614 12008 9332 16187 16187 10762 16187 2373
8712 779 8808 10801 5463 926 14237 7310 284 14776 3098 16187 3543 4624 8719 3171
7740 973 5329 13616 8726 13474 15846 7127 8268 12008 7740 12232 926 1885 16187 16187
15438 7740 9429 7740 9277 11553 926 1919 3171 2563 16187 1229 16187 4776 9290 15658
1957 8268 7740 2383 14069 14776 12825 12835 9288 14029 8712 16187 2296 16187 6535 2997
14069 14776 6259 5948 3177 16146 926 16187 16187 16187 16187 16187 16187 16187 16187 16187
3171 8710 4776 14635 3177 10033 5463 4931 16105 8258 6011 16187 926 16187 643 16187
3171 10033 8710 6070 2309 3826 8268 14043 8268 8712 5867 5329 2296 926 16187 16187
4776 926 2612 8710 6070 11919 3177 12401 16146 16187 16187 16187 16187 16187 16187 16187
4776 3511 8710 5463 4776 14186 3177 2122 4440 8268 8712 5867 6259 2689 8268 14237
4776 14596 8710 1878 14237 926 14237 3847 9754 11553 4776 12337 13429 16187 13429 16187
8712 8710 8394 437 14237 10974 14237 6179 6011 816 15525 3177 4776 14596 16187 16187
4776 14596 8710 13622 14237 14069 8710 2148 4152 10801 16187 9780 16187 16187 13081 2148
4776 14596 8710 15609 8268 14237 630 3177 4776 6664 9447 1755 16187 16187 9736 16187
14031 7742 8268 15658 5682 16187 16187 16187 16187 16187 16187 16187 16187 16187 16187 16187
5297 8268 4772 8268 1019 14069 4931 9754 2326 6259 9450 8974 16187 14596 16187 1919
5297 8268 4772 8268 6011 9498 6826 5329 2552 16187 8719 4776 1419 16187 14237 1954
7740 9429 5463 8710 4776 11998 2573 6011 5208 8197 3171 2563 16187 16187 16187 16187
3171 2563 8710 14180 11953 132 14237 1229 5695 10836 14029 1583 16187 2097 3177 5445
3171 4931 6259 2563 5463 7740 1959 2053 5678 1853 3994 16187 8270 16187 8656 1243
4931 14069 9591 9831 12233 8733 3171 8270 14043 8710 8712 6348 6276 2598 16187 16187
8712 4931 2326 10399 12233 15956 203 12233 14263 3171 2563 8710 6535 10355 16187 16187
8712 4931 1435 12495 630 5463 8268 14237 8712 8710 2945 6535 630 11842 4776 11859
3171 8710 643 830 13529 16187 16187 16187 16187 16187 16187 16187 16187 16187 16187 16187
3171 6801 8712 5867 3192 16187 2664 14237 3422 10033 8268 14237 5329 8569 16187 13348
3171 8157 3177 4856 8268 12576 8423 450 8268 8710 10710 14237 4776 5200 2687 4776
15848 5011 3177 926 6259 8531 5867 1022 14237 6998 12099 1614 8974 16187 16187 16187
3171 8710 6259 6070 10355 2563 16187 13411 1919 1954 14411 471 16187 926 16187 2689
3171 8710 6259 6070 10355 2563 16187 10518 12233 9605 9450 6259 10894 16187 15525 16187
8796 16187 16187 16187 16187 16187 16187 16187 16187 16187 16187 16187 16187 16187 16187 16187
12495 7758 8268 12495 8569 8268 5329 5568 5967 12233 8554 16187 9043 16187 14808 8719
12495 8569 5463 7345 10669 6303 6011 16187 16187 8882 11889 11889 1110 16187 16187 9290
8712 3364 5367 16187 16187 16187 16187 16187 16187 16187 16187 16187 16187 16187 16187 16187
8712 4931 10355 5889 16187 8268 12576 8268 5329 12495 16187 16187 9506 16187 6070 9450
8712 4931 5329 2689 14237 8712 5867 5329 12606 16187 16187 3112 8712 16187 6500 16187
926 12208 14734 926 11889 926 12233 926 14734 5537 14237 4628 9754 2823 926 16187
4776 5568 10033 2326 9084 9754 11553 16105 8712 926 16187 10770 1019 1955 926 16187
4776 926 8268 926 926 8268 926 8268 1138 8796 6905 13348 16187 13348 16187 8084
926 8268 14237 3699 12233 9070 8268 3171 8710 5329 6259 2563 830 10094 16187 16187
4776 7151 14827 8726 7926 13216 10918 2858 4776 926 16187 10887 16153 12233 4776 926
4776 926 8268 926 926 8268 8146 926 16187 2296 16187 6133 14734 8835 16187 643
11889 8268 13474 12232 11553 12766 9813 926 3994 16187 16187 16187 16187 16187 16187 16187
12008 8268 8726 6011 3553 4628 9754 8733 8712 16187 8440 14411 12008 13411 12233 1750
12008 8268 6011 3818 6259 9405 2563 830 8712 14180 5463 4325 15846 16187 15593 16187
5568 8719 994 830 11953 10217 8274 8268 4776 6606 8710 1954 6987 12518 16187 16187
4776 12711 3177 12189 3177 786 926 7124 8710 5288 16187 6070 2997 16187 8712 5867
4776 6161 3177 926 8710 7336 926 8268 14237 14069 5867 13084 6500 16187 4949 16187
4776 5568 3942 2598 16187 16187 16187 16187 16187 16187 16187 16187 16187 16187 16187 16187
4776 63 5328 779 7458 8268 12008 13084 20 16187 14237 6006 4931 5329 6259 5948
4776 10840 16108 8712 2598 16187 926 4931 13280 16187 2598 16187 12233 3643 8719 1243
14237 4552 9754 9017 3171 8710 6259 1138 5095 14251 5711 9890 16187 16187 16187 16187
3171 2563 8710 2945 14635 3177 3511 5463 7740 11553 2326 630 2148 14237 4776 12835
3171 2563 8710 4772 8268 1405 8268 13170 8268 5329 3653 3177 14734 926 8808 16187
6259 10025 15658 14823 1954 926 16187 16187 16187 16187 16187 16187 16187 16187 16187 16187
6259 1592 3177 6259 2400 8710 8466 5629 926 14237 13940 926 16187 8811 16187 926
6259 2601 5948 3177 3559 8808 2946 9605 3102 16187 929 16187 4277 16187 14255 16187
5329 13348 16187 16187 16187 16187 16187 16187 16187 16187 16187 16187 16187 16187 16187 16187
3171 5329 4537 1229 630 1955 4776 2002 926 16187 643 830 6259 15096 983 16187
3171 5329 4537 1229 10355 5463 7740 11553 6011 8466 3171 2563 16187 14237 4311 8712
7740 9640 8726 5116 12431 12233 3171 10709 8258 8712 9009 2598 16187 16187 16187 16187
5059 14237 14272 8712 5208 4552 6011 9429 8712 14180 8592 2598 16187 926 16187 13839
5812 15202 7001 12790 12650 8712 7740 8197 10619 9484 13348 16187 13348 16187 13348 16187
6173 10288 926 10033 9277 2823 8268 8719 3511 8268 4776 564 16187 16187 16187 16187
4776 2285 13839 8710 6259 2563 15480 8268 14237 8712 8710 6259 15819 4032 15715 26
4776 2285 10033 8710 6259 1138 926 5711 16187 6683 11889 10394 13348 16187 3409 8710
15843 4776 284 5923 14207 14069 8710 5329 6259 11046 4286 10400 12233 2823 4531 16187
4776 6006 8710 6535 8268 4776 10418 8710 10399 12233 11870 16187 16187 2563 16187 1919
4776 6006 8710 6535 630 14691 5463 7740 2326 6635 12958 13348 16187 926 16187 14029
4776 1435 3299 8710 5463 4776 547 3177 1213 1842 8710 7484 11622 14237 3398 16187
4776 14596 4931 1344 10355 14237 1229 8710 4776 12337 830 14596 16187 12805 16187 385
4776 15064 3177 8712 5867 9450 6527 16187 14745 12233 11789 16187 4687 12233 8815 4776
11457 926 8710 8719 1378 3177 14734 11484 1246 91 16187 16187 16187 16187 16187 16187
4776 6664 8710 6259 15174 8170 423 8719 4776 11401 16187 926 14241 3177 14180 4776
4776 10710 14237 4776 132 4931 6403 16187 16187 7740 12773 16187 10967 4994 16187 926
11039 3177 11889 4776 926 14029 6259 13342 7956 7615 16187 16187 16187 16187 16187 16187
4776 559 8710 6259 5695 10033 8268 7740 4931 9754 6259 11046 12732 3177 8712 16187
4776 11998 3942 1919 3171 10033 8710 1750 2543 2588 4832 16187 5332 8268 14237 2552
3171 779 10242 3177 5463 16187 16187 16187 16187 16187 16187 16187 16187 16187 16187 16187
3171 14596 8710 1507 8268 14237 2326 4393 6259 6070 10355 5121 13839 16187 4832 8268
3171 14596 8710 4142 10355 14237 203 11953 3171 10033 8710 2326 3112 232 2191 16187
7740 15407 12233 6011 4325 8592 5463 16187 16187 16187 16187 16187 16187 16187 16187 16187
15438 7740 3644 9754 6276 12008 9640 11017 2837 16187 2689 16187 13076 16187 7742 10471
15438 7740 3644 9754 6276 12008 2526 1957 4776 12298 4776 9431 2563 4931 817 16187
3171 11921 12825 12291 8719 4776 2563 16187 16187 16187 16187 16187 16187 16187 16187 16187
3171 4931 6259 6070 15624 2563 830 9070 8268 7740 11553 12233 1436 16187 8712 16187
3171 4931 6259 5948 8270 512 7740 4537 12650 12958 5463 8719 6259 9780 14237 8798
7740 4531 3171 10033 6259 3098 8855 16187 16187 16187 16187 16187 16187 16187 16187 16187
3171 7542 6259 2563 8710 6259 13341 8710 13341 12291 6011 16138 10751 5463 14237 926
3171 2563 8710 6259 593 6521 7178 3177 6120 8268 2204 13587 16187 2097 3177 13250
4776 2285 13839 2842 1588 16187 16187 16187 16187 16187 16187 16187 16187 16187 16187 16187
4776 10298 5955 15525 8719 3175 9594 926 16187 2326 926 16187 926 16187 5562 16187
4776 6664 8710 4537 6259 10894 1507 12008 8719 4776 12298 16187 1229 8569 16187 4776
6862 4609 10967 4776 3366 8726 6011 10603 8712 14029 4776 15607 16187 16187 16187 16187
12127 983 4776 7098 2563 8084 6724 2837 4776 5920 16187 13811 16187 8710 2176 16187
12127 983 4776 7098 2563 8084 6724 2837 4776 5920 16187 14043 5329 16187 4776 5095
3171 3364 2823 4776 564 3108 10033 15525 5498 4624 12757 13348 13348 13348 16187 16187
3171 8157 3177 4856 8268 1919 4856 1957 3098 8726 8712 8710 9754 4552 4776 5801
3171 8157 3177 4856 8268 12576 8423 450 16187 8712 16187 10501 4931 16187 820 16187
8726 6011 1132 15662 7740 11553 1138 322 5711 16187 16187 16187 16187 16187 16187 16187
13474 5867 4537 5329 9534 5463 5329 6259 405 14237 11936 14958 16187 8569 16187 8569
13474 5867 15 830 1885 5602 8268 5329 13616 8726 7926 5867 8858 14043 11912 16187
15978 3171 2563 8268 15843 1597 16146 1133 8268 8710 6259 5820 13348 16187 16187 16187
3171 2563 8710 1229 8569 8712 3112 5356 13667 1133 6683 11889 12561 471 16187 926
3171 2563 8710 4772 8268 1405 8268 3335 8268 3335 14237 2002 16187 1344 2002 16187
14112 4537 771 5463 13904 423 12233 820 16187 16187 16187 16187 16187 16187 16187 16187
2263 5329 1378 3177 9743 8185 5463 7740 11553 1959 6259 15335 10036 16187 983 16187
14112 4537 771 5463 14180 4776 2563 771 9070 12766 16187 13341 16187 1442 4776 13114
926 926 926 4776 9290 3847 9754 5138 14691 8268 3847 7926 2598 16187 16187 16187
4776 4557 926 4751 10324 4776 9594 14237 13546 820 6683 12233 9311 3177 6259 7937
4776 926 926 8268 5463 16003 5431 8268 10762 14237 12256 16187 15655 3177 2432 8268
7740 973 1378 3177 9743 15695 16187 16187 16187 16187 16187 16187 16187 16187 16187 16187
13896 4363 4931 12276 9537 3177 1023 830 3171 9577 16187 9577 16187 9577 16187 2097
10571 232 1023 3177 2753 14237 14766 13811 16187 6987 12536 16187 14237 10567 8268 14237
13474 889 6738 4 9422 16187 16187 16187 16187 16187 16187 16187 16187 16187 16187 16187
1885 8808 926 14776 6580 14029 2256 1093 4325 3364 8093 940 8719 4994 16187 926
1885 9465 7698 1885 14443 8270 512 13592 16146 3384 16187 9316 8712 5332 16187 2974
4776 10566 1711 15848 14237 14610 14596 8084 16105 4689 4776 11008 4764 9885 12891 16187
4776 4152 8710 6070 2805 16187 6071 8268 14237 14069 14776 13084 9780 16187 11331 16187
4776 4152 6070 2176 2563 16187 4189 16187 16187 5329 12606 16187 8157 3177 4856 16187
15870 5463 5867 15662 14069 9498 9754 13592 926 926 477 91 16187 16187 16187 16187
3511 8710 5463 4776 3942 4931 5463 7926 4931 1229 8569 8712 4931 2446 3335 13348
8712 8710 12606 12008 8712 5867 7140 8268 13607 1957 14180 4776 6499 14776 926 12233
8197 2904 5937 8078 13348 16187 16187 16187 16187 16187 16187 16187 16187 16187 16187 16187
2945 6259 10887 2664 6689 2842 820 8268 3171 8710 6259 8313 6259 14596 16187 3192
2945 6259 10887 2664 14237 5937 1482 14635 3177 100 3177 926 5711 16187 6259 926
5463 5867 2429 203 4776 10033 7076 16187 16187 16187 16187 16187 16187 16187 16187 16187
3171 2563 4931 4776 11998 2573 6011 5208 1436 5463 1138 13084 8268 7970 412 10033
4776 2563 4931 5568 1229 7740 1959 8712 4931 1954 926 1919 6259 8081 5947 2664
7740 4552 9754 2326 11889 3171 14635 3177 471 16187 16187 16187 16187 16187 16187 16187
12495 10355 8268 5463 5867 15978 2263 16058 5463 983 1778 4312 14029 6259 308 16187
2143 9484 7740 11530 4776 4302 1229 8569 5463 8712 8710 9754 5463 816 16187 10770
8712 5867 10285 8268 11789 14380 16187 16187 16187 16187 16187 16187 16187 16187 16187 16187
8712 5867 6535 2309 3826 8268 14237 12149 13348 16187 13348 16187 4832 16187 13348 16187
8712 5867 6535 2309 3826 8268 14237 6011 4628 9754 10080 8712 16187 1019 7740 1951
14411 13348 16187 16187 16187 16187 16187 16187 16187 16187 16187 16187 16187 16187 16187 16187
7740 4931 1229 2758 5463 7740 12232 9754 14518 630 10967 476 8715 16187 4537 5463
7740 4931 1229 2758 2837 8712 5463 7740 9084 9754 15956 14272 8710 9015 14043 6011
10337 6173 926 8710 9754 1433 2858 6259 926 16187 16187 16187 16187 16187 16187 16187
6259 2601 14514 3177 9131 1019 14237 5329 5568 9131 13348 13348 16187 830 5820 16187
4776 13208 14237 2263 926 926 8710 4776 14596 1175 16187 14237 4776 4152 11331 14776
3171 8710 6259 12092 8798 6070 8866 6801 830 4776 7898 16187 16187 16187 16187 16187
4776 2601 9424 12576 6259 14596 5463 7164 15335 8719 5463 4776 5820 1146 8157 3177
4776 2601 4152 12008 6070 10355 12495 16187 8712 5867 6070 2689 2588 405 16187 10033
8719 3511 8268 7740 4931 8719 9540 10967 10953 6259 15335 12291 13348 16187 16187 16187
3171 12654 2263 10033 1229 1919 4776 10418 6021 16187 8569 14237 4776 7310 284 9498
3171 4931 6259 10810 14237 6259 471 12233 16187 8569 14113 14237 13084 14180 4776 4440
7740 4552 3017 12576 5463 4325 6381 1229 630 13606 14029 15597 8248 11034 11315 16187
14139 9484 16187 12495 8569 16187 3112 1954 191 5075 16187 926 14237 5568 1378 926
14139 9484 16187 14350 16187 5086 15525 8069 15071 16187 12990 16187 643 16187 9442 14237
7926 4931 12669 1955 8569 1955 4172 8268 14237 9139 8710 7926 2115 13348 16187 16187
4776 13607 8268 7594 8268 926 14237 4776 14596 8710 5329 12495 8440 8268 12008 14272
4776 13607 4927 8268 12233 7001 8268 8712 5867 5329 4776 926 16187 14596 16187 8069
8712 779 6826 10967 4776 926 5867 8974 2221 15649 12233 9070 4931 10440 16187 16187
4776 14596 10781 8710 6259 2689 2563 12495 2519 14237 6259 926 16187 2563 16187 100
4776 6664 8710 2751 14237 6246 14237 3335 14237 8268 564 3177 14180 8268 926 16187
12716 8268 4552 9754 2599 12276 4156 4850 6303 6011 16187 16187 16187 16187 16187 16187
5297 8268 7740 2308 5463 14069 4931 9754 6259 5442 2550 5629 4776 14596 16187 16187
5297 8268 7740 2308 10915 13084 5820 14237 4776 13839 16187 926 16187 8069 926 16187
10770 13348 16187 16187 16187 16187 16187 16187 16187 16187 16187 16187 16187 16187 16187 16187
594 8712 9666 12127 4927 16187 14237 5138 5463 7165 926 16187 8710 8719 4776 12298
831 2894 2326 8268 3171 2563 2689 8268 8710 4537 6259 6070 2689 10033 16187 14237
8794 4017 13084 13122 11009 8719 4776 13538 1378 2614 9051 10776 7345 8456 16187 16187
4776 15024 12958 8710 5329 3335 13348 16187 8081 2563 16187 15096 2563 830 9070 16187
4776 13811 8710 3326 15505 14237 4776 1736 3112 4776 10033 10150 3789 16187 6259 5820
6683 830 4776 926 15370 14237 7014 6011 3644 9754 6407 8712 16187 16187 16187 16187
12127 926 779 6259 926 14281 779 4776 9887 16187 8781 4330 2598 16187 926 16187
12127 3235 3177 3171 10033 8710 10569 12233 4776 6499 16187 926 16187 10217 4776 2563
6826 3177 4776 7310 284 14776 926 14237 4624 9605 12233 2552 4776 2176 1531 16187
4776 6729 4931 4776 3511 5463 4776 2563 8710 8093 2148 2519 16187 6259 9450 11953
4776 15064 3177 8710 10355 14237 12495 1597 10394 1453 8712 5867 7724 16187 9222 6259
7742 3171 15846 8215 5937 9438 3171 8710 14791 14237 926 926 14029 6259 4235 16187
3171 2563 4931 2945 6259 10770 476 16187 3278 16187 16187 9431 2563 16187 926 16187
3171 2563 4931 12495 4013 16187 11577 8712 14180 16187 2148 16187 512 6011 16187 1903
12716 8268 8719 3171 2037 4776 559 8710 157 12028 3177 817 8982 10372 10770 16187
4776 6006 4931 5695 6070 7742 16187 6695 14237 11530 4776 2689 8312 926 16187 11854
5463 4931 1344 6259 15667 12233 2552 6259 5138 16187 16187 9442 8268 4963 14237 926
7740 11553 8093 8466 14745 8270 512 7926 8710 91 16187 16187 16187 16187 16187 16187
5297 8268 7740 11553 5074 15715 3171 2563 16187 7740 11839 8268 771 5074 6075 10972
7740 12892 9070 6259 14618 16187 14029 12956 8719 926 16187 8831 14237 926 16187 926
13474 3638 14745 12233 6259 7712 1543 7926 8746 15555 8268 684 2837 10015 10041 16187
4776 7151 926 4776 9790 4927 13907 10448 12233 14192 12273 926 5022 16187 929 16187
8712 503 8268 14237 926 14237 14734 926 16187 1019 926 8710 6259 11537 3177 582
8726 6011 11889 2066 14237 188 14734 564 3366 5867 9605 4776 926 14237 2588 16187
12008 13084 8268 8712 4931 10355 8268 5329 12495 9442 5030 16187 830 6259 13839 16187
12008 13084 8268 8712 4931 14219 16187 6546 11889 16105 8808 11889 8712 3112 1954 926
926 1644 14691 12233 4552 1919 14734 2458 1229 926 13959 14745 1919 926 16187 16187
8712 779 15389 12233 1436 11953 5463 10250 7632 926 4750 12233 8554 4312 16187 10399
8712 779 14691 12233 4552 1919 15389 11889 5463 5629 4776 9431 926 16187 10217 16187
4776 745 4931 6259 926 10967 4776 14596 4493 926 6423 4776 14603 1787 16187 16187
4776 3511 5463 3171 8710 9009 8268 10967 4776 4927 4776 2563 16187 8710 9754 2326
4776 745 4931 6259 926 10967 4776 14596 4493 13084 4152 16187 13055 16187 926 16187
12233 15649 14734 9807 926 1138 13084 13348 16187 16187 16187 16187 16187 16187 16187 16187
8712 5867 9780 16187 14237 4624 5208 2823 14029 4776 926 5186 16187 4311 14180 3177
8712 5867 9780 8268 14237 4624 11031 5329 6724 12233 5463 820 1019 3278 16187 926
4776 6006 4931 11889 14691 6672 7740 9884 8084 8466 16187 16187 16187 16187 16187 16187
4776 4152 8710 8423 2002 8268 6140 14237 6070 12606 16187 7740 11553 2326 6259 14230
4776 4152 8710 8423 2002 8268 6140 14237 6070 12606 16187 7740 771 9450 16187 16187
4776 5041 4931 1229 11987 7740 3364 5407 3765 8726 926 926 12233 4776 1076 16187
4776 14596 4931 1344 10355 14237 1229 15142 8712 5867 14411 12008 8710 5463 15174 16187
4776 14596 8712 5867 5329 4776 6535 630 6259 7742 10471 2563 16187 6918 16187 6071
14237 8712 3847 1229 8719 1954 10401 14237 12606 4927 16187 16187 16187 16187 16187 16187
8712 2326 12431 2858 9070 16187 8440 14237 55 8268 12716 16187 926 926 2858 1885
8712 2326 12431 2858 9070 16187 8440 14237 4552 9754 8733 6259 2563 11889 5463 703
3171 8710 11953 3803 12291 8871 5439 1919 6259 3021 830 8794 6529 16187 16187 16187
3171 2601 2563 8710 2148 13929 14237 4776 9442 5030 6259 10355 2563 16187 100 16187
3171 8710 6259 6070 10355 14237 10336 10033 11953 6259 6070 1435 5225 16187 4087 926
13474 2446 8746 6259 926 11215 51 16187 16187 16187 16187 16187 16187 16187 16187 16187
1885 926 926 13213 3257 1955 7742 16187 3364 11530 8712 16187 929 16187 5534 16187
8712 926 14256 5867 906 14237 7926 16076 926 9070 4609 12233 547 4269 16187 2598
15597 2077 5208 5329 12945 4312 16187 16187 16187 16187 16187 16187 16187 16187 16187 16187
3171 4325 3364 11553 12766 10862 14043 7273 16187 14734 9534 16187 564 8268 15649 926
3171 4325 3364 11553 12766 10862 14043 7273 16187 1320 16187 5804 16187 926 1676 16187
8719 4776 10918 3177 12276 13034 7740 11839 3177 1245 12008 14029 4624 8309 16187 16187
4776 4152 8710 14411 12495 16187 4837 4776 10033 8268 8712 5867 5329 4776 10566 6987
4776 4152 8710 6070 2805 14237 4776 2946 2451 10571 7742 16187 10399 12233 10503 16187
13084 10150 7949 8268 11889 1919 13381 6303 5867 11401 16187 16187 16187 16187 16187 16187
4776 14596 8710 13622 14237 14069 8710 2148 4152 10801 16187 8081 12835 16187 926 16187
4776 14596 8710 15609 8268 14237 630 3177 4776 6664 9447 1755 16187 9447 4687 16187
4776 2563 8710 11953 1390 2103 14237 6011 9605 6259 5948 8719 9743 10217 2103 16187
4776 4152 8710 4776 4152 12008 7997 284 14237 10418 8781 15525 4776 10566 6987 16187
4776 4152 8710 4776 4152 4931 9754 10501 11953 5463 8712 4931 4776 926 12233 4776
4776 14506 5629 926 14237 926 8710 6601 4776 7705 16187 16187 16187 16187 16187 16187
4776 3511 5463 8712 8710 1229 12349 4776 12489 5463 2263 4949 16187 9442 8268 14237
4776 6664 16187 926 926 4931 6403 16187 4512 9840 3177 817 8268 7970 16187 1378
9431 5095 13084 7740 1951 4277 1515 16187 16187 16187 16187 16187 16187 16187 16187 16187
12495 786 8268 14029 926 3847 9754 9605 630 1134 16187 929 16187 5820 9264 7145
12495 8569 5463 7345 11839 5064 771 15389 13129 12233 1436 16187 2997 926 7740 1436
4404 5675 8808 8710 684 2837 6876 926 15658 7076 4776 926 8268 926 16187 16187
4776 15174 5288 3177 926 926 5867 14164 8719 1138 926 5711 8268 14029 6259 926
4776 6664 8710 2751 14237 6246 14237 3335 14237 8268 564 3177 14180 8268 926 16187
7278 8913 12233 2588 5365 5867 564 6801 16187 16187 16187 16187 16187 16187 16187 16187
630 2148 13436 512 5463 8268 8712 5867 5329 2689 6713 16187 926 16187 9715 926
630 8270 512 2263 16058 14180 983 16187 2903 8268 12008 7740 11553 6259 15819 5947
4311 5711 7740 9640 15658 4776 5820 926 14776 5711 16187 16187 16187 16187 16187 16187
1917 2326 926 6905 8719 14734 1378 1787 5463 4776 926 779 4776 9887 16187 926
1998 16187 926 8268 8712 5867 3098 16187 14237 4776 10033 5208 2823 3356 16187 4172
14069 8710 2446 6208 8376 10193 132 12233 11870 12233 4776 550 16187 16187 16187 16187
10710 5804 16187 512 5463 3177 4776 7612 5867 8719 4776 14233 16187 16187 8185 13348
8712 8710 4772 8268 1405 8712 11921 16187 10566 14902 2563 16187 8719 4776 2563 16187
14272 15846 7926 10603 8719 4776 926 2598 16187 16187 16187 16187 16187 16187 16187 16187
4776 14596 8710 5329 9563 3098 8268 12008 8712 5867 6780 16187 2296 926 16187 10983
4776 14596 8710 2987 8268 15662 12232 4325 159 3171 9290 8719 1954 10192 2598 16187
4776 12203 13216 14029 5534 13348 16187 16187 16187 16187 16187 16187 16187 16187 16187 16187
4776 4927 3177 4776 926 8710 2326 4998 16187 8270 14237 926 16187 926 16187 8162
4776 14596 4931 2429 10355 8268 14237 8712 3112 4776 2037 5463 8712 5867 5329 4776
6826 3177 4776 2233 8710 9154 5427 16187 16187 16187 16187 16187 16187 16187 16187 16187
4776 8808 8710 5329 6070 8268 7740 11553 6259 10355 983 12233 4776 10033 16187 10272
4776 15064 8710 2285 2446 12256 8268 8712 5867 9264 8520 1955 4776 416 3177 10394
8710 14069 6259 8455 11401 5095 926 1957 4189 2598 16187 16187 16187 16187 16187 16187
4743 10033 779 6259 1126 14237 10709 6259 2601 476 3177 926 16187 5332 16187 9964
4743 10033 779 13592 16146 2191 3177 6259 110 6379 16187 16187 5820 13089 2563 16187
14045 2710 6594 8268 4537 6594 16187 16187 16187 16187 16187 16187 16187 16187 16187 16187
5297 8268 7740 2308 4776 4152 12233 2823 8106 14237 5329 830 4776 2563 16187 9890
12654 3177 8712 8268 4776 8081 8268 926 4924 4440 16187 10335 16187 2689 3766 16187
4552 9754 9605 9070 223 16187 16187 16187 16187 16187 16187 16187 16187 16187 16187 16187
3171 2563 3847 9754 11553 12233 9745 16187 1229 630 16187 12349 4776 12489 926 16187
6363 9484 5329 1229 14272 7740 3364 9884 2326 6259 14596 16187 14029 12825 12291 8719
12716 8268 4776 10887 3942 1919 3171 2563 8710 5463 8712 4931 16150 15862 16187 16187
4776 4152 8710 14411 12008 5463 8710 6259 6070 10355 9577 8712 5867 5329 12233 4776
4776 4152 91 8710 4776 14596 10401 8719 5463 2037 8719 4776 983 8268 12495 16187
926 14272 12232 9754 7740 4552 830 4776 816 5095 2598 16187 16187 16187 16187 16187
4776 10033 2326 12449 12233 2823 630 2148 5217 16187 929 13348 16187 6011 16187 6011
4776 10033 2326 9084 6259 4447 926 16187 11577 7926 6297 9605 6259 9450 16187 14237
1019 14043 1229 7740 973 4103 16187 16187 16187 16187 16187 16187 16187 16187 16187 16187
1229 8268 3171 2563 5388 203 12600 1433 15525 3177 6259 11180 16187 926 1750 16187
1229 1866 3537 5711 16187 1138 6594 5711 16187 2563 16187 926 16187 926 16187 926
2143 9484 7740 11530 4776 9431 10033 16187 16187 16187 16187 16187 16187 16187 16187 16187
13341 1390 12233 4776 2765 12600 9431 2563 13348 16187 13216 16187 9506 16187 9591 16187
13341 9484 9574 6363 9484 16187 8569 16187 10569 3177 4776 9431 1378 3061 16187 1138
12716 8268 8712 8710 10770 16187 16187 16187 16187 16187 16187 16187 16187 16187 16187 16187
8712 5084 6259 1787 5463 4931 1954 926 12650 4776 2563 16187 2006 4776 2588 3177
8712 5084 6259 1787 5463 4931 869 926 8268 8798 11345 786 16187 643 16187 9442
4776 12835 14776 14977 9591 12233 8191 830 4312 16187 16187 16187 16187 16187 16187 16187
4776 10376 9385 8268 14047 8268 4931 10619 4891 10376 16187 5947 5627 16187 15096 16187
4776 10376 9385 8268 14047 8268 4931 10619 4891 10376 16187 2563 8268 7740 4931 13081
8733 4404 1378 11889 3171 11854 8268 13758 1378 8268 4624 15956 6011 5208 16187 16187
4776 2563 3847 9754 8084 11553 8712 771 12766 8270 15978 4776 926 4931 5329 12233
4776 2563 3847 9754 8084 9605 9925 13129 11953 703 14237 1029 2997 10719 16187 1378
8719 926 8268 3171 2563 8710 4409 9485 12008 6259 9490 12232 2823 816 16187 16187
4776 926 14237 926 3177 8712 8710 13267 16187 926 16187 4927 16187 926 16187 13343
4776 926 10894 8268 1955 926 14237 4776 926 4931 10030 16187 9577 16187 6073 8719
1229 9084 13769 12284 14237 11953 12127 16146 16112 3246 8719 4776 1787 16187 16187 16187
3171 2563 4931 6070 2002 14237 6259 15819 13839 16187 10355 16187 14237 2204 16187 5801
3171 2563 4931 10335 15762 1957 8712 5867 564 16187 8268 8712 5867 14180 7740 11889
14237 4311 4624 11031 10918 12233 9642 8747 13348 16187 16187 16187 16187 16187 16187 16187
12008 12286 14237 4325 14776 16187 12233 10915 4776 926 16187 16187 11247 16187 13348 16187
12008 12286 8268 14237 854 16187 14180 8268 4776 14596 14237 2148 16187 512 6011 3644
15658 8710 4240 1885 8268 14237 2148 5527 8268 15662 2598 16187 16187 16187 16187 16187
8712 926 9070 8268 3171 2563 8710 2326 2689 14237 2326 3033 13089 7740 14163 4776
8712 926 9070 8268 3171 926 8710 4776 564 176 3177 203 8712 4931 16187 13178
1138 203 8710 5463 5095 1495 14029 6259 9944 926 2598 5711 16187 16187 16187 16187
4776 2601 4142 4963 10033 5388 203 7926 926 8712 16187 4776 926 3177 9850 830
4776 12529 7740 7949 3102 5711 16187 3400 3880 16187 926 16187 8710 4776 926 16187
2053 926 3994 4931 12495 2053 14221 15525 3994 12233 12292 6259 1999 9887 16187 16187
6259 12529 10033 926 830 3171 14180 4776 9433 16187 926 16187 926 16187 5562 16187
6259 12529 10033 926 830 3171 8157 3177 2122 16187 16187 16187 16187 9442 12835 14237
3171 3112 14734 13733 9178 12233 942 5678 14221 2148 15071 16187 16187 16187 16187 16187
4776 4856 8710 1903 630 16187 14237 12127 9840 5208 6071 2563 16187 10957 16187 9316
4776 4856 4931 4537 8719 2122 3246 830 4776 2601 15335 8268 13250 16187 11530 12958
3171 3847 9754 8069 10114 2858 983 2080 15526 8268 2543 12911 3211 16187 16187 16187
4776 4152 4931 9754 10355 16187 8268 12008 4931 6070 2997 16187 983 16187 15337 5867
3171 2563 4931 6259 6070 8268 9625 2563 8268 5463 983 13783 16187 15249 1919 2713
