4776 14599 8710 437 14237 11063 2780 8268 4776 5837 3177 8712 8710 9392 16187 16187
3842 3171 16187 9840 8710 6259 926 10033 15649 5208 2823 8592 5463 2263 9442 6688
1655 12233 14180 3102 8719 9222 3171 10917 10033 13348 16187 13348 16187 8719 16187 16187
12008 8719 4776 12298 8712 4931 4537 14030 830 9070 16187 16187 16187 16187 16187 16187
3842 3171 16187 9840 8710 6259 926 10033 15649 5208 2823 8592 5463 2263 9442 6688
1655 12233 14180 3102 8719 9222 3171 10917 10033 13348 16187 13348 16187 8719 16187 16187
2860 9591 1919 4776 10878 15471 2540 16187 16187 16187 16187 16187 16187 16187 16187 16187
3842 3171 16187 9840 8710 6259 926 10033 15649 5208 2823 8592 5463 2263 9442 6688
1655 12233 14180 3102 8719 9222 3171 10917 10033 13348 16187 13348 16187 8719 16187 16187
4776 5088 4924 5629 4776 926 14237 4776 13559 8710 7742 5606 14237 6535 2689 16187
3842 3171 16187 9840 8710 6259 926 10033 15649 5208 2823 8592 5463 2263 9442 6688
1655 12233 14180 3102 8719 9222 3171 10917 10033 13348 16187 13348 16187 8719 16187 16187
9296 15978 7740 1951 5329 6259 926 14230 16187 16187 16187 16187 16187 16187 16187 16187
3842 3171 16187 9840 8710 6259 926 10033 15649 5208 2823 8592 5463 2263 9442 6688
1655 12233 14180 3102 8719 9222 3171 10917 10033 13348 16187 8719 4776 2563 16187 983
926 8268 6259 4629 3177 12899 9498 3554 5568 830 9869 14237 11382 16187 16187 16187
3842 3171 16187 9840 8710 6259 926 10033 15649 5208 2823 8592 5463 2263 9442 6688
1655 12233 14180 3102 8719 9222 3171 10917 10033 13348 16187 13348 16187 8719 16187 16187
3171 10033 8710 10571 10399 4189 16187 16187 16187 16187 16187 16187 16187 16187 16187 16187
3842 3171 16187 9840 8710 6259 926 10033 15649 5208 2823 8592 5463 2263 9442 6688
1655 12233 14180 3102 8719 9222 3171 10917 10033 13348 16187 8719 4776 2563 16187 983
3929 926 5867 2363 8710 7367 14237 11773 16187 16187 16187 16187 16187 16187 16187 16187
3842 3171 16187 9840 8710 6259 926 10033 15649 5208 2823 8592 5463 2263 9442 6688
1655 12233 14180 3102 8719 9222 3171 10917 10033 13348 16187 13348 16187 8719 16187 16187
6826 3177 4776 2563 9405 926 11553 6826 1175 10918 15768 14237 517 6215 16187 16187
3842 3171 16187 9840 8710 6259 926 10033 15649 5208 2823 8592 5463 2263 9442 6688
1655 12233 14180 3102 8719 9222 3171 10917 10033 13348 16187 13348 16187 8719 16187 16187
132 10020 14776 5329 1954 9420 14029 13422 1133 16187 16187 16187 16187 16187 16187 16187
3842 3171 16187 9840 8710 6259 926 10033 15649 5208 2823 8592 5463 2263 9442 6688
1655 12233 14180 3102 8719 9222 3171 10917 10033 13348 16187 8719 4776 2563 16187 983
10217 703 2326 4189 91 8719 6259 6111 2712 16187 16187 16187 16187 16187 16187 16187
3842 3171 16187 9840 8710 6259 926 10033 15649 5208 2823 8592 5463 2263 9442 6688
1655 12233 14180 3102 8719 9222 3171 10917 10033 13348 16187 8719 4776 2563 16187 983
14272 2326 11921 12233 651 13084 1378 14352 16187 16187 16187 16187 16187 16187 16187 16187
3842 3171 16187 9840 8710 6259 926 10033 15649 5208 2823 8592 5463 2263 9442 6688
1655 12233 14180 3102 8719 9222 3171 10917 10033 13348 16187 13348 16187 8719 16187 16187
4325 9084 6259 15174 15781 3177 1836 4776 8788 3177 5713 817 14755 16187 16187 16187
3842 3171 16187 9840 8710 6259 926 10033 15649 5208 2823 8592 5463 2263 9442 6688
1655 12233 14180 3102 8719 9222 3171 10917 10033 13348 16187 8719 4776 2563 16187 983
3098 5646 950 16187 16187 16187 16187 16187 16187 16187 16187 16187 16187 16187 16187 16187
3842 3171 16187 9840 8710 6259 926 10033 15649 5208 2823 8592 5463 2263 9442 6688
1655 12233 14180 3102 8719 9222 3171 10917 10033 13348 16187 13348 16187 8719 16187 16187
13864 16187 16187 16187 16187 16187 16187 16187 16187 16187 16187 16187 16187 16187 16187 16187
3842 3171 16187 9840 8710 6259 926 10033 15649 5208 2823 8592 5463 2263 9442 6688
1655 12233 14180 3102 8719 9222 3171 10917 10033 13348 16187 8719 4776 2563 16187 983
6011 2945 7448 12233 13077 5937 5293 1957 4776 2150 830 3171 1378 16187 16187 16187
3842 3171 16187 9840 8710 6259 926 10033 15649 5208 2823 8592 5463 2263 9442 6688
1655 12233 14180 3102 8719 9222 3171 10917 10033 13348 16187 8719 4776 2563 16187 983
8712 771 1597 13129 14237 2909 3766 830 5568 6931 12233 2552 16187 16187 16187 16187
3842 3171 16187 9840 8710 6259 926 10033 15649 5208 2823 8592 5463 2263 9442 6688
1655 12233 14180 3102 8719 9222 3171 10917 10033 13348 16187 8719 4776 2563 16187 983
1138 4776 3648 926 5711 15846 5509 7435 6259 14231 16187 16187 16187 16187 16187 16187
3842 3171 16187 9840 8710 6259 926 10033 15649 5208 2823 8592 5463 2263 9442 6688
1655 12233 14180 3102 8719 9222 3171 10917 10033 13348 16187 8719 4776 2563 16187 983
4776 3765 11273 6378 8710 9780 16187 16187 16187 16187 16187 16187 16187 16187 16187 16187
3842 3171 16187 9840 8710 6259 926 10033 15649 5208 2823 8592 5463 2263 9442 6688
1655 12233 14180 3102 8719 9222 3171 10917 10033 13348 16187 13348 16187 8719 16187 16187
6173 16187 16187 16187 16187 16187 16187 16187 16187 16187 16187 16187 16187 16187 16187 16187
3842 3171 16187 9840 8710 6259 926 10033 15649 5208 2823 8592 5463 2263 9442 6688
1655 12233 14180 3102 8719 9222 3171 10917 10033 13348 16187 8719 4776 2563 16187 983
8719 3511 8268 4776 7610 4183 8719 3171 2563 8710 1138 8598 5711 16187 16187 16187
3842 3171 16187 9840 8710 6259 926 10033 15649 5208 2823 8592 5463 2263 9442 6688
1655 12233 14180 3102 8719 9222 3171 10917 10033 13348 16187 8719 4776 2563 16187 983
4311 4325 14637 15873 14745 16187 16187 16187 16187 16187 16187 16187 16187 16187 16187 16187
3842 3171 16187 9840 8710 6259 926 10033 15649 5208 2823 8592 5463 2263 9442 6688
1655 12233 14180 3102 8719 9222 3171 10917 10033 13348 16187 8719 4776 2563 16187 983
4325 968 14397 6381 8712 14180 14029 14745 14397 512 11239 16187 16187 16187 16187 16187
3842 3171 16187 9840 8710 6259 926 10033 15649 5208 2823 8592 5463 2263 9442 6688
1655 12233 14180 3102 8719 9222 3171 10917 10033 13348 16187 13348 16187 8719 16187 16187
926 926 8268 4776 2353 3177 1138 926 926 5711 8710 6259 3288 16187 16187 16187
3842 3171 16187 9840 8710 6259 926 10033 15649 5208 2823 8592 5463 2263 9442 6688
1655 12233 14180 3102 8719 9222 3171 10917 10033 13348 16187 8719 4776 2563 16187 983
3171 8710 630 8268 630 8270 512 6569 582 1390 16187 16187 16187 16187 16187 16187
3842 3171 16187 9840 8710 6259 926 10033 15649 5208 2823 8592 5463 2263 9442 6688
1655 12233 14180 3102 8719 9222 3171 10917 10033 13348 16187 8719 4776 2563 16187 983
926 2710 13348 16187 16187 16187 16187 16187 16187 16187 16187 16187 16187 16187 16187 16187
3842 3171 16187 9840 8710 6259 926 10033 15649 5208 2823 8592 5463 2263 9442 6688
1655 12233 14180 3102 8719 9222 3171 10917 10033 13348 16187 8719 4776 2563 16187 983
2780 7740 4537 9084 9754 9605 203 2066 4537 6635 926 1019 926 6173 16187 16187
3842 3171 16187 9840 8710 6259 926 10033 15649 5208 2823 8592 5463 2263 9442 6688
1655 12233 14180 3102 8719 9222 3171 10917 10033 13348 16187 8719 4776 2563 16187 983
6173 8268 14237 8712 1603 926 13086 2823 3098 16187 16187 16187 16187 16187 16187 16187
3842 3171 16187 9840 8710 6259 926 10033 15649 5208 2823 8592 5463 2263 9442 6688
1655 12233 14180 3102 8719 9222 3171 10917 10033 13348 16187 13348 16187 8719 16187 16187
7542 8268 3171 10033 4931 3278 1957 564 16187 16187 16187 16187 16187 16187 16187 16187
3842 3171 16187 9840 8710 6259 926 10033 15649 5208 2823 8592 5463 2263 9442 6688
1655 12233 14180 3102 8719 9222 3171 10917 10033 13348 16187 13348 16187 8719 16187 16187
14069 8710 630 8781 12233 4776 10026 11953 12401 3177 5713 12835 16187 16187 16187 16187
3842 3171 16187 9840 8710 6259 926 10033 15649 5208 2823 8592 5463 2263 9442 6688
1655 12233 14180 3102 8719 9222 3171 10917 10033 13348 16187 13348 16187 8719 16187 16187
8712 779 10915 14691 8594 16187 16187 16187 16187 16187 16187 16187 16187 16187 16187 16187
3842 3171 16187 9840 8710 6259 926 10033 15649 5208 2823 8592 5463 2263 9442 6688
1655 12233 14180 3102 8719 9222 3171 10917 10033 13348 16187 8719 4776 2563 16187 983
8712 4931 8093 3554 12233 2823 14766 16187 16187 16187 16187 16187 16187 16187 16187 16187
3842 3171 16187 9840 8710 6259 926 10033 15649 5208 2823 8592 5463 2263 9442 6688
1655 12233 14180 3102 8719 9222 3171 10917 10033 13348 16187 8719 4776 2563 16187 983
14237 3177 1245 8268 4971 14237 2550 8843 12233 4776 4152 16187 16187 16187 16187 16187
3842 3171 16187 9840 8710 6259 926 10033 15649 5208 2823 8592 5463 2263 9442 6688
1655 12233 14180 3102 8719 9222 3171 10917 10033 13348 16187 8719 4776 2563 16187 983
4776 2002 15208 8710 1378 3177 12276 1860 8185 3177 14180 983 16187 16187 16187 16187
3842 3171 16187 9840 8710 6259 926 10033 15649 5208 2823 8592 5463 2263 9442 6688
1655 12233 14180 3102 8719 9222 3171 10917 10033 13348 16187 13348 16187 8719 16187 16187
8710 14069 6259 12422 15715 2904 2598 16187 16187 16187 16187 16187 16187 16187 16187 16187
3842 3171 16187 9840 8710 6259 926 10033 15649 5208 2823 8592 5463 2263 9442 6688
1655 12233 14180 3102 8719 9222 3171 10917 10033 13348 16187 8719 4776 2563 16187 983
12272 5742 8268 1125 1919 10407 8268 8710 14652 16187 16187 16187 16187 16187 16187 16187
3842 3171 16187 9840 8710 6259 926 10033 15649 5208 2823 8592 5463 2263 9442 6688
1655 12233 14180 3102 8719 9222 3171 10917 10033 13348 16187 8719 4776 2563 16187 983
4399 14465 3177 8185 5208 5261 6826 3177 4776 7705 8185 14237 2563 3766 16187 16187
3842 3171 16187 9840 8710 6259 926 10033 15649 5208 2823 8592 5463 2263 9442 6688
1655 12233 14180 3102 8719 9222 3171 10917 10033 13348 16187 8719 4776 2563 16187 983
4776 2563 8710 10201 14237 7294 13907 1750 9075 14043 8440 16187 16187 16187 16187 16187
3842 3171 16187 9840 8710 6259 926 10033 15649 5208 2823 8592 5463 2263 9442 6688
1655 12233 14180 3102 8719 9222 3171 10917 10033 13348 16187 8719 4776 2563 16187 983
132 4776 1787 14352 15662 926 8710 6259 15762 16187 16187 16187 16187 16187 16187 16187
3842 3171 16187 9840 8710 6259 926 10033 15649 5208 2823 8592 5463 2263 9442 6688
1655 12233 14180 3102 8719 9222 3171 10917 10033 13348 16187 13348 16187 8719 16187 16187
7926 779 12766 491 4404 8556 12291 830 3171 4169 16187 16187 16187 16187 16187 16187
3842 3171 16187 9840 8710 6259 926 10033 15649 5208 2823 8592 5463 2263 9442 6688
1655 12233 14180 3102 8719 9222 3171 10917 10033 13348 16187 8719 4776 2563 16187 983
15741 5463 12276 14113 8710 4776 5820 3942 91 16187 16187 16187 16187 16187 16187 16187
3842 3171 16187 9840 8710 6259 926 10033 15649 5208 2823 8592 5463 2263 9442 6688
1655 12233 14180 3102 8719 9222 3171 10917 10033 13348 16187 13348 16187 8719 16187 16187
6173 7740 15846 7627 4325 14776 6259 8124 4927 12233 6276 10094 926 8336 13353 16187
3842 3171 16187 9840 8710 6259 926 10033 15649 5208 2823 8592 5463 2263 9442 6688
1655 12233 14180 3102 8719 9222 3171 10917 10033 13348 16187 8719 4776 2563 16187 983
3171 8710 1954 12256 10033 1919 6259 3098 14596 8268 14237 12256 10418 16187 16187 16187
3842 3171 16187 9840 8710 6259 926 10033 15649 5208 2823 8592 5463 2263 9442 6688
1655 12233 14180 3102 8719 9222 3171 10917 10033 13348 16187 8719 4776 2563 16187 983
7542 8219 12655 926 12276 13396 16187 16187 16187 16187 16187 16187 16187 16187 16187 16187
3842 3171 16187 9840 8710 6259 926 10033 15649 5208 2823 8592 5463 2263 9442 6688
1655 12233 14180 3102 8719 9222 3171 10917 10033 13348 16187 8719 4776 2563 16187 983
8712 4931 6259 10894 9625 8726 6011 6166 9070 16187 16187 16187 16187 16187 16187 16187
3842 3171 16187 9840 8710 6259 926 10033 15649 5208 2823 8592 5463 2263 9442 6688
1655 12233 14180 3102 8719 9222 3171 10917 10033 13348 16187 8719 4776 2563 16187 983
14237 12233 2823 6818 2837 1213 6259 5562 13348 16187 16187 16187 16187 16187 16187 16187
3842 3171 16187 9840 8710 6259 926 10033 15649 5208 2823 8592 5463 2263 9442 6688
1655 12233 14180 3102 8719 9222 3171 10917 10033 13348 16187 8719 4776 2563 16187 983
4302 1167 14776 14350 16187 16187 16187 16187 16187 16187 16187 16187 16187 16187 16187 16187
3842 3171 16187 9840 8710 6259 926 10033 15649 5208 2823 8592 5463 2263 9442 6688
1655 12233 14180 3102 8719 9222 3171 10917 10033 13348 16187 13348 16187 8719 16187 16187
9890 6011 1110 14043 6011 12102 8712 16187 16187 16187 16187 16187 16187 16187 16187 16187
3842 3171 16187 9840 8710 6259 926 10033 15649 5208 2823 8592 5463 2263 9442 6688
1655 12233 14180 3102 8719 9222 3171 10917 10033 13348 16187 13348 16187 8719 16187 16187
12008 8712 8710 983 14237 9831 6011 4628 9754 2823 16041 10918 16187 16187 16187 16187
3842 3171 16187 9840 8710 6259 926 10033 15649 5208 2823 8592 5463 2263 9442 6688
1655 12233 14180 3102 8719 9222 3171 10917 10033 13348 16187 13348 16187 8719 16187 16187
12707 11169 3171 10033 1954 8162 9277 327 8081 15271 16187 16187 16187 16187 16187 16187
3842 3171 16187 9840 8710 6259 926 10033 15649 5208 2823 8592 5463 2263 9442 6688
1655 12233 14180 3102 8719 9222 3171 10917 10033 13348 16187 8719 4776 2563 16187 983
1229 4776 12852 15881 4776 469 8268 13216 12233 4776 1627 14237 8746 3171 5459 16187
3842 3171 16187 9840 8710 6259 926 10033 15649 5208 2823 8592 5463 2263 9442 6688
1655 12233 14180 3102 8719 9222 3171 10917 10033 13348 16187 8719 4776 2563 16187 983
7926 2326 8710 1787 13021 16187 16187 16187 16187 16187 16187 16187 16187 16187 16187 16187
3842 3171 16187 9840 8710 6259 926 10033 15649 5208 2823 8592 5463 2263 9442 6688
1655 12233 14180 3102 8719 9222 3171 10917 10033 13348 16187 8719 4776 2563 16187 983
4776 926 7347 1515 14029 16187 16187 16187 16187 16187 16187 16187 16187 16187 16187 16187
3842 3171 16187 9840 8710 6259 926 10033 15649 5208 2823 8592 5463 2263 9442 6688
1655 12233 14180 3102 8719 9222 3171 10917 10033 13348 16187 13348 16187 8719 16187 16187
4776 9534 3177 926 1955 4776 8887 8710 14652 16187 16187 16187 16187 16187 16187 16187
3842 3171 16187 9840 8710 6259 926 10033 15649 5208 2823 8592 5463 2263 9442 6688
1655 12233 14180 3102 8719 9222 3171 10917 10033 13348 16187 8719 4776 2563 16187 983
6286 8268 8197 1885 6259 10033 16187 16187 16187 16187 16187 16187 16187 16187 16187 16187
3842 3171 16187 9840 8710 6259 926 10033 15649 5208 2823 8592 5463 2263 9442 6688
1655 12233 14180 3102 8719 9222 3171 10917 10033 13348 16187 13348 16187 8719 16187 16187
4776 12529 3384 8710 6070 10355 8268 12495 16187 16187 16187 16187 16187 16187 16187 16187
3842 3171 16187 9840 8710 6259 926 10033 15649 5208 2823 8592 5463 2263 9442 6688
1655 12233 14180 3102 8719 9222 3171 10917 10033 13348 16187 8719 4776 2563 16187 983
7542 8268 6259 6070 10355 10033 3177 2263 8157 16187 16187 16187 16187 16187 16187 16187
3842 3171 16187 9840 8710 6259 926 10033 15649 5208 2823 8592 5463 2263 9442 6688
1655 12233 14180 3102 8719 9222 3171 10917 10033 13348 16187 13348 16187 8719 16187 16187
3171 12260 11553 12766 4837 4776 12298 3177 4776 1726 926 1138 5183 5711 16187 16187
3842 3171 16187 9840 8710 6259 926 10033 15649 5208 2823 8592 5463 2263 9442 6688
1655 12233 14180 3102 8719 9222 3171 10917 10033 13348 16187 13348 16187 8719 16187 16187
7740 10603 4776 2601 10686 14635 3177 6152 8268 13832 16187 16187 16187 16187 16187 16187
3842 3171 16187 9840 8710 6259 926 10033 15649 5208 2823 8592 5463 2263 9442 6688
1655 12233 14180 3102 8719 9222 3171 10917 10033 13348 16187 13348 16187 8719 16187 16187
10669 2552 12276 9216 1957 3171 2563 3609 14029 6259 6070 13259 1450 16187 16187 16187
3842 3171 16187 9840 8710 6259 926 10033 15649 5208 2823 8592 5463 2263 9442 6688
1655 12233 14180 3102 8719 9222 3171 10917 10033 13348 16187 8719 4776 2563 16187 983
4776 2563 4931 5568 13341 10244 14237 9491 12028 15649 7740 5476 16187 16187 16187 16187
3842 3171 16187 9840 8710 6259 926 10033 15649 5208 2823 8592 5463 2263 9442 6688
1655 12233 14180 3102 8719 9222 3171 10917 10033 13348 16187 8719 4776 2563 16187 983
12008 8268 4776 926 14281 8710 8270 16187 16187 16187 16187 16187 16187 16187 16187 16187
3842 3171 16187 9840 8710 6259 926 10033 15649 5208 2823 8592 5463 2263 9442 6688
1655 12233 14180 3102 8719 9222 3171 10917 10033 13348 16187 13348 16187 8719 16187 16187
1138 13084 8913 926 5711 8710 5329 16187 16187 16187 16187 16187 16187 16187 16187 16187
3842 3171 16187 9840 8710 6259 926 10033 15649 5208 2823 8592 5463 2263 9442 6688
1655 12233 14180 3102 8719 9222 3171 10917 10033 13348 16187 13348 16187 8719 16187 16187
4776 15776 15093 4931 4592 1229 8396 5463 8712 771 12276 5217 4867 926 16187 16187
3842 3171 16187 9840 8710 6259 926 10033 15649 5208 2823 8592 5463 2263 9442 6688
1655 12233 14180 3102 8719 9222 3171 10917 10033 13348 16187 13348 16187 8719 16187 16187
4776 16146 9424 7740 4931 926 12233 4931 8268 6748 8268 5375 198 16187 16187 16187
3842 3171 16187 9840 8710 6259 926 10033 15649 5208 2823 8592 5463 2263 9442 6688
1655 12233 14180 3102 8719 9222 3171 10917 10033 13348 16187 8719 4776 2563 16187 983
8726 14069 5867 1515 12233 2823 6259 7949 8268 14043 569 3177 1684 8268 10602 16187
3842 3171 16187 9840 8710 6259 926 10033 15649 5208 2823 8592 5463 2263 9442 6688
1655 12233 14180 3102 8719 9222 3171 10917 10033 13348 16187 13348 16187 8719 16187 16187
14237 8798 7926 779 12233 9085 16187 16187 16187 16187 16187 16187 16187 16187 16187 16187
3842 3171 16187 9840 8710 6259 926 10033 15649 5208 2823 8592 5463 2263 9442 6688
1655 12233 14180 3102 8719 9222 3171 10917 10033 13348 16187 13348 16187 8719 16187 16187
7742 4032 2712 8268 8719 12630 3177 4776 5074 3177 9655 2291 16187 16187 16187 16187
3842 3171 16187 9840 8710 6259 926 10033 15649 5208 2823 8592 5463 2263 9442 6688
1655 12233 14180 3102 8719 9222 3171 10917 10033 13348 16187 8719 4776 2563 16187 983
12008 14069 14776 6826 3098 4440 6797 203 11637 4931 14761 8719 9666 16187 16187 16187
3842 3171 16187 9840 8710 6259 926 10033 15649 5208 2823 8592 5463 2263 9442 6688
1655 12233 14180 3102 8719 9222 3171 10917 10033 13348 16187 8719 4776 2563 16187 983
2446 8268 4325 2326 9084 9754 8537 203 7265 14823 1229 7367 16187 16187 16187 16187
3842 3171 16187 9840 8710 6259 926 10033 15649 5208 2823 8592 5463 2263 9442 6688
1655 12233 14180 3102 8719 9222 3171 10917 10033 13348 16187 13348 16187 8719 16187 16187
820 11889 926 926 8268 12441 8174 9577 2903 830 926 14237 14776 4431 16187 16187
3842 3171 16187 9840 8710 6259 926 10033 15649 5208 2823 8592 5463 2263 9442 6688
1655 12233 14180 3102 8719 9222 3171 10917 10033 13348 16187 13348 16187 8719 16187 16187
8712 779 3356 3766 8268 10978 8268 12478 14237 4856 16187 16187 16187 16187 16187 16187
3842 3171 16187 9840 8710 6259 926 10033 15649 5208 2823 8592 5463 2263 9442 6688
1655 12233 14180 3102 8719 9222 3171 10917 10033 13348 16187 13348 16187 8719 16187 16187
14069 14776 9591 13129 3766 12233 7347 4776 10033 5415 16187 16187 16187 16187 16187 16187
3842 3171 16187 9840 8710 6259 926 10033 15649 5208 2823 8592 5463 2263 9442 6688
1655 12233 14180 3102 8719 9222 3171 10917 10033 13348 16187 8719 4776 2563 16187 983
14237 5961 12046 12233 4320 4776 5095 5867 14781 8719 5286 926 14457 16187 16187 16187
3842 3171 16187 9840 8710 6259 926 10033 15649 5208 2823 8592 5463 2263 9442 6688
1655 12233 14180 3102 8719 9222 3171 10917 10033 13348 16187 13348 16187 8719 16187 16187
7740 4931 11953 6363 13089 7740 1442 3171 2563 8719 4776 1578 16187 16187 16187 16187
3842 3171 16187 9840 8710 6259 926 10033 15649 5208 2823 8592 5463 2263 9442 6688
1655 12233 14180 3102 8719 9222 3171 10917 10033 13348 16187 8719 4776 2563 16187 983
13803 926 4931 6259 6070 13074 15387 8719 4776 2563 16187 16187 16187 16187 16187 16187
3842 3171 16187 9840 8710 6259 926 10033 15649 5208 2823 8592 5463 2263 9442 6688
1655 12233 14180 3102 8719 9222 3171 10917 10033 13348 16187 8719 4776 2563 16187 983
1543 4552 4624 5946 2598 16187 16187 16187 16187 16187 16187 16187 16187 16187 16187 16187
3842 3171 16187 9840 8710 6259 926 10033 15649 5208 2823 8592 5463 2263 9442 6688
1655 12233 14180 3102 8719 9222 3171 10917 10033 13348 16187 8719 4776 2563 16187 983
14272 15846 4325 4552 5332 2598 16187 16187 16187 16187 16187 16187 16187 16187 16187 16187
3842 3171 16187 9840 8710 6259 926 10033 15649 5208 2823 8592 5463 2263 9442 6688
1655 12233 14180 3102 8719 9222 3171 10917 10033 13348 16187 8719 4776 2563 16187 983
8712 8368 15525 5329 14029 12625 16187 16187 16187 16187 16187 16187 16187 16187 16187 16187
3842 3171 16187 9840 8710 6259 926 10033 15649 5208 2823 8592 5463 2263 9442 6688
1655 12233 14180 3102 8719 9222 3171 10917 10033 13348 16187 13348 16187 8719 16187 16187
926 8710 926 8268 12008 5463 5867 7401 14272 1885 10671 188 16187 16187 16187 16187
3842 3171 16187 9840 8710 6259 926 10033 15649 5208 2823 8592 5463 2263 9442 6688
1655 12233 14180 3102 8719 9222 3171 10917 10033 13348 16187 8719 4776 2563 16187 983
6259 3033 315 1957 4776 6585 3177 15436 14237 1378 5463 385 12233 2823 4103 16187
3842 3171 16187 9840 8710 6259 926 10033 15649 5208 2823 8592 5463 2263 9442 6688
1655 12233 14180 3102 8719 9222 3171 10917 10033 13348 16187 13348 16187 8719 16187 16187
570 8710 5297 6259 11698 14532 12805 5463 6011 15846 5329 10373 10080 16187 16187 16187
3842 3171 16187 9840 8710 6259 926 10033 15649 5208 2823 8592 5463 2263 9442 6688
1655 12233 14180 3102 8719 9222 3171 10917 10033 13348 16187 8719 4776 2563 16187 983
4776 2563 8710 8719 9594 14237 926 14237 8712 4393 1954 16139 3513 16187 16187 16187
3842 3171 16187 9840 8710 6259 926 10033 15649 5208 2823 8592 5463 2263 9442 6688
1655 12233 14180 3102 8719 9222 3171 10917 10033 13348 16187 8719 4776 2563 16187 983
8712 503 4776 12968 3177 13441 2837 4776 10418 14237 4776 13811 16187 16187 16187 16187
3842 3171 16187 9840 8710 6259 926 10033 15649 5208 2823 8592 5463 2263 9442 6688
1655 12233 14180 3102 8719 9222 3171 10917 10033 13348 16187 8719 4776 2563 16187 983
7926 7076 6259 15126 12008 8710 8719 7188 3177 4776 1676 16187 16187 16187 16187 16187
3842 3171 16187 9840 8710 6259 926 10033 15649 5208 2823 8592 5463 2263 9442 6688
1655 12233 14180 3102 8719 9222 3171 10917 10033 13348 16187 8719 4776 2563 16187 983
8712 8710 1954 12606 14237 7742 10471 4895 308 16187 16187 16187 16187 16187 16187 16187
3842 3171 16187 9840 8710 6259 926 10033 15649 5208 2823 8592 5463 2263 9442 6688
1655 12233 14180 3102 8719 9222 3171 10917 10033 13348 16187 13348 16187 8719 16187 16187
4776 13175 8710 6259 3098 8808 8268 1919 14734 13459 830 926 16187 16187 16187 16187
3842 3171 16187 9840 8710 6259 926 10033 15649 5208 2823 8592 5463 2263 9442 6688
1655 12233 14180 3102 8719 9222 3171 10917 10033 13348 16187 13348 16187 8719 16187 16187
6011 9884 8093 12766 6259 3316 5365 817 9385 2598 16187 16187 16187 16187 16187 16187
3842 3171 16187 9840 8710 6259 926 10033 15649 5208 2823 8592 5463 2263 9442 6688
1655 12233 14180 3102 8719 9222 3171 10917 10033 13348 16187 13348 16187 8719 16187 16187
4776 13768 8710 8069 2148 2309 14237 926 16187 16187 16187 16187 16187 16187 16187 16187
3842 3171 16187 9840 8710 6259 926 10033 15649 5208 2823 8592 5463 2263 9442 6688
1655 12233 14180 3102 8719 9222 3171 10917 10033 13348 16187 13348 16187 8719 16187 16187
13225 926 2847 630 8270 512 3171 16187 16187 16187 16187 16187 16187 16187 16187 16187
3842 3171 16187 9840 8710 6259 926 10033 15649 5208 2823 8592 5463 2263 9442 6688
1655 12233 14180 3102 8719 9222 3171 10917 10033 13348 16187 13348 16187 8719 16187 16187
14237 8268 11889 10566 11327 1133 8268 8712 779 6259 13178 14117 16187 16187 16187 16187
3842 3171 16187 9840 8710 6259 926 10033 15649 5208 2823 8592 5463 2263 9442 6688
1655 12233 14180 3102 8719 9222 3171 10917 10033 13348 16187 13348 16187 8719 16187 16187
5463 5867 12431 926 3929 830 15389 13348 16187 16187 16187 16187 16187 16187 16187 16187
3842 3171 16187 9840 8710 6259 926 10033 15649 5208 2823 8592 5463 2263 9442 6688
1655 12233 14180 3102 8719 9222 3171 10917 10033 13348 16187 8719 4776 2563 16187 983
926 10967 926 13348 16187 16187 16187 16187 16187 16187 16187 16187 16187 16187 16187 16187
3842 3171 16187 9840 8710 6259 926 10033 15649 5208 2823 8592 5463 2263 9442 6688
1655 12233 14180 3102 8719 9222 3171 10917 10033 13348 16187 8719 4776 2563 16187 983
4311 14069 14776 4776 10273 3641 14976 926 779 12233 8855 1919 16187 16187 16187 16187
3842 3171 16187 9840 8710 6259 926 10033 15649 5208 2823 8592 5463 2263 9442 6688
1655 12233 14180 3102 8719 9222 3171 10917 10033 13348 16187 8719 4776 2563 16187 983
5208 5329 1436 1157 11953 3171 10033 512 2786 12233 5537 14237 5138 8712 16187 16187
3842 3171 16187 9840 8710 6259 926 10033 15649 5208 2823 8592 5463 2263 9442 6688
1655 12233 14180 3102 8719 9222 3171 10917 10033 13348 16187 8719 4776 2563 16187 983
8712 8710 6259 14221 2148 7945 10033 512 4776 2002 16187 16187 16187 16187 16187 16187
3842 3171 16187 9840 8710 6259 926 10033 15649 5208 2823 8592 5463 2263 9442 6688
1655 12233 14180 3102 8719 9222 3171 10917 10033 13348 16187 8719 4776 2563 16187 983
14031 5359 8268 13474 5867 2446 4776 5555 3235 16187 16187 16187 16187 16187 16187 16187
3842 3171 16187 9840 8710 6259 926 10033 15649 5208 2823 8592 5463 2263 9442 6688
1655 12233 14180 3102 8719 9222 3171 10917 10033 13348 16187 8719 4776 2563 16187 983
4776 2563 8710 926 14237 779 4776 7542 6683 3177 6259 1022 7999 2024 4302 16187
3842 3171 16187 9840 8710 6259 926 10033 15649 5208 2823 8592 5463 2263 9442 6688
1655 12233 14180 3102 8719 9222 3171 10917 10033 13348 16187 13348 16187 8719 16187 16187
7740 4763 5807 8268 1138 13084 4927 3171 5208 5329 2823 4776 8521 5711 16187 16187
3842 3171 16187 9840 8710 6259 926 10033 15649 5208 2823 8592 5463 2263 9442 6688
1655 12233 14180 3102 8719 9222 3171 10917 10033 13348 16187 8719 4776 2563 16187 983
3471 10501 5627 14029 4776 16146 4751 8719 5329 16187 16187 16187 16187 16187 16187 16187
3842 3171 16187 9840 8710 6259 926 10033 15649 5208 2823 8592 5463 2263 9442 6688
1655 12233 14180 3102 8719 9222 3171 10917 10033 13348 16187 13348 16187 8719 16187 16187
9813 926 14237 6500 16187 16187 16187 16187 16187 16187 16187 16187 16187 16187 16187 16187
3842 3171 16187 9840 8710 6259 926 10033 15649 5208 2823 8592 5463 2263 9442 6688
1655 12233 14180 3102 8719 9222 3171 10917 10033 13348 16187 13348 16187 8719 16187 16187
14069 5867 2148 13348 16187 16187 16187 16187 16187 16187 16187 16187 16187 16187 16187 16187
3842 3171 16187 9840 8710 6259 926 10033 15649 5208 2823 8592 5463 2263 9442 6688
1655 12233 14180 3102 8719 9222 3171 10917 10033 13348 16187 13348 16187 8719 16187 16187
3171 2563 8710 4537 1955 10355 1955 4776 2002 16187 16187 16187 16187 16187 16187 16187
3842 3171 16187 9840 8710 6259 926 10033 15649 5208 2823 8592 5463 2263 9442 6688
1655 12233 14180 3102 8719 9222 3171 10917 10033 13348 16187 13348 16187 8719 16187 16187
4776 10418 8710 4776 14589 3437 9424 11953 3171 10033 16187 16187 16187 16187 16187 16187
3842 3171 16187 9840 8710 6259 926 10033 15649 5208 2823 8592 5463 2263 9442 6688
1655 12233 14180 3102 8719 9222 3171 10917 10033 13348 16187 13348 16187 8719 16187 16187
8712 6179 1954 9332 1019 8726 869 11135 6173 5033 14237 5853 926 8712 15525 16187
3842 3171 16187 9840 8710 6259 926 10033 15649 5208 2823 8592 5463 2263 9442 6688
1655 12233 14180 3102 8719 9222 3171 10917 10033 13348 16187 13348 16187 8719 16187 16187
2093 5463 1919 4776 1068 1799 926 10020 16187 16187 16187 16187 16187 16187 16187 16187
3842 3171 16187 9840 8710 6259 926 10033 15649 5208 2823 8592 5463 2263 9442 6688
1655 12233 14180 3102 8719 9222 3171 10917 10033 13348 16187 13348 16187 8719 16187 16187
7740 973 13616 3171 2563 12232 551 8270 1919 4776 100 512 4776 6931 16187 16187
3842 3171 16187 9840 8710 6259 926 10033 15649 5208 2823 8592 5463 2263 9442 6688
1655 12233 14180 3102 8719 9222 3171 10917 10033 13348 16187 8719 4776 2563 16187 983
8712 5867 4465 6503 830 6259 6161 10033 13084 12487 14973 14043 14760 4296 6850 16187
3842 3171 16187 9840 8710 6259 926 10033 15649 5208 2823 8592 5463 2263 9442 6688
1655 12233 14180 3102 8719 9222 3171 10917 10033 13348 16187 13348 16187 8719 16187 16187
6173 12115 4776 9431 926 3177 4776 1383 16187 16187 16187 16187 16187 16187 16187 16187
3842 3171 16187 9840 8710 6259 926 10033 15649 5208 2823 8592 5463 2263 9442 6688
1655 12233 14180 3102 8719 9222 3171 10917 10033 13348 16187 8719 4776 2563 16187 983
12008 7740 6635 8712 926 16187 16187 16187 16187 16187 16187 16187 16187 16187 16187 16187
3842 3171 16187 9840 8710 6259 926 10033 15649 5208 2823 8592 5463 2263 9442 6688
1655 12233 14180 3102 8719 9222 3171 10917 10033 13348 16187 13348 16187 8719 16187 16187
1138 4325 12102 3171 16187 16187 16187 16187 16187 16187 16187 16187 16187 16187 16187 16187
3842 3171 16187 9840 8710 6259 926 10033 15649 5208 2823 8592 5463 2263 9442 6688
1655 12233 14180 3102 8719 9222 3171 10917 10033 13348 16187 8719 4776 2563 16187 983
4776 8808 14776 15071 8268 5820 16187 16187 16187 16187 16187 16187 16187 16187 16187 16187
3842 3171 16187 9840 8710 6259 926 10033 15649 5208 2823 8592 5463 2263 9442 6688
1655 12233 14180 3102 8719 9222 3171 10917 10033 13348 16187 13348 16187 8719 16187 16187
4776 926 12616 779 1332 6259 2457 2858 7410 5463 13959 1885 16187 16187 16187 16187
3842 3171 16187 9840 8710 6259 926 10033 15649 5208 2823 8592 5463 2263 9442 6688
1655 12233 14180 3102 8719 9222 3171 10917 10033 13348 16187 8719 4776 2563 16187 983
7740 3644 9754 8154 3171 12233 9455 1955 15096 1955 4776 11439 1706 14281 11674 16187
3842 3171 16187 9840 8710 6259 926 10033 15649 5208 2823 8592 5463 2263 9442 6688
1655 12233 14180 3102 8719 9222 3171 10917 10033 13348 16187 8719 4776 2563 16187 983
6687 8710 6259 3098 13587 10033 830 13592 983 13783 16187 16187 16187 16187 16187 16187
3842 3171 16187 9840 8710 6259 926 10033 15649 5208 2823 8592 5463 2263 9442 6688
1655 12233 14180 3102 8719 9222 3171 10917 10033 13348 16187 8719 4776 2563 16187 983
4776 9422 4931 9754 11196 8268 8712 5388 10016 14237 1632 16187 16187 16187 16187 16187
3842 3171 16187 9840 8710 6259 926 10033 15649 5208 2823 8592 5463 2263 9442 6688
1655 12233 14180 3102 8719 9222 3171 10917 10033 13348 16187 13348 16187 8719 16187 16187
6173 8163 11953 4776 4750 926 5463 8710 926 13348 16187 16187 16187 16187 16187 16187
3842 3171 16187 9840 8710 6259 926 10033 15649 5208 2823 8592 5463 2263 9442 6688
1655 12233 14180 3102 8719 9222 3171 10917 10033 13348 16187 13348 16187 8719 16187 16187
7508 8268 10191 1649 16105 3011 387 8268 14237 5463 4931 8712 16187 16187 16187 16187
3842 3171 16187 9840 8710 6259 926 10033 15649 5208 2823 8592 5463 2263 9442 6688
1655 12233 14180 3102 8719 9222 3171 10917 10033 13348 16187 8719 4776 2563 16187 983
8719 4776 10918 3177 12276 13034 7740 11839 3177 1245 12008 14029 4624 8309 16187 16187
3842 3171 16187 9840 8710 6259 926 10033 15649 5208 2823 8592 5463 2263 9442 6688
1655 12233 14180 3102 8719 9222 3171 10917 10033 13348 16187 8719 4776 2563 16187 983
7740 9884 7902 6259 13199 1919 14634 5867 4189 16187 16187 16187 16187 16187 16187 16187
3842 3171 16187 9840 8710 6259 926 10033 15649 5208 2823 8592 5463 2263 9442 6688
1655 12233 14180 3102 8719 9222 3171 10917 10033 13348 16187 8719 4776 2563 16187 983
4776 476 16004 4776 10288 926 2149 15265 1138 4776 926 5007 5711 16187 16187 16187
3842 3171 16187 9840 8710 6259 926 10033 15649 5208 2823 8592 5463 2263 9442 6688
1655 12233 14180 3102 8719 9222 3171 10917 10033 13348 16187 13348 16187 8719 16187 16187
7740 11553 12233 1436 7740 4931 9106 830 10566 3177 4776 1390 2103 16187 16187 16187
3842 3171 16187 9840 8710 6259 926 10033 15649 5208 2823 8592 5463 2263 9442 6688
1655 12233 14180 3102 8719 9222 3171 10917 10033 13348 16187 8719 4776 2563 16187 983
3171 2563 8268 8719 12276 3109 8268 8710 10915 12256 13348 16187 16187 16187 16187 16187
3842 3171 16187 9840 8710 6259 926 10033 15649 5208 2823 8592 5463 2263 9442 6688
1655 12233 14180 3102 8719 9222 3171 10917 10033 13348 16187 8719 4776 2563 16187 983
7740 2446 11530 4776 2053 926 3994 3177 926 16187 16187 16187 16187 16187 16187 16187
3842 3171 16187 9840 8710 6259 926 10033 15649 5208 2823 8592 5463 2263 9442 6688
1655 12233 14180 3102 8719 9222 3171 10917 10033 13348 16187 13348 16187 8719 16187 16187
14221 10967 8712 13348 16187 16187 16187 16187 16187 16187 16187 16187 16187 16187 16187 16187
3842 3171 16187 9840 8710 6259 926 10033 15649 5208 2823 8592 5463 2263 9442 6688
1655 12233 14180 3102 8719 9222 3171 10917 10033 13348 16187 13348 16187 8719 16187 16187
15828 10232 14442 926 16187 16187 16187 16187 16187 16187 16187 16187 16187 16187 16187 16187
3842 3171 16187 9840 8710 6259 926 10033 15649 5208 2823 8592 5463 2263 9442 6688
1655 12233 14180 3102 8719 9222 3171 10917 10033 13348 16187 13348 16187 8719 16187 16187
1885 14945 926 14776 2516 926 14237 13474 5208 3557 6259 3192 14889 1919 769 16187
3842 3171 16187 9840 8710 6259 926 10033 15649 5208 2823 8592 5463 2263 9442 6688
1655 12233 14180 3102 8719 9222 3171 10917 10033 13348 16187 13348 16187 8719 16187 16187
8719 3511 14029 4776 2543 4325 771 6259 7172 1515 1955 7742 16187 16187 16187 16187
3842 3171 16187 9840 8710 6259 926 10033 15649 5208 2823 8592 5463 2263 9442 6688
1655 12233 14180 3102 8719 9222 3171 10917 10033 13348 16187 13348 16187 8719 16187 16187
3171 3597 10714 8268 14237 6070 7742 12495 16187 16187 16187 16187 16187 16187 16187 16187
3842 3171 16187 9840 8710 6259 926 10033 15649 5208 2823 8592 5463 2263 9442 6688
1655 12233 14180 3102 8719 9222 3171 10917 10033 13348 16187 13348 16187 8719 16187 16187
9264 16187 16187 16187 16187 16187 16187 16187 16187 16187 16187 16187 16187 16187 16187 16187
3842 3171 16187 9840 8710 6259 926 10033 15649 5208 2823 8592 5463 2263 9442 6688
1655 12233 14180 3102 8719 9222 3171 10917 10033 13348 16187 8719 4776 2563 16187 983
13474 779 6259 926 3177 582 5463 6683 830 10855 2525 16187 16187 16187 16187 16187
3842 3171 16187 9840 8710 6259 926 10033 15649 5208 2823 8592 5463 2263 9442 6688
1655 12233 14180 3102 8719 9222 3171 10917 10033 13348 16187 13348 16187 8719 16187 16187
7740 15956 13089 7740 15096 12233 2552 6011 8268 7740 973 14029 2643 16187 16187 16187
3842 3171 16187 9840 8710 6259 926 10033 15649 5208 2823 8592 5463 2263 9442 6688
1655 12233 14180 3102 8719 9222 3171 10917 10033 13348 16187 13348 16187 8719 16187 16187
926 13348 13348 16187 16187 16187 16187 16187 16187 16187 16187 16187 16187 16187 16187 16187
3842 3171 16187 9840 8710 6259 926 10033 15649 5208 2823 8592 5463 2263 9442 6688
1655 12233 14180 3102 8719 9222 3171 10917 10033 13348 16187 13348 16187 8719 16187 16187
2053 10988 3994 4537 779 2444 16187 16187 16187 16187 16187 16187 16187 16187 16187 16187
3842 3171 16187 9840 8710 6259 926 10033 15649 5208 2823 8592 5463 2263 9442 6688
1655 12233 14180 3102 8719 9222 3171 10917 10033 13348 16187 13348 16187 8719 16187 16187
5329 12233 11393 4776 14634 5867 564 5459 12545 1885 8913 16187 16187 16187 16187 16187
3842 3171 16187 9840 8710 6259 926 10033 15649 5208 2823 8592 5463 2263 9442 6688
1655 12233 14180 3102 8719 9222 3171 10917 10033 13348 16187 8719 4776 2563 16187 983
8710 7525 1919 12364 4776 12536 12495 16187 16187 16187 16187 16187 16187 16187 16187 16187
3842 3171 16187 9840 8710 6259 926 10033 15649 5208 2823 8592 5463 2263 9442 6688
1655 12233 14180 3102 8719 9222 3171 10917 10033 13348 16187 8719 4776 2563 16187 983
14237 13089 6011 11031 5329 8268 10669 8537 630 8270 8268 15662 13348 13348 16187 16187
3842 3171 16187 9840 8710 6259 926 10033 15649 5208 2823 8592 5463 2263 9442 6688
1655 12233 14180 3102 8719 9222 3171 10917 10033 13348 16187 8719 4776 2563 16187 983
7740 4931 6070 9872 13089 7740 1442 926 926 14237 926 926 1390 16187 16187 16187
3842 3171 16187 9840 8710 6259 926 10033 15649 5208 2823 8592 5463 2263 9442 6688
1655 12233 14180 3102 8719 9222 3171 10917 10033 13348 16187 8719 4776 2563 16187 983
4776 6215 8710 7758 14237 551 12233 14180 3102 16187 16187 16187 16187 16187 16187 16187
3842 3171 16187 9840 8710 6259 926 10033 15649 5208 2823 8592 5463 2263 9442 6688
1655 12233 14180 3102 8719 9222 3171 10917 10033 13348 16187 13348 16187 8719 16187 16187
5332 8712 5867 6259 9450 9800 8268 12008 5297 2326 10770 12233 12650 16187 16187 16187
3842 3171 16187 9840 8710 6259 926 10033 15649 5208 2823 8592 5463 2263 9442 6688
1655 12233 14180 3102 8719 9222 3171 10917 10033 13348 16187 8719 4776 2563 16187 983
3171 8268 13570 8268 8710 1543 4776 14241 3177 1126 1777 3609 16187 16187 16187 16187
3842 3171 16187 9840 8710 6259 926 10033 15649 5208 2823 8592 5463 2263 9442 6688
1655 12233 14180 3102 8719 9222 3171 10917 10033 13348 16187 13348 16187 8719 16187 16187
12008 830 9070 1957 14589 4776 2563 5867 926 926 9743 8369 16187 16187 16187 16187
3842 3171 16187 9840 8710 6259 926 10033 15649 5208 2823 8592 5463 2263 9442 6688
1655 12233 14180 3102 8719 9222 3171 10917 10033 13348 16187 8719 4776 2563 16187 983
14237 14069 8710 6535 630 7945 926 5463 5627 8710 9754 6070 10355 16187 16187 16187
3842 3171 16187 9840 8710 6259 926 10033 15649 5208 2823 8592 5463 2263 9442 6688
1655 12233 14180 3102 8719 9222 3171 10917 10033 13348 16187 13348 16187 8719 16187 16187
1019 4776 929 741 5341 926 5867 15776 8719 4404 599 16187 16187 16187 16187 16187
3842 3171 16187 9840 8710 6259 926 10033 15649 5208 2823 8592 5463 2263 9442 6688
1655 12233 14180 3102 8719 9222 3171 10917 10033 13348 16187 13348 16187 8719 16187 16187
14966 8268 14966 13348 13348 13348 16187 16187 16187 16187 16187 16187 16187 16187 16187 16187
3842 3171 16187 9840 8710 6259 926 10033 15649 5208 2823 8592 5463 2263 9442 6688
1655 12233 14180 3102 8719 9222 3171 10917 10033 13348 16187 8719 4776 2563 16187 983
15928 14237 11652 2451 3177 8603 8268 14237 14776 6070 10355 1957 8712 16187 16187 16187
3842 3171 16187 9840 8710 6259 926 10033 15649 5208 2823 8592 5463 2263 9442 6688
1655 12233 14180 3102 8719 9222 3171 10917 10033 13348 16187 13348 16187 8719 16187 16187
2946 7588 12233 926 926 8268 12008 3171 2764 3112 8712 14219 16187 16187 16187 16187
3842 3171 16187 9840 8710 6259 926 10033 15649 5208 2823 8592 5463 2263 9442 6688
1655 12233 14180 3102 8719 9222 3171 10917 10033 13348 16187 8719 4776 2563 16187 983
12008 1229 630 8270 16187 16187 16187 16187 16187 16187 16187 16187 16187 16187 16187 16187
3842 3171 16187 9840 8710 6259 926 10033 15649 5208 2823 8592 5463 2263 9442 6688
1655 12233 14180 3102 8719 9222 3171 10917 10033 13348 16187 8719 4776 2563 16187 983
16146 512 5463 8712 4931 1954 2326 10355 10033 16187 16187 16187 16187 16187 16187 16187
3842 3171 16187 9840 8710 6259 926 10033 15649 5208 2823 8592 5463 2263 9442 6688
1655 12233 14180 3102 8719 9222 3171 10917 10033 13348 16187 13348 16187 8719 16187 16187
4776 12364 14237 12536 8710 6070 10355 16187 16187 16187 16187 16187 16187 16187 16187 16187
3842 3171 16187 9840 8710 6259 926 10033 15649 5208 2823 8592 5463 2263 9442 6688
1655 12233 14180 3102 8719 9222 3171 10917 10033 13348 16187 8719 4776 2563 16187 983
4312 12232 2823 6259 10887 4710 16187 16187 16187 16187 16187 16187 16187 16187 16187 16187
3842 3171 16187 9840 8710 6259 926 10033 15649 5208 2823 8592 5463 2263 9442 6688
1655 12233 14180 3102 8719 9222 3171 10917 10033 13348 16187 13348 16187 8719 16187 16187
10967 4311 14029 8268 8712 5867 926 3163 13348 16187 16187 16187 16187 16187 16187 16187
3842 3171 16187 9840 8710 6259 926 10033 15649 5208 2823 8592 5463 2263 9442 6688
1655 12233 14180 3102 8719 9222 3171 10917 10033 13348 16187 13348 16187 8719 16187 16187
8268 13474 3847 9754 9605 1885 11846 10301 13348 16187 16187 16187 16187 16187 16187 16187
3842 3171 16187 9840 8710 6259 926 10033 15649 5208 2823 8592 5463 2263 9442 6688
1655 12233 14180 3102 8719 9222 3171 10917 10033 13348 16187 8719 4776 2563 16187 983
13570 8268 15335 820 5272 14745 8268 13943 1955 6259 9708 16187 16187 16187 16187 16187
3842 3171 16187 9840 8710 6259 926 10033 15649 5208 2823 8592 5463 2263 9442 6688
1655 12233 14180 3102 8719 9222 3171 10917 10033 13348 16187 8719 4776 2563 16187 983
6173 12008 1138 752 15960 5711 4931 13084 14922 14766 16187 16187 16187 16187 16187 16187
3842 3171 16187 9840 8710 6259 926 10033 15649 5208 2823 8592 5463 2263 9442 6688
1655 12233 14180 3102 8719 9222 3171 10917 10033 13348 16187 8719 4776 2563 16187 983
4776 15776 14237 4776 11277 14776 15624 16187 16187 16187 16187 16187 16187 16187 16187 16187
3842 3171 16187 9840 8710 6259 926 10033 15649 5208 2823 8592 5463 2263 9442 6688
1655 12233 14180 3102 8719 9222 3171 10917 10033 13348 16187 13348 16187 8719 16187 16187
7740 11553 12233 2552 8712 14029 4776 10887 1583 13348 16187 16187 16187 16187 16187 16187
3842 3171 16187 9840 8710 6259 926 10033 15649 5208 2823 8592 5463 2263 9442 6688
1655 12233 14180 3102 8719 9222 3171 10917 10033 13348 16187 8719 4776 2563 16187 983
14237 5074 8428 12767 16187 16187 16187 16187 16187 16187 16187 16187 16187 16187 16187 16187
3842 3171 16187 9840 8710 6259 926 10033 15649 5208 2823 8592 5463 2263 9442 6688
1655 12233 14180 3102 8719 9222 3171 10917 10033 13348 16187 13348 16187 8719 16187 16187
12008 7542 4776 926 2563 4931 3098 14237 7740 11530 4776 8455 1694 16187 16187 16187
3842 3171 16187 9840 8710 6259 926 10033 15649 5208 2823 8592 5463 2263 9442 6688
1655 12233 14180 3102 8719 9222 3171 10917 10033 13348 16187 13348 16187 8719 16187 16187
12232 7740 12650 8712 10036 2598 16187 16187 16187 16187 16187 16187 16187 16187 16187 16187
3842 3171 16187 9840 8710 6259 926 10033 15649 5208 2823 8592 5463 2263 9442 6688
1655 12233 14180 3102 8719 9222 3171 10917 10033 13348 16187 13348 16187 8719 16187 16187
4776 2588 13756 12028 14043 1229 14776 6535 13178 16187 16187 16187 16187 16187 16187 16187
3842 3171 16187 9840 8710 6259 926 10033 15649 5208 2823 8592 5463 2263 9442 6688
1655 12233 14180 3102 8719 9222 3171 10917 10033 13348 16187 13348 16187 8719 16187 16187
13474 8710 6281 445 830 4776 7734 3177 4776 926 14237 926 1885 5562 16187 16187
3842 3171 16187 9840 8710 6259 926 10033 15649 5208 2823 8592 5463 2263 9442 6688
1655 12233 14180 3102 8719 9222 3171 10917 10033 13348 16187 8719 4776 2563 16187 983
4487 771 6259 10355 4183 830 8712 16187 16187 16187 16187 16187 16187 16187 16187 16187
3842 3171 16187 9840 8710 6259 926 10033 15649 5208 2823 8592 5463 2263 9442 6688
1655 12233 14180 3102 8719 9222 3171 10917 10033 13348 16187 8719 4776 2563 16187 983
12008 7740 16138 8197 8712 6259 2327 16187 16187 16187 16187 16187 16187 16187 16187 16187
3842 3171 16187 9840 8710 6259 926 10033 15649 5208 2823 8592 5463 2263 9442 6688
1655 12233 14180 3102 8719 9222 3171 10917 10033 13348 16187 13348 16187 8719 16187 16187
1229 7740 15846 1042 6011 1919 3171 12650 3171 2563 13348 16187 16187 16187 16187 16187
3842 3171 16187 9840 8710 6259 926 10033 15649 5208 2823 8592 5463 2263 9442 6688
1655 12233 14180 3102 8719 9222 3171 10917 10033 13348 16187 13348 16187 8719 16187 16187
15662 3847 13940 7448 388 12233 9605 1885 4609 10967 4776 10397 2598 16187 16187 16187
3842 3171 16187 9840 8710 6259 926 10033 15649 5208 2823 8592 5463 2263 9442 6688
1655 12233 14180 3102 8719 9222 3171 10917 10033 13348 16187 13348 16187 8719 16187 16187
2112 2446 8710 6259 2176 10033 8268 12576 7740 10503 7740 12773 2148 16187 16187 16187
3842 3171 16187 9840 8710 6259 926 10033 15649 5208 2823 8592 5463 2263 9442 6688
1655 12233 14180 3102 8719 9222 3171 10917 10033 13348 16187 13348 16187 8719 16187 16187
4776 1378 1371 2410 8710 12351 926 574 15649 8710 10355 16187 16187 16187 16187 16187
3842 3171 16187 9840 8710 6259 926 10033 15649 5208 2823 8592 5463 2263 9442 6688
1655 12233 14180 3102 8719 9222 3171 10917 10033 13348 16187 13348 16187 8719 16187 16187
4776 14596 12716 8710 5329 14740 1955 1750 1229 8719 6985 16187 16187 16187 16187 16187
3842 3171 16187 9840 8710 6259 926 10033 15649 5208 2823 8592 5463 2263 9442 6688
1655 12233 14180 3102 8719 9222 3171 10917 10033 13348 16187 13348 16187 8719 16187 16187
7001 2552 8712 16187 16187 16187 16187 16187 16187 16187 16187 16187 16187 16187 16187 16187
3842 3171 16187 9840 8710 6259 926 10033 15649 5208 2823 8592 5463 2263 9442 6688
1655 12233 14180 3102 8719 9222 3171 10917 10033 13348 16187 8719 4776 2563 16187 983
5568 2053 5063 3994 926 13949 1919 926 12201 12233 6259 6929 590 16187 16187 16187
3842 3171 16187 9840 8710 6259 926 10033 15649 5208 2823 8592 5463 2263 9442 6688
1655 12233 14180 3102 8719 9222 3171 10917 10033 13348 16187 13348 16187 8719 16187 16187
6011 15956 8268 5937 5286 84 8157 16187 16187 16187 16187 16187 16187 16187 16187 16187
3842 3171 16187 9840 8710 6259 926 10033 15649 5208 2823 8592 5463 2263 9442 6688
1655 12233 14180 3102 8719 9222 3171 10917 10033 13348 16187 8719 4776 2563 16187 983
4776 2122 8710 4923 14237 12467 6546 14255 1243 817 16187 16187 16187 16187 16187 16187
3842 3171 16187 9840 8710 6259 926 10033 15649 5208 2823 8592 5463 2263 9442 6688
1655 12233 14180 3102 8719 9222 3171 10917 10033 13348 16187 8719 4776 2563 16187 983
12958 6672 8268 11499 8268 9219 4776 4302 8913 16187 16187 16187 16187 16187 16187 16187
3842 3171 16187 9840 8710 6259 926 10033 15649 5208 2823 8592 5463 2263 9442 6688
1655 12233 14180 3102 8719 9222 3171 10917 10033 13348 16187 8719 4776 2563 16187 983
7740 12260 15890 14108 1919 5463 10488 16187 16187 16187 16187 16187 16187 16187 16187 16187
3842 3171 16187 9840 8710 6259 926 10033 15649 5208 2823 8592 5463 2263 9442 6688
1655 12233 14180 3102 8719 9222 3171 10917 10033 13348 16187 8719 4776 2563 16187 983
1955 6259 10025 926 7740 10915 12102 983 198 15768 16187 16187 16187 16187 16187 16187
3842 3171 16187 9840 8710 6259 926 10033 15649 5208 2823 8592 5463 2263 9442 6688
1655 12233 14180 3102 8719 9222 3171 10917 10033 13348 16187 13348 16187 8719 16187 16187
7740 13063 14734 926 3177 15866 1603 926 926 926 12541 926 8719 3171 2563 16187
3842 3171 16187 9840 8710 6259 926 10033 15649 5208 2823 8592 5463 2263 9442 6688
1655 12233 14180 3102 8719 9222 3171 10917 10033 13348 16187 13348 16187 8719 16187 16187
14237 8712 5867 11889 6259 4328 6340 16187 16187 16187 16187 16187 16187 16187 16187 16187
3842 3171 16187 9840 8710 6259 926 10033 15649 5208 2823 8592 5463 2263 9442 6688
1655 12233 14180 3102 8719 9222 3171 10917 10033 13348 16187 13348 16187 8719 16187 16187
3644 9754 10080 5463 16187 16187 16187 16187 16187 16187 16187 16187 16187 16187 16187 16187
3842 3171 16187 9840 8710 6259 926 10033 15649 5208 2823 8592 5463 2263 9442 6688
1655 12233 14180 3102 8719 9222 3171 10917 10033 13348 16187 8719 4776 2563 16187 983
8712 5867 4537 5329 4032 5937 983 16187 16187 16187 16187 16187 16187 16187 16187 16187
3842 3171 16187 9840 8710 6259 926 10033 15649 5208 2823 8592 5463 2263 9442 6688
1655 12233 14180 3102 8719 9222 3171 10917 10033 13348 16187 8719 4776 2563 16187 983
10993 16105 1954 12256 9685 8719 1965 16187 16187 16187 16187 16187 16187 16187 16187 16187
3842 3171 16187 9840 8710 6259 926 10033 15649 5208 2823 8592 5463 2263 9442 6688
1655 12233 14180 3102 8719 9222 3171 10917 10033 13348 16187 8719 4776 2563 16187 983
12008 8710 8712 2598 16187 16187 16187 16187 16187 16187 16187 16187 16187 16187 16187 16187
3842 3171 16187 9840 8710 6259 926 10033 15649 5208 2823 8592 5463 2263 9442 6688
1655 12233 14180 3102 8719 9222 3171 10917 10033 13348 16187 13348 16187 8719 16187 16187
5463 926 6467 3994 926 13348 16187 16187 16187 16187 16187 16187 16187 16187 16187 16187
3842 3171 16187 9840 8710 6259 926 10033 15649 5208 2823 8592 5463 2263 9442 6688
1655 12233 14180 3102 8719 9222 3171 10917 10033 13348 16187 8719 4776 2563 16187 983
8712 5867 10302 8268 15231 8268 13792 8268 14237 11075 1098 16187 16187 16187 16187 16187
3842 3171 16187 9840 8710 6259 926 10033 15649 5208 2823 8592 5463 2263 9442 6688
1655 12233 14180 3102 8719 9222 3171 10917 10033 13348 16187 13348 16187 8719 16187 16187
10770 8268 5003 14237 4779 5867 926 12127 9887 15874 16187 16187 16187 16187 16187 16187
3842 3171 16187 9840 8710 6259 926 10033 15649 5208 2823 8592 5463 2263 9442 6688
1655 12233 14180 3102 8719 9222 3171 10917 10033 13348 16187 13348 16187 8719 16187 16187
8712 779 4776 926 14237 5431 10967 5713 3314 16187 16187 16187 16187 16187 16187 16187
3842 3171 16187 9840 8710 6259 926 10033 15649 5208 2823 8592 5463 2263 9442 6688
1655 12233 14180 3102 8719 9222 3171 10917 10033 13348 16187 8719 4776 2563 16187 983
926 2837 14734 875 6442 16187 16187 16187 16187 16187 16187 16187 16187 16187 16187 16187
3842 3171 16187 9840 8710 6259 926 10033 15649 5208 2823 8592 5463 2263 9442 6688
1655 12233 14180 3102 8719 9222 3171 10917 10033 13348 16187 8719 4776 2563 16187 983
4931 14069 926 3102 2598 16187 16187 16187 16187 16187 16187 16187 16187 16187 16187 16187
3842 3171 16187 9840 8710 6259 926 10033 15649 5208 2823 8592 5463 2263 9442 6688
1655 12233 14180 3102 8719 9222 3171 10917 10033 13348 16187 13348 16187 8719 16187 16187
14237 926 5463 926 248 2837 926 16187 16187 16187 16187 16187 16187 16187 16187 16187
3842 3171 16187 9840 8710 6259 926 10033 15649 5208 2823 8592 5463 2263 9442 6688
1655 12233 14180 3102 8719 9222 3171 10917 10033 13348 16187 8719 4776 2563 16187 983
4642 3171 8710 7207 5463 8710 5329 13663 12008 8466 14237 5226 16187 16187 16187 16187
3842 3171 16187 9840 8710 6259 926 10033 15649 5208 2823 8592 5463 2263 9442 6688
1655 12233 14180 3102 8719 9222 3171 10917 10033 13348 16187 13348 16187 8719 16187 16187
9277 4624 2296 5272 5463 16187 16187 16187 16187 16187 16187 16187 16187 16187 16187 16187
3842 3171 16187 9840 8710 6259 926 10033 15649 5208 2823 8592 5463 2263 9442 6688
1655 12233 14180 3102 8719 9222 3171 10917 10033 13348 16187 13348 16187 8719 16187 16187
14237 8719 6259 4409 3865 10033 8268 13084 3765 16187 16187 16187 16187 16187 16187 16187
3842 3171 16187 9840 8710 6259 926 10033 15649 5208 2823 8592 5463 2263 9442 6688
1655 12233 14180 3102 8719 9222 3171 10917 10033 13348 16187 8719 4776 2563 16187 983
10242 3177 9743 16187 16187 16187 16187 16187 16187 16187 16187 16187 16187 16187 16187 16187
3842 3171 16187 9840 8710 6259 926 10033 15649 5208 2823 8592 5463 2263 9442 6688
1655 12233 14180 3102 8719 9222 3171 10917 10033 13348 16187 13348 16187 8719 16187 16187
3171 8710 6259 2689 10033 16187 16187 16187 16187 16187 16187 16187 16187 16187 16187 16187
3842 3171 16187 9840 8710 6259 926 10033 15649 5208 2823 8592 5463 2263 9442 6688
1655 12233 14180 3102 8719 9222 3171 10917 10033 13348 16187 8719 4776 2563 16187 983
2326 8268 8710 5463 8569 16187 16187 16187 16187 16187 16187 16187 16187 16187 16187 16187
3842 3171 16187 9840 8710 6259 926 10033 15649 5208 2823 8592 5463 2263 9442 6688
1655 12233 14180 3102 8719 9222 3171 10917 10033 13348 16187 8719 4776 2563 16187 983
7740 1951 6070 2758 12233 2552 3171 2563 8710 5568 16041 6259 2143 2143 16187 16187
3842 3171 16187 9840 8710 6259 926 10033 15649 5208 2823 8592 5463 2263 9442 6688
1655 12233 14180 3102 8719 9222 3171 10917 10033 13348 16187 8719 4776 2563 16187 983
5463 3847 9754 8905 8313 8712 5867 6259 6388 10033 16187 16187 16187 16187 16187 16187
3842 3171 16187 9840 8710 6259 926 10033 15649 5208 2823 8592 5463 2263 9442 6688
1655 12233 14180 3102 8719 9222 3171 10917 10033 13348 16187 13348 16187 8719 16187 16187
926 926 926 926 12892 8712 4776 926 5801 16187 16187 16187 16187 16187 16187 16187
3842 3171 16187 9840 8710 6259 926 10033 15649 5208 2823 8592 5463 2263 9442 6688
1655 12233 14180 3102 8719 9222 3171 10917 10033 13348 16187 13348 16187 8719 16187 16187
5086 15525 5463 4776 5200 8719 9438 779 6826 9562 10988 1392 8719 2263 926 16187
3842 3171 16187 9840 8710 6259 926 10033 15649 5208 2823 8592 5463 2263 9442 6688
1655 12233 14180 3102 8719 9222 3171 10917 10033 13348 16187 13348 16187 8719 16187 16187
12013 4931 4546 830 14272 4776 926 771 12233 8855 1919 16187 16187 16187 16187 16187
3842 3171 16187 9840 8710 6259 926 10033 15649 5208 2823 8592 5463 2263 9442 6688
1655 12233 14180 3102 8719 9222 3171 10917 10033 13348 16187 13348 16187 8719 16187 16187
8726 5808 3364 15002 6826 13164 4311 926 12187 7740 6635 8712 13348 13348 16187 16187
3842 3171 16187 9840 8710 6259 926 10033 15649 5208 2823 8592 5463 2263 9442 6688
1655 12233 14180 3102 8719 9222 3171 10917 10033 13348 16187 8719 4776 2563 16187 983
6173 14937 14029 12233 10418 16187 16187 16187 16187 16187 16187 16187 16187 16187 16187 16187
3842 3171 16187 9840 8710 6259 926 10033 15649 5208 2823 8592 5463 2263 9442 6688
1655 12233 14180 3102 8719 9222 3171 10917 10033 13348 16187 8719 4776 2563 16187 983
12008 7740 12232 1436 5463 8712 5867 14219 512 14272 6011 14776 5807 16187 16187 16187
3842 3171 16187 9840 8710 6259 926 10033 15649 5208 2823 8592 5463 2263 9442 6688
1655 12233 14180 3102 8719 9222 3171 10917 10033 13348 16187 8719 4776 2563 16187 983
9332 10033 8268 1955 14776 4776 4859 91 16187 16187 16187 16187 16187 16187 16187 16187
3842 3171 16187 9840 8710 6259 926 10033 15649 5208 2823 8592 5463 2263 9442 6688
1655 12233 14180 3102 8719 9222 3171 10917 10033 13348 16187 13348 16187 8719 16187 16187
4776 2563 12240 3177 1138 926 779 14573 5711 16105 9070 188 12233 12650 8712 16187
3842 3171 16187 9840 8710 6259 926 10033 15649 5208 2823 8592 5463 2263 9442 6688
1655 12233 14180 3102 8719 9222 3171 10917 10033 13348 16187 13348 16187 8719 16187 16187
4776 5568 6378 15662 4776 13886 4931 9575 4931 12233 3520 8719 3171 8808 16187 16187
3842 3171 16187 9840 8710 6259 926 10033 15649 5208 2823 8592 5463 2263 9442 6688
1655 12233 14180 3102 8719 9222 3171 10917 10033 13348 16187 13348 16187 8719 16187 16187
569 3177 8811 16187 16187 16187 16187 16187 16187 16187 16187 16187 16187 16187 16187 16187
3842 3171 16187 9840 8710 6259 926 10033 15649 5208 2823 8592 5463 2263 9442 6688
1655 12233 14180 3102 8719 9222 3171 10917 10033 13348 16187 8719 4776 2563 16187 983
6173 14237 2361 12233 1378 3177 4776 12850 926 5463 8084 6665 16187 16187 16187 16187
3842 3171 16187 9840 8710 6259 926 10033 15649 5208 2823 8592 5463 2263 9442 6688
1655 12233 14180 3102 8719 9222 3171 10917 10033 13348 16187 8719 4776 2563 16187 983
1138 2669 8268 2669 5711 14180 816 16187 16187 16187 16187 16187 16187 16187 16187 16187
3842 3171 16187 9840 8710 6259 926 10033 15649 5208 2823 8592 5463 2263 9442 6688
1655 12233 14180 3102 8719 9222 3171 10917 10033 13348 16187 8719 4776 2563 16187 983
8712 5867 5463 4325 11553 10716 2292 4776 6071 15525 3177 5445 14537 16187 16187 16187
3842 3171 16187 9840 8710 6259 926 10033 15649 5208 2823 8592 5463 2263 9442 6688
1655 12233 14180 3102 8719 9222 3171 10917 10033 13348 16187 13348 16187 8719 16187 16187
1098 13348 16187 16187 16187 16187 16187 16187 16187 16187 16187 16187 16187 16187 16187 16187
3842 3171 16187 9840 8710 6259 926 10033 15649 5208 2823 8592 5463 2263 9442 6688
1655 12233 14180 3102 8719 9222 3171 10917 10033 13348 16187 13348 16187 8719 16187 16187
926 1799 8268 1954 3654 1957 926 8268 8710 8140 6689 3887 1919 6259 5459 16187
3842 3171 16187 9840 8710 6259 926 10033 15649 5208 2823 8592 5463 2263 9442 6688
1655 12233 14180 3102 8719 9222 3171 10917 10033 13348 16187 8719 4776 2563 16187 983
1919 4776 2067 2664 8268 4776 10033 5568 10272 8656 13839 10437 16187 16187 16187 16187
3842 3171 16187 9840 8710 6259 926 10033 15649 5208 2823 8592 5463 2263 9442 6688
1655 12233 14180 3102 8719 9222 3171 10917 10033 13348 16187 8719 4776 2563 16187 983
6173 9138 4277 1390 9484 1019 8712 3847 9754 14131 12233 2823 1543 8712 8710 16187
3842 3171 16187 9840 8710 6259 926 10033 15649 5208 2823 8592 5463 2263 9442 6688
1655 12233 14180 3102 8719 9222 3171 10917 10033 13348 16187 13348 16187 8719 16187 16187
5329 6259 3098 6071 10033 12008 8712 13549 4776 3449 14272 8712 1644 16187 16187 16187
3842 3171 16187 9840 8710 6259 926 10033 15649 5208 2823 8592 5463 2263 9442 6688
1655 12233 14180 3102 8719 9222 3171 10917 10033 13348 16187 8719 4776 2563 16187 983
8710 8712 5580 1378 3177 4776 10566 13542 2563 6489 3177 14180 983 2598 16187 16187
3842 3171 16187 9840 8710 6259 926 10033 15649 5208 2823 8592 5463 2263 9442 6688
1655 12233 14180 3102 8719 9222 3171 10917 10033 13348 16187 8719 4776 2563 16187 983
5695 8808 13348 16187 16187 16187 16187 16187 16187 16187 16187 16187 16187 16187 16187 16187
3842 3171 16187 9840 8710 6259 926 10033 15649 5208 2823 8592 5463 2263 9442 6688
1655 12233 14180 3102 8719 9222 3171 10917 10033 13348 16187 8719 4776 2563 16187 983
6011 9890 12102 8712 14043 1110 8712 16187 16187 16187 16187 16187 16187 16187 16187 16187
3842 3171 16187 9840 8710 6259 926 10033 15649 5208 2823 8592 5463 2263 9442 6688
1655 12233 14180 3102 8719 9222 3171 10917 10033 13348 16187 8719 4776 2563 16187 983
15846 14069 2823 4404 2598 16187 16187 16187 16187 16187 16187 16187 16187 16187 16187 16187
3842 3171 16187 9840 8710 6259 926 10033 15649 5208 2823 8592 5463 2263 9442 6688
1655 12233 14180 3102 8719 9222 3171 10917 10033 13348 16187 13348 16187 8719 16187 16187
1138 8719 14043 15525 5711 8710 12276 11070 16187 16187 16187 16187 16187 16187 16187 16187
3842 3171 16187 9840 8710 6259 926 10033 15649 5208 2823 8592 5463 2263 9442 6688
1655 12233 14180 3102 8719 9222 3171 10917 10033 13348 16187 13348 16187 8719 16187 16187
7926 9084 9754 9577 6826 14766 3177 5358 14237 7740 12773 8270 16187 16187 16187 16187
3842 3171 16187 9840 8710 6259 926 10033 15649 5208 2823 8592 5463 2263 9442 6688
1655 12233 14180 3102 8719 9222 3171 10917 10033 13348 16187 13348 16187 8719 16187 16187
15231 2598 16187 16187 16187 16187 16187 16187 16187 16187 16187 16187 16187 16187 16187 16187
3842 3171 16187 9840 8710 6259 926 10033 15649 5208 2823 8592 5463 2263 9442 6688
1655 12233 14180 3102 8719 9222 3171 10917 10033 13348 16187 8719 4776 2563 16187 983
3171 4325 3364 11553 10862 8268 14043 6724 4776 983 8270 12233 15232 16146 15768 16187
3842 3171 16187 9840 8710 6259 926 10033 15649 5208 2823 8592 5463 2263 9442 6688
1655 12233 14180 3102 8719 9222 3171 10917 10033 13348 16187 8719 4776 2563 16187 983
7740 4931 10566 15090 1919 203 4776 14599 16105 926 926 5867 926 8808 6855 16187
3842 3171 16187 9840 8710 6259 926 10033 15649 5208 2823 8592 5463 2263 9442 6688
1655 12233 14180 3102 8719 9222 3171 10917 10033 13348 16187 8719 4776 2563 16187 983
1229 12233 14275 8712 2903 12003 8712 8268 12650 8712 14237 1110 8712 16187 16187 16187
3842 3171 16187 9840 8710 6259 926 10033 15649 5208 2823 8592 5463 2263 9442 6688
1655 12233 14180 3102 8719 9222 3171 10917 10033 13348 16187 13348 16187 8719 16187 16187
5332 830 4776 8569 8268 14237 7740 4552 8313 8569 16187 16187 16187 16187 16187 16187
3842 3171 16187 9840 8710 6259 926 10033 15649 5208 2823 8592 5463 2263 9442 6688
1655 12233 14180 3102 8719 9222 3171 10917 10033 13348 16187 8719 4776 2563 16187 983
10355 13348 16187 16187 16187 16187 16187 16187 16187 16187 16187 16187 16187 16187 16187 16187
3842 3171 16187 9840 8710 6259 926 10033 15649 5208 2823 8592 5463 2263 9442 6688
1655 12233 14180 3102 8719 9222 3171 10917 10033 13348 16187 8719 4776 2563 16187 983
13464 8268 2053 4776 1871 3994 15846 5329 561 12233 4230 10671 3177 926 6071 16187
3842 3171 16187 9840 8710 6259 926 10033 15649 5208 2823 8592 5463 2263 9442 6688
1655 12233 14180 3102 8719 9222 3171 10917 10033 13348 16187 8719 4776 2563 16187 983
1375 8274 16187 16187 16187 16187 16187 16187 16187 16187 16187 16187 16187 16187 16187 16187
3842 3171 16187 9840 8710 6259 926 10033 15649 5208 2823 8592 5463 2263 9442 6688
1655 12233 14180 3102 8719 9222 3171 10917 10033 13348 16187 13348 16187 8719 16187 16187
3171 8710 6259 3211 11889 13084 16146 16187 16187 16187 16187 16187 16187 16187 16187 16187
3842 3171 16187 9840 8710 6259 926 10033 15649 5208 2823 8592 5463 2263 9442 6688
1655 12233 14180 3102 8719 9222 3171 10917 10033 13348 16187 8719 4776 2563 16187 983
11499 8268 8712 4931 14219 8268 1640 1919 6535 8569 10418 16187 16187 16187 16187 16187
3842 3171 16187 9840 8710 6259 926 10033 15649 5208 2823 8592 5463 2263 9442 6688
1655 12233 14180 3102 8719 9222 3171 10917 10033 13348 16187 13348 16187 8719 16187 16187
10975 5867 15250 4837 2053 14734 3994 14164 8268 100 8268 926 16187 16187 16187 16187
3842 3171 16187 9840 8710 6259 926 10033 15649 5208 2823 8592 5463 2263 9442 6688
1655 12233 14180 3102 8719 9222 3171 10917 10033 13348 16187 8719 4776 2563 16187 983
14237 1378 3177 4776 15335 1747 8185 7740 11553 12766 926 9316 16187 16187 16187 16187
3842 3171 16187 9840 8710 6259 926 10033 15649 5208 2823 8592 5463 2263 9442 6688
1655 12233 14180 3102 8719 9222 3171 10917 10033 13348 16187 13348 16187 8719 16187 16187
3171 926 520 926 2615 8710 11451 10957 2837 6733 10967 4776 361 16187 16187 16187
3842 3171 16187 9840 8710 6259 926 10033 15649 5208 2823 8592 5463 2263 9442 6688
1655 12233 14180 3102 8719 9222 3171 10917 10033 13348 16187 8719 4776 2563 16187 983
7740 9431 4931 926 2837 4776 5358 8719 3171 10033 16187 16187 16187 16187 16187 16187
3842 3171 16187 9840 8710 6259 926 10033 15649 5208 2823 8592 5463 2263 9442 6688
1655 12233 14180 3102 8719 9222 3171 10917 10033 13348 16187 8719 4776 2563 16187 983
15208 13616 1955 6286 9084 9754 16187 16187 16187 16187 16187 16187 16187 16187 16187 16187
3842 3171 16187 9840 8710 6259 926 10033 15649 5208 2823 8592 5463 2263 9442 6688
1655 12233 14180 3102 8719 9222 3171 10917 10033 13348 16187 8719 4776 2563 16187 983
8712 5867 7931 8268 14237 8798 4776 6850 14237 5445 3211 3112 8712 4189 16187 16187
3842 3171 16187 9840 8710 6259 926 10033 15649 5208 2823 8592 5463 2263 9442 6688
1655 12233 14180 3102 8719 9222 3171 10917 10033 13348 16187 8719 4776 2563 16187 983
1378 14470 1436 1138 203 11953 1290 2598 5711 16187 16187 16187 16187 16187 16187 16187
3842 3171 16187 9840 8710 6259 926 10033 15649 5208 2823 8592 5463 2263 9442 6688
1655 12233 14180 3102 8719 9222 3171 10917 10033 13348 16187 13348 16187 8719 16187 16187
4325 9084 8712 1919 8151 926 8268 5356 13667 14237 926 13183 16187 16187 16187 16187
3842 3171 16187 9840 8710 6259 926 10033 15649 5208 2823 8592 5463 2263 9442 6688
1655 12233 14180 3102 8719 9222 3171 10917 10033 13348 16187 13348 16187 8719 16187 16187
8712 15881 6799 16187 16187 16187 16187 16187 16187 16187 16187 16187 16187 16187 16187 16187
3842 3171 16187 9840 8710 6259 926 10033 15649 5208 2823 8592 5463 2263 9442 6688
1655 12233 14180 3102 8719 9222 3171 10917 10033 13348 16187 8719 4776 2563 16187 983
4776 9441 2598 16187 16187 16187 16187 16187 16187 16187 16187 16187 16187 16187 16187 16187
3842 3171 16187 9840 8710 6259 926 10033 15649 5208 2823 8592 5463 2263 9442 6688
1655 12233 14180 3102 8719 9222 3171 10917 10033 13348 16187 8719 4776 2563 16187 983
4311 926 771 12233 13317 15525 15658 4931 4776 16020 16187 16187 16187 16187 16187 16187
3842 3171 16187 9840 8710 6259 926 10033 15649 5208 2823 8592 5463 2263 9442 6688
1655 12233 14180 3102 8719 9222 3171 10917 10033 13348 16187 13348 16187 8719 16187 16187
7740 3553 3171 926 326 5137 1955 8710 16187 16187 16187 16187 16187 16187 16187 16187
3842 3171 16187 9840 8710 6259 926 10033 15649 5208 2823 8592 5463 2263 9442 6688
1655 12233 14180 3102 8719 9222 3171 10917 10033 13348 16187 13348 16187 8719 16187 16187
926 8710 8268 8719 3511 8268 4776 10887 6378 12233 2552 4776 10033 16187 16187 16187
3842 3171 16187 9840 8710 6259 926 10033 15649 5208 2823 8592 5463 2263 9442 6688
1655 12233 14180 3102 8719 9222 3171 10917 10033 13348 16187 8719 4776 2563 16187 983
9063 4624 9605 4776 8656 926 1019 13348 16187 16187 16187 16187 16187 16187 16187 16187
3842 3171 16187 9840 8710 6259 926 10033 15649 5208 2823 8592 5463 2263 9442 6688
1655 12233 14180 3102 8719 9222 3171 10917 10033 13348 16187 8719 4776 2563 16187 983
8258 15085 926 7703 926 8697 13474 4931 15525 14069 5967 12233 926 4312 16187 16187
3842 3171 16187 9840 8710 6259 926 10033 15649 5208 2823 8592 5463 2263 9442 6688
1655 12233 14180 3102 8719 9222 3171 10917 10033 13348 16187 8719 4776 2563 16187 983
7926 684 6259 8871 3532 16187 16187 16187 16187 16187 16187 16187 16187 16187 16187 16187
3842 3171 16187 9840 8710 6259 926 10033 15649 5208 2823 8592 5463 2263 9442 6688
1655 12233 14180 3102 8719 9222 3171 10917 10033 13348 16187 8719 4776 2563 16187 983
11953 12052 1243 2968 8268 12276 2752 14237 13121 14211 8309 926 16187 16187 16187 16187
3842 3171 16187 9840 8710 6259 926 10033 15649 5208 2823 8592 5463 2263 9442 6688
1655 12233 14180 3102 8719 9222 3171 10917 10033 13348 16187 13348 16187 8719 16187 16187
12008 4776 12536 8710 6297 3257 16187 16187 16187 16187 16187 16187 16187 16187 16187 16187
3842 3171 16187 9840 8710 6259 926 10033 15649 5208 2823 8592 5463 2263 9442 6688
1655 12233 14180 3102 8719 9222 3171 10917 10033 13348 16187 13348 16187 8719 16187 16187
6601 926 926 5867 564 10344 7620 10033 16187 16187 16187 16187 16187 16187 16187 16187
3842 3171 16187 9840 8710 6259 926 10033 15649 5208 2823 8592 5463 2263 9442 6688
1655 12233 14180 3102 8719 9222 3171 10917 10033 13348 16187 13348 16187 8719 16187 16187
1138 4776 926 5711 3418 8151 3409 16187 16187 16187 16187 16187 16187 16187 16187 16187
3842 3171 16187 9840 8710 6259 926 10033 15649 5208 2823 8592 5463 2263 9442 6688
1655 12233 14180 3102 8719 9222 3171 10917 10033 13348 16187 8719 4776 2563 16187 983
3171 2563 3364 11553 12766 1229 630 2148 16187 16187 16187 16187 16187 16187 16187 16187
3842 3171 16187 9840 8710 6259 926 10033 15649 5208 2823 8592 5463 2263 9442 6688
1655 12233 14180 3102 8719 9222 3171 10917 10033 13348 16187 8719 4776 2563 16187 983
12757 9070 16187 16187 16187 16187 16187 16187 16187 16187 16187 16187 16187 16187 16187 16187
3842 3171 16187 9840 8710 6259 926 10033 15649 5208 2823 8592 5463 2263 9442 6688
1655 12233 14180 3102 8719 9222 3171 10917 10033 13348 16187 13348 16187 8719 16187 16187
5329 1229 11162 8268 12008 5297 6070 10602 8268 8710 4776 6006 16187 16187 16187 16187
3842 3171 16187 9840 8710 6259 926 10033 15649 5208 2823 8592 5463 2263 9442 6688
1655 12233 14180 3102 8719 9222 3171 10917 10033 13348 16187 8719 4776 2563 16187 983
13474 7165 1229 5259 14237 9366 8268 8798 13474 243 8947 14029 1885 14585 16187 16187
3842 3171 16187 9840 8710 6259 926 10033 15649 5208 2823 8592 5463 2263 9442 6688
1655 12233 14180 3102 8719 9222 3171 10917 10033 13348 16187 13348 16187 8719 16187 16187
8712 2326 9084 9754 8438 16187 16187 16187 16187 16187 16187 16187 16187 16187 16187 16187
3842 3171 16187 9840 8710 6259 926 10033 15649 5208 2823 8592 5463 2263 9442 6688
1655 12233 14180 3102 8719 9222 3171 10917 10033 13348 16187 13348 16187 8719 16187 16187
