3171 8710 6259 10033 5463 3543 11553 12766 4592 11889 6259 1799 926 7154 16187 16187
3489 4750 12835 13830 4776 2946 14776 2176 8719 4776 926 16187 16187 16187 16187 16187
1655 12233 14180 3102 8719 9222 3171 10917 10033 13348 16187 8719 4776 2563 16187 16187
11719 8268 4552 9754 8069 3432 16187 16187 16187 16187 16187 16187 16187 16187 16187 16187
3489 4750 12835 13830 4776 2946 14776 2176 8719 4776 926 16187 16187 16187 16187 16187
1655 12233 14180 3102 8719 9222 3171 10917 10033 13348 16187 8719 4776 2563 16187 16187
4776 2563 4931 2446 1954 926 12007 12233 4776 715 14125 8330 3177 4776 8858 16187
3489 4750 12835 13830 4776 2946 14776 2176 8719 4776 926 16187 16187 16187 16187 16187
1655 12233 14180 3102 8719 9222 3171 10917 10033 13348 16187 8719 4776 2563 16187 16187
1229 8268 12276 10054 6489 1919 5713 1133 14405 12276 3109 5917 16187 16187 16187 16187
3489 4750 12835 13830 4776 2946 14776 2176 8719 4776 926 16187 16187 16187 16187 16187
1655 12233 14180 3102 8719 9222 3171 10917 10033 13348 16187 8719 4776 2563 16187 16187
7740 8313 7740 9429 926 3436 5867 10418 8719 926 512 1885 10418 16187 16187 16187
3489 4750 12835 13830 4776 2946 14776 2176 8719 4776 926 16187 16187 16187 16187 16187
1655 12233 14180 3102 8719 9222 3171 10917 10033 13348 16187 8719 4776 2563 16187 16187
8712 14156 6259 3398 2087 14029 203 14180 4776 1146 284 9498 3251 6173 16187 16187
3489 4750 12835 13830 4776 2946 14776 2176 8719 4776 926 16187 16187 16187 16187 16187
1655 12233 14180 3102 8719 9222 3171 10917 10033 13348 16187 8719 4776 2563 16187 16187
7740 4552 9754 15956 8268 7740 2383 7740 11553 6259 9424 830 12011 926 16187 16187
3489 4750 12835 13830 4776 2946 14776 2176 8719 4776 926 16187 16187 16187 16187 16187
1655 12233 14180 3102 8719 9222 3171 10917 10033 13348 16187 8719 4776 2563 16187 16187
7740 4552 5329 11889 926 8369 16187 16187 16187 16187 16187 16187 16187 16187 16187 16187
3489 4750 12835 13830 4776 2946 14776 2176 8719 4776 926 16187 16187 16187 16187 16187
1655 12233 14180 3102 8719 9222 3171 10917 10033 13348 16187 8719 4776 2563 16187 16187
1229 14272 8270 983 12233 5243 11953 4776 2563 512 5332 2598 16187 16187 16187 16187
3489 4750 12835 13830 4776 2946 14776 2176 8719 4776 926 16187 16187 16187 16187 16187
1655 12233 14180 3102 8719 9222 3171 10917 10033 13348 16187 8719 4776 2563 16187 16187
4931 3171 14180 1954 5830 149 926 7857 14029 657 2598 16187 16187 16187 16187 16187
3489 4750 12835 13830 4776 2946 14776 2176 8719 4776 926 16187 16187 16187 16187 16187
1655 12233 14180 3102 8719 9222 3171 10917 10033 13348 16187 8719 4776 2563 16187 16187
7542 2263 6259 14139 16187 16187 16187 16187 16187 16187 16187 16187 16187 16187 16187 16187
3489 4750 12835 13830 4776 2946 14776 2176 8719 4776 926 16187 16187 16187 16187 16187
1655 12233 14180 3102 8719 9222 3171 10917 10033 13348 16187 8719 4776 2563 16187 16187
926 779 9754 12766 14069 9591 830 9070 12233 6077 11953 1885 16187 16187 16187 16187
3489 4750 12835 13830 4776 2946 14776 2176 8719 4776 926 16187 16187 16187 16187 16187
1655 12233 14180 3102 8719 9222 3171 10917 10033 13348 16187 8719 4776 2563 16187 16187
6011 4628 9754 2823 9872 13348 13348 16187 16187 16187 16187 16187 16187 16187 16187 16187
3489 4750 12835 13830 4776 2946 14776 2176 8719 4776 926 16187 16187 16187 16187 16187
1655 12233 14180 3102 8719 9222 3171 10917 10033 13348 16187 8719 4776 2563 16187 16187
14180 3177 926 5867 1133 13422 12835 12300 12233 4776 926 10813 3177 1370 926 16187
3489 4750 12835 13830 4776 2946 14776 2176 8719 4776 926 16187 16187 16187 16187 16187
1655 12233 14180 3102 8719 9222 3171 10917 10033 13348 16187 8719 4776 2563 16187 16187
4776 2601 9046 6546 6070 5820 9563 4240 14919 9483 16187 16187 16187 16187 16187 16187
3489 4750 12835 13830 4776 2946 14776 2176 8719 4776 926 16187 16187 16187 16187 16187
1655 12233 14180 3102 8719 9222 3171 10917 10033 13348 16187 8719 4776 2563 16187 16187
1019 14180 4776 6913 3635 8719 4776 14842 14776 14244 13891 3177 4679 6173 16187 16187
3489 4750 12835 13830 4776 2946 14776 2176 8719 4776 926 16187 16187 16187 16187 16187
1655 12233 14180 3102 8719 9222 3171 10917 10033 13348 16187 8719 4776 2563 16187 16187
7740 9084 9754 2696 4776 7671 16187 16187 16187 16187 16187 16187 16187 16187 16187 16187
3489 4750 12835 13830 4776 2946 14776 2176 8719 4776 926 16187 16187 16187 16187 16187
1655 12233 14180 3102 8719 9222 3171 10917 10033 13348 16187 8719 4776 2563 16187 16187
14237 7740 9331 14237 926 14745 830 8712 16187 16187 16187 16187 16187 16187 16187 16187
3489 4750 12835 13830 4776 2946 14776 2176 8719 4776 926 16187 16187 16187 16187 16187
1655 12233 14180 3102 8719 9222 3171 10917 10033 13348 16187 8719 4776 2563 16187 16187
12127 926 779 6259 289 926 16187 16187 16187 16187 16187 16187 16187 16187 16187 16187
3489 4750 12835 13830 4776 2946 14776 2176 8719 4776 926 16187 16187 16187 16187 16187
1655 12233 14180 3102 8719 9222 3171 10917 10033 13348 16187 8719 4776 2563 16187 16187
8710 7926 5463 7578 830 9831 2598 16187 16187 16187 16187 16187 16187 16187 16187 16187
3489 4750 12835 13830 4776 2946 14776 2176 8719 4776 926 16187 16187 16187 16187 16187
1655 12233 14180 3102 8719 9222 3171 10917 10033 13348 16187 8719 4776 2563 16187 16187
14272 8810 3847 8710 13134 16187 16187 16187 16187 16187 16187 16187 16187 16187 16187 16187
3489 4750 12835 13830 4776 2946 14776 2176 8719 4776 926 16187 16187 16187 16187 16187
1655 12233 14180 3102 8719 9222 3171 10917 10033 13348 16187 8719 4776 2563 16187 16187
14411 8268 5463 4931 6259 4565 3787 16187 16187 16187 16187 16187 16187 16187 16187 16187
3489 4750 12835 13830 4776 2946 14776 2176 8719 4776 926 16187 16187 16187 16187 16187
1655 12233 14180 3102 8719 9222 3171 10917 10033 13348 16187 8719 4776 2563 16187 16187
8712 5867 10762 10324 14237 10324 14237 4776 2285 13839 9084 6259 10355 15781 16187 16187
3489 4750 12835 13830 4776 2946 14776 2176 8719 4776 926 16187 16187 16187 16187 16187
1655 12233 14180 3102 8719 9222 3171 10917 10033 13348 16187 8719 4776 2563 16187 16187
4776 9047 3177 8794 11399 2598 16187 16187 16187 16187 16187 16187 16187 16187 16187 16187
3489 4750 12835 13830 4776 2946 14776 2176 8719 4776 926 16187 16187 16187 16187 16187
1655 12233 14180 3102 8719 9222 3171 10917 10033 13348 16187 8719 4776 2563 16187 16187
3171 2563 771 1229 630 8811 12233 2823 5774 926 14112 13348 16187 16187 16187 16187
3489 4750 12835 13830 4776 2946 14776 2176 8719 4776 926 16187 16187 16187 16187 16187
1655 12233 14180 3102 8719 9222 3171 10917 10033 13348 16187 8719 4776 2563 16187 16187
14403 7926 684 926 7926 8710 4776 926 12904 8719 4776 10033 926 926 10036 16187
3489 4750 12835 13830 4776 2946 14776 2176 8719 4776 926 16187 16187 16187 16187 16187
1655 12233 14180 3102 8719 9222 3171 10917 10033 13348 16187 8719 4776 2563 16187 16187
12008 5329 12127 2563 5208 2823 16187 16187 16187 16187 16187 16187 16187 16187 16187 16187
3489 4750 12835 13830 4776 2946 14776 2176 8719 4776 926 16187 16187 16187 16187 16187
1655 12233 14180 3102 8719 9222 3171 10917 10033 13348 16187 8719 4776 2563 16187 16187
7740 5046 9084 16187 16187 16187 16187 16187 16187 16187 16187 16187 16187 16187 16187 16187
3489 4750 12835 13830 4776 2946 14776 2176 8719 4776 926 16187 16187 16187 16187 16187
1655 12233 14180 3102 8719 9222 3171 10917 10033 13348 16187 8719 4776 2563 16187 16187
14043 16108 13474 9002 2598 16187 16187 16187 16187 16187 16187 16187 16187 16187 16187 16187
3489 4750 12835 13830 4776 2946 14776 2176 8719 4776 926 16187 16187 16187 16187 16187
1655 12233 14180 3102 8719 9222 3171 10917 10033 13348 16187 8719 4776 2563 16187 16187
3171 2563 4931 2326 8569 16187 16187 16187 16187 16187 16187 16187 16187 16187 16187 16187
3489 4750 12835 13830 4776 2946 14776 2176 8719 4776 926 16187 16187 16187 16187 16187
1655 12233 14180 3102 8719 9222 3171 10917 10033 13348 16187 8719 4776 2563 16187 16187
14180 8719 14180 8268 6259 3296 7652 830 11247 13348 16187 16187 16187 16187 16187 16187
3489 4750 12835 13830 4776 2946 14776 2176 8719 4776 926 16187 16187 16187 16187 16187
1655 12233 14180 3102 8719 9222 3171 10917 10033 13348 16187 8719 4776 2563 16187 16187
3171 8710 1378 3177 4776 1080 8268 11008 14237 10566 13362 6071 2563 8084 13348 16187
3489 4750 12835 13830 4776 2946 14776 2176 8719 4776 926 16187 16187 16187 16187 16187
1655 12233 14180 3102 8719 9222 3171 10917 10033 13348 16187 8719 4776 2563 16187 16187
5627 16187 16187 16187 16187 16187 16187 16187 16187 16187 16187 16187 16187 16187 16187 16187
3489 4750 12835 13830 4776 2946 14776 2176 8719 4776 926 16187 16187 16187 16187 16187
1655 12233 14180 3102 8719 9222 3171 10917 10033 13348 16187 8719 4776 2563 16187 16187
11022 2837 4776 12578 12239 13241 8268 15658 11022 1750 4421 10668 14237 2615 16187 16187
3489 4750 12835 13830 4776 2946 14776 2176 8719 4776 926 16187 16187 16187 16187 16187
1655 12233 14180 3102 8719 9222 3171 10917 10033 13348 16187 8719 4776 2563 16187 16187
8712 1138 5568 5711 6988 9831 14237 6259 2191 3177 14113 12233 5261 15848 284 16187
3489 4750 12835 13830 4776 2946 14776 2176 8719 4776 926 16187 16187 16187 16187 16187
1655 12233 14180 3102 8719 9222 3171 10917 10033 13348 16187 8719 4776 2563 16187 16187
3171 4931 9754 4949 16187 16187 16187 16187 16187 16187 16187 16187 16187 16187 16187 16187
3489 4750 12835 13830 4776 2946 14776 2176 8719 4776 926 16187 16187 16187 16187 16187
1655 12233 14180 3102 8719 9222 3171 10917 10033 13348 16187 8719 4776 2563 16187 16187
4776 3513 8719 4776 2563 8710 1810 16187 16187 16187 16187 16187 16187 16187 16187 16187
3489 4750 12835 13830 4776 2946 14776 2176 8719 4776 926 16187 16187 16187 16187 16187
1655 12233 14180 3102 8719 9222 3171 10917 10033 13348 16187 8719 4776 2563 16187 16187
13474 4931 14591 14237 5329 5463 9332 16187 16187 16187 16187 16187 16187 16187 16187 16187
3489 4750 12835 13830 4776 2946 14776 2176 8719 4776 926 16187 16187 16187 16187 16187
1655 12233 14180 3102 8719 9222 3171 10917 10033 13348 16187 8719 4776 2563 16187 16187
1903 14237 15691 14141 16187 16187 16187 16187 16187 16187 16187 16187 16187 16187 16187 16187
3489 4750 12835 13830 4776 2946 14776 2176 8719 4776 926 16187 16187 16187 16187 16187
1655 12233 14180 3102 8719 9222 3171 10917 10033 13348 16187 8719 4776 2563 16187 16187
8712 926 10967 4776 2563 830 9070 16187 16187 16187 16187 16187 16187 16187 16187 16187
3489 4750 12835 13830 4776 2946 14776 2176 8719 4776 926 16187 16187 16187 16187 16187
1655 12233 14180 3102 8719 9222 3171 10917 10033 13348 16187 8719 4776 2563 16187 16187
1390 16187 16187 16187 16187 16187 16187 16187 16187 16187 16187 16187 16187 16187 16187 16187
3489 4750 12835 13830 4776 2946 14776 2176 8719 4776 926 16187 16187 16187 16187 16187
1655 12233 14180 3102 8719 9222 3171 10917 10033 13348 16187 8719 4776 2563 16187 16187
2263 4949 4311 5463 8712 5867 405 16187 16187 16187 16187 16187 16187 16187 16187 16187
3489 4750 12835 13830 4776 2946 14776 2176 8719 4776 926 16187 16187 16187 16187 16187
1655 12233 14180 3102 8719 9222 3171 10917 10033 13348 16187 8719 4776 2563 16187 16187
820 10373 2121 2903 14287 12008 15597 1641 830 3908 1229 14776 5329 2296 5010 16187
3489 4750 12835 13830 4776 2946 14776 2176 8719 4776 926 16187 16187 16187 16187 16187
1655 12233 14180 3102 8719 9222 3171 10917 10033 13348 16187 8719 4776 2563 16187 16187
926 8268 12233 9070 8268 4931 4776 10566 14237 7705 8808 8719 4776 10033 16187 16187
3489 4750 12835 13830 4776 2946 14776 2176 8719 4776 926 16187 16187 16187 16187 16187
1655 12233 14180 3102 8719 9222 3171 10917 10033 13348 16187 8719 4776 2563 16187 16187
6297 8268 8712 4655 1157 6011 5208 2348 16187 16187 16187 16187 16187 16187 16187 16187
3489 4750 12835 13830 4776 2946 14776 2176 8719 4776 926 16187 16187 16187 16187 16187
1655 12233 14180 3102 8719 9222 3171 10917 10033 13348 16187 8719 4776 2563 16187 16187
4776 653 926 8710 926 761 2837 926 926 16187 16187 16187 16187 16187 16187 16187
3489 4750 12835 13830 4776 2946 14776 2176 8719 4776 926 16187 16187 16187 16187 16187
1655 12233 14180 3102 8719 9222 3171 10917 10033 13348 16187 8719 4776 2563 16187 16187
4776 7937 8710 10150 1717 2837 4776 9534 3177 12951 16187 16187 16187 16187 16187 16187
3489 4750 12835 13830 4776 2946 14776 2176 8719 4776 926 16187 16187 16187 16187 16187
1655 12233 14180 3102 8719 9222 3171 10917 10033 13348 16187 8719 4776 2563 16187 16187
5329 6070 13348 16187 16187 16187 16187 16187 16187 16187 16187 16187 16187 16187 16187 16187
3489 4750 12835 13830 4776 2946 14776 2176 8719 4776 926 16187 16187 16187 16187 16187
1655 12233 14180 3102 8719 9222 3171 10917 10033 13348 16187 8719 4776 2563 16187 16187
13829 14237 926 3177 2715 11553 12233 4189 5022 12233 9207 5713 703 16187 16187 16187
3489 4750 12835 13830 4776 2946 14776 2176 8719 4776 926 16187 16187 16187 16187 16187
1655 12233 14180 3102 8719 9222 3171 10917 10033 13348 16187 8719 4776 2563 16187 16187
1597 3177 4776 12835 14776 3098 8268 14237 6826 14776 9754 1229 630 16187 16187 16187
3489 4750 12835 13830 4776 2946 14776 2176 8719 4776 926 16187 16187 16187 16187 16187
1655 12233 14180 3102 8719 9222 3171 10917 10033 13348 16187 8719 4776 2563 16187 16187
7099 3171 7926 926 12233 926 1019 1991 926 6173 16187 16187 16187 16187 16187 16187
3489 4750 12835 13830 4776 2946 14776 2176 8719 4776 926 16187 16187 16187 16187 16187
1655 12233 14180 3102 8719 9222 3171 10917 10033 13348 16187 8719 4776 2563 16187 16187
7740 4552 9754 9429 1229 7740 9429 7926 5867 6259 9313 14237 6692 8761 16187 16187
3489 4750 12835 13830 4776 2946 14776 2176 8719 4776 926 16187 16187 16187 16187 16187
1655 12233 14180 3102 8719 9222 3171 10917 10033 13348 16187 8719 4776 2563 16187 16187
14237 6011 15956 14272 6011 9605 13089 4325 14776 5022 14029 15389 16187 16187 16187 16187
3489 4750 12835 13830 4776 2946 14776 2176 8719 4776 926 16187 16187 16187 16187 16187
1655 12233 14180 3102 8719 9222 3171 10917 10033 13348 16187 8719 4776 2563 16187 16187
10496 926 7076 14734 10501 1919 8102 11655 16187 16187 16187 16187 16187 16187 16187 16187
3489 4750 12835 13830 4776 2946 14776 2176 8719 4776 926 16187 16187 16187 16187 16187
1655 12233 14180 3102 8719 9222 3171 10917 10033 13348 16187 8719 4776 2563 16187 16187
4776 6499 4776 14596 4776 7542 13103 6826 926 5463 8712 5867 12495 15096 16187 16187
3489 4750 12835 13830 4776 2946 14776 2176 8719 4776 926 16187 16187 16187 16187 16187
1655 12233 14180 3102 8719 9222 3171 10917 10033 13348 16187 8719 4776 2563 16187 16187
1435 16187 16187 16187 16187 16187 16187 16187 16187 16187 16187 16187 16187 16187 16187 16187
3489 4750 12835 13830 4776 2946 14776 2176 8719 4776 926 16187 16187 16187 16187 16187
1655 12233 14180 3102 8719 9222 3171 10917 10033 13348 16187 8719 4776 2563 16187 16187
6011 15846 8093 10603 6259 12099 1614 10033 1919 3171 8157 3177 1146 926 16187 16187
3489 4750 12835 13830 4776 2946 14776 2176 8719 4776 926 16187 16187 16187 16187 16187
1655 12233 14180 3102 8719 9222 3171 10917 10033 13348 16187 8719 4776 2563 16187 16187
7740 4537 3644 9754 9137 12233 7001 2552 8712 10036 16187 16187 16187 16187 16187 16187
3489 4750 12835 13830 4776 2946 14776 2176 8719 4776 926 16187 16187 16187 16187 16187
1655 12233 14180 3102 8719 9222 3171 10917 10033 13348 16187 8719 4776 2563 16187 16187
1138 7090 9888 5711 8710 4776 7710 7671 16187 16187 16187 16187 16187 16187 16187 16187
3489 4750 12835 13830 4776 2946 14776 2176 8719 4776 926 16187 16187 16187 16187 16187
1655 12233 14180 3102 8719 9222 3171 10917 10033 13348 16187 8719 4776 2563 16187 16187
13029 779 12233 13758 12233 10751 5463 16187 16187 16187 16187 16187 16187 16187 16187 16187
3489 4750 12835 13830 4776 2946 14776 2176 8719 4776 926 16187 16187 16187 16187 16187
1655 12233 14180 3102 8719 9222 3171 10917 10033 13348 16187 8719 4776 2563 16187 16187
12716 8268 4776 926 1676 11900 630 8270 512 4776 5459 1676 16187 16187 16187 16187
3489 4750 12835 13830 4776 2946 14776 2176 8719 4776 926 16187 16187 16187 16187 16187
1655 12233 14180 3102 8719 9222 3171 10917 10033 13348 16187 8719 4776 2563 16187 16187
4776 132 13811 8710 12489 14708 16187 16187 16187 16187 16187 16187 16187 16187 16187 16187
3489 4750 12835 13830 4776 2946 14776 2176 8719 4776 926 16187 16187 16187 16187 16187
1655 12233 14180 3102 8719 9222 3171 10917 10033 13348 16187 8719 4776 2563 16187 16187
13530 3177 820 9085 16187 16187 16187 16187 16187 16187 16187 16187 16187 16187 16187 16187
3489 4750 12835 13830 4776 2946 14776 2176 8719 4776 926 16187 16187 16187 16187 16187
1655 12233 14180 3102 8719 9222 3171 10917 10033 13348 16187 8719 4776 2563 16187 16187
15174 176 3177 3171 8710 13089 12128 15881 926 10967 926 9954 16187 16187 16187 16187
3489 4750 12835 13830 4776 2946 14776 2176 8719 4776 926 16187 16187 16187 16187 16187
1655 12233 14180 3102 8719 9222 3171 10917 10033 13348 16187 8719 4776 2563 16187 16187
14237 926 3748 7812 3609 3847 5329 11712 9666 820 8719 12276 15939 16187 16187 16187
3489 4750 12835 13830 4776 2946 14776 2176 8719 4776 926 16187 16187 16187 16187 16187
1655 12233 14180 3102 8719 9222 3171 10917 10033 13348 16187 8719 4776 2563 16187 16187
4991 12233 4776 6496 830 5329 1515 830 4776 4687 11387 16187 16187 16187 16187 16187
3489 4750 12835 13830 4776 2946 14776 2176 8719 4776 926 16187 16187 16187 16187 16187
1655 12233 14180 3102 8719 9222 3171 10917 10033 13348 16187 8719 4776 2563 16187 16187
2858 16187 16187 16187 16187 16187 16187 16187 16187 16187 16187 16187 16187 16187 16187 16187
3489 4750 12835 13830 4776 2946 14776 2176 8719 4776 926 16187 16187 16187 16187 16187
1655 12233 14180 3102 8719 9222 3171 10917 10033 13348 16187 8719 4776 2563 16187 16187
14272 5867 8213 11953 3171 2563 8710 5463 7926 11789 2135 8712 3748 16187 16187 16187
3489 4750 12835 13830 4776 2946 14776 2176 8719 4776 926 16187 16187 16187 16187 16187
1655 12233 14180 3102 8719 9222 3171 10917 10033 13348 16187 8719 4776 2563 16187 16187
8712 8710 2326 6259 13129 10033 5084 1955 1954 5052 4219 16187 16187 16187 16187 16187
3489 4750 12835 13830 4776 2946 14776 2176 8719 4776 926 16187 16187 16187 16187 16187
1655 12233 14180 3102 8719 9222 3171 10917 10033 13348 16187 8719 4776 2563 16187 16187
7740 4552 9754 9429 8712 5867 4032 853 12097 14043 926 16187 16187 16187 16187 16187
3489 4750 12835 13830 4776 2946 14776 2176 8719 4776 926 16187 16187 16187 16187 16187
1655 12233 14180 3102 8719 9222 3171 10917 10033 13348 16187 8719 4776 2563 16187 16187
7926 8710 6259 6500 6051 3098 926 16187 16187 16187 16187 16187 16187 16187 16187 16187
3489 4750 12835 13830 4776 2946 14776 2176 8719 4776 926 16187 16187 16187 16187 16187
1655 12233 14180 3102 8719 9222 3171 10917 10033 13348 16187 8719 4776 2563 16187 16187
4325 14776 13022 8719 6259 6698 3177 926 14237 5045 16187 16187 16187 16187 16187 16187
3489 4750 12835 13830 4776 2946 14776 2176 8719 4776 926 16187 16187 16187 16187 16187
1655 12233 14180 3102 8719 9222 3171 10917 10033 13348 16187 8719 4776 2563 16187 16187
14180 4776 926 10709 12233 4776 478 8268 12576 14069 8710 14691 7791 16187 16187 16187
3489 4750 12835 13830 4776 2946 14776 2176 8719 4776 926 16187 16187 16187 16187 16187
1655 12233 14180 3102 8719 9222 3171 10917 10033 13348 16187 8719 4776 2563 16187 16187
7740 12232 1114 12233 9429 3177 4776 10033 1955 1750 14029 4776 13182 16187 16187 16187
3489 4750 12835 13830 4776 2946 14776 2176 8719 4776 926 16187 16187 16187 16187 16187
1655 12233 14180 3102 8719 9222 3171 10917 10033 13348 16187 8719 4776 2563 16187 16187
1138 203 8710 5463 5095 1495 14029 6259 9944 926 2598 5711 16187 16187 16187 16187
3489 4750 12835 13830 4776 2946 14776 2176 8719 4776 926 16187 16187 16187 16187 16187
1655 12233 14180 3102 8719 9222 3171 10917 10033 13348 16187 8719 4776 2563 16187 16187
7926 4390 6259 9405 13348 16187 16187 16187 16187 16187 16187 16187 16187 16187 16187 16187
3489 4750 12835 13830 4776 2946 14776 2176 8719 4776 926 16187 16187 16187 16187 16187
1655 12233 14180 3102 8719 9222 3171 10917 10033 13348 16187 8719 4776 2563 16187 16187
13570 8712 5867 4537 5329 10471 10589 7742 8719 3171 2563 16187 16187 16187 16187 16187
3489 4750 12835 13830 4776 2946 14776 2176 8719 4776 926 16187 16187 16187 16187 16187
1655 12233 14180 3102 8719 9222 3171 10917 10033 13348 16187 8719 4776 2563 16187 16187
14237 4776 2572 8093 14114 9070 13089 7740 5208 2552 4312 16187 16187 16187 16187 16187
3489 4750 12835 13830 4776 2946 14776 2176 8719 4776 926 16187 16187 16187 16187 16187
1655 12233 14180 3102 8719 9222 3171 10917 10033 13348 16187 8719 4776 2563 16187 16187
2148 2122 4311 4776 10405 16187 16187 16187 16187 16187 16187 16187 16187 16187 16187 16187
3489 4750 12835 13830 4776 2946 14776 2176 8719 4776 926 16187 16187 16187 16187 16187
1655 12233 14180 3102 8719 9222 3171 10917 10033 13348 16187 8719 4776 2563 16187 16187
2446 4776 9131 16187 16187 16187 16187 16187 16187 16187 16187 16187 16187 16187 16187 16187
3489 4750 12835 13830 4776 2946 14776 2176 8719 4776 926 16187 16187 16187 16187 16187
1655 12233 14180 3102 8719 9222 3171 10917 10033 13348 16187 8719 4776 2563 16187 16187
3034 16187 16187 16187 16187 16187 16187 16187 16187 16187 16187 16187 16187 16187 16187 16187
3489 4750 12835 13830 4776 2946 14776 2176 8719 4776 926 16187 16187 16187 16187 16187
1655 12233 14180 3102 8719 9222 3171 10917 10033 13348 16187 8719 4776 2563 16187 16187
8069 14219 8710 5463 14069 8710 6259 8808 5463 4487 6672 5208 2552 16187 16187 16187
3489 4750 12835 13830 4776 2946 14776 2176 8719 4776 926 16187 16187 16187 16187 16187
1655 12233 14180 3102 8719 9222 3171 10917 10033 13348 16187 8719 4776 2563 16187 16187
7740 11839 3171 10033 4931 1515 12233 4713 16187 16187 16187 16187 16187 16187 16187 16187
3489 4750 12835 13830 4776 2946 14776 2176 8719 4776 926 16187 16187 16187 16187 16187
1655 12233 14180 3102 8719 9222 3171 10917 10033 13348 16187 8719 4776 2563 16187 16187
4032 6259 12650 14029 1022 3059 4832 16187 16187 16187 16187 16187 16187 16187 16187 16187
3489 4750 12835 13830 4776 2946 14776 2176 8719 4776 926 16187 16187 16187 16187 16187
1655 12233 14180 3102 8719 9222 3171 10917 10033 13348 16187 8719 4776 2563 16187 16187
4776 2687 8719 4776 10442 4931 2446 6259 12444 16187 16187 16187 16187 16187 16187 16187
3489 4750 12835 13830 4776 2946 14776 2176 8719 4776 926 16187 16187 16187 16187 16187
1655 12233 14180 3102 8719 9222 3171 10917 10033 13348 16187 8719 4776 2563 16187 16187
8712 13942 926 14776 5796 1229 14976 926 4609 8719 4776 926 926 16187 16187 16187
3489 4750 12835 13830 4776 2946 14776 2176 8719 4776 926 16187 16187 16187 16187 16187
1655 12233 14180 3102 8719 9222 3171 10917 10033 13348 16187 8719 4776 2563 16187 16187
4776 11404 4837 4776 12298 14776 6535 926 830 6259 2563 16105 8719 926 16187 16187
3489 4750 12835 13830 4776 2946 14776 2176 8719 4776 926 16187 16187 16187 16187 16187
1655 12233 14180 3102 8719 9222 3171 10917 10033 13348 16187 8719 4776 2563 16187 16187
4931 926 926 14477 2903 14180 4776 2664 14043 15389 2598 16187 16187 16187 16187 16187
3489 4750 12835 13830 4776 2946 14776 2176 8719 4776 926 16187 16187 16187 16187 16187
1655 12233 14180 3102 8719 9222 3171 10917 10033 13348 16187 8719 4776 2563 16187 16187
926 926 5867 7140 8710 4537 11953 4776 5568 15138 91 16187 16187 16187 16187 16187
3489 4750 12835 13830 4776 2946 14776 2176 8719 4776 926 16187 16187 16187 16187 16187
1655 12233 14180 3102 8719 9222 3171 10917 10033 13348 16187 8719 4776 2563 16187 16187
5463 8710 12233 8158 6259 14596 8268 5329 12233 5261 6259 9442 4152 16187 16187 16187
3489 4750 12835 13830 4776 2946 14776 2176 8719 4776 926 16187 16187 16187 16187 16187
1655 12233 14180 3102 8719 9222 3171 10917 10033 13348 16187 8719 4776 2563 16187 16187
4776 16146 950 7740 11839 9084 6259 3098 15781 8710 926 926 16187 16187 16187 16187
3489 4750 12835 13830 4776 2946 14776 2176 8719 4776 926 16187 16187 16187 16187 16187
1655 12233 14180 3102 8719 9222 3171 10917 10033 13348 16187 8719 4776 2563 16187 16187
13089 4776 9330 9223 8268 4776 11180 779 926 14237 8268 4487 1163 12272 926 16187
3489 4750 12835 13830 4776 2946 14776 2176 8719 4776 926 16187 16187 16187 16187 16187
1655 12233 14180 3102 8719 9222 3171 10917 10033 13348 16187 8719 4776 2563 16187 16187
4776 4152 11331 15232 10160 12835 16187 16187 16187 16187 16187 16187 16187 16187 16187 16187
3489 4750 12835 13830 4776 2946 14776 2176 8719 4776 926 16187 16187 16187 16187 16187
1655 12233 14180 3102 8719 9222 3171 10917 10033 13348 16187 8719 4776 2563 16187 16187
7740 4552 9754 15956 203 7926 8268 14237 8712 8268 9032 12233 13632 1229 12307 16187
3489 4750 12835 13830 4776 2946 14776 2176 8719 4776 926 16187 16187 16187 16187 16187
1655 12233 14180 3102 8719 9222 3171 10917 10033 13348 16187 8719 4776 2563 16187 16187
6011 3364 926 4776 2601 2563 2858 11953 6259 12050 12028 16187 16187 16187 16187 16187
3489 4750 12835 13830 4776 2946 14776 2176 8719 4776 926 16187 16187 16187 16187 16187
1655 12233 14180 3102 8719 9222 3171 10917 10033 13348 16187 8719 4776 2563 16187 16187
10566 3177 14734 16146 8185 14776 7145 2446 12008 926 4931 1175 7740 11839 16187 16187
3489 4750 12835 13830 4776 2946 14776 2176 8719 4776 926 16187 16187 16187 16187 16187
1655 12233 14180 3102 8719 9222 3171 10917 10033 13348 16187 8719 4776 2563 16187 16187
7740 4537 1110 4776 5033 3177 4776 9577 16187 16187 16187 16187 16187 16187 16187 16187
3489 4750 12835 13830 4776 2946 14776 2176 8719 4776 926 16187 16187 16187 16187 16187
1655 12233 14180 3102 8719 9222 3171 10917 10033 13348 16187 8719 4776 2563 16187 16187
12716 8268 9743 12895 5208 2823 14622 13089 9316 3171 926 3177 4776 1781 11144 16187
3489 4750 12835 13830 4776 2946 14776 2176 8719 4776 926 16187 16187 16187 16187 16187
1655 12233 14180 3102 8719 9222 3171 10917 10033 13348 16187 8719 4776 2563 16187 16187
5329 15291 1957 14180 16187 16187 16187 16187 16187 16187 16187 16187 16187 16187 16187 16187
3489 4750 12835 13830 4776 2946 14776 2176 8719 4776 926 16187 16187 16187 16187 16187
1655 12233 14180 3102 8719 9222 3171 10917 10033 13348 16187 8719 4776 2563 16187 16187
4552 6011 3141 7926 15846 14810 16187 16187 16187 16187 16187 16187 16187 16187 16187 16187
3489 4750 12835 13830 4776 2946 14776 2176 8719 4776 926 16187 16187 16187 16187 16187
1655 12233 14180 3102 8719 9222 3171 10917 10033 13348 16187 8719 4776 2563 16187 16187
8712 3112 6011 9640 203 8569 6011 2326 11553 8712 2466 16187 16187 16187 16187 16187
3489 4750 12835 13830 4776 2946 14776 2176 8719 4776 926 16187 16187 16187 16187 16187
1655 12233 14180 3102 8719 9222 3171 10917 10033 13348 16187 8719 4776 2563 16187 16187
8712 5867 4776 14186 3177 8112 3177 926 16187 16187 16187 16187 16187 16187 16187 16187
3489 4750 12835 13830 4776 2946 14776 2176 8719 4776 926 16187 16187 16187 16187 16187
1655 12233 14180 3102 8719 9222 3171 10917 10033 13348 16187 8719 4776 2563 16187 16187
12260 11553 3841 926 11244 5867 5217 15525 13089 7926 6124 14272 4325 771 10471 16187
3489 4750 12835 13830 4776 2946 14776 2176 8719 4776 926 16187 16187 16187 16187 16187
1655 12233 14180 3102 8719 9222 3171 10917 10033 13348 16187 8719 4776 2563 16187 16187
2326 6152 16187 16187 16187 16187 16187 16187 16187 16187 16187 16187 16187 16187 16187 16187
3489 4750 12835 13830 4776 2946 14776 2176 8719 4776 926 16187 16187 16187 16187 16187
1655 12233 14180 3102 8719 9222 3171 10917 10033 13348 16187 8719 4776 2563 16187 16187
133 8268 926 9084 9754 4552 8712 14043 13592 16146 11978 8808 16187 16187 16187 16187
3489 4750 12835 13830 4776 2946 14776 2176 8719 4776 926 16187 16187 16187 16187 16187
1655 12233 14180 3102 8719 9222 3171 10917 10033 13348 16187 8719 4776 2563 16187 16187
7742 4032 10108 10324 14180 4776 913 4537 12233 2552 5463 16187 16187 16187 16187 16187
3489 4750 12835 13830 4776 2946 14776 2176 8719 4776 926 16187 16187 16187 16187 16187
1655 12233 14180 3102 8719 9222 3171 10917 10033 13348 16187 8719 4776 2563 16187 16187
7596 13731 14043 4370 119 8710 6070 2689 91 16187 16187 16187 16187 16187 16187 16187
3489 4750 12835 13830 4776 2946 14776 2176 8719 4776 926 16187 16187 16187 16187 16187
1655 12233 14180 3102 8719 9222 3171 10917 10033 13348 16187 8719 4776 2563 16187 16187
8857 4776 3246 9961 9743 2954 2903 1919 4776 2664 3177 2977 15658 16187 16187 16187
3489 4750 12835 13830 4776 2946 14776 2176 8719 4776 926 16187 16187 16187 16187 16187
1655 12233 14180 3102 8719 9222 3171 10917 10033 13348 16187 8719 4776 2563 16187 16187
8712 12515 2903 12495 630 3177 4776 9577 16187 16187 16187 16187 16187 16187 16187 16187
3489 4750 12835 13830 4776 2946 14776 2176 8719 4776 926 16187 16187 16187 16187 16187
1655 12233 14180 3102 8719 9222 3171 10917 10033 13348 16187 8719 4776 2563 16187 16187
5463 9277 14043 9277 5329 2823 6259 6421 10709 12233 6011 16187 16187 16187 16187 16187
3489 4750 12835 13830 4776 2946 14776 2176 8719 4776 926 16187 16187 16187 16187 16187
1655 12233 14180 3102 8719 9222 3171 10917 10033 13348 16187 8719 4776 2563 16187 16187
12008 926 8712 16187 16187 16187 16187 16187 16187 16187 16187 16187 16187 16187 16187 16187
3489 4750 12835 13830 4776 2946 14776 2176 8719 4776 926 16187 16187 16187 16187 16187
1655 12233 14180 3102 8719 9222 3171 10917 10033 13348 16187 8719 4776 2563 16187 16187
4776 284 14776 1344 11300 830 6259 2563 10967 926 16187 16187 16187 16187 16187 16187
3489 4750 12835 13830 4776 2946 14776 2176 8719 4776 926 16187 16187 16187 16187 16187
1655 12233 14180 3102 8719 9222 3171 10917 10033 13348 16187 8719 4776 2563 16187 16187
4776 8424 2122 4440 14776 7742 10471 12495 16187 16187 16187 16187 16187 16187 16187 16187
3489 4750 12835 13830 4776 2946 14776 2176 8719 4776 926 16187 16187 16187 16187 16187
1655 12233 14180 3102 8719 9222 3171 10917 10033 13348 16187 8719 4776 2563 16187 16187
926 2598 2598 16187 16187 16187 16187 16187 16187 16187 16187 16187 16187 16187 16187 16187
3489 4750 12835 13830 4776 2946 14776 2176 8719 4776 926 16187 16187 16187 16187 16187
1655 12233 14180 3102 8719 9222 3171 10917 10033 13348 16187 8719 4776 2563 16187 16187
8712 8710 4776 12135 14933 14237 14069 8710 10915 14691 1957 4776 8185 16187 16187 16187
3489 4750 12835 13830 4776 2946 14776 2176 8719 4776 926 16187 16187 16187 16187 16187
1655 12233 14180 3102 8719 9222 3171 10917 10033 13348 16187 8719 4776 2563 16187 16187
12008 14272 5867 1229 4660 1919 15520 5265 2598 16187 16187 16187 16187 16187 16187 16187
3489 4750 12835 13830 4776 2946 14776 2176 8719 4776 926 16187 16187 16187 16187 16187
1655 12233 14180 3102 8719 9222 3171 10917 10033 13348 16187 8719 4776 2563 16187 16187
12716 8268 14069 14776 6826 10571 10602 2946 8719 16146 5121 14465 16187 16187 16187 16187
3489 4750 12835 13830 4776 2946 14776 2176 8719 4776 926 16187 16187 16187 16187 16187
1655 12233 14180 3102 8719 9222 3171 10917 10033 13348 16187 8719 4776 2563 16187 16187
14237 8726 6011 11031 6391 6259 7345 9367 14237 960 8521 4552 9754 16187 16187 16187
3489 4750 12835 13830 4776 2946 14776 2176 8719 4776 926 16187 16187 16187 16187 16187
1655 12233 14180 3102 8719 9222 3171 10917 10033 13348 16187 8719 4776 2563 16187 16187
13474 6837 1954 16139 9534 16187 16187 16187 16187 16187 16187 16187 16187 16187 16187 16187
3489 4750 12835 13830 4776 2946 14776 2176 8719 4776 926 16187 16187 16187 16187 16187
1655 12233 14180 3102 8719 9222 3171 10917 10033 13348 16187 8719 4776 2563 16187 16187
9139 4931 8712 8569 13348 16187 16187 16187 16187 16187 16187 16187 16187 16187 16187 16187
3489 4750 12835 13830 4776 2946 14776 2176 8719 4776 926 16187 16187 16187 16187 16187
1655 12233 14180 3102 8719 9222 3171 10917 10033 13348 16187 8719 4776 2563 16187 16187
1856 2053 3644 9754 9605 13084 13786 3994 16187 16187 16187 16187 16187 16187 16187 16187
3489 4750 12835 13830 4776 2946 14776 2176 8719 4776 926 16187 16187 16187 16187 16187
1655 12233 14180 3102 8719 9222 3171 10917 10033 13348 16187 8719 4776 2563 16187 16187
4776 12852 8710 10376 1919 6259 653 8268 4776 875 3177 4776 8002 16187 16187 16187
3489 4750 12835 13830 4776 2946 14776 2176 8719 4776 926 16187 16187 16187 16187 16187
1655 12233 14180 3102 8719 9222 3171 10917 10033 13348 16187 8719 4776 2563 16187 16187
15202 3735 6259 983 8268 6259 9290 9009 8719 1110 1919 6259 14217 16187 16187 16187
3489 4750 12835 13830 4776 2946 14776 2176 8719 4776 926 16187 16187 16187 16187 16187
1655 12233 14180 3102 8719 9222 3171 10917 10033 13348 16187 8719 4776 2563 16187 16187
3171 11434 3177 4312 2837 1954 12663 649 8710 10571 2309 16187 16187 16187 16187 16187
3489 4750 12835 13830 4776 2946 14776 2176 8719 4776 926 16187 16187 16187 16187 16187
1655 12233 14180 3102 8719 9222 3171 10917 10033 13348 16187 8719 4776 2563 16187 16187
7740 771 6259 10355 983 15715 3171 10033 16187 16187 16187 16187 16187 16187 16187 16187
3489 4750 12835 13830 4776 2946 14776 2176 8719 4776 926 16187 16187 16187 16187 16187
1655 12233 14180 3102 8719 9222 3171 10917 10033 13348 16187 8719 4776 2563 16187 16187
4776 9431 5328 10244 13081 11889 8712 4931 926 5463 13811 13348 16187 16187 16187 16187
3489 4750 12835 13830 4776 2946 14776 2176 8719 4776 926 16187 16187 16187 16187 16187
1655 12233 14180 3102 8719 9222 3171 10917 10033 13348 16187 8719 4776 2563 16187 16187
8712 12232 2823 10399 12233 8152 3171 10033 6259 3211 8268 12576 16187 16187 16187 16187
3489 4750 12835 13830 4776 2946 14776 2176 8719 4776 926 16187 16187 16187 16187 16187
1655 12233 14180 3102 8719 9222 3171 10917 10033 13348 16187 8719 4776 2563 16187 16187
15658 14776 14180 5713 820 2598 16187 16187 16187 16187 16187 16187 16187 16187 16187 16187
3489 4750 12835 13830 4776 2946 14776 2176 8719 4776 926 16187 16187 16187 16187 16187
1655 12233 14180 3102 8719 9222 3171 10917 10033 13348 16187 8719 4776 2563 16187 16187
7542 8268 8712 5867 6535 12715 16187 16187 16187 16187 16187 16187 16187 16187 16187 16187
3489 4750 12835 13830 4776 2946 14776 2176 8719 4776 926 16187 16187 16187 16187 16187
1655 12233 14180 3102 8719 9222 3171 10917 10033 13348 16187 8719 4776 2563 16187 16187
1019 14043 1229 7740 973 4103 16187 16187 16187 16187 16187 16187 16187 16187 16187 16187
3489 4750 12835 13830 4776 2946 14776 2176 8719 4776 926 16187 16187 16187 16187 16187
1655 12233 14180 3102 8719 9222 3171 10917 10033 13348 16187 8719 4776 2563 16187 16187
8719 7645 8268 4776 8353 3384 8710 14397 5435 1955 7742 16187 16187 16187 16187 16187
3489 4750 12835 13830 4776 2946 14776 2176 8719 4776 926 16187 16187 16187 16187 16187
1655 12233 14180 3102 8719 9222 3171 10917 10033 13348 16187 8719 4776 2563 16187 16187
14069 8710 13084 7448 12233 4552 3171 16187 16187 16187 16187 16187 16187 16187 16187 16187
3489 4750 12835 13830 4776 2946 14776 2176 8719 4776 926 16187 16187 16187 16187 16187
1655 12233 14180 3102 8719 9222 3171 10917 10033 13348 16187 8719 4776 2563 16187 16187
7742 4624 4552 5329 8069 15956 8726 6259 14634 15004 8084 13012 1957 14180 16187 16187
3489 4750 12835 13830 4776 2946 14776 2176 8719 4776 926 16187 16187 16187 16187 16187
1655 12233 14180 3102 8719 9222 3171 10917 10033 13348 16187 8719 4776 2563 16187 16187
8719 4994 8268 7740 9429 3171 3384 7837 6259 4142 9332 800 1676 16187 16187 16187
3489 4750 12835 13830 4776 2946 14776 2176 8719 4776 926 16187 16187 16187 16187 16187
1655 12233 14180 3102 8719 9222 3171 10917 10033 13348 16187 8719 4776 2563 16187 16187
4776 132 8268 4776 10418 8268 4776 13094 16187 16187 16187 16187 16187 16187 16187 16187
3489 4750 12835 13830 4776 2946 14776 2176 8719 4776 926 16187 16187 16187 16187 16187
1655 12233 14180 3102 8719 9222 3171 10917 10033 13348 16187 8719 4776 2563 16187 16187
926 8710 3257 1955 926 16187 16187 16187 16187 16187 16187 16187 16187 16187 16187 16187
3489 4750 12835 13830 4776 2946 14776 2176 8719 4776 926 16187 16187 16187 16187 16187
1655 12233 14180 3102 8719 9222 3171 10917 10033 13348 16187 8719 4776 2563 16187 16187
8712 5867 4470 8268 5046 14691 15567 16187 16187 16187 16187 16187 16187 16187 16187 16187
3489 4750 12835 13830 4776 2946 14776 2176 8719 4776 926 16187 16187 16187 16187 16187
1655 12233 14180 3102 8719 9222 3171 10917 10033 13348 16187 8719 4776 2563 16187 16187
4776 4152 7147 14397 1789 14237 13958 13695 14272 7401 926 3994 6928 7478 14776 16187
3489 4750 12835 13830 4776 2946 14776 2176 8719 4776 926 16187 16187 16187 16187 16187
1655 12233 14180 3102 8719 9222 3171 10917 10033 13348 16187 8719 4776 2563 16187 16187
15662 4776 926 653 2598 16187 16187 16187 16187 16187 16187 16187 16187 16187 16187 16187
3489 4750 12835 13830 4776 2946 14776 2176 8719 4776 926 16187 16187 16187 16187 16187
1655 12233 14180 3102 8719 9222 3171 10917 10033 13348 16187 8719 4776 2563 16187 16187
7740 4552 9754 8313 12233 8832 3171 2563 8268 7740 10716 10603 13832 9872 16187 16187
3489 4750 12835 13830 4776 2946 14776 2176 8719 4776 926 16187 16187 16187 16187 16187
1655 12233 14180 3102 8719 9222 3171 10917 10033 13348 16187 8719 4776 2563 16187 16187
10503 9070 13089 7740 1436 14069 8710 11789 13084 13494 4152 16187 16187 16187 16187 16187
3489 4750 12835 13830 4776 2946 14776 2176 8719 4776 926 16187 16187 16187 16187 16187
1655 12233 14180 3102 8719 9222 3171 10917 10033 13348 16187 8719 4776 2563 16187 16187
3171 8710 6259 6070 10355 9424 16187 16187 16187 16187 16187 16187 16187 16187 16187 16187
3489 4750 12835 13830 4776 2946 14776 2176 8719 4776 926 16187 16187 16187 16187 16187
1655 12233 14180 3102 8719 9222 3171 10917 10033 13348 16187 8719 4776 2563 16187 16187
7879 777 5999 14237 15721 14776 5329 777 13592 2148 16187 16187 16187 16187 16187 16187
3489 4750 12835 13830 4776 2946 14776 2176 8719 4776 926 16187 16187 16187 16187 16187
1655 12233 14180 3102 8719 9222 3171 10917 10033 13348 16187 8719 4776 2563 16187 16187
8093 8456 8712 1750 5445 13348 16187 16187 16187 16187 16187 16187 16187 16187 16187 16187
3489 4750 12835 13830 4776 2946 14776 2176 8719 4776 926 16187 16187 16187 16187 16187
1655 12233 14180 3102 8719 9222 3171 10917 10033 13348 16187 8719 4776 2563 16187 16187
4311 6011 3543 7975 7742 6500 16187 16187 16187 16187 16187 16187 16187 16187 16187 16187
3489 4750 12835 13830 4776 2946 14776 2176 8719 4776 926 16187 16187 16187 16187 16187
1655 12233 14180 3102 8719 9222 3171 10917 10033 13348 16187 8719 4776 2563 16187 16187
4750 5867 926 14776 14272 8733 14745 4776 7970 3177 4776 2563 16187 16187 16187 16187
3489 4750 12835 13830 4776 2946 14776 2176 8719 4776 926 16187 16187 16187 16187 16187
1655 12233 14180 3102 8719 9222 3171 10917 10033 13348 16187 8719 4776 2563 16187 16187
4776 15689 830 4776 10887 574 4931 7742 10471 16187 16187 16187 16187 16187 16187 16187
3489 4750 12835 13830 4776 2946 14776 2176 8719 4776 926 16187 16187 16187 16187 16187
1655 12233 14180 3102 8719 9222 3171 10917 10033 13348 16187 8719 4776 2563 16187 16187
8726 6011 2599 5430 2858 8712 5463 8710 3177 1245 16187 16187 16187 16187 16187 16187
3489 4750 12835 13830 4776 2946 14776 2176 8719 4776 926 16187 16187 16187 16187 16187
1655 12233 14180 3102 8719 9222 3171 10917 10033 13348 16187 8719 4776 2563 16187 16187
8726 786 8268 13588 1954 926 14281 8268 3520 12825 5328 2606 7981 2451 8712 16187
3489 4750 12835 13830 4776 2946 14776 2176 8719 4776 926 16187 16187 16187 16187 16187
1655 12233 14180 3102 8719 9222 3171 10917 10033 13348 16187 8719 4776 2563 16187 16187
13474 4931 9754 16187 16187 16187 16187 16187 16187 16187 16187 16187 16187 16187 16187 16187
3489 4750 12835 13830 4776 2946 14776 2176 8719 4776 926 16187 16187 16187 16187 16187
1655 12233 14180 3102 8719 9222 3171 10917 10033 13348 16187 8719 4776 2563 16187 16187
13474 8093 2467 10799 5867 13976 8268 1229 15662 3543 4624 2598 16187 16187 16187 16187
3489 4750 12835 13830 4776 2946 14776 2176 8719 4776 926 16187 16187 16187 16187 16187
1655 12233 14180 3102 8719 9222 3171 10917 10033 13348 16187 8719 4776 2563 16187 16187
4776 9899 8521 8710 1175 16187 16187 16187 16187 16187 16187 16187 16187 16187 16187 16187
3489 4750 12835 13830 4776 2946 14776 2176 8719 4776 926 16187 16187 16187 16187 16187
1655 12233 14180 3102 8719 9222 3171 10917 10033 13348 16187 8719 4776 2563 16187 16187
3171 8710 1378 3177 8656 1133 5153 5325 9151 926 8719 15827 16187 16187 16187 16187
3489 4750 12835 13830 4776 2946 14776 2176 8719 4776 926 16187 16187 16187 16187 16187
1655 12233 14180 3102 8719 9222 3171 10917 10033 13348 16187 8719 4776 2563 16187 16187
6011 16138 3038 6259 15174 926 9385 13348 16187 16187 16187 16187 16187 16187 16187 16187
3489 4750 12835 13830 4776 2946 14776 2176 8719 4776 926 16187 16187 16187 16187 16187
1655 12233 14180 3102 8719 9222 3171 10917 10033 13348 16187 8719 4776 2563 16187 16187
4624 10503 4312 15870 2148 512 8726 14069 4931 13852 1919 2148 7970 1842 16187 16187
3489 4750 12835 13830 4776 2946 14776 2176 8719 4776 926 16187 16187 16187 16187 16187
1655 12233 14180 3102 8719 9222 3171 10917 10033 13348 16187 8719 4776 2563 16187 16187
4776 2563 3847 9754 7566 13592 14029 3384 4440 16187 16187 16187 16187 16187 16187 16187
3489 4750 12835 13830 4776 2946 14776 2176 8719 4776 926 16187 16187 16187 16187 16187
1655 12233 14180 3102 8719 9222 3171 10917 10033 13348 16187 8719 4776 2563 16187 16187
14069 8710 9754 1157 10355 11953 3171 2563 16187 16187 16187 16187 16187 16187 16187 16187
3489 4750 12835 13830 4776 2946 14776 2176 8719 4776 926 16187 16187 16187 16187 16187
1655 12233 14180 3102 8719 9222 3171 10917 10033 13348 16187 8719 4776 2563 16187 16187
4311 5711 7740 9640 15658 4776 5820 926 14776 5711 16187 16187 16187 16187 16187 16187
3489 4750 12835 13830 4776 2946 14776 2176 8719 4776 926 16187 16187 16187 16187 16187
1655 12233 14180 3102 8719 9222 3171 10917 10033 13348 16187 8719 4776 2563 16187 16187
926 5867 3098 12019 8710 4776 14766 13811 16187 16187 16187 16187 16187 16187 16187 16187
3489 4750 12835 13830 4776 2946 14776 2176 8719 4776 926 16187 16187 16187 16187 16187
1655 12233 14180 3102 8719 9222 3171 10917 10033 13348 16187 8719 4776 2563 16187 16187
8712 8710 5463 10355 16187 16187 16187 16187 16187 16187 16187 16187 16187 16187 16187 16187
3489 4750 12835 13830 4776 2946 14776 2176 8719 4776 926 16187 16187 16187 16187 16187
1655 12233 14180 3102 8719 9222 3171 10917 10033 13348 16187 8719 4776 2563 16187 16187
8704 5841 8710 6259 9684 16187 16187 16187 16187 16187 16187 16187 16187 16187 16187 16187
3489 4750 12835 13830 4776 2946 14776 2176 8719 4776 926 16187 16187 16187 16187 16187
1655 12233 14180 3102 8719 9222 3171 10917 10033 13348 16187 8719 4776 2563 16187 16187
410 3413 13348 16187 16187 16187 16187 16187 16187 16187 16187 16187 16187 16187 16187 16187
3489 4750 12835 13830 4776 2946 14776 2176 8719 4776 926 16187 16187 16187 16187 16187
1655 12233 14180 3102 8719 9222 3171 10917 10033 13348 16187 8719 4776 2563 16187 16187
3171 10033 8710 1954 191 926 16187 16187 16187 16187 16187 16187 16187 16187 16187 16187
3489 4750 12835 13830 4776 2946 14776 2176 8719 4776 926 16187 16187 16187 16187 16187
1655 12233 14180 3102 8719 9222 3171 10917 10033 13348 16187 8719 4776 2563 16187 16187
4776 10033 4311 1229 8268 14823 926 5692 14237 926 16187 16187 16187 16187 16187 16187
3489 4750 12835 13830 4776 2946 14776 2176 8719 4776 926 16187 16187 16187 16187 16187
1655 12233 14180 3102 8719 9222 3171 10917 10033 13348 16187 8719 4776 2563 16187 16187
13084 7448 830 1419 605 12233 10610 4776 10567 3177 4776 9431 1378 16187 16187 16187
3489 4750 12835 13830 4776 2946 14776 2176 8719 4776 926 16187 16187 16187 16187 16187
1655 12233 14180 3102 8719 9222 3171 10917 10033 13348 16187 8719 4776 2563 16187 16187
11889 14180 10355 2024 308 8268 926 12495 779 6259 1117 5121 13839 16187 16187 16187
3489 4750 12835 13830 4776 2946 14776 2176 8719 4776 926 16187 16187 16187 16187 16187
1655 12233 14180 3102 8719 9222 3171 10917 10033 13348 16187 8719 4776 2563 16187 16187
6297 8268 4624 771 6259 10033 2712 16187 16187 16187 16187 16187 16187 16187 16187 16187
3489 4750 12835 13830 4776 2946 14776 2176 8719 4776 926 16187 16187 16187 16187 16187
1655 12233 14180 3102 8719 9222 3171 10917 10033 13348 16187 8719 4776 2563 16187 16187
14596 4776 13363 3177 926 8268 14069 8710 4776 5830 16187 16187 16187 16187 16187 16187
3489 4750 12835 13830 4776 2946 14776 2176 8719 4776 926 16187 16187 16187 16187 16187
1655 12233 14180 3102 8719 9222 3171 10917 10033 13348 16187 8719 4776 2563 16187 16187
14139 16187 16187 16187 16187 16187 16187 16187 16187 16187 16187 16187 16187 16187 16187 16187
3489 4750 12835 13830 4776 2946 14776 2176 8719 4776 926 16187 16187 16187 16187 16187
1655 12233 14180 3102 8719 9222 3171 10917 10033 13348 16187 8719 4776 2563 16187 16187
13348 5711 16187 16187 16187 16187 16187 16187 16187 16187 16187 16187 16187 16187 16187 16187
3489 4750 12835 13830 4776 2946 14776 2176 8719 4776 926 16187 16187 16187 16187 16187
1655 12233 14180 3102 8719 9222 3171 10917 10033 13348 16187 8719 4776 2563 16187 16187
3171 8710 4776 14635 3177 10033 5463 4931 16105 3841 830 4776 10887 1583 16187 16187
3489 4750 12835 13830 4776 2946 14776 2176 8719 4776 926 16187 16187 16187 16187 16187
1655 12233 14180 3102 8719 9222 3171 10917 10033 13348 16187 8719 4776 2563 16187 16187
926 8470 926 12233 14361 6585 12233 14745 16187 16187 16187 16187 16187 16187 16187 16187
3489 4750 12835 13830 4776 2946 14776 2176 8719 4776 926 16187 16187 16187 16187 16187
1655 12233 14180 3102 8719 9222 3171 10917 10033 13348 16187 8719 4776 2563 16187 16187
14069 8710 2446 6826 3098 8974 132 8719 3171 14251 16187 16187 16187 16187 16187 16187
3489 4750 12835 13830 4776 2946 14776 2176 8719 4776 926 16187 16187 16187 16187 16187
1655 12233 14180 3102 8719 9222 3171 10917 10033 13348 16187 8719 4776 2563 16187 16187
6173 16187 16187 16187 16187 16187 16187 16187 16187 16187 16187 16187 16187 16187 16187 16187
3489 4750 12835 13830 4776 2946 14776 2176 8719 4776 926 16187 16187 16187 16187 16187
1655 12233 14180 3102 8719 9222 3171 10917 10033 13348 16187 8719 4776 2563 16187 16187
4776 14599 8710 10267 14237 13193 14237 243 703 14937 16187 16187 16187 16187 16187 16187
3489 4750 12835 13830 4776 2946 14776 2176 8719 4776 926 16187 16187 16187 16187 16187
1655 12233 14180 3102 8719 9222 3171 10917 10033 13348 16187 8719 4776 2563 16187 16187
13474 16039 1885 954 6070 540 8268 14237 656 7742 1919 1885 926 16187 16187 16187
3489 4750 12835 13830 4776 2946 14776 2176 8719 4776 926 16187 16187 16187 16187 16187
1655 12233 14180 3102 8719 9222 3171 10917 10033 13348 16187 8719 4776 2563 16187 16187
15408 3177 1750 15347 8268 14180 3171 3847 8710 12376 14237 926 4776 3449 16187 16187
3489 4750 12835 13830 4776 2946 14776 2176 8719 4776 926 16187 16187 16187 16187 16187
1655 12233 14180 3102 8719 9222 3171 10917 10033 13348 16187 8719 4776 2563 16187 16187
1449 10967 5463 8268 7740 15438 3644 9754 2326 8154 3171 2563 16187 16187 16187 16187
3489 4750 12835 13830 4776 2946 14776 2176 8719 4776 926 16187 16187 16187 16187 16187
1655 12233 14180 3102 8719 9222 3171 10917 10033 13348 16187 8719 4776 2563 16187 16187
7740 2383 4776 2974 3177 926 8710 8858 16187 16187 16187 16187 16187 16187 16187 16187
3489 4750 12835 13830 4776 2946 14776 2176 8719 4776 926 16187 16187 16187 16187 16187
1655 12233 14180 3102 8719 9222 3171 10917 10033 13348 16187 8719 4776 2563 16187 16187
7001 2552 3171 2563 8268 6011 16138 2526 10967 10953 1229 10399 13348 16187 16187 16187
3489 4750 12835 13830 4776 2946 14776 2176 8719 4776 926 16187 16187 16187 16187 16187
1655 12233 14180 3102 8719 9222 3171 10917 10033 13348 16187 8719 4776 2563 16187 16187
8719 4776 12298 8268 3171 1866 8710 6259 2365 9684 16187 16187 16187 16187 16187 16187
3489 4750 12835 13830 4776 2946 14776 2176 8719 4776 926 16187 16187 16187 16187 16187
1655 12233 14180 3102 8719 9222 3171 10917 10033 13348 16187 8719 4776 2563 16187 16187
8712 4931 9780 10967 1157 6672 7740 9884 8466 14029 5713 14487 7567 775 16187 16187
3489 4750 12835 13830 4776 2946 14776 2176 8719 4776 926 16187 16187 16187 16187 16187
1655 12233 14180 3102 8719 9222 3171 10917 10033 13348 16187 8719 4776 2563 16187 16187
14691 13348 16187 16187 16187 16187 16187 16187 16187 16187 16187 16187 16187 16187 16187 16187
3489 4750 12835 13830 4776 2946 14776 2176 8719 4776 926 16187 16187 16187 16187 16187
1655 12233 14180 3102 8719 9222 3171 10917 10033 13348 16187 8719 4776 2563 16187 16187
9484 9484 4721 926 4931 2296 12276 1860 7970 16187 16187 16187 16187 16187 16187 16187
3489 4750 12835 13830 4776 2946 14776 2176 8719 4776 926 16187 16187 16187 16187 16187
1655 12233 14180 3102 8719 9222 3171 10917 10033 13348 16187 8719 4776 2563 16187 16187
5329 6259 8569 2563 16187 16187 16187 16187 16187 16187 16187 16187 16187 16187 16187 16187
3489 4750 12835 13830 4776 2946 14776 2176 8719 4776 926 16187 16187 16187 16187 16187
1655 12233 14180 3102 8719 9222 3171 10917 10033 13348 16187 8719 4776 2563 16187 16187
15174 8536 284 1955 4087 926 4776 3184 16187 16187 16187 16187 16187 16187 16187 16187
3489 4750 12835 13830 4776 2946 14776 2176 8719 4776 926 16187 16187 16187 16187 16187
1655 12233 14180 3102 8719 9222 3171 10917 10033 13348 16187 8719 4776 2563 16187 16187
7854 2257 3847 5329 11553 15180 1919 6140 15358 14043 6140 582 830 5463 8438 16187
3489 4750 12835 13830 4776 2946 14776 2176 8719 4776 926 16187 16187 16187 16187 16187
1655 12233 14180 3102 8719 9222 3171 10917 10033 13348 16187 8719 4776 2563 16187 16187
12008 12115 4776 926 4931 6259 15819 10033 5463 771 10762 12835 16187 16187 16187 16187
3489 4750 12835 13830 4776 2946 14776 2176 8719 4776 926 16187 16187 16187 16187 16187
1655 12233 14180 3102 8719 9222 3171 10917 10033 13348 16187 8719 4776 2563 16187 16187
7740 4931 5346 2837 3171 10033 10967 4776 6070 10442 16187 16187 16187 16187 16187 16187
3489 4750 12835 13830 4776 2946 14776 2176 8719 4776 926 16187 16187 16187 16187 16187
1655 12233 14180 3102 8719 9222 3171 10917 10033 13348 16187 8719 4776 2563 16187 16187
3171 10033 8710 6259 12260 2552 8268 8726 8069 830 4776 6499 1093 16187 16187 16187
3489 4750 12835 13830 4776 2946 14776 2176 8719 4776 926 16187 16187 16187 16187 16187
1655 12233 14180 3102 8719 9222 3171 10917 10033 13348 16187 8719 4776 2563 16187 16187
1811 1019 926 926 6173 8710 11039 3177 1515 9230 16187 16187 16187 16187 16187 16187
3489 4750 12835 13830 4776 2946 14776 2176 8719 4776 926 16187 16187 16187 16187 16187
1655 12233 14180 3102 8719 9222 3171 10917 10033 13348 16187 8719 4776 2563 16187 16187
9311 3177 926 3177 1817 14568 8268 3171 4931 2326 3748 4776 15806 16187 16187 16187
3489 4750 12835 13830 4776 2946 14776 2176 8719 4776 926 16187 16187 16187 16187 16187
1655 12233 14180 3102 8719 9222 3171 10917 10033 13348 16187 8719 4776 2563 16187 16187
6826 820 1436 8712 4931 1839 12233 4776 8781 12008 7740 4552 5329 10503 5463 16187
3489 4750 12835 13830 4776 2946 14776 2176 8719 4776 926 16187 16187 16187 16187 16187
1655 12233 14180 3102 8719 9222 3171 10917 10033 13348 16187 8719 4776 2563 16187 16187
1378 7970 3177 14255 10967 9070 15978 3177 2263 1903 8949 1957 2263 10812 16187 16187
3489 4750 12835 13830 4776 2946 14776 2176 8719 4776 926 16187 16187 16187 16187 16187
1655 12233 14180 3102 8719 9222 3171 10917 10033 13348 16187 8719 4776 2563 16187 16187
3171 10033 4537 9084 9754 4189 830 9070 16187 16187 16187 16187 16187 16187 16187 16187
3489 4750 12835 13830 4776 2946 14776 2176 8719 4776 926 16187 16187 16187 16187 16187
1655 12233 14180 3102 8719 9222 3171 10917 10033 13348 16187 8719 4776 2563 16187 16187
8747 8710 3699 10355 8268 10315 8268 10315 6905 16187 16187 16187 16187 16187 16187 16187
3489 4750 12835 13830 4776 2946 14776 2176 8719 4776 926 16187 16187 16187 16187 16187
1655 12233 14180 3102 8719 9222 3171 10917 10033 13348 16187 8719 4776 2563 16187 16187
6259 5807 443 5867 2563 8268 3171 16187 16187 16187 16187 16187 16187 16187 16187 16187
3489 4750 12835 13830 4776 2946 14776 2176 8719 4776 926 16187 16187 16187 16187 16187
1655 12233 14180 3102 8719 9222 3171 10917 10033 13348 16187 8719 4776 2563 16187 16187
12008 8712 8710 8162 7524 15617 5463 7733 4776 9577 1955 4776 12890 2211 16187 16187
3489 4750 12835 13830 4776 2946 14776 2176 8719 4776 926 16187 16187 16187 16187 16187
1655 12233 14180 3102 8719 9222 3171 10917 10033 13348 16187 8719 4776 2563 16187 16187
4776 2563 3847 9754 8084 9605 9925 13129 11953 703 14237 1029 2997 10719 16187 16187
3489 4750 12835 13830 4776 2946 14776 2176 8719 4776 926 16187 16187 16187 16187 16187
1655 12233 14180 3102 8719 9222 3171 10917 10033 13348 16187 8719 4776 2563 16187 16187
8712 4537 11921 12233 11553 6826 8846 8719 14069 16187 16187 16187 16187 16187 16187 16187
3489 4750 12835 13830 4776 2946 14776 2176 8719 4776 926 16187 16187 16187 16187 16187
1655 12233 14180 3102 8719 9222 3171 10917 10033 13348 16187 8719 4776 2563 16187 16187
926 1019 6259 926 8268 9726 13720 9385 15658 926 14180 11401 6173 16187 16187 16187
3489 4750 12835 13830 4776 2946 14776 2176 8719 4776 926 16187 16187 16187 16187 16187
1655 12233 14180 3102 8719 9222 3171 10917 10033 13348 16187 8719 4776 2563 16187 16187
6173 16187 16187 16187 16187 16187 16187 16187 16187 16187 16187 16187 16187 16187 16187 16187
3489 4750 12835 13830 4776 2946 14776 2176 8719 4776 926 16187 16187 16187 16187 16187
1655 12233 14180 3102 8719 9222 3171 10917 10033 13348 16187 8719 4776 2563 16187 16187
1229 13758 14029 926 16187 16187 16187 16187 16187 16187 16187 16187 16187 16187 16187 16187
3489 4750 12835 13830 4776 2946 14776 2176 8719 4776 926 16187 16187 16187 16187 16187
1655 12233 14180 3102 8719 9222 3171 10917 10033 13348 16187 8719 4776 2563 16187 16187
8733 13084 4710 11953 8712 16187 16187 16187 16187 16187 16187 16187 16187 16187 16187 16187
3489 4750 12835 13830 4776 2946 14776 2176 8719 4776 926 16187 16187 16187 16187 16187
1655 12233 14180 3102 8719 9222 3171 10917 10033 13348 16187 8719 4776 2563 16187 16187
8733 4404 1378 11889 3171 11854 8268 13758 1378 8268 4624 15956 6011 5208 16187 16187
3489 4750 12835 13830 4776 2946 14776 2176 8719 4776 926 16187 16187 16187 16187 16187
1655 12233 14180 3102 8719 9222 3171 10917 10033 13348 16187 8719 4776 2563 16187 16187
7740 12232 4142 8154 3171 1378 13348 13348 13348 16187 16187 16187 16187 16187 16187 16187
3489 4750 12835 13830 4776 2946 14776 2176 8719 4776 926 16187 16187 16187 16187 16187
1655 12233 14180 3102 8719 9222 3171 10917 10033 13348 16187 8719 4776 2563 16187 16187
4776 12835 9084 9754 11553 13592 6985 16187 16187 16187 16187 16187 16187 16187 16187 16187
3489 4750 12835 13830 4776 2946 14776 2176 8719 4776 926 16187 16187 16187 16187 16187
1655 12233 14180 3102 8719 9222 3171 10917 10033 13348 16187 8719 4776 2563 16187 16187
4776 4152 8710 7742 13663 14237 6182 6826 15174 1684 16187 16187 16187 16187 16187 16187
3489 4750 12835 13830 4776 2946 14776 2176 8719 4776 926 16187 16187 16187 16187 16187
1655 12233 14180 3102 8719 9222 3171 10917 10033 13348 16187 8719 4776 2563 16187 16187
14237 1955 6259 8808 4128 8268 3177 1245 8268 8712 5867 1824 16187 16187 16187 16187
3489 4750 12835 13830 4776 2946 14776 2176 8719 4776 926 16187 16187 16187 16187 16187
1655 12233 14180 3102 8719 9222 3171 10917 10033 13348 16187 8719 4776 2563 16187 16187
12008 7740 4931 9872 8268 3171 8710 14734 6759 10033 1229 14221 16187 16187 16187 16187
3489 4750 12835 13830 4776 2946 14776 2176 8719 4776 926 16187 16187 16187 16187 16187
1655 12233 14180 3102 8719 9222 3171 10917 10033 13348 16187 8719 4776 2563 16187 16187
13474 5867 6070 10355 8719 3171 16187 16187 16187 16187 16187 16187 16187 16187 16187 16187
3489 4750 12835 13830 4776 2946 14776 2176 8719 4776 926 16187 16187 16187 16187 16187
1655 12233 14180 3102 8719 9222 3171 10917 10033 13348 16187 8719 4776 2563 16187 16187
926 8268 5678 1853 13348 16187 16187 16187 16187 16187 16187 16187 16187 16187 16187 16187
3489 4750 12835 13830 4776 2946 14776 2176 8719 4776 926 16187 16187 16187 16187 16187
1655 12233 14180 3102 8719 9222 3171 10917 10033 13348 16187 8719 4776 2563 16187 16187
7740 11839 3171 12232 6276 4776 10033 10603 6826 5819 16187 16187 16187 16187 16187 16187
3489 4750 12835 13830 4776 2946 14776 2176 8719 4776 926 16187 16187 16187 16187 16187
1655 12233 14180 3102 8719 9222 3171 10917 10033 13348 16187 8719 4776 2563 16187 16187
8197 9070 6259 4320 16187 16187 16187 16187 16187 16187 16187 16187 16187 16187 16187 16187
3489 4750 12835 13830 4776 2946 14776 2176 8719 4776 926 16187 16187 16187 16187 16187
1655 12233 14180 3102 8719 9222 3171 10917 10033 13348 16187 8719 4776 2563 16187 16187
2353 926 926 6738 10877 926 14237 6585 8055 11889 6259 5513 16187 16187 16187 16187
3489 4750 12835 13830 4776 2946 14776 2176 8719 4776 926 16187 16187 16187 16187 16187
1655 12233 14180 3102 8719 9222 3171 10917 10033 13348 16187 8719 4776 2563 16187 16187
14069 8710 6259 10396 1110 14596 761 5629 926 14237 4421 16187 16187 16187 16187 16187
3489 4750 12835 13830 4776 2946 14776 2176 8719 4776 926 16187 16187 16187 16187 16187
1655 12233 14180 3102 8719 9222 3171 10917 10033 13348 16187 8719 4776 2563 16187 16187
8712 5046 8710 12256 8719 2263 16058 816 8719 13592 13035 16187 16187 16187 16187 16187
3489 4750 12835 13830 4776 2946 14776 2176 8719 4776 926 16187 16187 16187 16187 16187
1655 12233 14180 3102 8719 9222 3171 10917 10033 13348 16187 8719 4776 2563 16187 16187
8069 8726 3171 2563 8710 9754 3257 8712 1957 14589 779 6259 13178 5562 16187 16187
3489 4750 12835 13830 4776 2946 14776 2176 8719 4776 926 16187 16187 16187 16187 16187
1655 12233 14180 3102 8719 9222 3171 10917 10033 13348 16187 8719 4776 2563 16187 16187
4776 4152 8710 2326 2905 7708 16187 16187 16187 16187 16187 16187 16187 16187 16187 16187
3489 4750 12835 13830 4776 2946 14776 2176 8719 4776 926 16187 16187 16187 16187 16187
1655 12233 14180 3102 8719 9222 3171 10917 10033 13348 16187 8719 4776 2563 16187 16187
8719 3171 6390 9685 8268 14180 5463 8710 1941 16187 16187 16187 16187 16187 16187 16187
3489 4750 12835 13830 4776 2946 14776 2176 8719 4776 926 16187 16187 16187 16187 16187
1655 12233 14180 3102 8719 9222 3171 10917 10033 13348 16187 8719 4776 2563 16187 16187
13089 8712 6895 8268 4624 2552 4776 5898 14237 12958 16187 16187 16187 16187 16187 16187
3489 4750 12835 13830 4776 2946 14776 2176 8719 4776 926 16187 16187 16187 16187 16187
1655 12233 14180 3102 8719 9222 3171 10917 10033 13348 16187 8719 4776 2563 16187 16187
3171 8710 4537 1378 3177 9743 8185 8719 15649 12958 16152 16187 16187 16187 16187 16187
3489 4750 12835 13830 4776 2946 14776 2176 8719 4776 926 16187 16187 16187 16187 16187
1655 12233 14180 3102 8719 9222 3171 10917 10033 13348 16187 8719 4776 2563 16187 16187
7740 8313 12422 16187 16187 16187 16187 16187 16187 16187 16187 16187 16187 16187 16187 16187
3489 4750 12835 13830 4776 2946 14776 2176 8719 4776 926 16187 16187 16187 16187 16187
1655 12233 14180 3102 8719 9222 3171 10917 10033 13348 16187 8719 4776 2563 16187 16187
12008 12958 6672 8710 3257 16187 16187 16187 16187 16187 16187 16187 16187 16187 16187 16187
3489 4750 12835 13830 4776 2946 14776 2176 8719 4776 926 16187 16187 16187 16187 16187
1655 12233 14180 3102 8719 9222 3171 10917 10033 13348 16187 8719 4776 2563 16187 16187
10394 3543 7001 2552 8712 13348 16187 16187 16187 16187 16187 16187 16187 16187 16187 16187
3489 4750 12835 13830 4776 2946 14776 2176 8719 4776 926 16187 16187 16187 16187 16187
1655 12233 14180 3102 8719 9222 3171 10917 10033 13348 16187 8719 4776 2563 16187 16187
4624 11553 12571 14029 6259 15335 6322 14237 5332 4776 10033 8710 16041 5918 16187 16187
3489 4750 12835 13830 4776 2946 14776 2176 8719 4776 926 16187 16187 16187 16187 16187
1655 12233 14180 3102 8719 9222 3171 10917 10033 13348 16187 8719 4776 2563 16187 16187
5463 145 9070 12233 15041 1290 5867 10033 1138 926 5711 16187 16187 16187 16187 16187
3489 4750 12835 13830 4776 2946 14776 2176 8719 4776 926 16187 16187 16187 16187 16187
1655 12233 14180 3102 8719 9222 3171 10917 10033 13348 16187 8719 4776 2563 16187 16187
3171 3061 2400 6280 8428 12233 8681 2858 15389 7310 16187 16187 16187 16187 16187 16187
3489 4750 12835 13830 4776 2946 14776 2176 8719 4776 926 16187 16187 16187 16187 16187
1655 12233 14180 3102 8719 9222 3171 10917 10033 13348 16187 8719 4776 2563 16187 16187
4776 926 8467 13754 15347 14237 11107 8268 14237 926 8710 15525 3177 14734 6619 16187
3489 4750 12835 13830 4776 2946 14776 2176 8719 4776 926 16187 16187 16187 16187 16187
1655 12233 14180 3102 8719 9222 3171 10917 10033 13348 16187 8719 4776 2563 16187 16187
12008 8712 5867 2148 512 5463 16187 16187 16187 16187 16187 16187 16187 16187 16187 16187
3489 4750 12835 13830 4776 2946 14776 2176 8719 4776 926 16187 16187 16187 16187 16187
1655 12233 14180 3102 8719 9222 3171 10917 10033 13348 16187 8719 4776 2563 16187 16187
14031 8268 14237 4776 4707 3177 1237 10247 16187 16187 16187 16187 16187 16187 16187 16187
3489 4750 12835 13830 4776 2946 14776 2176 8719 4776 926 16187 16187 16187 16187 16187
1655 12233 14180 3102 8719 9222 3171 10917 10033 13348 16187 8719 4776 2563 16187 16187
12008 5463 5867 1957 4776 10442 16187 16187 16187 16187 16187 16187 16187 16187 16187 16187
3489 4750 12835 13830 4776 2946 14776 2176 8719 4776 926 16187 16187 16187 16187 16187
1655 12233 14180 3102 8719 9222 3171 10917 10033 13348 16187 8719 4776 2563 16187 16187
13178 2563 16187 16187 16187 16187 16187 16187 16187 16187 16187 16187 16187 16187 16187 16187
3489 4750 12835 13830 4776 2946 14776 2176 8719 4776 926 16187 16187 16187 16187 16187
1655 12233 14180 3102 8719 9222 3171 10917 10033 13348 16187 8719 4776 2563 16187 16187
1750 6259 14230 3177 4776 8974 1866 1133 8268 7740 10866 8712 16187 16187 16187 16187
3489 4750 12835 13830 4776 2946 14776 2176 8719 4776 926 16187 16187 16187 16187 16187
1655 12233 14180 3102 8719 9222 3171 10917 10033 13348 16187 8719 4776 2563 16187 16187
4776 926 14237 12633 14776 6070 7664 14237 3335 16187 16187 16187 16187 16187 16187 16187
3489 4750 12835 13830 4776 2946 14776 2176 8719 4776 926 16187 16187 16187 16187 16187
1655 12233 14180 3102 8719 9222 3171 10917 10033 13348 16187 8719 4776 2563 16187 16187
13474 8710 1229 2095 8268 2689 8268 12317 8268 14237 8170 1957 5217 16187 16187 16187
3489 4750 12835 13830 4776 2946 14776 2176 8719 4776 926 16187 16187 16187 16187 16187
1655 12233 14180 3102 8719 9222 3171 10917 10033 13348 16187 8719 4776 2563 16187 16187
14767 10272 6276 16187 16187 16187 16187 16187 16187 16187 16187 16187 16187 16187 16187 16187
3489 4750 12835 13830 4776 2946 14776 2176 8719 4776 926 16187 16187 16187 16187 16187
1655 12233 14180 3102 8719 9222 3171 10917 10033 13348 16187 8719 4776 2563 16187 16187
4624 11553 4172 926 8268 1378 3177 4776 12850 2946 15525 14069 10315 4421 926 16187
3489 4750 12835 13830 4776 2946 14776 2176 8719 4776 926 16187 16187 16187 16187 16187
1655 12233 14180 3102 8719 9222 3171 10917 10033 13348 16187 8719 4776 2563 16187 16187
4776 2093 8719 11587 5867 13759 1919 4827 5867 8710 4032 14951 16187 16187 16187 16187
3489 4750 12835 13830 4776 2946 14776 2176 8719 4776 926 16187 16187 16187 16187 16187
1655 12233 14180 3102 8719 9222 3171 10917 10033 13348 16187 8719 4776 2563 16187 16187
8489 16076 926 4931 3098 8719 3171 2563 13348 16187 16187 16187 16187 16187 16187 16187
3489 4750 12835 13830 4776 2946 14776 2176 8719 4776 926 16187 16187 16187 16187 16187
1655 12233 14180 3102 8719 9222 3171 10917 10033 13348 16187 8719 4776 2563 16187 16187
8712 5867 7336 8350 8268 15624 8268 14237 9238 16187 16187 16187 16187 16187 16187 16187
3489 4750 12835 13830 4776 2946 14776 2176 8719 4776 926 16187 16187 16187 16187 16187
1655 12233 14180 3102 8719 9222 3171 10917 10033 13348 16187 8719 4776 2563 16187 16187
5463 5867 203 8569 3171 2563 8710 16187 16187 16187 16187 16187 16187 16187 16187 16187
3489 4750 12835 13830 4776 2946 14776 2176 8719 4776 926 16187 16187 16187 16187 16187
1655 12233 14180 3102 8719 9222 3171 10917 10033 13348 16187 8719 4776 2563 16187 16187
3171 10033 3364 11553 12766 6259 5820 10358 12444 16187 16187 16187 16187 16187 16187 16187
3489 4750 12835 13830 4776 2946 14776 2176 8719 4776 926 16187 16187 16187 16187 16187
1655 12233 14180 3102 8719 9222 3171 10917 10033 13348 16187 8719 4776 2563 16187 16187
4421 15337 1019 5441 6173 9055 6073 926 1019 926 6173 16187 16187 16187 16187 16187
3489 4750 12835 13830 4776 2946 14776 2176 8719 4776 926 16187 16187 16187 16187 16187
1655 12233 14180 3102 8719 9222 3171 10917 10033 13348 16187 8719 4776 2563 16187 16187
8654 14237 4776 11096 926 8630 8712 8268 14237 2148 8858 3609 14237 926 926 16187
3489 4750 12835 13830 4776 2946 14776 2176 8719 4776 926 16187 16187 16187 16187 16187
1655 12233 14180 3102 8719 9222 3171 10917 10033 13348 16187 8719 4776 2563 16187 16187
3171 2563 15846 11553 6011 2989 1955 4776 12529 7051 1957 4776 12298 16187 16187 16187
3489 4750 12835 13830 4776 2946 14776 2176 8719 4776 926 16187 16187 16187 16187 16187
1655 12233 14180 3102 8719 9222 3171 10917 10033 13348 16187 8719 4776 2563 16187 16187
7740 4531 3171 10033 6259 3098 8855 16187 16187 16187 16187 16187 16187 16187 16187 16187
3489 4750 12835 13830 4776 2946 14776 2176 8719 4776 926 16187 16187 16187 16187 16187
1655 12233 14180 3102 8719 9222 3171 10917 10033 13348 16187 8719 4776 2563 16187 16187
4240 14180 10566 157 1243 3171 10033 8710 5297 6259 3098 7937 3177 14766 16187 16187
3489 4750 12835 13830 4776 2946 14776 2176 8719 4776 926 16187 16187 16187 16187 16187
1655 12233 14180 3102 8719 9222 3171 10917 10033 13348 16187 8719 4776 2563 16187 16187
12003 13555 1378 8268 14237 6011 15846 12149 8712 4776 2601 4927 10324 13348 16187 16187
3489 4750 12835 13830 4776 2946 14776 2176 8719 4776 926 16187 16187 16187 16187 16187
1655 12233 14180 3102 8719 9222 3171 10917 10033 13348 16187 8719 4776 2563 16187 16187
7740 15438 3644 9754 10603 6259 11046 12732 1919 3171 10033 16187 16187 16187 16187 16187
3489 4750 12835 13830 4776 2946 14776 2176 8719 4776 926 16187 16187 16187 16187 16187
1655 12233 14180 3102 8719 9222 3171 10917 10033 13348 16187 8719 4776 2563 16187 16187
8726 8712 5867 1957 4776 3059 14617 8268 13077 8712 15525 16187 16187 16187 16187 16187
3489 4750 12835 13830 4776 2946 14776 2176 8719 4776 926 16187 16187 16187 16187 16187
1655 12233 14180 3102 8719 9222 3171 10917 10033 13348 16187 8719 4776 2563 16187 16187
14237 5463 12232 7347 6259 5948 3177 2560 2903 8719 5296 926 2975 16187 16187 16187
3489 4750 12835 13830 4776 2946 14776 2176 8719 4776 926 16187 16187 16187 16187 16187
1655 12233 14180 3102 8719 9222 3171 10917 10033 13348 16187 8719 4776 2563 16187 16187
14691 2148 12233 1436 16187 16187 16187 16187 16187 16187 16187 16187 16187 16187 16187 16187
3489 4750 12835 13830 4776 2946 14776 2176 8719 4776 926 16187 16187 16187 16187 16187
1655 12233 14180 3102 8719 9222 3171 10917 10033 13348 16187 8719 4776 2563 16187 16187
6173 6011 771 12233 11553 9594 582 2451 13546 15358 16187 16187 16187 16187 16187 16187
3489 4750 12835 13830 4776 2946 14776 2176 8719 4776 926 16187 16187 16187 16187 16187
1655 12233 14180 3102 8719 9222 3171 10917 10033 13348 16187 8719 4776 2563 16187 16187
13634 2784 9385 3082 8710 6188 2858 14734 14198 2837 6259 10148 830 6259 1862 16187
3489 4750 12835 13830 4776 2946 14776 2176 8719 4776 926 16187 16187 16187 16187 16187
1655 12233 14180 3102 8719 9222 3171 10917 10033 13348 16187 8719 4776 2563 16187 16187
4776 2211 8368 9666 820 16187 16187 16187 16187 16187 16187 16187 16187 16187 16187 16187
3489 4750 12835 13830 4776 2946 14776 2176 8719 4776 926 16187 16187 16187 16187 16187
1655 12233 14180 3102 8719 9222 3171 10917 10033 13348 16187 8719 4776 2563 16187 16187
