7740 973 14364 8712 9084 9754 7127 13592 5863 16187 16187 16187 16187 16187 16187 16187
7740 973 14364 8712 9084 9754 7127 13592 5863 16187 16187 16187 926 16187 16187 16028
7740 973 14364 7740 15771 8712 16187 7740 188 12233 2552 4776 3366 16187 16187 16187
12127 13879 4325 7001 4069 12233 15499 1919 9780 680 3177 4776 12625 8145 16187 16187
12127 983 4776 7098 2979 14029 8268 7740 12145 12276 9465 12233 4776 2024 16187 16187
12127 13879 4325 7001 4069 12233 15499 1919 9780 680 3177 4776 12625 8145 16187 16187
8712 8710 1954 10915 15848 9549 14029 5937 7658 16187 16187 16187 16187 16187 16187 16187
8712 8710 1954 10915 15848 9549 14029 5937 7658 16187 16187 16187 16187 9316 6071 16187
8712 8710 1954 817 8982 10372 12576 16187 14237 8712 16187 4537 8093 16187 16187 16187
3847 8712 7448 12233 2823 13436 2598 16187 16187 16187 16187 16187 16187 16187 16187 16187
3847 8712 7448 12233 2823 13436 2598 16187 16187 14734 1133 16187 16187 16187 14465 16187
3847 5463 8733 8712 10355 2598 16187 16187 8043 16187 3137 926 16187 16187 16187 16187
14272 4624 2552 8710 5580 5695 14596 7032 8268 14237 8124 10418 2837 14180 2946 16187
14272 11900 8710 4325 8021 4776 14596 1919 6259 14430 4656 513 16187 16187 16187 4883
14272 4624 2552 8710 5580 5695 14596 7032 8268 14237 8124 10418 2837 14180 2946 16187
4311 8712 4931 15142 4537 1138 4776 9810 5711 16187 16187 16187 16187 16187 16187 16187
4311 8712 4931 15142 4537 1138 4776 9810 5711 16187 16187 14237 14581 16187 8712 16187
4311 7926 926 11553 12233 926 12233 5272 15389 16187 16187 12209 2598 16187 16187 16187
926 3643 926 1955 926 926 7740 7627 16187 16187 16187 16187 16187 16187 16187 16187
926 3643 926 1955 926 926 7740 7627 16187 16187 16187 8172 4924 926 16187 9925
926 1799 8245 4931 7742 7926 4931 926 1799 8245 16187 16187 8719 1019 7926 4931
4776 12582 8268 9793 8268 14734 13881 16187 16187 16187 16187 16187 16187 16187 16187 16187
4776 12582 8268 9793 8268 14734 13881 16187 4931 14734 1378 16187 8456 2765 10315 12825
4776 5031 14776 2446 8124 16187 16187 14237 926 16187 7076 4776 10033 16187 10272 16187
5946 3177 4776 10033 2422 3177 14634 14237 12616 16187 16187 16187 16187 16187 16187 16187
5946 1919 4776 4152 8268 14043 14186 8387 16187 9642 926 16187 9642 926 16187 16187
5946 3177 4776 10033 2422 3177 14634 14237 12616 16187 16187 926 8270 16187 16187 16187
6011 3644 9754 195 5937 5293 3748 1919 3171 1378 16187 16187 16187 16187 16187 16187
6011 3644 9754 195 5937 5293 3748 1919 3171 1378 16187 926 16187 16187 16187 13089
6011 3644 9754 5174 5937 643 11889 1976 9084 14237 5174 15096 16187 16187 16187 10211
8712 8710 6259 4660 10033 8268 12008 8712 5867 6259 10355 1378 16187 16187 16187 16187
8712 8710 6259 4660 10033 8268 12008 8712 5867 6259 10355 1378 16187 16187 899 16187
8712 8710 6259 2176 8268 11901 14237 6070 4688 132 12233 13637 16187 16187 16187 14395
4776 3137 1033 4624 11031 14029 926 5867 12380 14237 5088 568 16187 16187 16187 16187
4776 926 637 779 6259 13568 15063 3177 8622 4859 13348 16187 8084 16187 12291 16187
4776 3137 1033 4624 11031 14029 926 5867 12380 14237 5088 568 16187 8710 926 13348
15658 2326 5682 11953 926 926 2598 16187 16187 16187 16187 16187 16187 16187 16187 16187
15658 2326 5682 11953 926 926 2598 16187 16187 2598 16187 16187 2598 16187 16187 2598
15658 13197 1954 3982 4152 779 12233 8569 2598 16187 16187 16187 16187 16187 16187 16187
4322 8268 14325 4776 2563 7617 6259 11514 5463 4931 4537 16150 13745 16187 16187 16187
4322 8268 14325 4776 2563 7617 6259 11514 5463 4931 4537 16150 13745 16187 926 16187
3511 8710 5463 4776 2563 5568 4537 12741 12187 1957 8506 16187 7926 16138 926 16187
8712 9004 7336 15525 3177 14824 5372 8719 6259 8871 2563 5777 16187 16187 16187 16187
8712 9004 7336 15525 3177 14824 5372 8719 6259 8871 2563 5777 16187 7347 6259 5948
8712 6179 6259 6689 830 1954 950 12233 9605 2858 6259 954 16187 16187 16187 16187
7740 3553 14489 4552 9754 8157 13839 14745 12233 1750 6259 9514 16187 16187 16187 16187
7740 3553 6011 2666 3171 315 14237 1453 12276 4183 830 8712 16187 16187 13348 16187
7740 3553 14489 4552 9754 8157 13839 14745 12233 1750 6259 9514 16187 16187 16187 16187
926 3082 8710 1098 16187 16187 16187 16187 16187 16187 16187 16187 16187 16187 16187 16187
926 3082 8710 1098 16187 16187 16187 16187 16187 954 16187 16187 16187 16187 16187 16187
926 11238 8710 6535 10355 16187 16187 16187 16187 16187 16187 16187 1957 16187 14734 926
4325 4552 9754 15956 15662 4325 4552 3171 8268 8712 8710 10716 8719 15597 584 16187
4325 4552 9754 15956 15662 4325 4552 3171 8268 8712 8710 10716 8719 15597 584 16187
4325 4552 9754 8733 4312 11889 3171 6713 15978 4325 8093 9084 16187 16187 14043 14734
13084 16187 16187 16187 16187 16187 16187 16187 16187 16187 16187 16187 16187 16187 16187 16187
13084 16187 16187 16187 16187 16187 16187 16187 16187 16187 16187 16187 16187 12401 16146 3774
13084 16187 16187 16187 16187 16187 16187 16187 16187 16187 6888 3774 926 2858 1622 16187
4325 15289 926 5867 1781 8311 14237 14734 4963 8311 16187 16187 16187 16187 16187 16187
4325 15289 926 5867 1781 8311 14237 14734 4963 8311 16187 16187 16187 926 16187 16187
4325 2446 1042 12583 3177 8181 830 6259 12007 16187 16187 7254 13348 16187 3730 16187
5328 14956 7905 1383 10978 8268 5328 2053 8569 12723 7383 3994 9685 16187 16187 16187
5328 14956 7905 1383 10978 8268 5328 2053 8569 12723 7383 3994 9685 16187 16187 16187
559 12958 8719 4776 10033 9222 4490 9070 10967 4776 2563 10781 16187 8710 10571 2689
3171 8710 6259 1787 5463 8710 7661 5820 14237 926 16187 16187 16187 16187 16187 16187
3171 8710 6259 1787 5463 8710 7661 5820 14237 926 16187 16187 16187 9316 16187 8185
3171 8710 6259 9405 15658 8710 6381 12233 5804 830 4355 7926 6284 16187 16187 16187
926 6259 926 1955 7926 14140 10324 4776 14617 451 16187 16187 16187 16187 16187 16187
926 6259 489 8710 8719 10781 11765 8268 4624 15956 5463 16187 6011 16187 16187 16187
926 6259 926 1955 7926 14140 10324 4776 14617 451 16187 16187 16187 16187 16187 16187
7740 11530 12958 11953 3171 2563 14237 7740 2308 14691 12233 8217 11953 16187 16187 16187
7740 4931 1229 10879 12233 2552 8712 8268 14237 4931 1229 9872 13089 7740 9084 16187
7740 11530 12958 11953 3171 2563 14237 7740 2308 14691 11953 16187 14237 16187 16187 16187
7740 12232 1436 12233 14950 15658 8710 5807 3177 15715 3171 10033 16187 16187 16187 16187
7740 12232 8154 3171 2563 10699 15978 4776 8405 8521 16187 16187 834 16187 1644 12233
7740 12232 1436 12233 14950 15658 8710 5807 3177 15715 3171 10033 16187 3171 15846 16187
926 926 14237 5095 926 14776 12256 8719 10355 5121 10638 16187 16187 16187 16187 16187
926 926 14237 926 2257 14776 9431 14263 16187 16187 16187 16187 926 1885 16187 16187
926 926 14237 5095 926 14776 12256 8719 10355 5121 10638 16187 16187 7742 16187 16187
6173 926 15034 8913 779 4776 4064 926 954 16187 16187 16187 16187 16187 16187 16187
6173 926 926 145 6259 10761 8081 1545 8719 6071 16187 16187 8225 16187 12738 16187
6173 926 15034 8913 779 4776 4064 926 954 16187 779 16105 16187 2191 16187 16187
1229 1597 4835 919 14237 13084 12457 926 14029 4776 1525 13348 16187 16187 16187 16187
1229 14272 3112 4776 10033 1229 10355 2598 16187 16187 16187 16187 16187 16187 16187 16187
1229 1597 4835 919 14237 13084 12457 926 14029 4776 1525 13348 16187 13348 16187 16187
14031 8268 14237 7661 13422 2903 14237 10299 3418 16187 16187 16187 16187 16187 16187 16187
14031 8268 14237 7661 13422 2903 14237 10299 3418 16187 16187 13081 16187 926 16187 16187
14031 8268 14237 4776 4707 3177 1237 10247 16187 3171 6276 16187 16187 16187 16187 2615
7740 3175 7740 15956 15662 12008 7740 4552 9754 188 12233 15784 5463 830 6011 16187
7740 4552 9754 15956 8268 7740 2383 7740 11553 6259 9424 830 12011 926 16187 16187
7740 3175 7740 15956 15662 12008 7740 4552 9754 188 12233 15784 5463 830 6011 16187
8069 1793 8268 4776 10033 3847 9754 2326 12727 14029 4776 9404 14281 16187 16187 16187
8069 1793 8268 4776 10033 3847 9754 2326 12727 14029 4776 9404 14281 16187 16187 16187
8069 1793 8268 4776 10033 3847 9754 2326 12727 14029 4776 9404 14281 16187 16187 16187
6011 11553 12233 12650 3171 1378 12233 12650 4776 8261 926 16187 16187 16187 16187 16187
6011 11553 12233 12650 3171 1378 12233 12650 4776 8261 926 16187 16187 16187 16187 7970
6011 11553 5568 5627 15845 6856 8268 12170 8268 14043 9085 5711 16187 16187 8270 16187
14069 5867 4537 1378 9424 7740 188 12233 15956 2598 16187 16187 16187 16187 16187 16187
14069 5867 4537 1378 9424 7740 188 12233 15956 2598 16187 16187 16187 929 16187 16187
14069 5867 4537 1229 630 7740 5208 1453 8268 7740 2383 16187 569 3177 12773 16187
12232 6011 12729 6259 9385 1955 10260 1955 926 3847 2598 16187 16187 16187 16187 16187
12232 6011 12729 6259 9385 1955 10260 1955 926 3847 2598 16187 2598 16187 2598 16187
12232 11553 4015 6259 11361 3177 9831 16187 1229 14221 16187 16187 7740 15956 16187 16187
14030 8268 12958 10247 8719 3171 2563 16187 16187 16187 16187 16187 16187 16187 16187 16187
14030 8268 12958 10247 8719 3171 2563 16187 8710 4776 6683 16187 16187 12757 16187 8556
14030 8268 3171 2563 5020 4265 9041 9850 564 13103 3177 926 16187 16187 16187 8781
3478 13431 8268 15658 9360 15658 8268 3634 16187 16187 16187 16187 16187 16187 16187 16187
13852 385 12233 8733 2903 15597 8456 13348 16187 16187 16028 1919 16187 16187 16187 16187
3478 13431 8268 15658 9360 15658 8268 3634 16187 16187 16187 16187 16187 16187 16187 5200
14237 3643 8710 6535 8569 8719 14734 954 16187 16187 16187 16187 16187 16187 16187 16187
14237 3643 8710 6535 8569 8719 14734 954 16187 16187 16187 16187 10762 926 16187 16187
14237 8069 8268 8796 8268 1138 15854 8523 5711 16187 16187 12495 16187 8093 16187 16187
7740 7902 6259 5948 3177 5414 991 91 15658 5462 1110 3171 14251 16187 16187 16187
7740 8309 12233 3192 12135 8719 4776 10344 674 5867 14237 4881 8719 926 16187 16187
7740 7902 6259 5948 3177 5414 991 91 15658 5462 1110 3171 14251 16187 16187 16187
1229 630 3177 14272 16105 4776 1866 8808 3098 779 12766 15842 16187 16187 16187 16187
1229 630 3177 8712 8710 14221 10967 4776 11614 16187 926 16187 12349 817 16187 16187
1229 630 3177 14272 16105 4776 1866 8808 3098 779 12766 15842 16187 16187 10879 16187
7416 926 14272 5208 7740 1436 2598 16187 16187 16187 16187 16187 16187 16187 16187 16187
11719 8268 10394 3102 4431 15597 983 16187 2446 9605 2858 2432 4440 16187 16187 16187
7416 926 14272 5208 7740 1436 2598 16187 16187 16187 2598 16187 16187 4931 16187 16187
926 926 5329 5568 2608 8569 12008 14734 4931 7336 13473 16187 16187 16187 16187 16187
926 926 5329 5568 2608 8569 12008 14734 4931 7336 13473 16187 16187 16187 16187 7708
926 926 5867 1138 926 5711 3847 5463 16187 8710 203 6013 16187 16187 16187 926
7508 8268 926 1449 8268 7740 1442 8712 13280 16187 16187 16187 16187 16187 16187 16187
7508 8268 10191 1649 16105 3011 387 8268 14237 5463 4931 8712 16187 16187 9780 16187
7508 8268 926 1449 8268 7740 1442 8712 13280 16187 830 1243 16187 16187 16187 10918
4311 13474 8625 4776 2588 3177 4776 926 8268 14237 7740 11530 1229 7740 15684 16187
4311 10036 8268 4776 13434 2466 2326 11553 13084 10400 14272 4325 11031 3908 7508 16187
4311 13474 8625 4776 2588 3177 4776 926 8268 14237 7740 11530 1229 7740 15684 16187
12008 7542 8268 1954 6403 9590 3177 6259 10033 16187 16187 16187 16187 16187 16187 16187
12008 7542 8268 1954 6403 9590 3177 6259 10033 16187 16187 16187 12495 16187 16187 16187
12008 7542 4776 2689 14465 926 4776 5329 2689 14465 16187 16187 4312 16187 16187 16187
8712 5867 2148 13929 16187 16187 16187 16187 16187 16187 16187 16187 16187 16187 16187 16187
8712 5867 10285 8268 11789 14380 16187 16187 8719 4776 5777 16187 10501 16187 16187 16187
8712 5867 2148 13929 16187 16187 16187 16187 16187 12008 12127 1378 16187 1378 16187 1711
504 5341 6872 779 6259 2067 8268 12008 7463 954 16187 16187 16187 16187 16187 16187
504 5341 6872 779 6259 2067 8268 12008 7463 954 16187 16187 16187 16187 16187 926
504 5341 6872 779 6259 2067 8268 12008 7463 954 16187 16187 16187 16187 926 926
1948 4440 2446 11961 5981 14237 11535 8719 6259 3502 14237 926 4927 16187 16187 16187
1948 4440 2446 11961 5981 14237 11535 8719 6259 3502 14237 926 4927 16187 16187 16187
14734 8808 8710 13074 14237 6011 5208 926 1919 14745 1344 14108 16187 16187 2025 16187
3171 145 2903 4404 10709 16187 16187 16187 16187 16187 16187 16187 16187 16187 16187 16187
3171 10272 1954 3865 9574 16187 7742 16187 16187 7742 13267 16187 16187 16187 12757 6173
3171 145 2903 4404 10709 16187 16187 10053 16187 16187 5388 9332 16187 16187 926 16187
2016 3364 11553 8093 1233 6259 2740 11889 5463 16187 16187 16187 16187 16187 16187 16187
4487 771 6259 10355 4183 830 8712 16187 16187 16187 4537 6421 13348 16187 16187 16187
2016 3364 11553 8093 1233 6259 2740 11889 5463 16187 10509 1243 2968 16187 8901 16187
4421 9660 6259 5480 2494 3177 6826 1243 7661 14762 11022 16187 16187 16187 16187 16187
4421 10668 15881 6259 3984 12233 11178 14180 3177 14734 10418 906 16187 16187 926 16187
4421 9660 6259 5480 2494 3177 6826 1243 7661 14762 11022 16187 16187 2296 16187 14237
4404 9840 3177 926 15649 926 16146 13607 5388 8710 4776 7377 3177 4776 3052 16187
4404 9332 8808 4931 926 926 8268 4776 12135 10429 16187 16187 16187 5388 16187 16187
4404 9840 3177 926 15649 926 16146 13607 5388 8710 4776 7377 3177 4776 3052 16187
14397 4776 1462 4927 1462 16187 16187 16187 16187 16187 16187 16187 16187 16187 16187 16187
14850 8887 8710 12524 10917 16187 16187 16187 16187 16187 7708 16187 13623 12911 16187 16187
14397 4776 1462 4927 1462 16187 16187 16187 16187 9264 926 16187 16187 926 16187 926
7740 12020 7740 3364 14263 8712 926 9484 16187 16187 16187 16187 16187 16187 16187 16187
7740 12020 7740 968 8093 8466 8712 16187 16187 16187 13348 16187 16187 16187 16187 16187
7740 12020 7740 3364 14263 8712 926 9484 16187 16187 16187 16187 16187 10036 16187 10036
2383 14272 2598 16187 16187 16187 16187 16187 16187 16187 16187 16187 16187 16187 16187 16187
2383 14272 2598 16187 16187 16187 2598 16187 16187 2598 16187 2598 16187 12757 2598 16187
2383 14272 2598 16187 16187 16187 16187 2598 16187 2598 16187 12757 2598 16187 16187 2598
8554 16187 16187 16187 16187 16187 16187 16187 16187 16187 16187 16187 16187 16187 16187 16187
12307 16187 16187 16187 16187 16187 6918 16187 16187 16187 8719 16187 16187 5200 4434 16187
8554 16187 16187 16187 16187 16187 16187 16187 16187 16187 16187 16187 16187 16187 16187 929
9410 8710 15119 1922 2837 582 8268 926 8268 856 8268 14125 14237 9764 926 16187
9410 8710 15119 1922 2837 582 8268 926 8268 856 8268 14125 14237 9764 926 16187
9410 8710 15119 1922 2837 582 8268 926 8268 856 8268 14125 14237 9764 926 16187
13084 4927 12233 12311 3171 1378 2903 8268 816 2598 2598 16187 16187 16187 16187 16187
13084 4927 12233 12311 3171 1378 2903 8268 816 2598 2598 16187 2598 16187 16187 9431
13084 1378 7740 15956 11953 4776 10033 2598 16187 16187 8710 16187 16187 3192 7377 16187
1833 8015 8710 2446 7393 13839 1955 4776 926 10785 16187 16187 16187 16187 16187 16187
11457 8746 1919 4776 4792 5867 9059 8268 6259 875 16187 16187 16187 16187 16187 16187
1833 8015 8710 2446 7393 13839 1955 4776 926 10785 16187 4776 12616 3177 4776 926
3171 8710 5329 6259 10509 926 2563 8268 14221 10967 8712 16187 16187 16187 16187 16187
3171 8710 6259 14411 476 4776 10033 8710 3356 8719 1597 1486 16187 16187 13081 16187
3171 8710 5329 6259 10509 926 2563 8268 14221 10967 8712 16187 16187 7926 5208 5329
7740 4531 4776 2563 6259 5948 16187 16187 16187 16187 16187 16187 16187 16187 16187 16187
7740 4531 3171 10033 6259 3098 8855 16187 16187 6070 2689 4440 16187 14237 10336 16187
7740 4531 4776 2563 6259 5948 16187 16187 16187 16187 9442 6306 16187 16187 926 16187
926 5867 9059 1019 7729 14237 2689 15167 926 6173 926 926 3177 926 16187 16187
926 5867 5602 926 1019 926 926 6173 8710 6259 5200 926 16187 16187 16187 1093
926 5867 9059 1019 7729 14237 2689 15167 926 6173 926 926 3177 926 16187 16187
5217 15902 13348 16187 16187 16187 16187 16187 16187 16187 16187 16187 16187 16187 16187 16187
5217 15902 13348 16187 16187 16187 16187 16187 16187 4659 14237 12052 6179 16187 16187 16187
5217 15902 13348 16187 16187 16187 16187 6407 8712 16187 14043 9484 16187 6659 16187 16187
9813 9780 10372 16187 16187 16187 16187 16187 16187 16187 16187 16187 16187 16187 16187 16187
9813 926 1919 6011 16187 16187 13348 16187 14395 16187 16187 16187 16187 8719 16187 16187
9813 9780 10372 16187 16187 6073 8093 5853 926 16187 16187 929 16187 16187 2097 9389
4325 7347 14672 8858 15358 14237 10496 3237 4776 9349 8710 926 1919 14745 13348 16187
4325 7347 14672 8858 15358 14237 10496 3237 4776 9349 8710 926 1919 14745 13348 16187
4325 7347 14029 9222 6591 14194 830 12401 16146 137 4776 5453 8521 16187 16187 1110
10716 8213 16187 16187 16187 16187 16187 16187 16187 16187 16187 16187 16187 16187 16187 16187
10716 8213 16187 16187 16187 16187 16187 16187 14518 16187 16187 16187 16187 5200 16187 16187
10716 8213 16187 16187 16187 16187 16187 16187 16187 16187 16187 16187 16187 16187 16187 16187
926 14163 4776 2053 9594 14274 3994 3177 926 8268 1138 6259 926 14274 5711 16187
926 14156 926 14237 926 8268 9330 14237 110 926 1955 7742 1955 10646 926 16187
926 14163 4776 2053 9594 14274 3994 3177 926 8268 1138 6259 926 14274 5711 16187
3171 2563 779 12233 2823 8466 12233 2823 1170 13348 16187 16187 16187 16187 16187 16187
3171 2563 779 12233 2823 8466 12233 2823 1170 13348 16187 13348 16187 16187 13348 16187
3171 2563 779 6070 9450 9955 14237 8710 5568 4409 14861 9485 16187 16187 16187 16187
12008 4776 6499 8268 8719 10025 8268 3007 6070 5820 16187 16187 16187 16187 16187 16187
12008 4776 6499 8268 8719 10025 8268 3007 6070 5820 16187 16187 16187 16187 15846 15846
12008 4776 15907 4440 14776 10915 3098 14237 16076 7398 2326 5208 14889 16187 16187 926
4776 10418 10283 3177 4776 4369 8710 11643 13348 16187 16187 16187 16187 16187 16187 16187
4776 10418 14237 926 3177 4776 9339 12835 8710 6535 10355 16187 16187 16187 16187 16187
4776 10418 10283 3177 4776 4369 8710 11643 13348 16187 16187 6569 16187 6173 16187 8270
9367 7148 7076 1885 5602 8268 15658 15846 2823 5358 1885 10887 5642 2563 16187 16187
820 10913 14581 4776 7448 12233 3818 2572 11239 12233 3504 4776 2572 1778 4312 16187
9367 7148 7076 1885 5602 8268 15658 15846 2823 5358 1885 10887 5642 2563 16187 16187
203 3364 13797 926 6259 8974 5463 4927 2598 16187 16187 16187 16187 16187 16187 16187
203 3364 13797 926 6259 8974 5463 4927 2598 16187 16187 2598 16187 16187 16187 512
203 3364 7740 9429 5463 3171 15846 2823 6259 5906 7937 926 16187 16187 16187 16187
4776 4440 11078 4776 12945 3177 4776 926 5867 14776 7742 5606 14237 13436 16187 16187
4776 4440 15649 14776 10518 12233 2823 4963 3634 14776 564 5329 14035 16187 16187 8719
4776 4440 11078 4776 12945 3177 4776 926 5867 14776 7742 5606 14237 13436 16187 16187
8719 3511 8268 4325 3364 11553 16105 4776 2002 308 4537 11953 3171 16187 16187 16187
8719 3511 8268 4325 3364 11553 16105 4776 2002 308 4537 11953 3171 16187 16187 8093
8719 3511 8268 7740 4931 8719 9540 10967 10953 6259 15335 12291 13348 16187 16187 13348
14272 6259 3667 3177 3098 11198 13348 13348 16187 16187 16187 16187 16187 16187 16187 16187
14272 6259 3667 3177 926 3994 9831 16187 13348 16187 13348 16187 13348 16187 13348 16187
14272 6259 3667 3177 3098 11198 13348 13348 16187 4776 7949 16187 8719 12894 16187 926
4776 3566 9290 4707 5627 16187 16187 16187 16187 16187 16187 16187 16187 16187 16187 16187
4776 3566 9290 4707 5627 16187 16187 16187 13623 16187 16187 1919 1885 16187 4763 926
4776 12621 15063 10967 3690 926 12233 926 16187 16187 16187 16187 16187 16187 16187 16187
1138 926 1390 5711 771 14703 1507 14937 8268 5314 9461 8846 16187 16187 16187 16187
1138 926 3994 15525 5711 8710 6297 6259 8270 14237 926 5562 926 16187 512 7742
1138 926 1390 5711 771 14703 1507 14937 8268 5314 9461 8846 16187 16187 16187 16187
4776 13849 14163 5463 6989 7401 11889 14745 2598 16187 16187 16187 16187 16187 16187 16187
4776 8199 3384 771 6826 926 6178 16187 3364 1711 14237 8733 16187 2191 16187 13348
4776 13849 14163 5463 6989 7401 11889 14745 2598 16187 2598 16187 16187 14734 926 16187
4142 447 16187 16187 16187 16187 16187 16187 16187 16187 16187 16187 16187 16187 16187 16187
4142 447 16187 16187 16187 16187 4277 9813 9643 8521 16187 16187 16187 16187 16187 16187
4142 447 16187 16187 16187 16187 954 16187 16187 16187 16187 5841 16187 16187 830 6306
7926 15881 3102 1919 4776 926 474 15978 7926 6546 4446 830 2984 926 1885 16187
7926 14005 4776 983 3177 5804 14237 16146 8500 162 5463 4776 926 4598 14029 16187
7926 15881 3102 1919 4776 926 474 15978 7926 6546 4446 830 2984 926 1885 16187
15658 14352 16108 8712 4931 10355 14043 5329 2598 16187 16187 16187 16187 16187 16187 16187
15658 1644 12233 2552 4404 13060 12444 2598 16187 16187 929 16187 16187 16187 16187 16187
15658 14352 16108 8712 4931 10355 14043 5329 2598 16187 16187 16187 16187 13839 16187 2598
3171 2563 13404 6826 10024 3302 4776 7687 9346 3177 4537 9389 16187 16187 16187 16187
3171 2563 16105 9070 11728 14237 2526 1957 14180 4776 816 12291 16187 16187 8093 8084
3171 2563 13404 6826 10024 3302 4776 7687 9346 3177 4537 9389 16187 16187 16187 10918
4370 5498 15846 13938 6011 4609 1919 14734 10418 14237 4679 16187 16187 16187 16187 16187
4370 5498 15846 13938 6011 4609 1919 14734 10418 14237 4679 16187 8268 12495 16187 16187
13997 6139 12233 8557 8900 14237 4776 834 1045 5463 118 3171 13174 12233 2202 16187
4776 11179 4931 14411 8268 14691 2326 926 9070 4609 16187 16187 16187 16187 16187 16187
4776 11179 4931 14411 8268 14691 2326 926 9070 4609 16187 16187 8710 16187 16187 16187
4776 2563 3847 9754 7566 13592 14029 3384 4440 16187 16187 16187 7664 574 16187 16187
13852 779 12233 1923 14745 3748 4776 5095 16187 16187 16187 16187 16187 16187 16187 16187
13852 3102 8719 4776 4302 4537 6635 817 6861 13784 5031 8268 5463 5867 14180 16187
13852 779 12233 1923 14745 3748 4776 5095 16187 14734 5341 16187 11763 16187 16187 16187
4776 14596 3177 7982 8268 6259 6013 8268 6177 8268 6303 16187 16187 16187 16187 16187
4776 14596 10740 15982 14237 11289 5629 4776 15840 14237 926 5867 1825 16187 16187 16187
4776 14596 3177 7982 8268 6259 6013 8268 6177 8268 6303 16187 16187 926 8270 16187
4776 5568 5820 6181 3171 2563 145 8710 5463 2681 68 779 6259 13186 16187 16187
4776 5568 5820 6181 3171 2563 145 8710 5463 2681 68 779 6259 13186 16187 16187
4776 5568 9424 5463 10247 4931 4776 8521 8268 6666 15978 3177 4776 6854 16187 16187
2789 4931 16167 3356 12576 16187 16187 16187 16187 16187 16187 16187 16187 16187 16187 16187
2789 4931 16167 3356 12576 16187 8719 3171 14596 16187 16187 16187 16187 16187 16187 5841
8069 4776 10355 9288 2598 16187 16187 10315 4776 7151 16187 16187 1955 926 1955 926
1597 8268 1597 820 1436 5463 926 1390 8710 4776 7705 8569 2563 8084 16187 16187
1597 820 2552 3171 1955 6259 8974 8268 12008 7740 6748 12260 11553 2329 15389 16187
1597 8268 1597 820 1436 5463 926 1390 8710 4776 7705 15978 3177 1885 13341 16187
3171 4931 9754 6826 926 926 1543 14069 8710 1954 4269 12233 4776 12287 16187 16187
3171 4931 6259 5948 8270 512 7740 12773 8268 12716 14069 6259 15335 2365 6178 16187
3171 4931 9754 6826 926 926 1543 14069 8710 1954 4269 12233 4776 12287 16187 16187
1954 6680 14999 7154 8268 5463 5867 7962 12233 6683 1957 16187 16187 16187 16187 16187
1954 6680 14999 7154 8268 5463 5867 7962 12233 6683 1957 16187 16187 16187 16187 16187
1954 6680 14999 7154 8268 5463 5867 7962 12233 6683 1957 16187 16187 16187 16187 16187
12008 8857 3171 7708 9290 4931 7456 12233 8033 7661 12276 4189 14237 926 16187 16187
12008 830 9070 1957 14589 4776 2563 5867 926 926 9743 8369 16187 4776 8185 14776
12008 8857 3171 7708 9290 4931 7456 12233 8033 7661 12276 4189 14237 926 16187 16187
7740 4537 1442 3171 2563 13280 8712 4537 5374 10808 91 8719 926 16187 16187 16187
7740 4537 9429 926 8710 6259 10275 13886 16187 16187 12135 16187 16187 8719 4776 2563
7740 4537 1442 3171 2563 13280 8712 4537 5374 10808 91 8719 926 16187 8719 6006
7740 8197 3171 10033 1954 1138 6259 5711 14237 6259 9484 15525 3177 9484 16187 16187
7740 8197 8712 13341 1390 15525 3177 3803 3418 16187 16187 16187 16187 6173 16187 14255
7740 8197 3171 10033 1954 1138 6259 5711 14237 6259 9484 15525 3177 9484 16187 16187
926 8268 14272 13411 12233 4776 15433 14237 2689 3575 2598 16187 16187 16187 16187 16187
926 8268 14272 13411 12233 4776 15433 14237 2689 3575 2598 16187 16187 2077 16187 16187
926 8268 4776 3011 2053 926 9498 4103 8268 4931 5329 15174 16187 16187 16187 7410
14237 8268 8719 6259 4927 8268 3171 3886 8710 11953 1133 16187 16187 16187 16187 16187
14237 8268 5463 14407 203 4776 6915 14588 8710 16107 8268 14237 1344 5520 16187 16187
14237 8268 8719 6259 4927 8268 3171 3886 8710 11953 1133 16187 14581 10355 16187 14237
8712 5867 10285 8268 11789 14380 16187 16187 16187 16187 16187 16187 16187 16187 16187 16187
8712 5867 10285 8268 11789 14380 16187 16187 929 16187 8781 16187 16187 15043 16187 643
8712 5867 2148 13929 16187 16187 16187 16187 16187 16187 10918 16187 16187 16187 16187 3192
11652 13923 926 5867 13726 1919 9422 14237 14734 11198 12233 926 6689 12915 9766 16187
11652 13923 926 5867 13726 1919 9422 14237 14734 11198 12233 926 6689 12915 9766 16187
11914 8710 5297 14029 4776 6856 830 580 14734 5459 8268 926 8268 7001 16187 7001
14691 8710 13074 14237 12127 8808 8710 1229 1378 2614 8712 5641 16187 16187 16187 16187
14691 8710 4687 830 12351 8268 14043 830 9455 6672 16187 14043 5407 16187 16187 16187
14691 8710 13074 14237 12127 8808 8710 1229 1378 2614 8712 5641 16187 16187 16187 16187
14237 4624 14180 15956 5463 5414 1949 7800 8733 6259 2563 3239 16187 16187 16187 16187
14237 4624 14180 15956 5463 5414 1949 7800 8733 6259 2563 3239 16187 16187 16187 16187
14237 4624 2446 11553 4776 14311 6499 10967 926 926 14237 1430 926 16187 16187 16187
12008 3177 1245 8268 3171 8710 926 8268 1229 6011 15956 8712 3609 12307 16187 16187
12008 3177 1245 8268 3171 8710 926 8268 1229 6011 15956 8712 3609 12307 16187 11778
12008 8268 6683 830 1954 176 1957 3994 6259 926 15468 3994 16187 16187 14125 13348
3171 10033 8710 6259 1903 12444 3177 6071 16187 16187 16187 16187 16187 16187 16187 16187
3171 10033 8710 6259 11854 3177 6259 2563 16187 16187 10147 16187 16187 16187 16187 5889
3171 10033 8710 6259 1903 12444 3177 6071 16187 16187 16187 9625 10033 11022 2837 926
4776 2777 14237 2803 12899 14029 7938 14776 14760 4296 15408 3177 2689 8312 926 16187
4776 2891 91 8710 5463 14180 8656 3177 4312 6665 8719 6259 926 10240 16187 16187
4776 2777 14237 2803 12899 14029 7938 14776 14760 4296 15408 3177 2689 8312 926 16187
5568 14029 4776 7687 16187 16187 16187 16187 16187 16187 16187 16187 16187 16187 16187 16187
5568 14029 4776 7687 16187 2563 16187 8084 16187 16187 1957 14180 12291 16187 16187 16187
5568 6664 16187 16187 16187 10566 3177 4776 2563 16187 4440 16187 10418 16187 16187 16187
7926 5086 12233 6259 6585 5459 8268 26 15004 1019 926 4747 6173 830 6276 16187
7926 1819 3177 6259 4927 12233 9605 10918 1957 926 16187 1094 16187 16187 926 926
7926 5086 12233 6259 6585 5459 8268 12008 4311 7740 9084 16187 1919 5820 14237 9084
8712 5867 6259 10770 983 16187 16187 16187 16187 16187 16187 16187 16187 16187 16187 16187
8712 5867 6259 5948 3177 10770 16187 16187 16187 12757 16187 16187 12757 6173 16187 5948
8712 5867 6259 10770 983 16187 16187 16187 13623 8719 3994 16187 16187 14806 16187 13868
14237 4776 6544 2598 16187 16187 16187 16187 16187 16187 16187 16187 16187 16187 16187 16187
14237 4776 13152 11492 9070 16187 16187 16187 1378 7740 16187 16187 1378 16187 7740 12650
14237 4776 6544 2598 16187 16187 16187 16028 2296 926 16187 926 16187 16187 926 16187
7740 3644 9754 10503 5463 820 7723 5463 983 12260 9577 4776 5820 3177 2563 16187
7740 3644 9754 5638 8712 14029 4776 2946 8268 4325 9084 14272 4325 3364 16187 16187
7740 3644 9754 10503 5463 820 7723 5463 983 12260 9577 4776 5820 3177 2563 16187
14043 10324 9743 8360 6011 15846 1866 14237 9605 6585 14043 15389 16187 16187 16187 16187
14043 2823 926 15525 8726 4325 7812 16187 4776 9574 1507 8913 16187 16187 4537 16187
14043 10324 9743 8360 6011 15846 1866 14237 9605 6585 14043 15389 16187 6179 8712 16187
5807 3177 926 9743 7912 3475 7512 2858 1954 926 830 1954 13036 926 2598 16187
830 176 8268 926 9277 8752 12349 4776 926 10796 11953 1952 16028 8437 16187 6259
5807 3177 926 9743 7912 3475 7512 2858 1954 926 830 1954 13036 926 2598 16187
13587 926 137 4776 10033 5086 8719 1954 6403 12008 4512 7843 13811 16187 16187 16187
13587 926 137 4776 10033 5086 8719 1954 6403 12008 4512 7843 13811 16187 8225 16187
4142 11552 4776 4927 4776 13876 4634 12008 4142 9643 4537 4776 9790 16187 16187 6569
91 8710 4776 4152 3177 3171 2563 16187 16187 16187 16187 16187 16187 16187 16187 16187
91 8710 4776 4152 3177 3171 2563 16187 16187 16187 5388 16187 16187 16187 6253 12233
91 8710 4776 4267 5804 7740 11553 8084 8466 830 6259 15387 16187 16187 16187 13348
12716 8268 8719 8712 8268 6259 8607 16016 11215 7416 6253 12233 13419 13537 16187 16187
12716 8268 8719 4776 12298 8268 10467 4009 1885 5602 16187 926 16187 16187 16187 16187
12716 8268 8719 8712 8268 6259 8607 16016 11215 7416 6253 12233 13419 13537 16187 16187
8712 8710 6259 3667 3177 983 16187 16187 16187 16187 16187 16187 16187 16187 16187 16187
8712 8710 6259 4570 3177 926 16187 16187 8719 8719 1127 16187 16187 16187 16187 16187
8712 8710 6259 3667 3177 983 16187 9831 16187 5332 16187 983 16187 13348 16187 16187
13741 8719 3511 4931 4776 5568 1378 8004 15594 5450 2251 16187 16187 16187 16187 16187
13741 8396 13923 4776 14443 3177 6259 12820 11377 6550 14792 8967 3177 14734 643 16187
13741 8719 3511 4931 4776 5568 1378 8004 15594 5450 2251 16187 10299 16187 16187 9316
15408 3177 6259 5820 4152 14237 10801 5463 4931 6297 13436 16187 16187 16187 16187 16187
15408 3177 6259 5820 4152 14237 10801 5463 4931 6297 13436 16187 16187 16187 6259 4949
15408 3177 1750 6259 8344 14043 6259 13001 8268 8712 5867 6259 10022 16187 6071 14251
8712 12232 9754 15784 8712 1019 8726 6011 11031 1132 6173 16187 16187 16187 16187 16187
8712 12232 9754 15784 8712 1019 8726 6011 11031 1132 6173 16187 4931 15731 16187 926
8712 12232 2823 630 13198 12233 5243 14237 7157 14734 15781 4229 16187 16187 1885 10418
3171 8710 4032 15715 16187 16187 16187 16187 16187 16187 16187 16187 16187 16187 16187 16187
3171 8710 4032 15715 16187 13348 16187 8081 16187 2563 10036 16187 16187 16187 14514 16187
3171 8710 5288 6259 12444 16187 16187 16187 16187 2588 16187 16153 16187 12349 16187 12349
12524 8268 14069 14776 8270 1486 12233 10838 8704 14043 11582 5841 16187 16187 16187 16187
9676 8268 8712 11842 2903 1954 11196 6492 14237 4311 9320 8630 8712 16187 2446 16187
12524 8268 14069 14776 8270 1486 12233 10838 8704 14043 11582 5841 16187 16187 16187 16187
4776 9216 15142 8712 1138 4776 11008 2563 6041 4776 926 13348 5711 16187 16187 16187
4776 9216 15142 8712 1138 4776 11008 2563 6041 4776 926 13348 5711 16187 16187 6906
4776 1138 7740 1951 6259 9313 926 9385 5711 4931 2326 7960 8843 16187 512 4776
8712 5867 6259 8752 12233 1654 4537 203 10355 7926 4931 16187 16187 16187 16187 16187
8712 5867 6259 5286 1138 15897 10033 5711 10299 3177 2974 926 14251 16187 13348 16187
8712 5867 6259 8752 12233 1654 4537 203 10355 7926 4931 16187 16187 16187 16187 16187
2837 6259 630 3181 8061 2837 4776 4927 16187 16187 16187 16187 16187 16187 16187 16187
4240 9316 4776 5480 6331 7740 8584 12233 8197 8712 4404 9575 16187 2563 4931 11889
2837 6259 630 3181 8061 2837 4776 4927 16187 16187 16187 16187 8185 16187 16187 926
2326 2598 16187 16187 16187 16187 16187 16187 16187 16187 16187 16187 16187 16187 16187 16187
2326 2598 16187 16187 16187 4770 9431 16187 4990 16187 16187 10545 2858 4776 926 16187
2326 2598 16187 16187 14373 16187 16187 16187 16187 14734 2595 16187 16187 16187 16187 16187
9890 4927 8268 3929 9070 8719 1955 6259 10887 14230 3177 3171 3639 13926 16187 16187
9890 4927 8268 3929 9070 8719 1955 6259 10887 14230 3177 3171 3639 13926 16187 13348
8726 6011 10671 3177 12058 16066 8268 6011 12260 2552 3171 10033 16187 15806 13348 16187
6011 5208 13758 12233 1110 4776 8687 8268 13436 14237 926 926 16187 16187 16187 16187
6011 11031 1515 12233 5099 8712 8726 6011 6077 12233 8197 8712 2968 16187 9745 16187
6011 5208 13758 12233 1110 4776 8687 8268 13436 14237 926 926 16187 16187 16187 16187
4624 14776 3081 12233 10503 3171 8710 4776 2037 8268 7508 16187 16187 16187 16187 16187
4624 14776 9754 91 12233 15105 8268 4624 14776 91 12233 1654 14237 14581 16187 16187
4624 14776 3081 12233 10503 3171 8710 4776 2037 8268 7508 16187 16187 16187 16187 16187
6259 3745 9780 8344 16187 16187 16187 16187 16187 16187 16187 16187 16187 16187 16187 16187
6259 3745 9780 8344 16187 16187 16187 16187 9813 16187 16187 16187 12401 12291 16187 16187
6259 3098 4302 16187 16187 16187 16187 16187 10983 16187 16187 16187 16187 926 3177 926
12844 8710 6259 14977 13316 8268 12008 15525 3177 14734 6619 8719 3171 2155 16187 16187
12671 8719 1781 5975 14043 1957 4832 11553 6259 12424 15525 423 1955 7742 16187 16187
12844 8710 6259 14977 13316 8268 12008 15525 3177 14734 6619 8719 3171 2155 16187 929
8726 6011 9884 8466 8712 8268 6011 15956 16187 16187 16187 16187 16187 16187 16187 16187
8726 6011 9884 8466 8712 8268 6011 15956 16187 13348 16187 10531 16187 12149 16187 16187
8726 6011 9429 7740 1951 2095 1157 8268 7740 11553 9754 16187 4776 3163 16187 9085
15711 2326 8710 1378 3177 9743 8213 8185 6011 8158 5937 7981 12233 7001 2552 16187
15369 14069 8710 8069 6259 10065 8759 12233 3249 8719 14029 14734 3504 4325 4552 16187
15711 2326 8710 1378 3177 9743 8213 8185 6011 8158 5937 7981 12233 7001 2552 16187
4776 12334 3177 4776 12835 8710 6259 3398 10501 3177 4776 14596 16187 16187 16187 16187
4776 6759 9840 3177 4776 10033 8268 12716 8268 4931 4776 926 3936 8521 16187 4776
4776 12334 3177 4776 12835 8710 6259 3398 10501 3177 4776 14596 16187 16187 7076 16187
5463 8710 4776 4152 1955 14221 1955 7740 5208 4189 8712 15525 16187 16187 16187 16187
5463 8710 4776 5820 10732 3177 1138 4776 2784 5711 4776 132 16187 16187 16187 10116
5463 8710 4776 4152 1955 14221 1955 7740 5208 4189 8712 15525 16187 16187 16187 16187
7740 1442 8712 14029 4776 10887 1583 13089 8712 2979 15525 16187 16187 16187 16187 16187
7740 1442 8712 6259 13879 14043 10217 2968 14237 11839 8712 4931 15761 13348 13348 16187
7740 1442 8712 14029 4776 10887 1583 13089 8712 2979 15525 16187 16187 16187 16187 16187
8712 5867 4537 9625 16187 16187 16187 16187 16187 16187 16187 16187 16187 16187 16187 16187
8712 5867 4537 8569 16187 16187 16187 12003 2263 13034 16187 8719 15096 16187 8466 16187
8712 5867 4537 9625 16187 16187 16187 6713 16187 16187 16187 5434 16187 16187 14241 16187
7740 11530 14180 4776 8185 13805 8378 8954 8268 7926 4931 6259 15949 7970 13348 16187
7740 11530 14180 4776 8185 13805 8378 8954 8268 7926 4931 6259 15949 7970 13348 16187
7740 11530 926 9577 14237 8268 7742 8268 4776 4720 4931 14734 10418 6021 16187 16187
4776 13868 14029 4776 10192 8710 15696 8719 4776 15740 443 10147 16187 16187 16187 16187
4776 926 3177 8710 4776 12850 926 2563 8084 16187 16187 16187 16187 16187 16187 13081
4776 13868 14029 4776 10192 8710 15696 8719 4776 15740 443 10147 16187 16187 16187 16187
12008 4311 8268 7740 12431 10082 16187 16187 16187 16187 16187 16187 16187 16187 16187 16187
12008 4311 8268 7740 12431 10082 16187 16187 16187 7542 16187 16187 7740 13807 16187 16187
12008 4311 10036 14272 9084 1954 2521 3701 12233 1042 2598 16187 13348 16187 13348 16187
5627 9850 4552 5329 10259 12233 3171 1378 16187 16187 16187 16187 16187 16187 16187 16187
5627 14139 15525 3177 9484 8268 10316 2903 12233 9850 830 926 16187 16187 16187 16187
5627 9850 4552 5329 10259 12233 3171 1378 16187 926 16187 16187 16187 14395 16187 16187
15649 14281 3847 7740 1114 2598 16187 16187 16187 16187 16187 16187 16187 16187 16187 16187
15649 14281 3847 7740 1114 2598 16187 16187 2598 16187 16187 8270 16187 16187 16187 16187
15649 13089 703 195 8692 2296 926 16187 16187 16187 11889 9890 16187 9890 16187 13348
4776 10566 6855 8808 4931 4776 926 11215 10375 16187 16187 16187 16187 16187 16187 16187
4776 10566 6855 8808 4931 4776 926 11215 10375 16187 2326 16187 16187 16187 16187 16187
4776 10566 10401 14776 11306 12964 14237 5758 926 16187 16187 926 16187 7742 16187 926
14237 3177 1245 830 4776 15347 1994 16187 16187 16187 16187 16187 16187 16187 16187 16187
14237 3177 1245 830 4776 15347 1994 16187 16105 9070 5407 11953 16187 16187 8225 16187
14237 3177 1245 8268 4971 14237 2550 8843 12233 4776 4152 16187 16187 16187 10762 16187
6011 12495 12260 11553 11425 15691 15548 8949 12233 12149 3171 2563 16187 16187 16187 16187
6011 12232 10603 15715 10485 8106 12233 2823 2148 10770 16187 16187 16187 16187 9442 9203
6011 12495 12260 11553 11425 15691 15548 8949 12233 12149 3171 2563 16187 16187 16187 7740
7740 11839 8712 4931 3098 16187 16187 16187 16187 16187 16187 16187 16187 16187 16187 16187
7740 11839 8712 4931 1954 12256 10033 16187 16187 14237 11553 1378 16187 13348 16187 4832
7740 11839 8712 4931 3098 16187 16187 2563 11889 8270 16187 16187 1778 16187 9306 16187
3171 8710 10602 6850 8268 10770 14237 2689 16187 16187 16187 16187 16187 16187 16187 16187
3171 8710 10602 6850 8268 10770 14237 2689 16187 6259 3098 10033 16187 16187 16187 16187
3171 8710 5580 6259 10033 10394 3543 2552 16187 16187 16187 16187 11842 16187 16187 16187
1889 9290 8268 3171 8710 1543 4776 831 3177 4776 2601 6655 1787 7187 15525 16187
1889 9290 8268 3171 8710 1543 4776 831 3177 4776 2601 6655 1787 7187 15525 16187
1889 1430 8268 6011 16105 1138 4750 8858 5711 14237 1138 926 5711 16187 10324 14237
12127 110 10667 4931 15000 13710 14043 926 16187 16187 16187 16187 16187 16187 16187 16187
12127 5200 8719 3171 9577 4931 6259 8948 16187 16187 13348 16187 13348 16187 16187 16187
12127 110 10667 4931 15000 13710 14043 926 16187 16187 16187 8781 16187 16187 926 16187
14440 1299 4931 13181 16187 16187 16187 16187 16187 16187 16187 16187 16187 16187 16187 16187
14440 1299 4931 13181 16187 16187 16187 16187 16187 16187 15525 2598 16187 6718 1545 16187
14440 1299 4931 13181 16187 16187 16187 16187 16187 16187 16187 16187 16187 16187 16187 11530
926 15152 14069 5867 6826 9154 9625 4752 6188 8719 4776 2563 16187 16187 16187 16187
926 779 6259 3098 9534 91 14237 8719 12276 3109 2263 1378 3177 14734 564 16187
926 15152 14069 5867 6826 9154 9625 4752 6188 8719 4776 2563 16187 16187 16187 16187
9574 8268 7518 14029 1445 8268 5627 14139 16187 16187 16187 16187 16187 16187 16187 16187
9574 8268 7518 14029 1445 8268 5627 14139 16187 16187 16187 16187 16187 16187 16187 16187
9574 10619 14237 6259 5328 15525 3177 9484 16187 16187 16187 16187 16187 16187 16187 16187
4776 4326 830 4776 12507 8710 2296 12931 16187 16187 16187 16187 16187 16187 16187 16187
4776 4326 830 4776 12507 8710 2296 12931 16187 8719 4776 2563 16187 12495 16187 16187
4776 3283 13926 3927 6259 9534 3177 6259 10031 13348 16187 13348 16187 926 16187 9715
12256 7310 284 16187 16187 16187 16187 16187 16187 16187 16187 16187 16187 16187 16187 16187
12256 13811 16187 16187 16187 9301 16187 12260 8033 16187 16187 8719 1885 16187 7671 16187
12256 7310 284 16187 16187 16187 16187 10801 16187 16187 7751 16187 16187 16187 16187 13942
4776 2504 12233 14734 759 10967 6259 10399 7693 926 5838 14005 4776 6722 16187 16187
4776 2891 91 8710 5463 14180 8656 3177 4312 6665 8719 6259 926 10240 16187 16187
4776 2504 12233 14734 759 10967 6259 10399 7693 926 5838 14005 4776 6722 16187 12444
4776 2543 2903 830 4776 12044 8719 4776 926 8710 2326 12092 16187 16187 16187 16187
4776 1110 830 5530 14237 5393 8719 10025 8710 6535 3932 10719 4776 2563 16187 16187
4776 2543 2903 830 4776 12044 8719 4776 926 8710 2326 12092 16187 16187 6259 11063
4325 926 15597 9038 2858 3171 2563 16187 16187 16187 16187 16187 16187 16187 16187 16187
4325 926 15597 9038 2858 3171 2563 16187 16187 9817 6178 16187 16187 4406 16187 16187
4325 926 926 11510 12892 1954 14380 9534 16187 16187 8084 16187 16187 16187 16187 14933
14069 14776 13084 15721 830 5463 9534 16187 16187 16187 16187 16187 16187 16187 16187 16187
14069 14776 13084 15721 830 5463 9534 16187 16187 7076 16187 16187 16187 16187 16187 16187
14069 14776 13084 2746 8719 3171 2563 16187 7612 16105 9070 11728 16187 16187 16187 16187
12008 7740 12232 5297 4142 8154 926 830 6259 3098 2712 16187 16187 16187 16187 16187
12008 7740 12232 1436 5463 8712 5867 14219 512 14272 6011 14776 5807 16187 16187 2563
12008 7740 12232 5297 4142 8154 926 830 6259 3098 2712 16187 16187 8084 16187 16187
8726 5329 13922 9277 1955 7742 1042 3171 1378 1093 16187 16187 16187 16187 16187 16187
8726 5329 8268 6011 9277 5329 188 12233 3432 16187 16187 16187 16187 16187 16187 9431
8726 5329 13922 9277 1955 7742 1042 3171 1378 1093 16187 8093 16187 12233 16187 16187
8712 4931 6259 9450 100 8268 7725 2563 16187 16187 16187 16187 16187 16187 16187 16187
8712 4931 6259 5948 3177 10770 16187 4537 16187 11789 15525 16187 16187 16187 16187 16187
8712 4931 6259 9450 100 8268 7725 2563 16187 8270 512 6011 16187 13348 16187 10983
7740 4931 1954 11707 14230 16187 16187 16187 16187 16187 16187 16187 16187 16187 16187 16187
7740 4931 869 9872 2837 4776 4756 16187 9316 3171 10033 16187 15335 16187 16187 10671
7740 4931 1954 11707 14230 16187 16187 926 16187 16187 16187 12349 16187 16187 16187 16187
12008 8268 14237 8712 82 9070 12233 1436 3171 8268 7926 4931 6297 10355 16187 16187
12008 8268 14237 8712 82 9070 12233 1436 3171 8268 7926 4931 6297 10355 16187 16187
12008 8268 1955 830 4776 2563 10781 8268 8712 3847 9754 4189 6070 7742 16187 16187
8712 4931 5329 6259 6856 3177 4776 9044 14237 414 6826 14769 16187 16187 16187 16187
8712 4931 5329 6535 1957 7829 13280 16187 15846 926 14237 9332 16187 816 830 582
8712 4931 5329 6259 6856 3177 4776 9044 14237 414 6826 14769 16187 16187 16187 4931
7740 8309 1919 12276 6161 14237 1959 4776 14237 4931 7740 15695 2598 16187 16187 16187
7740 8309 1919 12276 6161 14237 1959 4776 14237 4931 7740 15695 2598 16187 16187 16187
7740 8309 12233 2552 4776 926 14029 12416 12654 9655 6826 9961 9216 16187 16187 16187
7926 5867 6070 2469 8719 1157 7926 3847 16187 16187 16187 16187 16187 16187 16187 16187
7926 5867 6070 2469 8719 1157 7926 3847 16187 5946 16187 16187 16187 16187 16187 16187
7926 5867 13084 13122 4537 6259 9708 16187 13640 16187 16187 16187 14806 16187 16187 16187
4776 8947 3177 4776 5425 12716 8710 6259 1242 16187 16187 16187 16187 16187 16187 16187
4776 1736 3177 4776 10033 8710 2446 6591 16187 16187 16187 7740 16187 1442 16187 2563
4776 8947 3177 4776 5425 12716 8710 6259 1242 16187 3543 11553 12766 16187 2148 16187
14237 4552 9754 9605 9070 7164 14029 13348 16187 16187 16187 16187 16187 16187 16187 16187
14237 4552 9754 9605 9070 7164 14029 13348 16187 6011 16187 16187 4277 16187 16187 16187
14237 4552 9754 9017 3171 8710 6259 1138 5095 14251 5711 9890 16187 9577 16187 14043
15167 926 779 15202 10036 3650 6259 5822 12444 3177 10033 9222 16187 16187 16187 16187
15167 926 779 15202 10036 3650 6259 5822 12444 3177 10033 9222 16187 14833 16187 16187
15202 7926 7165 4776 15387 8268 12958 4931 6535 10355 16187 16187 9780 16187 16187 2614
7740 12495 11553 5463 7791 10810 13089 7740 9431 1442 12276 9431 926 10033 16187 16187
7740 12495 11553 5463 7791 10810 13089 7740 9431 1442 12276 9431 926 10033 16187 8719
7740 12232 6070 630 8719 1110 12233 926 5463 3171 2563 8710 8569 16187 16187 7724
7740 4552 9754 15956 15662 820 11553 12233 2121 12958 12911 16187 16187 16187 16187 16187
7740 4552 9754 15956 8268 7740 2383 7740 11553 6259 9424 830 12011 926 16187 16187
7740 4552 9754 15956 15662 820 11553 12233 2121 12958 12911 16187 16187 8719 16187 16187
1955 405 1955 8268 1436 14272 2598 16187 16187 16187 16187 16187 16187 16187 16187 16187
15649 14281 3847 7740 1114 2598 16187 16187 2598 16187 16187 16187 16187 16187 16187 13121
1955 405 1955 8268 1436 14272 2598 16187 16187 2598 16187 16187 2598 16187 16187 2598
10566 3177 12276 7981 9004 4776 9790 4927 16187 16187 16187 16187 16187 16187 16187 16187
10566 3177 4776 11331 14776 6297 6535 13178 16187 16187 16187 16187 16187 16187 11530 16187
10566 3177 12276 7981 9004 4776 9790 4927 16187 10412 16187 16187 16187 3257 16187 16187
4776 3511 5463 8712 8710 7518 14029 4949 13876 5568 9113 12233 4776 15997 16187 16187
4776 3511 5463 8712 8710 7518 14029 4949 13876 5568 9113 12233 4776 15997 16187 16187
4776 3511 5463 3171 8710 6259 14467 14634 7518 14596 8712 8710 6070 15174 16187 10978
1019 926 5824 13348 13348 13348 13348 13348 13348 13348 6173 16187 16187 16187 16187 16187
1019 926 5824 13348 13348 13348 13348 13348 13348 13348 6173 16187 9439 13549 6259 4189
1019 15442 6173 926 926 9498 10355 16187 16187 16187 830 3776 12898 1583 16187 16187
7926 8710 6259 4707 3177 6378 8268 14043 1229 7926 12232 11889 2904 12233 9429 16187
7926 8710 6259 7594 950 14237 5329 15940 1957 14180 16187 16187 16187 16187 6011 16187
7926 8710 6259 4707 3177 6378 8268 14043 1229 7926 12232 11889 2904 12233 9429 16187
14733 16187 16187 16187 16187 16187 16187 16187 16187 16187 16187 16187 16187 16187 16187 16187
14733 16187 16187 926 16187 16187 1098 16187 16187 16187 16187 6134 8719 926 16187 16187
1243 2080 16187 16187 16187 16187 16187 16187 16187 16187 16187 16187 16187 16187 16187 10918
7740 11889 4776 12346 3177 926 1019 4776 926 16016 6173 8719 3171 10033 16187 16187
7740 9431 1442 1138 15827 6259 5375 9742 5711 8719 4776 10114 3177 926 16187 16187
7740 11889 4776 12346 3177 926 1019 4776 926 16016 6173 8719 3171 10033 16187 16187
4776 14599 8710 10355 16187 16187 16187 16187 16187 16187 16187 16187 16187 16187 16187 16187
4776 14599 8710 10355 16187 16187 16187 16187 16187 14397 8554 16187 16187 16187 16187 16187
4776 14599 4931 405 16187 16187 16187 7740 4531 8712 2903 16187 10953 16187 16187 16187
4776 1754 8710 10421 16187 16187 16187 16187 16187 16187 16187 16187 16187 16187 16187 16187
4776 1754 8710 10421 16187 16187 16187 16187 6535 926 16187 16187 16187 16187 15819 8225
4776 1754 8710 10421 16187 817 16187 16187 16187 16187 2903 16187 16187 16187 16187 16187
15662 5329 2598 16187 16187 16187 16187 16187 16187 16187 16187 16187 16187 16187 16187 16187
15662 3847 7926 11390 14734 13429 2598 16187 16187 2598 16187 16187 2077 16187 16187 16187
15662 5329 2598 16187 2598 16187 2598 16187 2598 16187 16187 2598 16187 16187 6856 2598
1138 129 10765 5711 3847 5463 12233 2904 16187 16187 16187 16187 16187 16187 16187 16187
1138 129 10765 5711 3847 5463 12233 2904 16187 16187 16187 16187 16187 1885 16187 16187
1138 11453 9583 5711 8710 2148 315 512 7314 16187 16187 16187 16187 16187 4990 16187
926 1442 8712 10299 11789 5328 6259 10776 2968 16187 16187 16187 16187 16187 16187 16187
926 11437 15525 3177 6259 926 1076 16187 8404 16187 9442 4152 16187 2446 6259 9001
926 1442 8712 10299 11789 5328 6259 10776 2968 16187 4931 6259 14139 1243 16187 16187
1229 4776 2563 4818 1094 10217 14596 11331 16187 16187 16187 16187 16187 16187 16187 16187
1229 4776 2563 5388 1885 9666 9850 3177 4776 15211 10437 16187 16187 16187 16187 13348
1229 4776 2563 4818 1094 10217 14596 11331 16187 16187 16187 16187 16187 16187 10953 16187
4776 559 8710 11789 2296 8440 8268 13250 8268 14237 8719 3171 2037 6070 2519 16187
4776 559 8710 6259 5695 10033 8268 14272 8710 6227 8710 14769 16187 16187 16187 16187
4776 559 8710 11789 2296 8440 8268 13250 8268 14237 8719 3171 2037 6070 2519 16187
5627 16187 16187 16187 16187 16187 16187 16187 16187 16187 16187 16187 16187 16187 16187 16187
5627 16187 16187 16187 16187 16187 16187 16187 16187 16187 16187 16187 16187 16187 16187 16187
5627 16187 16187 16187 16187 16187 16187 16187 16187 16187 6173 16187 1864 16187 16187 16187
926 8710 6259 2053 15174 3994 10033 16187 16187 16187 16187 16187 16187 16187 16187 16187
926 8710 6259 13428 6825 684 2837 6259 15624 13334 13912 16187 6259 8569 2563 16187
926 8710 6259 2053 15174 3994 10033 16187 16187 385 8719 16187 16187 16187 16187 16187
4776 926 10501 8710 6259 10894 1507 12008 4776 926 5328 8710 5041 16187 16187 16187
4776 926 12716 8710 5329 6259 8949 8268 14237 5335 3177 1245 4931 4776 10033 16187
4776 926 10501 8710 6259 10894 1507 12008 4776 926 5328 8710 5041 16187 16187 13216
14237 9680 12233 8004 472 2598 16187 16187 16187 16187 16187 16187 16187 16187 16187 16187
14237 5356 8710 4998 16187 7742 16187 13839 16187 12102 16187 16187 16187 16187 16187 16187
14237 9680 12233 8004 472 2598 16187 1885 13429 16187 16187 1711 16187 926 16187 16187
4776 12298 9277 2823 6259 9450 4013 8268 12008 8712 4931 9576 14237 2674 15347 16187
4776 12298 3177 3171 2563 8781 9070 2261 8268 12008 5329 3127 2903 926 9890 16187
4776 12298 9277 2823 6259 9450 4013 8268 12008 8712 4931 9576 14237 2674 15347 16187
14734 5425 13081 14219 8719 3171 512 8719 4776 9431 1378 16187 16187 16187 16187 16187
14734 13726 12233 926 9442 5030 471 10033 3537 8710 1338 14029 3257 16187 16187 16187
14734 5425 13081 14219 8719 3171 512 8719 4776 9431 1378 16187 16187 16187 16187 16187
1378 3177 4776 926 582 1819 7926 5867 11516 16187 16187 16187 16187 16187 16187 16187
1378 3177 926 5867 11998 926 4931 926 6662 926 16187 16187 926 16187 13081 16187
1378 3177 4776 926 582 1819 7926 5867 11516 16187 16187 16187 16187 7970 16187 16187
4325 7001 12233 6259 926 3177 6259 5404 926 15142 478 16187 16187 16187 16187 16187
4325 7001 926 12233 6826 983 8719 4776 2563 16187 13907 4776 926 16187 16187 16187
4325 7001 12233 6259 926 3177 6259 5404 926 15142 478 16187 16187 16187 10887 16187
12008 4776 14207 926 10530 1919 1954 8521 5463 12208 4776 9887 5020 16187 16187 16187
12008 4776 10033 3847 11553 6259 15335 854 5804 4440 16187 2466 926 16187 16187 16187
12008 4776 14207 926 10530 1919 1954 8521 5463 12208 4776 9887 5020 16187 16187 16187
14272 13464 3112 3171 2563 4032 15715 8268 12716 8268 8710 4776 5580 3098 8521 16187
14272 13464 3112 3171 2563 4032 15715 8268 12716 8268 8710 4776 5580 3098 8521 16187
14272 7740 4552 9754 10751 8710 15662 7926 3847 9754 4552 1157 11953 8712 16187 16187
1138 4776 926 1919 4776 926 5711 8710 1954 2997 471 16187 16187 16187 16187 16187
1138 4776 926 1919 4776 926 5711 8710 1954 2997 471 16187 6259 926 16187 3554
1138 4776 14673 5711 8710 6259 2563 3177 4776 10566 2860 14635 16187 16187 3171 14251
7740 4142 8154 6011 7001 12650 8712 16187 16187 16187 16187 16187 16187 16187 16187 16187
7740 4142 8154 6011 7001 12650 8712 16187 2552 8712 10036 16187 10036 16187 16187 16187
7740 4142 8154 6011 7001 12650 8712 16187 16187 12149 4776 2563 16187 16187 16187 16187
9574 6363 9484 16187 16187 16187 16187 16187 16187 16187 16187 16187 16187 16187 16187 16187
6259 9625 9850 13348 13348 16187 16187 16187 12650 16187 16187 16187 13348 16187 13348 16187
9574 6363 9484 16187 16187 16187 10257 16187 16187 9431 16187 513 1138 10217 10033 16187
8712 5257 12233 13758 14029 2024 14180 4776 983 14237 3376 9070 12233 5804 16187 16187
8712 5257 12233 13758 14029 2024 14180 4776 983 14237 3376 9070 12233 5804 16187 16187
8712 6179 1954 9332 1019 8726 869 11135 6173 5033 14237 5853 926 8712 15525 16187
4325 561 1957 4776 10418 10501 12576 16187 16187 16187 16187 16187 16187 16187 16187 16187
4325 14776 7758 14029 4776 983 13783 16187 16187 10709 16187 16187 9015 16187 9813 8719
4325 561 1957 4776 10418 10501 12576 16187 16187 2326 10207 16187 16187 14734 8808 16187
926 926 4931 4868 16187 16187 16187 16187 16187 16187 16187 16187 16187 16187 16187 16187
926 926 4931 4868 16187 16187 8719 12276 954 16187 16187 16187 16187 16187 16187 16187
926 926 8719 926 16187 16187 16187 9780 16187 16187 16187 4924 926 8719 4776 926
12233 5522 1919 8268 7250 6905 13942 13473 8268 11946 13266 1229 16187 16187 16187 16187
12233 5522 1919 8268 7250 6905 13942 13473 8268 11946 13266 1229 16187 16187 16187 14734
12233 7589 5463 926 6063 4776 2563 12232 2823 1954 9937 16187 16187 4931 4776 926
8726 6011 7800 8592 8268 1138 14272 8268 11889 12273 9043 2598 5711 16187 16187 16187
8726 6011 7800 8592 8268 1138 14272 8268 11889 12273 9043 2598 5711 16187 11889 14734
8726 6011 5208 8268 6011 14470 188 12233 10603 4404 12006 8726 8712 5867 2574 16187
1799 926 15658 779 9754 771 13592 10054 6809 684 14734 10501 6070 7742 16187 16187
1799 926 15658 779 9754 771 13592 10054 6809 684 14734 10501 6070 7742 16187 16187
1799 926 1955 926 16076 9715 926 1955 4776 12233 926 5867 926 5952 16187 7733
8656 14192 14302 14237 7001 12233 4776 11704 15168 2598 16187 16187 16187 16187 16187 16187
8656 14192 14302 14237 7001 12233 4776 11704 15168 2598 16187 16187 512 7926 8710 16187
8656 926 4152 12233 13136 6259 4330 8719 6259 2067 10240 16187 12008 6259 12260 2552
5463 8710 487 15389 16187 16187 16187 16187 16187 16187 16187 16187 16187 16187 16187 16187
5463 8710 487 15389 16187 12260 2823 3356 16187 16187 16187 8093 13542 16187 16187 10080
5463 8710 487 15389 16187 2326 926 16187 16187 12757 9431 16187 16187 9178 16187 16187
12008 4776 12850 10314 7740 12515 15525 3177 4776 10501 3177 4776 926 6905 16187 16187
12008 4776 7178 2903 12233 4776 9873 12298 8710 5695 14237 4032 6259 6683 16187 830
12008 4776 12850 10314 7740 12515 15525 3177 4776 10501 3177 4776 926 6905 16187 16187
12958 11953 8712 4931 9264 14237 5415 16187 16187 16187 16187 16187 16187 16187 16187 16187
12958 11953 8712 4931 9264 14237 5415 16187 4931 3098 16187 16187 16187 16187 3211 16187
12958 4931 11162 14237 5329 8719 5937 3504 16187 16187 12276 9623 10503 13348 16187 12757
926 1959 2143 15525 3177 9484 1019 5538 6173 3699 7742 10471 926 7273 16187 16187
926 11437 15525 3177 6259 926 1076 16187 8404 16187 9442 4152 16187 2446 14237 926
926 1959 2143 15525 3177 9484 1019 5538 6173 3699 7742 10471 926 7273 16187 7742
13089 7740 1442 4776 926 8712 6297 13081 10355 16187 16187 16187 16187 16187 16187 16187
13089 7740 9084 8268 7740 4931 1276 10082 16187 16187 7740 6166 16187 16187 9216 16187
13089 7740 1442 4776 926 8712 6297 13081 10355 16187 16187 926 16187 16187 16187 16187
8712 5867 4776 11776 15131 3177 4776 10983 16187 16187 16187 16187 16187 16187 16187 16187
8712 5867 6259 4601 8949 16187 16187 16187 5314 6987 9577 16187 16187 16187 926 16187
8712 5867 4776 11776 15131 3177 4776 10983 16187 14237 926 16187 16187 16187 16187 926
7740 8197 4776 2563 8116 830 2263 3192 4302 1167 16187 16187 16187 16187 16187 16187
7740 8197 3171 2563 13341 7970 15525 3177 9484 16187 16187 16187 5534 16187 16187 16187
7740 8197 4776 2563 8116 830 2263 3192 4302 1167 16187 16187 16187 16187 16187 16187
13474 3543 9754 2823 1179 12233 2552 4404 2563 16187 16187 16187 16187 16187 16187 16187
13474 3847 9754 12082 8268 926 8268 14043 1157 16187 12782 13348 16187 8831 16187 926
13474 3543 9754 2823 1179 12233 2552 4404 2563 16187 926 16187 16187 16187 7970 16187
14734 1133 14776 2148 512 8808 1106 8268 4325 14776 8719 6259 2191 9213 1106 16187
14734 1482 14237 16113 1482 1133 8268 8857 8268 7129 12233 14053 1588 14237 926 16187
14734 1133 14776 2148 512 8808 1106 8268 4325 14776 8719 6259 2191 9213 1106 16187
14069 14776 2975 8719 4776 4152 16187 16187 16187 16187 16187 16187 16187 16187 16187 16187
14069 14776 10217 11331 3177 2122 16187 2122 16187 16187 10217 16187 8662 2550 16187 16187
14069 14776 2975 8719 4776 4152 16187 8712 3609 2903 16187 630 2148 16187 16187 16187
12008 3171 15471 13555 7740 9004 11889 14581 10355 2563 16187 16187 16187 16187 16187 16187
12008 3171 15471 13555 7740 9004 11889 14581 10355 2563 16187 16187 16187 15 11007 12233
12008 3171 2601 2563 9004 11889 1954 12349 4776 12489 8385 2563 16187 8270 16187 16187
8712 4931 4537 14069 16187 16187 16187 16187 16187 16187 16187 16187 16187 16187 16187 16187
8712 4931 4537 14141 16187 16187 16187 13348 16187 13348 16187 13348 16187 4832 16187 13348
8712 4931 4537 14069 16187 10217 2103 16187 16187 2122 10033 16187 1711 16187 16187 16187
8712 5867 6259 7742 2608 8268 7742 13218 2563 5463 8470 6259 14596 16187 16187 16187
8712 5867 6259 7742 2608 8268 7742 13218 2563 5463 8470 6259 14596 16187 16187 16187
8712 5867 6259 14596 5463 2326 1029 1919 6011 830 1243 16187 16187 14043 9431 14029
6259 3098 7652 830 10671 3177 4776 8439 926 6764 16187 16187 16187 16187 16187 16187
6259 6388 14599 8268 1954 13036 13811 8268 14760 11947 6664 16187 8268 14237 8093 16187
6259 3098 7652 830 10671 3177 4776 8439 926 6764 16187 16187 16187 13348 16187 16187
12650 14237 10603 15525 16187 16187 16187 16187 16187 16187 16187 16187 16187 16187 16187 16187
12650 3171 13089 6011 5208 16187 16187 9461 8715 16187 3171 2563 16187 7314 16187 16187
12650 14237 10603 15525 16187 16187 16187 3211 16187 16187 11839 6813 16187 16187 16187 16187
6173 2673 1138 926 5711 926 1019 926 2687 6173 8710 1957 8712 10036 16187 16187
6173 926 926 5867 2053 113 926 3994 8710 6259 8664 13896 16187 16187 926 16187
6173 2673 1138 926 5711 926 1019 926 2687 6173 8710 1957 8712 10036 16187 16187
4776 2211 2429 926 1778 2837 4832 16187 16187 16187 16187 16187 16187 16187 16187 16187
4776 13926 12010 9070 3177 926 10250 926 16187 16187 16187 16187 13348 16187 6259 926
4776 2211 2429 926 1778 2837 4832 16187 13348 16187 8719 14734 16187 16187 16187 16187
926 5867 15594 4931 3335 14237 1175 16187 16187 16187 16187 16187 16187 16187 16187 16187
926 5867 15594 4931 3335 14237 1175 16187 16187 16187 6918 4537 9332 16187 16187 16187
926 5867 12601 779 303 14745 16187 16187 926 16187 16187 5200 16187 16187 16187 16187
5463 8710 15662 1138 7360 204 15531 5711 8710 6259 3098 14125 16187 16187 16187 16187
5463 8710 9591 8258 7740 9605 2053 3994 7740 8313 926 16187 16187 7740 15956 1229
5463 8710 15662 1138 7360 204 15531 5711 8710 6259 3098 14125 16187 16187 14237 8712
5208 2823 1959 1919 6259 5286 2498 6161 2598 16187 16187 16187 16187 16187 16187 16187
5208 7926 2823 13592 2148 9625 2598 16187 16187 2598 16187 16187 2598 16187 16187 16187
5208 2823 1959 1919 6259 5286 2498 6161 2598 16187 16187 16187 6161 16187 16187 16187
1711 8268 3171 10913 6546 534 16187 16187 16187 16187 16187 16187 16187 16187 16187 16187
1711 8268 734 779 926 4776 2563 16187 16187 8719 14180 16187 16187 308 16187 16187
1711 8268 3171 10913 6546 534 16187 926 16187 16187 16187 5568 5200 16187 16187 16187
4776 9745 3177 4776 7269 1093 4931 3356 16187 16187 16187 16187 16187 16187 16187 16187
4776 9745 3177 4776 7269 1093 4931 3356 16187 16187 12401 926 16187 16187 2296 14125
4776 9745 4931 5922 13038 8268 6543 5329 11445 144 16187 16187 16187 16187 16187 16187
7740 11839 926 926 4931 6535 10355 16187 16187 16187 16187 16187 16187 16187 16187 16187
7740 11839 8712 4931 1954 12256 10033 16187 16187 14237 11553 8339 16187 16187 16187 6070
7740 11839 926 926 4931 6535 10355 16187 16187 4931 2296 16187 16187 16187 16187 6070
8712 5867 5329 4404 15111 4908 3177 3453 14581 10355 926 16187 16187 16187 16187 16187
8712 5867 630 8270 14237 4552 779 6259 6071 926 16187 10983 16187 16187 8719 14734
8712 5867 5329 4404 15111 4908 3177 3453 14581 10355 926 16187 11331 16187 16187 926
6978 15569 2837 10659 5867 926 10288 1019 8069 12576 10288 9084 12958 16187 16187 16187
6978 15569 2837 10659 5867 926 10288 1019 8069 12576 10288 9084 12958 16187 16187 10918
6978 15569 2837 10659 5867 926 10288 1019 8069 12576 10288 9084 12958 16187 16187 16187
14734 8808 8710 6051 12008 4660 8268 3830 12233 13501 6905 8719 7125 16187 16187 16187
14734 13110 4440 10719 4776 2563 14776 6259 7652 12233 12650 16187 16187 16187 16187 16187
14734 8808 8710 6051 12008 4660 8268 3830 12233 13501 6905 8719 7125 16187 14734 16187
3171 8710 1378 3177 4776 564 1133 5463 7740 11553 8084 8466 16187 16187 16187 16187
3171 8710 1378 3177 4776 564 1133 5463 7740 11553 8084 8466 16187 16187 8719 6259
3171 8710 1378 3177 4776 8270 1133 3177 926 5463 7740 9884 8466 16187 8656 2103
5341 926 15578 9084 8712 830 4776 9831 16187 16187 16187 16187 16187 16187 16187 16187
5341 2017 8268 926 15569 926 8268 14237 11191 9498 3098 16187 16187 16187 16187 926
5341 926 15578 9084 8712 830 4776 9831 16187 16187 1329 16187 16187 16187 16187 8719
3171 8710 6070 786 16187 16187 16187 16187 16187 16187 16187 16187 16187 16187 16187 16187
3171 8710 6070 786 16187 16187 16187 16187 5388 16187 926 926 16187 16187 16187 16187
3171 8710 6070 786 16187 16187 16187 16187 926 16187 16187 926 16187 16187 16187 16187
7740 4931 9238 15662 4776 2563 771 1482 3177 2143 1390 8719 926 16187 16187 16187
7740 4931 16148 3177 4776 2601 14596 8258 4776 9431 7909 8069 414 2903 16187 16187
7740 4931 9238 15662 4776 2563 771 1482 3177 2143 1390 8719 926 16187 7740 11839
14234 8885 926 16187 16187 16187 16187 16187 16187 16187 16187 16187 16187 16187 16187 16187
14234 8885 926 16187 16187 16187 16187 16187 16187 16187 16187 16187 13623 8719 11859 10033
14234 8885 926 16187 16187 16187 16187 16187 16187 16187 16187 16187 16187 16187 16187 16187
14069 5867 6259 10355 2191 3177 13501 5329 14652 12008 10355 16187 16187 16187 16187 16187
14069 5867 9591 14080 8719 3171 4302 12233 1842 2754 830 6259 926 16187 16187 16187
14069 5867 6259 10355 2191 3177 13501 5329 14652 12008 10355 16187 16187 8719 6259 4949
10619 9484 7740 4931 1515 12233 8197 8712 6259 8569 9574 16187 16187 16187 16187 16187
10619 9484 7740 15956 5463 820 14237 14678 14657 11530 3171 2563 16187 16187 16187 16187
10619 9484 7740 4931 1515 12233 8197 8712 6259 8569 9574 16187 10619 16187 15624 16187
7740 8815 3994 9484 3994 830 3575 11889 2053 926 3994 14237 2053 926 3994 16187
7740 8815 3994 9484 3994 830 3575 11889 2053 926 3994 14237 2053 926 3994 16187
7740 9884 5226 1378 1875 4422 2451 4776 13751 8270 512 926 474 16187 16187 6550
2143 9484 16187 16187 16187 16187 16187 16187 16187 16187 16187 16187 16187 16187 16187 16187
2143 9484 16187 16187 16187 16187 16187 16187 8506 6173 16187 16187 13348 16187 16187 16187
2143 9484 16187 16187 16187 16187 16187 16187 13348 13348 16187 13348 16187 9813 12757 13348
4776 1353 3177 4776 10033 8001 3177 10217 9678 3177 10801 16187 16187 16187 16187 16187
4776 476 16004 4776 10288 926 2149 15265 1138 4776 926 5007 5711 16187 926 16187
4776 1353 3177 4776 10033 8001 3177 10217 9678 3177 10801 16187 16187 16187 10671 14657
12127 926 9840 8710 223 14237 9625 16187 16187 16187 16187 16187 16187 16187 16187 16187
12127 926 779 6259 289 926 16187 16187 16187 5200 16187 16187 16187 6259 926 16187
12127 926 9840 8710 223 14237 9625 16187 16187 6655 1787 7187 12276 16058 13348 16187
15649 8710 5431 6169 1957 4776 2149 2543 16187 16187 16187 16187 16187 16187 16187 16187
15649 8710 5431 6169 1957 4776 2149 2543 16187 14313 4776 6683 1955 5820 16187 16187
15649 8710 6259 10355 5138 3177 6688 10967 5937 5286 2122 14251 16187 16187 16187 16187
4094 8459 14936 3579 3171 10033 11953 6259 2067 158 5629 10217 5859 16187 16187 16187
5202 5867 6259 14125 12008 4776 2563 5867 6259 8503 16187 16187 16187 16187 16187 6856
4094 8459 14936 3579 3171 10033 11953 6259 2067 158 5629 10217 5859 16187 16187 16187
926 11900 830 926 8899 16187 16187 16187 16187 16187 16187 16187 16187 16187 16187 16187
926 3115 1955 4776 11322 2598 16187 16187 926 16187 16187 16187 16187 16187 16187 7345
926 11900 830 926 8899 16187 16187 14734 15211 16187 926 16187 16187 16187 16187 16187
4776 2563 779 10217 630 14491 14412 4776 653 13926 14237 4776 5358 16187 16187 16187
4776 2563 779 10217 630 14491 14412 4776 653 13926 14237 4776 5358 16187 6535 16187
4776 2563 779 7807 4776 10567 4776 9431 1378 771 14237 7100 14029 2122 16187 16187
6011 4628 9754 188 12233 1453 5937 9465 3748 4776 1583 16187 16187 16187 16187 16187
6011 4628 9754 188 12233 1453 5937 9465 3748 4776 1583 16187 16187 16187 16187 7060
6011 4628 9754 188 12233 1453 5937 9465 3748 4776 1583 16187 16187 16187 16187 2296
12008 4325 7661 9605 15597 4537 926 8719 4776 12298 16187 16187 16187 16187 16187 16187
12008 4325 7661 9605 15597 4537 926 8719 4776 12298 16187 16187 926 926 16187 16187
12008 4325 7661 9605 15597 4537 15525 8719 4776 14596 16187 14237 13876 16187 16187 16187
926 8710 6259 2176 13501 14237 4776 926 926 14776 8213 9890 16187 16187 16187 16187
926 8710 6259 13144 15291 14217 8268 1955 1378 926 10967 15715 15790 16187 16187 16187
926 8710 6259 3011 14217 9389 14029 1885 16058 14029 1885 12040 7218 16187 8719 1133
2945 4032 9316 8268 14237 4032 4776 9831 830 2747 16187 16187 16187 16187 16187 16187
2945 5329 1955 10355 1955 1390 13348 16187 13348 16187 929 1243 16187 16187 16187 8584
2945 4032 9316 8268 14237 4032 4776 9831 830 2747 16187 16187 13348 16187 16187 16187
4776 10033 12865 14069 14776 6322 13089 1378 12260 6378 830 926 16187 16187 16187 16187
4776 10033 8710 11953 4776 15850 6763 3177 9617 1955 4325 7001 15243 14237 926 16187
4776 10033 12865 14069 14776 6322 13089 1378 12260 6378 830 926 16187 16187 16187 16187
2148 512 14180 3177 3171 8268 8712 4931 10770 12233 12650 16187 16187 16187 16187 16187
2148 512 14180 3177 3171 8268 8712 4931 10770 12233 12650 16187 16187 16187 11889 16187
2148 2002 14237 13907 1213 6259 14599 10400 16187 14237 8466 16187 6259 926 3177 926
7740 8313 8268 8710 5463 10518 12233 2823 4776 10878 926 14043 14272 2598 16187 16187
7740 8313 8268 8710 5463 10518 12233 2823 4776 10878 926 14043 14272 2598 16187 2598
7740 8313 15658 9084 9754 1110 1885 8719 1138 926 5711 2598 16187 16187 5388 16187
12008 91 5867 1543 7740 9605 15770 10036 16187 16187 16187 16187 16187 16187 16187 16187
12008 91 4624 12431 12495 630 3177 14180 3177 4312 16187 16187 16187 16187 16187 16187
12008 91 5867 1543 7740 9605 15770 10036 16187 4776 926 16187 3818 1885 14125 16187
4325 5297 9032 12233 561 8719 4776 2122 11658 830 1229 1597 14833 16187 16187 16187
4325 5208 8061 820 12233 4552 3171 8268 926 8268 14237 926 926 16187 16187 16187
4325 5297 9032 12233 561 8719 4776 2122 11658 830 1229 1597 14833 16187 16187 16105
4776 1754 8001 3177 4776 14640 926 5629 13660 8268 4538 14237 10394 6672 16187 16187
4776 1754 3177 8712 8710 12491 8268 14237 9296 8712 14180 8710 16187 16187 16187 16187
4776 1754 8001 3177 4776 14640 926 5629 13660 8268 4538 14237 10394 6672 16187 16187
4776 3942 8710 5463 14069 5867 6280 6259 9438 16108 4776 9139 8069 11674 16187 16187
4776 3942 8710 5463 14069 5867 6280 6259 9438 16108 4776 9139 8069 11674 16187 16187
4776 11401 8710 6585 13089 3171 15846 5367 8268 15846 2823 4776 2037 16187 16187 16187
9431 1378 4931 6259 14426 10033 5332 15956 1955 6042 7610 13341 16187 16187 16187 16187
9431 3177 14180 8268 4776 1023 3177 14601 950 10763 926 8710 6259 926 16187 16187
9431 1378 4931 6259 14426 10033 5332 15956 1955 6042 7610 13341 16187 1957 16187 16187
3171 10716 779 12233 2823 4776 564 13607 2563 8084 16105 13348 16187 16187 16187 16187
3171 9840 8710 5329 7100 14029 630 8719 4776 2563 16187 2786 14029 657 16187 16187
3171 10716 779 12233 2823 4776 564 13607 2563 8084 16105 13348 16187 10033 16187 16187
4776 100 6683 8268 9311 8268 14237 1865 11889 5820 13720 10051 16187 16187 16187 16187
4776 8637 9498 13532 12127 3984 12233 15956 1543 14237 13089 4776 926 12232 5233 16187
4776 100 6683 8268 9311 8268 14237 1865 11889 5820 13720 10051 16187 16187 14237 5328
