12128 6738 3171 10400 12233 5668 6259 1334 3177 7659 16187 16187 16187 16187 16187 16187
3842 3171 1378 16187 779 12233 926 8268 12008 8712 5867 6259 2802 12606 13498 13103
1655 12233 14180 3102 8719 9222 3171 10917 10033 13348 16187 13348 16187 16187 16187 16187
14411 8268 14272 6672 2598 16187 16187 16187 16187 16187 16187 16187 16187 16187 16187 16187
3842 3171 1378 16187 779 12233 926 8268 12008 8712 5867 6259 2802 12606 13498 13103
1655 12233 14180 3102 8719 9222 3171 10917 10033 13348 16187 13348 16187 16187 16187 16187
4776 926 3785 14237 4152 830 4776 7188 3177 4776 1559 16187 16187 16187 16187 16187
3842 3171 1378 16187 779 12233 926 8268 12008 8712 5867 6259 2802 12606 13498 13103
1655 12233 14180 3102 8719 9222 3171 10917 10033 13348 16187 13348 16187 16187 16187 16187
3171 8710 6259 2563 8719 15649 6931 5208 12149 1750 15984 16187 16187 16187 16187 16187
3842 3171 1378 16187 779 12233 926 8268 12008 8712 5867 6259 2802 12606 13498 13103
1655 12233 14180 3102 8719 9222 3171 10917 10033 13348 16187 13348 16187 16187 16187 16187
926 15325 3177 6826 10355 2122 15814 14237 6259 10602 14596 12233 10918 8712 2903 16187
3842 3171 1378 16187 779 12233 926 8268 12008 8712 5867 6259 2802 12606 13498 13103
1655 12233 14180 3102 8719 9222 3171 10917 10033 13348 16187 13348 16187 16187 16187 16187
188 12276 10293 2598 16187 16187 16187 16187 16187 16187 16187 16187 16187 16187 16187 16187
3842 3171 1378 16187 779 12233 926 8268 12008 8712 5867 6259 2802 12606 13498 13103
1655 12233 14180 3102 8719 9222 3171 10917 10033 13348 16187 13348 16187 16187 16187 16187
7742 8268 2383 14272 2598 16187 16187 16187 16187 16187 16187 16187 16187 16187 16187 16187
3842 3171 1378 16187 779 12233 926 8268 12008 8712 5867 6259 2802 12606 13498 13103
1655 12233 14180 3102 8719 9222 3171 10917 10033 13348 16187 13348 16187 16187 16187 16187
15715 10509 8185 8710 10770 14237 7740 4552 8712 569 16187 16187 16187 16187 16187 16187
3842 3171 1378 16187 779 12233 926 8268 12008 8712 5867 6259 2802 12606 13498 13103
1655 12233 14180 3102 8719 9222 3171 10917 10033 13348 16187 13348 16187 16187 16187 16187
8710 8712 4032 9316 2598 16187 16187 16187 16187 16187 16187 16187 16187 16187 16187 16187
3842 3171 1378 16187 779 12233 926 8268 12008 8712 5867 6259 2802 12606 13498 13103
1655 12233 14180 3102 8719 9222 3171 10917 10033 13348 16187 13348 16187 16187 16187 16187
7740 968 13616 11889 12233 15956 1543 12233 9605 6259 10305 11889 5463 8268 12576 16187
3842 3171 2856 11889 4776 12012 16187 10324 1919 1138 4776 11008 10033 5711 16187 8084
1655 12233 14180 3102 8719 9222 3171 10917 10033 13348 16187 13348 16187 16187 16187 16187
7740 4537 1959 3171 2563 4240 926 3177 11953 9484 1243 16187 16187 16187 16187 16187
3842 3171 1378 16187 779 12233 926 8268 12008 8712 5867 6259 2802 12606 13498 13103
1655 12233 14180 3102 8719 9222 3171 10917 10033 13348 16187 13348 16187 16187 16187 16187
926 3171 10033 8710 14231 16187 16187 16187 16187 16187 16187 16187 16187 16187 16187 16187
3842 3171 1378 16187 779 12233 926 8268 12008 8712 5867 6259 2802 12606 13498 13103
1655 12233 14180 3102 8719 9222 3171 10917 10033 13348 16187 13348 16187 16187 16187 16187
7740 1644 12233 12233 10503 926 2904 8146 926 16187 16187 16187 16187 16187 16187 16187
3842 3171 1378 16187 779 12233 926 8268 12008 8712 5867 6259 2802 12606 13498 13103
1655 12233 14180 3102 8719 9222 3171 10917 10033 13348 16187 13348 16187 16187 16187 16187
13474 5867 1954 1138 926 5711 12233 6259 14453 16187 16187 16187 16187 16187 16187 16187
3842 3171 1378 16187 779 12233 926 8268 12008 8712 5867 6259 2802 12606 13498 13103
1655 12233 14180 3102 8719 9222 3171 10917 10033 13348 16187 13348 16187 16187 16187 16187
4143 5713 10614 11889 926 16187 16187 16187 16187 16187 16187 16187 16187 16187 16187 16187
3842 3171 1378 16187 779 12233 926 8268 12008 8712 5867 6259 2802 12606 13498 13103
1655 12233 14180 3102 8719 9222 3171 10917 10033 13348 16187 13348 16187 16187 16187 16187
4776 14596 4931 4537 6070 15347 14237 656 1229 7742 1919 4776 13839 16187 16187 16187
3842 3171 1378 16187 779 12233 926 8268 12008 8712 5867 6259 2802 12606 13498 13103
1655 12233 14180 3102 8719 9222 3171 10917 10033 13348 16187 13348 16187 16187 16187 16187
5937 13734 15846 11606 2823 926 14029 4776 926 6888 1390 5627 5889 12455 16187 16187
3842 3171 1378 16187 779 12233 926 8268 12008 8712 5867 6259 2802 12606 13498 13103
1655 12233 14180 3102 8719 9222 3171 10917 10033 13348 16187 13348 16187 16187 16187 16187
11788 12835 8268 4776 4927 4335 10092 8710 1229 13178 16187 16187 16187 16187 16187 16187
3842 3171 1378 16187 779 12233 926 8268 12008 8712 5867 6259 2802 12606 13498 13103
1655 12233 14180 3102 8719 9222 3171 10917 10033 13348 16187 13348 16187 16187 16187 16187
926 8268 8712 16105 10941 665 14237 4421 926 926 7345 3418 10036 16187 16187 16187
3842 3171 1378 16187 779 12233 926 8268 12008 8712 5867 6259 2802 12606 13498 13103
1655 12233 14180 3102 8719 9222 3171 10917 10033 13348 16187 13348 16187 16187 16187 16187
14069 8710 6259 3192 13182 3177 6985 8719 15649 3171 3384 8710 5372 16187 16187 16187
3842 3171 1378 16187 779 12233 926 8268 12008 8712 5867 6259 2802 12606 13498 13103
1655 12233 14180 3102 8719 9222 3171 10917 10033 13348 16187 13348 16187 16187 16187 16187
9743 1919 1954 8661 8719 4776 13540 3177 6215 15846 10603 3171 6259 12260 2552 16187
3842 3171 1378 16187 779 12233 926 8268 12008 8712 5867 6259 2802 12606 13498 13103
1655 12233 14180 3102 8719 9222 3171 10917 10033 13348 16187 13348 16187 16187 16187 16187
8712 5867 9780 16187 16187 16187 16187 16187 16187 16187 16187 16187 16187 16187 16187 16187
3842 3171 1378 16187 779 12233 926 8268 12008 8712 5867 6259 2802 12606 13498 13103
1655 12233 14180 3102 8719 9222 3171 10917 10033 13348 16187 13348 16187 16187 16187 16187
14272 14776 1138 3098 11189 5711 779 12422 2543 8258 6011 14237 9070 2598 16187 16187
3842 3171 1378 16187 779 12233 926 8268 12008 8712 5867 6259 2802 12606 13498 13103
1655 12233 14180 3102 8719 9222 3171 10917 10033 13348 16187 13348 16187 16187 16187 16187
8712 3847 9754 7448 1378 16187 16187 16187 16187 16187 16187 16187 16187 16187 16187 16187
3842 3171 1378 16187 779 12233 926 8268 12008 8712 5867 6259 2802 12606 13498 13103
1655 12233 14180 3102 8719 9222 3171 10917 10033 13348 16187 13348 16187 16187 16187 16187
10355 2123 5967 12233 13317 15525 4776 9349 5867 3744 8719 3171 1378 13348 16187 16187
3842 3171 1378 16187 779 12233 926 8268 12008 8712 5867 6259 2802 12606 13498 13103
1655 12233 14180 3102 8719 9222 3171 10917 10033 13348 16187 13348 16187 16187 16187 16187
7740 771 3192 11021 830 3171 2563 8268 13805 6259 13839 3177 12489 2946 16187 16187
3842 3171 1378 16187 779 12233 926 8268 12008 8712 5867 6259 2802 12606 13498 13103
1655 12233 14180 3102 8719 9222 3171 10917 10033 13348 16187 13348 16187 16187 16187 16187
6173 14470 14581 4325 11031 4098 3171 1378 16187 16187 16187 16187 16187 16187 16187 16187
3842 3171 1378 16187 779 12233 926 8268 12008 8712 5867 6259 2802 12606 13498 13103
1655 12233 14180 3102 8719 9222 3171 10917 10033 13348 16187 13348 16187 16187 16187 16187
4776 7970 1019 2598 2598 13348 6173 13839 4931 8081 16187 16187 16187 16187 16187 16187
3842 3171 1378 16187 779 12233 926 8268 12008 8712 5867 6259 2802 12606 13498 13103
1655 12233 14180 3102 8719 9222 3171 10917 10033 13348 16187 13348 16187 16187 16187 16187
4552 9754 6683 830 6259 4152 91 9890 16187 16187 16187 16187 16187 16187 16187 16187
3842 3171 1378 16187 779 12233 926 8268 12008 8712 5867 6259 2802 12606 13498 13103
1655 12233 14180 3102 8719 9222 3171 10917 10033 13348 16187 13348 16187 16187 16187 16187
7740 11889 4776 6644 3177 4149 10246 8268 926 16187 16187 16187 16187 16187 16187 16187
3842 3171 1378 16187 779 12233 926 8268 12008 8712 5867 6259 2802 12606 13498 13103
1655 12233 14180 3102 8719 9222 3171 10917 10033 13348 16187 13348 16187 16187 16187 16187
10967 5946 12233 4776 5759 1138 10298 5007 5711 15452 13999 13348 16187 16187 16187 16187
3842 3171 1378 16187 779 12233 926 8268 12008 8712 5867 6259 2802 12606 13498 13103
1655 12233 14180 3102 8719 9222 3171 10917 10033 13348 16187 13348 16187 16187 16187 16187
7740 9429 4325 14776 14180 16093 1919 6259 372 3177 15461 16187 16187 16187 16187 16187
3842 3171 1378 16187 779 12233 926 8268 12008 8712 5867 6259 2802 12606 13498 13103
1655 12233 14180 3102 8719 9222 3171 10917 10033 13348 16187 13348 16187 16187 16187 16187
8712 8093 3609 16187 16187 16187 16187 16187 16187 16187 16187 16187 16187 16187 16187 16187
3842 3171 1378 16187 779 12233 926 8268 12008 8712 5867 6259 2802 12606 13498 13103
1655 12233 14180 3102 8719 9222 3171 10917 10033 13348 16187 13348 16187 16187 16187 16187
4776 564 5656 1919 926 14237 6764 16187 16187 16187 16187 16187 16187 16187 16187 16187
3842 3171 1378 16187 779 12233 926 8268 12008 8712 5867 6259 2802 12606 13498 13103
1655 12233 14180 3102 8719 9222 3171 10917 10033 13348 16187 13348 16187 16187 16187 16187
8712 4931 8548 14029 9070 16187 16187 16187 16187 16187 16187 16187 16187 16187 16187 16187
3842 3171 1378 16187 779 12233 926 8268 12008 8712 5867 6259 2802 12606 13498 13103
1655 12233 14180 3102 8719 9222 3171 10917 10033 13348 16187 13348 16187 16187 16187 16187
1350 5463 4776 15416 5629 9059 14237 14734 2149 875 8089 5286 16187 16187 16187 16187
3842 3171 1378 16187 779 12233 926 8268 12008 8712 5867 6259 2802 12606 13498 13103
1655 12233 14180 3102 8719 9222 3171 10917 10033 13348 16187 13348 16187 16187 16187 16187
3511 8710 5463 4776 2563 5568 4537 12741 12187 1957 8506 16187 16187 16187 16187 16187
3842 3171 1378 16187 779 12233 926 8268 12008 8712 5867 6259 2802 12606 13498 13103
1655 12233 14180 3102 8719 9222 3171 10917 10033 13348 16187 13348 16187 16187 16187 16187
6011 15956 8268 3171 2563 8710 9449 16187 16187 16187 16187 16187 16187 16187 16187 16187
3842 3171 1378 16187 779 12233 926 8268 12008 8712 5867 6259 2802 12606 13498 13103
1655 12233 14180 3102 8719 9222 3171 10917 10033 13348 16187 13348 16187 16187 16187 16187
926 1138 14031 5711 4776 3137 11401 16187 16187 16187 16187 16187 16187 16187 16187 16187
3842 3171 1378 16187 779 12233 926 8268 12008 8712 5867 6259 2802 12606 13498 13103
1655 12233 14180 3102 8719 9222 3171 10917 10033 13348 16187 13348 16187 16187 16187 16187
14069 8710 13084 8808 10801 16187 16187 16187 16187 16187 16187 16187 16187 16187 16187 16187
3842 3171 1378 16187 779 12233 926 8268 12008 8712 5867 6259 2802 12606 13498 13103
1655 12233 14180 3102 8719 9222 3171 10917 10033 13348 16187 13348 16187 16187 16187 16187
8712 779 6259 6231 1435 14237 899 8521 16187 16187 16187 16187 16187 16187 16187 16187
3842 3171 2856 11889 4776 12012 16187 10324 1919 1138 4776 11008 10033 5711 16187 8084
1655 12233 14180 3102 8719 9222 3171 10917 10033 13348 16187 13348 16187 16187 16187 16187
2588 4832 4931 6535 2097 16187 16187 16187 16187 16187 16187 16187 16187 16187 16187 16187
3842 3171 1378 16187 779 12233 926 8268 12008 8712 5867 6259 2802 12606 13498 13103
1655 12233 14180 3102 8719 9222 3171 10917 10033 13348 16187 13348 16187 16187 16187 16187
6173 8268 12008 4776 11738 4183 3177 467 14631 9070 12233 7001 16187 16187 16187 16187
3842 3171 1378 16187 779 12233 926 8268 12008 8712 5867 6259 2802 12606 13498 13103
1655 12233 14180 3102 8719 9222 3171 10917 10033 13348 16187 13348 16187 16187 16187 16187
3171 4931 7742 13663 830 6259 12555 5947 2664 6071 14251 16187 16187 16187 16187 16187
3842 3171 1378 16187 779 12233 926 8268 12008 8712 5867 6259 2802 12606 13498 13103
1655 12233 14180 3102 8719 9222 3171 10917 10033 13348 16187 13348 16187 16187 16187 16187
3171 10033 779 12958 8268 3211 8268 2122 8268 1369 15848 16187 16187 16187 16187 16187
3842 3171 1378 16187 779 12233 926 8268 12008 8712 5867 6259 2802 12606 13498 13103
1655 12233 14180 3102 8719 9222 3171 10917 10033 13348 16187 13348 16187 16187 16187 16187
4776 926 1676 4931 6297 14734 16058 14237 14734 14164 9013 10967 1954 926 9739 16187
3842 3171 1378 16187 779 12233 926 8268 12008 8712 5867 6259 2802 12606 13498 13103
1655 12233 14180 3102 8719 9222 3171 10917 10033 13348 16187 13348 16187 16187 16187 16187
8712 4931 4776 926 3177 1946 7151 14237 926 9777 5463 6381 9070 3748 16187 16187
3842 3171 1378 16187 779 12233 926 8268 12008 8712 5867 6259 2802 12606 13498 13103
1655 12233 14180 3102 8719 9222 3171 10917 10033 13348 16187 13348 16187 16187 16187 16187
7740 8667 2903 8719 12276 467 6259 2765 12291 16187 16187 16187 16187 16187 16187 16187
3842 3171 1378 16187 779 12233 926 8268 12008 8712 5867 6259 2802 12606 13498 13103
1655 12233 14180 3102 8719 9222 3171 10917 10033 13348 16187 13348 16187 16187 16187 16187
8710 14069 4856 8719 3171 10033 2598 16187 16187 16187 16187 16187 16187 16187 16187 16187
3842 3171 1378 16187 779 12233 926 8268 12008 8712 5867 6259 2802 12606 13498 13103
1655 12233 14180 3102 8719 9222 3171 10917 10033 13348 16187 13348 16187 16187 16187 16187
8712 13213 15525 1955 4776 4267 2563 3177 11981 5463 7740 11553 8084 8466 16187 16187
3842 3171 1378 16187 779 12233 926 8268 12008 8712 5867 6259 2802 12606 13498 13103
1655 12233 14180 3102 8719 9222 3171 10917 10033 13348 16187 13348 16187 16187 16187 16187
11553 820 7723 203 12233 8733 1133 11889 9743 2598 16187 16187 16187 16187 16187 16187
3842 3171 1378 16187 779 12233 926 8268 12008 8712 5867 6259 2802 12606 13498 13103
1655 12233 14180 3102 8719 9222 3171 10917 10033 13348 16187 13348 16187 16187 16187 16187
1138 8973 926 5711 8710 10315 1957 926 2729 8719 2798 3177 926 16187 16187 16187
3842 3171 1378 16187 779 12233 926 8268 12008 8712 5867 6259 2802 12606 13498 13103
1655 12233 14180 3102 8719 9222 3171 10917 10033 13348 16187 13348 16187 16187 16187 16187
14734 679 3177 14734 875 4931 1229 926 10471 16187 16187 16187 16187 16187 16187 16187
3842 3171 1378 16187 779 12233 926 8268 12008 8712 5867 6259 2802 12606 13498 13103
1655 12233 14180 3102 8719 9222 3171 10917 10033 13348 16187 13348 16187 16187 16187 16187
14237 14031 5359 7740 6635 4776 817 926 16187 16187 16187 16187 16187 16187 16187 16187
3842 3171 1378 16187 779 12233 926 8268 12008 8712 5867 6259 2802 12606 13498 13103
1655 12233 14180 3102 8719 9222 3171 10917 10033 13348 16187 13348 16187 16187 16187 16187
8710 1750 9238 830 1954 5154 14571 12028 6259 10355 9424 2598 16187 16187 16187 16187
3842 3171 1378 16187 779 12233 926 8268 12008 8712 5867 6259 2802 12606 13498 13103
1655 12233 14180 3102 8719 9222 3171 10917 10033 13348 16187 13348 16187 16187 16187 16187
8798 8268 7926 8710 7456 12233 7001 12233 14734 5273 5867 11348 2598 16187 16187 16187
3842 3171 2856 11889 4776 12012 16187 8268 8712 5867 5329 13348 16187 926 13348 16187
1655 12233 14180 3102 8719 9222 3171 10917 10033 13348 16187 13348 16187 16187 16187 16187
6689 4776 8521 8710 8423 9313 8268 6011 2326 15956 1543 3171 4931 1515 16187 16187
3842 3171 2856 11889 4776 12012 16187 10324 1919 1138 4776 11008 10033 5711 16187 8656
1655 12233 14180 3102 8719 9222 3171 10917 10033 13348 16187 13348 16187 16187 16187 16187
12008 5208 926 4384 8554 926 8258 926 8710 6188 12233 6286 2598 16187 16187 16187
3842 3171 1378 16187 779 12233 926 8268 12008 8712 5867 6259 2802 12606 13498 13103
1655 12233 14180 3102 8719 9222 3171 10917 10033 13348 16187 13348 16187 16187 16187 16187
4776 14148 3177 3171 2563 8710 8213 16187 16187 16187 16187 16187 16187 16187 16187 16187
3842 3171 1378 16187 779 12233 926 8268 12008 8712 5867 6259 2802 12606 13498 13103
1655 12233 14180 3102 8719 9222 3171 10917 10033 13348 16187 13348 16187 16187 16187 16187
1955 8719 14180 8164 8268 643 13216 14029 16187 16187 16187 16187 16187 16187 16187 16187
3842 3171 1378 16187 779 12233 926 8268 12008 8712 5867 6259 2802 12606 13498 13103
1655 12233 14180 3102 8719 9222 3171 10917 10033 13348 16187 13348 16187 16187 16187 16187
13922 3644 9754 14518 12233 1186 12349 2903 14069 8719 6259 926 16187 16187 16187 16187
3842 3171 1378 16187 779 12233 926 8268 12008 8712 5867 6259 2802 12606 13498 13103
1655 12233 14180 3102 8719 9222 3171 10917 10033 13348 16187 13348 16187 16187 16187 16187
10566 3177 4776 11331 14776 6297 6535 13178 16187 16187 16187 16187 16187 16187 16187 16187
3842 3171 2856 11889 4776 12012 16187 10324 1919 1138 4776 11008 10033 5711 16187 8084
1655 12233 14180 3102 8719 9222 3171 10917 10033 13348 16187 13348 16187 16187 16187 16187
14237 4311 3177 1245 4624 11553 6259 13839 3177 12489 9736 2946 16187 16187 16187 16187
3842 3171 2856 11889 4776 12012 16187 8268 8712 5867 5329 13348 16187 926 13348 16187
1655 12233 14180 3102 8719 9222 3171 10917 10033 13348 16187 13348 16187 16187 16187 16187
5582 926 4390 4776 564 3886 3177 9083 16187 16187 16187 16187 16187 16187 16187 16187
3842 3171 1378 16187 779 12233 926 8268 12008 8712 5867 6259 2802 12606 13498 13103
1655 12233 14180 3102 8719 9222 3171 10917 10033 13348 16187 13348 16187 16187 16187 16187
1229 16148 5463 7926 3847 9754 8467 12233 8456 14734 3575 1750 926 16187 16187 16187
3842 3171 1378 16187 779 12233 926 8268 12008 8712 5867 6259 2802 12606 13498 13103
1655 12233 14180 3102 8719 9222 3171 10917 10033 13348 16187 13348 16187 16187 16187 16187
4142 5812 12518 3211 11953 8888 5629 926 8268 926 14237 926 16187 16187 16187 16187
3842 3171 1378 16187 779 12233 926 8268 12008 8712 5867 6259 2802 12606 13498 13103
1655 12233 14180 3102 8719 9222 3171 10917 10033 13348 16187 13348 16187 16187 16187 16187
7740 16138 9605 8712 816 3171 983 16187 16187 16187 16187 16187 16187 16187 16187 16187
3842 3171 1378 16187 779 12233 926 8268 12008 8712 5867 6259 2802 12606 13498 13103
1655 12233 14180 3102 8719 9222 3171 10917 10033 13348 16187 13348 16187 16187 16187 16187
14237 4776 12478 3847 5329 8733 4776 6071 13592 3765 3356 512 8712 8710 16187 16187
3842 3171 1378 16187 779 12233 926 8268 12008 8712 5867 6259 2802 12606 13498 13103
1655 12233 14180 3102 8719 9222 3171 10917 10033 13348 16187 13348 16187 16187 16187 16187
8712 16105 9070 9429 6259 5948 11953 9743 8404 14237 14581 8017 830 4312 16187 16187
3842 3171 2856 11889 4776 12012 16187 8268 8712 5867 5329 13348 16187 926 13348 16187
1655 12233 14180 3102 8719 9222 3171 10917 10033 13348 16187 13348 16187 16187 16187 16187
1998 16187 16187 16187 16187 16187 16187 16187 16187 16187 16187 16187 16187 16187 16187 16187
3842 3171 2856 11889 4776 12012 16187 8268 8712 5867 5329 13348 16187 926 13348 16187
1655 12233 14180 3102 8719 9222 3171 10917 10033 13348 16187 13348 16187 16187 16187 16187
4142 447 16187 16187 16187 16187 16187 16187 16187 16187 16187 16187 16187 16187 16187 16187
3842 3171 1378 16187 779 12233 926 8268 12008 8712 5867 6259 2802 12606 13498 13103
1655 12233 14180 3102 8719 9222 3171 10917 10033 13348 16187 13348 16187 16187 16187 16187
6173 4931 630 926 16187 16187 16187 16187 16187 16187 16187 16187 16187 16187 16187 16187
3842 3171 2856 11889 4776 12012 16187 8268 8712 5867 5329 13348 16187 926 13348 16187
1655 12233 14180 3102 8719 9222 3171 10917 10033 13348 16187 13348 16187 16187 16187 16187
6569 1019 5174 2122 6173 4776 10400 6423 2053 6569 3994 8710 14397 10355 16187 16187
3842 3171 1378 16187 779 12233 926 8268 12008 8712 5867 6259 2802 12606 13498 13103
1655 12233 14180 3102 8719 9222 3171 10917 10033 13348 16187 13348 16187 16187 16187 16187
9449 8268 10710 8268 12008 2296 8974 14237 10770 16187 16187 16187 16187 16187 16187 16187
3842 3171 1378 16187 779 12233 926 8268 12008 8712 5867 6259 2802 12606 13498 13103
1655 12233 14180 3102 8719 9222 3171 10917 10033 13348 16187 13348 16187 16187 16187 16187
7740 973 13616 1597 8268 7740 8313 6259 15335 11191 12232 926 16187 16187 16187 16187
3842 3171 1378 16187 779 12233 926 8268 12008 8712 5867 6259 2802 12606 13498 13103
1655 12233 14180 3102 8719 9222 3171 10917 10033 13348 16187 13348 16187 16187 16187 16187
8710 3171 14272 926 3847 1919 1885 983 2598 16187 16187 16187 16187 16187 16187 16187
3842 3171 1378 16187 779 12233 926 8268 12008 8712 5867 6259 2802 12606 13498 13103
1655 12233 14180 3102 8719 9222 3171 10917 10033 13348 16187 13348 16187 16187 16187 16187
7926 7165 926 16187 16187 16187 16187 16187 16187 16187 16187 16187 16187 16187 16187 16187
3842 3171 1378 16187 779 12233 926 8268 12008 8712 5867 6259 2802 12606 13498 13103
1655 12233 14180 3102 8719 9222 3171 10917 10033 13348 16187 13348 16187 16187 16187 16187
6259 10710 6076 8710 14272 7740 926 16187 16187 16187 16187 16187 16187 16187 16187 16187
3842 3171 1378 16187 779 12233 926 8268 12008 8712 5867 6259 2802 12606 13498 13103
1655 12233 14180 3102 8719 9222 3171 10917 10033 13348 16187 13348 16187 16187 16187 16187
1229 4776 2563 5388 1885 9666 9850 3177 4776 15211 10437 16187 16187 16187 16187 16187
3842 3171 2856 11889 4776 12012 16187 10324 1919 1138 4776 11008 10033 5711 16187 8656
1655 12233 14180 3102 8719 9222 3171 10917 10033 13348 16187 13348 16187 16187 16187 16187
4776 10033 6245 12233 10399 12233 8733 926 6259 4660 5095 1019 5605 6173 16187 16187
3842 3171 1378 16187 779 12233 926 8268 12008 8712 5867 6259 2802 12606 13498 13103
1655 12233 14180 3102 8719 9222 3171 10917 10033 13348 16187 13348 16187 16187 16187 16187
8712 5867 6070 10011 8268 12008 6011 15956 5463 1515 8719 16187 16187 16187 16187 16187
3842 3171 1378 16187 779 12233 926 8268 12008 8712 5867 6259 2802 12606 13498 13103
1655 12233 14180 3102 8719 9222 3171 10917 10033 13348 16187 13348 16187 16187 16187 16187
7740 9429 7740 9277 11553 926 15202 9296 12669 12008 5463 5867 8712 16187 16187 16187
3842 3171 1378 16187 779 12233 926 8268 12008 8712 5867 6259 2802 12606 13498 13103
1655 12233 14180 3102 8719 9222 3171 10917 10033 13348 16187 13348 16187 16187 16187 16187
4311 14180 11191 15846 10328 8719 5909 16187 16187 16187 16187 16187 16187 16187 16187 16187
3842 3171 2856 11889 4776 12012 16187 10324 1919 1138 4776 11008 10033 5711 16187 8656
1655 12233 14180 3102 8719 9222 3171 10917 10033 13348 16187 13348 16187 16187 16187 16187
9764 6826 3177 4776 4422 14776 926 16187 16187 16187 16187 16187 16187 16187 16187 16187
3842 3171 1378 16187 779 12233 926 8268 12008 8712 5867 6259 2802 12606 13498 13103
1655 12233 14180 3102 8719 9222 3171 10917 10033 13348 16187 13348 16187 16187 16187 16187
16146 4440 15846 3249 6011 16187 16187 16187 16187 16187 16187 16187 16187 16187 16187 16187
3842 3171 1378 16187 779 12233 926 8268 12008 8712 5867 6259 2802 12606 13498 13103
1655 12233 14180 3102 8719 9222 3171 10917 10033 13348 16187 13348 16187 16187 16187 16187
4776 6071 13348 16187 16187 16187 16187 16187 16187 16187 16187 16187 16187 16187 16187 16187
3842 3171 1378 16187 779 12233 926 8268 12008 8712 5867 6259 2802 12606 13498 13103
1655 12233 14180 3102 8719 9222 3171 10917 10033 13348 16187 13348 16187 16187 16187 16187
7926 5867 6259 2380 1919 13021 8268 10729 8268 14237 7659 16187 16187 16187 16187 16187
3842 3171 1378 16187 779 12233 926 8268 12008 8712 5867 6259 2802 12606 13498 13103
1655 12233 14180 3102 8719 9222 3171 10917 10033 13348 16187 13348 16187 16187 16187 16187
4776 926 8710 1344 1590 14237 2446 12857 6826 1175 9935 6575 8043 16187 16187 16187
3842 3171 1378 16187 779 12233 926 8268 12008 8712 5867 6259 2802 12606 13498 13103
1655 12233 14180 3102 8719 9222 3171 10917 10033 13348 16187 13348 16187 16187 16187 16187
7740 9884 8466 10217 16187 16187 16187 16187 16187 16187 16187 16187 16187 16187 16187 16187
3842 3171 1378 16187 779 12233 926 8268 12008 8712 5867 6259 2802 12606 13498 13103
1655 12233 14180 3102 8719 9222 3171 10917 10033 13348 16187 13348 16187 16187 16187 16187
4776 13839 8710 11643 14237 7742 3262 16187 16187 16187 16187 16187 16187 16187 16187 16187
3842 3171 1378 16187 779 12233 926 8268 12008 8712 5867 6259 2802 12606 13498 13103
1655 12233 14180 3102 8719 9222 3171 10917 10033 13348 16187 13348 16187 16187 16187 16187
2446 4776 6006 8710 3639 16187 16187 16187 16187 16187 16187 16187 16187 16187 16187 16187
3842 3171 1378 16187 779 12233 926 8268 12008 8712 5867 6259 2802 12606 13498 13103
1655 12233 14180 3102 8719 9222 3171 10917 10033 13348 16187 13348 16187 16187 16187 16187
14272 9498 4325 14180 5807 2598 13348 16187 16187 16187 16187 16187 16187 16187 16187 16187
3842 3171 1378 16187 779 12233 926 8268 12008 8712 5867 6259 2802 12606 13498 13103
1655 12233 14180 3102 8719 9222 3171 10917 10033 13348 16187 13348 16187 16187 16187 16187
2204 14237 11387 926 2837 926 14237 7748 5524 15846 1042 6011 15274 830 2148 16187
3842 3171 1378 16187 779 12233 926 8268 12008 8712 5867 6259 2802 12606 13498 13103
1655 12233 14180 3102 8719 9222 3171 10917 10033 13348 16187 13348 16187 16187 16187 16187
4552 9754 2080 2903 5695 8185 10967 16146 926 16187 16187 16187 16187 16187 16187 16187
3842 3171 1378 16187 779 12233 926 8268 12008 8712 5867 6259 2802 12606 13498 13103
1655 12233 14180 3102 8719 9222 3171 10917 10033 13348 16187 13348 16187 16187 16187 16187
1344 4997 16187 16187 16187 16187 16187 16187 16187 16187 16187 16187 16187 16187 16187 16187
3842 3171 1378 16187 779 12233 926 8268 12008 8712 5867 6259 2802 12606 13498 13103
1655 12233 14180 3102 8719 9222 3171 10917 10033 13348 16187 13348 16187 16187 16187 16187
13274 8710 8268 11289 8268 10217 8185 16187 16187 16187 16187 16187 16187 16187 16187 16187
3842 3171 1378 16187 779 12233 926 8268 12008 8712 5867 6259 2802 12606 13498 13103
1655 12233 14180 3102 8719 9222 3171 10917 10033 13348 16187 13348 16187 16187 16187 16187
4776 926 8268 4311 12379 13348 16187 16187 16187 16187 16187 16187 16187 16187 16187 16187
3842 3171 1378 16187 779 12233 926 8268 12008 8712 5867 6259 2802 12606 13498 13103
1655 12233 14180 3102 8719 9222 3171 10917 10033 13348 16187 13348 16187 16187 16187 16187
8796 5288 16187 16187 16187 16187 16187 16187 16187 16187 16187 16187 16187 16187 16187 16187
3842 3171 1378 16187 779 12233 926 8268 12008 8712 5867 6259 2802 12606 13498 13103
1655 12233 14180 3102 8719 9222 3171 10917 10033 13348 16187 13348 16187 16187 16187 16187
4776 834 1045 11558 1819 5463 15632 8467 12233 11889 14180 3171 3575 16187 16187 16187
3842 3171 2856 11889 4776 12012 16187 10324 1919 1138 4776 11008 10033 5711 16187 8656
1655 12233 14180 3102 8719 9222 3171 10917 10033 13348 16187 13348 16187 16187 16187 16187
4311 8268 4776 926 16187 16187 16187 16187 16187 16187 16187 16187 16187 16187 16187 16187
3842 3171 1378 16187 779 12233 926 8268 12008 8712 5867 6259 2802 12606 13498 13103
1655 12233 14180 3102 8719 9222 3171 10917 10033 13348 16187 13348 16187 16187 16187 16187
4776 14599 14237 14596 5046 4552 11553 15597 3766 8268 12008 4325 14776 2446 14982 16187
3842 3171 1378 16187 779 12233 926 8268 12008 8712 5867 6259 2802 12606 13498 13103
1655 12233 14180 3102 8719 9222 3171 10917 10033 13348 16187 13348 16187 16187 16187 16187
1019 8710 1954 5364 5496 1433 16187 16187 16187 16187 16187 16187 16187 16187 16187 16187
3842 3171 1378 16187 779 12233 926 8268 12008 8712 5867 6259 2802 12606 13498 13103
1655 12233 14180 3102 8719 9222 3171 10917 10033 13348 16187 13348 16187 16187 16187 16187
5328 4776 9577 91 8710 926 16187 16187 16187 16187 16187 16187 16187 16187 16187 16187
3842 3171 1378 16187 779 12233 926 8268 12008 8712 5867 6259 2802 12606 13498 13103
1655 12233 14180 3102 8719 9222 3171 10917 10033 13348 16187 13348 16187 16187 16187 16187
7926 8710 11953 12233 7812 14734 643 926 14237 14734 8899 16187 16187 16187 16187 16187
3842 3171 1378 16187 779 12233 926 8268 12008 8712 5867 6259 2802 12606 13498 13103
1655 12233 14180 3102 8719 9222 3171 10917 10033 13348 16187 13348 16187 16187 16187 16187
926 7556 8710 6259 8124 10358 2615 3177 6259 8974 7671 16187 16187 16187 16187 16187
3842 3171 1378 16187 779 12233 926 8268 12008 8712 5867 6259 2802 12606 13498 13103
1655 12233 14180 3102 8719 9222 3171 10917 10033 13348 16187 13348 16187 16187 16187 16187
15438 8268 7740 11839 7740 4931 15715 484 16187 16187 16187 16187 16187 16187 16187 16187
3842 3171 1378 16187 779 12233 926 8268 12008 8712 5867 6259 2802 12606 13498 13103
1655 12233 14180 3102 8719 9222 3171 10917 10033 13348 16187 13348 16187 16187 16187 16187
4776 15762 3177 1290 13075 8719 6640 2563 7926 8577 12233 8733 16187 16187 16187 16187
3842 3171 1378 16187 779 12233 926 8268 12008 8712 5867 6259 2802 12606 13498 13103
1655 12233 14180 3102 8719 9222 3171 10917 10033 13348 16187 13348 16187 16187 16187 16187
7740 14263 8712 6363 12008 12276 14164 9850 15525 3177 14255 16187 16187 16187 16187 16187
3842 3171 2856 11889 4776 12012 16187 10324 1919 1138 4776 11008 10033 5711 16187 8656
1655 12233 14180 3102 8719 9222 3171 10917 10033 13348 16187 13348 16187 16187 16187 16187
5036 91 8710 6259 7739 3177 4776 15768 10272 12127 983 8712 5137 16187 16187 16187
3842 3171 1378 16187 779 12233 926 8268 12008 8712 5867 6259 2802 12606 13498 13103
1655 12233 14180 3102 8719 9222 3171 10917 10033 13348 16187 13348 16187 16187 16187 16187
6173 16187 16187 16187 16187 16187 16187 16187 16187 16187 16187 16187 16187 16187 16187 16187
3842 3171 2856 11889 4776 12012 16187 10324 1919 1138 4776 11008 10033 5711 16187 8656
1655 12233 14180 3102 8719 9222 3171 10917 10033 13348 16187 13348 16187 16187 16187 16187
6011 16138 2823 16041 6259 5948 3177 5200 4434 8268 926 975 16187 16187 16187 16187
3842 3171 1378 16187 779 12233 926 8268 12008 8712 5867 6259 2802 12606 13498 13103
1655 12233 14180 3102 8719 9222 3171 10917 10033 13348 16187 13348 16187 16187 16187 16187
8712 8710 8394 437 14237 10974 14237 6179 6011 816 15525 3177 4776 14596 16187 16187
3842 3171 2856 11889 4776 12012 16187 8268 8712 5867 5329 13348 16187 926 13348 16187
1655 12233 14180 3102 8719 9222 3171 10917 10033 13348 16187 13348 16187 16187 16187 16187
13089 15846 4776 926 870 14272 4776 2563 2326 6182 16187 16187 16187 16187 16187 16187
3842 3171 1378 16187 779 12233 926 8268 12008 8712 5867 6259 2802 12606 13498 13103
1655 12233 14180 3102 8719 9222 3171 10917 10033 13348 16187 13348 16187 16187 16187 16187
12495 8569 13348 16187 16187 16187 16187 16187 16187 16187 16187 16187 16187 16187 16187 16187
3842 3171 1378 16187 779 12233 926 8268 12008 8712 5867 6259 2802 12606 13498 13103
1655 12233 14180 3102 8719 9222 3171 10917 10033 13348 16187 13348 16187 16187 16187 16187
12008 4776 5820 11254 6715 12233 926 14237 15156 16187 16187 16187 16187 16187 16187 16187
3842 3171 1378 16187 779 12233 926 8268 12008 8712 5867 6259 2802 12606 13498 13103
1655 12233 14180 3102 8719 9222 3171 10917 10033 13348 16187 13348 16187 16187 16187 16187
816 16187 16187 16187 16187 16187 16187 16187 16187 16187 16187 16187 16187 16187 16187 16187
3842 3171 1378 16187 779 12233 926 8268 12008 8712 5867 6259 2802 12606 13498 13103
1655 12233 14180 3102 8719 9222 3171 10917 10033 13348 16187 13348 16187 16187 16187 16187
7740 1442 10056 926 8719 9367 3177 10531 14237 11839 13474 2608 5463 7742 16187 16187
3842 3171 1378 16187 779 12233 926 8268 12008 8712 5867 6259 2802 12606 13498 13103
1655 12233 14180 3102 8719 9222 3171 10917 10033 13348 16187 13348 16187 16187 16187 16187
6259 10682 12536 8268 16139 10418 8268 9122 1919 5695 3766 14237 8664 503 16187 16187
3842 3171 1378 16187 779 12233 926 8268 12008 8712 5867 6259 2802 12606 13498 13103
1655 12233 14180 3102 8719 9222 3171 10917 10033 13348 16187 13348 16187 16187 16187 16187
8712 16138 8052 5937 12805 14237 4776 4628 9754 151 13922 8268 9890 16187 16187 16187
3842 3171 1378 16187 779 12233 926 8268 12008 8712 5867 6259 2802 12606 13498 13103
1655 12233 14180 3102 8719 9222 3171 10917 10033 13348 16187 13348 16187 16187 16187 16187
5463 5867 8712 830 4776 9339 11608 16187 16187 16187 16187 16187 16187 16187 16187 16187
3842 3171 1378 16187 779 12233 926 8268 12008 8712 5867 6259 2802 12606 13498 13103
1655 12233 14180 3102 8719 9222 3171 10917 10033 13348 16187 13348 16187 16187 16187 16187
1229 8268 14272 11953 4776 9685 3177 7589 551 2598 16187 16187 16187 16187 16187 16187
3842 3171 1378 16187 779 12233 926 8268 12008 8712 5867 6259 2802 12606 13498 13103
1655 12233 14180 3102 8719 9222 3171 10917 10033 13348 16187 13348 16187 16187 16187 16187
3171 10033 7159 4776 926 3177 9230 6408 16187 16187 16187 16187 16187 16187 16187 16187
3842 3171 1378 16187 779 12233 926 8268 12008 8712 5867 6259 2802 12606 13498 13103
1655 12233 14180 3102 8719 9222 3171 10917 10033 13348 16187 13348 16187 16187 16187 16187
2446 8383 1954 8213 2221 2837 10242 16146 512 926 926 16187 16187 16187 16187 16187
3842 3171 1378 16187 779 12233 926 8268 12008 8712 5867 6259 2802 12606 13498 13103
1655 12233 14180 3102 8719 9222 3171 10917 10033 13348 16187 13348 16187 16187 16187 16187
926 926 8710 8268 3177 1245 8268 4776 9339 1264 16187 16187 16187 16187 16187 16187
3842 3171 1378 16187 779 12233 926 8268 12008 8712 5867 6259 2802 12606 13498 13103
1655 12233 14180 3102 8719 9222 3171 10917 10033 13348 16187 13348 16187 16187 16187 16187
1098 13348 16187 16187 16187 16187 16187 16187 16187 16187 16187 16187 16187 16187 16187 16187
3842 3171 1378 16187 779 12233 926 8268 12008 8712 5867 6259 2802 12606 13498 13103
1655 12233 14180 3102 8719 9222 3171 10917 10033 13348 16187 13348 16187 16187 16187 16187
8712 5867 5433 16187 16187 16187 16187 16187 16187 16187 16187 16187 16187 16187 16187 16187
3842 3171 1378 16187 779 12233 926 8268 12008 8712 5867 6259 2802 12606 13498 13103
1655 12233 14180 3102 8719 9222 3171 10917 10033 13348 16187 13348 16187 16187 16187 16187
926 8164 16187 16187 16187 16187 16187 16187 16187 16187 16187 16187 16187 16187 16187 16187
3842 3171 2856 11889 4776 12012 16187 8268 8712 5867 5329 13348 16187 926 13348 16187
1655 12233 14180 3102 8719 9222 3171 10917 10033 13348 16187 13348 16187 16187 16187 16187
4776 10033 4931 9764 926 926 14029 1655 5867 8102 11008 2563 3766 16187 16187 16187
3842 3171 1378 16187 779 12233 926 8268 12008 8712 5867 6259 2802 12606 13498 13103
1655 12233 14180 3102 8719 9222 3171 10917 10033 13348 16187 13348 16187 16187 16187 16187
15662 3847 13474 11553 8712 2598 16187 16187 16187 16187 16187 16187 16187 16187 16187 16187
3842 3171 1378 16187 779 12233 926 8268 12008 8712 5867 6259 2802 12606 13498 13103
1655 12233 14180 3102 8719 9222 3171 10917 10033 13348 16187 13348 16187 16187 16187 16187
14043 2148 11889 8268 4776 2588 3177 4776 10355 817 12455 2598 16187 16187 16187 16187
3842 3171 1378 16187 779 12233 926 8268 12008 8712 5867 6259 2802 12606 13498 13103
1655 12233 14180 3102 8719 9222 3171 10917 10033 13348 16187 13348 16187 16187 16187 16187
926 2598 16187 16187 16187 16187 16187 16187 16187 16187 16187 16187 16187 16187 16187 16187
3842 3171 1378 16187 779 12233 926 8268 12008 8712 5867 6259 2802 12606 13498 13103
1655 12233 14180 3102 8719 9222 3171 10917 10033 13348 16187 13348 16187 16187 16187 16187
1957 564 3171 8710 10716 5878 14651 16187 16187 16187 16187 16187 16187 16187 16187 16187
3842 3171 1378 16187 779 12233 926 8268 12008 8712 5867 6259 2802 12606 13498 13103
1655 12233 14180 3102 8719 9222 3171 10917 10033 13348 16187 13348 16187 16187 16187 16187
4776 926 13152 13141 12233 14304 16187 16187 16187 16187 16187 16187 16187 16187 16187 16187
3842 3171 1378 16187 779 12233 926 8268 12008 8712 5867 6259 2802 12606 13498 13103
1655 12233 14180 3102 8719 9222 3171 10917 10033 13348 16187 13348 16187 16187 16187 16187
15828 926 12260 11553 771 6826 14635 3177 1329 13129 13353 14029 14749 2145 16187 16187
3842 3171 1378 16187 779 12233 926 8268 12008 8712 5867 6259 2802 12606 13498 13103
1655 12233 14180 3102 8719 9222 3171 10917 10033 13348 16187 13348 16187 16187 16187 16187
13474 5867 2446 14221 2148 13074 1955 6259 7339 512 926 1955 6259 926 16187 16187
3842 3171 1378 16187 779 12233 926 8268 12008 8712 5867 6259 2802 12606 13498 13103
1655 12233 14180 3102 8719 9222 3171 10917 10033 13348 16187 13348 16187 16187 16187 16187
12008 15827 16105 2904 7661 5537 14237 2006 5713 6070 8506 14237 14221 2148 16187 16187
3842 3171 2856 11889 4776 12012 16187 10324 1919 1138 4776 11008 10033 5711 16187 8084
1655 12233 14180 3102 8719 9222 3171 10917 10033 13348 16187 13348 16187 16187 16187 16187
7831 926 8710 1778 12233 8733 4776 926 6259 926 8268 13089 7805 16187 16187 16187
3842 3171 1378 16187 779 12233 926 8268 12008 8712 5867 6259 2802 12606 13498 13103
1655 12233 14180 3102 8719 9222 3171 10917 10033 13348 16187 13348 16187 16187 16187 16187
7740 1442 3171 10033 14029 926 8719 6769 8268 1543 7926 4931 15142 1138 5711 16187
3842 3171 2856 11889 4776 12012 16187 10324 1919 1138 4776 11008 10033 5711 16187 8656
1655 12233 14180 3102 8719 9222 3171 10917 10033 13348 16187 13348 16187 16187 16187 16187
8796 8712 5867 9449 12008 8712 5867 10518 12233 2823 16187 16187 16187 16187 16187 16187
3842 3171 2856 11889 4776 12012 16187 10324 1919 1138 4776 11008 10033 5711 16187 8084
1655 12233 14180 3102 8719 9222 3171 10917 10033 13348 16187 13348 16187 16187 16187 16187
12606 10033 8268 7742 13663 14237 6070 7742 2608 16187 16187 16187 16187 16187 16187 16187
3842 3171 2856 11889 4776 12012 16187 10324 1919 1138 4776 11008 10033 5711 16187 8084
1655 12233 14180 3102 8719 9222 3171 10917 10033 13348 16187 13348 16187 16187 16187 16187
2201 8166 13539 830 4776 5555 2588 1019 2598 16187 16187 16187 16187 16187 16187 16187
3842 3171 1378 16187 779 12233 926 8268 12008 8712 5867 6259 2802 12606 13498 13103
1655 12233 14180 3102 8719 9222 3171 10917 10033 13348 16187 13348 16187 16187 16187 16187
8719 4776 10033 8268 13474 8710 1125 14029 6259 926 5889 16187 16187 16187 16187 16187
3842 3171 1378 16187 779 12233 926 8268 12008 8712 5867 6259 2802 12606 13498 13103
1655 12233 14180 3102 8719 9222 3171 10917 10033 13348 16187 13348 16187 16187 16187 16187
14272 4776 12459 2598 16187 16187 16187 16187 16187 16187 16187 16187 16187 16187 16187 16187
3842 3171 1378 16187 779 12233 926 8268 12008 8712 5867 6259 2802 12606 13498 13103
1655 12233 14180 3102 8719 9222 3171 10917 10033 13348 16187 13348 16187 16187 16187 16187
12149 13348 16187 16187 16187 16187 16187 16187 16187 16187 16187 16187 16187 16187 16187 16187
3842 3171 1378 16187 779 12233 926 8268 12008 8712 5867 6259 2802 12606 13498 13103
1655 12233 14180 3102 8719 9222 3171 10917 10033 13348 16187 13348 16187 16187 16187 16187
1885 1864 8268 6259 3011 9385 11921 12233 2823 14029 1885 8311 1957 14180 12291 16187
3842 3171 1378 16187 779 12233 926 8268 12008 8712 5867 6259 2802 12606 13498 13103
1655 12233 14180 3102 8719 9222 3171 10917 10033 13348 16187 13348 16187 16187 16187 16187
4776 926 12196 5463 4776 10033 15271 5111 12233 926 6982 12825 926 16187 16187 16187
3842 3171 1378 16187 779 12233 926 8268 12008 8712 5867 6259 2802 12606 13498 13103
1655 12233 14180 3102 8719 9222 3171 10917 10033 13348 16187 13348 16187 16187 16187 16187
6259 2613 14043 14029 10812 2598 16187 16187 16187 16187 16187 16187 16187 16187 16187 16187
3842 3171 1378 16187 779 12233 926 8268 12008 8712 5867 6259 2802 12606 13498 13103
1655 12233 14180 3102 8719 9222 3171 10917 10033 13348 16187 13348 16187 16187 16187 16187
7740 3644 9754 8537 8712 8712 12260 2823 8466 12233 2823 5476 16187 16187 16187 16187
3842 3171 1378 16187 779 12233 926 8268 12008 8712 5867 6259 2802 12606 13498 13103
1655 12233 14180 3102 8719 9222 3171 10917 10033 13348 16187 13348 16187 16187 16187 16187
7004 926 14237 12222 926 2446 15351 1955 7831 5867 12852 14237 12701 8268 3085 16187
3842 3171 1378 16187 779 12233 926 8268 12008 8712 5867 6259 2802 12606 13498 13103
1655 12233 14180 3102 8719 9222 3171 10917 10033 13348 16187 13348 16187 16187 16187 16187
2359 13348 16187 16187 16187 16187 16187 16187 16187 16187 16187 16187 16187 16187 16187 16187
3842 3171 1378 16187 779 12233 926 8268 12008 8712 5867 6259 2802 12606 13498 13103
1655 12233 14180 3102 8719 9222 3171 10917 10033 13348 16187 13348 16187 16187 16187 16187
9591 8592 16187 16187 16187 16187 16187 16187 16187 16187 16187 16187 16187 16187 16187 16187
3842 3171 1378 16187 779 12233 926 8268 12008 8712 5867 6259 2802 12606 13498 13103
1655 12233 14180 3102 8719 9222 3171 10917 10033 13348 16187 13348 16187 16187 16187 16187
15662 2598 16187 16187 16187 16187 16187 16187 16187 16187 16187 16187 16187 16187 16187 16187
3842 3171 1378 16187 779 12233 926 8268 12008 8712 5867 6259 2802 12606 13498 13103
1655 12233 14180 3102 8719 9222 3171 10917 10033 13348 16187 13348 16187 16187 16187 16187
4325 7129 12233 8733 4776 5738 6683 926 6152 16187 16187 16187 16187 16187 16187 16187
3842 3171 1378 16187 779 12233 926 8268 12008 8712 5867 6259 2802 12606 13498 13103
1655 12233 14180 3102 8719 9222 3171 10917 10033 13348 16187 13348 16187 16187 16187 16187
547 3171 10033 8719 13592 16146 3531 14237 8712 12232 2823 1260 12233 926 16187 16187
3842 3171 1378 16187 779 12233 926 8268 12008 8712 5867 6259 2802 12606 13498 13103
1655 12233 14180 3102 8719 9222 3171 10917 10033 13348 16187 13348 16187 16187 16187 16187
9813 926 1919 6011 16187 16187 16187 16187 16187 16187 16187 16187 16187 16187 16187 16187
3842 3171 1378 16187 779 12233 926 8268 12008 8712 5867 6259 2802 12606 13498 13103
1655 12233 14180 3102 8719 9222 3171 10917 10033 13348 16187 13348 16187 16187 16187 16187
1138 7926 16138 8093 9605 12349 4776 11146 13348 5711 16187 16187 16187 16187 16187 16187
3842 3171 1378 16187 779 12233 926 8268 12008 8712 5867 6259 2802 12606 13498 13103
1655 12233 14180 3102 8719 9222 3171 10917 10033 13348 16187 13348 16187 16187 16187 16187
4776 10033 10781 8710 6259 14431 11264 16187 16187 16187 16187 16187 16187 16187 16187 16187
3842 3171 1378 16187 779 12233 926 8268 12008 8712 5867 6259 2802 12606 13498 13103
1655 12233 14180 3102 8719 9222 3171 10917 10033 13348 16187 13348 16187 16187 16187 16187
8712 3847 5329 888 4776 4932 8268 14043 1436 5463 8712 8710 9813 8630 8712 16187
3842 3171 1378 16187 779 12233 926 8268 12008 8712 5867 6259 2802 12606 13498 13103
1655 12233 14180 3102 8719 9222 3171 10917 10033 13348 16187 13348 16187 16187 16187 16187
12233 12276 8344 7740 4931 6070 9106 8268 8069 926 16187 16187 16187 16187 16187 16187
3842 3171 1378 16187 779 12233 926 8268 12008 8712 5867 6259 2802 12606 13498 13103
1655 12233 14180 3102 8719 9222 3171 10917 10033 13348 16187 13348 16187 16187 16187 16187
8712 5867 11552 6011 12232 5568 11889 3171 2563 16187 16187 16187 16187 16187 16187 16187
3842 3171 1378 16187 779 12233 926 8268 12008 8712 5867 6259 2802 12606 13498 13103
1655 12233 14180 3102 8719 9222 3171 10917 10033 13348 16187 13348 16187 16187 16187 16187
8798 5297 14933 14776 10957 13089 4325 10603 15597 817 12965 6171 16187 16187 16187 16187
3842 3171 2856 11889 4776 12012 16187 8268 8712 5867 5329 13348 16187 926 13348 16187
1655 12233 14180 3102 8719 9222 3171 10917 10033 13348 16187 13348 16187 16187 16187 16187
4776 132 8710 10355 14237 8712 926 4776 2122 7742 16187 16187 16187 16187 16187 16187
3842 3171 1378 16187 779 12233 926 8268 12008 8712 5867 6259 2802 12606 13498 13103
1655 12233 14180 3102 8719 9222 3171 10917 10033 13348 16187 13348 16187 16187 16187 16187
8712 4931 6070 2689 12233 2904 8268 12008 7740 15956 8712 5867 6070 926 16187 16187
3842 3171 1378 16187 779 12233 926 8268 12008 8712 5867 6259 2802 12606 13498 13103
1655 12233 14180 3102 8719 9222 3171 10917 10033 13348 16187 13348 16187 16187 16187 16187
12008 5568 8726 6011 11031 1381 6076 11953 8712 16187 16187 16187 16187 16187 16187 16187
3842 3171 1378 16187 779 12233 926 8268 12008 8712 5867 6259 2802 12606 13498 13103
1655 12233 14180 3102 8719 9222 3171 10917 10033 13348 16187 13348 16187 16187 16187 16187
6286 8268 14069 8710 9754 8069 630 14973 8719 8712 16187 16187 16187 16187 16187 16187
3842 3171 1378 16187 779 12233 926 8268 12008 8712 5867 6259 2802 12606 13498 13103
1655 12233 14180 3102 8719 9222 3171 10917 10033 13348 16187 13348 16187 16187 16187 16187
8726 5937 8215 8710 1138 8796 5711 8268 12650 3171 10033 14237 2327 10036 16187 16187
3842 3171 1378 16187 779 12233 926 8268 12008 8712 5867 6259 2802 12606 13498 13103
1655 12233 14180 3102 8719 9222 3171 10917 10033 13348 16187 13348 16187 16187 16187 16187
4776 16146 2946 8268 9563 4776 11978 9498 16150 6013 14237 12249 16187 16187 16187 16187
3842 3171 1378 16187 779 12233 926 8268 12008 8712 5867 6259 2802 12606 13498 13103
1655 12233 14180 3102 8719 9222 3171 10917 10033 13348 16187 13348 16187 16187 16187 16187
1138 926 14237 4776 926 8268 5711 203 4552 11390 2598 2598 2598 16187 16187 16187
3842 3171 1378 16187 779 12233 926 8268 12008 8712 5867 6259 2802 12606 13498 13103
1655 12233 14180 3102 8719 9222 3171 10917 10033 13348 16187 13348 16187 16187 16187 16187
4537 13411 3735 6259 13565 16187 16187 16187 16187 16187 16187 16187 16187 16187 16187 16187
3842 3171 1378 16187 779 12233 926 8268 12008 8712 5867 6259 2802 12606 13498 13103
1655 12233 14180 3102 8719 9222 3171 10917 10033 13348 16187 13348 16187 16187 16187 16187
13089 4325 7185 4776 8404 8268 14069 15846 2823 6259 15718 15392 14237 12507 16187 16187
3842 3171 1378 16187 779 12233 926 8268 12008 8712 5867 6259 2802 12606 13498 13103
1655 12233 14180 3102 8719 9222 3171 10917 10033 13348 16187 13348 16187 16187 16187 16187
3418 16187 16187 16187 16187 16187 16187 16187 16187 16187 16187 16187 16187 16187 16187 16187
3842 3171 1378 16187 779 12233 926 8268 12008 8712 5867 6259 2802 12606 13498 13103
1655 12233 14180 3102 8719 9222 3171 10917 10033 13348 16187 13348 16187 16187 16187 16187
855 3543 11553 11022 2148 1133 14307 12233 6931 16187 16187 16187 16187 16187 16187 16187
3842 3171 1378 16187 779 12233 926 8268 12008 8712 5867 6259 2802 12606 13498 13103
1655 12233 14180 3102 8719 9222 3171 10917 10033 13348 16187 13348 16187 16187 16187 16187
4776 1507 14465 9498 6297 12606 16187 16187 16187 16187 16187 16187 16187 16187 16187 16187
3842 3171 1378 16187 779 12233 926 8268 12008 8712 5867 6259 2802 12606 13498 13103
1655 12233 14180 3102 8719 9222 3171 10917 10033 13348 16187 13348 16187 16187 16187 16187
4776 926 3177 3171 15390 8710 1138 926 5711 16187 16187 16187 16187 16187 16187 16187
3842 3171 1378 16187 779 12233 926 8268 12008 8712 5867 6259 2802 12606 13498 13103
1655 12233 14180 3102 8719 9222 3171 10917 10033 13348 16187 13348 16187 16187 16187 16187
8712 8710 1378 3177 4776 564 1110 15768 7740 11553 8084 1959 14029 6259 1583 16187
3842 3171 2856 11889 4776 12012 16187 8268 8712 5867 5329 13348 16187 926 13348 16187
1655 12233 14180 3102 8719 9222 3171 10917 10033 13348 16187 13348 16187 16187 16187 16187
7345 8521 8710 9754 14734 564 8268 12008 8712 5867 14734 10566 6987 16187 16187 16187
3842 3171 1378 16187 779 12233 926 8268 12008 8712 5867 6259 2802 12606 13498 13103
1655 12233 14180 3102 8719 9222 3171 10917 10033 13348 16187 13348 16187 16187 16187 16187
4776 6161 7164 1776 16187 16187 16187 16187 16187 16187 16187 16187 16187 16187 16187 16187
3842 3171 1378 16187 779 12233 926 8268 12008 8712 5867 6259 2802 12606 13498 13103
1655 12233 14180 3102 8719 9222 3171 10917 10033 13348 16187 13348 16187 16187 16187 16187
3171 8710 203 6259 1747 3460 8710 16105 2598 16187 16187 16187 16187 16187 16187 16187
3842 3171 1378 16187 779 12233 926 8268 12008 8712 5867 6259 2802 12606 13498 13103
1655 12233 14180 3102 8719 9222 3171 10917 10033 13348 16187 13348 16187 16187 16187 16187
5627 16187 16187 16187 16187 16187 16187 16187 16187 16187 16187 16187 16187 16187 16187 16187
3842 3171 1378 16187 779 12233 926 8268 12008 8712 5867 6259 2802 12606 13498 13103
1655 12233 14180 3102 8719 9222 3171 10917 10033 13348 16187 13348 16187 16187 16187 16187
9483 16187 16187 16187 16187 16187 16187 16187 16187 16187 16187 16187 16187 16187 16187 16187
3842 3171 2856 11889 4776 12012 16187 8268 8712 5867 5329 13348 16187 926 13348 16187
1655 12233 14180 3102 8719 9222 3171 10917 10033 13348 16187 13348 16187 16187 16187 16187
11889 14734 16146 6721 8268 14069 5867 6259 5923 8268 14995 8268 6861 6977 16187 16187
3842 3171 2856 11889 4776 12012 16187 8268 8712 5867 5329 13348 16187 926 13348 16187
1655 12233 14180 3102 8719 9222 3171 10917 10033 13348 16187 13348 16187 16187 16187 16187
926 4931 9518 2837 11953 13341 8268 12369 926 7512 16187 16187 16187 16187 16187 16187
3842 3171 1378 16187 779 12233 926 8268 12008 8712 5867 6259 2802 12606 13498 13103
1655 12233 14180 3102 8719 9222 3171 10917 10033 13348 16187 13348 16187 16187 16187 16187
8069 8719 14734 816 8456 5818 9277 5329 15956 14272 13411 1957 4776 13997 2713 16187
3842 3171 1378 16187 779 12233 926 8268 12008 8712 5867 6259 2802 12606 13498 13103
1655 12233 14180 3102 8719 9222 3171 10917 10033 13348 16187 13348 16187 16187 16187 16187
8680 8268 7740 2308 3171 2563 12233 2823 1344 13181 14237 11553 4409 8712 926 16187
3842 3171 1378 16187 779 12233 926 8268 12008 8712 5867 6259 2802 12606 13498 13103
1655 12233 14180 3102 8719 9222 3171 10917 10033 13348 16187 13348 16187 16187 16187 16187
15846 6096 7076 6259 13640 8719 4776 5365 926 8719 11168 11215 10250 926 16187 16187
3842 3171 1378 16187 779 12233 926 8268 12008 8712 5867 6259 2802 12606 13498 13103
1655 12233 14180 3102 8719 9222 3171 10917 10033 13348 16187 13348 16187 16187 16187 16187
5463 5867 14272 14313 11667 12233 10551 4776 15416 8719 4776 2563 16187 16187 16187 16187
3842 3171 2856 11889 4776 12012 16187 10324 1919 1138 4776 11008 10033 5711 16187 8656
1655 12233 14180 3102 8719 9222 3171 10917 10033 13348 16187 13348 16187 16187 16187 16187
4776 926 14776 926 926 16187 16187 16187 16187 16187 16187 16187 16187 16187 16187 16187
3842 3171 1378 16187 779 12233 926 8268 12008 8712 5867 6259 2802 12606 13498 13103
1655 12233 14180 3102 8719 9222 3171 10917 10033 13348 16187 13348 16187 16187 16187 16187
4311 6259 13021 14029 6259 12135 13868 8710 926 16187 16187 16187 16187 16187 16187 16187
3842 3171 1378 16187 779 12233 926 8268 12008 8712 5867 6259 2802 12606 13498 13103
1655 12233 14180 3102 8719 9222 3171 10917 10033 13348 16187 13348 16187 16187 16187 16187
14180 5713 14237 1597 2148 14966 14776 9062 8719 3171 9332 14237 450 10033 16187 16187
3842 3171 1378 16187 779 12233 926 8268 12008 8712 5867 6259 2802 12606 13498 13103
1655 12233 14180 3102 8719 9222 3171 10917 10033 13348 16187 13348 16187 16187 16187 16187
7926 3609 2903 5121 4776 6873 3177 926 5867 16003 16187 16187 16187 16187 16187 16187
3842 3171 1378 16187 779 12233 926 8268 12008 8712 5867 6259 2802 12606 13498 13103
1655 12233 14180 3102 8719 9222 3171 10917 10033 13348 16187 13348 16187 16187 16187 16187
9790 9424 1919 4776 926 6601 7926 2976 2606 8719 4776 2543 16187 16187 16187 16187
3842 3171 1378 16187 779 12233 926 8268 12008 8712 5867 6259 2802 12606 13498 13103
1655 12233 14180 3102 8719 9222 3171 10917 10033 13348 16187 13348 16187 16187 16187 16187
7740 4931 2758 15978 7740 5226 1229 1597 8569 703 11953 3171 2563 16187 16187 16187
3842 3171 2856 11889 4776 12012 16187 8268 8712 5867 5329 13348 16187 926 13348 16187
1655 12233 14180 3102 8719 9222 3171 10917 10033 13348 16187 13348 16187 16187 16187 16187
4776 14506 5629 926 14237 926 8710 6601 4776 7705 16187 16187 16187 16187 16187 16187
3842 3171 1378 16187 779 12233 926 8268 12008 8712 5867 6259 2802 12606 13498 13103
1655 12233 14180 3102 8719 9222 3171 10917 10033 13348 16187 13348 16187 16187 16187 16187
9574 10619 14237 6259 5328 15525 3177 9484 16187 16187 16187 16187 16187 16187 16187 16187
3842 3171 1378 16187 779 12233 926 8268 12008 8712 5867 6259 2802 12606 13498 13103
1655 12233 14180 3102 8719 9222 3171 10917 10033 13348 16187 13348 16187 16187 16187 16187
1378 3177 4776 564 2563 16004 14069 8710 16187 16187 16187 16187 16187 16187 16187 16187
3842 3171 1378 16187 779 12233 926 8268 12008 8712 5867 6259 2802 12606 13498 13103
1655 12233 14180 3102 8719 9222 3171 10917 10033 13348 16187 13348 16187 16187 16187 16187
6070 7742 10471 16187 16187 16187 16187 16187 16187 16187 16187 16187 16187 16187 16187 16187
3842 3171 1378 16187 779 12233 926 8268 12008 8712 5867 6259 2802 12606 13498 13103
1655 12233 14180 3102 8719 9222 3171 10917 10033 13348 16187 13348 16187 16187 16187 16187
6259 7891 10033 16187 16187 16187 16187 16187 16187 16187 16187 16187 16187 16187 16187 16187
3842 3171 1378 16187 779 12233 926 8268 12008 8712 5867 6259 2802 12606 13498 13103
1655 12233 14180 3102 8719 9222 3171 10917 10033 13348 16187 13348 16187 16187 16187 16187
4776 926 2598 16187 16187 16187 16187 16187 16187 16187 16187 16187 16187 16187 16187 16187
3842 3171 1378 16187 779 12233 926 8268 12008 8712 5867 6259 2802 12606 13498 13103
1655 12233 14180 3102 8719 9222 3171 10917 10033 13348 16187 13348 16187 16187 16187 16187
14272 6259 4838 10033 16187 16187 16187 16187 16187 16187 16187 16187 16187 16187 16187 16187
3842 3171 1378 16187 779 12233 926 8268 12008 8712 5867 6259 2802 12606 13498 13103
1655 12233 14180 3102 8719 9222 3171 10917 10033 13348 16187 13348 16187 16187 16187 16187
15658 5682 16187 16187 16187 16187 16187 16187 16187 16187 16187 16187 16187 16187 16187 16187
3842 3171 1378 16187 779 12233 926 8268 12008 8712 5867 6259 2802 12606 13498 13103
1655 12233 14180 3102 8719 9222 3171 10917 10033 13348 16187 13348 16187 16187 16187 16187
14237 6259 10033 3847 9754 11553 12233 2823 15231 12233 2823 3356 16187 16187 16187 16187
3842 3171 1378 16187 779 12233 926 8268 12008 8712 5867 6259 2802 12606 13498 13103
1655 12233 14180 3102 8719 9222 3171 10917 10033 13348 16187 13348 16187 16187 16187 16187
8712 5867 8069 7259 830 4776 10566 10501 16187 16187 16187 16187 16187 16187 16187 16187
3842 3171 2856 11889 4776 12012 16187 10324 1919 1138 4776 11008 10033 5711 16187 8656
1655 12233 14180 3102 8719 9222 3171 10917 10033 13348 16187 13348 16187 16187 16187 16187
10217 8795 14361 15525 1957 9070 13089 10564 3171 10033 16187 16187 16187 16187 16187 16187
3842 3171 1378 16187 779 12233 926 8268 12008 8712 5867 6259 2802 12606 13498 13103
1655 12233 14180 3102 8719 9222 3171 10917 10033 13348 16187 13348 16187 16187 16187 16187
6173 8268 2684 2608 8268 4812 8268 5005 8268 13663 8268 11022 16187 16187 16187 16187
3842 3171 1378 16187 779 12233 926 8268 12008 8712 5867 6259 2802 12606 13498 13103
1655 12233 14180 3102 8719 9222 3171 10917 10033 13348 16187 13348 16187 16187 16187 16187
4325 4690 5937 7658 8268 16187 16187 16187 16187 16187 16187 16187 16187 16187 16187 16187
3842 3171 1378 16187 779 12233 926 8268 12008 8712 5867 6259 2802 12606 13498 13103
1655 12233 14180 3102 8719 9222 3171 10917 10033 13348 16187 13348 16187 16187 16187 16187
4776 2221 1919 2263 3288 503 3177 14157 14237 6039 4931 6070 12495 16187 16187 16187
3842 3171 1378 16187 779 12233 926 8268 12008 8712 5867 6259 2802 12606 13498 13103
1655 12233 14180 3102 8719 9222 3171 10917 10033 13348 16187 13348 16187 16187 16187 16187
1229 9578 9511 14876 6259 1781 8268 13929 926 12233 13149 16187 16187 16187 16187 16187
3842 3171 1378 16187 779 12233 926 8268 12008 8712 5867 6259 2802 12606 13498 13103
1655 12233 14180 3102 8719 9222 3171 10917 10033 13348 16187 13348 16187 16187 16187 16187
4776 12835 9498 8794 14237 12606 1955 836 16187 16187 16187 16187 16187 16187 16187 16187
3842 3171 1378 16187 779 12233 926 8268 12008 8712 5867 6259 2802 12606 13498 13103
1655 12233 14180 3102 8719 9222 3171 10917 10033 13348 16187 13348 16187 16187 16187 16187
4776 11643 950 7147 4776 5910 926 3177 4776 14599 14237 7076 8712 926 16187 16187
3842 3171 1378 16187 779 12233 926 8268 12008 8712 5867 6259 2802 12606 13498 13103
1655 12233 14180 3102 8719 9222 3171 10917 10033 13348 16187 13348 16187 16187 16187 16187
12029 8710 2446 14362 1955 16187 16187 16187 16187 16187 16187 16187 16187 16187 16187 16187
3842 3171 2856 11889 4776 12012 16187 10324 1919 1138 4776 11008 10033 5711 16187 8084
1655 12233 14180 3102 8719 9222 3171 10917 10033 13348 16187 13348 16187 16187 16187 16187
6259 12328 10033 5288 16187 16187 16187 16187 16187 16187 16187 16187 16187 16187 16187 16187
3842 3171 1378 16187 779 12233 926 8268 12008 8712 5867 6259 2802 12606 13498 13103
1655 12233 14180 3102 8719 9222 3171 10917 10033 13348 16187 13348 16187 16187 16187 16187
12008 4969 10671 3543 5329 2823 9872 8726 4325 9429 4969 4931 12495 13129 16187 16187
3842 3171 1378 16187 779 12233 926 8268 12008 8712 5867 6259 2802 12606 13498 13103
1655 12233 14180 3102 8719 9222 3171 10917 10033 13348 16187 13348 16187 16187 16187 16187
2466 8268 8712 5867 8290 15624 16187 16187 16187 16187 16187 16187 16187 16187 16187 16187
3842 3171 1378 16187 779 12233 926 8268 12008 8712 5867 6259 2802 12606 13498 13103
1655 12233 14180 3102 8719 9222 3171 10917 10033 13348 16187 13348 16187 16187 16187 16187
7926 779 4776 4267 5649 15525 3177 13592 2563 8808 7740 11553 8466 16187 16187 16187
3842 3171 1378 16187 779 12233 926 8268 12008 8712 5867 6259 2802 12606 13498 13103
1655 12233 14180 3102 8719 9222 3171 10917 10033 13348 16187 13348 16187 16187 16187 16187
7740 8197 8712 13341 1390 15525 3177 3803 3418 16187 16187 16187 16187 16187 16187 16187
3842 3171 1378 16187 779 12233 926 8268 12008 8712 5867 6259 2802 12606 13498 13103
1655 12233 14180 3102 8719 9222 3171 10917 10033 13348 16187 13348 16187 16187 16187 16187
5713 6178 14776 9817 16039 12349 12233 4776 2563 13055 16187 16187 16187 16187 16187 16187
3842 3171 1378 16187 779 12233 926 8268 12008 8712 5867 6259 2802 12606 13498 13103
1655 12233 14180 3102 8719 9222 3171 10917 10033 13348 16187 13348 16187 16187 16187 16187
15662 12232 1866 8084 3038 2598 16187 16187 16187 16187 16187 16187 16187 16187 16187 16187
3842 3171 1378 16187 779 12233 926 8268 12008 8712 5867 6259 2802 12606 13498 13103
1655 12233 14180 3102 8719 9222 3171 10917 10033 13348 16187 13348 16187 16187 16187 16187
6011 9884 12766 11409 12008 4552 9754 2599 9070 8554 6011 16187 16187 16187 16187 16187
3842 3171 1378 16187 779 12233 926 8268 12008 8712 5867 6259 2802 12606 13498 13103
1655 12233 14180 3102 8719 9222 3171 10917 10033 13348 16187 13348 16187 16187 16187 16187
12008 8726 6011 188 6259 795 10358 12805 8268 4311 7001 2552 3171 16187 16187 16187
3842 3171 1378 16187 779 12233 926 8268 12008 8712 5867 6259 2802 12606 13498 13103
1655 12233 14180 3102 8719 9222 3171 10917 10033 13348 16187 13348 16187 16187 16187 16187
7090 926 8268 9084 6259 10894 9780 3171 983 16187 16187 16187 16187 16187 16187 16187
3842 3171 1378 16187 779 12233 926 8268 12008 8712 5867 6259 2802 12606 13498 13103
1655 12233 14180 3102 8719 9222 3171 10917 10033 13348 16187 13348 16187 16187 16187 16187
817 14237 6152 1919 6259 2326 7742 10471 8434 423 16187 16187 16187 16187 16187 16187
3842 3171 1378 16187 779 12233 926 8268 12008 8712 5867 6259 2802 12606 13498 13103
1655 12233 14180 3102 8719 9222 3171 10917 10033 13348 16187 13348 16187 16187 16187 16187
6011 12431 3513 14237 6011 11031 6705 12233 926 16187 16187 16187 16187 16187 16187 16187
3842 3171 2856 11889 4776 12012 16187 10324 1919 1138 4776 11008 10033 5711 16187 8084
1655 12233 14180 3102 8719 9222 3171 10917 10033 13348 16187 13348 16187 16187 16187 16187
1138 14834 5496 8457 5711 16187 16187 16187 16187 16187 16187 16187 16187 16187 16187 16187
3842 3171 1378 16187 779 12233 926 8268 12008 8712 5867 6259 2802 12606 13498 13103
1655 12233 14180 3102 8719 9222 3171 10917 10033 13348 16187 13348 16187 16187 16187 16187
6259 10355 950 4431 8719 6259 926 954 16187 16187 16187 16187 16187 16187 16187 16187
3842 3171 1378 16187 779 12233 926 8268 12008 8712 5867 6259 2802 12606 13498 13103
1655 12233 14180 3102 8719 9222 3171 10917 10033 13348 16187 13348 16187 16187 16187 16187
3098 333 16187 16187 16187 16187 16187 16187 16187 16187 16187 16187 16187 16187 16187 16187
3842 3171 1378 16187 779 12233 926 8268 12008 8712 5867 6259 2802 12606 13498 13103
1655 12233 14180 3102 8719 9222 3171 10917 10033 13348 16187 13348 16187 16187 16187 16187
7740 4931 9754 9872 16187 16187 16187 16187 16187 16187 16187 16187 16187 16187 16187 16187
3842 3171 2856 11889 4776 12012 16187 8268 8712 5867 5329 13348 16187 926 13348 16187
1655 12233 14180 3102 8719 9222 3171 10917 10033 13348 16187 13348 16187 16187 16187 16187
4776 13607 8710 6297 6070 15174 16187 16187 16187 16187 16187 16187 16187 16187 16187 16187
3842 3171 1378 16187 779 12233 926 8268 12008 8712 5867 6259 2802 12606 13498 13103
1655 12233 14180 3102 8719 9222 3171 10917 10033 13348 16187 13348 16187 16187 16187 16187
8712 5867 6259 10602 14599 14237 4530 3847 7742 2837 8712 16187 16187 16187 16187 16187
3842 3171 1378 16187 779 12233 926 8268 12008 8712 5867 6259 2802 12606 13498 13103
1655 12233 14180 3102 8719 9222 3171 10917 10033 13348 16187 13348 16187 16187 16187 16187
926 926 1019 926 926 9665 6173 8710 926 926 926 1019 15550 926 6173 16187
3842 3171 1378 16187 779 12233 926 8268 12008 8712 5867 6259 2802 12606 13498 13103
1655 12233 14180 3102 8719 9222 3171 10917 10033 13348 16187 13348 16187 16187 16187 16187
14180 8719 14180 8268 8712 4931 1954 12256 6071 14251 16187 16187 16187 16187 16187 16187
3842 3171 2856 11889 4776 12012 16187 10324 1919 1138 4776 11008 10033 5711 16187 8084
1655 12233 14180 3102 8719 9222 3171 10917 10033 13348 16187 13348 16187 16187 16187 16187
4240 4776 870 7513 4675 926 3885 1919 4776 1712 926 13230 926 16187 16187 16187
3842 3171 1378 16187 779 12233 926 8268 12008 8712 5867 6259 2802 12606 13498 13103
1655 12233 14180 3102 8719 9222 3171 10917 10033 13348 16187 13348 16187 16187 16187 16187
8798 12401 476 4931 10660 14237 5208 14038 14029 8712 5867 16058 16187 16187 16187 16187
3842 3171 1378 16187 779 12233 926 8268 12008 8712 5867 6259 2802 12606 13498 13103
1655 12233 14180 3102 8719 9222 3171 10917 10033 13348 16187 13348 16187 16187 16187 16187
8710 926 1390 1079 3335 2598 16187 16187 16187 16187 16187 16187 16187 16187 16187 16187
3842 3171 1378 16187 779 12233 926 8268 12008 8712 5867 6259 2802 12606 13498 13103
1655 12233 14180 3102 8719 9222 3171 10917 10033 13348 16187 13348 16187 16187 16187 16187
3660 11842 8268 3660 10960 8268 3660 7310 284 14237 2122 15814 16187 16187 16187 16187
3842 3171 1378 16187 779 12233 926 8268 12008 8712 5867 6259 2802 12606 13498 13103
1655 12233 14180 3102 8719 9222 3171 10917 10033 13348 16187 13348 16187 16187 16187 16187
8712 4931 1138 7909 1153 5711 16187 16187 16187 16187 16187 16187 16187 16187 16187 16187
3842 3171 1378 16187 779 12233 926 8268 12008 8712 5867 6259 2802 12606 13498 13103
1655 12233 14180 3102 8719 9222 3171 10917 10033 13348 16187 13348 16187 16187 16187 16187
7740 926 8268 15662 1160 12233 2823 13121 2598 16187 16187 16187 16187 16187 16187 16187
3842 3171 1378 16187 779 12233 926 8268 12008 8712 5867 6259 2802 12606 13498 13103
1655 12233 14180 3102 8719 9222 3171 10917 10033 13348 16187 13348 16187 16187 16187 16187
5568 4311 15846 1378 12149 1019 14237 10751 6173 4776 14596 5867 926 16187 16187 16187
3842 3171 1378 16187 779 12233 926 8268 12008 8712 5867 6259 2802 12606 13498 13103
1655 12233 14180 3102 8719 9222 3171 10917 10033 13348 16187 13348 16187 16187 16187 16187
14029 4776 2601 8268 7568 6259 3108 14237 9605 6705 12233 2823 9106 13348 16187 16187
3842 3171 1378 16187 779 12233 926 8268 12008 8712 5867 6259 2802 12606 13498 13103
1655 12233 14180 3102 8719 9222 3171 10917 10033 13348 16187 13348 16187 16187 16187 16187
13084 16187 16187 16187 16187 16187 16187 16187 16187 16187 16187 16187 16187 16187 16187 16187
3842 3171 1378 16187 779 12233 926 8268 12008 8712 5867 6259 2802 12606 13498 13103
1655 12233 14180 3102 8719 9222 3171 10917 10033 13348 16187 13348 16187 16187 16187 16187
2552 3171 8726 6011 11553 9754 12008 926 6500 3177 4776 13363 9459 10033 16187 16187
3842 3171 1378 16187 779 12233 926 8268 12008 8712 5867 6259 2802 12606 13498 13103
1655 12233 14180 3102 8719 9222 3171 10917 10033 13348 16187 13348 16187 16187 16187 16187
10761 16187 16187 16187 16187 16187 16187 16187 16187 16187 16187 16187 16187 16187 16187 16187
3842 3171 1378 16187 779 12233 926 8268 12008 8712 5867 6259 2802 12606 13498 13103
1655 12233 14180 3102 8719 9222 3171 10917 10033 13348 16187 13348 16187 16187 16187 16187
926 8268 6594 16187 16187 16187 16187 16187 16187 16187 16187 16187 16187 16187 16187 16187
3842 3171 1378 16187 779 12233 926 8268 12008 8712 5867 6259 2802 12606 13498 13103
1655 12233 14180 3102 8719 9222 3171 10917 10033 13348 16187 13348 16187 16187 16187 16187
4776 855 5007 11553 10036 375 12832 10554 2858 15597 4286 5103 16187 16187 16187 16187
3842 3171 1378 16187 779 12233 926 8268 12008 8712 5867 6259 2802 12606 13498 13103
1655 12233 14180 3102 8719 9222 3171 10917 10033 13348 16187 13348 16187 16187 16187 16187
10449 5867 4189 8710 2326 3098 14237 8710 2945 4032 15715 16187 16187 16187 16187 16187
3842 3171 1378 16187 779 12233 926 8268 12008 8712 5867 6259 2802 12606 13498 13103
1655 12233 14180 3102 8719 9222 3171 10917 10033 13348 16187 13348 16187 16187 16187 16187
4776 13839 14776 10355 14237 926 926 3112 830 6259 10762 8887 16187 16187 16187 16187
3842 3171 1378 16187 779 12233 926 8268 12008 8712 5867 6259 2802 12606 13498 13103
1655 12233 14180 3102 8719 9222 3171 10917 10033 13348 16187 13348 16187 16187 16187 16187
8712 5867 5329 6231 15624 14043 6918 8268 4537 12105 12345 16187 16187 16187 16187 16187
3842 3171 1378 16187 779 12233 926 8268 12008 8712 5867 6259 2802 12606 13498 13103
1655 12233 14180 3102 8719 9222 3171 10917 10033 13348 16187 13348 16187 16187 16187 16187
2053 9799 5867 926 3994 8710 6259 10033 3177 6150 16038 6484 16187 16187 16187 16187
3842 3171 1378 16187 779 12233 926 8268 12008 8712 5867 6259 2802 12606 13498 13103
1655 12233 14180 3102 8719 9222 3171 10917 10033 13348 16187 13348 16187 16187 16187 16187
4776 8811 8710 14180 3169 16187 16187 16187 16187 16187 16187 16187 16187 16187 16187 16187
3842 3171 1378 16187 779 12233 926 8268 12008 8712 5867 6259 2802 12606 13498 13103
1655 12233 14180 3102 8719 9222 3171 10917 10033 13348 16187 13348 16187 16187 16187 16187
5359 16187 16187 16187 16187 16187 16187 16187 16187 16187 16187 16187 16187 16187 16187 16187
3842 3171 1378 16187 779 12233 926 8268 12008 8712 5867 6259 2802 12606 13498 13103
1655 12233 14180 3102 8719 9222 3171 10917 10033 13348 16187 13348 16187 16187 16187 16187
3171 2563 8710 14397 7708 14180 9094 16187 16187 16187 16187 16187 16187 16187 16187 16187
3842 3171 1378 16187 779 12233 926 8268 12008 8712 5867 6259 2802 12606 13498 13103
1655 12233 14180 3102 8719 9222 3171 10917 10033 13348 16187 13348 16187 16187 16187 16187
8712 5867 2837 9091 16187 16187 16187 16187 16187 16187 16187 16187 16187 16187 16187 16187
3842 3171 1378 16187 779 12233 926 8268 12008 8712 5867 6259 2802 12606 13498 13103
1655 12233 14180 3102 8719 9222 3171 10917 10033 13348 16187 13348 16187 16187 16187 16187
12008 15662 3543 4325 12757 926 926 2598 16187 16187 16187 16187 16187 16187 16187 16187
3842 3171 1378 16187 779 12233 926 8268 12008 8712 5867 6259 2802 12606 13498 13103
1655 12233 14180 3102 8719 9222 3171 10917 10033 13348 16187 13348 16187 16187 16187 16187
5329 5463 13510 8710 9754 1750 2444 10478 16187 16187 16187 16187 16187 16187 16187 16187
3842 3171 1378 16187 779 12233 926 8268 12008 8712 5867 6259 2802 12606 13498 13103
1655 12233 14180 3102 8719 9222 3171 10917 10033 13348 16187 13348 16187 16187 16187 16187
13474 2326 13936 2941 5867 1306 16187 16187 16187 16187 16187 16187 16187 16187 16187 16187
3842 3171 1378 16187 779 12233 926 8268 12008 8712 5867 6259 2802 12606 13498 13103
1655 12233 14180 3102 8719 9222 3171 10917 10033 13348 16187 13348 16187 16187 16187 16187
3171 5095 926 8719 4776 10918 9635 3177 4776 926 16187 16187 16187 16187 16187 16187
3842 3171 1378 16187 779 12233 926 8268 12008 8712 5867 6259 2802 12606 13498 13103
1655 12233 14180 3102 8719 9222 3171 10917 10033 13348 16187 13348 16187 16187 16187 16187
8796 8712 8089 16187 16187 16187 16187 16187 16187 16187 16187 16187 16187 16187 16187 16187
3842 3171 2856 11889 4776 12012 16187 8268 8712 5867 5329 13348 16187 926 13348 16187
1655 12233 14180 3102 8719 9222 3171 10917 10033 13348 16187 13348 16187 16187 16187 16187
