4776 13112 6161 10978 8710 10781 13362 16187 16187 16187 16187 16187 16187 16187 16187 16187
3489 4750 12835 3543 9605 12233 11553 4776 926 926 16187 16187 16187 16187 16187 16187
1655 12233 6381 11239 15525 16187 16187 16187 13348 16187 13348 16187 16187 16187 15302 6259
4776 2563 8710 8268 11889 4776 5562 13197 8268 10716 11713 15679 16187 16187 16187 16187
3489 4750 12835 3543 9605 12233 11553 4776 926 926 16187 16187 16187 16187 16187 16187
1655 12233 6381 11239 15525 16187 16187 16187 13348 16187 13348 16187 16187 16187 10036 16187
1138 7388 5802 13348 5711 16187 16187 16187 16187 16187 16187 16187 16187 16187 16187 16187
3489 4750 12835 3543 9605 12233 11553 4776 926 926 16187 16187 16187 16187 16187 16187
1655 12233 6381 11239 15525 16187 16187 16187 13348 16187 13348 16187 16187 16187 15302 6259
5297 8268 1842 926 4220 12583 3177 8759 830 1138 4312 5711 91 16187 16187 16187
3489 4750 12835 3543 9605 12233 11553 4776 926 926 16187 16187 16187 16187 16187 16187
1655 12233 6381 11239 15525 16187 16187 16187 13348 16187 13348 16187 16187 16187 10036 16187
4776 8657 599 3177 6718 926 8710 14029 4776 9165 3177 926 16187 16187 16187 16187
3489 4750 12835 3543 9605 12233 11553 4776 926 926 16187 16187 16187 16187 16187 16187
1655 12233 6381 11239 15525 16187 16187 16187 13348 16187 13348 16187 16187 16187 15302 6259
4537 5272 12233 8733 6259 926 4240 15715 8712 16187 16187 16187 16187 16187 16187 16187
3489 4750 12835 3543 9605 12233 11553 4776 926 926 16187 16187 16187 16187 16187 16187
1655 12233 6381 11239 15525 16187 16187 16187 13348 16187 13348 16187 16187 16187 10036 16187
926 11169 8712 14919 3418 15525 3177 9484 8710 3257 16187 16187 16187 16187 16187 16187
3489 4750 12835 3543 9605 12233 11553 4776 926 926 16187 16187 16187 16187 16187 16187
1655 12233 6381 11239 15525 16187 16187 16187 13348 16187 13348 16187 16187 16187 10036 16187
14272 14776 6011 6391 2598 16187 16187 16187 16187 16187 16187 16187 16187 16187 16187 16187
3489 4750 12835 3543 9605 12233 11553 4776 926 926 16187 16187 16187 16187 16187 16187
1655 12233 6381 11239 15525 16187 16187 16187 13348 16187 13348 16187 16187 16187 10036 16187
3171 2563 779 6259 5948 3177 2122 14237 6259 5948 3177 4856 16187 16187 16187 16187
3489 4750 12835 3543 9605 12233 11553 4776 926 926 16187 16187 16187 16187 16187 16187
1655 12233 6381 11239 15525 16187 16187 16187 13348 16187 13348 16187 16187 16187 15302 6259
13854 6173 14950 15658 779 8466 9431 5627 926 8268 926 4776 9431 1390 16187 16187
3489 4750 12835 3543 9605 12233 11553 4776 926 926 16187 16187 16187 16187 16187 16187
1655 12233 6381 11239 15525 16187 16187 16187 13348 16187 13348 16187 16187 16187 15302 6259
4667 1605 4931 8268 15202 10036 8268 3098 13348 16187 16187 16187 16187 16187 16187 16187
3489 4750 12835 3543 9605 12233 11553 4776 926 926 16187 16187 16187 16187 16187 16187
1655 12233 6381 11239 15525 16187 16187 16187 13348 16187 13348 16187 16187 16187 10036 16187
7740 4931 6259 9450 9238 14029 5463 8438 16187 16187 16187 16187 16187 16187 16187 16187
3489 4750 12835 3543 9605 12233 11553 4776 926 926 16187 16187 16187 16187 16187 16187
1655 12233 6381 11239 15525 16187 16187 16187 13348 16187 13348 16187 16187 16187 10036 16187
12008 9706 8712 5867 15871 8268 8270 9277 5329 2823 786 16187 16187 16187 16187 16187
3489 4750 12835 3543 9605 12233 11553 4776 926 926 16187 16187 16187 16187 16187 16187
1655 12233 6381 11239 15525 16187 16187 16187 13348 16187 13348 16187 16187 16187 10036 16187
5329 6259 3098 10033 2837 13592 7156 8268 12008 6259 2326 8664 1378 16187 16187 16187
3489 4750 12835 3543 9605 12233 11553 4776 926 926 16187 16187 16187 16187 16187 16187
1655 12233 6381 11239 15525 16187 16187 16187 13348 16187 13348 16187 16187 16187 15302 6259
14237 4552 4624 9053 14029 4312 2598 16187 16187 16187 16187 16187 16187 16187 16187 16187
3489 4750 12835 3543 9605 12233 11553 4776 926 926 16187 16187 16187 16187 16187 16187
1655 12233 6381 11239 15525 16187 16187 16187 13348 16187 13348 16187 16187 16187 10036 16187
10566 3177 4776 10418 4931 6093 8569 16187 16187 16187 16187 16187 16187 16187 16187 16187
3489 4750 12835 3543 9605 12233 11553 4776 926 926 16187 16187 16187 16187 16187 16187
1655 12233 6381 11239 15525 16187 16187 16187 13348 16187 13348 16187 16187 16187 10036 16187
1543 5867 4776 10567 2598 16187 16187 16187 16187 16187 16187 16187 16187 16187 16187 16187
3489 4750 12835 3543 9605 12233 11553 4776 926 926 16187 16187 16187 16187 16187 16187
1655 12233 6381 11239 15525 16187 16187 16187 13348 16187 13348 16187 16187 16187 15302 6259
5238 8268 4776 13839 830 6392 1327 926 1390 8710 6535 1207 14029 16187 16187 16187
3489 4750 12835 3543 9605 12233 11553 4776 926 926 16187 16187 16187 16187 16187 16187
1655 12233 6381 11239 15525 16187 16187 16187 13348 16187 13348 16187 16187 16187 15302 6259
4776 13829 4931 4537 6259 8823 3177 4776 2563 16187 16187 16187 16187 16187 16187 16187
3489 4750 12835 3543 9605 12233 11553 4776 926 926 16187 16187 16187 16187 16187 16187
1655 12233 6381 11239 15525 16187 16187 16187 13348 16187 13348 16187 16187 16187 15302 6259
8719 5463 14087 8268 7740 4931 9872 16187 16187 16187 16187 16187 16187 16187 16187 16187
3489 4750 12835 3543 9605 12233 11553 4776 926 926 16187 16187 16187 16187 16187 16187
1655 12233 6381 11239 15525 16187 16187 16187 13348 16187 13348 16187 16187 16187 10036 16187
6173 16187 16187 16187 16187 16187 16187 16187 16187 16187 16187 16187 16187 16187 16187 16187
3489 4750 12835 3543 9605 12233 11553 4776 926 926 16187 16187 16187 16187 16187 16187
1655 12233 6381 11239 15525 16187 16187 16187 13348 16187 13348 16187 16187 16187 15302 6259
8712 5867 5329 16122 16187 16187 16187 16187 16187 16187 16187 16187 16187 16187 16187 16187
3489 4750 12835 3543 9605 12233 11553 4776 926 926 16187 16187 16187 16187 16187 16187
1655 12233 6381 11239 15525 16187 16187 16187 13348 16187 13348 16187 16187 16187 15302 6259
8710 5463 10915 7805 2598 16187 16187 16187 16187 16187 16187 16187 16187 16187 16187 16187
3489 4750 12835 3543 9605 12233 11553 4776 926 926 16187 16187 16187 16187 16187 16187
1655 12233 6381 11239 15525 16187 16187 16187 13348 16187 13348 16187 16187 16187 10036 16187
4177 830 11655 8710 4776 564 14649 14237 15389 5463 5208 7347 6011 1515 16187 16187
3489 4750 12835 3543 9605 12233 11553 4776 926 926 16187 16187 16187 16187 16187 16187
1655 12233 6381 11239 15525 16187 16187 16187 13348 16187 13348 16187 16187 16187 15302 6259
10505 8710 6259 2563 5463 8506 15525 8794 14890 16187 16187 16187 16187 16187 16187 16187
3489 4750 12835 3543 9605 12233 11553 4776 926 926 16187 16187 16187 16187 16187 16187
1655 12233 6381 11239 15525 16187 16187 16187 13348 16187 13348 16187 16187 16187 15302 6259
2251 9070 3177 4565 6407 926 8719 1138 51 5711 16187 16187 16187 16187 16187 16187
3489 4750 12835 3543 9605 12233 11553 4776 926 926 16187 16187 16187 16187 16187 16187
1655 12233 6381 11239 15525 16187 16187 16187 13348 16187 13348 16187 16187 16187 15302 6259
5568 1565 12232 10503 4776 3575 8719 3171 2563 16187 16187 16187 16187 16187 16187 16187
3489 4750 12835 3543 9605 12233 11553 4776 926 926 16187 16187 16187 16187 16187 16187
1655 12233 6381 11239 15525 16187 16187 16187 13348 16187 13348 16187 16187 16187 10036 16187
8726 5329 8268 4311 4776 9424 3543 8093 11553 12766 13579 16187 16187 16187 16187 16187
3489 4750 12835 3543 9605 12233 11553 4776 926 926 16187 16187 16187 16187 16187 16187
1655 12233 6381 11239 15525 16187 16187 16187 13348 16187 13348 16187 16187 16187 15302 6259
10967 5463 3384 5656 6259 10501 7740 12773 5568 10967 9655 9216 926 16187 16187 16187
3489 4750 12835 3543 9605 12233 11553 4776 926 926 16187 16187 16187 16187 16187 16187
1655 12233 6381 11239 15525 16187 16187 16187 13348 16187 13348 16187 16187 16187 10036 16187
3938 926 10967 14180 12349 16187 16187 16187 16187 16187 16187 16187 16187 16187 16187 16187
3489 4750 12835 3543 9605 12233 11553 4776 926 926 16187 16187 16187 16187 16187 16187
1655 12233 6381 11239 15525 16187 16187 16187 13348 16187 13348 16187 16187 16187 10036 16187
2219 6359 14776 3098 5022 1919 6259 8344 10335 13908 10967 13803 926 1955 5577 16187
3489 4750 12835 3543 9605 12233 11553 4776 926 926 16187 16187 16187 16187 16187 16187
1655 12233 6381 11239 15525 16187 16187 16187 13348 16187 13348 16187 16187 16187 15302 6259
1019 13474 5867 4776 7348 12233 926 14822 8719 1138 1110 779 1597 12743 5711 16187
3489 4750 12835 3543 9605 12233 11553 4776 926 926 16187 16187 16187 16187 16187 16187
1655 12233 6381 11239 15525 16187 16187 16187 13348 16187 13348 16187 16187 16187 10036 16187
12008 3171 8710 6259 4064 926 5867 10033 16187 16187 16187 16187 16187 16187 16187 16187
3489 4750 12835 3543 9605 12233 11553 4776 926 926 16187 16187 16187 16187 16187 16187
1655 12233 6381 11239 15525 16187 16187 16187 13348 16187 13348 16187 16187 16187 15302 6259
9461 3177 8339 1378 3644 9754 789 15002 4776 14237 14075 13449 3177 3171 2563 16187
3489 4750 12835 3543 9605 12233 11553 4776 926 926 16187 16187 16187 16187 16187 16187
1655 12233 6381 11239 15525 16187 16187 16187 13348 16187 13348 16187 16187 16187 10036 16187
4240 3171 308 4931 926 8268 1378 3364 2823 6912 4338 1955 1954 10667 8719 16187
3489 4750 12835 3543 9605 12233 11553 4776 926 926 16187 16187 16187 16187 16187 16187
1655 12233 6381 11239 15525 16187 16187 16187 13348 16187 13348 16187 16187 16187 10036 16187
4776 10033 8383 6313 4440 8268 1502 10960 14237 11907 9039 16187 16187 16187 16187 16187
3489 4750 12835 3543 9605 12233 11553 4776 926 926 16187 16187 16187 16187 16187 16187
1655 12233 6381 11239 15525 16187 16187 16187 13348 16187 13348 16187 16187 16187 10036 16187
4776 2563 8368 1919 6259 14426 2387 3177 12401 1383 14237 12401 3163 16187 16187 16187
3489 4750 12835 3543 9605 12233 11553 4776 926 926 16187 16187 16187 16187 16187 16187
1655 12233 6381 11239 15525 16187 16187 16187 13348 16187 13348 16187 16187 16187 10036 16187
4776 132 6955 779 5329 10471 2263 15781 7742 9890 16187 16187 16187 16187 16187 16187
3489 4750 12835 3543 9605 12233 11553 4776 926 926 16187 16187 16187 16187 16187 16187
1655 12233 6381 11239 15525 16187 16187 16187 13348 16187 13348 16187 16187 16187 10036 16187
8712 4931 1955 12576 8656 926 9498 11711 14029 1954 1127 11648 16187 16187 16187 16187
3489 4750 12835 3543 9605 12233 11553 4776 926 926 16187 16187 16187 16187 16187 16187
1655 12233 6381 11239 15525 16187 16187 16187 13348 16187 13348 16187 16187 16187 10036 16187
7740 2326 9429 5463 3171 4931 4776 564 2563 3177 926 16187 16187 16187 16187 16187
3489 4750 12835 3543 9605 12233 11553 4776 926 926 16187 16187 16187 16187 16187 16187
1655 12233 6381 11239 15525 16187 16187 16187 13348 16187 13348 16187 16187 16187 15302 6259
14776 6011 4223 2598 16187 16187 16187 16187 16187 16187 16187 16187 16187 16187 16187 16187
3489 4750 12835 3543 9605 12233 11553 4776 926 926 16187 16187 16187 16187 16187 16187
1655 12233 6381 11239 15525 16187 16187 16187 13348 16187 13348 16187 16187 16187 15302 6259
3171 2563 684 830 4891 8719 926 1778 4776 599 8268 14237 830 10355 6378 16187
3489 4750 12835 3543 9605 12233 11553 4776 926 926 16187 16187 16187 16187 16187 16187
1655 12233 6381 11239 15525 16187 16187 16187 13348 16187 13348 16187 16187 16187 10036 16187
7742 1957 14589 7740 771 7953 14029 203 12233 8733 1954 12256 9767 16187 16187 16187
3489 4750 12835 3543 9605 12233 11553 4776 926 926 16187 16187 16187 16187 16187 16187
1655 12233 6381 11239 15525 16187 16187 16187 13348 16187 13348 16187 16187 16187 10036 16187
4776 5031 14776 2446 8124 16187 16187 16187 16187 16187 16187 16187 16187 16187 16187 16187
3489 4750 12835 3543 9605 12233 11553 4776 926 926 16187 16187 16187 16187 16187 16187
1655 12233 6381 11239 15525 16187 16187 16187 13348 16187 13348 16187 16187 16187 10036 16187
12008 14272 6259 10116 3177 13994 16187 16187 16187 16187 16187 16187 16187 16187 16187 16187
3489 4750 12835 3543 9605 12233 11553 4776 926 926 16187 16187 16187 16187 16187 16187
1655 12233 6381 11239 15525 16187 16187 16187 13348 16187 13348 16187 16187 16187 10036 16187
1229 5359 8268 4552 9754 2599 4776 9450 15720 12650 8712 16187 16187 16187 16187 16187
3489 4750 12835 3543 9605 12233 11553 4776 926 926 16187 16187 16187 16187 16187 16187
1655 12233 6381 11239 15525 16187 16187 16187 13348 16187 13348 16187 16187 16187 10036 16187
12778 14776 7805 7926 926 16187 16187 16187 16187 16187 16187 16187 16187 16187 16187 16187
3489 4750 12835 3543 9605 12233 11553 4776 926 926 16187 16187 16187 16187 16187 16187
1655 12233 6381 11239 15525 16187 16187 16187 13348 16187 13348 16187 16187 16187 10036 16187
926 5867 9957 9498 3098 16187 16187 16187 16187 16187 16187 16187 16187 16187 16187 16187
3489 4750 12835 3543 9605 12233 11553 4776 926 926 16187 16187 16187 16187 16187 16187
1655 12233 6381 11239 15525 16187 16187 16187 13348 16187 13348 16187 16187 16187 15302 6259
12233 9577 4776 12314 3445 12233 14803 14112 4624 9605 3102 8719 15597 1110 7987 16187
3489 4750 12835 3543 9605 12233 11553 4776 926 926 16187 16187 16187 16187 16187 16187
1655 12233 6381 11239 15525 16187 16187 16187 13348 16187 13348 16187 16187 16187 10036 16187
15316 10330 8185 14776 4412 14237 8993 4552 9754 11553 4776 564 12601 16187 16187 16187
3489 4750 12835 3543 9605 12233 11553 4776 926 926 16187 16187 16187 16187 16187 16187
1655 12233 6381 11239 15525 16187 16187 16187 13348 16187 13348 16187 16187 16187 10036 16187
7740 1442 8712 12669 8719 4776 926 16187 16187 16187 16187 16187 16187 16187 16187 16187
3489 4750 12835 3543 9605 12233 11553 4776 926 926 16187 16187 16187 16187 16187 16187
1655 12233 6381 11239 15525 16187 16187 16187 13348 16187 13348 16187 16187 16187 15302 6259
6594 16187 16187 16187 16187 16187 16187 16187 16187 16187 16187 16187 16187 16187 16187 16187
3489 4750 12835 3543 9605 12233 11553 4776 926 926 16187 16187 16187 16187 16187 16187
1655 12233 6381 11239 15525 16187 16187 16187 13348 16187 13348 16187 16187 16187 10036 16187
3171 8710 12154 1919 1885 763 1825 3177 5869 5463 414 1885 15721 1919 926 16187
3489 4750 12835 3543 9605 12233 11553 4776 926 926 16187 16187 16187 16187 16187 16187
1655 12233 6381 11239 15525 16187 16187 16187 13348 16187 13348 16187 16187 16187 10036 16187
5329 4537 14231 12008 12206 14231 16187 16187 16187 16187 16187 16187 16187 16187 16187 16187
3489 4750 12835 3543 9605 12233 11553 4776 926 926 16187 16187 16187 16187 16187 16187
1655 12233 6381 11239 15525 16187 16187 16187 13348 16187 13348 16187 16187 16187 15302 6259
3171 1378 6546 2148 11325 12008 531 2148 9643 16187 16187 16187 16187 16187 16187 16187
3489 4750 12835 3543 9605 12233 11553 4776 926 926 16187 16187 16187 16187 16187 16187
1655 12233 6381 11239 15525 16187 16187 16187 13348 16187 13348 16187 16187 16187 10036 16187
9642 926 14237 14058 926 2451 4776 10217 7981 8268 7777 14237 926 16187 16187 16187
3489 4750 12835 3543 9605 12233 11553 4776 926 926 16187 16187 16187 16187 16187 16187
1655 12233 6381 11239 15525 16187 16187 16187 13348 16187 13348 16187 16187 16187 15302 6259
13474 8710 6488 2837 926 14237 13474 14827 5463 7926 8710 16148 16187 16187 16187 16187
3489 4750 12835 3543 9605 12233 11553 4776 926 926 16187 16187 16187 16187 16187 16187
1655 12233 6381 11239 15525 16187 16187 16187 13348 16187 13348 16187 16187 16187 10036 16187
6070 10355 13348 16187 16187 16187 16187 16187 16187 16187 16187 16187 16187 16187 16187 16187
3489 4750 12835 3543 9605 12233 11553 4776 926 926 16187 16187 16187 16187 16187 16187
1655 12233 6381 11239 15525 16187 16187 16187 13348 16187 13348 16187 16187 16187 10036 16187
7748 14470 2823 4750 12008 7926 8710 6259 926 16187 16187 16187 16187 16187 16187 16187
3489 4750 12835 3543 9605 12233 11553 4776 926 926 16187 16187 16187 16187 16187 16187
1655 12233 6381 11239 15525 16187 16187 16187 13348 16187 13348 16187 16187 16187 15302 6259
11953 5463 1138 7949 5711 8521 16187 16187 16187 16187 16187 16187 16187 16187 16187 16187
3489 4750 12835 3543 9605 12233 11553 4776 926 926 16187 16187 16187 16187 16187 16187
1655 12233 6381 11239 15525 16187 16187 16187 13348 16187 13348 16187 16187 16187 15302 6259
1885 926 926 1019 15199 6173 6253 12233 926 14745 14237 6259 14637 10271 15669 16187
3489 4750 12835 3543 9605 12233 11553 4776 926 926 16187 16187 16187 16187 16187 16187
1655 12233 6381 11239 15525 16187 16187 16187 13348 16187 13348 16187 16187 16187 10036 16187
2263 5329 1378 3177 4776 926 8268 14237 14221 10967 4776 4267 16187 16187 16187 16187
3489 4750 12835 3543 9605 12233 11553 4776 926 926 16187 16187 16187 16187 16187 16187
1655 12233 6381 11239 15525 16187 16187 16187 13348 16187 13348 16187 16187 16187 10036 16187
12233 9070 8268 5463 5867 6259 2199 10501 3177 4776 10567 3177 3171 10033 16187 16187
3489 4750 12835 3543 9605 12233 11553 4776 926 926 16187 16187 16187 16187 16187 16187
1655 12233 6381 11239 15525 16187 16187 16187 13348 16187 13348 16187 16187 16187 10036 16187
4325 13758 10918 1957 4832 8268 3177 1245 8268 1019 1543 14776 4776 2752 2598 16187
3489 4750 12835 3543 9605 12233 11553 4776 926 926 16187 16187 16187 16187 16187 16187
1655 12233 6381 11239 15525 16187 16187 16187 13348 16187 13348 16187 16187 16187 15302 6259
8712 8524 12233 2823 6259 3211 12008 13623 14221 14426 3177 2263 14395 16187 16187 16187
3489 4750 12835 3543 9605 12233 11553 4776 926 926 16187 16187 16187 16187 16187 16187
1655 12233 6381 11239 15525 16187 16187 16187 13348 16187 13348 16187 16187 16187 10036 16187
4776 1754 3177 4776 10033 926 1094 8719 6929 14237 9780 12538 16187 16187 16187 16187
3489 4750 12835 3543 9605 12233 11553 4776 926 926 16187 16187 16187 16187 16187 16187
1655 12233 6381 11239 15525 16187 16187 16187 13348 16187 13348 16187 16187 16187 10036 16187
6689 14069 14776 5297 12825 12092 3766 8268 4776 13139 8710 14029 4152 1684 16187 16187
3489 4750 12835 3543 9605 12233 11553 4776 926 926 16187 16187 16187 16187 16187 16187
1655 12233 6381 11239 15525 16187 16187 16187 13348 16187 13348 16187 16187 16187 15302 6259
14180 8719 14180 8268 6259 6070 2997 2563 16187 16187 16187 16187 16187 16187 16187 16187
3489 4750 12835 3543 9605 12233 11553 4776 926 926 16187 16187 16187 16187 16187 16187
1655 12233 6381 11239 15525 16187 16187 16187 13348 16187 13348 16187 16187 16187 15302 6259
4776 1754 3177 4776 13839 8710 6070 10355 1955 7742 16187 16187 16187 16187 16187 16187
3489 4750 12835 3543 9605 12233 11553 4776 926 926 16187 16187 16187 16187 16187 16187
1655 12233 6381 11239 15525 16187 16187 16187 13348 16187 13348 16187 16187 16187 15302 6259
4152 2598 16187 16187 16187 16187 16187 16187 16187 16187 16187 16187 16187 16187 16187 16187
3489 4750 12835 3543 9605 12233 11553 4776 926 926 16187 16187 16187 16187 16187 16187
1655 12233 6381 11239 15525 16187 16187 16187 13348 16187 13348 16187 16187 16187 15302 6259
10566 14802 12915 8719 4776 11791 16187 16187 16187 16187 16187 16187 16187 16187 16187 16187
3489 4750 12835 3543 9605 12233 11553 4776 926 926 16187 16187 16187 16187 16187 16187
1655 12233 6381 11239 15525 16187 16187 16187 13348 16187 13348 16187 16187 16187 15302 6259
3171 9840 8710 5329 7100 14029 630 8719 4776 2563 16187 16187 16187 16187 16187 16187
3489 4750 12835 3543 9605 12233 11553 4776 926 926 16187 16187 16187 16187 16187 16187
1655 12233 6381 11239 15525 16187 16187 16187 13348 16187 13348 16187 16187 16187 10036 16187
5463 4931 10418 16187 16187 16187 16187 16187 16187 16187 16187 16187 16187 16187 16187 16187
3489 4750 12835 3543 9605 12233 11553 4776 926 926 16187 16187 16187 16187 16187 16187
1655 12233 6381 11239 15525 16187 16187 16187 13348 16187 13348 16187 16187 16187 10036 16187
7926 4931 2446 3246 14237 11852 3246 3177 1597 11191 16187 16187 16187 16187 16187 16187
3489 4750 12835 3543 9605 12233 11553 4776 926 926 16187 16187 16187 16187 16187 16187
1655 12233 6381 11239 15525 16187 16187 16187 13348 16187 13348 16187 16187 16187 10036 16187
2823 13616 12233 13077 15525 4776 100 9431 13348 16187 16187 16187 16187 16187 16187 16187
3489 4750 12835 3543 9605 12233 11553 4776 926 926 16187 16187 16187 16187 16187 16187
1655 12233 6381 11239 15525 16187 16187 16187 13348 16187 13348 16187 16187 16187 10036 16187
7740 3644 9754 9137 12233 2552 4776 8081 10554 2837 4776 2353 16187 16187 16187 16187
3489 4750 12835 3543 9605 12233 11553 4776 926 926 16187 16187 16187 16187 16187 16187
1655 12233 6381 11239 15525 16187 16187 16187 13348 16187 13348 16187 16187 16187 15302 6259
8069 8726 4487 6930 2148 14258 16187 16187 16187 16187 16187 16187 16187 16187 16187 16187
3489 4750 12835 3543 9605 12233 11553 4776 926 926 16187 16187 16187 16187 16187 16187
1655 12233 6381 11239 15525 16187 16187 16187 13348 16187 13348 16187 16187 16187 15302 6259
5332 4776 4152 9447 11889 1954 1482 6071 2563 8268 12008 8712 5867 5329 16187 16187
3489 4750 12835 3543 9605 12233 11553 4776 926 926 16187 16187 16187 16187 16187 16187
1655 12233 6381 11239 15525 16187 16187 16187 13348 16187 13348 16187 16187 16187 15302 6259
14237 1919 1378 12529 1138 926 13348 5711 16187 16187 16187 16187 16187 16187 16187 16187
3489 4750 12835 3543 9605 12233 11553 4776 926 926 16187 16187 16187 16187 16187 16187
1655 12233 6381 11239 15525 16187 16187 16187 13348 16187 13348 16187 16187 16187 15302 6259
11552 830 12273 926 16187 16187 16187 16187 16187 16187 16187 16187 16187 16187 16187 16187
3489 4750 12835 3543 9605 12233 11553 4776 926 926 16187 16187 16187 16187 16187 16187
1655 12233 6381 11239 15525 16187 16187 16187 13348 16187 13348 16187 16187 16187 10036 16187
5580 4776 564 3177 4421 7810 16187 16187 16187 16187 16187 16187 16187 16187 16187 16187
3489 4750 12835 3543 9605 12233 11553 4776 926 926 16187 16187 16187 16187 16187 16187
1655 12233 6381 11239 15525 16187 16187 16187 13348 16187 13348 16187 16187 16187 10036 16187
4776 5568 5820 3942 8710 14672 6259 13565 3177 4776 3059 16187 16187 16187 16187 16187
3489 4750 12835 3543 9605 12233 11553 4776 926 926 16187 16187 16187 16187 16187 16187
1655 12233 6381 11239 15525 16187 16187 16187 13348 16187 13348 16187 16187 16187 10036 16187
7001 4697 14237 12650 6011 16138 11889 8712 16187 16187 16187 16187 16187 16187 16187 16187
3489 4750 12835 3543 9605 12233 11553 4776 926 926 16187 16187 16187 16187 16187 16187
1655 12233 6381 11239 15525 16187 16187 16187 13348 16187 13348 16187 16187 16187 15302 6259
7740 11553 12276 926 13565 14237 8712 5867 9689 12276 10566 926 16187 16187 16187 16187
3489 4750 12835 3543 9605 12233 11553 4776 926 926 16187 16187 16187 16187 16187 16187
1655 12233 6381 11239 15525 16187 16187 16187 13348 16187 13348 16187 16187 16187 15302 6259
3766 1919 191 11738 20 13089 12545 11953 1146 3211 16187 16187 16187 16187 16187 16187
3489 4750 12835 3543 9605 12233 11553 4776 926 926 16187 16187 16187 16187 16187 16187
1655 12233 6381 11239 15525 16187 16187 16187 13348 16187 13348 16187 16187 16187 10036 16187
8712 8855 1919 4776 10372 3177 4776 926 3177 6259 14453 1125 14029 6259 926 16187
3489 4750 12835 3543 9605 12233 11553 4776 926 926 16187 16187 16187 16187 16187 16187
1655 12233 6381 11239 15525 16187 16187 16187 13348 16187 13348 16187 16187 16187 10036 16187
9850 4776 9385 926 4776 9339 12835 16187 16187 16187 16187 16187 16187 16187 16187 16187
3489 4750 12835 3543 9605 12233 11553 4776 926 926 16187 16187 16187 16187 16187 16187
1655 12233 6381 11239 15525 16187 16187 16187 13348 16187 13348 16187 16187 16187 10036 16187
8712 5867 926 8268 12576 16187 16187 16187 16187 16187 16187 16187 16187 16187 16187 16187
3489 4750 12835 3543 9605 12233 11553 4776 926 926 16187 16187 16187 16187 16187 16187
1655 12233 6381 11239 15525 16187 16187 16187 13348 16187 13348 16187 16187 16187 15302 6259
4776 2601 2563 8710 8439 16187 16187 16187 16187 16187 16187 16187 16187 16187 16187 16187
3489 4750 12835 3543 9605 12233 11553 4776 926 926 16187 16187 16187 16187 16187 16187
1655 12233 6381 11239 15525 16187 16187 16187 13348 16187 13348 16187 16187 16187 15302 6259
10056 4969 4931 2446 6259 7367 12999 8268 1955 4931 8268 5389 8268 1799 13420 16187
3489 4750 12835 3543 9605 12233 11553 4776 926 926 16187 16187 16187 16187 16187 16187
1655 12233 6381 11239 15525 16187 16187 16187 13348 16187 13348 16187 16187 16187 10036 16187
10080 1146 284 3171 8710 6259 3098 10978 2563 1919 6259 3098 14596 16187 16187 16187
3489 4750 12835 3543 9605 12233 11553 4776 926 926 16187 16187 16187 16187 16187 16187
1655 12233 6381 11239 15525 16187 16187 16187 13348 16187 13348 16187 16187 16187 10036 16187
6535 1482 16187 16187 16187 16187 16187 16187 16187 16187 16187 16187 16187 16187 16187 16187
3489 4750 12835 3543 9605 12233 11553 4776 926 926 16187 16187 16187 16187 16187 16187
1655 12233 6381 11239 15525 16187 16187 16187 13348 16187 13348 16187 16187 16187 15302 6259
3171 1378 8710 4776 4267 8798 16187 16187 16187 16187 16187 16187 16187 16187 16187 16187
3489 4750 12835 3543 9605 12233 11553 4776 926 926 16187 16187 16187 16187 16187 16187
1655 12233 6381 11239 15525 16187 16187 16187 13348 16187 13348 16187 16187 16187 10036 16187
779 5530 7723 5463 8712 4931 15202 6259 2970 3177 926 2598 16187 16187 16187 16187
3489 4750 12835 3543 9605 12233 11553 4776 926 926 16187 16187 16187 16187 16187 16187
1655 12233 6381 11239 15525 16187 16187 16187 13348 16187 13348 16187 16187 16187 15302 6259
1774 7815 8710 5329 16187 16187 16187 16187 16187 16187 16187 16187 16187 16187 16187 16187
3489 4750 12835 3543 9605 12233 11553 4776 926 926 16187 16187 16187 16187 16187 16187
1655 12233 6381 11239 15525 16187 16187 16187 13348 16187 13348 16187 16187 16187 10036 16187
1350 4776 10217 3418 8268 9253 926 8651 8719 1954 11778 1955 4667 16187 16187 16187
3489 4750 12835 3543 9605 12233 11553 4776 926 926 16187 16187 16187 16187 16187 16187
1655 12233 6381 11239 15525 16187 16187 16187 13348 16187 13348 16187 16187 16187 10036 16187
830 9743 15658 188 12233 15956 7926 4931 10355 12008 5329 3098 16187 16187 16187 16187
3489 4750 12835 3543 9605 12233 11553 4776 926 926 16187 16187 16187 16187 16187 16187
1655 12233 6381 11239 15525 16187 16187 16187 13348 16187 13348 16187 16187 16187 10036 16187
926 1138 7740 968 11889 6259 926 5711 16187 16187 16187 16187 16187 16187 16187 16187
3489 4750 12835 3543 9605 12233 11553 4776 926 926 16187 16187 16187 16187 16187 16187
1655 12233 6381 11239 15525 16187 16187 16187 13348 16187 13348 16187 16187 16187 15302 6259
7740 968 14397 5329 16187 16187 16187 16187 16187 16187 16187 16187 16187 16187 16187 16187
3489 4750 12835 3543 9605 12233 11553 4776 926 926 16187 16187 16187 16187 16187 16187
1655 12233 6381 11239 15525 16187 16187 16187 13348 16187 13348 16187 16187 16187 15302 6259
12008 12233 9070 8268 10566 12958 1019 13943 4776 10217 8506 4098 6173 16105 2191 16187
3489 4750 12835 3543 9605 12233 11553 4776 926 926 16187 16187 16187 16187 16187 16187
1655 12233 6381 11239 15525 16187 16187 16187 13348 16187 13348 16187 16187 16187 10036 16187
7740 2446 9429 8712 14470 11553 12766 14855 12233 4776 5197 9955 16187 16187 16187 16187
3489 4750 12835 3543 9605 12233 11553 4776 926 926 16187 16187 16187 16187 16187 16187
1655 12233 6381 11239 15525 16187 16187 16187 13348 16187 13348 16187 16187 16187 15302 6259
12008 14069 8710 2148 91 12233 9429 11953 16187 16187 16187 16187 16187 16187 16187 16187
3489 4750 12835 3543 9605 12233 11553 4776 926 926 16187 16187 16187 16187 16187 16187
1655 12233 6381 11239 15525 16187 16187 16187 13348 16187 13348 16187 16187 16187 15302 6259
4325 5568 15351 2837 4776 5442 4462 3177 4325 11031 10931 16187 16187 16187 16187 16187
3489 4750 12835 3543 9605 12233 11553 4776 926 926 16187 16187 16187 16187 16187 16187
1655 12233 6381 11239 15525 16187 16187 16187 13348 16187 13348 16187 16187 16187 10036 16187
5463 5867 5433 13348 16187 16187 16187 16187 16187 16187 16187 16187 16187 16187 16187 16187
3489 4750 12835 3543 9605 12233 11553 4776 926 926 16187 16187 16187 16187 16187 16187
1655 12233 6381 11239 15525 16187 16187 16187 13348 16187 13348 16187 16187 16187 10036 16187
1813 1243 4240 4776 9431 13644 8268 13644 8710 5297 3853 820 5867 7624 13348 16187
3489 4750 12835 3543 9605 12233 11553 4776 926 926 16187 16187 16187 16187 16187 16187
1655 12233 6381 11239 15525 16187 16187 16187 13348 16187 13348 16187 16187 16187 10036 16187
14069 8710 10242 16187 16187 16187 16187 16187 16187 16187 16187 16187 16187 16187 16187 16187
3489 4750 12835 3543 9605 12233 11553 4776 926 926 16187 16187 16187 16187 16187 16187
1655 12233 6381 11239 15525 16187 16187 16187 13348 16187 13348 16187 16187 16187 10036 16187
8712 12515 14180 10566 6259 5365 12233 9605 477 8719 4203 16187 16187 16187 16187 16187
3489 4750 12835 3543 9605 12233 11553 4776 926 926 16187 16187 16187 16187 16187 16187
1655 12233 6381 11239 15525 16187 16187 16187 13348 16187 13348 16187 16187 16187 15302 6259
8733 13616 6011 10187 2053 926 1390 3994 5329 2053 15043 6529 926 3994 16187 16187
3489 4750 12835 3543 9605 12233 11553 4776 926 926 16187 16187 16187 16187 16187 16187
1655 12233 6381 11239 15525 16187 16187 16187 13348 16187 13348 16187 16187 16187 10036 16187
4776 9666 8710 9754 4437 91 8268 14237 8710 8466 1955 7931 14237 8843 16187 16187
3489 4750 12835 3543 9605 12233 11553 4776 926 926 16187 16187 16187 16187 16187 16187
1655 12233 6381 11239 15525 16187 16187 16187 13348 16187 13348 16187 16187 16187 10036 16187
12008 14180 8719 14180 8268 6259 6535 10355 2122 10033 16187 16187 16187 16187 16187 16187
3489 4750 12835 3543 9605 12233 11553 4776 926 926 16187 16187 16187 16187 16187 16187
1655 12233 6381 11239 15525 16187 16187 16187 13348 16187 13348 16187 16187 16187 10036 16187
3171 10033 5867 926 14776 9743 15658 10603 15762 8719 703 5463 14776 9160 9780 16187
3489 4750 12835 3543 9605 12233 11553 4776 926 926 16187 16187 16187 16187 16187 16187
1655 12233 6381 11239 15525 16187 16187 16187 13348 16187 13348 16187 16187 16187 15302 6259
7542 6259 3098 10033 8004 5568 3942 8710 6259 15819 12233 10355 14596 16187 16187 16187
3489 4750 12835 3543 9605 12233 11553 4776 926 926 16187 16187 16187 16187 16187 16187
1655 12233 6381 11239 15525 16187 16187 16187 13348 16187 13348 16187 16187 16187 10036 16187
3171 13734 12042 12233 4776 4770 10033 5153 12128 926 14237 926 9247 16187 16187 16187
3489 4750 12835 3543 9605 12233 11553 4776 926 926 16187 16187 16187 16187 16187 16187
1655 12233 6381 11239 15525 16187 16187 16187 13348 16187 13348 16187 16187 16187 10036 16187
14043 13818 926 2598 16187 16187 16187 16187 16187 16187 16187 16187 16187 16187 16187 16187
3489 4750 12835 3543 9605 12233 11553 4776 926 926 16187 16187 16187 16187 16187 16187
1655 12233 6381 11239 15525 16187 16187 16187 13348 16187 13348 16187 16187 16187 10036 16187
4776 10887 8656 1019 13653 8268 926 8268 926 6173 14180 2451 15597 10638 2684 16187
3489 4750 12835 3543 9605 12233 11553 4776 926 926 16187 16187 16187 16187 16187 16187
1655 12233 6381 11239 15525 16187 16187 16187 13348 16187 13348 16187 16187 16187 10036 16187
4552 5430 6259 13659 14237 12003 4776 926 15408 16187 16187 16187 16187 16187 16187 16187
3489 4750 12835 3543 9605 12233 11553 4776 926 926 16187 16187 16187 16187 16187 16187
1655 12233 6381 11239 15525 16187 16187 16187 13348 16187 13348 16187 16187 16187 15302 6259
12276 10709 8710 4776 9790 1955 8712 2296 8710 13089 7740 10709 5463 15525 16187 16187
3489 4750 12835 3543 9605 12233 11553 4776 926 926 16187 16187 16187 16187 16187 16187
1655 12233 6381 11239 15525 16187 16187 16187 13348 16187 13348 16187 16187 16187 10036 16187
15152 16187 16187 16187 16187 16187 16187 16187 16187 16187 16187 16187 16187 16187 16187 16187
3489 4750 12835 3543 9605 12233 11553 4776 926 926 16187 16187 16187 16187 16187 16187
1655 12233 6381 11239 15525 16187 16187 16187 13348 16187 13348 16187 16187 16187 10036 16187
4776 7310 284 14776 4032 8712 1093 16187 16187 16187 16187 16187 16187 16187 16187 16187
3489 4750 12835 3543 9605 12233 11553 4776 926 926 16187 16187 16187 16187 16187 16187
1655 12233 6381 11239 15525 16187 16187 16187 13348 16187 13348 16187 16187 16187 15302 6259
15202 1986 14237 6256 8268 9665 5736 7829 8268 926 3873 1986 12233 1042 16187 16187
3489 4750 12835 3543 9605 12233 11553 4776 926 926 16187 16187 16187 16187 16187 16187
1655 12233 6381 11239 15525 16187 16187 16187 13348 16187 13348 16187 16187 16187 15302 6259
5463 5867 4776 12298 3177 12276 13734 16187 16187 16187 16187 16187 16187 16187 16187 16187
3489 4750 12835 3543 9605 12233 11553 4776 926 926 16187 16187 16187 16187 16187 16187
1655 12233 6381 11239 15525 16187 16187 16187 13348 16187 13348 16187 16187 16187 15302 6259
5297 8268 7740 11889 8712 6259 3098 8855 16187 16187 16187 16187 16187 16187 16187 16187
3489 4750 12835 3543 9605 12233 11553 4776 926 926 16187 16187 16187 16187 16187 16187
1655 12233 6381 11239 15525 16187 16187 16187 13348 16187 13348 16187 16187 16187 15302 6259
6173 8268 14069 8710 9754 630 6231 7671 91 16187 16187 16187 16187 16187 16187 16187
3489 4750 12835 3543 9605 12233 11553 4776 926 926 16187 16187 16187 16187 16187 16187
1655 12233 6381 11239 15525 16187 16187 16187 13348 16187 13348 16187 16187 16187 10036 16187
10619 9484 16187 16187 16187 16187 16187 16187 16187 16187 16187 16187 16187 16187 16187 16187
3489 4750 12835 3543 9605 12233 11553 4776 926 926 16187 16187 16187 16187 16187 16187
1655 12233 6381 11239 15525 16187 16187 16187 13348 16187 13348 16187 16187 16187 10036 16187
7926 8710 6070 12606 8719 3171 954 16187 16187 16187 16187 16187 16187 16187 16187 16187
3489 4750 12835 3543 9605 12233 11553 4776 926 926 16187 16187 16187 16187 16187 16187
1655 12233 6381 11239 15525 16187 16187 16187 13348 16187 13348 16187 16187 16187 15302 6259
7742 4032 6259 12650 830 10372 3115 10671 14657 16187 16187 16187 16187 16187 16187 16187
3489 4750 12835 3543 9605 12233 11553 4776 926 926 16187 16187 16187 16187 16187 16187
1655 12233 6381 11239 15525 16187 16187 16187 13348 16187 13348 16187 16187 16187 15302 6259
3177 1245 4776 4152 15649 14678 926 8712 487 14069 8710 13084 4152 16187 16187 16187
3489 4750 12835 3543 9605 12233 11553 4776 926 926 16187 16187 16187 16187 16187 16187
1655 12233 6381 11239 15525 16187 16187 16187 13348 16187 13348 16187 16187 16187 15302 6259
12709 1919 186 16187 16187 16187 16187 16187 16187 16187 16187 16187 16187 16187 16187 16187
3489 4750 12835 3543 9605 12233 11553 4776 926 926 16187 16187 16187 16187 16187 16187
1655 12233 6381 11239 15525 16187 16187 16187 13348 16187 13348 16187 16187 16187 10036 16187
14069 4931 1229 630 3177 5713 1515 14029 5463 7740 4931 7336 15328 2903 16187 16187
3489 4750 12835 3543 9605 12233 11553 4776 926 926 16187 16187 16187 16187 16187 16187
1655 12233 6381 11239 15525 16187 16187 16187 13348 16187 13348 16187 16187 16187 10036 16187
703 14069 14776 4537 11889 4776 5095 4103 4312 16187 16187 16187 16187 16187 16187 16187
3489 4750 12835 3543 9605 12233 11553 4776 926 926 16187 16187 16187 16187 16187 16187
1655 12233 6381 11239 15525 16187 16187 16187 13348 16187 13348 16187 16187 16187 15302 6259
8710 223 1919 926 820 2598 5711 16187 16187 16187 16187 16187 16187 16187 16187 16187
3489 4750 12835 3543 9605 12233 11553 4776 926 926 16187 16187 16187 16187 16187 16187
1655 12233 6381 11239 15525 16187 16187 16187 13348 16187 13348 16187 16187 16187 15302 6259
8796 8268 7740 9084 16187 16187 16187 16187 16187 16187 16187 16187 16187 16187 16187 16187
3489 4750 12835 3543 9605 12233 11553 4776 926 926 16187 16187 16187 16187 16187 16187
1655 12233 6381 11239 15525 16187 16187 16187 13348 16187 13348 16187 16187 16187 15302 6259
14031 5359 14237 4776 926 15387 4931 4537 14141 16187 16187 16187 16187 16187 16187 16187
3489 4750 12835 3543 9605 12233 11553 4776 926 926 16187 16187 16187 16187 16187 16187
1655 12233 6381 11239 15525 16187 16187 16187 13348 16187 13348 16187 16187 16187 10036 16187
10394 6672 13887 6259 6390 5200 1957 14589 4366 14585 15096 16187 16187 16187 16187 16187
3489 4750 12835 3543 9605 12233 11553 4776 926 926 16187 16187 16187 16187 16187 16187
1655 12233 6381 11239 15525 16187 16187 16187 13348 16187 13348 16187 16187 16187 10036 16187
6407 1376 15846 12338 4776 2563 7824 1955 6259 2684 14752 4189 3177 14766 16187 16187
3489 4750 12835 3543 9605 12233 11553 4776 926 926 16187 16187 16187 16187 16187 16187
1655 12233 6381 11239 15525 16187 16187 16187 13348 16187 13348 16187 16187 16187 10036 16187
4776 1098 12529 2223 15477 13348 16187 16187 16187 16187 16187 16187 16187 16187 16187 16187
3489 4750 12835 3543 9605 12233 11553 4776 926 926 16187 16187 16187 16187 16187 16187
1655 12233 6381 11239 15525 16187 16187 16187 13348 16187 13348 16187 16187 16187 15302 6259
8712 5867 6259 7168 10033 7542 16187 16187 16187 16187 16187 16187 16187 16187 16187 16187
3489 4750 12835 3543 9605 12233 11553 4776 926 926 16187 16187 16187 16187 16187 16187
1655 12233 6381 11239 15525 16187 16187 16187 13348 16187 13348 16187 16187 16187 15302 6259
3171 4931 6259 10770 476 10967 3137 14514 5867 564 13555 16187 16187 16187 16187 16187
3489 4750 12835 3543 9605 12233 11553 4776 926 926 16187 16187 16187 16187 16187 16187
1655 12233 6381 11239 15525 16187 16187 16187 13348 16187 13348 16187 16187 16187 10036 16187
5286 14180 983 2563 8268 14217 9605 14272 4325 188 16187 16187 16187 16187 16187 16187
3489 4750 12835 3543 9605 12233 11553 4776 926 926 16187 16187 16187 16187 16187 16187
1655 12233 6381 11239 15525 16187 16187 16187 13348 16187 13348 16187 16187 16187 15302 6259
10407 766 926 926 13021 926 16187 16187 16187 16187 16187 16187 16187 16187 16187 16187
3489 4750 12835 3543 9605 12233 11553 4776 926 926 16187 16187 16187 16187 16187 16187
1655 12233 6381 11239 15525 16187 16187 16187 13348 16187 13348 16187 16187 16187 10036 16187
15846 926 8710 6388 1955 16187 16187 16187 16187 16187 16187 16187 16187 16187 16187 16187
3489 4750 12835 3543 9605 12233 11553 4776 926 926 16187 16187 16187 16187 16187 16187
1655 12233 6381 11239 15525 16187 16187 16187 13348 16187 13348 16187 16187 16187 10036 16187
8719 4826 7926 14827 13852 15658 8710 14834 14237 10355 14237 7934 8719 10710 2525 16187
3489 4750 12835 3543 9605 12233 11553 4776 926 926 16187 16187 16187 16187 16187 16187
1655 12233 6381 11239 15525 16187 16187 16187 13348 16187 13348 16187 16187 16187 15302 6259
3171 8710 4776 3257 10033 830 11247 16187 16187 16187 16187 16187 16187 16187 16187 16187
3489 4750 12835 3543 9605 12233 11553 4776 926 926 16187 16187 16187 16187 16187 16187
1655 12233 6381 11239 15525 16187 16187 16187 13348 16187 13348 16187 16187 16187 10036 16187
1019 7926 9084 9754 8069 11553 14734 6801 3504 14029 16187 16187 16187 16187 16187 16187
3489 4750 12835 3543 9605 12233 11553 4776 926 926 16187 16187 16187 16187 16187 16187
1655 12233 6381 11239 15525 16187 16187 16187 13348 16187 13348 16187 16187 16187 15302 6259
4776 2243 926 3177 10355 14112 14776 10716 4951 16187 16187 16187 16187 16187 16187 16187
3489 4750 12835 3543 9605 12233 11553 4776 926 926 16187 16187 16187 16187 16187 16187
1655 12233 6381 11239 15525 16187 16187 16187 13348 16187 13348 16187 16187 16187 10036 16187
975 16187 16187 16187 16187 16187 16187 16187 16187 16187 16187 16187 16187 16187 16187 16187
3489 4750 12835 3543 9605 12233 11553 4776 926 926 16187 16187 16187 16187 16187 16187
1655 12233 6381 11239 15525 16187 16187 16187 13348 16187 13348 16187 16187 16187 10036 16187
13474 15452 11889 1954 6732 13625 15658 5867 15525 1957 12495 1597 16187 16187 16187 16187
3489 4750 12835 3543 9605 12233 11553 4776 926 926 16187 16187 16187 16187 16187 16187
1655 12233 6381 11239 15525 16187 16187 16187 13348 16187 13348 16187 16187 16187 10036 16187
3171 2563 12233 9070 8710 14272 7740 9429 6011 3543 2552 1378 983 16187 16187 16187
3489 4750 12835 3543 9605 12233 11553 4776 926 926 16187 16187 16187 16187 16187 16187
1655 12233 6381 11239 15525 16187 16187 16187 13348 16187 13348 16187 16187 16187 15302 6259
7740 11530 3171 10033 13348 16187 16187 16187 16187 16187 16187 16187 16187 16187 16187 16187
3489 4750 12835 3543 9605 12233 11553 4776 926 926 16187 16187 16187 16187 16187 16187
1655 12233 6381 11239 15525 16187 16187 16187 13348 16187 13348 16187 16187 16187 15302 6259
7740 11530 4776 2400 5629 15103 11860 5867 8808 14237 926 3711 5867 16187 16187 16187
3489 4750 12835 3543 9605 12233 11553 4776 926 926 16187 16187 16187 16187 16187 16187
1655 12233 6381 11239 15525 16187 16187 16187 13348 16187 13348 16187 16187 16187 10036 16187
8712 771 11273 926 1919 1817 14237 15427 926 926 16187 16187 16187 16187 16187 16187
3489 4750 12835 3543 9605 12233 11553 4776 926 926 16187 16187 16187 16187 16187 16187
1655 12233 6381 11239 15525 16187 16187 16187 13348 16187 13348 16187 16187 16187 15302 6259
7740 973 14635 3177 55 3177 14745 16187 16187 16187 16187 16187 16187 16187 16187 16187
3489 4750 12835 3543 9605 12233 11553 4776 926 926 16187 16187 16187 16187 16187 16187
1655 12233 6381 11239 15525 16187 16187 16187 13348 16187 13348 16187 16187 16187 10036 16187
13560 8268 15096 983 8858 8710 5297 12606 8268 8069 8719 6259 5947 13182 16187 16187
3489 4750 12835 3543 9605 12233 11553 4776 926 926 16187 16187 16187 16187 16187 16187
1655 12233 6381 11239 15525 16187 16187 16187 13348 16187 13348 16187 16187 16187 15302 6259
5568 8853 16187 16187 16187 16187 16187 16187 16187 16187 16187 16187 16187 16187 16187 16187
3489 4750 12835 3543 9605 12233 11553 4776 926 926 16187 16187 16187 16187 16187 16187
1655 12233 6381 11239 15525 16187 16187 16187 13348 16187 13348 16187 16187 16187 10036 16187
8712 6245 12233 14556 6259 10995 14029 926 13907 5853 1090 926 10781 16187 16187 16187
3489 4750 12835 3543 9605 12233 11553 4776 926 926 16187 16187 16187 16187 16187 16187
1655 12233 6381 11239 15525 16187 16187 16187 13348 16187 13348 16187 16187 16187 15302 6259
6173 14029 4776 16146 4751 8710 1954 14411 10033 16187 16187 16187 16187 16187 16187 16187
3489 4750 12835 3543 9605 12233 11553 4776 926 926 16187 16187 16187 16187 16187 16187
1655 12233 6381 11239 15525 16187 16187 16187 13348 16187 13348 16187 16187 16187 15302 6259
14916 8539 7849 10211 7810 16187 16187 16187 16187 16187 16187 16187 16187 16187 16187 16187
3489 4750 12835 3543 9605 12233 11553 4776 926 926 16187 16187 16187 16187 16187 16187
1655 12233 6381 11239 15525 16187 16187 16187 13348 16187 13348 16187 16187 16187 15302 6259
926 6905 8710 2246 1919 1954 15278 5653 3177 13546 11913 14237 12883 8268 926 16187
3489 4750 12835 3543 9605 12233 11553 4776 926 926 16187 16187 16187 16187 16187 16187
1655 12233 6381 11239 15525 16187 16187 16187 13348 16187 13348 16187 16187 16187 15302 6259
10571 14902 14237 4927 3177 1382 3748 4776 10399 7520 7694 3748 4776 14207 10671 16187
3489 4750 12835 3543 9605 12233 11553 4776 926 926 16187 16187 16187 16187 16187 16187
1655 12233 6381 11239 15525 16187 16187 16187 13348 16187 13348 16187 16187 16187 10036 16187
4776 13811 14237 12013 14776 1971 14237 9526 13907 3760 14808 12233 11239 16187 16187 16187
3489 4750 12835 3543 9605 12233 11553 4776 926 926 16187 16187 16187 16187 16187 16187
1655 12233 6381 11239 15525 16187 16187 16187 13348 16187 13348 16187 16187 16187 15302 6259
4776 13839 8710 3098 8268 4776 10418 8710 8213 16187 16187 16187 16187 16187 16187 16187
3489 4750 12835 3543 9605 12233 11553 4776 926 926 16187 16187 16187 16187 16187 16187
1655 12233 6381 11239 15525 16187 16187 16187 13348 16187 13348 16187 16187 16187 10036 16187
13931 9070 8268 7740 188 6011 12233 16187 16187 16187 16187 16187 16187 16187 16187 16187
3489 4750 12835 3543 9605 12233 11553 4776 926 926 16187 16187 16187 16187 16187 16187
1655 12233 6381 11239 15525 16187 16187 16187 13348 16187 13348 16187 16187 16187 15302 6259
2016 14237 4776 4369 3177 4776 14274 8710 6259 1405 8268 15624 14237 15096 4922 16187
3489 4750 12835 3543 9605 12233 11553 4776 926 926 16187 16187 16187 16187 16187 16187
1655 12233 6381 11239 15525 16187 16187 16187 13348 16187 13348 16187 16187 16187 15302 6259
8719 6259 926 8268 8712 5867 12495 1378 2958 8268 12495 10197 10147 16187 16187 16187
3489 4750 12835 3543 9605 12233 11553 4776 926 926 16187 16187 16187 16187 16187 16187
1655 12233 6381 11239 15525 16187 16187 16187 13348 16187 13348 16187 16187 16187 10036 16187
10217 10614 15658 4914 14029 6259 4927 12233 5668 16146 10614 12233 8815 4776 14617 16187
3489 4750 12835 3543 9605 12233 11553 4776 926 926 16187 16187 16187 16187 16187 16187
1655 12233 6381 11239 15525 16187 16187 16187 13348 16187 13348 16187 16187 16187 10036 16187
5051 11007 3095 1243 14237 4776 2563 6253 12233 5522 12233 926 4776 10372 16187 16187
3489 4750 12835 3543 9605 12233 11553 4776 926 926 16187 16187 16187 16187 16187 16187
1655 12233 6381 11239 15525 16187 16187 16187 13348 16187 13348 16187 16187 16187 10036 16187
14304 15669 15658 926 4977 8712 2598 13348 16187 16187 16187 16187 16187 16187 16187 16187
3489 4750 12835 3543 9605 12233 11553 4776 926 926 16187 16187 16187 16187 16187 16187
1655 12233 6381 11239 15525 16187 16187 16187 13348 16187 13348 16187 16187 16187 10036 16187
6173 16187 16187 16187 16187 16187 16187 16187 16187 16187 16187 16187 16187 16187 16187 16187
3489 4750 12835 3543 9605 12233 11553 4776 926 926 16187 16187 16187 16187 16187 16187
1655 12233 6381 11239 15525 16187 16187 16187 13348 16187 13348 16187 16187 16187 10036 16187
4776 3187 14237 926 926 4851 9450 4536 12233 4776 926 926 16187 16187 16187 16187
3489 4750 12835 3543 9605 12233 11553 4776 926 926 16187 16187 16187 16187 16187 16187
1655 12233 6381 11239 15525 16187 16187 16187 13348 16187 13348 16187 16187 16187 10036 16187
4776 9745 4931 5922 13038 8268 6543 5329 11445 144 16187 16187 16187 16187 16187 16187
3489 4750 12835 3543 9605 12233 11553 4776 926 926 16187 16187 16187 16187 16187 16187
1655 12233 6381 11239 15525 16187 16187 16187 13348 16187 13348 16187 16187 16187 10036 16187
91 8710 6259 10355 800 1090 8268 926 5867 2191 3177 12117 926 14734 5114 16187
3489 4750 12835 3543 9605 12233 11553 4776 926 926 16187 16187 16187 16187 16187 16187
1655 12233 6381 11239 15525 16187 16187 16187 13348 16187 13348 16187 16187 16187 10036 16187
12233 14275 2903 8268 6259 2199 7937 3177 14141 16187 16187 16187 16187 16187 16187 16187
3489 4750 12835 3543 9605 12233 11553 4776 926 926 16187 16187 16187 16187 16187 16187
1655 12233 6381 11239 15525 16187 16187 16187 13348 16187 13348 16187 16187 16187 15302 6259
4624 2446 2552 6259 6289 5463 1684 14237 5086 8268 3352 5022 14237 1233 12911 16187
3489 4750 12835 3543 9605 12233 11553 4776 926 926 16187 16187 16187 16187 16187 16187
1655 12233 6381 11239 15525 16187 16187 16187 13348 16187 13348 16187 16187 16187 10036 16187
7740 4552 5329 10503 779 13758 12233 4626 1919 2263 10501 8719 14138 16187 16187 16187
3489 4750 12835 3543 9605 12233 11553 4776 926 926 16187 16187 16187 16187 16187 16187
1655 12233 6381 11239 15525 16187 16187 16187 13348 16187 13348 16187 16187 16187 15302 6259
926 16187 16187 16187 16187 16187 16187 16187 16187 16187 16187 16187 16187 16187 16187 16187
3489 4750 12835 3543 9605 12233 11553 4776 926 926 16187 16187 16187 16187 16187 16187
1655 12233 6381 11239 15525 16187 16187 16187 13348 16187 13348 16187 16187 16187 15302 6259
5463 8710 4776 2601 4922 16187 16187 16187 16187 16187 16187 16187 16187 16187 16187 16187
3489 4750 12835 3543 9605 12233 11553 4776 926 926 16187 16187 16187 16187 16187 16187
1655 12233 6381 11239 15525 16187 16187 16187 13348 16187 13348 16187 16187 16187 10036 16187
6259 5580 15010 8974 16187 16187 16187 16187 16187 16187 16187 16187 16187 16187 16187 16187
3489 4750 12835 3543 9605 12233 11553 4776 926 926 16187 16187 16187 16187 16187 16187
1655 12233 6381 11239 15525 16187 16187 16187 13348 16187 13348 16187 16187 16187 15302 6259
14069 14776 12583 3177 10355 703 12233 1436 11953 3171 2563 16187 16187 16187 16187 16187
3489 4750 12835 3543 9605 12233 11553 4776 926 926 16187 16187 16187 16187 16187 16187
1655 12233 6381 11239 15525 16187 16187 16187 13348 16187 13348 16187 16187 16187 10036 16187
5329 830 10671 16187 16187 16187 16187 16187 16187 16187 16187 16187 16187 16187 16187 16187
3489 4750 12835 3543 9605 12233 11553 4776 926 926 16187 16187 16187 16187 16187 16187
1655 12233 6381 11239 15525 16187 16187 16187 13348 16187 13348 16187 16187 16187 15302 6259
8712 5867 91 1543 4776 14596 6179 3748 16187 16187 16187 16187 16187 16187 16187 16187
3489 4750 12835 3543 9605 12233 11553 4776 926 926 16187 16187 16187 16187 16187 16187
1655 12233 6381 11239 15525 16187 16187 16187 13348 16187 13348 16187 16187 16187 10036 16187
8710 6297 5329 8569 13474 4931 6388 8719 4776 9431 1378 16187 16187 16187 16187 16187
3489 4750 12835 3543 9605 12233 11553 4776 926 926 16187 16187 16187 16187 16187 16187
1655 12233 6381 11239 15525 16187 16187 16187 13348 16187 13348 16187 16187 16187 10036 16187
8712 9004 5463 5820 16187 16187 16187 16187 16187 16187 16187 16187 16187 16187 16187 16187
3489 4750 12835 3543 9605 12233 11553 4776 926 926 16187 16187 16187 16187 16187 16187
1655 12233 6381 11239 15525 16187 16187 16187 13348 16187 13348 16187 16187 16187 15302 6259
12008 4776 14220 7807 12233 8152 9070 612 10967 926 5867 13893 2051 16187 16187 16187
3489 4750 12835 3543 9605 12233 11553 4776 926 926 16187 16187 16187 16187 16187 16187
1655 12233 6381 11239 15525 16187 16187 16187 13348 16187 13348 16187 16187 16187 15302 6259
2263 4949 216 16187 16187 16187 16187 16187 16187 16187 16187 16187 16187 16187 16187 16187
3489 4750 12835 3543 9605 12233 11553 4776 926 926 16187 16187 16187 16187 16187 16187
1655 12233 6381 11239 15525 16187 16187 16187 13348 16187 13348 16187 16187 16187 15302 6259
14069 4931 13084 12154 4152 14237 4776 926 9498 16125 1919 4776 2563 16187 16187 16187
3489 4750 12835 3543 9605 12233 11553 4776 926 926 16187 16187 16187 16187 16187 16187
1655 12233 6381 11239 15525 16187 16187 16187 13348 16187 13348 16187 16187 16187 10036 16187
1799 9715 5137 926 8268 1955 6259 926 16187 16187 16187 16187 16187 16187 16187 16187
3489 4750 12835 3543 9605 12233 11553 4776 926 926 16187 16187 16187 16187 16187 16187
1655 12233 6381 11239 15525 16187 16187 16187 13348 16187 13348 16187 16187 16187 15302 6259
6259 12260 11553 13348 16187 16187 16187 16187 16187 16187 16187 16187 16187 16187 16187 16187
3489 4750 12835 3543 9605 12233 11553 4776 926 926 16187 16187 16187 16187 16187 16187
1655 12233 6381 11239 15525 16187 16187 16187 13348 16187 13348 16187 16187 16187 10036 16187
1955 8710 8268 12844 8710 6259 7393 14812 14237 7393 1980 9450 471 16187 16187 16187
3489 4750 12835 3543 9605 12233 11553 4776 926 926 16187 16187 16187 16187 16187 16187
1655 12233 6381 11239 15525 16187 16187 16187 13348 16187 13348 16187 16187 16187 15302 6259
7740 4537 3644 9754 10503 8712 16187 16187 16187 16187 16187 16187 16187 16187 16187 16187
3489 4750 12835 3543 9605 12233 11553 4776 926 926 16187 16187 16187 16187 16187 16187
1655 12233 6381 11239 15525 16187 16187 16187 13348 16187 13348 16187 16187 16187 10036 16187
5329 12233 11393 4776 10558 3177 926 926 5867 9886 3177 660 16187 16187 16187 16187
3489 4750 12835 3543 9605 12233 11553 4776 926 926 16187 16187 16187 16187 16187 16187
1655 12233 6381 11239 15525 16187 16187 16187 13348 16187 13348 16187 16187 16187 10036 16187
15857 7926 4931 14322 14734 9292 15525 8719 6259 4927 5463 4931 15688 3746 16187 16187
3489 4750 12835 3543 9605 12233 11553 4776 926 926 16187 16187 16187 16187 16187 16187
1655 12233 6381 11239 15525 16187 16187 16187 13348 16187 13348 16187 16187 16187 15302 6259
12654 4776 12713 12576 8268 4776 13094 10781 8710 2176 16187 16187 16187 16187 16187 16187
3489 4750 12835 3543 9605 12233 11553 4776 926 926 16187 16187 16187 16187 16187 16187
1655 12233 6381 11239 15525 16187 16187 16187 13348 16187 13348 16187 16187 16187 10036 16187
4776 6593 14776 5822 16187 16187 16187 16187 16187 16187 16187 16187 16187 16187 16187 16187
3489 4750 12835 3543 9605 12233 11553 4776 926 926 16187 16187 16187 16187 16187 16187
1655 12233 6381 11239 15525 16187 16187 16187 13348 16187 13348 16187 16187 16187 15302 6259
14069 9498 6259 15335 8719 4776 8869 16187 16187 16187 16187 16187 16187 16187 16187 16187
3489 4750 12835 3543 9605 12233 11553 4776 926 926 16187 16187 16187 16187 16187 16187
1655 12233 6381 11239 15525 16187 16187 16187 13348 16187 13348 16187 16187 16187 10036 16187
1138 13474 926 5711 8710 2148 3177 6259 400 471 512 6259 9405 2563 16187 16187
3489 4750 12835 3543 9605 12233 11553 4776 926 926 16187 16187 16187 16187 16187 16187
1655 12233 6381 11239 15525 16187 16187 16187 13348 16187 13348 16187 16187 16187 15302 6259
3171 2563 8710 7401 14272 7740 8152 2689 16187 16187 16187 16187 16187 16187 16187 16187
3489 4750 12835 3543 9605 12233 11553 4776 926 926 16187 16187 16187 16187 16187 16187
1655 12233 6381 11239 15525 16187 16187 16187 13348 16187 13348 16187 16187 16187 15302 6259
1138 4776 6406 5711 8710 1378 3177 4776 5365 5867 564 16187 16187 16187 16187 16187
3489 4750 12835 3543 9605 12233 11553 4776 926 926 16187 16187 16187 16187 16187 16187
1655 12233 6381 11239 15525 16187 16187 16187 13348 16187 13348 16187 16187 16187 10036 16187
3171 3364 2823 4776 564 3108 10033 15525 5498 4624 12757 13348 13348 13348 16187 16187
3489 4750 12835 3543 9605 12233 11553 4776 926 926 16187 16187 16187 16187 16187 16187
1655 12233 6381 11239 15525 16187 16187 16187 13348 16187 13348 16187 16187 16187 10036 16187
830 7460 8268 926 14823 4776 11008 10033 3177 14180 983 16187 16187 16187 16187 16187
3489 4750 12835 3543 9605 12233 11553 4776 926 926 16187 16187 16187 16187 16187 16187
1655 12233 6381 11239 15525 16187 16187 16187 13348 16187 13348 16187 16187 16187 10036 16187
6011 16138 8093 1453 2904 16187 16187 16187 16187 16187 16187 16187 16187 16187 16187 16187
3489 4750 12835 3543 9605 12233 11553 4776 926 926 16187 16187 16187 16187 16187 16187
1655 12233 6381 11239 15525 16187 16187 16187 13348 16187 13348 16187 16187 16187 15302 6259
4776 4152 8710 10104 8268 4776 12835 926 9625 16187 16187 16187 16187 16187 16187 16187
3489 4750 12835 3543 9605 12233 11553 4776 926 926 16187 16187 16187 16187 16187 16187
1655 12233 6381 11239 15525 16187 16187 16187 13348 16187 13348 16187 16187 16187 10036 16187
14180 703 13631 4311 8268 7740 14263 8712 1955 869 4098 1482 16187 16187 16187 16187
3489 4750 12835 3543 9605 12233 11553 4776 926 926 16187 16187 16187 16187 16187 16187
1655 12233 6381 11239 15525 16187 16187 16187 13348 16187 13348 16187 16187 16187 10036 16187
7926 7156 12233 195 4776 1787 14029 2263 7923 8268 1919 3177 1245 13084 7489 16187
3489 4750 12835 3543 9605 12233 11553 4776 926 926 16187 16187 16187 16187 16187 16187
1655 12233 6381 11239 15525 16187 16187 16187 13348 16187 13348 16187 16187 16187 10036 16187
8726 6011 188 4152 8268 8808 14043 6985 7975 4609 16187 16187 16187 16187 16187 16187
3489 4750 12835 3543 9605 12233 11553 4776 926 926 16187 16187 16187 16187 16187 16187
1655 12233 6381 11239 15525 16187 16187 16187 13348 16187 13348 16187 16187 16187 15302 6259
14734 14164 8268 14879 8268 9013 2837 9052 16187 16187 16187 16187 16187 16187 16187 16187
3489 4750 12835 3543 9605 12233 11553 4776 926 926 16187 16187 16187 16187 16187 16187
1655 12233 6381 11239 15525 16187 16187 16187 13348 16187 13348 16187 16187 16187 10036 16187
9441 1147 3543 2552 3171 12256 7937 3177 4189 16187 16187 16187 16187 16187 16187 16187
3489 4750 12835 3543 9605 12233 11553 4776 926 926 16187 16187 16187 16187 16187 16187
1655 12233 6381 11239 15525 16187 16187 16187 13348 16187 13348 16187 16187 16187 10036 16187
12008 14325 926 1957 4776 13501 14237 8368 15269 703 16187 16187 16187 16187 16187 16187
3489 4750 12835 3543 9605 12233 11553 4776 926 926 16187 16187 16187 16187 16187 16187
1655 12233 6381 11239 15525 16187 16187 16187 13348 16187 13348 16187 16187 16187 15302 6259
3600 926 4552 5329 7001 3748 926 13348 16187 16187 16187 16187 16187 16187 16187 16187
3489 4750 12835 3543 9605 12233 11553 4776 926 926 16187 16187 16187 16187 16187 16187
1655 12233 6381 11239 15525 16187 16187 16187 13348 16187 13348 16187 16187 16187 10036 16187
569 3177 6545 2946 16187 16187 16187 16187 16187 16187 16187 16187 16187 16187 16187 16187
3489 4750 12835 3543 9605 12233 11553 4776 926 926 16187 16187 16187 16187 16187 16187
1655 12233 6381 11239 15525 16187 16187 16187 13348 16187 13348 16187 16187 16187 15302 6259
10503 8712 14043 5329 8268 3171 8710 6259 3211 13348 16187 16187 16187 16187 16187 16187
3489 4750 12835 3543 9605 12233 11553 4776 926 926 16187 16187 16187 16187 16187 16187
1655 12233 6381 11239 15525 16187 16187 16187 13348 16187 13348 16187 16187 16187 15302 6259
5332 3171 8710 203 6011 8733 6259 5947 2664 6071 2563 16187 16187 16187 16187 16187
3489 4750 12835 3543 9605 12233 11553 4776 926 926 16187 16187 16187 16187 16187 16187
1655 12233 6381 11239 15525 16187 16187 16187 13348 16187 13348 16187 16187 16187 15302 6259
926 1019 13225 926 6173 8710 7393 13839 16187 16187 16187 16187 16187 16187 16187 16187
3489 4750 12835 3543 9605 12233 11553 4776 926 926 16187 16187 16187 16187 16187 16187
1655 12233 6381 11239 15525 16187 16187 16187 13348 16187 13348 16187 16187 16187 10036 16187
10619 9484 12650 8712 4404 14373 104 926 10033 7617 4776 7867 8658 16187 16187 16187
3489 4750 12835 3543 9605 12233 11553 4776 926 926 16187 16187 16187 16187 16187 16187
1655 12233 6381 11239 15525 16187 16187 16187 13348 16187 13348 16187 16187 16187 15302 6259
7634 5867 2752 14776 926 14237 930 8268 12008 14776 12495 10478 16187 16187 16187 16187
3489 4750 12835 3543 9605 12233 11553 4776 926 926 16187 16187 16187 16187 16187 16187
1655 12233 6381 11239 15525 16187 16187 16187 13348 16187 13348 16187 16187 16187 10036 16187
12654 13094 15525 12233 2823 2405 8268 8712 13623 14350 16187 16187 16187 16187 16187 16187
3489 4750 12835 3543 9605 12233 11553 4776 926 926 16187 16187 16187 16187 16187 16187
1655 12233 6381 11239 15525 16187 16187 16187 13348 16187 13348 16187 16187 16187 15302 6259
926 5867 13811 8710 13616 8994 14237 7664 16187 16187 16187 16187 16187 16187 16187 16187
3489 4750 12835 3543 9605 12233 11553 4776 926 926 16187 16187 16187 16187 16187 16187
1655 12233 6381 11239 15525 16187 16187 16187 13348 16187 13348 16187 16187 16187 10036 16187
1350 8268 10288 12449 12233 8733 6259 10728 3177 5713 16187 16187 16187 16187 16187 16187
3489 4750 12835 3543 9605 12233 11553 4776 926 926 16187 16187 16187 16187 16187 16187
1655 12233 6381 11239 15525 16187 16187 16187 13348 16187 13348 16187 16187 16187 10036 16187
203 7805 8710 8712 12233 12700 926 4149 1955 1131 12233 3900 12117 2598 16187 16187
3489 4750 12835 3543 9605 12233 11553 4776 926 926 16187 16187 16187 16187 16187 16187
1655 12233 6381 11239 15525 16187 16187 16187 13348 16187 13348 16187 16187 16187 10036 16187
6346 5954 16187 16187 16187 16187 16187 16187 16187 16187 16187 16187 16187 16187 16187 16187
3489 4750 12835 3543 9605 12233 11553 4776 926 926 16187 16187 16187 16187 16187 16187
1655 12233 6381 11239 15525 16187 16187 16187 13348 16187 13348 16187 16187 16187 10036 16187
2429 3171 8710 6259 2563 5463 13404 14691 8081 16187 16187 16187 16187 16187 16187 16187
3489 4750 12835 3543 9605 12233 11553 4776 926 926 16187 16187 16187 16187 16187 16187
1655 12233 6381 11239 15525 16187 16187 16187 13348 16187 13348 16187 16187 16187 15302 6259
3171 11921 12233 14745 15202 7926 8368 926 3994 1094 1919 14734 926 16187 16187 16187
3489 4750 12835 3543 9605 12233 11553 4776 926 926 16187 16187 16187 16187 16187 16187
1655 12233 6381 11239 15525 16187 16187 16187 13348 16187 13348 16187 16187 16187 15302 6259
3171 3098 2563 13942 485 16187 16187 16187 16187 16187 16187 16187 16187 16187 16187 16187
3489 4750 12835 3543 9605 12233 11553 4776 926 926 16187 16187 16187 16187 16187 16187
1655 12233 6381 11239 15525 16187 16187 16187 13348 16187 13348 16187 16187 16187 15302 6259
13084 6133 3609 14776 1895 14237 4776 14462 3177 1597 8710 8781 926 16187 16187 16187
3489 4750 12835 3543 9605 12233 11553 4776 926 926 16187 16187 16187 16187 16187 16187
1655 12233 6381 11239 15525 16187 16187 16187 13348 16187 13348 16187 16187 16187 15302 6259
12276 10709 8710 1948 703 14776 3202 3171 2563 16187 16187 16187 16187 16187 16187 16187
3489 4750 12835 3543 9605 12233 11553 4776 926 926 16187 16187 16187 16187 16187 16187
1655 12233 6381 11239 15525 16187 16187 16187 13348 16187 13348 16187 16187 16187 15302 6259
13341 6173 4776 3513 16187 16187 16187 16187 16187 16187 16187 16187 16187 16187 16187 16187
3489 4750 12835 3543 9605 12233 11553 4776 926 926 16187 16187 16187 16187 16187 16187
1655 12233 6381 11239 15525 16187 16187 16187 13348 16187 13348 16187 16187 16187 10036 16187
926 3348 8710 9754 16105 830 9070 12008 7740 5208 10751 5463 820 1110 8712 16187
3489 4750 12835 3543 9605 12233 11553 4776 926 926 16187 16187 16187 16187 16187 16187
1655 12233 6381 11239 15525 16187 16187 16187 13348 16187 13348 16187 16187 16187 15302 6259
14069 8710 13084 5820 926 15990 16187 16187 16187 16187 16187 16187 16187 16187 16187 16187
3489 4750 12835 3543 9605 12233 11553 4776 926 926 16187 16187 16187 16187 16187 16187
1655 12233 6381 11239 15525 16187 16187 16187 13348 16187 13348 16187 16187 16187 15302 6259
6011 5208 2214 3881 14237 9289 5937 926 8268 4311 5257 4312 8719 5937 926 16187
3489 4750 12835 3543 9605 12233 11553 4776 926 926 16187 16187 16187 16187 16187 16187
1655 12233 6381 11239 15525 16187 16187 16187 13348 16187 13348 16187 16187 16187 10036 16187
8710 3171 6826 11039 3177 12102 926 2598 16187 16187 16187 16187 16187 16187 16187 16187
3489 4750 12835 3543 9605 12233 11553 4776 926 926 16187 16187 16187 16187 16187 16187
1655 12233 6381 11239 15525 16187 16187 16187 13348 16187 13348 16187 16187 16187 15302 6259
1138 8712 16138 11553 12233 2823 6535 5906 5711 16187 16187 16187 16187 16187 16187 16187
3489 4750 12835 3543 9605 12233 11553 4776 926 926 16187 16187 16187 16187 16187 16187
1655 12233 6381 11239 15525 16187 16187 16187 13348 16187 13348 16187 16187 16187 10036 16187
8712 3112 6011 14581 10355 14237 8569 14237 14180 9743 12224 8719 5629 16187 16187 16187
3489 4750 12835 3543 9605 12233 11553 4776 926 926 16187 16187 16187 16187 16187 16187
1655 12233 6381 11239 15525 16187 16187 16187 13348 16187 13348 16187 16187 16187 15302 6259
5329 9070 8268 5463 5867 830 13616 16187 16187 16187 16187 16187 16187 16187 16187 16187
3489 4750 12835 3543 9605 12233 11553 4776 926 926 16187 16187 16187 16187 16187 16187
1655 12233 6381 11239 15525 16187 16187 16187 13348 16187 13348 16187 16187 16187 15302 6259
9498 4325 13830 4776 2946 2837 15721 926 2598 16187 16187 16187 16187 16187 16187 16187
3489 4750 12835 3543 9605 12233 11553 4776 926 926 16187 16187 16187 16187 16187 16187
1655 12233 6381 11239 15525 16187 16187 16187 13348 16187 13348 16187 16187 16187 15302 6259
8712 12431 12233 4776 10709 1543 8712 6297 12515 4609 10967 4776 2563 16187 16187 16187
3489 4750 12835 3543 9605 12233 11553 4776 926 926 16187 16187 16187 16187 16187 16187
1655 12233 6381 11239 15525 16187 16187 16187 13348 16187 13348 16187 16187 16187 15302 6259
7740 973 5329 2326 13616 15662 7926 5867 1229 4142 926 16187 16187 16187 16187 16187
3489 4750 12835 3543 9605 12233 11553 4776 926 926 16187 16187 16187 16187 16187 16187
1655 12233 6381 11239 15525 16187 16187 16187 13348 16187 13348 16187 16187 16187 10036 16187
4776 8733 2903 14237 11608 284 2837 926 4557 926 14776 13178 9591 16187 16187 16187
3489 4750 12835 3543 9605 12233 11553 4776 926 926 16187 16187 16187 16187 16187 16187
1655 12233 6381 11239 15525 16187 16187 16187 13348 16187 13348 16187 16187 16187 10036 16187
3177 9850 3418 16187 16187 16187 16187 16187 16187 16187 16187 16187 16187 16187 16187 16187
3489 4750 12835 3543 9605 12233 11553 4776 926 926 16187 16187 16187 16187 16187 16187
1655 12233 6381 11239 15525 16187 16187 16187 13348 16187 13348 16187 16187 16187 10036 16187
4776 8761 926 926 11536 10315 3059 12740 12008 3847 5329 926 14734 13064 11382 16187
3489 4750 12835 3543 9605 12233 11553 4776 926 926 16187 16187 16187 16187 16187 16187
1655 12233 6381 11239 15525 16187 16187 16187 13348 16187 13348 16187 16187 16187 15302 6259
7740 8313 8712 4931 9754 12256 14043 10355 16187 16187 16187 16187 16187 16187 16187 16187
3489 4750 12835 3543 9605 12233 11553 4776 926 926 16187 16187 16187 16187 16187 16187
1655 12233 6381 11239 15525 16187 16187 16187 13348 16187 13348 16187 16187 16187 15302 6259
8712 6678 10355 1945 13907 6259 5948 3177 11608 16187 16187 16187 16187 16187 16187 16187
3489 4750 12835 3543 9605 12233 11553 4776 926 926 16187 16187 16187 16187 16187 16187
1655 12233 6381 11239 15525 16187 16187 16187 13348 16187 13348 16187 16187 16187 15302 6259
14734 926 14470 8467 10710 12008 4325 14776 926 14237 4776 11331 14776 10599 3262 16187
3489 4750 12835 3543 9605 12233 11553 4776 926 926 16187 16187 16187 16187 16187 16187
1655 12233 6381 11239 15525 16187 16187 16187 13348 16187 13348 16187 16187 16187 10036 16187
12008 9450 11817 8710 14272 9431 6381 14745 14029 4776 9272 16187 16187 16187 16187 16187
3489 4750 12835 3543 9605 12233 11553 4776 926 926 16187 16187 16187 16187 16187 16187
1655 12233 6381 11239 15525 16187 16187 16187 13348 16187 13348 16187 16187 16187 10036 16187
14272 7147 8710 6259 308 3177 4434 14237 12379 14601 2903 12233 6259 6260 8199 16187
3489 4750 12835 3543 9605 12233 11553 4776 926 926 16187 16187 16187 16187 16187 16187
1655 12233 6381 11239 15525 16187 16187 16187 13348 16187 13348 16187 16187 16187 15302 6259
926 5463 5867 11889 13178 14237 14237 4776 100 15846 9086 8712 8268 926 16187 16187
3489 4750 12835 3543 9605 12233 11553 4776 926 926 16187 16187 16187 16187 16187 16187
1655 12233 6381 11239 15525 16187 16187 16187 13348 16187 13348 16187 16187 16187 15302 6259
9084 4776 14186 3177 15433 8857 6276 14745 16187 16187 16187 16187 16187 16187 16187 16187
3489 4750 12835 3543 9605 12233 11553 4776 926 926 16187 16187 16187 16187 16187 16187
1655 12233 6381 11239 15525 16187 16187 16187 13348 16187 13348 16187 16187 16187 15302 6259
15978 7926 5867 6259 4929 9365 16187 16187 16187 16187 16187 16187 16187 16187 16187 16187
3489 4750 12835 3543 9605 12233 11553 4776 926 926 16187 16187 16187 16187 16187 16187
1655 12233 6381 11239 15525 16187 16187 16187 13348 16187 13348 16187 16187 16187 15302 6259
926 4480 1213 1955 15141 14776 2466 5372 1957 1461 364 16187 16187 16187 16187 16187
3489 4750 12835 3543 9605 12233 11553 4776 926 926 16187 16187 16187 16187 16187 16187
1655 12233 6381 11239 15525 16187 16187 16187 13348 16187 13348 16187 16187 16187 10036 16187
4776 10033 4495 1919 4776 9139 5867 10917 10875 8258 1954 6141 9122 1919 6963 16187
3489 4750 12835 3543 9605 12233 11553 4776 926 926 16187 16187 16187 16187 16187 16187
1655 12233 6381 11239 15525 16187 16187 16187 13348 16187 13348 16187 16187 16187 15302 6259
7740 1110 8712 15978 3177 2263 5404 13094 14237 795 12835 16187 16187 16187 16187 16187
3489 4750 12835 3543 9605 12233 11553 4776 926 926 16187 16187 16187 16187 16187 16187
1655 12233 6381 11239 15525 16187 16187 16187 13348 16187 13348 16187 16187 16187 10036 16187
926 13592 9956 5463 14069 4931 8719 3171 2563 16187 16187 16187 16187 16187 16187 16187
3489 4750 12835 3543 9605 12233 11553 4776 926 926 16187 16187 16187 16187 16187 16187
1655 12233 6381 11239 15525 16187 16187 16187 13348 16187 13348 16187 16187 16187 15302 6259
12008 4776 5947 10709 2979 1919 4776 5425 926 16187 16187 16187 16187 16187 16187 16187
3489 4750 12835 3543 9605 12233 11553 4776 926 926 16187 16187 16187 16187 16187 16187
1655 12233 6381 11239 15525 16187 16187 16187 13348 16187 13348 16187 16187 16187 15302 6259
12008 9591 1919 4776 9918 3575 16187 16187 16187 16187 16187 16187 16187 16187 16187 16187
3489 4750 12835 3543 9605 12233 11553 4776 926 926 16187 16187 16187 16187 16187 16187
1655 12233 6381 11239 15525 16187 16187 16187 13348 16187 13348 16187 16187 16187 10036 16187
14237 6259 2689 1378 8712 8710 12654 4776 9342 8588 8438 16187 16187 16187 16187 16187
3489 4750 12835 3543 9605 12233 11553 4776 926 926 16187 16187 16187 16187 16187 16187
1655 12233 6381 11239 15525 16187 16187 16187 13348 16187 13348 16187 16187 16187 10036 16187
1209 16187 16187 16187 16187 16187 16187 16187 16187 16187 16187 16187 16187 16187 16187 16187
3489 4750 12835 3543 9605 12233 11553 4776 926 926 16187 16187 16187 16187 16187 16187
1655 12233 6381 11239 15525 16187 16187 16187 13348 16187 13348 16187 16187 16187 15302 6259
926 15034 926 14237 15783 1019 926 2598 16187 16187 16187 16187 16187 16187 16187 16187
3489 4750 12835 3543 9605 12233 11553 4776 926 926 16187 16187 16187 16187 16187 16187
1655 12233 6381 11239 15525 16187 16187 16187 13348 16187 13348 16187 16187 16187 10036 16187
7740 10716 4552 9754 10751 15662 14069 14776 1229 1597 10355 9216 16187 16187 16187 16187
3489 4750 12835 3543 9605 12233 11553 4776 926 926 16187 16187 16187 16187 16187 16187
1655 12233 6381 11239 15525 16187 16187 16187 13348 16187 13348 16187 16187 16187 10036 16187
