926 8710 11410 13348 16187 16187 16187 16187 16187 16187 16187 16187 16187 16187 16187 16187
3489 4750 12835 3543 9605 926 8268 12008 4776 4927 7926 8710 6259 8858 5867 6161
1655 12233 14180 3102 8719 9222 3171 10917 10033 13348 16187 4832 16187 16187 10953 10036
7945 3007 12233 11553 6259 1926 14029 5713 12099 1614 7617 16187 16187 16187 16187 16187
3489 4750 12835 3543 9605 926 8268 12008 4776 4927 7926 8710 6259 8858 5867 6161
1655 12233 14180 3102 8719 9222 3171 10917 10033 13348 16187 4832 16187 16187 10953 10036
14272 8710 4776 208 3177 4776 3163 2598 16187 16187 16187 16187 16187 16187 16187 16187
3489 4750 12835 3543 9605 926 8268 12008 4776 4927 7926 8710 6259 8858 5867 6161
1655 12233 14180 3102 8719 9222 3171 10917 10033 13348 16187 4832 16187 16187 10953 10036
1597 15180 10249 8719 4776 10033 16187 16187 16187 16187 16187 16187 16187 16187 16187 16187
3489 4750 12835 3543 9605 926 8268 12008 4776 4927 7926 8710 6259 8858 5867 6161
1655 12233 14180 3102 8719 9222 3171 10917 10033 13348 16187 4832 16187 16187 10953 10036
14272 926 4776 14596 2148 512 1157 8710 4776 9578 13094 16187 16187 16187 16187 16187
3489 4750 12835 3543 9605 926 8268 12008 4776 4927 7926 8710 6259 8858 5867 6161
1655 12233 14180 3102 8719 9222 3171 10917 10033 13348 16187 4832 16187 16187 10953 10036
1229 8726 8712 5867 6259 926 5937 4240 2327 12529 9574 14139 14139 9484 16187 16187
3489 4750 12835 3543 9605 926 8268 12008 4776 4927 7926 8710 6259 8858 5867 6161
1655 12233 14180 3102 8719 9222 3171 10917 10033 13348 16187 4832 16187 16187 10953 10036
6363 15525 3177 9484 16187 16187 16187 16187 16187 16187 16187 16187 16187 16187 16187 16187
3489 4750 12835 3543 9605 926 8268 12008 4776 4927 7926 8710 6259 8858 5867 6161
1655 12233 14180 3102 8719 9222 3171 10917 10033 13348 16187 4832 16187 16187 10953 10036
7740 2383 5463 1138 6390 11382 13348 5711 16187 16187 16187 16187 16187 16187 16187 16187
3489 4750 12835 3543 9605 926 8268 12008 4776 4927 7926 8710 6259 8858 5867 6161
1655 12233 14180 3102 8719 9222 3171 10917 10033 13348 16187 4832 16187 16187 10953 10036
7926 771 11340 15180 1919 926 14237 926 16187 16187 16187 16187 16187 16187 16187 16187
3489 4750 12835 3543 9605 926 8268 12008 4776 4927 7926 8710 6259 8858 5867 6161
1655 12233 14180 3102 8719 9222 3171 10917 10033 13348 16187 4832 16187 16187 10953 10036
1378 3177 4776 8270 8185 16105 8719 926 16187 16187 16187 16187 16187 16187 16187 16187
3489 4750 12835 3543 9605 926 8268 12008 4776 4927 7926 8710 6259 8858 5867 6161
1655 12233 14180 3102 8719 9222 3171 10917 10033 13348 16187 4832 16187 16187 10953 10036
14069 5867 6259 13129 926 12233 3171 10033 16187 16187 16187 16187 16187 16187 16187 16187
3489 4750 12835 3543 9605 926 8268 12008 4776 4927 7926 8710 6259 8858 5867 6161
1655 12233 14180 3102 8719 9222 3171 10917 10033 13348 16187 4832 16187 16187 10953 10036
4776 10887 14233 3418 15658 5111 14180 4552 8124 15781 16187 16187 16187 16187 16187 16187
3489 4750 12835 3543 9605 926 8268 12008 4776 4927 7926 8710 6259 8858 5867 6161
1655 12233 14180 3102 8719 9222 3171 10917 10033 13348 16187 4832 16187 16187 10953 10036
7740 3364 10369 11953 4776 7310 284 16187 16187 16187 16187 16187 16187 16187 16187 16187
3489 4750 12835 3543 9605 926 8268 12008 4776 4927 7926 8710 6259 8858 5867 6161
1655 12233 14180 3102 8719 9222 3171 10917 10033 13348 16187 4832 16187 16187 10953 10036
6259 926 10894 8268 1957 564 16187 16187 16187 16187 16187 16187 16187 16187 16187 16187
3489 4750 12835 3543 9605 926 8268 12008 4776 4927 7926 8710 6259 8858 5867 6161
1655 12233 14180 3102 8719 9222 3171 10917 10033 13348 16187 4832 16187 16187 10953 10036
14237 4776 2353 8268 3246 3634 6689 926 779 1885 2837 4776 15939 6725 16187 16187
3489 4750 12835 3543 9605 926 8268 12008 4776 4927 7926 8710 6259 8858 5867 6161
1655 12233 14180 3102 8719 9222 3171 10917 10033 13348 16187 4832 16187 16187 10953 10036
1138 15658 14776 6011 2598 5711 16187 16187 16187 16187 16187 16187 16187 16187 16187 16187
3489 4750 12835 3543 9605 926 8268 12008 4776 4927 7926 8710 6259 8858 5867 6161
1655 12233 14180 3102 8719 9222 3171 10917 10033 13348 16187 4832 16187 16187 10953 10036
4776 7345 4874 202 779 1233 3748 4404 12901 926 16187 16187 16187 16187 16187 16187
3489 4750 12835 3543 9605 926 8268 12008 4776 4927 7926 8710 6259 8858 5867 6161
1655 12233 14180 3102 8719 9222 3171 10917 10033 13348 16187 4832 16187 16187 10953 10036
14237 4776 7937 4931 926 3994 8344 16187 16187 16187 16187 16187 16187 16187 16187 16187
3489 4750 12835 3543 9605 926 8268 12008 4776 4927 7926 8710 6259 8858 5867 6161
1655 12233 14180 3102 8719 9222 3171 10917 10033 13348 16187 4832 16187 16187 10953 10036
10953 1957 12291 13089 14069 8710 14691 12233 11728 11953 16187 16187 16187 16187 16187 16187
3489 4750 12835 3543 9605 926 8268 12008 4776 4927 7926 8710 6259 8858 5867 6161
1655 12233 14180 3102 8719 9222 3171 10917 10033 13348 16187 4832 16187 16187 10953 10036
7367 14596 3177 6259 2421 3011 14217 14237 1885 12349 5065 926 9040 16187 16187 16187
3489 4750 12835 3543 9605 926 8268 12008 4776 4927 7926 8710 6259 8858 5867 6161
1655 12233 14180 3102 8719 9222 3171 10917 10033 13348 16187 4832 16187 16187 10953 10036
8712 9084 9754 14581 11889 4325 9498 6247 8719 13592 4927 12233 4776 9887 16187 16187
3489 4750 12835 3543 9605 926 8268 12008 4776 4927 7926 8710 6259 8858 5867 6161
1655 12233 14180 3102 8719 9222 3171 10917 10033 13348 16187 4832 16187 16187 10953 10036
1955 6259 12887 8719 4776 3838 7740 11530 26 3177 4776 571 16187 16187 16187 16187
3489 4750 12835 3543 9605 926 8268 12008 4776 4927 7926 8710 6259 8858 5867 6161
1655 12233 14180 3102 8719 9222 3171 10917 10033 13348 16187 4832 16187 16187 10953 10036
926 779 6535 10355 926 5509 830 6259 10518 16187 16187 16187 16187 16187 16187 16187
3489 4750 12835 3543 9605 926 8268 12008 4776 4927 7926 8710 6259 8858 5867 6161
1655 12233 14180 3102 8719 9222 3171 10917 10033 13348 16187 4832 16187 16187 10953 10036
4311 4325 14180 926 5022 12233 15935 15649 11180 14465 13474 771 13051 16187 16187 16187
3489 4750 12835 3543 9605 926 8268 12008 4776 4927 7926 8710 6259 8858 5867 6161
1655 12233 14180 3102 8719 9222 3171 10917 10033 13348 16187 4832 16187 16187 10953 10036
7740 4537 12020 2148 13411 8719 14237 1778 8712 16187 16187 16187 16187 16187 16187 16187
3489 4750 12835 3543 9605 926 8268 12008 4776 4927 7926 8710 6259 8858 5867 6161
1655 12233 14180 3102 8719 9222 3171 10917 10033 13348 16187 4832 16187 16187 10953 10036
926 926 8710 6070 13181 16187 16187 16187 16187 16187 16187 16187 16187 16187 16187 16187
3489 4750 12835 3543 9605 926 8268 12008 4776 4927 7926 8710 6259 8858 5867 6161
1655 12233 14180 3102 8719 9222 3171 10917 10033 13348 16187 4832 16187 16187 10953 10036
4776 1110 14596 8719 4776 14824 3177 1866 5867 7557 8710 6259 9564 7949 16187 16187
3489 4750 12835 3543 9605 926 8268 12008 4776 4927 7926 8710 6259 8858 5867 6161
1655 12233 14180 3102 8719 9222 3171 10917 10033 13348 16187 4832 16187 16187 10953 10036
926 926 8710 926 926 8268 5568 6259 9450 10858 14237 13907 1955 630 9946 16187
3489 4750 12835 3543 9605 926 8268 12008 4776 4927 7926 8710 6259 8858 5867 6161
1655 12233 14180 3102 8719 9222 3171 10917 10033 13348 16187 4832 16187 16187 10953 10036
4776 12203 13216 14029 5534 13348 16187 16187 16187 16187 16187 16187 16187 16187 16187 16187
3489 4750 12835 3543 9605 926 8268 12008 4776 4927 7926 8710 6259 8858 5867 6161
1655 12233 14180 3102 8719 9222 3171 10917 10033 13348 16187 4832 16187 16187 10953 10036
2348 4240 6259 7371 10217 2103 3177 3171 8268 6011 8093 12431 6259 3087 2894 16187
3489 4750 12835 3543 9605 926 8268 12008 4776 4927 7926 8710 6259 8858 5867 6161
1655 12233 14180 3102 8719 9222 3171 10917 10033 13348 16187 4832 16187 16187 10953 10036
12276 4714 14029 3171 10033 12232 2823 4370 5498 5867 926 11180 16187 16187 16187 16187
3489 4750 12835 3543 9605 926 8268 12008 4776 4927 7926 8710 6259 8858 5867 6161
1655 12233 14180 3102 8719 9222 3171 10917 10033 13348 16187 4832 16187 16187 10953 10036
5329 8069 4776 10094 5711 16187 16187 16187 16187 16187 16187 16187 16187 16187 16187 16187
3489 4750 12835 3543 9605 926 8268 12008 4776 4927 7926 8710 6259 8858 5867 6161
1655 12233 14180 3102 8719 9222 3171 10917 10033 13348 16187 4832 16187 16187 10953 10036
1378 5618 1957 12291 7926 8710 6259 926 16187 16187 16187 16187 16187 16187 16187 16187
3489 4750 12835 3543 9605 926 8268 12008 4776 4927 7926 8710 6259 8858 5867 6161
1655 12233 14180 3102 8719 9222 3171 10917 10033 13348 16187 4832 16187 16187 10953 10036
4776 4874 14029 3171 1378 4931 6692 16187 16187 16187 16187 16187 16187 16187 16187 16187
3489 4750 12835 3543 9605 926 8268 12008 4776 4927 7926 8710 6259 8858 5867 6161
1655 12233 14180 3102 8719 9222 3171 10917 10033 13348 16187 4832 16187 16187 10953 10036
12008 1955 1954 13926 13474 8710 7594 16187 16187 16187 16187 16187 16187 16187 16187 16187
3489 4750 12835 3543 9605 926 8268 12008 4776 4927 7926 8710 6259 8858 5867 6161
1655 12233 14180 3102 8719 9222 3171 10917 10033 13348 16187 4832 16187 16187 10953 10036
8712 14180 8368 1229 926 16187 16187 16187 16187 16187 16187 16187 16187 16187 16187 16187
3489 4750 12835 3543 9605 926 8268 12008 4776 4927 7926 8710 6259 8858 5867 6161
1655 12233 14180 3102 8719 9222 3171 10917 10033 13348 16187 4832 16187 16187 10953 10036
13474 118 926 6259 926 16187 16187 16187 16187 16187 16187 16187 16187 16187 16187 16187
3489 4750 12835 3543 9605 926 8268 12008 4776 4927 7926 8710 6259 8858 5867 6161
1655 12233 14180 3102 8719 9222 3171 10917 10033 13348 16187 4832 16187 16187 10953 10036
926 13942 12233 11553 771 1954 926 13135 1919 6259 9131 9290 15142 926 16187 16187
3489 4750 12835 3543 9605 926 8268 12008 4776 4927 7926 8710 6259 8858 5867 6161
1655 12233 14180 3102 8719 9222 3171 10917 10033 13348 16187 4832 16187 16187 10953 10036
13942 11889 6259 12767 16105 12007 12008 3177 3098 7314 11779 16187 16187 16187 16187 16187
3489 4750 12835 3543 9605 926 8268 12008 4776 4927 7926 8710 6259 8858 5867 6161
1655 12233 14180 3102 8719 9222 3171 10917 10033 13348 16187 4832 16187 16187 10953 10036
12233 8733 10889 14219 13474 13345 8719 6259 11041 14548 16187 16187 16187 16187 16187 16187
3489 4750 12835 3543 9605 926 8268 12008 4776 4927 7926 8710 6259 8858 5867 6161
1655 12233 14180 3102 8719 9222 3171 10917 10033 13348 16187 4832 16187 16187 10953 10036
4776 9431 5328 10244 8710 9813 15624 1019 2148 6971 512 11873 16091 13348 16187 16187
3489 4750 12835 3543 9605 926 8268 12008 4776 4927 7926 8710 6259 8858 5867 6161
1655 12233 14180 3102 8719 9222 3171 10917 10033 13348 16187 4832 16187 16187 10953 10036
2837 3171 10709 4776 10033 771 12766 10862 8268 4592 14237 926 16187 16187 16187 16187
3489 4750 12835 3543 9605 926 8268 12008 4776 4927 7926 8710 6259 8858 5867 6161
1655 12233 14180 3102 8719 9222 3171 10917 10033 13348 16187 4832 16187 16187 10953 10036
6259 10894 6929 12233 1138 5711 3211 1138 926 13348 16187 16187 16187 16187 16187 16187
3489 4750 12835 3543 9605 926 8268 12008 4776 4927 7926 8710 6259 8858 5867 6161
1655 12233 14180 3102 8719 9222 3171 10917 10033 13348 16187 4832 16187 16187 10953 10036
10913 4303 12008 1919 3098 11656 14237 630 10016 16187 16187 16187 16187 16187 16187 16187
3489 4750 12835 3543 9605 926 8268 12008 4776 4927 7926 8710 6259 8858 5867 6161
1655 12233 14180 3102 8719 9222 3171 10917 10033 13348 16187 4832 16187 16187 10953 10036
6259 15335 12028 929 13474 8710 926 4776 10825 5095 16187 16187 16187 16187 16187 16187
3489 4750 12835 3543 9605 926 8268 12008 4776 4927 7926 8710 6259 8858 5867 6161
1655 12233 14180 3102 8719 9222 3171 10917 10033 13348 16187 4832 16187 16187 10953 10036
14069 14776 2296 9039 14237 3334 6423 2263 10710 14237 11546 584 16187 16187 16187 16187
3489 4750 12835 3543 9605 926 8268 12008 4776 4927 7926 8710 6259 8858 5867 6161
1655 12233 14180 3102 8719 9222 3171 10917 10033 13348 16187 4832 16187 16187 10953 10036
2300 4776 2753 5167 1383 8268 12716 8268 8710 6259 10894 630 16187 16187 16187 16187
3489 4750 12835 3543 9605 926 8268 12008 4776 4927 7926 8710 6259 8858 5867 6161
1655 12233 14180 3102 8719 9222 3171 10917 10033 13348 16187 4832 16187 16187 10953 10036
4776 10960 14776 3809 16187 16187 16187 16187 16187 16187 16187 16187 16187 16187 16187 16187
3489 4750 12835 3543 9605 926 8268 12008 4776 4927 7926 8710 6259 8858 5867 6161
1655 12233 14180 3102 8719 9222 3171 10917 10033 13348 16187 4832 16187 16187 10953 10036
2543 8719 1316 14043 4123 10776 8631 1019 2598 2598 16187 16187 16187 16187 16187 16187
3489 4750 12835 3543 9605 926 8268 12008 4776 4927 7926 8710 6259 8858 5867 6161
1655 12233 14180 3102 8719 9222 3171 10917 10033 13348 16187 4832 16187 16187 10953 10036
6041 14069 8710 13084 9438 8268 14069 8710 13084 10978 16187 16187 16187 16187 16187 16187
3489 4750 12835 3543 9605 926 8268 12008 4776 4927 7926 8710 6259 8858 5867 6161
1655 12233 14180 3102 8719 9222 3171 10917 10033 13348 16187 4832 16187 16187 10953 10036
8712 8710 6259 4949 6514 10033 16187 16187 16187 16187 16187 16187 16187 16187 16187 16187
3489 4750 12835 3543 9605 926 8268 12008 4776 4927 7926 8710 6259 8858 5867 6161
1655 12233 14180 3102 8719 9222 3171 10917 10033 13348 16187 4832 16187 16187 10953 10036
7742 8268 11789 8093 16187 16187 16187 16187 16187 16187 16187 16187 16187 16187 16187 16187
3489 4750 12835 3543 9605 926 8268 12008 4776 4927 7926 8710 6259 8858 5867 6161
1655 12233 14180 3102 8719 9222 3171 10917 10033 13348 16187 4832 16187 16187 10953 10036
5463 5867 4776 6378 15662 7740 12892 8712 6259 6363 15525 3177 9484 16187 16187 16187
3489 4750 12835 3543 9605 926 8268 12008 4776 4927 7926 8710 6259 8858 5867 6161
1655 12233 14180 3102 8719 9222 3171 10917 10033 13348 16187 4832 16187 16187 10953 10036
12008 4776 132 7165 926 14237 926 14237 7651 4325 14180 7001 2541 16187 16187 16187
3489 4750 12835 3543 9605 926 8268 12008 4776 4927 7926 8710 6259 8858 5867 6161
1655 12233 14180 3102 8719 9222 3171 10917 10033 13348 16187 4832 16187 16187 10953 10036
14272 10566 13887 12276 1110 830 4776 10983 3177 6071 8710 4776 8181 830 10729 16187
3489 4750 12835 3543 9605 926 8268 12008 4776 4927 7926 8710 6259 8858 5867 6161
1655 12233 14180 3102 8719 9222 3171 10917 10033 13348 16187 4832 16187 16187 10953 10036
3847 5463 8733 8712 10355 2598 16187 16187 16187 16187 16187 16187 16187 16187 16187 16187
3489 4750 12835 3543 9605 926 8268 12008 4776 4927 7926 8710 6259 8858 5867 6161
1655 12233 14180 3102 8719 9222 3171 10917 10033 13348 16187 4832 16187 16187 10953 10036
926 4340 7979 9563 8710 6070 10355 16187 16187 16187 16187 16187 16187 16187 16187 16187
3489 4750 12835 3543 9605 926 8268 12008 4776 4927 7926 8710 6259 8858 5867 6161
1655 12233 14180 3102 8719 9222 3171 10917 10033 13348 16187 4832 16187 16187 10953 10036
7740 968 8154 15715 3171 8258 4776 16146 5073 16187 16187 16187 16187 16187 16187 16187
3489 4750 12835 3543 9605 926 8268 12008 4776 4927 7926 8710 6259 8858 5867 6161
1655 12233 14180 3102 8719 9222 3171 10917 10033 13348 16187 4832 16187 16187 10953 10036
12008 3171 8710 5329 4776 5568 10583 8719 4776 2563 16187 16187 16187 16187 16187 16187
3489 4750 12835 3543 9605 926 8268 12008 4776 4927 7926 8710 6259 8858 5867 6161
1655 12233 14180 3102 8719 9222 3171 10917 10033 13348 16187 4832 16187 16187 10953 10036
4552 5329 15956 7401 16187 16187 16187 16187 16187 16187 16187 16187 16187 16187 16187 16187
3489 4750 12835 3543 9605 926 8268 12008 4776 4927 7926 8710 6259 8858 5867 6161
1655 12233 14180 3102 8719 9222 3171 10917 10033 13348 16187 4832 16187 16187 10953 10036
8922 12349 13348 16187 16187 16187 16187 16187 16187 16187 16187 16187 16187 16187 16187 16187
3489 4750 12835 3543 9605 926 8268 12008 4776 4927 7926 8710 6259 8858 5867 6161
1655 12233 14180 3102 8719 9222 3171 10917 10033 13348 16187 4832 16187 16187 10953 10036
926 8710 14984 12349 9666 12855 6579 14237 926 1885 13089 2651 14237 9769 16187 16187
3489 4750 12835 3543 9605 926 8268 12008 4776 4927 7926 8710 6259 8858 5867 6161
1655 12233 14180 3102 8719 9222 3171 10917 10033 13348 16187 4832 16187 16187 10953 10036
4776 14596 8710 13622 14237 14069 8710 2148 4152 10801 16187 16187 16187 16187 16187 16187
3489 4750 12835 3543 9605 926 8268 12008 4776 4927 7926 8710 6259 8858 5867 6161
1655 12233 14180 3102 8719 9222 3171 10917 10033 13348 16187 4832 16187 16187 10953 10036
5946 1919 4776 4152 8268 14043 14186 8387 16187 16187 16187 16187 16187 16187 16187 16187
3489 4750 12835 3543 9605 926 8268 12008 4776 4927 7926 8710 6259 8858 5867 6161
1655 12233 14180 3102 8719 9222 3171 10917 10033 13348 16187 4832 16187 16187 10953 10036
4776 2563 5867 926 13254 10967 2263 3052 15408 3177 1750 9809 2837 4312 16187 16187
3489 4750 12835 3543 9605 926 8268 12008 4776 4927 7926 8710 6259 8858 5867 6161
1655 12233 14180 3102 8719 9222 3171 10917 10033 13348 16187 4832 16187 16187 10953 10036
2326 2598 16187 16187 16187 16187 16187 16187 16187 16187 16187 16187 16187 16187 16187 16187
3489 4750 12835 3543 9605 926 8268 12008 4776 4927 7926 8710 6259 8858 5867 6161
1655 12233 14180 3102 8719 9222 3171 10917 10033 13348 16187 4832 16187 16187 10953 10036
7740 14237 12276 5007 1442 14691 6672 12008 7981 16187 16187 16187 16187 16187 16187 16187
3489 4750 12835 3543 9605 926 8268 12008 4776 4927 7926 8710 6259 8858 5867 6161
1655 12233 14180 3102 8719 9222 3171 10917 10033 13348 16187 4832 16187 16187 10953 10036
14272 3847 13818 9878 4776 2353 4552 8271 91 2598 16187 16187 16187 16187 16187 16187
3489 4750 12835 3543 9605 926 8268 12008 4776 4927 7926 8710 6259 8858 5867 6161
1655 12233 14180 3102 8719 9222 3171 10917 10033 13348 16187 4832 16187 16187 10953 10036
12008 4776 2563 12892 9070 7401 14272 7740 12773 9264 5326 14237 14368 4440 16187 16187
3489 4750 12835 3543 9605 926 8268 12008 4776 4927 7926 8710 6259 8858 5867 6161
1655 12233 14180 3102 8719 9222 3171 10917 10033 13348 16187 4832 16187 16187 10953 10036
8712 5867 6259 12159 7116 16187 16187 16187 16187 16187 16187 16187 16187 16187 16187 16187
3489 4750 12835 3543 9605 926 8268 12008 4776 4927 7926 8710 6259 8858 5867 6161
1655 12233 14180 3102 8719 9222 3171 10917 10033 13348 16187 4832 16187 16187 10953 10036
1955 4776 10033 926 8268 12128 779 15684 926 12233 7185 6442 5867 2752 16187 16187
3489 4750 12835 3543 9605 926 8268 12008 4776 4927 7926 8710 6259 8858 5867 6161
1655 12233 14180 3102 8719 9222 3171 10917 10033 13348 16187 4832 16187 16187 10953 10036
1378 3235 10967 4776 15939 5463 9084 9754 7448 12233 2823 4763 16187 16187 16187 16187
3489 4750 12835 3543 9605 926 8268 12008 4776 4927 7926 8710 6259 8858 5867 6161
1655 12233 14180 3102 8719 9222 3171 10917 10033 13348 16187 4832 16187 16187 10953 10036
4776 31 14457 8710 8818 10719 569 3177 9431 443 8506 3177 15740 16187 16187 16187
3489 4750 12835 3543 9605 926 8268 12008 4776 4927 7926 8710 6259 8858 5867 6161
1655 12233 14180 3102 8719 9222 3171 10917 10033 13348 16187 4832 16187 16187 10953 10036
703 5946 15525 7742 137 7926 4571 2858 4776 926 16187 16187 16187 16187 16187 16187
3489 4750 12835 3543 9605 926 8268 12008 4776 4927 7926 8710 6259 8858 5867 6161
1655 12233 14180 3102 8719 9222 3171 10917 10033 13348 16187 4832 16187 16187 10953 10036
14069 8710 13084 9575 11282 16187 16187 16187 16187 16187 16187 16187 16187 16187 16187 16187
3489 4750 12835 3543 9605 926 8268 12008 4776 4927 7926 8710 6259 8858 5867 6161
1655 12233 14180 3102 8719 9222 3171 10917 10033 13348 16187 4832 16187 16187 10953 10036
14596 8710 14030 14237 4152 3364 11553 12766 8270 16187 16187 16187 16187 16187 16187 16187
3489 4750 12835 3543 9605 926 8268 12008 4776 4927 7926 8710 6259 8858 5867 6161
1655 12233 14180 3102 8719 9222 3171 10917 10033 13348 16187 4832 16187 16187 10953 10036
10770 13348 16187 16187 16187 16187 16187 16187 16187 16187 16187 16187 16187 16187 16187 16187
3489 4750 12835 3543 9605 926 8268 12008 4776 4927 7926 8710 6259 8858 5867 6161
1655 12233 14180 3102 8719 9222 3171 10917 10033 13348 16187 4832 16187 16187 10953 10036
1229 8268 4624 14776 5328 8794 14237 5328 1138 926 5711 926 16187 16187 16187 16187
3489 4750 12835 3543 9605 926 8268 12008 4776 4927 7926 8710 6259 8858 5867 6161
1655 12233 14180 3102 8719 9222 3171 10917 10033 13348 16187 4832 16187 16187 10953 10036
4776 12364 8710 10917 16187 16187 16187 16187 16187 16187 16187 16187 16187 16187 16187 16187
3489 4750 12835 3543 9605 926 8268 12008 4776 4927 7926 8710 6259 8858 5867 6161
1655 12233 14180 3102 8719 9222 3171 10917 10033 13348 16187 4832 16187 16187 10953 10036
3977 8710 11643 14237 1957 14734 564 1955 4776 6070 5963 12008 14834 817 926 16187
3489 4750 12835 3543 9605 926 8268 12008 4776 4927 7926 8710 6259 8858 5867 6161
1655 12233 14180 3102 8719 9222 3171 10917 10033 13348 16187 4832 16187 16187 10953 10036
203 630 4325 3364 7188 2598 16187 16187 16187 16187 16187 16187 16187 16187 16187 16187
3489 4750 12835 3543 9605 926 8268 12008 4776 4927 7926 8710 6259 8858 5867 6161
1655 12233 14180 3102 8719 9222 3171 10917 10033 13348 16187 4832 16187 16187 10953 10036
8710 1378 3177 4776 7705 11331 8719 926 11253 16187 16187 16187 16187 16187 16187 16187
3489 4750 12835 3543 9605 926 8268 12008 4776 4927 7926 8710 6259 8858 5867 6161
1655 12233 14180 3102 8719 9222 3171 10917 10033 13348 16187 4832 16187 16187 10953 10036
6173 16187 16187 16187 16187 16187 16187 16187 16187 16187 16187 16187 16187 16187 16187 16187
3489 4750 12835 3543 9605 926 8268 12008 4776 4927 7926 8710 6259 8858 5867 6161
1655 12233 14180 3102 8719 9222 3171 10917 10033 13348 16187 4832 16187 16187 10953 10036
5332 12463 4776 2432 8268 15649 14776 4776 6378 3171 2563 8710 6259 8974 16187 16187
3489 4750 12835 3543 9605 926 8268 12008 4776 4927 7926 8710 6259 8858 5867 6161
1655 12233 14180 3102 8719 9222 3171 10917 10033 13348 16187 4832 16187 16187 10953 10036
1229 14069 5867 11684 13447 830 4776 2563 16187 16187 16187 16187 16187 16187 16187 16187
3489 4750 12835 3543 9605 926 8268 12008 4776 4927 7926 8710 6259 8858 5867 6161
1655 12233 14180 3102 8719 9222 3171 10917 10033 13348 16187 4832 16187 16187 10953 10036
8017 4964 8268 7740 4537 9084 9754 11889 8712 16187 16187 16187 16187 16187 16187 16187
3489 4750 12835 3543 9605 926 8268 12008 4776 4927 7926 8710 6259 8858 5867 6161
1655 12233 14180 3102 8719 9222 3171 10917 10033 13348 16187 4832 16187 16187 10953 10036
5297 13084 6985 16187 16187 16187 16187 16187 16187 16187 16187 16187 16187 16187 16187 16187
3489 4750 12835 3543 9605 926 8268 12008 4776 4927 7926 8710 6259 8858 5867 6161
1655 12233 14180 3102 8719 9222 3171 10917 10033 13348 16187 4832 16187 16187 10953 10036
3171 91 8710 6259 9264 176 3177 6259 926 16187 16187 16187 16187 16187 16187 16187
3489 4750 12835 3543 9605 926 8268 12008 4776 4927 7926 8710 6259 8858 5867 6161
1655 12233 14180 3102 8719 9222 3171 10917 10033 13348 16187 4832 16187 16187 10953 10036
7740 973 1229 899 7740 4931 3562 9591 12233 926 3171 12328 10033 16187 16187 16187
3489 4750 12835 3543 9605 926 8268 12008 4776 4927 7926 8710 6259 8858 5867 6161
1655 12233 14180 3102 8719 9222 3171 10917 10033 13348 16187 4832 16187 16187 10953 10036
13464 8268 13474 8912 1885 16058 12196 16187 16187 16187 16187 16187 16187 16187 16187 16187
3489 4750 12835 3543 9605 926 8268 12008 4776 4927 7926 8710 6259 8858 5867 6161
1655 12233 14180 3102 8719 9222 3171 10917 10033 13348 16187 4832 16187 16187 10953 10036
12650 12481 16187 16187 16187 16187 16187 16187 16187 16187 16187 16187 16187 16187 16187 16187
3489 4750 12835 3543 9605 926 8268 12008 4776 4927 7926 8710 6259 8858 5867 6161
1655 12233 14180 3102 8719 9222 3171 10917 10033 13348 16187 4832 16187 16187 10953 10036
1229 8268 5332 15662 3543 7740 5407 2598 16187 16187 16187 16187 16187 16187 16187 16187
3489 4750 12835 3543 9605 926 8268 12008 4776 4927 7926 8710 6259 8858 5867 6161
1655 12233 14180 3102 8719 9222 3171 10917 10033 13348 16187 4832 16187 16187 10953 10036
7974 6011 926 2823 13129 2598 16187 16187 16187 16187 16187 16187 16187 16187 16187 16187
3489 4750 12835 3543 9605 926 8268 12008 4776 4927 7926 8710 6259 8858 5867 6161
1655 12233 14180 3102 8719 9222 3171 10917 10033 13348 16187 4832 16187 16187 10953 10036
8794 4017 13084 13122 11009 8719 4776 13538 1378 2614 9051 10776 7345 8456 16187 16187
3489 4750 12835 3543 9605 926 8268 12008 4776 4927 7926 8710 6259 8858 5867 6161
1655 12233 14180 3102 8719 9222 3171 10917 10033 13348 16187 4832 16187 16187 10953 10036
8712 8710 5944 8268 6700 14237 2115 16187 16187 16187 16187 16187 16187 16187 16187 16187
3489 4750 12835 3543 9605 926 8268 12008 4776 4927 7926 8710 6259 8858 5867 6161
1655 12233 14180 3102 8719 9222 3171 10917 10033 13348 16187 4832 16187 16187 10953 10036
3171 10033 8710 9972 1919 6259 6070 10355 5121 13839 16187 16187 16187 16187 16187 16187
3489 4750 12835 3543 9605 926 8268 12008 4776 4927 7926 8710 6259 8858 5867 6161
1655 12233 14180 3102 8719 9222 3171 10917 10033 13348 16187 4832 16187 16187 10953 10036
12958 8710 11953 5599 9422 14237 569 3177 5852 14237 6259 12671 16187 16187 16187 16187
3489 4750 12835 3543 9605 926 8268 12008 4776 4927 7926 8710 6259 8858 5867 6161
1655 12233 14180 3102 8719 9222 3171 10917 10033 13348 16187 4832 16187 16187 10953 10036
9519 13653 5867 9534 1955 4776 1787 8614 14237 926 926 8710 10917 16187 16187 16187
3489 4750 12835 3543 9605 926 8268 12008 4776 4927 7926 8710 6259 8858 5867 6161
1655 12233 14180 3102 8719 9222 3171 10917 10033 13348 16187 4832 16187 16187 10953 10036
8712 779 5332 10150 926 2858 6259 6056 10033 16187 16187 16187 16187 16187 16187 16187
3489 4750 12835 3543 9605 926 8268 12008 4776 4927 7926 8710 6259 8858 5867 6161
1655 12233 14180 3102 8719 9222 3171 10917 10033 13348 16187 4832 16187 16187 10953 10036
3448 3553 16187 16187 16187 16187 16187 16187 16187 16187 16187 16187 16187 16187 16187 16187
3489 4750 12835 3543 9605 926 8268 12008 4776 4927 7926 8710 6259 8858 5867 6161
1655 12233 14180 3102 8719 9222 3171 10917 10033 13348 16187 4832 16187 16187 10953 10036
6011 3543 2326 12003 3171 2563 14237 2327 8712 16187 16187 16187 16187 16187 16187 16187
3489 4750 12835 3543 9605 926 8268 12008 4776 4927 7926 8710 6259 8858 5867 6161
1655 12233 14180 3102 8719 9222 3171 10917 10033 13348 16187 4832 16187 16187 10953 10036
3098 7310 284 16187 16187 16187 16187 16187 16187 16187 16187 16187 16187 16187 16187 16187
3489 4750 12835 3543 9605 926 8268 12008 4776 4927 7926 8710 6259 8858 5867 6161
1655 12233 14180 3102 8719 9222 3171 10917 10033 13348 16187 4832 16187 16187 10953 10036
14272 6259 1138 12167 7970 5711 9534 2837 1213 6259 3011 13926 13348 16187 16187 16187
3489 4750 12835 3543 9605 926 8268 12008 4776 4927 7926 8710 6259 8858 5867 6161
1655 12233 14180 3102 8719 9222 3171 10917 10033 13348 16187 4832 16187 16187 10953 10036
4776 3098 2353 8710 4421 4417 16187 16187 16187 16187 16187 16187 16187 16187 16187 16187
3489 4750 12835 3543 9605 926 8268 12008 4776 4927 7926 8710 6259 8858 5867 6161
1655 12233 14180 3102 8719 9222 3171 10917 10033 13348 16187 4832 16187 16187 10953 10036
7740 7433 6011 14776 816 2148 10913 512 5329 16187 16187 16187 16187 16187 16187 16187
3489 4750 12835 3543 9605 926 8268 12008 4776 4927 7926 8710 6259 8858 5867 6161
1655 12233 14180 3102 8719 9222 3171 10917 10033 13348 16187 4832 16187 16187 10953 10036
3171 8710 14272 7740 8152 6259 1138 5777 12805 5711 16187 16187 16187 16187 16187 16187
3489 4750 12835 3543 9605 926 8268 12008 4776 4927 7926 8710 6259 8858 5867 6161
1655 12233 14180 3102 8719 9222 3171 10917 10033 13348 16187 4832 16187 16187 10953 10036
8712 5867 2326 5463 10355 16187 16187 16187 16187 16187 16187 16187 16187 16187 16187 16187
3489 4750 12835 3543 9605 926 8268 12008 4776 4927 7926 8710 6259 8858 5867 6161
1655 12233 14180 3102 8719 9222 3171 10917 10033 13348 16187 4832 16187 16187 10953 10036
10232 926 1138 7740 11553 12233 10503 8719 6259 1787 13740 12276 16058 8456 16187 16187
3489 4750 12835 3543 9605 926 8268 12008 4776 4927 7926 8710 6259 8858 5867 6161
1655 12233 14180 3102 8719 9222 3171 10917 10033 13348 16187 4832 16187 16187 10953 10036
8712 8710 6259 7156 12233 8155 14691 6672 16187 16187 16187 16187 16187 16187 16187 16187
3489 4750 12835 3543 9605 926 8268 12008 4776 4927 7926 8710 6259 8858 5867 6161
1655 12233 14180 3102 8719 9222 3171 10917 10033 13348 16187 4832 16187 16187 10953 10036
14069 8710 13084 6500 15740 3177 14272 8710 1515 14029 1957 14180 12291 16187 16187 16187
3489 4750 12835 3543 9605 926 8268 12008 4776 4927 7926 8710 6259 8858 5867 6161
1655 12233 14180 3102 8719 9222 3171 10917 10033 13348 16187 4832 16187 16187 10953 10036
4776 8230 2500 8710 926 7410 1955 6259 649 16187 16187 16187 16187 16187 16187 16187
3489 4750 12835 3543 9605 926 8268 12008 4776 4927 7926 8710 6259 8858 5867 6161
1655 12233 14180 3102 8719 9222 3171 10917 10033 13348 16187 4832 16187 16187 10953 10036
3177 4776 13839 7740 968 11046 15525 926 8900 14237 926 926 16187 16187 16187 16187
3489 4750 12835 3543 9605 926 8268 12008 4776 4927 7926 8710 6259 8858 5867 6161
1655 12233 14180 3102 8719 9222 3171 10917 10033 13348 16187 4832 16187 16187 10953 10036
4949 8268 4949 16187 16187 16187 16187 16187 16187 16187 16187 16187 16187 16187 16187 16187
3489 4750 12835 3543 9605 926 8268 12008 4776 4927 7926 8710 6259 8858 5867 6161
1655 12233 14180 3102 8719 9222 3171 10917 10033 13348 16187 4832 16187 16187 10953 10036
14069 5867 2446 1954 11856 5981 11953 4776 2563 8268 5148 5329 15840 8719 6071 16187
3489 4750 12835 3543 9605 926 8268 12008 4776 4927 7926 8710 6259 8858 5867 6161
1655 12233 14180 3102 8719 9222 3171 10917 10033 13348 16187 4832 16187 16187 10953 10036
5121 13839 8710 10355 16187 16187 16187 16187 16187 16187 16187 16187 16187 16187 16187 16187
3489 4750 12835 3543 9605 926 8268 12008 4776 4927 7926 8710 6259 8858 5867 6161
1655 12233 14180 3102 8719 9222 3171 10917 10033 13348 16187 4832 16187 16187 10953 10036
11499 4776 9577 2102 4776 820 1955 1750 630 2148 1878 512 8710 13436 16187 16187
3489 4750 12835 3543 9605 926 8268 12008 4776 4927 7926 8710 6259 8858 5867 6161
1655 12233 14180 3102 8719 9222 3171 10917 10033 13348 16187 4832 16187 16187 10953 10036
6013 16187 16187 16187 16187 16187 16187 16187 16187 16187 16187 16187 16187 16187 16187 16187
3489 4750 12835 3543 9605 926 8268 12008 4776 4927 7926 8710 6259 8858 5867 6161
1655 12233 14180 3102 8719 9222 3171 10917 10033 13348 16187 4832 16187 16187 10953 10036
12008 1138 926 5711 4931 14734 10566 5822 4710 16187 16187 16187 16187 16187 16187 16187
3489 4750 12835 3543 9605 926 8268 12008 4776 4927 7926 8710 6259 8858 5867 6161
1655 12233 14180 3102 8719 9222 3171 10917 10033 13348 16187 4832 16187 16187 10953 10036
14237 8712 4931 8268 12008 8069 1229 7740 12773 2148 512 14272 7740 12431 16187 16187
3489 4750 12835 3543 9605 926 8268 12008 4776 4927 7926 8710 6259 8858 5867 6161
1655 12233 14180 3102 8719 9222 3171 10917 10033 13348 16187 4832 16187 16187 10953 10036
4776 15149 3177 4776 3366 8710 2446 6070 2176 16187 16187 16187 16187 16187 16187 16187
3489 4750 12835 3543 9605 926 8268 12008 4776 4927 7926 8710 6259 8858 5867 6161
1655 12233 14180 3102 8719 9222 3171 10917 10033 13348 16187 4832 16187 16187 10953 10036
4776 15776 8872 4440 8268 1957 4776 15909 926 10397 8268 14776 6420 16187 16187 16187
3489 4750 12835 3543 9605 926 8268 12008 4776 4927 7926 8710 6259 8858 5867 6161
1655 12233 14180 3102 8719 9222 3171 10917 10033 13348 16187 4832 16187 16187 10953 10036
13474 1958 7651 1778 487 1138 926 8268 8710 9455 14069 2598 5711 16187 16187 16187
3489 4750 12835 3543 9605 926 8268 12008 4776 4927 7926 8710 6259 8858 5867 6161
1655 12233 14180 3102 8719 9222 3171 10917 10033 13348 16187 4832 16187 16187 10953 10036
8712 4931 5580 1954 16139 10033 8268 926 10967 1213 6259 4465 795 12536 16187 16187
3489 4750 12835 3543 9605 926 8268 12008 4776 4927 7926 8710 6259 8858 5867 6161
1655 12233 14180 3102 8719 9222 3171 10917 10033 13348 16187 4832 16187 16187 10953 10036
9743 10217 15729 2903 1750 926 5867 926 14237 926 926 13959 14029 4776 9577 16187
3489 4750 12835 3543 9605 926 8268 12008 4776 4927 7926 8710 6259 8858 5867 6161
1655 12233 14180 3102 8719 9222 3171 10917 10033 13348 16187 4832 16187 16187 10953 10036
6259 4473 14237 2229 4189 3177 2469 14237 13730 515 16187 16187 16187 16187 16187 16187
3489 4750 12835 3543 9605 926 8268 12008 4776 4927 7926 8710 6259 8858 5867 6161
1655 12233 14180 3102 8719 9222 3171 10917 10033 13348 16187 4832 16187 16187 10953 10036
6259 4949 8974 8268 5329 4615 2837 4776 11085 926 2563 3177 4776 9790 13429 16187
3489 4750 12835 3543 9605 926 8268 12008 4776 4927 7926 8710 6259 8858 5867 6161
1655 12233 14180 3102 8719 9222 3171 10917 10033 13348 16187 4832 16187 16187 10953 10036
3171 4931 1954 14030 2563 13348 16187 16187 16187 16187 16187 16187 16187 16187 16187 16187
3489 4750 12835 3543 9605 926 8268 12008 4776 4927 7926 8710 6259 8858 5867 6161
1655 12233 14180 3102 8719 9222 3171 10917 10033 13348 16187 4832 16187 16187 10953 10036
9331 12422 830 2067 1414 16187 16187 16187 16187 16187 16187 16187 16187 16187 16187 16187
3489 4750 12835 3543 9605 926 8268 12008 4776 4927 7926 8710 6259 8858 5867 6161
1655 12233 14180 3102 8719 9222 3171 10917 10033 13348 16187 4832 16187 16187 10953 10036
7926 3543 14361 12233 6826 10638 1919 3765 9461 16187 16187 16187 16187 16187 16187 16187
3489 4750 12835 3543 9605 926 8268 12008 4776 4927 7926 8710 6259 8858 5867 6161
1655 12233 14180 3102 8719 9222 3171 10917 10033 13348 16187 4832 16187 16187 10953 10036
11789 12127 3384 779 15389 11889 5463 8719 8712 5463 3112 8712 854 16187 16187 16187
3489 4750 12835 3543 9605 926 8268 12008 4776 4927 7926 8710 6259 8858 5867 6161
1655 12233 14180 3102 8719 9222 3171 10917 10033 13348 16187 4832 16187 16187 10953 10036
13348 13348 13348 13348 7740 14581 11889 7740 973 6363 1243 817 10036 13348 16187 16187
3489 4750 12835 3543 9605 926 8268 12008 4776 4927 7926 8710 6259 8858 5867 6161
1655 12233 14180 3102 8719 9222 3171 10917 10033 13348 16187 4832 16187 16187 10953 10036
8712 5867 5329 6259 8794 1750 13348 16187 16187 16187 16187 16187 16187 16187 16187 16187
3489 4750 12835 3543 9605 926 8268 12008 4776 4927 7926 8710 6259 8858 5867 6161
1655 12233 14180 3102 8719 9222 3171 10917 10033 13348 16187 4832 16187 16187 10953 10036
3171 2563 8710 2684 4812 8268 11889 4776 2588 10217 8719 4776 308 16187 16187 16187
3489 4750 12835 3543 9605 926 8268 12008 4776 4927 7926 8710 6259 8858 5867 6161
1655 12233 14180 3102 8719 9222 3171 10917 10033 13348 16187 4832 16187 16187 10953 10036
7740 4142 8154 3171 2563 16187 16187 16187 16187 16187 16187 16187 16187 16187 16187 16187
3489 4750 12835 3543 9605 926 8268 12008 4776 4927 7926 8710 6259 8858 5867 6161
1655 12233 14180 3102 8719 9222 3171 10917 10033 13348 16187 4832 16187 16187 10953 10036
12008 14069 8710 2446 13836 273 8719 5713 3772 16187 16187 16187 16187 16187 16187 16187
3489 4750 12835 3543 9605 926 8268 12008 4776 4927 7926 8710 6259 8858 5867 6161
1655 12233 14180 3102 8719 9222 3171 10917 10033 13348 16187 4832 16187 16187 10953 10036
12022 926 926 1955 6259 926 926 6390 2598 16187 16187 16187 16187 16187 16187 16187
3489 4750 12835 3543 9605 926 8268 12008 4776 4927 7926 8710 6259 8858 5867 6161
1655 12233 14180 3102 8719 9222 3171 10917 10033 13348 16187 4832 16187 16187 10953 10036
12008 13464 8268 8712 5867 14691 2148 512 6535 6593 16187 16187 16187 16187 16187 16187
3489 4750 12835 3543 9605 926 8268 12008 4776 4927 7926 8710 6259 8858 5867 6161
1655 12233 14180 3102 8719 9222 3171 10917 10033 13348 16187 4832 16187 16187 10953 10036
4776 8268 132 8268 8710 1955 6585 12233 3257 1955 786 16187 16187 16187 16187 16187
3489 4750 12835 3543 9605 926 8268 12008 4776 4927 7926 8710 6259 8858 5867 6161
1655 12233 14180 3102 8719 9222 3171 10917 10033 13348 16187 4832 16187 16187 10953 10036
13093 926 5867 926 8710 6259 3098 10033 16187 16187 16187 16187 16187 16187 16187 16187
3489 4750 12835 3543 9605 926 8268 12008 4776 4927 7926 8710 6259 8858 5867 6161
1655 12233 14180 3102 8719 9222 3171 10917 10033 13348 16187 4832 16187 16187 10953 10036
7542 8268 6259 6070 10355 12008 14619 10269 16187 16187 16187 16187 16187 16187 16187 16187
3489 4750 12835 3543 9605 926 8268 12008 4776 4927 7926 8710 6259 8858 5867 6161
1655 12233 14180 3102 8719 9222 3171 10917 10033 13348 16187 4832 16187 16187 10953 10036
5355 4776 7012 8710 4404 9339 8808 16187 16187 16187 16187 16187 16187 16187 16187 16187
3489 4750 12835 3543 9605 926 8268 12008 4776 4927 7926 8710 6259 8858 5867 6161
1655 12233 14180 3102 8719 9222 3171 10917 10033 13348 16187 4832 16187 16187 10953 10036
4776 8521 8710 405 8268 12008 6011 4552 9754 15956 203 8712 11921 14043 13089 16187
3489 4750 12835 3543 9605 926 8268 12008 4776 4927 7926 8710 6259 8858 5867 6161
1655 12233 14180 3102 8719 9222 3171 10917 10033 13348 16187 4832 16187 16187 10953 10036
14069 4931 2446 6259 7708 3384 1919 1834 8719 4776 4586 8181 16187 16187 16187 16187
3489 4750 12835 3543 9605 926 8268 12008 4776 4927 7926 8710 6259 8858 5867 6161
1655 12233 14180 3102 8719 9222 3171 10917 10033 13348 16187 4832 16187 16187 10953 10036
7926 926 15525 14734 14945 6477 14237 926 16187 16187 16187 16187 16187 16187 16187 16187
3489 4750 12835 3543 9605 926 8268 12008 4776 4927 7926 8710 6259 8858 5867 6161
1655 12233 14180 3102 8719 9222 3171 10917 10033 13348 16187 4832 16187 16187 10953 10036
8712 2025 4537 203 9749 4624 14776 10967 12401 16146 14237 15520 2077 16187 16187 16187
3489 4750 12835 3543 9605 926 8268 12008 4776 4927 7926 8710 6259 8858 5867 6161
1655 12233 14180 3102 8719 9222 3171 10917 10033 13348 16187 4832 16187 16187 10953 10036
8712 5867 14180 6070 9594 14237 14705 761 8268 12008 4776 4856 8710 3335 14237 16187
3489 4750 12835 3543 9605 926 8268 12008 4776 4927 7926 8710 6259 8858 5867 6161
1655 12233 14180 3102 8719 9222 3171 10917 10033 13348 16187 4832 16187 16187 10953 10036
7740 5226 7926 8069 11839 4776 14560 5095 926 4931 6259 926 8268 1229 10669 16187
3489 4750 12835 3543 9605 926 8268 12008 4776 4927 7926 8710 6259 8858 5867 6161
1655 12233 14180 3102 8719 9222 3171 10917 10033 13348 16187 4832 16187 16187 10953 10036
4776 6042 9290 8710 6259 6238 926 11144 10967 6259 4557 926 10033 16187 16187 16187
3489 4750 12835 3543 9605 926 8268 12008 4776 4927 7926 8710 6259 8858 5867 6161
1655 12233 14180 3102 8719 9222 3171 10917 10033 13348 16187 4832 16187 16187 10953 10036
8712 8093 926 8268 14180 4776 12835 11553 10355 4473 12854 14237 13074 15180 16187 16187
3489 4750 12835 3543 9605 926 8268 12008 4776 4927 7926 8710 6259 8858 5867 6161
1655 12233 14180 3102 8719 9222 3171 10917 10033 13348 16187 4832 16187 16187 10953 10036
11789 12401 14237 12127 3384 4931 11022 8719 11179 16187 16187 16187 16187 16187 16187 16187
3489 4750 12835 3543 9605 926 8268 12008 4776 4927 7926 8710 6259 8858 5867 6161
1655 12233 14180 3102 8719 9222 3171 10917 10033 13348 16187 4832 16187 16187 10953 10036
10710 4152 8268 12008 7997 284 16187 16187 16187 16187 16187 16187 16187 16187 16187 16187
3489 4750 12835 3543 9605 926 8268 12008 4776 4927 7926 8710 6259 8858 5867 6161
1655 12233 14180 3102 8719 9222 3171 10917 10033 13348 16187 4832 16187 16187 10953 10036
4776 8808 10801 8710 13134 830 6259 10094 5867 10033 4964 8093 926 15597 9887 16187
3489 4750 12835 3543 9605 926 8268 12008 4776 4927 7926 8710 6259 8858 5867 6161
1655 12233 14180 3102 8719 9222 3171 10917 10033 13348 16187 4832 16187 16187 10953 10036
6011 15956 7740 3364 7001 14029 14237 14029 12008 7740 4628 9754 16187 16187 16187 16187
3489 4750 12835 3543 9605 926 8268 12008 4776 4927 7926 8710 6259 8858 5867 6161
1655 12233 14180 3102 8719 9222 3171 10917 10033 13348 16187 4832 16187 16187 10953 10036
14237 8796 8268 7740 973 5297 8511 5463 6598 16187 16187 16187 16187 16187 16187 16187
3489 4750 12835 3543 9605 926 8268 12008 4776 4927 7926 8710 6259 8858 5867 6161
1655 12233 14180 3102 8719 9222 3171 10917 10033 13348 16187 4832 16187 16187 10953 10036
14237 9296 4776 308 13345 830 10781 16187 16187 16187 16187 16187 16187 16187 16187 16187
3489 4750 12835 3543 9605 926 8268 12008 4776 4927 7926 8710 6259 8858 5867 6161
1655 12233 14180 3102 8719 9222 3171 10917 10033 13348 16187 4832 16187 16187 10953 10036
926 8268 4776 2285 13839 14776 14029 12489 14708 5509 16187 16187 16187 16187 16187 16187
3489 4750 12835 3543 9605 926 8268 12008 4776 4927 7926 8710 6259 8858 5867 6161
1655 12233 14180 3102 8719 9222 3171 10917 10033 13348 16187 4832 16187 16187 10953 10036
1019 6173 16187 16187 16187 16187 16187 16187 16187 16187 16187 16187 16187 16187 16187 16187
3489 4750 12835 3543 9605 926 8268 12008 4776 4927 7926 8710 6259 8858 5867 6161
1655 12233 14180 3102 8719 9222 3171 10917 10033 13348 16187 4832 16187 16187 10953 10036
1019 6173 16187 16187 16187 16187 16187 16187 16187 16187 16187 16187 16187 16187 16187 16187
3489 4750 12835 3543 9605 926 8268 12008 4776 4927 7926 8710 6259 8858 5867 6161
1655 12233 14180 3102 8719 9222 3171 10917 10033 13348 16187 4832 16187 16187 10953 10036
8712 8710 1378 6070 7742 10471 10978 8268 10372 8268 14237 1110 14596 16187 16187 16187
3489 4750 12835 3543 9605 926 8268 12008 4776 4927 7926 8710 6259 8858 5867 6161
1655 12233 14180 3102 8719 9222 3171 10917 10033 13348 16187 4832 16187 16187 10953 10036
129 10765 8710 6259 16148 9516 12008 10401 14237 15743 16187 16187 16187 16187 16187 16187
3489 4750 12835 3543 9605 926 8268 12008 4776 4927 7926 8710 6259 8858 5867 6161
1655 12233 14180 3102 8719 9222 3171 10917 10033 13348 16187 4832 16187 16187 10953 10036
4776 926 13926 9715 926 6179 14029 6259 15884 15781 14237 2135 8712 3748 7393 16187
3489 4750 12835 3543 9605 926 8268 12008 4776 4927 7926 8710 6259 8858 5867 6161
1655 12233 14180 3102 8719 9222 3171 10917 10033 13348 16187 4832 16187 16187 10953 10036
14180 8719 14180 8268 7740 2383 6826 3177 2904 15846 8093 2823 9131 16187 16187 16187
3489 4750 12835 3543 9605 926 8268 12008 4776 4927 7926 8710 6259 8858 5867 6161
1655 12233 14180 3102 8719 9222 3171 10917 10033 13348 16187 4832 16187 16187 10953 10036
4776 12835 14180 11553 6070 7168 9452 16187 16187 16187 16187 16187 16187 16187 16187 16187
3489 4750 12835 3543 9605 926 8268 12008 4776 4927 7926 8710 6259 8858 5867 6161
1655 12233 14180 3102 8719 9222 3171 10917 10033 13348 16187 4832 16187 16187 10953 10036
4776 2563 3025 1543 4776 2588 1378 1919 926 13022 8719 5323 16187 16187 16187 16187
3489 4750 12835 3543 9605 926 8268 12008 4776 4927 7926 8710 6259 8858 5867 6161
1655 12233 14180 3102 8719 9222 3171 10917 10033 13348 16187 4832 16187 16187 10953 10036
8712 8710 3171 7949 5463 2326 13549 4776 10033 14512 16187 16187 16187 16187 16187 16187
3489 4750 12835 3543 9605 926 8268 12008 4776 4927 7926 8710 6259 8858 5867 6161
1655 12233 14180 3102 8719 9222 3171 10917 10033 13348 16187 4832 16187 16187 10953 10036
1229 630 1229 5463 4776 15900 7151 1958 10324 11692 643 11004 6011 12233 5804 16187
3489 4750 12835 3543 9605 926 8268 12008 4776 4927 7926 8710 6259 8858 5867 6161
1655 12233 14180 3102 8719 9222 3171 10917 10033 13348 16187 4832 16187 16187 10953 10036
8796 8268 14069 14776 2943 14937 14237 5906 3766 16187 16187 16187 16187 16187 16187 16187
3489 4750 12835 3543 9605 926 8268 12008 4776 4927 7926 8710 6259 8858 5867 6161
1655 12233 14180 3102 8719 9222 3171 10917 10033 13348 16187 4832 16187 16187 10953 10036
11039 3177 11889 4776 926 14029 6259 13342 7956 7615 16187 16187 16187 16187 16187 16187
3489 4750 12835 3543 9605 926 8268 12008 4776 4927 7926 8710 6259 8858 5867 6161
1655 12233 14180 3102 8719 9222 3171 10917 10033 13348 16187 4832 16187 16187 10953 10036
817 828 3818 7981 14069 8710 6259 6140 6390 12999 8719 14138 13280 16187 16187 16187
3489 4750 12835 3543 9605 926 8268 12008 4776 4927 7926 8710 6259 8858 5867 6161
1655 12233 14180 3102 8719 9222 3171 10917 10033 13348 16187 4832 16187 16187 10953 10036
926 926 5867 9534 4931 1258 16187 16187 16187 16187 16187 16187 16187 16187 16187 16187
3489 4750 12835 3543 9605 926 8268 12008 4776 4927 7926 8710 6259 8858 5867 6161
1655 12233 14180 3102 8719 9222 3171 10917 10033 13348 16187 4832 16187 16187 10953 10036
926 926 8268 926 14237 926 1750 6826 3177 4776 564 16187 16187 16187 16187 16187
3489 4750 12835 3543 9605 926 8268 12008 4776 4927 7926 8710 6259 8858 5867 6161
1655 12233 14180 3102 8719 9222 3171 10917 10033 13348 16187 4832 16187 16187 10953 10036
8712 11744 9754 9070 8712 5867 4776 3403 13348 16187 16187 16187 16187 16187 16187 16187
3489 4750 12835 3543 9605 926 8268 12008 4776 4927 7926 8710 6259 8858 5867 6161
1655 12233 14180 3102 8719 9222 3171 10917 10033 13348 16187 4832 16187 16187 10953 10036
4776 9339 10501 3177 3171 10033 8710 8155 16187 16187 16187 16187 16187 16187 16187 16187
3489 4750 12835 3543 9605 926 8268 12008 4776 4927 7926 8710 6259 8858 5867 6161
1655 12233 14180 3102 8719 9222 3171 10917 10033 13348 16187 4832 16187 16187 10953 10036
15041 3873 8268 14043 926 12233 5717 11014 2858 1138 3624 5711 8719 14734 10033 16187
3489 4750 12835 3543 9605 926 8268 12008 4776 4927 7926 8710 6259 8858 5867 6161
1655 12233 14180 3102 8719 9222 3171 10917 10033 13348 16187 4832 16187 16187 10953 10036
3171 2563 4931 5329 6259 3192 2664 2563 8268 14237 6011 5208 8158 16187 16187 16187
3489 4750 12835 3543 9605 926 8268 12008 4776 4927 7926 8710 6259 8858 5867 6161
1655 12233 14180 3102 8719 9222 3171 10917 10033 13348 16187 4832 16187 16187 10953 10036
926 13348 13348 13348 16187 16187 16187 16187 16187 16187 16187 16187 16187 16187 16187 16187
3489 4750 12835 3543 9605 926 8268 12008 4776 4927 7926 8710 6259 8858 5867 6161
1655 12233 14180 3102 8719 9222 3171 10917 10033 13348 16187 4832 16187 16187 10953 10036
15597 1133 14776 14691 2148 512 6259 15096 132 3059 16187 16187 16187 16187 16187 16187
3489 4750 12835 3543 9605 926 8268 12008 4776 4927 7926 8710 6259 8858 5867 6161
1655 12233 14180 3102 8719 9222 3171 10917 10033 13348 16187 4832 16187 16187 10953 10036
14691 3098 91 12008 5297 12606 8268 8440 8268 14237 10770 12233 12650 16187 16187 16187
3489 4750 12835 3543 9605 926 8268 12008 4776 4927 7926 8710 6259 8858 5867 6161
1655 12233 14180 3102 8719 9222 3171 10917 10033 13348 16187 4832 16187 16187 10953 10036
4624 771 12233 2552 8712 14069 16187 16187 16187 16187 16187 16187 16187 16187 16187 16187
3489 4750 12835 3543 9605 926 8268 12008 4776 4927 7926 8710 6259 8858 5867 6161
1655 12233 14180 3102 8719 9222 3171 10917 10033 13348 16187 4832 16187 16187 10953 10036
4776 8213 12286 14237 4776 6730 1919 5092 14237 926 14776 13084 2148 16187 16187 16187
3489 4750 12835 3543 9605 926 8268 12008 4776 4927 7926 8710 6259 8858 5867 6161
1655 12233 14180 3102 8719 9222 3171 10917 10033 13348 16187 4832 16187 16187 10953 10036
5713 820 12232 14237 3543 2823 8719 6259 10396 15618 16187 16187 16187 16187 16187 16187
3489 4750 12835 3543 9605 926 8268 12008 4776 4927 7926 8710 6259 8858 5867 6161
1655 12233 14180 3102 8719 9222 3171 10917 10033 13348 16187 4832 16187 16187 10953 10036
6285 8396 7076 10217 10638 1955 4776 2053 10355 3994 14237 2053 4750 3994 926 16187
3489 4750 12835 3543 9605 926 8268 12008 4776 4927 7926 8710 6259 8858 5867 6161
1655 12233 14180 3102 8719 9222 3171 10917 10033 13348 16187 4832 16187 16187 10953 10036
5332 4776 13429 8710 11499 926 1919 7145 16187 16187 16187 16187 16187 16187 16187 16187
3489 4750 12835 3543 9605 926 8268 12008 4776 4927 7926 8710 6259 8858 5867 6161
1655 12233 14180 3102 8719 9222 3171 10917 10033 13348 16187 4832 16187 16187 10953 10036
7740 5297 11553 13084 10400 15662 13852 11839 5463 4931 6259 10355 10400 13348 16187 16187
3489 4750 12835 3543 9605 926 8268 12008 4776 4927 7926 8710 6259 8858 5867 6161
1655 12233 14180 3102 8719 9222 3171 10917 10033 13348 16187 4832 16187 16187 10953 10036
11244 13092 4776 6585 2903 9575 16187 16187 16187 16187 16187 16187 16187 16187 16187 16187
3489 4750 12835 3543 9605 926 8268 12008 4776 4927 7926 8710 6259 8858 5867 6161
1655 12233 14180 3102 8719 9222 3171 10917 10033 13348 16187 4832 16187 16187 10953 10036
14237 9861 3847 6259 10355 15781 8268 12654 1750 2077 14734 10516 16187 16187 16187 16187
3489 4750 12835 3543 9605 926 8268 12008 4776 4927 7926 8710 6259 8858 5867 6161
1655 12233 14180 3102 8719 9222 3171 10917 10033 13348 16187 4832 16187 16187 10953 10036
9084 14180 4776 641 9605 7480 2598 16187 16187 16187 16187 16187 16187 16187 16187 16187
3489 4750 12835 3543 9605 926 8268 12008 4776 4927 7926 8710 6259 8858 5867 6161
1655 12233 14180 3102 8719 9222 3171 10917 10033 13348 16187 4832 16187 16187 10953 10036
8712 15881 13084 2123 8719 16041 8712 15525 3177 14745 16187 16187 16187 16187 16187 16187
3489 4750 12835 3543 9605 926 8268 12008 4776 4927 7926 8710 6259 8858 5867 6161
1655 12233 14180 3102 8719 9222 3171 10917 10033 13348 16187 4832 16187 16187 10953 10036
4776 5774 926 443 15881 9575 14237 9360 14237 4776 11303 8428 16187 16187 16187 16187
3489 4750 12835 3543 9605 926 8268 12008 4776 4927 7926 8710 6259 8858 5867 6161
1655 12233 14180 3102 8719 9222 3171 10917 10033 13348 16187 4832 16187 16187 10953 10036
4776 5186 13570 926 12233 549 12233 15520 469 16187 16187 16187 16187 16187 16187 16187
3489 4750 12835 3543 9605 926 8268 12008 4776 4927 7926 8710 6259 8858 5867 6161
1655 12233 14180 3102 8719 9222 3171 10917 10033 13348 16187 4832 16187 16187 10953 10036
216 11674 8069 8719 4776 12792 3177 7558 16187 16187 16187 16187 16187 16187 16187 16187
3489 4750 12835 3543 9605 926 8268 12008 4776 4927 7926 8710 6259 8858 5867 6161
1655 12233 14180 3102 8719 9222 3171 10917 10033 13348 16187 4832 16187 16187 10953 10036
8712 5867 5329 14180 8569 16187 16187 16187 16187 16187 16187 16187 16187 16187 16187 16187
3489 4750 12835 3543 9605 926 8268 12008 4776 4927 7926 8710 6259 8858 5867 6161
1655 12233 14180 3102 8719 9222 3171 10917 10033 13348 16187 4832 16187 16187 10953 10036
11191 11720 14029 4776 15798 3177 4776 10033 2905 16187 16187 16187 16187 16187 16187 16187
3489 4750 12835 3543 9605 926 8268 12008 4776 4927 7926 8710 6259 8858 5867 6161
1655 12233 14180 3102 8719 9222 3171 10917 10033 13348 16187 4832 16187 16187 10953 10036
15846 3171 4981 2823 14734 2588 2598 16187 16187 16187 16187 16187 16187 16187 16187 16187
3489 4750 12835 3543 9605 926 8268 12008 4776 4927 7926 8710 6259 8858 5867 6161
1655 12233 14180 3102 8719 9222 3171 10917 10033 13348 16187 4832 16187 16187 10953 10036
9296 5463 15846 8537 12276 904 1919 3171 2211 14362 1955 926 926 16187 16187 16187
3489 4750 12835 3543 9605 926 8268 12008 4776 4927 7926 8710 6259 8858 5867 6161
1655 12233 14180 3102 8719 9222 3171 10917 10033 13348 16187 4832 16187 16187 10953 10036
7740 771 12555 3192 12362 830 3171 2563 16187 16187 16187 16187 16187 16187 16187 16187
3489 4750 12835 3543 9605 926 8268 12008 4776 4927 7926 8710 6259 8858 5867 6161
1655 12233 14180 3102 8719 9222 3171 10917 10033 13348 16187 4832 16187 16187 10953 10036
8712 5867 8738 5463 926 5867 13733 10638 14237 6499 9498 8993 6918 16187 16187 16187
3489 4750 12835 3543 9605 926 8268 12008 4776 4927 7926 8710 6259 8858 5867 6161
1655 12233 14180 3102 8719 9222 3171 10917 10033 13348 16187 4832 16187 16187 10953 10036
8712 8093 13729 12233 926 16187 16187 16187 16187 16187 16187 16187 16187 16187 16187 16187
3489 4750 12835 3543 9605 926 8268 12008 4776 4927 7926 8710 6259 8858 5867 6161
1655 12233 14180 3102 8719 9222 3171 10917 10033 13348 16187 4832 16187 16187 10953 10036
4776 7433 16105 8268 14237 3487 1554 2554 16187 16187 16187 16187 16187 16187 16187 16187
3489 4750 12835 3543 9605 926 8268 12008 4776 4927 7926 8710 6259 8858 5867 6161
1655 12233 14180 3102 8719 9222 3171 10917 10033 13348 16187 4832 16187 16187 10953 10036
2599 5867 9605 1378 9424 49 8268 12576 16187 16187 16187 16187 16187 16187 16187 16187
3489 4750 12835 3543 9605 926 8268 12008 4776 4927 7926 8710 6259 8858 5867 6161
1655 12233 14180 3102 8719 9222 3171 10917 10033 13348 16187 4832 16187 16187 10953 10036
926 11401 8268 7742 8268 771 4776 2601 10332 2103 16187 16187 16187 16187 16187 16187
3489 4750 12835 3543 9605 926 8268 12008 4776 4927 7926 8710 6259 8858 5867 6161
1655 12233 14180 3102 8719 9222 3171 10917 10033 13348 16187 4832 16187 16187 10953 10036
15096 9029 16187 16187 16187 16187 16187 16187 16187 16187 16187 16187 16187 16187 16187 16187
3489 4750 12835 3543 9605 926 8268 12008 4776 4927 7926 8710 6259 8858 5867 6161
1655 12233 14180 3102 8719 9222 3171 10917 10033 13348 16187 4832 16187 16187 10953 10036
4776 5033 7740 2383 8710 10355 9591 12008 4776 14596 16187 16187 16187 16187 16187 16187
3489 4750 12835 3543 9605 926 8268 12008 4776 4927 7926 8710 6259 8858 5867 6161
1655 12233 14180 3102 8719 9222 3171 10917 10033 13348 16187 4832 16187 16187 10953 10036
3171 926 10033 8710 2429 6259 10372 1138 2383 15658 8710 4776 10825 5711 9301 16187
3489 4750 12835 3543 9605 926 8268 12008 4776 4927 7926 8710 6259 8858 5867 6161
1655 12233 14180 3102 8719 9222 3171 10917 10033 13348 16187 4832 16187 16187 10953 10036
926 11842 6259 8081 4379 830 926 926 1147 16187 16187 16187 16187 16187 16187 16187
3489 4750 12835 3543 9605 926 8268 12008 4776 4927 7926 8710 6259 8858 5867 6161
1655 12233 14180 3102 8719 9222 3171 10917 10033 13348 16187 4832 16187 16187 10953 10036
1229 703 14776 9754 1515 1955 7742 830 15300 1955 8712 13942 16187 16187 16187 16187
3489 4750 12835 3543 9605 926 8268 12008 4776 4927 7926 8710 6259 8858 5867 6161
1655 12233 14180 3102 8719 9222 3171 10917 10033 13348 16187 4832 16187 16187 10953 10036
8796 8268 926 10967 2024 8268 12008 1919 1781 11913 16187 16187 16187 16187 16187 16187
3489 4750 12835 3543 9605 926 8268 12008 4776 4927 7926 8710 6259 8858 5867 6161
1655 12233 14180 3102 8719 9222 3171 10917 10033 13348 16187 4832 16187 16187 10953 10036
4776 926 8719 5802 13947 2904 2552 703 6259 9450 8271 14237 9296 2148 6991 16187
3489 4750 12835 3543 9605 926 8268 12008 4776 4927 7926 8710 6259 8858 5867 6161
1655 12233 14180 3102 8719 9222 3171 10917 10033 13348 16187 4832 16187 16187 10953 10036
7524 15881 8719 4776 926 926 16187 16187 16187 16187 16187 16187 16187 16187 16187 16187
3489 4750 12835 3543 9605 926 8268 12008 4776 4927 7926 8710 6259 8858 5867 6161
1655 12233 14180 3102 8719 9222 3171 10917 10033 13348 16187 4832 16187 16187 10953 10036
3177 9063 16041 10324 12233 13852 16187 16187 16187 16187 16187 16187 16187 16187 16187 16187
3489 4750 12835 3543 9605 926 8268 12008 4776 4927 7926 8710 6259 8858 5867 6161
1655 12233 14180 3102 8719 9222 3171 10917 10033 13348 16187 4832 16187 16187 10953 10036
820 15658 11553 926 2263 6054 9039 11553 2329 4776 9715 16187 16187 16187 16187 16187
3489 4750 12835 3543 9605 926 8268 12008 4776 4927 7926 8710 6259 8858 5867 6161
1655 12233 14180 3102 8719 9222 3171 10917 10033 13348 16187 4832 16187 16187 10953 10036
12349 14180 3098 2563 16187 16187 16187 16187 16187 16187 16187 16187 16187 16187 16187 16187
3489 4750 12835 3543 9605 926 8268 12008 4776 4927 7926 8710 6259 8858 5867 6161
1655 12233 14180 3102 8719 9222 3171 10917 10033 13348 16187 4832 16187 16187 10953 10036
1957 1778 10217 2103 7740 9004 4776 10033 4931 6259 9450 12495 14426 16187 16187 16187
3489 4750 12835 3543 9605 926 8268 12008 4776 4927 7926 8710 6259 8858 5867 6161
1655 12233 14180 3102 8719 9222 3171 10917 10033 13348 16187 4832 16187 16187 10953 10036
2263 6259 10033 3177 8760 16187 16187 16187 16187 16187 16187 16187 16187 16187 16187 16187
3489 4750 12835 3543 9605 926 8268 12008 4776 4927 7926 8710 6259 8858 5867 6161
1655 12233 14180 3102 8719 9222 3171 10917 10033 13348 16187 4832 16187 16187 10953 10036
5713 11658 14776 1344 10770 16187 16187 16187 16187 16187 16187 16187 16187 16187 16187 16187
3489 4750 12835 3543 9605 926 8268 12008 4776 4927 7926 8710 6259 8858 5867 6161
1655 12233 14180 3102 8719 9222 3171 10917 10033 13348 16187 4832 16187 16187 10953 10036
4776 63 14677 6606 3969 12233 4776 9577 5867 7680 16187 16187 16187 16187 16187 16187
3489 4750 12835 3543 9605 926 8268 12008 4776 4927 7926 8710 6259 8858 5867 6161
1655 12233 14180 3102 8719 9222 3171 10917 10033 13348 16187 4832 16187 16187 10953 10036
5568 14043 9743 15658 1110 11608 16187 16187 16187 16187 16187 16187 16187 16187 16187 16187
3489 4750 12835 3543 9605 926 8268 12008 4776 4927 7926 8710 6259 8858 5867 6161
1655 12233 14180 3102 8719 9222 3171 10917 10033 13348 16187 4832 16187 16187 10953 10036
6363 14139 9484 3171 2563 4931 8569 16187 16187 16187 16187 16187 16187 16187 16187 16187
3489 4750 12835 3543 9605 926 8268 12008 4776 4927 7926 8710 6259 8858 5867 6161
1655 12233 14180 3102 8719 9222 3171 10917 10033 13348 16187 4832 16187 16187 10953 10036
4776 6115 8710 8719 11859 14237 772 16187 16187 16187 16187 16187 16187 16187 16187 16187
3489 4750 12835 3543 9605 926 8268 12008 4776 4927 7926 8710 6259 8858 5867 6161
1655 12233 14180 3102 8719 9222 3171 10917 10033 13348 16187 4832 16187 16187 10953 10036
3177 1245 8268 1856 14237 7998 5867 14506 8710 4776 926 3177 3171 10033 16187 16187
3489 4750 12835 3543 9605 926 8268 12008 4776 4927 7926 8710 6259 8858 5867 6161
1655 12233 14180 3102 8719 9222 3171 10917 10033 13348 16187 4832 16187 16187 10953 10036
4776 12337 5036 14251 8710 5297 6259 14752 9618 10967 4776 15359 16187 16187 16187 16187
3489 4750 12835 3543 9605 926 8268 12008 4776 4927 7926 8710 6259 8858 5867 6161
1655 12233 14180 3102 8719 9222 3171 10917 10033 13348 16187 4832 16187 16187 10953 10036
926 8710 6259 14397 9959 926 15658 8710 3177 9619 5616 12233 10671 16187 16187 16187
3489 4750 12835 3543 9605 926 8268 12008 4776 4927 7926 8710 6259 8858 5867 6161
1655 12233 14180 3102 8719 9222 3171 10917 10033 13348 16187 4832 16187 16187 10953 10036
8712 8710 15691 2856 16187 16187 16187 16187 16187 16187 16187 16187 16187 16187 16187 16187
3489 4750 12835 3543 9605 926 8268 12008 4776 4927 7926 8710 6259 8858 5867 6161
1655 12233 14180 3102 8719 9222 3171 10917 10033 13348 16187 4832 16187 16187 10953 10036
12276 7981 14237 7740 926 3171 3546 15978 1597 926 926 8592 8712 4931 3356 16187
3489 4750 12835 3543 9605 926 8268 12008 4776 4927 7926 8710 6259 8858 5867 6161
1655 12233 14180 3102 8719 9222 3171 10917 10033 13348 16187 4832 16187 16187 10953 10036
14180 816 16187 16187 16187 16187 16187 16187 16187 16187 16187 16187 16187 16187 16187 16187
3489 4750 12835 3543 9605 926 8268 12008 4776 4927 7926 8710 6259 8858 5867 6161
1655 12233 14180 3102 8719 9222 3171 10917 10033 13348 16187 4832 16187 16187 10953 10036
1213 12259 14776 12773 13089 4776 926 8710 1955 5218 1955 5713 10437 14776 16187 16187
3489 4750 12835 3543 9605 926 8268 12008 4776 4927 7926 8710 6259 8858 5867 6161
1655 12233 14180 3102 8719 9222 3171 10917 10033 13348 16187 4832 16187 16187 10953 10036
12232 11553 4015 6259 11361 3177 9831 16187 16187 16187 16187 16187 16187 16187 16187 16187
3489 4750 12835 3543 9605 926 8268 12008 4776 4927 7926 8710 6259 8858 5867 6161
1655 12233 14180 3102 8719 9222 3171 10917 10033 13348 16187 4832 16187 16187 10953 10036
91 5867 12276 926 16187 16187 16187 16187 16187 16187 16187 16187 16187 16187 16187 16187
3489 4750 12835 3543 9605 926 8268 12008 4776 4927 7926 8710 6259 8858 5867 6161
1655 12233 14180 3102 8719 9222 3171 10917 10033 13348 16187 4832 16187 16187 10953 10036
7542 8712 4931 6259 6070 2997 2563 16187 16187 16187 16187 16187 16187 16187 16187 16187
3489 4750 12835 3543 9605 926 8268 12008 4776 4927 7926 8710 6259 8858 5867 6161
1655 12233 14180 3102 8719 9222 3171 10917 10033 13348 16187 4832 16187 16187 10953 10036
926 16187 16187 16187 16187 16187 16187 16187 16187 16187 16187 16187 16187 16187 16187 16187
3489 4750 12835 3543 9605 926 8268 12008 4776 4927 7926 8710 6259 8858 5867 6161
1655 12233 14180 3102 8719 9222 3171 10917 10033 13348 16187 4832 16187 16187 10953 10036
15597 5329 12233 2823 926 1919 137 15597 10887 833 5208 13084 13122 12729 4312 16187
3489 4750 12835 3543 9605 926 8268 12008 4776 4927 7926 8710 6259 8858 5867 6161
1655 12233 14180 3102 8719 9222 3171 10917 10033 13348 16187 4832 16187 16187 10953 10036
14691 7310 8268 12008 3847 11553 6826 10355 10418 16187 16187 16187 16187 16187 16187 16187
3489 4750 12835 3543 9605 926 8268 12008 4776 4927 7926 8710 6259 8858 5867 6161
1655 12233 14180 3102 8719 9222 3171 10917 10033 13348 16187 4832 16187 16187 10953 10036
6363 9484 16187 16187 16187 16187 16187 16187 16187 16187 16187 16187 16187 16187 16187 16187
3489 4750 12835 3543 9605 926 8268 12008 4776 4927 7926 8710 6259 8858 5867 6161
1655 12233 14180 3102 8719 9222 3171 10917 10033 13348 16187 4832 16187 16187 10953 10036
5463 8710 14272 3811 8710 7032 2904 11953 16187 16187 16187 16187 16187 16187 16187 16187
3489 4750 12835 3543 9605 926 8268 12008 4776 4927 7926 8710 6259 8858 5867 6161
1655 12233 14180 3102 8719 9222 3171 10917 10033 13348 16187 4832 16187 16187 10953 10036
6173 16187 16187 16187 16187 16187 16187 16187 16187 16187 16187 16187 16187 16187 16187 16187
3489 4750 12835 3543 9605 926 8268 12008 4776 4927 7926 8710 6259 8858 5867 6161
1655 12233 14180 3102 8719 9222 3171 10917 10033 13348 16187 4832 16187 16187 10953 10036
10619 14043 9484 3418 830 2053 1825 3177 12507 3994 2598 16187 16187 16187 16187 16187
3489 4750 12835 3543 9605 926 8268 12008 4776 4927 7926 8710 6259 8858 5867 6161
1655 12233 14180 3102 8719 9222 3171 10917 10033 13348 16187 4832 16187 16187 10953 10036
4776 10187 12233 926 8794 643 15846 16003 12233 1948 2755 13348 16187 16187 16187 16187
3489 4750 12835 3543 9605 926 8268 12008 4776 4927 7926 8710 6259 8858 5867 6161
1655 12233 14180 3102 8719 9222 3171 10917 10033 13348 16187 4832 16187 16187 10953 10036
4325 9605 12233 2552 4686 14029 4776 4267 11401 3177 15597 643 16187 16187 16187 16187
3489 4750 12835 3543 9605 926 8268 12008 4776 4927 7926 8710 6259 8858 5867 6161
1655 12233 14180 3102 8719 9222 3171 10917 10033 13348 16187 4832 16187 16187 10953 10036
9743 14966 14776 4931 7926 3908 4776 816 9424 830 14745 14237 14734 6161 2598 16187
3489 4750 12835 3543 9605 926 8268 12008 4776 4927 7926 8710 6259 8858 5867 6161
1655 12233 14180 3102 8719 9222 3171 10917 10033 13348 16187 4832 16187 16187 10953 10036
14069 9498 6259 15335 14760 11947 3906 1955 7742 15649 2326 14677 12233 4776 870 16187
3489 4750 12835 3543 9605 926 8268 12008 4776 4927 7926 8710 6259 8858 5867 6161
1655 12233 14180 3102 8719 9222 3171 10917 10033 13348 16187 4832 16187 16187 10953 10036
926 9084 6259 5822 15781 9205 5463 13182 3177 926 385 12233 926 1213 8957 16187
3489 4750 12835 3543 9605 926 8268 12008 4776 4927 7926 8710 6259 8858 5867 6161
1655 12233 14180 3102 8719 9222 3171 10917 10033 13348 16187 4832 16187 16187 10953 10036
4776 4707 10418 8710 3098 8268 6011 926 1110 4776 12835 14043 12102 4312 16187 16187
3489 4750 12835 3543 9605 926 8268 12008 4776 4927 7926 8710 6259 8858 5867 6161
1655 12233 14180 3102 8719 9222 3171 10917 10033 13348 16187 4832 16187 16187 10953 10036
4776 5358 2446 3112 13616 5463 6011 11031 926 12127 6862 3177 4776 4927 16187 16187
3489 4750 12835 3543 9605 926 8268 12008 4776 4927 7926 8710 6259 8858 5867 6161
1655 12233 14180 3102 8719 9222 3171 10917 10033 13348 16187 4832 16187 16187 10953 10036
8712 771 1954 14952 14581 12233 8712 16187 16187 16187 16187 16187 16187 16187 16187 16187
3489 4750 12835 3543 9605 926 8268 12008 4776 4927 7926 8710 6259 8858 5867 6161
1655 12233 14180 3102 8719 9222 3171 10917 10033 13348 16187 4832 16187 16187 10953 10036
8197 8712 6259 13429 16187 16187 16187 16187 16187 16187 16187 16187 16187 16187 16187 16187
3489 4750 12835 3543 9605 926 8268 12008 4776 4927 7926 8710 6259 8858 5867 6161
1655 12233 14180 3102 8719 9222 3171 10917 10033 13348 16187 4832 16187 16187 10953 10036
4776 10917 4780 13075 1955 6259 9594 5440 9870 7339 1433 1909 14217 16187 16187 16187
3489 4750 12835 3543 9605 926 8268 12008 4776 4927 7926 8710 6259 8858 5867 6161
1655 12233 14180 3102 8719 9222 3171 10917 10033 13348 16187 4832 16187 16187 10953 10036
11553 10770 16187 16187 16187 16187 16187 16187 16187 16187 16187 16187 16187 16187 16187 16187
3489 4750 12835 3543 9605 926 8268 12008 4776 4927 7926 8710 6259 8858 5867 6161
1655 12233 14180 3102 8719 9222 3171 10917 10033 13348 16187 4832 16187 16187 10953 10036
7740 8268 14029 4776 16146 4751 8268 1959 8712 8656 2148 12291 16187 16187 16187 16187
3489 4750 12835 3543 9605 926 8268 12008 4776 4927 7926 8710 6259 8858 5867 6161
1655 12233 14180 3102 8719 9222 3171 10917 10033 13348 16187 4832 16187 16187 10953 10036
133 8268 7740 8197 3171 2563 6259 8268 8423 926 9850 16187 16187 16187 16187 16187
3489 4750 12835 3543 9605 926 8268 12008 4776 4927 7926 8710 6259 8858 5867 6161
1655 12233 14180 3102 8719 9222 3171 10917 10033 13348 16187 4832 16187 16187 10953 10036
7740 926 8069 10603 6259 5946 10967 1543 12233 5946 11706 16187 16187 16187 16187 16187
3489 4750 12835 3543 9605 926 8268 12008 4776 4927 7926 8710 6259 8858 5867 6161
1655 12233 14180 3102 8719 9222 3171 10917 10033 13348 16187 4832 16187 16187 10953 10036
12716 8268 10967 6259 4152 10147 8268 3171 2563 8710 6388 16187 16187 16187 16187 16187
3489 4750 12835 3543 9605 926 8268 12008 4776 4927 7926 8710 6259 8858 5867 6161
1655 12233 14180 3102 8719 9222 3171 10917 10033 13348 16187 4832 16187 16187 10953 10036
11267 2359 926 5867 5257 3177 9911 8710 2176 8268 11622 16187 16187 16187 16187 16187
3489 4750 12835 3543 9605 926 8268 12008 4776 4927 7926 8710 6259 8858 5867 6161
1655 12233 14180 3102 8719 9222 3171 10917 10033 13348 16187 4832 16187 16187 10953 10036
7740 11553 9754 8466 12127 476 8268 12008 7740 5297 4531 8712 16187 16187 16187 16187
3489 4750 12835 3543 9605 926 8268 12008 4776 4927 7926 8710 6259 8858 5867 6161
1655 12233 14180 3102 8719 9222 3171 10917 10033 13348 16187 4832 16187 16187 10953 10036
6826 926 14776 6606 8719 4776 10583 4837 4776 12298 16187 16187 16187 16187 16187 16187
3489 4750 12835 3543 9605 926 8268 12008 4776 4927 7926 8710 6259 8858 5867 6161
1655 12233 14180 3102 8719 9222 3171 10917 10033 13348 16187 4832 16187 16187 10953 10036
1390 6173 6259 926 15658 779 14734 8628 926 1381 1919 9944 153 16187 16187 16187
3489 4750 12835 3543 9605 926 8268 12008 4776 4927 7926 8710 6259 8858 5867 6161
1655 12233 14180 3102 8719 9222 3171 10917 10033 13348 16187 4832 16187 16187 10953 10036
14272 4776 2598 16187 16187 16187 16187 16187 16187 16187 16187 16187 16187 16187 16187 16187
3489 4750 12835 3543 9605 926 8268 12008 4776 4927 7926 8710 6259 8858 5867 6161
1655 12233 14180 3102 8719 9222 3171 10917 10033 13348 16187 4832 16187 16187 10953 10036
