1138 4776 10566 2176 926 6636 14217 8719 926 8268 5711 7926 6135 16187 16187 16187
3842 3171 16187 16187 4931 4776 6006 8712 5867 10770 16187 16187 926 16187 13081 8712
1655 12233 14180 3102 8719 9222 3171 10917 10033 13348 16187 8719 926 16187 16187 926
1866 16187 16187 16187 16187 16187 16187 16187 16187 16187 16187 16187 16187 16187 16187 16187
3842 3171 16187 16187 4931 4776 6006 8712 5867 10770 16187 16187 926 16187 13081 8712
1655 12233 14180 3102 8719 9222 3171 10917 10033 13348 16187 8719 926 16187 16187 926
14180 5463 8710 4537 7723 8719 4776 10033 16187 16187 16187 16187 16187 16187 16187 16187
3842 3171 16187 16187 1383 12233 926 8268 1378 926 16187 983 16187 9506 16187 308
1655 12233 14180 3102 8719 9222 3171 10917 10033 13348 16187 8719 926 16187 16187 926
4776 926 8710 12276 1860 8808 16187 16187 16187 16187 16187 16187 16187 16187 16187 16187
3842 3171 16187 16187 1383 12233 926 8268 1378 926 16187 983 16187 9506 16187 308
1655 12233 14180 3102 8719 9222 3171 10917 10033 13348 16187 8719 926 16187 16187 926
7926 779 15202 10036 4390 11233 15489 5463 6011 188 12233 9178 16187 16187 16187 16187
3842 3171 16187 16187 4931 4776 6006 8712 5867 10770 16187 16187 926 16187 13081 8712
1655 12233 14180 3102 8719 9222 3171 10917 10033 13348 16187 8719 926 16187 16187 926
14069 14776 1948 6499 5463 4624 5272 8719 15520 12854 5534 16187 16187 16187 16187 16187
3842 3171 16187 16187 1383 12233 926 8268 1378 926 16187 983 16187 9506 16187 308
1655 12233 14180 3102 8719 9222 3171 10917 10033 13348 16187 8719 926 16187 16187 926
926 14237 2156 14776 4537 1175 12893 15658 2326 5372 8719 15597 10638 16187 16187 16187
3842 3171 16187 16187 4931 4776 6006 8712 5867 10770 16187 16187 926 16187 13081 8712
1655 12233 14180 3102 8719 9222 3171 10917 10033 13348 16187 8719 926 16187 16187 926
7740 9429 926 3543 8733 1954 2285 3886 4537 11953 4776 926 3384 16187 16187 16187
3842 3171 16187 16187 4931 4776 6006 8712 5867 10770 16187 16187 926 16187 13081 8712
1655 12233 14180 3102 8719 9222 3171 10917 10033 13348 16187 8719 926 16187 16187 926
926 4776 12128 3711 8710 4404 8664 8268 2229 5801 16187 16187 16187 16187 16187 16187
3842 3171 16187 16187 1383 12233 926 8268 1378 926 16187 983 16187 9506 16187 308
1655 12233 14180 3102 8719 9222 3171 10917 10033 13348 16187 8719 926 16187 16187 926
11439 6096 5388 10036 8719 3171 1378 8268 7926 8710 6259 10602 4406 950 16187 16187
3842 3171 16187 16187 4931 4776 6006 8712 5867 10770 16187 16187 926 16187 13081 8712
1655 12233 14180 3102 8719 9222 3171 10917 10033 13348 16187 8719 926 16187 16187 926
1885 5087 216 14237 15988 1453 3171 2563 12233 8081 2713 3177 13914 16187 16187 16187
3842 3171 16187 16187 4931 4776 6006 8712 5867 10770 16187 16187 926 16187 13081 8712
1655 12233 14180 3102 8719 9222 3171 10917 10033 13348 16187 8719 926 16187 16187 926
3171 1378 779 6259 869 8270 13839 16187 16187 16187 16187 16187 16187 16187 16187 16187
3842 3171 16187 16187 4931 4776 6006 8712 5867 10770 16187 16187 926 16187 13081 8712
1655 12233 14180 3102 8719 9222 3171 10917 10033 13348 16187 8719 926 16187 16187 926
9063 8268 7740 1099 11498 6215 8719 3098 12051 6550 12276 817 8982 7953 16187 16187
3842 3171 16187 16187 4931 4776 6006 8712 5867 10770 16187 16187 926 16187 13081 8712
1655 12233 14180 3102 8719 9222 3171 10917 10033 13348 16187 8719 926 16187 16187 926
4776 2946 3520 6259 2191 3177 11298 13486 12233 4776 1583 1919 3171 2563 16187 16187
3842 3171 16187 16187 1383 12233 926 8268 1378 926 16187 983 16187 9506 16187 308
1655 12233 14180 3102 8719 9222 3171 10917 10033 13348 16187 8719 926 16187 16187 926
14272 9498 4325 5807 2598 16187 16187 16187 16187 16187 16187 16187 16187 16187 16187 16187
3842 3171 16187 16187 4931 4776 6006 8712 5867 10770 16187 16187 926 16187 13081 8712
1655 12233 14180 3102 8719 9222 3171 10917 10033 13348 16187 8719 926 16187 16187 926
7740 973 926 8712 16187 16187 16187 16187 16187 16187 16187 16187 16187 16187 16187 16187
3842 3171 16187 16187 4931 4776 6006 8712 5867 10770 16187 16187 926 16187 13081 8712
1655 12233 14180 3102 8719 9222 3171 10917 10033 13348 16187 8719 926 16187 16187 926
15662 12232 3171 2563 2823 926 1229 630 8726 8712 4931 9754 1229 8213 2598 16187
3842 3171 16187 16187 4931 4776 6006 8712 5867 10770 16187 16187 926 16187 13081 8712
1655 12233 14180 3102 8719 9222 3171 10917 10033 13348 16187 8719 926 16187 16187 926
4776 4152 4931 6070 834 16187 16187 16187 16187 16187 16187 16187 16187 16187 16187 16187
3842 3171 16187 16187 4931 4776 6006 8712 5867 10770 16187 16187 926 16187 13081 8712
1655 12233 14180 3102 8719 9222 3171 10917 10033 13348 16187 8719 926 16187 16187 926
3171 2563 8368 3748 1507 8268 14237 3847 5329 5322 4776 12835 7742 9591 16187 16187
3842 3171 16187 16187 4931 4776 6006 8712 5867 10770 16187 16187 926 16187 13081 8712
1655 12233 14180 3102 8719 9222 3171 10917 10033 13348 16187 8719 926 16187 16187 926
14272 8710 1229 3356 11953 5463 2598 16187 16187 16187 16187 16187 16187 16187 16187 16187
3842 3171 16187 16187 1383 12233 926 8268 1378 926 16187 983 16187 9506 16187 308
1655 12233 14180 3102 8719 9222 3171 10917 10033 13348 16187 8719 926 16187 16187 926
4791 830 3171 7937 3177 2856 16187 16187 16187 16187 16187 16187 16187 16187 16187 16187
3842 3171 16187 16187 4931 4776 6006 8712 5867 10770 16187 16187 926 16187 13081 8712
1655 12233 14180 3102 8719 9222 3171 10917 10033 13348 16187 8719 926 16187 16187 926
14237 4776 14596 4818 10967 14069 16187 16187 16187 16187 16187 16187 16187 16187 16187 16187
3842 3171 16187 16187 1383 12233 926 8268 1378 926 16187 983 16187 9506 16187 308
1655 12233 14180 3102 8719 9222 3171 10917 10033 13348 16187 8719 926 16187 16187 926
7740 4552 5329 11889 4776 3504 3177 4776 2588 9405 8268 8712 8710 2326 3736 16187
3842 3171 16187 16187 1383 12233 926 8268 1378 926 16187 983 16187 9506 16187 308
1655 12233 14180 3102 8719 9222 3171 10917 10033 13348 16187 8719 926 16187 16187 926
15649 8268 7542 8268 8710 4776 4702 3177 14180 926 16187 16187 16187 16187 16187 16187
3842 3171 16187 16187 4931 4776 6006 8712 5867 10770 16187 16187 926 16187 13081 8712
1655 12233 14180 3102 8719 9222 3171 10917 10033 13348 16187 8719 926 16187 16187 926
8712 8710 3171 3826 5463 3112 1138 10691 10785 4776 12529 12455 5711 15147 16187 16187
3842 3171 16187 16187 4931 4776 6006 8712 5867 10770 16187 16187 926 16187 13081 8712
1655 12233 14180 3102 8719 9222 3171 10917 10033 13348 16187 8719 926 16187 16187 926
12958 4931 11162 14237 5329 8719 5937 3504 16187 16187 16187 16187 16187 16187 16187 16187
3842 3171 16187 16187 1383 12233 926 8268 1378 926 16187 983 16187 9506 16187 308
1655 12233 14180 3102 8719 9222 3171 10917 10033 13348 16187 8719 926 16187 16187 926
1110 4776 9577 8268 4537 5329 5350 13436 8719 6826 11658 16187 16187 16187 16187 16187
3842 3171 16187 16187 1383 12233 926 8268 1378 926 16187 983 16187 9506 16187 308
1655 12233 14180 3102 8719 9222 3171 10917 10033 13348 16187 8719 926 16187 16187 926
4325 188 12958 926 14237 14180 14966 9062 8719 4776 14148 16187 16187 16187 16187 16187
3842 3171 16187 16187 4931 4776 6006 8712 5867 10770 16187 16187 926 16187 13081 8712
1655 12233 14180 3102 8719 9222 3171 10917 10033 13348 16187 8719 926 16187 16187 926
12716 8268 8719 16146 13055 8268 926 8710 4537 6259 2520 16187 16187 16187 16187 16187
3842 3171 16187 16187 4931 4776 6006 8712 5867 10770 16187 16187 926 16187 13081 8712
1655 12233 14180 3102 8719 9222 3171 10917 10033 13348 16187 8719 926 16187 16187 926
14272 8268 9084 11632 6381 1954 3611 916 4776 14217 13089 7926 926 1885 2598 16187
3842 3171 16187 16187 4931 4776 6006 8712 5867 10770 16187 16187 926 16187 13081 8712
1655 12233 14180 3102 8719 9222 3171 10917 10033 13348 16187 8719 926 16187 16187 926
926 1019 12604 926 6173 4931 6259 926 10429 16187 16187 16187 16187 16187 16187 16187
3842 3171 16187 16187 1383 12233 926 8268 1378 926 16187 983 16187 9506 16187 308
1655 12233 14180 3102 8719 9222 3171 10917 10033 13348 16187 8719 926 16187 16187 926
4776 6499 91 14776 10355 16187 16187 16187 16187 16187 16187 16187 16187 16187 16187 16187
3842 3171 16187 16187 4931 4776 6006 8712 5867 10770 16187 16187 926 16187 13081 8712
1655 12233 14180 3102 8719 9222 3171 10917 10033 13348 16187 8719 926 16187 16187 926
926 14569 1019 6173 8710 4660 1955 14016 8719 6259 11901 7693 4927 16187 16187 16187
3842 3171 16187 16187 1383 12233 926 8268 1378 926 16187 983 16187 9506 16187 308
1655 12233 14180 3102 8719 9222 3171 10917 10033 13348 16187 8719 926 16187 16187 926
3171 8710 1378 5463 7740 771 12233 2552 1955 6259 14230 3177 6071 16187 16187 16187
3842 3171 16187 16187 4931 4776 6006 8712 5867 10770 16187 16187 926 16187 13081 8712
1655 12233 14180 3102 8719 9222 3171 10917 10033 13348 16187 8719 926 16187 16187 926
5329 9813 10879 8268 12008 8712 771 6826 16068 16187 16187 16187 16187 16187 16187 16187
3842 3171 16187 16187 4931 4776 6006 8712 5867 10770 16187 16187 926 16187 13081 8712
1655 12233 14180 3102 8719 9222 3171 10917 10033 13348 16187 8719 926 16187 16187 926
12149 8712 16187 16187 16187 16187 16187 16187 16187 16187 16187 16187 16187 16187 16187 16187
3842 3171 16187 16187 4931 4776 6006 8712 5867 10770 16187 16187 926 16187 13081 8712
1655 12233 14180 3102 8719 9222 3171 10917 10033 13348 16187 8719 926 16187 16187 926
7740 1951 15 11007 12233 14180 2263 9476 16187 16187 16187 16187 16187 16187 16187 16187
3842 3171 16187 16187 1383 12233 926 8268 1378 926 16187 983 16187 9506 16187 308
1655 12233 14180 3102 8719 9222 3171 10917 10033 13348 16187 8719 926 16187 16187 926
2837 926 926 14237 926 16187 16187 16187 16187 16187 16187 16187 16187 16187 16187 16187
3842 3171 16187 16187 1383 12233 926 8268 1378 926 16187 983 16187 9506 16187 308
1655 12233 14180 3102 8719 9222 3171 10917 10033 13348 16187 8719 926 16187 16187 926
12008 926 8584 12233 2451 8712 5463 4927 5152 16187 16187 16187 16187 16187 16187 16187
3842 3171 16187 16187 1383 12233 926 8268 1378 926 16187 983 16187 9506 16187 308
1655 12233 14180 3102 8719 9222 3171 10917 10033 13348 16187 8719 926 16187 16187 926
4776 7705 3384 8710 13089 9519 6556 14734 14164 1919 4404 9290 8719 6259 926 16187
3842 3171 16187 16187 1383 12233 926 8268 1378 926 16187 983 16187 9506 16187 308
1655 12233 14180 3102 8719 9222 3171 10917 10033 13348 16187 8719 926 16187 16187 926
7740 5580 2665 3171 10033 8268 14237 4142 8154 8712 12233 10394 16187 16187 16187 16187
3842 3171 16187 16187 1383 12233 926 8268 1378 926 16187 983 16187 9506 16187 308
1655 12233 14180 3102 8719 9222 3171 10917 10033 13348 16187 8719 926 16187 16187 926
8712 3847 5329 5111 12233 2823 2574 14029 3059 16187 16187 16187 16187 16187 16187 16187
3842 3171 16187 16187 4931 4776 6006 8712 5867 10770 16187 16187 926 16187 13081 8712
1655 12233 14180 3102 8719 9222 3171 10917 10033 13348 16187 8719 926 16187 16187 926
1213 1955 4776 14394 3384 16187 16187 16187 16187 16187 16187 16187 16187 16187 16187 16187
3842 3171 16187 16187 1383 12233 926 8268 1378 926 16187 983 16187 9506 16187 308
1655 12233 14180 3102 8719 9222 3171 10917 10033 13348 16187 8719 926 16187 16187 926
14272 4776 6286 9498 4325 7669 2598 16187 16187 16187 16187 16187 16187 16187 16187 16187
3842 3171 16187 16187 1383 12233 926 8268 1378 926 16187 983 16187 9506 16187 308
1655 12233 14180 3102 8719 9222 3171 10917 10033 13348 16187 8719 926 16187 16187 926
9330 11336 11914 926 4537 1644 12233 8733 13616 10166 4269 8710 9697 13907 9462 16187
3842 3171 16187 16187 4931 4776 6006 8712 5867 10770 16187 16187 926 16187 13081 8712
1655 12233 14180 3102 8719 9222 3171 10917 10033 13348 16187 8719 926 16187 16187 926
7740 12814 6011 2696 4776 15939 15408 16187 16187 16187 16187 16187 16187 16187 16187 16187
3842 3171 16187 16187 4931 4776 6006 8712 5867 10770 16187 16187 926 16187 13081 8712
1655 12233 14180 3102 8719 9222 3171 10917 10033 13348 16187 8719 926 16187 16187 926
8712 2326 3847 5174 2903 12233 4776 6568 16187 16187 16187 16187 16187 16187 16187 16187
3842 3171 16187 16187 4931 4776 6006 8712 5867 10770 16187 16187 926 16187 13081 8712
1655 12233 14180 3102 8719 9222 3171 10917 10033 13348 16187 8719 926 16187 16187 926
14272 8726 4776 926 8710 4949 2598 16187 16187 16187 16187 16187 16187 16187 16187 16187
3842 3171 16187 16187 1383 12233 926 8268 1378 926 16187 983 16187 9506 16187 308
1655 12233 14180 3102 8719 9222 3171 10917 10033 13348 16187 8719 926 16187 16187 926
12276 574 2143 9484 16187 16187 16187 16187 16187 16187 16187 16187 16187 16187 16187 16187
3842 3171 16187 16187 1383 12233 926 8268 1378 926 16187 983 16187 9506 16187 308
1655 12233 14180 3102 8719 9222 3171 10917 10033 13348 16187 8719 926 16187 16187 926
926 11238 4931 10355 5329 2326 5967 12233 4552 10941 665 16187 16187 16187 16187 16187
3842 3171 16187 16187 1383 12233 926 8268 1378 926 16187 983 16187 9506 16187 308
1655 12233 14180 3102 8719 9222 3171 10917 10033 13348 16187 8719 926 16187 16187 926
7740 1110 5713 13603 16187 16187 16187 16187 16187 16187 16187 16187 16187 16187 16187 16187
3842 3171 16187 16187 4931 4776 6006 8712 5867 10770 16187 16187 926 16187 13081 8712
1655 12233 14180 3102 8719 9222 3171 10917 10033 13348 16187 8719 926 16187 16187 926
13084 2191 5463 6011 1019 4776 8808 6173 14776 926 14237 3908 8712 830 5430 16187
3842 3171 16187 16187 4931 4776 6006 8712 5867 10770 16187 16187 926 16187 13081 8712
1655 12233 14180 3102 8719 9222 3171 10917 10033 13348 16187 8719 926 16187 16187 926
1229 16187 16187 16187 16187 16187 16187 16187 16187 16187 16187 16187 16187 16187 16187 16187
3842 3171 16187 16187 4931 4776 6006 8712 5867 10770 16187 16187 926 16187 13081 8712
1655 12233 14180 3102 8719 9222 3171 10917 10033 13348 16187 8719 926 16187 16187 926
4776 8637 9498 13532 12127 3984 12233 15956 1543 14237 13089 4776 926 12232 5233 16187
3842 3171 16187 16187 1383 12233 926 8268 1378 926 16187 983 16187 9506 16187 308
1655 12233 14180 3102 8719 9222 3171 10917 10033 13348 16187 8719 926 16187 16187 926
7740 15956 10566 6071 10671 11553 6259 5948 3177 12102 830 3171 2563 16187 16187 16187
3842 3171 16187 16187 1383 12233 926 8268 1378 926 16187 983 16187 9506 16187 308
1655 12233 14180 3102 8719 9222 3171 10917 10033 13348 16187 8719 926 16187 16187 926
12008 8712 5867 4537 5329 6259 2563 5463 6011 16138 12102 15715 16187 16187 16187 16187
3842 3171 16187 16187 1383 12233 926 8268 1378 926 16187 983 16187 9506 16187 308
1655 12233 14180 3102 8719 9222 3171 10917 10033 13348 16187 8719 926 16187 16187 926
6826 14776 6348 12309 8268 14237 7740 4552 9754 5407 8726 4325 14776 13573 15183 16187
3842 3171 16187 16187 1383 12233 926 8268 1378 926 16187 983 16187 9506 16187 308
1655 12233 14180 3102 8719 9222 3171 10917 10033 13348 16187 8719 926 16187 16187 926
12782 8712 8726 6011 5208 16187 16187 16187 16187 16187 16187 16187 16187 16187 16187 16187
3842 3171 16187 16187 1383 12233 926 8268 1378 926 16187 983 16187 9506 16187 308
1655 12233 14180 3102 8719 9222 3171 10917 10033 13348 16187 8719 926 16187 16187 926
4776 8928 7829 8344 12982 14237 926 14776 8423 450 16187 16187 16187 16187 16187 16187
3842 3171 16187 16187 1383 12233 926 8268 1378 926 16187 983 16187 9506 16187 308
1655 12233 14180 3102 8719 9222 3171 10917 10033 13348 16187 8719 926 16187 16187 926
1229 8268 5463 5867 4776 12309 3177 1138 2336 14237 9478 13034 4552 5530 5711 16187
3842 3171 16187 16187 1383 12233 926 8268 1378 926 16187 983 16187 9506 16187 308
1655 12233 14180 3102 8719 9222 3171 10917 10033 13348 16187 8719 926 16187 16187 926
4927 12233 7001 6649 830 926 15525 4404 14125 13348 16187 16187 16187 16187 16187 16187
3842 3171 16187 16187 4931 4776 6006 8712 5867 10770 16187 16187 926 16187 13081 8712
1655 12233 14180 3102 8719 9222 3171 10917 10033 13348 16187 8719 926 16187 16187 926
8726 3171 8710 1954 9196 10586 3177 13546 14282 12233 9594 820 4311 14550 9070 16187
3842 3171 16187 16187 1383 12233 926 8268 1378 926 16187 983 16187 9506 16187 308
1655 12233 14180 3102 8719 9222 3171 10917 10033 13348 16187 8719 926 16187 16187 926
926 8719 7279 2598 16187 16187 16187 16187 16187 16187 16187 16187 16187 16187 16187 16187
3842 3171 16187 16187 4931 4776 6006 8712 5867 10770 16187 16187 926 16187 13081 8712
1655 12233 14180 3102 8719 9222 3171 10917 10033 13348 16187 8719 926 16187 16187 926
7740 11553 15096 12766 1954 926 3177 926 926 8268 10324 926 14237 926 9563 16187
3842 3171 16187 16187 1383 12233 926 8268 1378 926 16187 983 16187 9506 16187 308
1655 12233 14180 3102 8719 9222 3171 10917 10033 13348 16187 8719 926 16187 16187 926
14272 8710 8712 2598 16187 16187 16187 16187 16187 16187 16187 16187 16187 16187 16187 16187
3842 3171 16187 16187 1383 12233 926 8268 1378 926 16187 983 16187 9506 16187 308
1655 12233 14180 3102 8719 9222 3171 10917 10033 13348 16187 8719 926 16187 16187 926
1229 7740 11553 12233 6166 8268 4931 5463 2326 7805 2598 16187 16187 16187 16187 16187
3842 3171 16187 16187 1383 12233 926 8268 1378 926 16187 983 16187 9506 16187 308
1655 12233 14180 3102 8719 9222 3171 10917 10033 13348 16187 8719 926 16187 16187 926
8712 5208 5568 2823 11022 2837 926 3082 16187 16187 16187 16187 16187 16187 16187 16187
3842 3171 16187 16187 1383 12233 926 8268 1378 926 16187 983 16187 9506 16187 308
1655 12233 14180 3102 8719 9222 3171 10917 10033 13348 16187 8719 926 16187 16187 926
4624 13949 9498 14180 4990 12233 15956 16187 16187 16187 16187 16187 16187 16187 16187 16187
3842 3171 16187 16187 1383 12233 926 8268 1378 926 16187 983 16187 9506 16187 308
1655 12233 14180 3102 8719 9222 3171 10917 10033 13348 16187 8719 926 16187 16187 926
4776 15064 8710 9754 8569 16187 16187 16187 16187 16187 16187 16187 16187 16187 16187 16187
3842 3171 16187 16187 1383 12233 926 8268 1378 926 16187 983 16187 9506 16187 308
1655 12233 14180 3102 8719 9222 3171 10917 10033 13348 16187 8719 926 16187 16187 926
926 8710 3171 15476 8268 10415 8268 2053 12247 3994 14217 16187 16187 16187 16187 16187
3842 3171 16187 16187 4931 4776 6006 8712 5867 10770 16187 16187 926 16187 13081 8712
1655 12233 14180 3102 8719 9222 3171 10917 10033 13348 16187 8719 926 16187 16187 926
8726 6011 2441 820 6259 14304 8268 9647 8712 6259 13692 10011 14304 16187 16187 16187
3842 3171 16187 16187 4931 4776 6006 8712 5867 10770 16187 16187 926 16187 13081 8712
1655 12233 14180 3102 8719 9222 3171 10917 10033 13348 16187 8719 926 16187 16187 926
1378 11071 8268 2689 5820 643 3766 8268 14237 4987 3211 12233 16142 16187 16187 16187
3842 3171 16187 16187 4931 4776 6006 8712 5867 10770 16187 16187 926 16187 13081 8712
1655 12233 14180 3102 8719 9222 3171 10917 10033 13348 16187 8719 926 16187 16187 926
4776 6683 3177 4776 10033 8710 8692 16187 16187 16187 16187 16187 16187 16187 16187 16187
3842 3171 16187 16187 4931 4776 6006 8712 5867 10770 16187 16187 926 16187 13081 8712
1655 12233 14180 3102 8719 9222 3171 10917 10033 13348 16187 8719 926 16187 16187 926
15846 6096 779 2296 12766 1954 9332 950 830 9070 16187 16187 16187 16187 16187 16187
3842 3171 16187 16187 1383 12233 926 8268 1378 926 16187 983 16187 9506 16187 308
1655 12233 14180 3102 8719 9222 3171 10917 10033 13348 16187 8719 926 16187 16187 926
10993 5961 5867 564 49 12233 3059 926 926 1919 15806 12233 15806 1172 16187 16187
3842 3171 16187 16187 1383 12233 926 8268 1378 926 16187 983 16187 9506 16187 308
1655 12233 14180 3102 8719 9222 3171 10917 10033 13348 16187 8719 926 16187 16187 926
6259 3422 10033 3402 6259 6161 5867 8360 8630 4776 2954 3177 584 16187 16187 16187
3842 3171 16187 16187 4931 4776 6006 8712 5867 10770 16187 16187 926 16187 13081 8712
1655 12233 14180 3102 8719 9222 3171 10917 10033 13348 16187 8719 926 16187 16187 926
7661 12291 16187 16187 16187 16187 16187 16187 16187 16187 16187 16187 16187 16187 16187 16187
3842 3171 16187 16187 4931 4776 6006 8712 5867 10770 16187 16187 926 16187 13081 8712
1655 12233 14180 3102 8719 9222 3171 10917 10033 13348 16187 8719 926 16187 16187 926
10619 9484 7740 4552 9754 9429 5463 7740 973 926 1919 5463 5562 16187 16187 16187
3842 3171 16187 16187 1383 12233 926 8268 1378 926 16187 983 16187 9506 16187 308
1655 12233 14180 3102 8719 9222 3171 10917 10033 13348 16187 8719 926 16187 16187 926
7740 9004 5020 14855 12233 4776 1258 14596 8268 14237 7587 10774 7151 4189 16187 16187
3842 3171 16187 16187 4931 4776 6006 8712 5867 10770 16187 16187 926 16187 13081 8712
1655 12233 14180 3102 8719 9222 3171 10917 10033 13348 16187 8719 926 16187 16187 926
8712 4931 5329 6535 1957 7829 13280 16187 16187 16187 16187 16187 16187 16187 16187 16187
3842 3171 16187 16187 4931 4776 6006 8712 5867 10770 16187 16187 926 16187 13081 8712
1655 12233 14180 3102 8719 9222 3171 10917 10033 13348 16187 8719 926 16187 16187 926
1138 4776 9290 15658 12232 2823 14634 5711 8710 2148 512 4537 1954 14419 2563 16187
3842 3171 16187 16187 4931 4776 6006 8712 5867 10770 16187 16187 926 16187 13081 8712
1655 12233 14180 3102 8719 9222 3171 10917 10033 13348 16187 8719 926 16187 16187 926
13280 5867 6078 8710 6259 9309 8268 11569 15 5095 1919 6259 5716 12157 5939 16187
3842 3171 16187 16187 4931 4776 6006 8712 5867 10770 16187 16187 926 16187 13081 8712
1655 12233 14180 3102 8719 9222 3171 10917 10033 13348 16187 8719 926 16187 16187 926
10619 15525 3177 9484 14029 12276 8264 10931 16187 16187 16187 16187 16187 16187 16187 16187
3842 3171 16187 16187 4931 4776 6006 8712 5867 10770 16187 16187 926 16187 13081 8712
1655 12233 14180 3102 8719 9222 3171 10917 10033 13348 16187 8719 926 16187 16187 926
8712 13081 2326 7428 16187 16187 16187 16187 16187 16187 16187 16187 16187 16187 16187 16187
3842 3171 16187 16187 4931 4776 6006 8712 5867 10770 16187 16187 926 16187 13081 8712
1655 12233 14180 3102 8719 9222 3171 10917 10033 13348 16187 8719 926 16187 16187 926
8069 5463 8719 8456 8268 15389 11953 8712 771 6826 11039 3177 1923 12349 9070 16187
3842 3171 16187 16187 4931 4776 6006 8712 5867 10770 16187 16187 926 16187 13081 8712
1655 12233 14180 3102 8719 9222 3171 10917 10033 13348 16187 8719 926 16187 16187 926
14237 7742 8268 14180 5463 6297 13216 830 4776 10033 1955 7742 16187 16187 16187 16187
3842 3171 16187 16187 1383 12233 926 8268 1378 926 16187 983 16187 9506 16187 308
1655 12233 14180 3102 8719 9222 3171 10917 10033 13348 16187 8719 926 16187 16187 926
4776 14596 10400 771 8811 8268 12008 9009 14350 8719 4776 12529 13578 16187 16187 16187
3842 3171 16187 16187 4931 4776 6006 8712 5867 10770 16187 16187 926 16187 13081 8712
1655 12233 14180 3102 8719 9222 3171 10917 10033 13348 16187 8719 926 16187 16187 926
14237 4776 9981 4440 14776 2326 13181 1955 7742 16187 16187 16187 16187 16187 16187 16187
3842 3171 16187 16187 1383 12233 926 8268 1378 926 16187 983 16187 9506 16187 308
1655 12233 14180 3102 8719 9222 3171 10917 10033 13348 16187 8719 926 16187 16187 926
8712 8710 6259 5916 2858 4776 11315 3177 14272 11921 12233 2904 1955 4624 9085 16187
3842 3171 16187 16187 4931 4776 6006 8712 5867 10770 16187 16187 926 16187 13081 8712
1655 12233 14180 3102 8719 9222 3171 10917 10033 13348 16187 8719 926 16187 16187 926
12127 983 13852 9084 15389 6341 8268 7740 12232 11728 137 8712 5641 16187 16187 16187
3842 3171 16187 16187 4931 4776 6006 8712 5867 10770 16187 16187 926 16187 13081 8712
1655 12233 14180 3102 8719 9222 3171 10917 10033 13348 16187 8719 926 16187 16187 926
12743 14776 5372 8719 4776 10566 8664 15433 16187 16187 16187 16187 16187 16187 16187 16187
3842 3171 16187 16187 4931 4776 6006 8712 5867 10770 16187 16187 926 16187 13081 8712
1655 12233 14180 3102 8719 9222 3171 10917 10033 13348 16187 8719 926 16187 16187 926
926 16187 16187 16187 16187 16187 16187 16187 16187 16187 16187 16187 16187 16187 16187 16187
3842 3171 16187 16187 1383 12233 926 8268 1378 926 16187 983 16187 9506 16187 308
1655 12233 14180 3102 8719 9222 3171 10917 10033 13348 16187 8719 926 16187 16187 926
14272 5208 7740 1436 2598 16187 16187 16187 16187 16187 16187 16187 16187 16187 16187 16187
3842 3171 16187 16187 4931 4776 6006 8712 5867 10770 16187 16187 926 16187 13081 8712
1655 12233 14180 3102 8719 9222 3171 10917 10033 13348 16187 8719 926 16187 16187 926
4240 926 8268 926 926 3007 12233 6133 14734 2264 16187 16187 16187 16187 16187 16187
3842 3171 16187 16187 1383 12233 926 8268 1378 926 16187 983 16187 9506 16187 308
1655 12233 14180 3102 8719 9222 3171 10917 10033 13348 16187 8719 926 16187 16187 926
3171 9577 2326 779 1954 13459 1919 4776 926 3177 4776 926 16187 16187 16187 16187
3842 3171 16187 16187 1383 12233 926 8268 1378 926 16187 983 16187 9506 16187 308
1655 12233 14180 3102 8719 9222 3171 10917 10033 13348 16187 8719 926 16187 16187 926
10299 10918 12233 4776 2563 8268 8712 5867 6259 12260 16187 16187 16187 16187 16187 16187
3842 3171 16187 16187 1383 12233 926 8268 1378 926 16187 983 16187 9506 16187 308
1655 12233 14180 3102 8719 9222 3171 10917 10033 13348 16187 8719 926 16187 16187 926
8712 5867 926 14237 926 8021 830 8455 12291 16187 16187 16187 16187 16187 16187 16187
3842 3171 16187 16187 4931 4776 6006 8712 5867 10770 16187 16187 926 16187 13081 8712
1655 12233 14180 3102 8719 9222 3171 10917 10033 13348 16187 8719 926 16187 16187 926
7740 4931 16148 3177 4776 2601 14596 8258 4776 9431 7909 8069 414 2903 16187 16187
3842 3171 16187 16187 4931 4776 6006 8712 5867 10770 16187 16187 926 16187 13081 8712
1655 12233 14180 3102 8719 9222 3171 10917 10033 13348 16187 8719 926 16187 16187 926
5463 8710 4404 14902 9840 3177 4776 2563 16187 16187 16187 16187 16187 16187 16187 16187
3842 3171 16187 16187 4931 4776 6006 8712 5867 10770 16187 16187 926 16187 13081 8712
1655 12233 14180 3102 8719 9222 3171 10917 10033 13348 16187 8719 926 16187 16187 926
3171 4931 10770 8268 14237 5906 16187 16187 16187 16187 16187 16187 16187 16187 16187 16187
3842 3171 16187 16187 4931 4776 6006 8712 5867 10770 16187 16187 926 16187 13081 8712
1655 12233 14180 3102 8719 9222 3171 10917 10033 13348 16187 8719 926 16187 16187 926
4325 5208 2823 8466 2903 14029 12489 3177 4776 1583 16187 16187 16187 16187 16187 16187
3842 3171 16187 16187 4931 4776 6006 8712 5867 10770 16187 16187 926 16187 13081 8712
1655 12233 14180 3102 8719 9222 3171 10917 10033 13348 16187 8719 926 16187 16187 926
8258 7926 3364 9544 4776 371 8268 7926 8710 7794 12115 6259 926 16187 16187 16187
3842 3171 16187 16187 1383 12233 926 8268 1378 926 16187 983 16187 9506 16187 308
1655 12233 14180 3102 8719 9222 3171 10917 10033 13348 16187 8719 926 16187 16187 926
10619 9484 7740 2006 13832 1378 3177 4776 11247 2563 5867 11998 10671 16187 16187 16187
3842 3171 16187 16187 4931 4776 6006 8712 5867 10770 16187 16187 926 16187 13081 8712
1655 12233 14180 3102 8719 9222 3171 10917 10033 13348 16187 8719 926 16187 16187 926
8712 5867 6259 10033 3177 5400 8712 5867 10006 8268 9925 5102 8268 9925 926 16187
3842 3171 16187 16187 4931 4776 6006 8712 5867 10770 16187 16187 926 16187 13081 8712
1655 12233 14180 3102 8719 9222 3171 10917 10033 13348 16187 8719 926 16187 16187 926
5332 91 5867 1543 7740 8584 3171 4931 6259 5627 9484 16187 16187 16187 16187 16187
3842 3171 16187 16187 1383 12233 926 8268 1378 926 16187 983 16187 9506 16187 308
1655 12233 14180 3102 8719 9222 3171 10917 10033 13348 16187 8719 926 16187 16187 926
8069 4776 2601 5121 13839 8710 4142 13074 16187 16187 16187 16187 16187 16187 16187 16187
3842 3171 16187 16187 4931 4776 6006 8712 5867 10770 16187 16187 926 16187 13081 8712
1655 12233 14180 3102 8719 9222 3171 10917 10033 13348 16187 8719 926 16187 16187 926
8081 12835 5111 7248 4776 1216 7594 926 5952 8268 14237 926 10763 1440 16187 16187
3842 3171 16187 16187 1383 12233 926 8268 1378 926 16187 983 16187 9506 16187 308
1655 12233 14180 3102 8719 9222 3171 10917 10033 13348 16187 8719 926 16187 16187 926
7651 8268 12576 8268 1885 5097 13021 10783 926 16187 16187 16187 16187 16187 16187 16187
3842 3171 16187 16187 1383 12233 926 8268 1378 926 16187 983 16187 9506 16187 308
1655 12233 14180 3102 8719 9222 3171 10917 10033 13348 16187 8719 926 16187 16187 926
6259 2329 8759 16187 16187 16187 16187 16187 16187 16187 16187 16187 16187 16187 16187 16187
3842 3171 16187 16187 1383 12233 926 8268 1378 926 16187 983 16187 9506 16187 308
1655 12233 14180 3102 8719 9222 3171 10917 10033 13348 16187 8719 926 16187 16187 926
3171 8710 4776 10566 2176 2563 7740 11553 8084 8466 16187 16187 16187 16187 16187 16187
3842 3171 16187 16187 1383 12233 926 8268 1378 926 16187 983 16187 9506 16187 308
1655 12233 14180 3102 8719 9222 3171 10917 10033 13348 16187 8719 926 16187 16187 926
13089 15597 926 8554 2837 8712 5867 10770 10770 10770 16187 16187 16187 16187 16187 16187
3842 3171 16187 16187 4931 4776 6006 8712 5867 10770 16187 16187 926 16187 13081 8712
1655 12233 14180 3102 8719 9222 3171 10917 10033 13348 16187 8719 926 16187 16187 926
7661 3177 5713 14776 13267 8719 4776 10566 1621 9899 12538 12316 16187 16187 16187 16187
3842 3171 16187 16187 1383 12233 926 8268 1378 926 16187 983 16187 9506 16187 308
1655 12233 14180 3102 8719 9222 3171 10917 10033 13348 16187 8719 926 16187 16187 926
8712 5867 15978 3177 5713 9039 4776 9131 14281 779 6259 9221 12601 16187 16187 16187
3842 3171 16187 16187 1383 12233 926 8268 1378 926 16187 983 16187 9506 16187 308
1655 12233 14180 3102 8719 9222 3171 10917 10033 13348 16187 8719 926 16187 16187 926
4776 8521 9277 8344 9743 15658 14776 9754 6391 8712 16187 16187 16187 16187 16187 16187
3842 3171 16187 16187 1383 12233 926 8268 1378 926 16187 983 16187 9506 16187 308
1655 12233 14180 3102 8719 9222 3171 10917 10033 13348 16187 8719 926 16187 16187 926
9483 16187 16187 16187 16187 16187 16187 16187 16187 16187 16187 16187 16187 16187 16187 16187
3842 3171 16187 16187 1383 12233 926 8268 1378 926 16187 983 16187 9506 16187 308
1655 12233 14180 3102 8719 9222 3171 10917 10033 13348 16187 8719 926 16187 16187 926
4776 12745 926 10036 14237 14284 16187 16187 16187 16187 16187 16187 16187 16187 16187 16187
3842 3171 16187 16187 1383 12233 926 8268 1378 926 16187 983 16187 9506 16187 308
1655 12233 14180 3102 8719 9222 3171 10917 10033 13348 16187 8719 926 16187 16187 926
132 8710 5775 15649 13549 5463 1138 926 5711 423 16187 16187 16187 16187 16187 16187
3842 3171 16187 16187 1383 12233 926 8268 1378 926 16187 983 16187 9506 16187 308
1655 12233 14180 3102 8719 9222 3171 10917 10033 13348 16187 8719 926 16187 16187 926
1344 7708 1955 12958 8069 4776 14133 882 926 14180 4776 983 16187 16187 16187 16187
3842 3171 16187 16187 4931 4776 6006 8712 5867 10770 16187 16187 926 16187 13081 8712
1655 12233 14180 3102 8719 9222 3171 10917 10033 13348 16187 8719 926 16187 16187 926
6173 16187 16187 16187 16187 16187 16187 16187 16187 16187 16187 16187 16187 16187 16187 16187
3842 3171 16187 16187 1383 12233 926 8268 1378 926 16187 983 16187 9506 16187 308
1655 12233 14180 3102 8719 9222 3171 10917 10033 13348 16187 8719 926 16187 16187 926
2148 2002 14237 13907 1213 6259 14599 10400 16187 16187 16187 16187 16187 16187 16187 16187
3842 3171 16187 16187 4931 4776 6006 8712 5867 10770 16187 16187 926 16187 13081 8712
1655 12233 14180 3102 8719 9222 3171 10917 10033 13348 16187 8719 926 16187 16187 926
6826 14678 8592 8712 5867 6259 2627 3177 6390 12385 16187 16187 16187 16187 16187 16187
3842 3171 16187 16187 1383 12233 926 8268 1378 926 16187 983 16187 9506 16187 308
1655 12233 14180 3102 8719 9222 3171 10917 10033 13348 16187 8719 926 16187 16187 926
7740 11839 4776 63 12232 2823 1954 2122 3594 14192 2903 5463 10150 5570 12835 16187
3842 3171 16187 16187 4931 4776 6006 8712 5867 10770 16187 16187 926 16187 13081 8712
1655 12233 14180 3102 8719 9222 3171 10917 10033 13348 16187 8719 926 16187 16187 926
630 926 14237 926 14237 5197 9955 16187 16187 16187 16187 16187 16187 16187 16187 16187
3842 3171 16187 16187 4931 4776 6006 8712 5867 10770 16187 16187 926 16187 13081 8712
1655 12233 14180 3102 8719 9222 3171 10917 10033 13348 16187 8719 926 16187 16187 926
7740 2446 7164 12545 12233 12276 7981 4240 1750 1411 830 12495 15096 16187 16187 16187
3842 3171 16187 16187 1383 12233 926 8268 1378 926 16187 983 16187 9506 16187 308
1655 12233 14180 3102 8719 9222 3171 10917 10033 13348 16187 8719 926 16187 16187 926
926 8712 12260 11553 12766 926 6173 16187 16187 16187 16187 16187 16187 16187 16187 16187
3842 3171 16187 16187 4931 4776 6006 8712 5867 10770 16187 16187 926 16187 13081 8712
1655 12233 14180 3102 8719 9222 3171 10917 10033 13348 16187 8719 926 16187 16187 926
4776 15909 12893 14776 15761 1919 13084 1378 926 4776 10033 16187 16187 16187 16187 16187
3842 3171 16187 16187 4931 4776 6006 8712 5867 10770 16187 16187 926 16187 13081 8712
1655 12233 14180 3102 8719 9222 3171 10917 10033 13348 16187 8719 926 16187 16187 926
7926 16105 6259 13429 14029 2260 14237 1954 8069 14491 13429 8719 7345 16187 16187 16187
3842 3171 16187 16187 1383 12233 926 8268 1378 926 16187 983 16187 9506 16187 308
1655 12233 14180 3102 8719 9222 3171 10917 10033 13348 16187 8719 926 16187 16187 926
12008 13084 1378 2326 13213 15525 16187 16187 16187 16187 16187 16187 16187 16187 16187 16187
3842 3171 16187 16187 1383 12233 926 8268 1378 926 16187 983 16187 9506 16187 308
1655 12233 14180 3102 8719 9222 3171 10917 10033 13348 16187 8719 926 16187 16187 926
4103 10394 2903 14237 8913 203 3098 8712 4931 16187 16187 16187 16187 16187 16187 16187
3842 3171 16187 16187 1383 12233 926 8268 1378 926 16187 983 16187 9506 16187 308
1655 12233 14180 3102 8719 9222 3171 10917 10033 13348 16187 8719 926 16187 16187 926
6011 5208 2945 8158 1543 4776 9831 8309 16187 16187 16187 16187 16187 16187 16187 16187
3842 3171 16187 16187 4931 4776 6006 8712 5867 10770 16187 16187 926 16187 13081 8712
1655 12233 14180 3102 8719 9222 3171 10917 10033 13348 16187 8719 926 16187 16187 926
926 2446 5388 14734 6140 13726 8719 4776 12894 15526 16187 16187 16187 16187 16187 16187
3842 3171 16187 16187 4931 4776 6006 8712 5867 10770 16187 16187 926 16187 13081 8712
1655 12233 14180 3102 8719 9222 3171 10917 10033 13348 16187 8719 926 16187 16187 926
14180 7740 5208 1436 8710 5463 7740 4931 6070 2758 16187 16187 16187 16187 16187 16187
3842 3171 16187 16187 4931 4776 6006 8712 5867 10770 16187 16187 926 16187 13081 8712
1655 12233 14180 3102 8719 9222 3171 10917 10033 13348 16187 8719 926 16187 16187 926
7740 2308 8798 4404 9424 3398 16187 16187 16187 16187 16187 16187 16187 16187 16187 16187
3842 3171 16187 16187 1383 12233 926 8268 1378 926 16187 983 16187 9506 16187 308
1655 12233 14180 3102 8719 9222 3171 10917 10033 13348 16187 8719 926 16187 16187 926
203 1597 6071 8185 11553 6011 8466 2543 8719 13709 599 2598 16187 16187 16187 16187
3842 3171 16187 16187 1383 12233 926 8268 1378 926 16187 983 16187 9506 16187 308
1655 12233 14180 3102 8719 9222 3171 10917 10033 13348 16187 8719 926 16187 16187 926
2446 4776 16146 2946 15658 684 15597 10501 9084 6259 2326 10355 10501 16187 16187 16187
3842 3171 16187 16187 1383 12233 926 8268 1378 926 16187 983 16187 9506 16187 308
1655 12233 14180 3102 8719 9222 3171 10917 10033 13348 16187 8719 926 16187 16187 926
8712 15846 13099 5022 6826 3177 4776 13250 703 5463 9084 9754 8733 13592 2191 16187
3842 3171 16187 16187 1383 12233 926 8268 1378 926 16187 983 16187 9506 16187 308
1655 12233 14180 3102 8719 9222 3171 10917 10033 13348 16187 8719 926 16187 16187 926
4325 13081 14691 14657 16187 16187 16187 16187 16187 16187 16187 16187 16187 16187 16187 16187
3842 3171 16187 16187 1383 12233 926 8268 1378 926 16187 983 16187 9506 16187 308
1655 12233 14180 3102 8719 9222 3171 10917 10033 13348 16187 8719 926 16187 16187 926
1378 4183 6654 3171 2563 7891 16187 16187 16187 16187 16187 16187 16187 16187 16187 16187
3842 3171 16187 16187 1383 12233 926 8268 1378 926 16187 983 16187 9506 16187 308
1655 12233 14180 3102 8719 9222 3171 10917 10033 13348 16187 8719 926 16187 16187 926
4776 2601 5777 4931 10953 14237 12892 6259 9094 3177 926 926 16187 16187 16187 16187
3842 3171 16187 16187 4931 4776 6006 8712 5867 10770 16187 16187 926 16187 13081 8712
1655 12233 14180 3102 8719 9222 3171 10917 10033 13348 16187 8719 926 16187 16187 926
4776 926 4624 2552 14776 10211 15776 16187 16187 16187 16187 16187 16187 16187 16187 16187
3842 3171 16187 16187 4931 4776 6006 8712 5867 10770 16187 16187 926 16187 13081 8712
1655 12233 14180 3102 8719 9222 3171 10917 10033 13348 16187 8719 926 16187 16187 926
14237 926 2598 16187 16187 16187 16187 16187 16187 16187 16187 16187 16187 16187 16187 16187
3842 3171 16187 16187 1383 12233 926 8268 1378 926 16187 983 16187 9506 16187 308
1655 12233 14180 3102 8719 9222 3171 10917 10033 13348 16187 8719 926 16187 16187 926
15662 12232 6259 2175 13931 4776 926 3177 6259 8571 2598 16187 16187 16187 16187 16187
3842 3171 16187 16187 1383 12233 926 8268 1378 926 16187 983 16187 9506 16187 308
1655 12233 14180 3102 8719 9222 3171 10917 10033 13348 16187 8719 926 16187 16187 926
6499 14776 716 2435 8719 6259 10033 15649 15188 10967 6259 14186 3177 4152 4189 16187
3842 3171 16187 16187 4931 4776 6006 8712 5867 10770 16187 16187 926 16187 13081 8712
1655 12233 14180 3102 8719 9222 3171 10917 10033 13348 16187 8719 926 16187 16187 926
14180 4776 10094 8719 4776 5777 9498 4805 15525 3177 15597 7624 16187 16187 16187 16187
3842 3171 16187 16187 4931 4776 6006 8712 5867 10770 16187 16187 926 16187 13081 8712
1655 12233 14180 3102 8719 9222 3171 10917 10033 13348 16187 8719 926 16187 16187 926
14069 14776 10217 926 15408 3177 1378 11889 8719 7749 3888 16187 16187 16187 16187 16187
3842 3171 16187 16187 4931 4776 6006 8712 5867 10770 16187 16187 926 16187 13081 8712
1655 12233 14180 3102 8719 9222 3171 10917 10033 13348 16187 8719 926 16187 16187 926
4991 12233 14058 926 16187 16187 16187 16187 16187 16187 16187 16187 16187 16187 16187 16187
3842 3171 16187 16187 4931 4776 6006 8712 5867 10770 16187 16187 926 16187 13081 8712
1655 12233 14180 3102 8719 9222 3171 10917 10033 13348 16187 8719 926 16187 16187 926
14237 9429 16187 16187 16187 16187 16187 16187 16187 16187 16187 16187 16187 16187 16187 16187
3842 3171 16187 16187 4931 4776 6006 8712 5867 10770 16187 16187 926 16187 13081 8712
1655 12233 14180 3102 8719 9222 3171 10917 10033 13348 16187 8719 926 16187 16187 926
7740 9084 9754 630 12149 8712 16187 16187 16187 16187 16187 16187 16187 16187 16187 16187
3842 3171 16187 16187 1383 12233 926 8268 1378 926 16187 983 16187 9506 16187 308
1655 12233 14180 3102 8719 9222 3171 10917 10033 13348 16187 8719 926 16187 16187 926
7740 8309 12233 12650 926 15776 926 8268 14237 4931 7542 1344 15090 16187 16187 16187
3842 3171 16187 16187 1383 12233 926 8268 1378 926 16187 983 16187 9506 16187 308
1655 12233 14180 3102 8719 9222 3171 10917 10033 13348 16187 8719 926 16187 16187 926
926 1138 926 5711 15199 12179 7063 5867 4707 4776 9450 926 14776 10913 926 16187
3842 3171 16187 16187 4931 4776 6006 8712 5867 10770 16187 16187 926 16187 13081 8712
1655 12233 14180 3102 8719 9222 3171 10917 10033 13348 16187 8719 926 16187 16187 926
7926 5867 6259 5820 926 8719 3171 16187 16187 16187 16187 16187 16187 16187 16187 16187
3842 3171 16187 16187 1383 12233 926 8268 1378 926 16187 983 16187 9506 16187 308
1655 12233 14180 3102 8719 9222 3171 10917 10033 13348 16187 8719 926 16187 16187 926
13474 8309 4609 12233 13720 14237 15731 6259 926 11769 14029 4776 8687 16187 16187 16187
3842 3171 16187 16187 4931 4776 6006 8712 5867 10770 16187 16187 926 16187 13081 8712
1655 12233 14180 3102 8719 9222 3171 10917 10033 13348 16187 8719 926 16187 16187 926
14272 1954 6148 7937 3177 2122 8268 7742 5606 14237 4812 16187 16187 16187 16187 16187
3842 3171 16187 16187 1383 12233 926 8268 1378 926 16187 983 16187 9506 16187 308
1655 12233 14180 3102 8719 9222 3171 10917 10033 13348 16187 8719 926 16187 16187 926
14272 15090 9070 4776 10566 11953 1138 8858 13555 5711 4931 4776 2221 16187 16187 16187
3842 3171 16187 16187 4931 4776 6006 8712 5867 10770 16187 16187 926 16187 13081 8712
1655 12233 14180 3102 8719 9222 3171 10917 10033 13348 16187 8719 926 16187 16187 926
8081 2361 8710 789 4776 4267 16187 16187 16187 16187 16187 16187 16187 16187 16187 16187
3842 3171 16187 16187 1383 12233 926 8268 1378 926 16187 983 16187 9506 16187 308
1655 12233 14180 3102 8719 9222 3171 10917 10033 13348 16187 8719 926 16187 16187 926
14031 8796 5288 16187 16187 16187 16187 16187 16187 16187 16187 16187 16187 16187 16187 16187
3842 3171 16187 16187 4931 4776 6006 8712 5867 10770 16187 16187 926 16187 13081 8712
1655 12233 14180 3102 8719 9222 3171 10917 10033 13348 16187 8719 926 16187 16187 926
4776 10033 5867 926 8710 2982 12008 14397 3982 16187 16187 16187 16187 16187 16187 16187
3842 3171 16187 16187 1383 12233 926 8268 1378 926 16187 983 16187 9506 16187 308
1655 12233 14180 3102 8719 9222 3171 10917 10033 13348 16187 8719 926 16187 16187 926
7742 8268 4776 8521 8719 4776 2563 4931 630 8270 16187 16187 16187 16187 16187 16187
3842 3171 16187 16187 4931 4776 6006 8712 5867 10770 16187 16187 926 16187 13081 8712
1655 12233 14180 3102 8719 9222 3171 10917 10033 13348 16187 8719 926 16187 16187 926
7742 3171 1378 4931 16187 16187 16187 16187 16187 16187 16187 16187 16187 16187 16187 16187
3842 3171 16187 16187 1383 12233 926 8268 1378 926 16187 983 16187 9506 16187 308
1655 12233 14180 3102 8719 9222 3171 10917 10033 13348 16187 8719 926 16187 16187 926
6259 11361 3177 926 14776 6535 630 4537 10 15525 16187 16187 16187 16187 16187 16187
3842 3171 16187 16187 1383 12233 926 8268 1378 926 16187 983 16187 9506 16187 308
1655 12233 14180 3102 8719 9222 3171 10917 10033 13348 16187 8719 926 16187 16187 926
4776 926 8710 10024 916 926 5375 16187 16187 16187 16187 16187 16187 16187 16187 16187
3842 3171 16187 16187 1383 12233 926 8268 1378 926 16187 983 16187 9506 16187 308
1655 12233 14180 3102 8719 9222 3171 10917 10033 13348 16187 8719 926 16187 16187 926
926 9084 4552 6259 13659 830 2904 16187 16187 16187 16187 16187 16187 16187 16187 16187
3842 3171 16187 16187 4931 4776 6006 8712 5867 10770 16187 16187 926 16187 13081 8712
1655 12233 14180 3102 8719 9222 3171 10917 10033 13348 16187 8719 926 16187 16187 926
4776 9039 5297 4671 16181 14237 12612 7360 13384 3177 10631 16187 16187 16187 16187 16187
3842 3171 16187 16187 4931 4776 6006 8712 5867 10770 16187 16187 926 16187 13081 8712
1655 12233 14180 3102 8719 9222 3171 10917 10033 13348 16187 8719 926 16187 16187 926
4931 5463 5329 4776 2601 10709 3177 926 2984 4776 5434 2598 16187 16187 16187 16187
3842 3171 16187 16187 4931 4776 6006 8712 5867 10770 16187 16187 926 16187 13081 8712
1655 12233 14180 3102 8719 9222 3171 10917 10033 13348 16187 8719 926 16187 16187 926
12233 1436 5463 8712 8710 5329 4032 4776 5524 3177 6259 9847 8710 14640 16187 16187
3842 3171 16187 16187 1383 12233 926 8268 1378 926 16187 983 16187 9506 16187 308
1655 12233 14180 3102 8719 9222 3171 10917 10033 13348 16187 8719 926 16187 16187 926
816 14029 13348 13348 13348 16187 16187 16187 16187 16187 16187 16187 16187 16187 16187 16187
3842 3171 16187 16187 4931 4776 6006 8712 5867 10770 16187 16187 926 16187 13081 8712
1655 12233 14180 3102 8719 9222 3171 10917 10033 13348 16187 8719 926 16187 16187 926
6011 15846 5099 8712 8726 6011 4552 9754 13348 16187 16187 16187 16187 16187 16187 16187
3842 3171 16187 16187 4931 4776 6006 8712 5867 10770 16187 16187 926 16187 13081 8712
1655 12233 14180 3102 8719 9222 3171 10917 10033 13348 16187 8719 926 16187 16187 926
7740 8197 4776 926 10619 15525 3177 9484 16187 16187 16187 16187 16187 16187 16187 16187
3842 3171 16187 16187 1383 12233 926 8268 1378 926 16187 983 16187 9506 16187 308
1655 12233 14180 3102 8719 9222 3171 10917 10033 13348 16187 8719 926 16187 16187 926
15658 1465 2598 16187 16187 16187 16187 16187 16187 16187 16187 16187 16187 16187 16187 16187
3842 3171 16187 16187 1383 12233 926 8268 1378 926 16187 983 16187 9506 16187 308
1655 12233 14180 3102 8719 9222 3171 10917 10033 13348 16187 8719 926 16187 16187 926
7740 4931 2758 2837 203 10355 926 926 4931 16187 16187 16187 16187 16187 16187 16187
3842 3171 16187 16187 1383 12233 926 8268 1378 926 16187 983 16187 9506 16187 308
1655 12233 14180 3102 8719 9222 3171 10917 10033 13348 16187 8719 926 16187 16187 926
14237 15662 4776 1381 8521 2598 16187 16187 16187 16187 16187 16187 16187 16187 16187 16187
3842 3171 16187 16187 4931 4776 6006 8712 5867 10770 16187 16187 926 16187 13081 8712
1655 12233 14180 3102 8719 9222 3171 10917 10033 13348 16187 8719 926 16187 16187 926
3841 16187 16187 16187 16187 16187 16187 16187 16187 16187 16187 16187 16187 16187 16187 16187
3842 3171 16187 16187 4931 4776 6006 8712 5867 10770 16187 16187 926 16187 13081 8712
1655 12233 14180 3102 8719 9222 3171 10917 10033 13348 16187 8719 926 16187 16187 926
12495 1597 703 9498 12209 14043 6188 15525 16187 16187 16187 16187 16187 16187 16187 16187
3842 3171 16187 16187 1383 12233 926 8268 1378 926 16187 983 16187 9506 16187 308
1655 12233 14180 3102 8719 9222 3171 10917 10033 13348 16187 8719 926 16187 16187 926
6011 4552 9754 10503 9070 2598 16187 16187 16187 16187 16187 16187 16187 16187 16187 16187
3842 3171 16187 16187 4931 4776 6006 8712 5867 10770 16187 16187 926 16187 13081 8712
1655 12233 14180 3102 8719 9222 3171 10917 10033 13348 16187 8719 926 16187 16187 926
7740 9429 8712 8710 983 830 1885 12233 2903 1885 10418 8043 4404 13182 16187 16187
3842 3171 16187 16187 1383 12233 926 8268 1378 926 16187 983 16187 9506 16187 308
1655 12233 14180 3102 8719 9222 3171 10917 10033 13348 16187 8719 926 16187 16187 926
8712 8710 10373 926 5463 2353 4306 926 4931 8621 2967 1919 3171 16187 16187 16187
3842 3171 16187 16187 4931 4776 6006 8712 5867 10770 16187 16187 926 16187 13081 8712
1655 12233 14180 3102 8719 9222 3171 10917 10033 13348 16187 8719 926 16187 16187 926
4776 1736 8710 10762 16187 16187 16187 16187 16187 16187 16187 16187 16187 16187 16187 16187
3842 3171 16187 16187 4931 4776 6006 8712 5867 10770 16187 16187 926 16187 13081 8712
1655 12233 14180 3102 8719 9222 3171 10917 10033 13348 16187 8719 926 16187 16187 926
4421 14816 926 9084 6259 8439 15781 1955 926 16187 16187 16187 16187 16187 16187 16187
3842 3171 16187 16187 4931 4776 6006 8712 5867 10770 16187 16187 926 16187 13081 8712
1655 12233 14180 3102 8719 9222 3171 10917 10033 13348 16187 8719 926 16187 16187 926
3171 2563 8710 6297 5580 3356 16187 16187 16187 16187 16187 16187 16187 16187 16187 16187
3842 3171 16187 16187 4931 4776 6006 8712 5867 10770 16187 16187 926 16187 13081 8712
1655 12233 14180 3102 8719 9222 3171 10917 10033 13348 16187 8719 926 16187 16187 926
9783 9422 2598 16187 16187 16187 16187 16187 16187 16187 16187 16187 16187 16187 16187 16187
3842 3171 16187 16187 4931 4776 6006 8712 5867 10770 16187 16187 926 16187 13081 8712
1655 12233 14180 3102 8719 9222 3171 10917 10033 13348 16187 8719 926 16187 16187 926
6011 4628 9754 2823 9872 8719 3171 15743 8268 5947 2664 9618 16187 16187 16187 16187
3842 3171 16187 16187 1383 12233 926 8268 1378 926 16187 983 16187 9506 16187 308
1655 12233 14180 3102 8719 9222 3171 10917 10033 13348 16187 8719 926 16187 16187 926
4776 1138 7740 1951 6259 9313 926 9385 5711 4931 2326 7960 8843 16187 16187 16187
3842 3171 16187 16187 1383 12233 926 8268 1378 926 16187 983 16187 9506 16187 308
1655 12233 14180 3102 8719 9222 3171 10917 10033 13348 16187 8719 926 16187 16187 926
4776 9955 8710 9754 1229 630 15048 1955 8712 8710 12349 10471 16187 16187 16187 16187
3842 3171 16187 16187 4931 4776 6006 8712 5867 10770 16187 16187 926 16187 13081 8712
1655 12233 14180 3102 8719 9222 3171 10917 10033 13348 16187 8719 926 16187 16187 926
926 926 14237 926 2555 9084 15597 14465 7742 1955 9084 926 926 16187 16187 16187
3842 3171 16187 16187 1383 12233 926 8268 1378 926 16187 983 16187 9506 16187 308
1655 12233 14180 3102 8719 9222 3171 10917 10033 13348 16187 8719 926 16187 16187 926
7542 8268 8712 5867 4032 5937 9831 8268 7740 12232 7001 2552 8712 10036 16187 16187
3842 3171 16187 16187 1383 12233 926 8268 1378 926 16187 983 16187 9506 16187 308
1655 12233 14180 3102 8719 9222 3171 10917 10033 13348 16187 8719 926 16187 16187 926
4776 926 875 8710 6259 3257 5496 8719 3171 9577 16187 16187 16187 16187 16187 16187
3842 3171 16187 16187 4931 4776 6006 8712 5867 10770 16187 16187 926 16187 13081 8712
1655 12233 14180 3102 8719 9222 3171 10917 10033 13348 16187 8719 926 16187 16187 926
7740 4261 14734 9766 12993 16187 16187 16187 16187 16187 16187 16187 16187 16187 16187 16187
3842 3171 16187 16187 1383 12233 926 8268 1378 926 16187 983 16187 9506 16187 308
1655 12233 14180 3102 8719 9222 3171 10917 10033 13348 16187 8719 926 16187 16187 926
3171 12709 12233 4776 15197 8710 6259 7671 14237 232 5314 8350 6975 16187 16187 16187
3842 3171 16187 16187 1383 12233 926 8268 1378 926 16187 983 16187 9506 16187 308
1655 12233 14180 3102 8719 9222 3171 10917 10033 13348 16187 8719 926 16187 16187 926
14237 4776 3384 10781 13942 12233 6961 6535 15916 3735 926 2233 16187 16187 16187 16187
3842 3171 16187 16187 4931 4776 6006 8712 5867 10770 16187 16187 926 16187 13081 8712
1655 12233 14180 3102 8719 9222 3171 10917 10033 13348 16187 8719 926 16187 16187 926
7740 2326 4552 3553 1537 926 3847 7127 1954 8162 3171 983 16187 16187 16187 16187
3842 3171 16187 16187 1383 12233 926 8268 1378 926 16187 983 16187 9506 16187 308
1655 12233 14180 3102 8719 9222 3171 10917 10033 13348 16187 8719 926 16187 16187 926
12008 4776 11017 3543 5329 11553 7992 13348 16187 16187 16187 16187 16187 16187 16187 16187
3842 3171 16187 16187 1383 12233 926 8268 1378 926 16187 983 16187 9506 16187 308
1655 12233 14180 3102 8719 9222 3171 10917 10033 13348 16187 8719 926 16187 16187 926
4776 3511 5463 3171 8710 6259 14467 14634 7518 14596 8712 8710 6070 15174 16187 16187
3842 3171 16187 16187 1383 12233 926 8268 1378 926 16187 983 16187 9506 16187 308
1655 12233 14180 3102 8719 9222 3171 10917 10033 13348 16187 8719 926 16187 16187 926
8719 14426 8268 4776 12536 2945 3364 9884 12766 11827 16187 16187 16187 16187 16187 16187
3842 3171 16187 16187 4931 4776 6006 8712 5867 10770 16187 16187 926 16187 13081 8712
1655 12233 14180 3102 8719 9222 3171 10917 10033 13348 16187 8719 926 16187 16187 926
13932 8948 8268 12716 3007 12233 2823 8719 6259 926 10719 14180 14734 4440 16187 16187
3842 3171 16187 16187 1383 12233 926 8268 1378 926 16187 983 16187 9506 16187 308
1655 12233 14180 3102 8719 9222 3171 10917 10033 13348 16187 8719 926 16187 16187 926
8712 14180 7165 2148 512 6259 10894 6480 16187 16187 16187 16187 16187 16187 16187 16187
3842 3171 16187 16187 1383 12233 926 8268 1378 926 16187 983 16187 9506 16187 308
1655 12233 14180 3102 8719 9222 3171 10917 10033 13348 16187 8719 926 16187 16187 926
4776 10033 8710 5695 8719 2263 14409 14237 9632 16187 16187 16187 16187 16187 16187 16187
3842 3171 16187 16187 1383 12233 926 8268 1378 926 16187 983 16187 9506 16187 308
1655 12233 14180 3102 8719 9222 3171 10917 10033 13348 16187 8719 926 16187 16187 926
14031 13084 14272 14776 4624 926 13086 4552 2598 16187 16187 16187 16187 16187 16187 16187
3842 3171 16187 16187 1383 12233 926 8268 1378 926 16187 983 16187 9506 16187 308
1655 12233 14180 3102 8719 9222 3171 10917 10033 13348 16187 8719 926 16187 16187 926
3699 9591 8268 5463 9534 8710 5329 1885 564 16187 16187 16187 16187 16187 16187 16187
3842 3171 16187 16187 1383 12233 926 8268 1378 926 16187 983 16187 9506 16187 308
1655 12233 14180 3102 8719 9222 3171 10917 10033 13348 16187 8719 926 16187 16187 926
8710 15520 13276 4776 7306 3177 15520 12695 12233 5138 15520 5532 2598 16187 16187 16187
3842 3171 16187 16187 4931 4776 6006 8712 5867 10770 16187 16187 926 16187 13081 8712
1655 12233 14180 3102 8719 9222 3171 10917 10033 13348 16187 8719 926 16187 16187 926
4776 8199 3384 771 6826 926 6178 16187 16187 16187 16187 16187 16187 16187 16187 16187
3842 3171 16187 16187 1383 12233 926 8268 1378 926 16187 983 16187 9506 16187 308
1655 12233 14180 3102 8719 9222 3171 10917 10033 13348 16187 8719 926 16187 16187 926
10242 3177 4776 12732 5340 8719 4776 6499 16187 16187 16187 16187 16187 16187 16187 16187
3842 3171 16187 16187 4931 4776 6006 8712 5867 10770 16187 16187 926 16187 13081 8712
1655 12233 14180 3102 8719 9222 3171 10917 10033 13348 16187 8719 926 16187 16187 926
926 926 8710 12256 8719 4776 10033 16187 16187 16187 16187 16187 16187 16187 16187 16187
3842 3171 16187 16187 1383 12233 926 8268 1378 926 16187 983 16187 9506 16187 308
1655 12233 14180 3102 8719 9222 3171 10917 10033 13348 16187 8719 926 16187 16187 926
4776 4152 15881 14635 3177 1348 16187 16187 16187 16187 16187 16187 16187 16187 16187 16187
3842 3171 16187 16187 4931 4776 6006 8712 5867 10770 16187 16187 926 16187 13081 8712
1655 12233 14180 3102 8719 9222 3171 10917 10033 13348 16187 8719 926 16187 16187 926
3171 4931 6259 926 12233 4776 926 10728 13348 16187 16187 16187 16187 16187 16187 16187
3842 3171 16187 16187 1383 12233 926 8268 1378 926 16187 983 16187 9506 16187 308
1655 12233 14180 3102 8719 9222 3171 10917 10033 13348 16187 8719 926 16187 16187 926
4776 443 15658 233 4776 10660 926 8710 4317 10967 5463 4832 5867 926 926 16187
3842 3171 16187 16187 1383 12233 926 8268 1378 926 16187 983 16187 9506 16187 308
1655 12233 14180 3102 8719 9222 3171 10917 10033 13348 16187 8719 926 16187 16187 926
3520 14029 6259 3366 14281 13852 16187 16187 16187 16187 16187 16187 16187 16187 16187 16187
3842 3171 16187 16187 4931 4776 6006 8712 5867 10770 16187 16187 926 16187 13081 8712
1655 12233 14180 3102 8719 9222 3171 10917 10033 13348 16187 8719 926 16187 16187 926
3171 2563 3543 2823 8466 830 5430 8719 4269 12233 4261 8712 16187 16187 16187 16187
3842 3171 16187 16187 1383 12233 926 8268 1378 926 16187 983 16187 9506 16187 308
1655 12233 14180 3102 8719 9222 3171 10917 10033 13348 16187 8719 926 16187 16187 926
8712 4931 9754 3257 12008 8712 4931 10770 14237 2945 12606 16187 16187 16187 16187 16187
3842 3171 16187 16187 1383 12233 926 8268 1378 926 16187 983 16187 9506 16187 308
1655 12233 14180 3102 8719 9222 3171 10917 10033 13348 16187 8719 926 16187 16187 926
14237 8268 4776 132 2598 16187 16187 16187 16187 16187 16187 16187 16187 16187 16187 16187
3842 3171 16187 16187 1383 12233 926 8268 1378 926 16187 983 16187 9506 16187 308
1655 12233 14180 3102 8719 9222 3171 10917 10033 13348 16187 8719 926 16187 16187 926
15843 926 8268 15658 6253 12233 8061 926 12233 3764 14745 13348 16187 16187 16187 16187
3842 3171 16187 16187 4931 4776 6006 8712 5867 10770 16187 16187 926 16187 13081 8712
1655 12233 14180 3102 8719 9222 3171 10917 10033 13348 16187 8719 926 16187 16187 926
5046 5329 4776 2588 4183 14029 4776 2037 8268 12008 5046 4032 15715 16187 16187 16187
3842 3171 16187 16187 1383 12233 926 8268 1378 926 16187 983 16187 9506 16187 308
1655 12233 14180 3102 8719 9222 3171 10917 10033 13348 16187 8719 926 16187 16187 926
830 9743 15658 926 14029 9574 1133 8268 7740 8197 8712 8656 3342 16187 16187 16187
3842 3171 16187 16187 4931 4776 6006 8712 5867 10770 16187 16187 926 16187 13081 8712
1655 12233 14180 3102 8719 9222 3171 10917 10033 13348 16187 8719 926 16187 16187 926
6259 10887 2664 489 16187 16187 16187 16187 16187 16187 16187 16187 16187 16187 16187 16187
3842 3171 16187 16187 4931 4776 6006 8712 5867 10770 16187 16187 926 16187 13081 8712
1655 12233 14180 3102 8719 9222 3171 10917 10033 13348 16187 8719 926 16187 16187 926
5332 7926 8710 4776 7970 3177 4776 10033 16187 16187 16187 16187 16187 16187 16187 16187
3842 3171 16187 16187 4931 4776 6006 8712 5867 10770 16187 16187 926 16187 13081 8712
1655 12233 14180 3102 8719 9222 3171 10917 10033 13348 16187 8719 926 16187 16187 926
926 926 8710 9563 1238 16187 16187 16187 16187 16187 16187 16187 16187 16187 16187 16187
3842 3171 16187 16187 4931 4776 6006 8712 5867 10770 16187 16187 926 16187 13081 8712
1655 12233 14180 3102 8719 9222 3171 10917 10033 13348 16187 8719 926 16187 16187 926
8230 14237 12529 4710 16187 16187 16187 16187 16187 16187 16187 16187 16187 16187 16187 16187
3842 3171 16187 16187 1383 12233 926 8268 1378 926 16187 983 16187 9506 16187 308
1655 12233 14180 3102 8719 9222 3171 10917 10033 13348 16187 8719 926 16187 16187 926
926 8268 926 16187 16187 16187 16187 16187 16187 16187 16187 16187 16187 16187 16187 16187
3842 3171 16187 16187 1383 12233 926 8268 1378 926 16187 983 16187 9506 16187 308
1655 12233 14180 3102 8719 9222 3171 10917 10033 13348 16187 8719 926 16187 16187 926
3257 1747 3460 5463 8710 3177 1138 8455 8974 5711 11287 16187 16187 16187 16187 16187
3842 3171 16187 16187 1383 12233 926 8268 1378 926 16187 983 16187 9506 16187 308
1655 12233 14180 3102 8719 9222 3171 10917 10033 13348 16187 8719 926 16187 16187 926
4776 6854 8710 9754 1955 4974 1955 10394 13197 16187 16187 16187 16187 16187 16187 16187
3842 3171 16187 16187 4931 4776 6006 8712 5867 10770 16187 16187 926 16187 13081 8712
1655 12233 14180 3102 8719 9222 3171 10917 10033 13348 16187 8719 926 16187 16187 926
9431 8268 8712 656 1955 6259 6071 2563 16187 16187 16187 16187 16187 16187 16187 16187
3842 3171 16187 16187 4931 4776 6006 8712 5867 10770 16187 16187 926 16187 13081 8712
1655 12233 14180 3102 8719 9222 3171 10917 10033 13348 16187 8719 926 16187 16187 926
10967 14272 7740 5208 5272 8268 4776 10033 4931 6259 304 550 16187 16187 16187 16187
3842 3171 16187 16187 1383 12233 926 8268 1378 926 16187 983 16187 9506 16187 308
1655 12233 14180 3102 8719 9222 3171 10917 10033 13348 16187 8719 926 16187 16187 926
12008 6683 10036 16187 16187 16187 16187 16187 16187 16187 16187 16187 16187 16187 16187 16187
3842 3171 16187 16187 1383 12233 926 8268 1378 926 16187 983 16187 9506 16187 308
1655 12233 14180 3102 8719 9222 3171 10917 10033 13348 16187 8719 926 16187 16187 926
5329 8569 16187 16187 16187 16187 16187 16187 16187 16187 16187 16187 16187 16187 16187 16187
3842 3171 16187 16187 4931 4776 6006 8712 5867 10770 16187 16187 926 16187 13081 8712
1655 12233 14180 3102 8719 9222 3171 10917 10033 13348 16187 8719 926 16187 16187 926
10967 6259 7098 10709 3177 15740 8268 7740 9429 4325 9884 16105 4776 816 10936 16187
3842 3171 16187 16187 4931 4776 6006 8712 5867 10770 16187 16187 926 16187 13081 8712
1655 12233 14180 3102 8719 9222 3171 10917 10033 13348 16187 8719 926 16187 16187 926
14237 5463 8710 8268 14069 8710 5329 8268 4536 12233 4776 817 308 16187 16187 16187
3842 3171 16187 16187 4931 4776 6006 8712 5867 10770 16187 16187 926 16187 13081 8712
1655 12233 14180 3102 8719 9222 3171 10917 10033 13348 16187 8719 926 16187 16187 926
6259 5948 3177 15538 14237 550 15669 16187 16187 16187 16187 16187 16187 16187 16187 16187
3842 3171 16187 16187 4931 4776 6006 8712 5867 10770 16187 16187 926 16187 13081 8712
1655 12233 14180 3102 8719 9222 3171 10917 10033 13348 16187 8719 926 16187 16187 926
6286 13922 3163 13348 16187 16187 16187 16187 16187 16187 16187 16187 16187 16187 16187 16187
3842 3171 16187 16187 1383 12233 926 8268 1378 926 16187 983 16187 9506 16187 308
1655 12233 14180 3102 8719 9222 3171 10917 10033 13348 16187 8719 926 16187 16187 926
6259 2067 926 926 8712 5867 926 12233 8712 5867 5182 2903 12489 16187 16187 16187
3842 3171 16187 16187 1383 12233 926 8268 1378 926 16187 983 16187 9506 16187 308
1655 12233 14180 3102 8719 9222 3171 10917 10033 13348 16187 8719 926 16187 16187 926
8712 5867 6259 8440 8268 12008 10355 476 16187 16187 16187 16187 16187 16187 16187 16187
3842 3171 16187 16187 1383 12233 926 8268 1378 926 16187 983 16187 9506 16187 308
1655 12233 14180 3102 8719 9222 3171 10917 10033 13348 16187 8719 926 16187 16187 926
1175 574 16187 16187 16187 16187 16187 16187 16187 16187 16187 16187 16187 16187 16187 16187
3842 3171 16187 16187 1383 12233 926 8268 1378 926 16187 983 16187 9506 16187 308
1655 12233 14180 3102 8719 9222 3171 10917 10033 13348 16187 8719 926 16187 16187 926
4776 6161 779 9594 7182 14858 4776 926 10540 1778 926 16187 16187 16187 16187 16187
3842 3171 16187 16187 4931 4776 6006 8712 5867 10770 16187 16187 926 16187 13081 8712
1655 12233 14180 3102 8719 9222 3171 10917 10033 13348 16187 8719 926 16187 16187 926
15525 3177 16187 16187 16187 16187 16187 16187 16187 16187 16187 16187 16187 16187 16187 16187
3842 3171 16187 16187 4931 4776 6006 8712 5867 10770 16187 16187 926 16187 13081 8712
1655 12233 14180 3102 8719 9222 3171 10917 10033 13348 16187 8719 926 16187 16187 926
1138 9640 11017 5711 939 8712 15202 14237 830 14180 16187 16187 16187 16187 16187 16187
3842 3171 16187 16187 4931 4776 6006 8712 5867 10770 16187 16187 926 16187 13081 8712
1655 12233 14180 3102 8719 9222 3171 10917 10033 13348 16187 8719 926 16187 16187 926
12958 8710 405 14237 11936 14958 16187 16187 16187 16187 16187 16187 16187 16187 16187 16187
3842 3171 16187 16187 4931 4776 6006 8712 5867 10770 16187 16187 926 16187 13081 8712
1655 12233 14180 3102 8719 9222 3171 10917 10033 13348 16187 8719 926 16187 16187 926
14180 3177 14734 1133 14776 14029 4776 12489 926 8726 6011 11553 9754 7902 16187 16187
3842 3171 16187 16187 4931 4776 6006 8712 5867 10770 16187 16187 926 16187 13081 8712
1655 12233 14180 3102 8719 9222 3171 10917 10033 13348 16187 8719 926 16187 16187 926
15597 8710 13084 7905 9088 12233 15597 12224 8268 12008 12233 15597 8760 16187 16187 16187
3842 3171 16187 16187 1383 12233 926 8268 1378 926 16187 983 16187 9506 16187 308
1655 12233 14180 3102 8719 9222 3171 10917 10033 13348 16187 8719 926 16187 16187 926
14272 5332 7971 8710 6259 4321 3177 5007 12432 15395 8719 6259 10646 7323 16187 16187
3842 3171 16187 16187 1383 12233 926 8268 1378 926 16187 983 16187 9506 16187 308
1655 12233 14180 3102 8719 9222 3171 10917 10033 13348 16187 8719 926 16187 16187 926
7347 5358 13136 16187 16187 16187 16187 16187 16187 16187 16187 16187 16187 16187 16187 16187
3842 3171 16187 16187 1383 12233 926 8268 1378 926 16187 983 16187 9506 16187 308
1655 12233 14180 3102 8719 9222 3171 10917 10033 13348 16187 8719 926 16187 16187 926
2550 13084 16187 16187 16187 16187 16187 16187 16187 16187 16187 16187 16187 16187 16187 16187
3842 3171 16187 16187 4931 4776 6006 8712 5867 10770 16187 16187 926 16187 13081 8712
1655 12233 14180 3102 8719 9222 3171 10917 10033 13348 16187 8719 926 16187 16187 926
10669 4552 13077 8712 15525 8726 6011 9605 4776 3984 16187 16187 16187 16187 16187 16187
3842 3171 16187 16187 4931 4776 6006 8712 5867 10770 16187 16187 926 16187 13081 8712
1655 12233 14180 3102 8719 9222 3171 10917 10033 13348 16187 8719 926 16187 16187 926
1019 1889 8268 8712 3364 5367 16187 16187 16187 16187 16187 16187 16187 16187 16187 16187
3842 3171 16187 16187 1383 12233 926 8268 1378 926 16187 983 16187 9506 16187 308
1655 12233 14180 3102 8719 9222 3171 10917 10033 13348 16187 8719 926 16187 16187 926
4776 10418 8710 5329 7594 8719 3171 1378 16187 16187 16187 16187 16187 16187 16187 16187
3842 3171 16187 16187 4931 4776 6006 8712 5867 10770 16187 16187 926 16187 13081 8712
1655 12233 14180 3102 8719 9222 3171 10917 10033 13348 16187 8719 926 16187 16187 926
2945 4776 564 14419 10033 15525 14069 16187 16187 16187 16187 16187 16187 16187 16187 16187
3842 3171 16187 16187 1383 12233 926 8268 1378 926 16187 983 16187 9506 16187 308
1655 12233 14180 3102 8719 9222 3171 10917 10033 13348 16187 8719 926 16187 16187 926
9461 3177 15649 8268 4776 12529 1865 8710 9481 4776 15138 16187 16187 16187 16187 16187
3842 3171 16187 16187 4931 4776 6006 8712 5867 10770 16187 16187 926 16187 13081 8712
1655 12233 14180 3102 8719 9222 3171 10917 10033 13348 16187 8719 926 16187 16187 926
15 830 6259 3098 10770 1747 9306 3216 2598 16187 16187 16187 16187 16187 16187 16187
3842 3171 16187 16187 4931 4776 6006 8712 5867 10770 16187 16187 926 16187 13081 8712
1655 12233 14180 3102 8719 9222 3171 10917 10033 13348 16187 8719 926 16187 16187 926
7740 2446 11889 4776 2946 16187 16187 16187 16187 16187 16187 16187 16187 16187 16187 16187
3842 3171 16187 16187 4931 4776 6006 8712 5867 10770 16187 16187 926 16187 13081 8712
1655 12233 14180 3102 8719 9222 3171 10917 10033 13348 16187 8719 926 16187 16187 926
643 5867 12495 14426 12233 2326 12451 12349 15389 1229 3529 16187 16187 16187 16187 16187
3842 3171 16187 16187 1383 12233 926 8268 1378 926 16187 983 16187 9506 16187 308
1655 12233 14180 3102 8719 9222 3171 10917 10033 13348 16187 8719 926 16187 16187 926
6011 16138 11889 926 12740 820 2451 16187 16187 16187 16187 16187 16187 16187 16187 16187
3842 3171 16187 16187 4931 4776 6006 8712 5867 10770 16187 16187 926 16187 13081 8712
1655 12233 14180 3102 8719 9222 3171 10917 10033 13348 16187 8719 926 16187 16187 926
7740 11553 12233 7627 8268 5463 4931 6535 2689 12233 12650 16187 16187 16187 16187 16187
3842 3171 16187 16187 4931 4776 6006 8712 5867 10770 16187 16187 926 16187 13081 8712
1655 12233 14180 3102 8719 9222 3171 10917 10033 13348 16187 8719 926 16187 16187 926
8712 4931 6259 2365 9684 16187 16187 16187 16187 16187 16187 16187 16187 16187 16187 16187
3842 3171 16187 16187 4931 4776 6006 8712 5867 10770 16187 16187 926 16187 13081 8712
1655 12233 14180 3102 8719 9222 3171 10917 10033 13348 16187 8719 926 16187 16187 926
7740 2665 3367 926 1019 4776 2494 6173 12233 5243 1213 6259 3098 14599 16187 16187
3842 3171 16187 16187 1383 12233 926 8268 1378 926 16187 983 16187 9506 16187 308
1655 12233 14180 3102 8719 9222 3171 10917 10033 13348 16187 8719 926 16187 16187 926
8712 968 2823 15174 8726 6011 5208 1453 13529 734 1919 6011 12495 16187 16187 16187
3842 3171 16187 16187 4931 4776 6006 8712 5867 10770 16187 16187 926 16187 13081 8712
1655 12233 14180 3102 8719 9222 3171 10917 10033 13348 16187 8719 926 16187 16187 926
10242 3177 8712 10889 16187 16187 16187 16187 16187 16187 16187 16187 16187 16187 16187 16187
3842 3171 16187 16187 1383 12233 926 8268 1378 926 16187 983 16187 9506 16187 308
1655 12233 14180 3102 8719 9222 3171 10917 10033 13348 16187 8719 926 16187 16187 926
6297 8268 3171 8710 9754 1229 8569 8268 8712 8710 4537 1482 2598 16187 16187 16187
3842 3171 16187 16187 1383 12233 926 8268 1378 926 16187 983 16187 9506 16187 308
1655 12233 14180 3102 8719 9222 3171 10917 10033 13348 16187 8719 926 16187 16187 926
4776 14164 13216 2858 4776 4640 14237 8368 9319 11953 203 1885 643 4931 8270 16187
3842 3171 16187 16187 4931 4776 6006 8712 5867 10770 16187 16187 926 16187 13081 8712
1655 12233 14180 3102 8719 9222 3171 10917 10033 13348 16187 8719 926 16187 16187 926
6070 9450 3112 13592 11954 2191 16187 16187 16187 16187 16187 16187 16187 16187 16187 16187
3842 3171 16187 16187 1383 12233 926 8268 1378 926 16187 983 16187 9506 16187 308
1655 12233 14180 3102 8719 9222 3171 10917 10033 13348 16187 8719 926 16187 16187 926
