1378 4931 4776 4406 8311 3177 4776 2563 16187 16187 16187 16187 16187 16187 16187 16187
3842 3171 16187 16187 4931 4776 6006 8268 14237 4776 10033 15649 7740 4931 8781 12233
1655 12233 14180 3102 8719 9222 3171 10917 10033 13348 16187 8719 4776 2563 16187 16187
7740 11530 926 9577 14237 8268 7742 8268 4776 4720 4931 14734 10418 6021 16187 16187
3842 3171 16187 16187 4931 4776 6006 8268 14237 4776 10033 15649 7740 4931 8781 12233
1655 12233 14180 3102 8719 9222 3171 10917 10033 13348 16187 8719 4776 2563 16187 16187
2263 2446 6259 10033 5463 8710 5580 795 8719 10033 6215 16187 16187 16187 16187 16187
3842 3171 16187 16187 4931 4776 6006 8268 14237 4776 10033 15649 7740 4931 8781 12233
1655 12233 14180 3102 8719 9222 3171 10917 10033 13348 16187 8719 4776 2563 16187 16187
8069 926 13081 11889 6259 926 16187 16187 16187 16187 16187 16187 16187 16187 16187 16187
3842 3171 16187 16187 4931 4776 6006 8268 14237 4776 10033 15649 7740 4931 8781 12233
1655 12233 14180 3102 8719 9222 3171 10917 10033 13348 16187 8719 4776 2563 16187 16187
12008 2446 5137 12233 2823 13084 4249 16187 16187 16187 16187 16187 16187 16187 16187 16187
3842 3171 16187 16187 4931 4776 6006 8268 14237 4776 10033 15649 7740 4931 8781 12233
1655 12233 14180 3102 8719 9222 3171 10917 10033 13348 16187 8719 4776 2563 16187 16187
4776 2946 14180 11702 10355 6499 8268 11946 6826 10249 10248 926 16187 16187 16187 16187
3842 3171 16187 16187 4931 4776 6006 8268 14237 4776 10033 15649 7740 4931 8781 12233
1655 12233 14180 3102 8719 9222 3171 10917 10033 13348 16187 8719 4776 2563 16187 16187
6259 5820 16187 16187 16187 16187 16187 16187 16187 16187 16187 16187 16187 16187 16187 16187
3842 3171 16187 16187 4931 4776 6006 8268 14237 4776 10033 15649 7740 4931 8781 12233
1655 12233 14180 3102 8719 9222 3171 10917 10033 13348 16187 8719 4776 2563 16187 16187
9676 8268 8712 11842 2903 1954 11196 6492 14237 4311 9320 8630 8712 16187 16187 16187
3842 3171 16187 16187 4931 4776 6006 8268 14237 4776 10033 15649 7740 4931 8781 12233
1655 12233 14180 3102 8719 9222 3171 10917 10033 13348 16187 8719 4776 2563 16187 16187
4776 8808 3270 14776 12256 8268 14237 4776 13573 3673 14776 15761 16187 16187 16187 16187
3842 3171 16187 16187 4931 4776 6006 8268 14237 4776 10033 15649 7740 4931 8781 12233
1655 12233 14180 3102 8719 9222 3171 10917 10033 13348 16187 8719 4776 2563 16187 16187
8726 6011 188 12233 6166 15662 4931 7926 7456 12233 4552 5463 2598 16187 16187 16187
3842 3171 16187 16187 4931 4776 6006 8268 14237 4776 10033 15649 7740 4931 8781 12233
1655 12233 14180 3102 8719 9222 3171 10917 10033 13348 16187 8719 4776 2563 16187 16187
703 9084 9605 437 8268 12716 8268 12008 5272 3171 8710 6259 2024 2563 16187 16187
3842 3171 16187 16187 4931 4776 6006 8268 14237 4776 10033 15649 7740 4931 8781 12233
1655 12233 14180 3102 8719 9222 3171 10917 10033 13348 16187 8719 4776 2563 16187 16187
9859 3568 13348 16187 16187 16187 16187 16187 16187 16187 16187 16187 16187 16187 16187 16187
3842 3171 16187 16187 4931 4776 6006 8268 14237 4776 10033 15649 7740 4931 8781 12233
1655 12233 14180 3102 8719 9222 3171 10917 10033 13348 16187 8719 4776 2563 16187 16187
1919 6259 5088 16187 16187 16187 16187 16187 16187 16187 16187 16187 16187 16187 16187 16187
3842 3171 16187 16187 4931 4776 6006 8268 14237 4776 10033 15649 7740 4931 8781 12233
1655 12233 14180 3102 8719 9222 3171 10917 10033 13348 16187 8719 4776 2563 16187 16187
8712 5867 11889 8726 926 12232 11553 15729 8258 4421 8505 12431 14069 16187 16187 16187
3842 3171 16187 16187 4931 4776 6006 8268 14237 4776 10033 15649 7740 4931 8781 12233
1655 12233 14180 3102 8719 9222 3171 10917 10033 13348 16187 8719 4776 2563 16187 16187
13084 7273 8268 13084 15677 14596 14043 15064 5568 14596 16187 16187 16187 16187 16187 16187
3842 3171 16187 16187 4931 4776 6006 8268 14237 4776 10033 15649 7740 4931 8781 12233
1655 12233 14180 3102 8719 9222 3171 10917 10033 13348 16187 8719 4776 2563 16187 16187
1229 2552 3171 2563 8268 8712 5867 3098 16187 16187 16187 16187 16187 16187 16187 16187
3842 3171 16187 16187 4931 4776 6006 8268 14237 4776 10033 15649 7740 4931 8781 12233
1655 12233 14180 3102 8719 9222 3171 10917 10033 13348 16187 8719 4776 2563 16187 16187
13084 3141 16187 16187 16187 16187 16187 16187 16187 16187 16187 16187 16187 16187 16187 16187
3842 3171 16187 16187 4931 4776 6006 8268 14237 4776 10033 15649 7740 4931 8781 12233
1655 12233 14180 3102 8719 9222 3171 10917 10033 13348 16187 8719 4776 2563 16187 16187
8712 4931 6259 3098 2563 5463 414 14272 926 13942 11889 12127 5332 14237 4311 16187
3842 3171 16187 16187 4931 4776 6006 8268 14237 4776 10033 15649 7740 4931 8781 12233
1655 12233 14180 3102 8719 9222 3171 10917 10033 13348 16187 8719 4776 2563 16187 16187
6259 14596 1229 9264 14237 3098 5656 15202 12127 15335 1273 16187 16187 16187 16187 16187
3842 3171 16187 16187 4931 4776 6006 8268 14237 4776 10033 15649 7740 4931 8781 12233
1655 12233 14180 3102 8719 9222 3171 10917 10033 13348 16187 8719 4776 2563 16187 16187
14272 6259 4710 16187 16187 16187 16187 16187 16187 16187 16187 16187 16187 16187 16187 16187
3842 3171 16187 16187 4931 4776 6006 8268 14237 4776 10033 15649 7740 4931 8781 12233
1655 12233 14180 3102 8719 9222 3171 10917 10033 13348 16187 8719 4776 2563 16187 16187
1954 10211 15776 12805 16187 16187 16187 16187 16187 16187 16187 16187 16187 16187 16187 16187
3842 3171 16187 16187 4931 4776 6006 8268 14237 4776 10033 15649 7740 4931 8781 12233
1655 12233 14180 3102 8719 9222 3171 10917 10033 13348 16187 8719 4776 2563 16187 16187
14139 9484 16187 16187 16187 16187 16187 16187 16187 16187 16187 16187 16187 16187 16187 16187
3842 3171 16187 16187 4931 4776 6006 8268 14237 4776 10033 15649 7740 4931 8781 12233
1655 12233 14180 3102 8719 9222 3171 10917 10033 13348 16187 8719 4776 2563 16187 16187
3171 10033 8710 6259 395 3641 13422 1919 395 2946 10315 4776 3994 10638 16187 16187
3842 3171 16187 16187 4931 4776 6006 8268 14237 4776 10033 15649 7740 4931 8781 12233
1655 12233 14180 3102 8719 9222 3171 10917 10033 13348 16187 8719 4776 2563 16187 16187
7740 10246 13089 7740 8309 12233 2552 10714 1919 926 8719 4776 8869 16187 16187 16187
3842 3171 16187 16187 4931 4776 6006 8268 14237 4776 10033 15649 7740 4931 8781 12233
1655 12233 14180 3102 8719 9222 3171 10917 10033 13348 16187 8719 4776 2563 16187 16187
12276 11555 4931 8106 14237 7740 4931 3042 12233 2552 4776 12529 5253 16187 16187 16187
3842 3171 16187 16187 4931 4776 6006 8268 14237 4776 10033 15649 7740 4931 8781 12233
1655 12233 14180 3102 8719 9222 3171 10917 10033 13348 16187 8719 4776 2563 16187 16187
4776 10033 6253 12233 4552 15347 703 16187 16187 16187 16187 16187 16187 16187 16187 16187
3842 3171 16187 16187 4931 4776 6006 8268 14237 4776 10033 15649 7740 4931 8781 12233
1655 12233 14180 3102 8719 9222 3171 10917 10033 13348 16187 8719 4776 2563 16187 16187
3222 14734 6161 8223 12233 13529 14373 8268 14734 12660 9059 8093 12341 14745 16187 16187
3842 3171 16187 16187 4931 4776 6006 8268 14237 4776 10033 15649 7740 4931 8781 12233
1655 12233 14180 3102 8719 9222 3171 10917 10033 13348 16187 8719 4776 2563 16187 16187
1138 1889 13348 13348 13348 16187 16187 16187 16187 16187 16187 16187 16187 16187 16187 16187
3842 3171 16187 16187 4931 4776 6006 8268 14237 4776 10033 15649 7740 4931 8781 12233
1655 12233 14180 3102 8719 9222 3171 10917 10033 13348 16187 8719 4776 2563 16187 16187
830 6826 7708 6378 8268 3171 8710 2945 1378 3177 12276 12489 9484 8185 16187 16187
3842 3171 16187 16187 4931 4776 6006 8268 14237 4776 10033 15649 7740 4931 8781 12233
1655 12233 14180 3102 8719 9222 3171 10917 10033 13348 16187 8719 4776 2563 16187 16187
7740 11839 7926 12232 2823 1378 3177 4312 8268 10653 14237 926 16187 16187 16187 16187
3842 3171 16187 16187 4931 4776 6006 8268 14237 4776 10033 15649 7740 4931 8781 12233
1655 12233 14180 3102 8719 9222 3171 10917 10033 13348 16187 8719 4776 2563 16187 16187
5328 3177 8712 8710 7336 1980 8268 4776 16146 5328 11075 926 16187 16187 16187 16187
3842 3171 16187 16187 4931 4776 6006 8268 14237 4776 10033 15649 7740 4931 8781 12233
1655 12233 14180 3102 8719 9222 3171 10917 10033 13348 16187 8719 4776 2563 16187 16187
1138 926 10080 5937 15692 13348 5711 16187 16187 16187 16187 16187 16187 16187 16187 16187
3842 3171 16187 16187 4931 4776 6006 8268 14237 4776 10033 15649 7740 4931 8781 12233
1655 12233 14180 3102 8719 9222 3171 10917 10033 13348 16187 8719 4776 2563 16187 16187
6826 9277 10603 3171 10033 5923 14029 4776 9212 16187 16187 16187 16187 16187 16187 16187
3842 3171 16187 16187 4931 4776 6006 8268 14237 4776 10033 15649 7740 4931 8781 12233
1655 12233 14180 3102 8719 9222 3171 10917 10033 13348 16187 8719 4776 2563 16187 16187
12090 14030 13348 16187 16187 16187 16187 16187 16187 16187 16187 16187 16187 16187 16187 16187
3842 3171 16187 16187 4931 4776 6006 8268 14237 4776 10033 15649 7740 4931 8781 12233
1655 12233 14180 3102 8719 9222 3171 10917 10033 13348 16187 8719 4776 2563 16187 16187
7740 8154 4776 2322 5007 16187 16187 16187 16187 16187 16187 16187 16187 16187 16187 16187
3842 3171 16187 16187 4931 4776 6006 8268 14237 4776 10033 15649 7740 4931 8781 12233
1655 12233 14180 3102 8719 9222 3171 10917 10033 13348 16187 8719 4776 2563 16187 16187
4776 6801 7926 10231 7165 7165 6259 5858 8477 870 5463 8411 8710 7312 926 16187
3842 3171 16187 16187 4931 4776 6006 8268 14237 4776 10033 15649 7740 4931 8781 12233
1655 12233 14180 3102 8719 9222 3171 10917 10033 13348 16187 8719 4776 2563 16187 16187
5713 4440 14776 2689 12008 6259 9450 11063 2780 16187 16187 16187 16187 16187 16187 16187
3842 3171 16187 16187 4931 4776 6006 8268 14237 4776 10033 15649 7740 4931 8781 12233
1655 12233 14180 3102 8719 9222 3171 10917 10033 13348 16187 8719 4776 2563 16187 16187
4537 4552 9754 2823 2758 8726 6011 10114 5611 1957 6826 10709 16187 16187 16187 16187
3842 3171 16187 16187 4931 4776 6006 8268 14237 4776 10033 15649 7740 4931 8781 12233
1655 12233 14180 3102 8719 9222 3171 10917 10033 13348 16187 8719 4776 2563 16187 16187
7740 2329 926 10644 4215 8719 3171 6723 13348 16187 16187 16187 16187 16187 16187 16187
3842 3171 16187 16187 4931 4776 6006 8268 14237 4776 10033 15649 7740 4931 8781 12233
1655 12233 14180 3102 8719 9222 3171 10917 10033 13348 16187 8719 4776 2563 16187 16187
15662 9084 4325 4552 5463 12233 13594 2598 16187 16187 16187 16187 16187 16187 16187 16187
3842 3171 16187 16187 4931 4776 6006 8268 14237 4776 10033 15649 7740 4931 8781 12233
1655 12233 14180 3102 8719 9222 3171 10917 10033 13348 16187 8719 4776 2563 16187 16187
11499 7740 4931 5329 223 12008 4776 284 14776 8270 16187 16187 16187 16187 16187 16187
3842 3171 16187 16187 4931 4776 6006 8268 14237 4776 10033 15649 7740 4931 8781 12233
1655 12233 14180 3102 8719 9222 3171 10917 10033 13348 16187 8719 4776 2563 16187 16187
13474 3644 9754 7401 15273 1885 15821 5599 4856 8719 6259 14861 9485 2563 16187 16187
3842 3171 16187 16187 4931 4776 6006 8268 14237 4776 10033 15649 7740 4931 8781 12233
1655 12233 14180 3102 8719 9222 3171 10917 10033 13348 16187 8719 4776 2563 16187 16187
12276 9574 830 2814 8710 6259 6363 16187 16187 16187 16187 16187 16187 16187 16187 16187
3842 3171 16187 16187 4931 4776 6006 8268 14237 4776 10033 15649 7740 4931 8781 12233
1655 12233 14180 3102 8719 9222 3171 10917 10033 13348 16187 8719 4776 2563 16187 16187
5332 5463 5867 5329 12233 1436 5463 4776 10033 4931 12105 10471 16187 16187 16187 16187
3842 3171 16187 16187 4931 4776 6006 8268 14237 4776 10033 15649 7740 4931 8781 12233
1655 12233 14180 3102 8719 9222 3171 10917 10033 13348 16187 8719 4776 2563 16187 16187
926 926 13549 6259 1098 297 9534 1019 14237 13474 8710 204 13348 16187 16187 16187
3842 3171 16187 16187 4931 4776 6006 8268 14237 4776 10033 15649 7740 4931 8781 12233
1655 12233 14180 3102 8719 9222 3171 10917 10033 13348 16187 8719 4776 2563 16187 16187
15870 3171 8710 7960 12233 6390 6161 1167 16187 16187 16187 16187 16187 16187 16187 16187
3842 3171 16187 16187 4931 4776 6006 8268 14237 4776 10033 15649 7740 4931 8781 12233
1655 12233 14180 3102 8719 9222 3171 10917 10033 13348 16187 8719 4776 2563 16187 16187
6173 926 926 5867 2053 113 926 3994 8710 6259 8664 13896 16187 16187 16187 16187
3842 3171 16187 16187 4931 4776 6006 8268 14237 4776 10033 15649 7740 4931 8781 12233
1655 12233 14180 3102 8719 9222 3171 10917 10033 13348 16187 8719 4776 2563 16187 16187
926 926 8710 3098 14237 5568 1378 15658 13248 12233 11553 10770 16187 16187 16187 16187
3842 3171 16187 16187 4931 4776 6006 8268 14237 4776 10033 15649 7740 4931 8781 12233
1655 12233 14180 3102 8719 9222 3171 10917 10033 13348 16187 8719 4776 2563 16187 16187
3543 15389 3171 5415 2823 16105 2598 16187 16187 16187 16187 16187 16187 16187 16187 16187
3842 3171 16187 16187 4931 4776 6006 8268 14237 4776 10033 15649 7740 4931 8781 12233
1655 12233 14180 3102 8719 9222 3171 10917 10033 13348 16187 8719 4776 2563 16187 16187
8726 7926 3847 8268 7926 8710 4906 12233 4230 1597 16187 16187 16187 16187 16187 16187
3842 3171 16187 16187 4931 4776 6006 8268 14237 4776 10033 15649 7740 4931 8781 12233
1655 12233 14180 3102 8719 9222 3171 10917 10033 13348 16187 8719 4776 2563 16187 16187
926 10036 10967 4776 6115 16187 16187 16187 16187 16187 16187 16187 16187 16187 16187 16187
3842 3171 16187 16187 4931 4776 6006 8268 14237 4776 10033 15649 7740 4931 8781 12233
1655 12233 14180 3102 8719 9222 3171 10917 10033 13348 16187 8719 4776 2563 16187 16187
3171 10272 1954 3865 9574 16187 16187 16187 16187 16187 16187 16187 16187 16187 16187 16187
3842 3171 16187 16187 4931 4776 6006 8268 14237 4776 10033 15649 7740 4931 8781 12233
1655 12233 14180 3102 8719 9222 3171 10917 10033 13348 16187 8719 4776 2563 16187 16187
8093 8268 830 6259 63 8268 4552 6011 10503 8719 3171 926 3384 1957 14180 16187
3842 3171 16187 16187 4931 4776 6006 8268 14237 4776 10033 15649 7740 4931 8781 12233
1655 12233 14180 3102 8719 9222 3171 10917 10033 13348 16187 8719 4776 2563 16187 16187
1378 15365 926 14029 1750 5623 2837 4776 12334 3177 3171 11772 12739 7003 10978 16187
3842 3171 16187 16187 4931 4776 6006 8268 14237 4776 10033 15649 7740 4931 8781 12233
1655 12233 14180 3102 8719 9222 3171 10917 10033 13348 16187 8719 4776 2563 16187 16187
7740 926 926 15978 3177 14272 7740 1442 14237 2696 14029 8712 5867 15149 16187 16187
3842 3171 16187 16187 4931 4776 6006 8268 14237 4776 10033 15649 7740 4931 8781 12233
1655 12233 14180 3102 8719 9222 3171 10917 10033 13348 16187 8719 4776 2563 16187 16187
2599 5867 2552 203 8712 7076 8719 4776 13276 16187 16187 16187 16187 16187 16187 16187
3842 3171 16187 16187 4931 4776 6006 8268 14237 4776 10033 15649 7740 4931 8781 12233
1655 12233 14180 3102 8719 9222 3171 10917 10033 13348 16187 8719 4776 2563 16187 16187
4776 284 14776 5329 4776 926 7740 9884 8466 12008 4325 11031 13807 3098 9890 16187
3842 3171 16187 16187 4931 4776 6006 8268 14237 4776 10033 15649 7740 4931 8781 12233
1655 12233 14180 3102 8719 9222 3171 10917 10033 13348 16187 8719 4776 2563 16187 16187
4123 10776 1176 8710 4537 6259 926 14237 926 8719 4776 15840 8510 3312 16187 16187
3842 3171 16187 16187 4931 4776 6006 8268 14237 4776 10033 15649 7740 4931 8781 12233
1655 12233 14180 3102 8719 9222 3171 10917 10033 13348 16187 8719 4776 2563 16187 16187
8712 5867 2832 1955 6152 1955 926 14043 926 16187 16187 16187 16187 16187 16187 16187
3842 3171 16187 16187 4931 4776 6006 8268 14237 4776 10033 15649 7740 4931 8781 12233
1655 12233 14180 3102 8719 9222 3171 10917 10033 13348 16187 8719 4776 2563 16187 16187
8712 13942 14927 3847 9754 15956 203 12233 4924 16187 16187 16187 16187 16187 16187 16187
3842 3171 16187 16187 4931 4776 6006 8268 14237 4776 10033 15649 7740 4931 8781 12233
1655 12233 14180 3102 8719 9222 3171 10917 10033 13348 16187 8719 4776 2563 16187 16187
10915 926 8710 4776 9534 3177 14749 2145 16187 16187 16187 16187 16187 16187 16187 16187
3842 3171 16187 16187 4931 4776 6006 8268 14237 4776 10033 15649 7740 4931 8781 12233
1655 12233 14180 3102 8719 9222 3171 10917 10033 13348 16187 8719 4776 2563 16187 16187
14237 4776 2946 2441 8712 2326 7742 1919 14180 3177 4312 10315 15597 10638 926 16187
3842 3171 16187 16187 4931 4776 6006 8268 14237 4776 10033 15649 7740 4931 8781 12233
1655 12233 14180 3102 8719 9222 3171 10917 10033 13348 16187 8719 4776 2563 16187 16187
7926 4537 3007 12495 817 830 4776 10501 16187 16187 16187 16187 16187 16187 16187 16187
3842 3171 16187 16187 4931 4776 6006 8268 14237 4776 10033 15649 7740 4931 8781 12233
1655 12233 14180 3102 8719 9222 3171 10917 10033 13348 16187 8719 4776 2563 16187 16187
4240 926 3748 12233 13720 8268 7926 8428 12233 11553 4776 926 10036 16187 16187 16187
3842 3171 16187 16187 4931 4776 6006 8268 14237 4776 10033 15649 7740 4931 8781 12233
1655 12233 14180 3102 8719 9222 3171 10917 10033 13348 16187 8719 4776 2563 16187 16187
5947 2664 1681 3537 1919 6259 10355 13839 16187 16187 16187 16187 16187 16187 16187 16187
3842 3171 16187 16187 4931 4776 6006 8268 14237 4776 10033 15649 7740 4931 8781 12233
1655 12233 14180 3102 8719 9222 3171 10917 10033 13348 16187 8719 4776 2563 16187 16187
203 4776 12459 9084 4624 12298 2903 8719 8631 2598 16187 16187 16187 16187 16187 16187
3842 3171 16187 16187 4931 4776 6006 8268 14237 4776 10033 15649 7740 4931 8781 12233
1655 12233 14180 3102 8719 9222 3171 10917 10033 13348 16187 8719 4776 2563 16187 16187
8796 8268 4776 6006 4931 1502 14237 4776 1531 9498 2860 16187 16187 16187 16187 16187
3842 3171 16187 16187 4931 4776 6006 8268 14237 4776 10033 15649 7740 4931 8781 12233
1655 12233 14180 3102 8719 9222 3171 10917 10033 13348 16187 8719 4776 2563 16187 16187
6259 5721 16187 16187 16187 16187 16187 16187 16187 16187 16187 16187 16187 16187 16187 16187
3842 3171 16187 16187 4931 4776 6006 8268 14237 4776 10033 15649 7740 4931 8781 12233
1655 12233 14180 3102 8719 9222 3171 10917 10033 13348 16187 8719 4776 2563 16187 16187
4776 284 14776 16139 16187 16187 16187 16187 16187 16187 16187 16187 16187 16187 16187 16187
3842 3171 16187 16187 4931 4776 6006 8268 14237 4776 10033 15649 7740 4931 8781 12233
1655 12233 14180 3102 8719 9222 3171 10917 10033 13348 16187 8719 4776 2563 16187 16187
14139 16187 16187 16187 16187 16187 16187 16187 16187 16187 16187 16187 16187 16187 16187 16187
3842 3171 16187 16187 4931 4776 6006 8268 14237 4776 10033 15649 7740 4931 8781 12233
1655 12233 14180 3102 8719 9222 3171 10917 10033 13348 16187 8719 4776 2563 16187 16187
6280 8268 8733 5463 816 4927 8268 926 2284 14734 16058 8835 16187 16187 16187 16187
3842 3171 16187 16187 4931 4776 6006 8268 14237 4776 10033 15649 7740 4931 8781 12233
1655 12233 14180 3102 8719 9222 3171 10917 10033 13348 16187 8719 4776 2563 16187 16187
8712 5867 13978 12364 16187 16187 16187 16187 16187 16187 16187 16187 16187 16187 16187 16187
3842 3171 16187 16187 4931 4776 6006 8268 14237 4776 10033 15649 7740 4931 8781 12233
1655 12233 14180 3102 8719 9222 3171 10917 10033 13348 16187 8719 4776 2563 16187 16187
6011 11031 1515 12233 5099 8712 8726 6011 6077 12233 8197 8712 2968 16187 16187 16187
3842 3171 16187 16187 4931 4776 6006 8268 14237 4776 10033 15649 7740 4931 8781 12233
1655 12233 14180 3102 8719 9222 3171 10917 10033 13348 16187 8719 4776 2563 16187 16187
12233 8733 6259 2563 11953 1213 6259 4779 4931 2446 8719 8569 14113 8268 11558 16187
3842 3171 16187 16187 4931 4776 6006 8268 14237 4776 10033 15649 7740 4931 8781 12233
1655 12233 14180 3102 8719 9222 3171 10917 10033 13348 16187 8719 4776 2563 16187 16187
9577 6826 13988 820 8268 15662 14776 4325 3908 3171 2598 16187 16187 16187 16187 16187
3842 3171 16187 16187 4931 4776 6006 8268 14237 4776 10033 15649 7740 4931 8781 12233
1655 12233 14180 3102 8719 9222 3171 10917 10033 13348 16187 8719 4776 2563 16187 16187
12958 8710 2844 14237 12349 4776 12489 8268 10967 4776 12835 12233 4776 15513 4152 16187
3842 3171 16187 16187 4931 4776 6006 8268 14237 4776 10033 15649 7740 4931 8781 12233
1655 12233 14180 3102 8719 9222 3171 10917 10033 13348 16187 8719 4776 2563 16187 16187
12008 8268 5329 8069 1954 6909 926 5208 14471 4776 2490 3177 6259 10602 10033 16187
3842 3171 16187 16187 4931 4776 6006 8268 14237 4776 10033 15649 7740 4931 8781 12233
1655 12233 14180 3102 8719 9222 3171 10917 10033 13348 16187 8719 4776 2563 16187 16187
6363 16187 16187 16187 16187 16187 16187 16187 16187 16187 16187 16187 16187 16187 16187 16187
3842 3171 16187 16187 4931 4776 6006 8268 14237 4776 10033 15649 7740 4931 8781 12233
1655 12233 14180 3102 8719 9222 3171 10917 10033 13348 16187 8719 4776 2563 16187 16187
7740 9084 9754 2326 5407 830 4312 8268 1957 14180 16187 16187 16187 16187 16187 16187
3842 3171 16187 16187 4931 4776 6006 8268 14237 4776 10033 15649 7740 4931 8781 12233
1655 12233 14180 3102 8719 9222 3171 10917 10033 13348 16187 8719 4776 2563 16187 16187
10566 11107 926 1019 8794 6173 12260 2172 12233 8554 3202 2263 16058 13152 16187 16187
3842 3171 16187 16187 4931 4776 6006 8268 14237 4776 10033 15649 7740 4931 8781 12233
1655 12233 14180 3102 8719 9222 3171 10917 10033 13348 16187 8719 4776 2563 16187 16187
2053 926 3994 8710 1378 3177 12276 11070 5414 8331 16187 16187 16187 16187 16187 16187
3842 3171 16187 16187 4931 4776 6006 8268 14237 4776 10033 15649 7740 4931 8781 12233
1655 12233 14180 3102 8719 9222 3171 10917 10033 13348 16187 8719 4776 2563 16187 16187
10967 4776 10709 3177 15740 3177 7310 284 7740 1344 6635 4776 10033 16187 16187 16187
3842 3171 16187 16187 4931 4776 6006 8268 14237 4776 10033 15649 7740 4931 8781 12233
1655 12233 14180 3102 8719 9222 3171 10917 10033 13348 16187 8719 4776 2563 16187 16187
4776 10033 8710 13250 8268 8712 15249 1919 2713 3177 4994 16187 16187 16187 16187 16187
3842 3171 16187 16187 4931 4776 6006 8268 14237 4776 10033 15649 7740 4931 8781 12233
1655 12233 14180 3102 8719 9222 3171 10917 10033 13348 16187 8719 4776 2563 16187 16187
7740 5687 6070 630 11953 14734 8808 16187 16187 16187 16187 16187 16187 16187 16187 16187
3842 3171 16187 16187 4931 4776 6006 8268 14237 4776 10033 15649 7740 4931 8781 12233
1655 12233 14180 3102 8719 9222 3171 10917 10033 13348 16187 8719 4776 2563 16187 16187
4325 14776 11889 5463 16187 16187 16187 16187 16187 16187 16187 16187 16187 16187 16187 16187
3842 3171 16187 16187 4931 4776 6006 8268 14237 4776 10033 15649 7740 4931 8781 12233
1655 12233 14180 3102 8719 9222 3171 10917 10033 13348 16187 8719 4776 2563 16187 16187
1042 3171 1378 1093 8268 10669 13348 16187 16187 16187 16187 16187 16187 16187 16187 16187
3842 3171 16187 16187 4931 4776 6006 8268 14237 4776 10033 15649 7740 4931 8781 12233
1655 12233 14180 3102 8719 9222 3171 10917 10033 13348 16187 8719 4776 2563 16187 16187
7926 2608 11889 6259 10887 4324 3177 12393 16187 16187 16187 16187 16187 16187 16187 16187
3842 3171 16187 16187 4931 4776 6006 8268 14237 4776 10033 15649 7740 4931 8781 12233
1655 12233 14180 3102 8719 9222 3171 10917 10033 13348 16187 8719 4776 2563 16187 16187
3171 3847 9754 6683 11889 6259 7345 4302 8712 15452 2148 11889 10166 11173 2024 16187
3842 3171 16187 16187 4931 4776 6006 8268 14237 4776 10033 15649 7740 4931 8781 12233
1655 12233 14180 3102 8719 9222 3171 10917 10033 13348 16187 8719 4776 2563 16187 16187
4776 7310 284 4552 4776 2563 6527 16187 16187 16187 16187 16187 16187 16187 16187 16187
3842 3171 16187 16187 4931 4776 6006 8268 14237 4776 10033 15649 7740 4931 8781 12233
1655 12233 14180 3102 8719 9222 3171 10917 10033 13348 16187 8719 4776 2563 16187 16187
8659 8710 3098 16187 16187 16187 16187 16187 16187 16187 16187 16187 16187 16187 16187 16187
3842 3171 16187 16187 4931 4776 6006 8268 14237 4776 10033 15649 7740 4931 8781 12233
1655 12233 14180 3102 8719 9222 3171 10917 10033 13348 16187 8719 4776 2563 16187 16187
14237 4776 6545 6215 3177 1138 4776 16027 5711 16187 16187 16187 16187 16187 16187 16187
3842 3171 16187 16187 4931 4776 6006 8268 14237 4776 10033 15649 7740 4931 8781 12233
1655 12233 14180 3102 8719 9222 3171 10917 10033 13348 16187 8719 4776 2563 16187 16187
4152 8710 2256 3175 16187 16187 16187 16187 16187 16187 16187 16187 16187 16187 16187 16187
3842 3171 16187 16187 4931 4776 6006 8268 14237 4776 10033 15649 7740 4931 8781 12233
1655 12233 14180 3102 8719 9222 3171 10917 10033 13348 16187 8719 4776 2563 16187 16187
8712 5867 5947 7610 14237 4473 16187 16187 16187 16187 16187 16187 16187 16187 16187 16187
3842 3171 16187 16187 4931 4776 6006 8268 14237 4776 10033 15649 7740 4931 8781 12233
1655 12233 14180 3102 8719 9222 3171 10917 10033 13348 16187 8719 4776 2563 16187 16187
8712 3847 8467 12233 9745 8270 13089 4325 2451 6585 12233 4776 14954 16187 16187 16187
3842 3171 16187 16187 4931 4776 6006 8268 14237 4776 10033 15649 7740 4931 8781 12233
1655 12233 14180 3102 8719 9222 3171 10917 10033 13348 16187 8719 4776 2563 16187 16187
926 8268 7740 6635 203 8712 4931 9754 49 11007 830 926 16187 16187 16187 16187
3842 3171 16187 16187 4931 4776 6006 8268 14237 4776 10033 15649 7740 4931 8781 12233
1655 12233 14180 3102 8719 9222 3171 10917 10033 13348 16187 8719 4776 2563 16187 16187
14180 8719 14180 8268 6259 10770 2765 3177 2103 1957 4776 8185 16187 16187 16187 16187
3842 3171 16187 16187 4931 4776 6006 8268 14237 4776 10033 15649 7740 4931 8781 12233
1655 12233 14180 3102 8719 9222 3171 10917 10033 13348 16187 8719 4776 2563 16187 16187
7740 973 6259 11537 3177 13640 10552 16187 16187 16187 16187 16187 16187 16187 16187 16187
3842 3171 16187 16187 4931 4776 6006 8268 14237 4776 10033 15649 7740 4931 8781 12233
1655 12233 14180 3102 8719 9222 3171 10917 10033 13348 16187 8719 4776 2563 16187 16187
14294 3171 4931 6259 14901 3748 3177 4776 10033 8268 4776 2588 9475 16187 16187 16187
3842 3171 16187 16187 4931 4776 6006 8268 14237 4776 10033 15649 7740 4931 8781 12233
1655 12233 14180 3102 8719 9222 3171 10917 10033 13348 16187 8719 4776 2563 16187 16187
8719 2037 6011 11031 8081 12233 3171 94 8268 3238 9070 12233 926 6011 16187 16187
3842 3171 16187 16187 4931 4776 6006 8268 14237 4776 10033 15649 7740 4931 8781 12233
1655 12233 14180 3102 8719 9222 3171 10917 10033 13348 16187 8719 4776 2563 16187 16187
8712 5867 1213 6259 8716 7926 5867 13532 14691 12233 4189 1919 16187 16187 16187 16187
3842 3171 16187 16187 4931 4776 6006 8268 14237 4776 10033 15649 7740 4931 8781 12233
1655 12233 14180 3102 8719 9222 3171 10917 10033 13348 16187 8719 4776 2563 16187 16187
1138 7740 973 5329 2984 5463 9424 8719 12276 10397 5711 16187 16187 16187 16187 16187
3842 3171 16187 16187 4931 4776 6006 8268 14237 4776 10033 15649 7740 4931 8781 12233
1655 12233 14180 3102 8719 9222 3171 10917 10033 13348 16187 8719 4776 2563 16187 16187
7740 2696 1138 4776 926 5711 8719 12135 16187 16187 16187 16187 16187 16187 16187 16187
3842 3171 16187 16187 4931 4776 6006 8268 14237 4776 10033 15649 7740 4931 8781 12233
1655 12233 14180 3102 8719 9222 3171 10917 10033 13348 16187 8719 4776 2563 16187 16187
7740 15956 13348 16187 16187 16187 16187 16187 16187 16187 16187 16187 16187 16187 16187 16187
3842 3171 16187 16187 4931 4776 6006 8268 14237 4776 10033 15649 7740 4931 8781 12233
1655 12233 14180 3102 8719 9222 3171 10917 10033 13348 16187 8719 4776 2563 16187 16187
11439 926 8710 4776 3780 926 1853 8268 6259 4389 5726 16187 16187 16187 16187 16187
3842 3171 16187 16187 4931 4776 6006 8268 14237 4776 10033 15649 7740 4931 8781 12233
1655 12233 14180 3102 8719 9222 3171 10917 10033 13348 16187 8719 4776 2563 16187 16187
5341 3994 3942 2598 16187 16187 16187 16187 16187 16187 16187 16187 16187 16187 16187 16187
3842 3171 16187 16187 4931 4776 6006 8268 14237 4776 10033 15649 7740 4931 8781 12233
1655 12233 14180 3102 8719 9222 3171 10917 10033 13348 16187 8719 4776 2563 16187 16187
15870 5463 5867 15662 14069 9498 9754 13592 926 926 477 91 16187 16187 16187 16187
3842 3171 16187 16187 4931 4776 6006 8268 14237 4776 10033 15649 7740 4931 8781 12233
1655 12233 14180 3102 8719 9222 3171 10917 10033 13348 16187 8719 4776 2563 16187 16187
3171 8710 7594 16187 16187 16187 16187 16187 16187 16187 16187 16187 16187 16187 16187 16187
3842 3171 16187 16187 4931 4776 6006 8268 14237 4776 10033 15649 7740 4931 8781 12233
1655 12233 14180 3102 8719 9222 3171 10917 10033 13348 16187 8719 4776 2563 16187 16187
5713 926 11192 6259 2632 14776 6259 5820 7652 2689 8268 15462 14237 926 16187 16187
3842 3171 16187 16187 4931 4776 6006 8268 14237 4776 10033 15649 7740 4931 8781 12233
1655 12233 14180 3102 8719 9222 3171 10917 10033 13348 16187 8719 4776 2563 16187 16187
4776 559 14029 4776 1583 8710 11273 16187 16187 16187 16187 16187 16187 16187 16187 16187
3842 3171 16187 16187 4931 4776 6006 8268 14237 4776 10033 15649 7740 4931 8781 12233
1655 12233 14180 3102 8719 9222 3171 10917 10033 13348 16187 8719 4776 2563 16187 16187
7740 7730 1453 12276 11382 1094 1919 9070 16187 16187 16187 16187 16187 16187 16187 16187
3842 3171 16187 16187 4931 4776 6006 8268 14237 4776 10033 15649 7740 4931 8781 12233
1655 12233 14180 3102 8719 9222 3171 10917 10033 13348 16187 8719 4776 2563 16187 16187
6011 4552 9754 9605 9890 16187 16187 16187 16187 16187 16187 16187 16187 16187 16187 16187
3842 3171 16187 16187 4931 4776 6006 8268 14237 4776 10033 15649 7740 4931 8781 12233
1655 12233 14180 3102 8719 9222 3171 10917 10033 13348 16187 8719 4776 2563 16187 16187
6683 830 4776 926 15370 14237 7014 6011 3644 9754 6407 8712 16187 16187 16187 16187
3842 3171 16187 16187 4931 4776 6006 8268 14237 4776 10033 15649 7740 4931 8781 12233
1655 12233 14180 3102 8719 9222 3171 10917 10033 13348 16187 8719 4776 2563 16187 16187
8069 830 6259 10509 2563 8268 8712 8710 1022 14237 779 6259 14789 5022 6683 16187
3842 3171 16187 16187 4931 4776 6006 8268 14237 4776 10033 15649 7740 4931 8781 12233
1655 12233 14180 3102 8719 9222 3171 10917 10033 13348 16187 8719 4776 2563 16187 16187
5432 13348 13348 5711 16187 16187 16187 16187 16187 16187 16187 16187 16187 16187 16187 16187
3842 3171 16187 16187 4931 4776 6006 8268 14237 4776 10033 15649 7740 4931 8781 12233
1655 12233 14180 3102 8719 9222 3171 10917 10033 13348 16187 8719 4776 2563 16187 16187
9455 11553 13592 10400 1449 10967 11394 8181 948 12013 3171 2563 4931 2598 16187 16187
3842 3171 16187 16187 4931 4776 6006 8268 14237 4776 10033 15649 7740 4931 8781 12233
1655 12233 14180 3102 8719 9222 3171 10917 10033 13348 16187 8719 4776 2563 16187 16187
12459 8268 4624 385 4312 16187 16187 16187 16187 16187 16187 16187 16187 16187 16187 16187
3842 3171 16187 16187 4931 4776 6006 8268 14237 4776 10033 15649 7740 4931 8781 12233
1655 12233 14180 3102 8719 9222 3171 10917 10033 13348 16187 8719 4776 2563 16187 16187
2945 6259 2199 5810 12349 4776 6745 1133 16187 16187 16187 16187 16187 16187 16187 16187
3842 3171 16187 16187 4931 4776 6006 8268 14237 4776 10033 15649 7740 4931 8781 12233
1655 12233 14180 3102 8719 9222 3171 10917 10033 13348 16187 8719 4776 2563 16187 16187
13089 7740 9084 8268 7740 4931 1276 10082 16187 16187 16187 16187 16187 16187 16187 16187
3842 3171 16187 16187 4931 4776 6006 8268 14237 4776 10033 15649 7740 4931 8781 12233
1655 12233 14180 3102 8719 9222 3171 10917 10033 13348 16187 8719 4776 2563 16187 16187
12276 9574 8268 10619 14139 3177 9484 8268 9277 2823 926 2903 16187 16187 16187 16187
3842 3171 16187 16187 4931 4776 6006 8268 14237 4776 10033 15649 7740 4931 8781 12233
1655 12233 14180 3102 8719 9222 3171 10917 10033 13348 16187 8719 4776 2563 16187 16187
1138 7740 4628 9754 3764 5463 467 8268 5711 10407 926 16187 16187 16187 16187 16187
3842 3171 16187 16187 4931 4776 6006 8268 14237 4776 10033 15649 7740 4931 8781 12233
1655 12233 14180 3102 8719 9222 3171 10917 10033 13348 16187 8719 4776 2563 16187 16187
4776 10033 10781 779 6259 10355 14596 2894 16187 16187 16187 16187 16187 16187 16187 16187
3842 3171 16187 16187 4931 4776 6006 8268 14237 4776 10033 15649 7740 4931 8781 12233
1655 12233 14180 3102 8719 9222 3171 10917 10033 13348 16187 8719 4776 2563 16187 16187
4727 8268 7740 1444 10324 8712 14180 16187 16187 16187 16187 16187 16187 16187 16187 16187
3842 3171 16187 16187 4931 4776 6006 8268 14237 4776 10033 15649 7740 4931 8781 12233
1655 12233 14180 3102 8719 9222 3171 10917 10033 13348 16187 8719 4776 2563 16187 16187
7740 3553 4776 2946 8093 5174 3171 1378 8913 13348 16187 16187 16187 16187 16187 16187
3842 3171 16187 16187 4931 4776 6006 8268 14237 4776 10033 15649 7740 4931 8781 12233
1655 12233 14180 3102 8719 9222 3171 10917 10033 13348 16187 8719 4776 2563 16187 16187
10710 1955 5463 16187 16187 16187 16187 16187 16187 16187 16187 16187 16187 16187 16187 16187
3842 3171 16187 16187 4931 4776 6006 8268 14237 4776 10033 15649 7740 4931 8781 12233
1655 12233 14180 3102 8719 9222 3171 10917 10033 13348 16187 8719 4776 2563 16187 16187
6888 8268 5340 3553 16187 16187 16187 16187 16187 16187 16187 16187 16187 16187 16187 16187
3842 3171 16187 16187 4931 4776 6006 8268 14237 4776 10033 15649 7740 4931 8781 12233
1655 12233 14180 3102 8719 9222 3171 10917 10033 13348 16187 8719 4776 2563 16187 16187
4776 4440 15649 14776 10518 12233 2823 4963 3634 14776 564 5329 14035 16187 16187 16187
3842 3171 16187 16187 4931 4776 6006 8268 14237 4776 10033 15649 7740 4931 8781 12233
1655 12233 14180 3102 8719 9222 3171 10917 10033 13348 16187 8719 4776 2563 16187 16187
8719 1378 4183 8268 3171 10033 8710 14652 16187 16187 16187 16187 16187 16187 16187 16187
3842 3171 16187 16187 4931 4776 6006 8268 14237 4776 10033 15649 7740 4931 8781 12233
1655 12233 14180 3102 8719 9222 3171 10917 10033 13348 16187 8719 4776 2563 16187 16187
1329 5332 8268 15658 926 3171 419 2598 16187 16187 16187 16187 16187 16187 16187 16187
3842 3171 16187 16187 4931 4776 6006 8268 14237 4776 10033 15649 7740 4931 8781 12233
1655 12233 14180 3102 8719 9222 3171 10917 10033 13348 16187 8719 4776 2563 16187 16187
15846 13734 10036 3137 13879 9063 13348 16187 16187 16187 16187 16187 16187 16187 16187 16187
3842 3171 16187 16187 4931 4776 6006 8268 14237 4776 10033 15649 7740 4931 8781 12233
1655 12233 14180 3102 8719 9222 3171 10917 10033 13348 16187 8719 4776 2563 16187 16187
13141 12233 15624 8268 15624 8268 15624 4440 16187 16187 16187 16187 16187 16187 16187 16187
3842 3171 16187 16187 4931 4776 6006 8268 14237 4776 10033 15649 7740 4931 8781 12233
1655 12233 14180 3102 8719 9222 3171 10917 10033 13348 16187 8719 4776 2563 16187 16187
12276 9574 9484 9484 16187 16187 16187 16187 16187 16187 16187 16187 16187 16187 16187 16187
3842 3171 16187 16187 4931 4776 6006 8268 14237 4776 10033 15649 7740 4931 8781 12233
1655 12233 14180 3102 8719 9222 3171 10917 10033 13348 16187 8719 4776 2563 16187 16187
926 8710 5580 11643 8268 6797 2904 8798 10036 5463 7926 8710 7316 6987 16187 16187
3842 3171 16187 16187 4931 4776 6006 8268 14237 4776 10033 15649 7740 4931 8781 12233
1655 12233 14180 3102 8719 9222 3171 10917 10033 13348 16187 8719 4776 2563 16187 16187
926 14237 926 630 2598 16187 16187 16187 16187 16187 16187 16187 16187 16187 16187 16187
3842 3171 16187 16187 4931 4776 6006 8268 14237 4776 10033 15649 7740 4931 8781 12233
1655 12233 14180 3102 8719 9222 3171 10917 10033 13348 16187 8719 4776 2563 16187 16187
1954 9332 2719 471 15649 13464 3847 5329 5120 16187 16187 16187 16187 16187 16187 16187
3842 3171 16187 16187 4931 4776 6006 8268 14237 4776 10033 15649 7740 4931 8781 12233
1655 12233 14180 3102 8719 9222 3171 10917 10033 13348 16187 8719 4776 2563 16187 16187
1229 8268 3171 2563 6201 9070 13758 15525 13348 16187 16187 16187 16187 16187 16187 16187
3842 3171 16187 16187 4931 4776 6006 8268 14237 4776 10033 15649 7740 4931 8781 12233
1655 12233 14180 3102 8719 9222 3171 10917 10033 13348 16187 8719 4776 2563 16187 16187
1955 7740 926 8258 16187 16187 16187 16187 16187 16187 16187 16187 16187 16187 16187 16187
3842 3171 16187 16187 4931 4776 6006 8268 14237 4776 10033 15649 7740 4931 8781 12233
1655 12233 14180 3102 8719 9222 3171 10917 10033 13348 16187 8719 4776 2563 16187 16187
12716 8268 13474 9084 9754 9612 9605 1885 14855 6423 14765 16187 16187 16187 16187 16187
3842 3171 16187 16187 4931 4776 6006 8268 14237 4776 10033 15649 7740 4931 8781 12233
1655 12233 14180 3102 8719 9222 3171 10917 10033 13348 16187 8719 4776 2563 16187 16187
5329 2689 16187 16187 16187 16187 16187 16187 16187 16187 16187 16187 16187 16187 16187 16187
3842 3171 16187 16187 4931 4776 6006 8268 14237 4776 10033 15649 7740 4931 8781 12233
1655 12233 14180 3102 8719 9222 3171 10917 10033 13348 16187 8719 4776 2563 16187 16187
6011 15846 9890 7001 1919 4776 10033 14043 6011 4628 9754 16187 16187 16187 16187 16187
3842 3171 16187 16187 4931 4776 6006 8268 14237 4776 10033 15649 7740 4931 8781 12233
1655 12233 14180 3102 8719 9222 3171 10917 10033 13348 16187 8719 4776 2563 16187 16187
11488 5208 9085 5332 16187 16187 16187 16187 16187 16187 16187 16187 16187 16187 16187 16187
3842 3171 16187 16187 4931 4776 6006 8268 14237 4776 10033 15649 7740 4931 8781 12233
1655 12233 14180 3102 8719 9222 3171 10917 10033 13348 16187 8719 4776 2563 16187 16187
10036 8268 1955 1919 1138 12351 14365 5711 8268 4776 2221 8710 3098 12495 16187 16187
3842 3171 16187 16187 4931 4776 6006 8268 14237 4776 10033 15649 7740 4931 8781 12233
1655 12233 14180 3102 8719 9222 3171 10917 10033 13348 16187 8719 4776 2563 16187 16187
14237 4311 14069 5867 4776 14596 16187 16187 16187 16187 16187 16187 16187 16187 16187 16187
3842 3171 16187 16187 4931 4776 6006 8268 14237 4776 10033 15649 7740 4931 8781 12233
1655 12233 14180 3102 8719 9222 3171 10917 10033 13348 16187 8719 4776 2563 16187 16187
14069 8710 6259 926 14281 16187 16187 16187 16187 16187 16187 16187 16187 16187 16187 16187
3842 3171 16187 16187 4931 4776 6006 8268 14237 4776 10033 15649 7740 4931 8781 12233
1655 12233 14180 3102 8719 9222 3171 10917 10033 13348 16187 8719 4776 2563 16187 16187
926 779 6259 15174 10810 1955 926 5867 926 14164 13089 13474 14785 14734 10732 16187
3842 3171 16187 16187 4931 4776 6006 8268 14237 4776 10033 15649 7740 4931 8781 12233
1655 12233 14180 3102 8719 9222 3171 10917 10033 13348 16187 8719 4776 2563 16187 16187
5329 8719 4776 14589 4791 12233 4776 14652 9534 2837 926 13348 16187 16187 16187 16187
3842 3171 16187 16187 4931 4776 6006 8268 14237 4776 10033 15649 7740 4931 8781 12233
1655 12233 14180 3102 8719 9222 3171 10917 10033 13348 16187 8719 4776 2563 16187 16187
7742 12276 10187 8710 12349 13348 16187 16187 16187 16187 16187 16187 16187 16187 16187 16187
3842 3171 16187 16187 4931 4776 6006 8268 14237 4776 10033 15649 7740 4931 8781 12233
1655 12233 14180 3102 8719 9222 3171 10917 10033 13348 16187 8719 4776 2563 16187 16187
6173 4776 14207 926 14677 14691 12233 4776 2002 2563 16187 16187 16187 16187 16187 16187
3842 3171 16187 16187 4931 4776 6006 8268 14237 4776 10033 15649 7740 4931 8781 12233
1655 12233 14180 3102 8719 9222 3171 10917 10033 13348 16187 8719 4776 2563 16187 16187
15597 10418 3543 2823 1954 3991 12233 4776 1754 3177 4776 13839 16187 16187 16187 16187
3842 3171 16187 16187 4931 4776 6006 8268 14237 4776 10033 15649 7740 4931 8781 12233
1655 12233 14180 3102 8719 9222 3171 10917 10033 13348 16187 8719 4776 2563 16187 16187
14599 8268 5358 14237 12894 3364 9754 11553 12766 8270 16187 16187 16187 16187 16187 16187
3842 3171 16187 16187 4931 4776 6006 8268 14237 4776 10033 15649 7740 4931 8781 12233
1655 12233 14180 3102 8719 9222 3171 10917 10033 13348 16187 8719 4776 2563 16187 16187
7926 779 4776 7377 5463 10394 926 14237 7926 13816 4776 11889 13084 16146 10125 16187
3842 3171 16187 16187 4931 4776 6006 8268 14237 4776 10033 15649 7740 4931 8781 12233
1655 12233 14180 3102 8719 9222 3171 10917 10033 13348 16187 8719 4776 2563 16187 16187
6071 2563 4480 8268 11889 10125 12036 14237 926 8268 13758 8719 926 16187 16187 16187
3842 3171 16187 16187 4931 4776 6006 8268 14237 4776 10033 15649 7740 4931 8781 12233
1655 12233 14180 3102 8719 9222 3171 10917 10033 13348 16187 8719 4776 2563 16187 16187
4325 2446 10603 6826 926 16187 16187 16187 16187 16187 16187 16187 16187 16187 16187 16187
3842 3171 16187 16187 4931 4776 6006 8268 14237 4776 10033 15649 7740 4931 8781 12233
1655 12233 14180 3102 8719 9222 3171 10917 10033 13348 16187 8719 4776 2563 16187 16187
4776 5257 3177 15678 4931 1344 11273 14237 16105 6259 15174 7724 16187 16187 16187 16187
3842 3171 16187 16187 4931 4776 6006 8268 14237 4776 10033 15649 7740 4931 8781 12233
1655 12233 14180 3102 8719 9222 3171 10917 10033 13348 16187 8719 4776 2563 16187 16187
14272 4552 4624 9429 3177 13089 4624 9429 3177 1138 4776 10560 5711 2598 16187 16187
3842 3171 16187 16187 4931 4776 6006 8268 14237 4776 10033 15649 7740 4931 8781 12233
1655 12233 14180 3102 8719 9222 3171 10917 10033 13348 16187 8719 4776 2563 16187 16187
3171 8710 4032 9316 15202 8726 6011 1959 4776 2002 10033 14237 4531 8712 16187 16187
3842 3171 16187 16187 4931 4776 6006 8268 14237 4776 10033 15649 7740 4931 8781 12233
1655 12233 14180 3102 8719 9222 3171 10917 10033 13348 16187 8719 4776 2563 16187 16187
14217 8268 926 14237 926 12225 8719 4776 509 15452 11889 6259 7937 3177 13667 16187
3842 3171 16187 16187 4931 4776 6006 8268 14237 4776 10033 15649 7740 4931 8781 12233
1655 12233 14180 3102 8719 9222 3171 10917 10033 13348 16187 8719 4776 2563 16187 16187
4776 16146 1378 8592 8712 4931 6918 14237 14397 405 16187 16187 16187 16187 16187 16187
3842 3171 16187 16187 4931 4776 6006 8268 14237 4776 10033 15649 7740 4931 8781 12233
1655 12233 14180 3102 8719 9222 3171 10917 10033 13348 16187 8719 4776 2563 16187 16187
4776 8481 1487 8710 2229 1019 1453 8712 10967 3171 11297 875 13348 16187 16187 16187
3842 3171 16187 16187 4931 4776 6006 8268 14237 4776 10033 15649 7740 4931 8781 12233
1655 12233 14180 3102 8719 9222 3171 10917 10033 13348 16187 8719 4776 2563 16187 16187
9296 3171 8710 15978 7740 771 2326 3192 12362 16187 16187 16187 16187 16187 16187 16187
3842 3171 16187 16187 4931 4776 6006 8268 14237 4776 10033 15649 7740 4931 8781 12233
1655 12233 14180 3102 8719 9222 3171 10917 10033 13348 16187 8719 4776 2563 16187 16187
14272 6259 6655 8716 13348 16187 16187 16187 16187 16187 16187 16187 16187 16187 16187 16187
3842 3171 16187 16187 4931 4776 6006 8268 14237 4776 10033 15649 7740 4931 8781 12233
1655 12233 14180 3102 8719 9222 3171 10917 10033 13348 16187 8719 4776 2563 16187 16187
14635 3177 13250 16187 16187 16187 16187 16187 16187 16187 16187 16187 16187 16187 16187 16187
3842 3171 16187 16187 4931 4776 6006 8268 14237 4776 10033 15649 7740 4931 8781 12233
1655 12233 14180 3102 8719 9222 3171 10917 10033 13348 16187 8719 4776 2563 16187 16187
926 7740 3543 11553 12766 4170 203 630 3171 2563 2292 13089 7740 926 8712 16187
3842 3171 16187 16187 4931 4776 6006 8268 14237 4776 10033 15649 7740 4931 8781 12233
1655 12233 14180 3102 8719 9222 3171 10917 10033 13348 16187 8719 4776 2563 16187 16187
5463 14043 2148 13480 16187 16187 16187 16187 16187 16187 16187 16187 16187 16187 16187 16187
3842 3171 16187 16187 4931 4776 6006 8268 14237 4776 10033 15649 7740 4931 8781 12233
1655 12233 14180 3102 8719 9222 3171 10917 10033 13348 16187 8719 4776 2563 16187 16187
7542 8268 4776 4779 11795 9745 12495 926 14043 12495 3175 16187 16187 16187 16187 16187
3842 3171 16187 16187 4931 4776 6006 8268 14237 4776 10033 15649 7740 4931 8781 12233
1655 12233 14180 3102 8719 9222 3171 10917 10033 13348 16187 8719 4776 2563 16187 16187
7926 13942 12233 11553 926 4776 14133 6070 12767 16187 16187 16187 16187 16187 16187 16187
3842 3171 16187 16187 4931 4776 6006 8268 14237 4776 10033 15649 7740 4931 8781 12233
1655 12233 14180 3102 8719 9222 3171 10917 10033 13348 16187 8719 4776 2563 16187 16187
7740 9429 12273 665 12232 926 1919 9070 16187 16187 16187 16187 16187 16187 16187 16187
3842 3171 16187 16187 4931 4776 6006 8268 14237 4776 10033 15649 7740 4931 8781 12233
1655 12233 14180 3102 8719 9222 3171 10917 10033 13348 16187 8719 4776 2563 16187 16187
14850 8887 8710 12524 10917 16187 16187 16187 16187 16187 16187 16187 16187 16187 16187 16187
3842 3171 16187 16187 4931 4776 6006 8268 14237 4776 10033 15649 7740 4931 8781 12233
1655 12233 14180 3102 8719 9222 3171 10917 10033 13348 16187 8719 4776 2563 16187 16187
9431 3748 8268 14069 14776 1597 8268 1597 12835 16187 16187 16187 16187 16187 16187 16187
3842 3171 16187 16187 4931 4776 6006 8268 14237 4776 10033 15649 7740 4931 8781 12233
1655 12233 14180 3102 8719 9222 3171 10917 10033 13348 16187 8719 4776 2563 16187 16187
4776 5544 2221 11900 5176 8268 7740 9429 16187 16187 16187 16187 16187 16187 16187 16187
3842 3171 16187 16187 4931 4776 6006 8268 14237 4776 10033 15649 7740 4931 8781 12233
1655 12233 14180 3102 8719 9222 3171 10917 10033 13348 16187 8719 4776 2563 16187 16187
9850 16187 16187 16187 16187 16187 16187 16187 16187 16187 16187 16187 16187 16187 16187 16187
3842 3171 16187 16187 4931 4776 6006 8268 14237 4776 10033 15649 7740 4931 8781 12233
1655 12233 14180 3102 8719 9222 3171 10917 10033 13348 16187 8719 4776 2563 16187 16187
2945 5329 1955 10355 1955 1390 13348 16187 16187 16187 16187 16187 16187 16187 16187 16187
3842 3171 16187 16187 4931 4776 6006 8268 14237 4776 10033 15649 7740 4931 8781 12233
1655 12233 14180 3102 8719 9222 3171 10917 10033 13348 16187 8719 4776 2563 16187 16187
12570 13977 8719 3004 14272 779 13411 1919 14734 1045 16187 16187 16187 16187 16187 16187
3842 3171 16187 16187 4931 4776 6006 8268 14237 4776 10033 15649 7740 4931 8781 12233
1655 12233 14180 3102 8719 9222 3171 10917 10033 13348 16187 8719 4776 2563 16187 16187
4776 926 926 4776 5524 3177 4776 10398 14237 10913 13815 4776 926 16187 16187 16187
3842 3171 16187 16187 4931 4776 6006 8268 14237 4776 10033 15649 7740 4931 8781 12233
1655 12233 14180 3102 8719 9222 3171 10917 10033 13348 16187 8719 4776 2563 16187 16187
8521 8781 6259 8569 14113 8719 12276 467 16187 16187 16187 16187 16187 16187 16187 16187
3842 3171 16187 16187 4931 4776 6006 8268 14237 4776 10033 15649 7740 4931 8781 12233
1655 12233 14180 3102 8719 9222 3171 10917 10033 13348 16187 8719 4776 2563 16187 16187
4776 8521 4931 14411 12008 3364 11553 15729 8270 4311 5463 16187 16187 16187 16187 16187
3842 3171 16187 16187 4931 4776 6006 8268 14237 4776 10033 15649 7740 4931 8781 12233
1655 12233 14180 3102 8719 9222 3171 10917 10033 13348 16187 8719 4776 2563 16187 16187
5415 8268 7740 973 7032 4776 3299 91 16187 16187 16187 16187 16187 16187 16187 16187
3842 3171 16187 16187 4931 4776 6006 8268 14237 4776 10033 15649 7740 4931 8781 12233
1655 12233 14180 3102 8719 9222 3171 10917 10033 13348 16187 8719 4776 2563 16187 16187
15300 145 926 10918 7829 14237 1372 5463 13474 5867 6259 926 3177 14734 10026 16187
3842 3171 16187 16187 4931 4776 6006 8268 14237 4776 10033 15649 7740 4931 8781 12233
1655 12233 14180 3102 8719 9222 3171 10917 10033 13348 16187 8719 4776 2563 16187 16187
9296 926 1243 8268 12008 2945 5329 8258 4311 16187 16187 16187 16187 16187 16187 16187
3842 3171 16187 16187 4931 4776 6006 8268 14237 4776 10033 15649 7740 4931 8781 12233
1655 12233 14180 3102 8719 9222 3171 10917 10033 13348 16187 8719 4776 2563 16187 16187
14237 13464 8712 1066 4776 4406 15762 3177 7831 4041 16187 16187 16187 16187 16187 16187
3842 3171 16187 16187 4931 4776 6006 8268 14237 4776 10033 15649 7740 4931 8781 12233
1655 12233 14180 3102 8719 9222 3171 10917 10033 13348 16187 8719 4776 2563 16187 16187
4317 830 5332 8268 4776 270 926 14272 13942 6259 10710 2458 16187 16187 16187 16187
3842 3171 16187 16187 4931 4776 6006 8268 14237 4776 10033 15649 7740 4931 8781 12233
1655 12233 14180 3102 8719 9222 3171 10917 10033 13348 16187 8719 4776 2563 16187 16187
4776 132 2837 926 10516 8710 6259 6741 7645 12233 4776 2563 16187 16187 16187 16187
3842 3171 16187 16187 4931 4776 6006 8268 14237 4776 10033 15649 7740 4931 8781 12233
1655 12233 14180 3102 8719 9222 3171 10917 10033 13348 16187 8719 4776 2563 16187 16187
14043 4776 16187 16187 16187 16187 16187 16187 16187 16187 16187 16187 16187 16187 16187 16187
3842 3171 16187 16187 4931 4776 6006 8268 14237 4776 10033 15649 7740 4931 8781 12233
1655 12233 14180 3102 8719 9222 3171 10917 10033 13348 16187 8719 4776 2563 16187 16187
10094 12232 4261 3171 2563 16187 16187 16187 16187 16187 16187 16187 16187 16187 16187 16187
3842 3171 16187 16187 4931 4776 6006 8268 14237 4776 10033 15649 7740 4931 8781 12233
1655 12233 14180 3102 8719 9222 3171 10917 10033 13348 16187 8719 4776 2563 16187 16187
12008 14272 5208 2823 8592 5463 779 9754 12467 2598 16187 16187 16187 16187 16187 16187
3842 3171 16187 16187 4931 4776 6006 8268 14237 4776 10033 15649 7740 4931 8781 12233
1655 12233 14180 3102 8719 9222 3171 10917 10033 13348 16187 8719 4776 2563 16187 16187
6259 9450 2148 512 5328 3177 2263 2664 4931 12501 5867 7737 16187 16187 16187 16187
3842 3171 16187 16187 4931 4776 6006 8268 14237 4776 10033 15649 7740 4931 8781 12233
1655 12233 14180 3102 8719 9222 3171 10917 10033 13348 16187 8719 4776 2563 16187 16187
15846 6096 7076 6826 817 12135 11757 16187 16187 16187 16187 16187 16187 16187 16187 16187
3842 3171 16187 16187 4931 4776 6006 8268 14237 4776 10033 15649 7740 4931 8781 12233
1655 12233 14180 3102 8719 9222 3171 10917 10033 13348 16187 8719 4776 2563 16187 16187
8712 5867 5297 716 2689 16187 16187 16187 16187 16187 16187 16187 16187 16187 16187 16187
3842 3171 16187 16187 4931 4776 6006 8268 14237 4776 10033 15649 7740 4931 8781 12233
1655 12233 14180 3102 8719 9222 3171 10917 10033 13348 16187 8719 4776 2563 16187 16187
12008 11889 11873 16091 8268 8712 8710 14397 12996 10033 14237 15188 15978 3177 8712 16187
3842 3171 16187 16187 4931 4776 6006 8268 14237 4776 10033 15649 7740 4931 8781 12233
1655 12233 14180 3102 8719 9222 3171 10917 10033 13348 16187 8719 4776 2563 16187 16187
8712 5867 6259 4949 12007 8268 14237 8712 5917 926 4776 2002 8719 12127 1134 16187
3842 3171 16187 16187 4931 4776 6006 8268 14237 4776 10033 15649 7740 4931 8781 12233
1655 12233 14180 3102 8719 9222 3171 10917 10033 13348 16187 8719 4776 2563 16187 16187
4686 3543 12650 3171 1955 3171 2563 779 11779 16187 16187 16187 16187 16187 16187 16187
3842 3171 16187 16187 4931 4776 6006 8268 14237 4776 10033 15649 7740 4931 8781 12233
1655 12233 14180 3102 8719 9222 3171 10917 10033 13348 16187 8719 4776 2563 16187 16187
7740 3644 9754 9137 12233 9178 926 13348 16187 16187 16187 16187 16187 16187 16187 16187
3842 3171 16187 16187 4931 4776 6006 8268 14237 4776 10033 15649 7740 4931 8781 12233
1655 12233 14180 3102 8719 9222 3171 10917 10033 13348 16187 8719 4776 2563 16187 16187
7740 4409 12127 2563 7740 1442 14237 14762 6259 13734 8719 12276 14208 16187 16187 16187
3842 3171 16187 16187 4931 4776 6006 8268 14237 4776 10033 15649 7740 4931 8781 12233
1655 12233 14180 3102 8719 9222 3171 10917 10033 13348 16187 8719 4776 2563 16187 16187
1378 8268 4776 12303 1110 12233 4552 9918 14043 15767 4856 16187 16187 16187 16187 16187
3842 3171 16187 16187 4931 4776 6006 8268 14237 4776 10033 15649 7740 4931 8781 12233
1655 12233 14180 3102 8719 9222 3171 10917 10033 13348 16187 8719 4776 2563 16187 16187
5463 8710 6259 6070 10355 14220 16187 16187 16187 16187 16187 16187 16187 16187 16187 16187
3842 3171 16187 16187 4931 4776 6006 8268 14237 4776 10033 15649 7740 4931 8781 12233
1655 12233 14180 3102 8719 9222 3171 10917 10033 13348 16187 8719 4776 2563 16187 16187
8712 5867 6601 4776 564 926 7740 9884 8466 8719 6259 10033 16187 16187 16187 16187
3842 3171 16187 16187 4931 4776 6006 8268 14237 4776 10033 15649 7740 4931 8781 12233
1655 12233 14180 3102 8719 9222 3171 10917 10033 13348 16187 8719 4776 2563 16187 16187
9063 15658 4776 12459 9546 12233 11553 3171 2563 16105 2598 16187 16187 16187 16187 16187
3842 3171 16187 16187 4931 4776 6006 8268 14237 4776 10033 15649 7740 4931 8781 12233
1655 12233 14180 3102 8719 9222 3171 10917 10033 13348 16187 8719 4776 2563 16187 16187
10545 8719 926 8268 5374 8719 926 14237 15766 8719 4182 16187 16187 16187 16187 16187
3842 3171 16187 16187 4931 4776 6006 8268 14237 4776 10033 15649 7740 4931 8781 12233
1655 12233 14180 3102 8719 9222 3171 10917 10033 13348 16187 8719 4776 2563 16187 16187
3171 9139 1138 8451 8858 820 5711 16187 16187 16187 16187 16187 16187 16187 16187 16187
3842 3171 16187 16187 4931 4776 6006 8268 14237 4776 10033 15649 7740 4931 8781 12233
1655 12233 14180 3102 8719 9222 3171 10917 10033 13348 16187 8719 4776 2563 16187 16187
14237 10669 9577 6259 9450 2148 3177 4087 7991 13348 16187 16187 16187 16187 16187 16187
3842 3171 16187 16187 4931 4776 6006 8268 14237 4776 10033 15649 7740 4931 8781 12233
1655 12233 14180 3102 8719 9222 3171 10917 10033 13348 16187 8719 4776 2563 16187 16187
7740 12232 11553 12233 14108 15890 1919 5713 4156 4859 16187 16187 16187 16187 16187 16187
3842 3171 16187 16187 4931 4776 6006 8268 14237 4776 10033 15649 7740 4931 8781 12233
1655 12233 14180 3102 8719 9222 3171 10917 10033 13348 16187 8719 4776 2563 16187 16187
14691 12495 12349 4776 12489 16187 16187 16187 16187 16187 16187 16187 16187 16187 16187 16187
3842 3171 16187 16187 4931 4776 6006 8268 14237 4776 10033 15649 7740 4931 8781 12233
1655 12233 14180 3102 8719 9222 3171 10917 10033 13348 16187 8719 4776 2563 16187 16187
12008 3171 15846 4552 830 5332 16187 16187 16187 16187 16187 16187 16187 16187 16187 16187
3842 3171 16187 16187 4931 4776 6006 8268 14237 4776 10033 15649 7740 4931 8781 12233
1655 12233 14180 3102 8719 9222 3171 10917 10033 13348 16187 8719 4776 2563 16187 16187
13565 5463 13348 16187 16187 16187 16187 16187 16187 16187 16187 16187 16187 16187 16187 16187
3842 3171 16187 16187 4931 4776 6006 8268 14237 4776 10033 15649 7740 4931 8781 12233
1655 12233 14180 3102 8719 9222 3171 10917 10033 13348 16187 8719 4776 2563 16187 16187
4776 14596 10781 8710 10355 8268 12008 14272 8710 6227 8710 1823 16187 16187 16187 16187
3842 3171 16187 16187 4931 4776 6006 8268 14237 4776 10033 15649 7740 4931 8781 12233
1655 12233 14180 3102 8719 9222 3171 10917 10033 13348 16187 8719 4776 2563 16187 16187
6826 3177 4776 2233 8710 9154 5427 16187 16187 16187 16187 16187 16187 16187 16187 16187
3842 3171 16187 16187 4931 4776 6006 8268 14237 4776 10033 15649 7740 4931 8781 12233
1655 12233 14180 3102 8719 9222 3171 10917 10033 13348 16187 8719 4776 2563 16187 16187
926 5867 926 8719 4776 9960 926 3520 6259 16153 12233 4776 14596 16187 16187 16187
3842 3171 16187 16187 4931 4776 6006 8268 14237 4776 10033 15649 7740 4931 8781 12233
1655 12233 14180 3102 8719 9222 3171 10917 10033 13348 16187 8719 4776 2563 16187 16187
13084 144 9577 779 926 8776 16187 16187 16187 16187 16187 16187 16187 16187 16187 16187
3842 3171 16187 16187 4931 4776 6006 8268 14237 4776 10033 15649 7740 4931 8781 12233
1655 12233 14180 3102 8719 9222 3171 10917 10033 13348 16187 8719 4776 2563 16187 16187
10375 13549 1378 3177 14734 564 6499 16187 16187 16187 16187 16187 16187 16187 16187 16187
3842 3171 16187 16187 4931 4776 6006 8268 14237 4776 10033 15649 7740 4931 8781 12233
1655 12233 14180 3102 8719 9222 3171 10917 10033 13348 16187 8719 4776 2563 16187 16187
926 1885 8207 4325 10727 10647 830 1885 16187 16187 16187 16187 16187 16187 16187 16187
3842 3171 16187 16187 4931 4776 6006 8268 14237 4776 10033 15649 7740 4931 8781 12233
1655 12233 14180 3102 8719 9222 3171 10917 10033 13348 16187 8719 4776 2563 16187 16187
8712 5867 10716 5329 6259 10355 2563 8268 14043 1957 4776 6070 14589 926 16187 16187
3842 3171 16187 16187 4931 4776 6006 8268 14237 4776 10033 15649 7740 4931 8781 12233
1655 12233 14180 3102 8719 9222 3171 10917 10033 13348 16187 8719 4776 2563 16187 16187
6259 6070 926 14237 471 16187 16187 16187 16187 16187 16187 16187 16187 16187 16187 16187
3842 3171 16187 16187 4931 4776 6006 8268 14237 4776 10033 15649 7740 4931 8781 12233
1655 12233 14180 3102 8719 9222 3171 10917 10033 13348 16187 8719 4776 2563 16187 16187
7740 968 12766 4240 6259 13565 3177 3171 830 12825 1243 16187 16187 16187 16187 16187
3842 3171 16187 16187 4931 4776 6006 8268 14237 4776 10033 15649 7740 4931 8781 12233
1655 12233 14180 3102 8719 9222 3171 10917 10033 13348 16187 8719 4776 2563 16187 16187
4325 9311 1919 1954 15594 14237 8712 5867 10399 12233 10751 4312 16187 16187 16187 16187
3842 3171 16187 16187 4931 4776 6006 8268 14237 4776 10033 15649 7740 4931 8781 12233
1655 12233 14180 3102 8719 9222 3171 10917 10033 13348 16187 8719 4776 2563 16187 16187
11889 7740 8592 8258 8268 4776 10418 8710 1378 3177 4776 10033 5867 564 1777 16187
3842 3171 16187 16187 4931 4776 6006 8268 14237 4776 10033 15649 7740 4931 8781 12233
1655 12233 14180 3102 8719 9222 3171 10917 10033 13348 16187 8719 4776 2563 16187 16187
2522 15475 8710 5176 6974 16187 16187 16187 16187 16187 16187 16187 16187 16187 16187 16187
3842 3171 16187 16187 4931 4776 6006 8268 14237 4776 10033 15649 7740 4931 8781 12233
1655 12233 14180 3102 8719 9222 3171 10917 10033 13348 16187 8719 4776 2563 16187 16187
2446 8268 8378 779 1954 13076 1251 12233 9605 6070 14238 8719 14734 14212 16187 16187
3842 3171 16187 16187 4931 4776 6006 8268 14237 4776 10033 15649 7740 4931 8781 12233
1655 12233 14180 3102 8719 9222 3171 10917 10033 13348 16187 8719 4776 2563 16187 16187
13568 4752 9498 5329 6188 16187 16187 16187 16187 16187 16187 16187 16187 16187 16187 16187
3842 3171 16187 16187 4931 4776 6006 8268 14237 4776 10033 15649 7740 4931 8781 12233
1655 12233 14180 3102 8719 9222 3171 10917 10033 13348 16187 8719 4776 2563 16187 16187
9745 9332 5329 16187 16187 16187 16187 16187 16187 16187 16187 16187 16187 16187 16187 16187
3842 3171 16187 16187 4931 4776 6006 8268 14237 4776 10033 15649 7740 4931 8781 12233
1655 12233 14180 3102 8719 9222 3171 10917 10033 13348 16187 8719 4776 2563 16187 16187
8719 2053 4776 9385 10967 3979 8268 3994 7740 4931 9238 10967 4776 9605 7001 16187
3842 3171 16187 16187 4931 4776 6006 8268 14237 4776 10033 15649 7740 4931 8781 12233
1655 12233 14180 3102 8719 9222 3171 10917 10033 13348 16187 8719 4776 2563 16187 16187
6173 7740 9884 5570 6259 2543 3177 4192 11953 8712 16187 16187 16187 16187 16187 16187
3842 3171 16187 16187 4931 4776 6006 8268 14237 4776 10033 15649 7740 4931 8781 12233
1655 12233 14180 3102 8719 9222 3171 10917 10033 13348 16187 8719 4776 2563 16187 16187
14237 9139 4552 4776 2761 9605 6826 4701 13348 16187 16187 16187 16187 16187 16187 16187
3842 3171 16187 16187 4931 4776 6006 8268 14237 4776 10033 15649 7740 4931 8781 12233
1655 12233 14180 3102 8719 9222 3171 10917 10033 13348 16187 8719 4776 2563 16187 16187
5329 12233 11393 1954 11789 7336 12818 4776 10709 926 1957 6259 13305 2024 6414 16187
3842 3171 16187 16187 4931 4776 6006 8268 14237 4776 10033 15649 7740 4931 8781 12233
1655 12233 14180 3102 8719 9222 3171 10917 10033 13348 16187 8719 4776 2563 16187 16187
12127 9534 8719 3171 10033 4931 12489 14708 16187 16187 16187 16187 16187 16187 16187 16187
3842 3171 16187 16187 4931 4776 6006 8268 14237 4776 10033 15649 7740 4931 8781 12233
1655 12233 14180 3102 8719 9222 3171 10917 10033 13348 16187 8719 4776 2563 16187 16187
3171 10033 6179 8712 16187 16187 16187 16187 16187 16187 16187 16187 16187 16187 16187 16187
3842 3171 16187 16187 4931 4776 6006 8268 14237 4776 10033 15649 7740 4931 8781 12233
1655 12233 14180 3102 8719 9222 3171 10917 10033 13348 16187 8719 4776 2563 16187 16187
7740 15956 16187 16187 16187 16187 16187 16187 16187 16187 16187 16187 16187 16187 16187 16187
3842 3171 16187 16187 4931 4776 6006 8268 14237 4776 10033 15649 7740 4931 8781 12233
1655 12233 14180 3102 8719 9222 3171 10917 10033 13348 16187 8719 4776 2563 16187 16187
926 3364 5329 7188 6905 8719 12044 6826 4440 16187 16187 16187 16187 16187 16187 16187
3842 3171 16187 16187 4931 4776 6006 8268 14237 4776 10033 15649 7740 4931 8781 12233
1655 12233 14180 3102 8719 9222 3171 10917 10033 13348 16187 8719 4776 2563 16187 16187
4152 14827 1430 926 5297 1127 11953 13089 14734 9059 926 6550 14734 13508 16187 16187
3842 3171 16187 16187 4931 4776 6006 8268 14237 4776 10033 15649 7740 4931 8781 12233
1655 12233 14180 3102 8719 9222 3171 10917 10033 13348 16187 8719 4776 2563 16187 16187
6011 11553 5568 5627 15845 6856 8268 12170 8268 14043 9085 5711 16187 16187 16187 16187
3842 3171 16187 16187 4931 4776 6006 8268 14237 4776 10033 15649 7740 4931 8781 12233
1655 12233 14180 3102 8719 9222 3171 10917 10033 13348 16187 8719 4776 2563 16187 16187
1957 14589 4325 11553 1545 16187 16187 16187 16187 16187 16187 16187 16187 16187 16187 16187
3842 3171 16187 16187 4931 4776 6006 8268 14237 4776 10033 15649 7740 4931 8781 12233
1655 12233 14180 3102 8719 9222 3171 10917 10033 13348 16187 8719 4776 2563 16187 16187
3171 16105 14745 10770 12233 12650 16187 16187 16187 16187 16187 16187 16187 16187 16187 16187
3842 3171 16187 16187 4931 4776 6006 8268 14237 4776 10033 15649 7740 4931 8781 12233
1655 12233 14180 3102 8719 9222 3171 10917 10033 13348 16187 8719 4776 2563 16187 16187
8712 939 13799 5208 8733 1954 9332 10033 1919 10144 9955 13348 16187 16187 16187 16187
3842 3171 16187 16187 4931 4776 6006 8268 14237 4776 10033 15649 7740 4931 8781 12233
1655 12233 14180 3102 8719 9222 3171 10917 10033 13348 16187 8719 4776 2563 16187 16187
8710 4776 2894 5463 8268 8726 14691 6672 8268 3112 3171 2563 4032 15715 16187 16187
3842 3171 16187 16187 4931 4776 6006 8268 14237 4776 10033 15649 7740 4931 8781 12233
1655 12233 14180 3102 8719 9222 3171 10917 10033 13348 16187 8719 4776 2563 16187 16187
8712 4931 7742 10471 14237 6297 11681 4776 12805 16187 16187 16187 16187 16187 16187 16187
3842 3171 16187 16187 4931 4776 6006 8268 14237 4776 10033 15649 7740 4931 8781 12233
1655 12233 14180 3102 8719 9222 3171 10917 10033 13348 16187 8719 4776 2563 16187 16187
3171 8710 2148 6259 3211 512 6259 10978 16187 16187 16187 16187 16187 16187 16187 16187
3842 3171 16187 16187 4931 4776 6006 8268 14237 4776 10033 15649 7740 4931 8781 12233
1655 12233 14180 3102 8719 9222 3171 10917 10033 13348 16187 8719 4776 2563 16187 16187
3171 10033 8710 926 10355 1919 16139 10355 7310 284 16187 16187 16187 16187 16187 16187
3842 3171 16187 16187 4931 4776 6006 8268 14237 4776 10033 15649 7740 4931 8781 12233
1655 12233 14180 3102 8719 9222 3171 10917 10033 13348 16187 8719 4776 2563 16187 16187
926 8710 6070 13529 734 8719 14734 3766 16187 16187 16187 16187 16187 16187 16187 16187
3842 3171 16187 16187 4931 4776 6006 8268 14237 4776 10033 15649 7740 4931 8781 12233
1655 12233 14180 3102 8719 9222 3171 10917 10033 13348 16187 8719 4776 2563 16187 16187
12495 13193 16187 16187 16187 16187 16187 16187 16187 16187 16187 16187 16187 16187 16187 16187
3842 3171 16187 16187 4931 4776 6006 8268 14237 4776 10033 15649 7740 4931 8781 12233
1655 12233 14180 3102 8719 9222 3171 10917 10033 13348 16187 8719 4776 2563 16187 16187
13474 12232 8733 926 15237 5867 15387 2526 16187 16187 16187 16187 16187 16187 16187 16187
3842 3171 16187 16187 4931 4776 6006 8268 14237 4776 10033 15649 7740 4931 8781 12233
1655 12233 14180 3102 8719 9222 3171 10917 10033 13348 16187 8719 4776 2563 16187 16187
7926 14237 9395 4552 9754 11553 5463 630 10836 14237 15597 4440 14776 926 5030 16187
3842 3171 16187 16187 4931 4776 6006 8268 14237 4776 10033 15649 7740 4931 8781 12233
1655 12233 14180 3102 8719 9222 3171 10917 10033 13348 16187 8719 4776 2563 16187 16187
8712 4931 11394 14954 10358 926 16187 16187 16187 16187 16187 16187 16187 16187 16187 16187
3842 3171 16187 16187 4931 4776 6006 8268 14237 4776 10033 15649 7740 4931 8781 12233
1655 12233 14180 3102 8719 9222 3171 10917 10033 13348 16187 8719 4776 2563 16187 16187
14069 8710 12495 630 12233 4776 14596 12233 6407 15525 16187 16187 16187 16187 16187 16187
3842 3171 16187 16187 4931 4776 6006 8268 14237 4776 10033 15649 7740 4931 8781 12233
1655 12233 14180 3102 8719 9222 3171 10917 10033 13348 16187 8719 4776 2563 16187 16187
4776 10033 4931 3098 8268 6297 16187 16187 16187 16187 16187 16187 16187 16187 16187 16187
3842 3171 16187 16187 4931 4776 6006 8268 14237 4776 10033 15649 7740 4931 8781 12233
1655 12233 14180 3102 8719 9222 3171 10917 10033 13348 16187 8719 4776 2563 16187 16187
7740 16138 8093 12650 3171 10036 13348 16187 16187 16187 16187 16187 16187 16187 16187 16187
3842 3171 16187 16187 4931 4776 6006 8268 14237 4776 10033 15649 7740 4931 8781 12233
1655 12233 14180 3102 8719 9222 3171 10917 10033 13348 16187 8719 4776 2563 16187 16187
4311 10036 8268 9296 926 9084 9754 3286 5463 16187 16187 16187 16187 16187 16187 16187
3842 3171 16187 16187 4931 4776 6006 8268 14237 4776 10033 15649 7740 4931 8781 12233
1655 12233 14180 3102 8719 9222 3171 10917 10033 13348 16187 8719 4776 2563 16187 16187
12149 13348 13348 13348 16187 16187 16187 16187 16187 16187 16187 16187 16187 16187 16187 16187
3842 3171 16187 16187 4931 4776 6006 8268 14237 4776 10033 15649 7740 4931 8781 12233
1655 12233 14180 3102 8719 9222 3171 10917 10033 13348 16187 8719 4776 2563 16187 16187
7926 6601 3543 11553 16187 16187 16187 16187 16187 16187 16187 16187 16187 16187 16187 16187
3842 3171 16187 16187 4931 4776 6006 8268 14237 4776 10033 15649 7740 4931 8781 12233
1655 12233 14180 3102 8719 9222 3171 10917 10033 13348 16187 8719 4776 2563 16187 16187
6173 16187 16187 16187 16187 16187 16187 16187 16187 16187 16187 16187 16187 16187 16187 16187
3842 3171 16187 16187 4931 4776 6006 8268 14237 4776 10033 15649 7740 4931 8781 12233
1655 12233 14180 3102 8719 9222 3171 10917 10033 13348 16187 8719 4776 2563 16187 16187
8712 656 830 9070 14029 5463 1505 587 13182 16187 16187 16187 16187 16187 16187 16187
3842 3171 16187 16187 4931 4776 6006 8268 14237 4776 10033 15649 7740 4931 8781 12233
1655 12233 14180 3102 8719 9222 3171 10917 10033 13348 16187 8719 4776 2563 16187 16187
13943 4776 10526 584 3177 4776 9203 5388 16187 16187 16187 16187 16187 16187 16187 16187
3842 3171 16187 16187 4931 4776 6006 8268 14237 4776 10033 15649 7740 4931 8781 12233
1655 12233 14180 3102 8719 9222 3171 10917 10033 13348 16187 8719 4776 2563 16187 16187
8710 9754 4776 2563 10137 1138 4776 10023 14482 5711 8268 4240 14180 2598 16187 16187
3842 3171 16187 16187 4931 4776 6006 8268 14237 4776 10033 15649 7740 4931 8781 12233
1655 12233 14180 3102 8719 9222 3171 10917 10033 13348 16187 8719 4776 2563 16187 16187
13570 8268 7740 4931 4776 5568 1378 8719 4776 5777 12233 4552 1229 16187 16187 16187
3842 3171 16187 16187 4931 4776 6006 8268 14237 4776 10033 15649 7740 4931 8781 12233
1655 12233 14180 3102 8719 9222 3171 10917 10033 13348 16187 8719 4776 2563 16187 16187
5288 8268 14069 14776 15335 4949 8795 8719 4776 10033 16187 16187 16187 16187 16187 16187
3842 3171 16187 16187 4931 4776 6006 8268 14237 4776 10033 15649 7740 4931 8781 12233
1655 12233 14180 3102 8719 9222 3171 10917 10033 13348 16187 8719 4776 2563 16187 16187
4776 10033 4537 3847 9754 15956 1543 8712 8710 10518 12233 2823 1515 16187 16187 16187
3842 3171 16187 16187 4931 4776 6006 8268 14237 4776 10033 15649 7740 4931 8781 12233
1655 12233 14180 3102 8719 9222 3171 10917 10033 13348 16187 8719 4776 2563 16187 16187
8712 5867 3554 12233 2823 11889 13592 16146 10011 3211 16187 16187 16187 16187 16187 16187
3842 3171 16187 16187 4931 4776 6006 8268 14237 4776 10033 15649 7740 4931 8781 12233
1655 12233 14180 3102 8719 9222 3171 10917 10033 13348 16187 8719 4776 2563 16187 16187
926 6259 12260 2552 830 9455 15658 1571 3171 10983 16187 16187 16187 16187 16187 16187
3842 3171 16187 16187 4931 4776 6006 8268 14237 4776 10033 15649 7740 4931 8781 12233
1655 12233 14180 3102 8719 9222 3171 10917 10033 13348 16187 8719 4776 2563 16187 16187
7926 4931 10355 15 9591 1543 7926 3364 11553 771 6259 5820 7620 16187 16187 16187
3842 3171 16187 16187 4931 4776 6006 8268 14237 4776 10033 15649 7740 4931 8781 12233
1655 12233 14180 3102 8719 9222 3171 10917 10033 13348 16187 8719 4776 2563 16187 16187
