2446 926 8710 5372 6259 15658 13345 1919 5463 15594 12008 6280 8712 926 16187 16187
3842 3171 16187 16187 4931 4776 6006 16187 16187 11646 14237 6259 15819 16187 16187 16187
1655 12233 14180 3102 8719 9222 3171 10917 10033 13348 16187 13348 16187 16187 16187 16187
5463 5867 14180 14069 8710 12233 8712 16187 16187 16187 16187 16187 16187 16187 16187 16187
3842 3171 16187 16187 4931 4776 6006 16187 16187 11646 14237 6259 15819 16187 16187 16187
1655 12233 14180 3102 8719 9222 3171 10917 10033 13348 16187 8719 4776 2563 16187 16187
14043 10727 6259 8081 15387 14397 512 926 2598 16187 16187 16187 16187 16187 16187 16187
3842 3171 16187 16187 4931 4776 6006 16187 16187 11646 14237 6259 15819 16187 16187 16187
1655 12233 14180 3102 8719 9222 3171 10917 10033 13348 16187 8719 4776 2563 16187 16187
7926 4931 4776 9431 10288 14969 12233 6297 11553 13592 10801 14043 2326 4552 15389 16187
3842 3171 16187 16187 4931 4776 63 10355 9424 14237 3847 11553 12233 8712 16187 6297
1655 12233 14180 3102 8719 9222 3171 10917 10033 13348 16187 13348 16187 16187 16187 16187
4776 6801 779 12233 4552 1919 5937 4987 8268 10396 8268 4963 14237 12832 14961 16187
3842 3171 16187 16187 4931 4776 63 10355 9424 14237 3847 11553 12233 8712 16187 6297
1655 12233 14180 3102 8719 9222 3171 10917 10033 13348 16187 13348 16187 16187 16187 16187
10619 9484 926 16187 16187 16187 16187 16187 16187 16187 16187 16187 16187 16187 16187 16187
3842 3171 16187 16187 4931 4776 63 10355 9424 14237 3847 11553 12233 8712 16187 6297
1655 12233 14180 3102 8719 9222 3171 10917 10033 13348 16187 13348 16187 16187 16187 16187
1098 16187 16187 16187 16187 16187 16187 16187 16187 16187 16187 16187 16187 16187 16187 16187
3842 3171 16187 16187 4931 4776 6006 16187 16187 11646 14237 6259 15819 16187 16187 16187
1655 12233 14180 3102 8719 9222 3171 10917 10033 13348 16187 8719 4776 2563 16187 16187
10418 8268 13811 8268 12013 8268 6006 8268 12364 10716 14652 16187 16187 16187 16187 16187
3842 3171 16187 16187 4931 4776 6006 16187 16187 11646 14237 6259 15819 16187 16187 16187
1655 12233 14180 3102 8719 9222 3171 10917 10033 13348 16187 8719 4776 2563 16187 16187
6173 16187 16187 16187 16187 16187 16187 16187 16187 16187 16187 16187 16187 16187 16187 16187
3842 3171 16187 16187 4931 4776 63 10355 9424 14237 3847 11553 12233 8712 16187 6297
1655 12233 14180 3102 8719 9222 3171 10917 10033 13348 16187 8719 4776 2563 16187 16187
3171 4931 3774 926 5867 2588 3098 14237 7367 954 16187 16187 16187 16187 16187 16187
3842 3171 16187 16187 4931 4776 63 10355 9424 14237 3847 11553 12233 8712 16187 6297
1655 12233 14180 3102 8719 9222 3171 10917 10033 13348 16187 8719 4776 2563 16187 16187
4776 4927 926 926 761 1885 4931 4537 9230 13348 16187 16187 16187 16187 16187 16187
3842 3171 16187 16187 4931 4776 6006 16187 16187 11646 14237 6259 15819 16187 16187 16187
1655 12233 14180 3102 8719 9222 3171 10917 10033 13348 16187 8719 4776 2563 16187 16187
7926 5329 5568 6234 4949 12233 14734 15721 8268 7926 14768 4312 16187 16187 16187 16187
3842 3171 16187 16187 4931 4776 63 10355 9424 14237 3847 11553 12233 8712 16187 6297
1655 12233 14180 3102 8719 9222 3171 10917 10033 13348 16187 13348 16187 16187 16187 16187
4776 9808 983 4931 6259 4525 981 12028 14237 8712 4537 926 2837 16187 16187 16187
3842 3171 16187 16187 4931 4776 63 10355 9424 14237 3847 11553 12233 8712 16187 6297
1655 12233 14180 3102 8719 9222 3171 10917 10033 13348 16187 13348 16187 16187 16187 16187
132 8710 2837 926 14237 6006 2837 15004 6714 16187 16187 16187 16187 16187 16187 16187
3842 3171 16187 16187 4931 4776 63 10355 9424 14237 3847 11553 12233 8712 16187 6297
1655 12233 14180 3102 8719 9222 3171 10917 10033 13348 16187 8719 4776 2563 16187 16187
1957 14589 8268 926 926 5867 10418 8781 630 12233 2823 15288 16187 16187 16187 16187
3842 3171 16187 16187 4931 4776 63 10355 9424 14237 3847 11553 12233 8712 16187 6297
1655 12233 14180 3102 8719 9222 3171 10917 10033 13348 16187 8719 4776 2563 16187 16187
1955 4776 10033 4815 8268 7740 5551 8268 13474 9160 1644 12233 12650 6259 2563 16187
3842 3171 16187 16187 4931 4776 6006 16187 16187 11646 14237 6259 15819 16187 16187 16187
1655 12233 14180 3102 8719 9222 3171 10917 10033 13348 16187 8719 4776 2563 16187 16187
3171 983 15520 7981 7001 12233 3676 1543 6179 13501 12825 601 16187 16187 16187 16187
3842 3171 16187 16187 4931 4776 6006 16187 16187 11646 14237 6259 15819 16187 16187 16187
1655 12233 14180 3102 8719 9222 3171 10917 10033 13348 16187 8719 4776 2563 16187 16187
14180 3177 15649 926 4776 9438 15658 8710 13474 926 2598 2598 16187 16187 16187 16187
3842 3171 16187 16187 4931 4776 6006 16187 16187 11646 14237 6259 15819 16187 16187 16187
1655 12233 14180 3102 8719 9222 3171 10917 10033 13348 16187 13348 16187 16187 16187 16187
7740 2326 9084 11889 4776 817 10397 8268 12716 16187 16187 16187 16187 16187 16187 16187
3842 3171 16187 16187 4931 4776 6006 16187 16187 11646 14237 6259 15819 16187 16187 16187
1655 12233 14180 3102 8719 9222 3171 10917 10033 13348 16187 8719 4776 2563 16187 16187
16076 926 779 6259 3098 9534 14237 1229 3847 4523 16187 16187 16187 16187 16187 16187
3842 3171 16187 16187 4931 4776 6006 16187 16187 11646 14237 6259 15819 16187 16187 16187
1655 12233 14180 3102 8719 9222 3171 10917 10033 13348 16187 8719 4776 2563 16187 16187
14237 7740 9084 16187 16187 16187 16187 16187 16187 16187 16187 16187 16187 16187 16187 16187
3842 3171 16187 16187 4931 4776 63 10355 9424 14237 3847 11553 12233 8712 16187 6297
1655 12233 14180 3102 8719 9222 3171 10917 10033 13348 16187 8719 4776 2563 16187 16187
4776 2122 8710 5329 8069 7413 14043 9575 7742 16187 16187 16187 16187 16187 16187 16187
3842 3171 16187 16187 4931 4776 63 10355 9424 14237 3847 11553 12233 8712 16187 6297
1655 12233 14180 3102 8719 9222 3171 10917 10033 13348 16187 8719 4776 2563 16187 16187
7740 2665 4776 3246 830 4776 4124 7926 9697 8719 3171 2563 16187 16187 16187 16187
3842 3171 16187 16187 4931 4776 6006 16187 16187 11646 14237 6259 15819 16187 16187 16187
1655 12233 14180 3102 8719 9222 3171 10917 10033 13348 16187 8719 4776 2563 16187 16187
6173 10394 13549 8712 14734 14043 1885 564 16187 16187 16187 16187 16187 16187 16187 16187
3842 3171 16187 16187 4931 4776 63 10355 9424 14237 3847 11553 12233 8712 16187 6297
1655 12233 14180 3102 8719 9222 3171 10917 10033 13348 16187 13348 16187 16187 16187 16187
4032 6259 9847 8268 5463 5867 8712 16187 16187 16187 16187 16187 16187 16187 16187 16187
3842 3171 16187 16187 4931 4776 63 10355 9424 14237 3847 11553 12233 8712 16187 6297
1655 12233 14180 3102 8719 9222 3171 10917 10033 13348 16187 13348 16187 16187 16187 16187
5359 8268 7926 5867 10355 15 16187 16187 16187 16187 16187 16187 16187 16187 16187 16187
3842 3171 16187 16187 4931 4776 63 10355 9424 14237 3847 11553 12233 8712 16187 6297
1655 12233 14180 3102 8719 9222 3171 10917 10033 13348 16187 8719 4776 2563 16187 16187
926 12233 926 8268 926 926 4776 4330 14029 4776 4927 15525 3177 10240 16187 16187
3842 3171 16187 16187 4931 4776 6006 16187 16187 11646 14237 6259 15819 16187 16187 16187
1655 12233 14180 3102 8719 9222 3171 10917 10033 13348 16187 13348 16187 16187 16187 16187
4776 10566 13181 3384 830 9070 8710 4776 12298 3177 4776 2563 16187 16187 16187 16187
3842 3171 16187 16187 4931 4776 63 10355 9424 14237 3847 11553 12233 8712 16187 6297
1655 12233 14180 3102 8719 9222 3171 10917 10033 13348 16187 13348 16187 16187 16187 16187
7740 1959 6259 15335 2148 1246 8268 14237 4311 1433 12276 10918 14029 4776 308 16187
3842 3171 16187 16187 4931 4776 63 10355 9424 14237 3847 11553 12233 8712 16187 6297
1655 12233 14180 3102 8719 9222 3171 10917 10033 13348 16187 8719 4776 2563 16187 16187
9253 15041 8710 8693 4776 12489 3177 14734 5509 16187 16187 16187 16187 16187 16187 16187
3842 3171 16187 16187 4931 4776 63 10355 9424 14237 3847 11553 12233 8712 16187 6297
1655 12233 14180 3102 8719 9222 3171 10917 10033 13348 16187 8719 4776 2563 16187 16187
15662 2598 16187 16187 16187 16187 16187 16187 16187 16187 16187 16187 16187 16187 16187 16187
3842 3171 16187 16187 4931 4776 6006 16187 16187 11646 14237 6259 15819 16187 16187 16187
1655 12233 14180 3102 8719 9222 3171 10917 10033 13348 16187 13348 16187 16187 16187 16187
8069 14219 8710 5463 3011 1726 9441 14776 926 5713 12835 16187 16187 16187 16187 16187
3842 3171 16187 16187 4931 4776 6006 16187 16187 11646 14237 6259 15819 16187 16187 16187
1655 12233 14180 3102 8719 9222 3171 10917 10033 13348 16187 8719 4776 2563 16187 16187
6259 926 40 926 9592 926 12749 12115 6259 5923 926 14237 2383 14272 2598 16187
3842 3171 16187 16187 4931 4776 63 10355 9424 14237 3847 11553 12233 8712 16187 6297
1655 12233 14180 3102 8719 9222 3171 10917 10033 13348 16187 13348 16187 16187 16187 16187
4552 9754 2599 3171 1378 9605 2837 6011 16187 16187 16187 16187 16187 16187 16187 16187
3842 3171 16187 16187 4931 4776 63 10355 9424 14237 3847 11553 12233 8712 16187 6297
1655 12233 14180 3102 8719 9222 3171 10917 10033 13348 16187 13348 16187 16187 16187 16187
10967 9743 12477 820 1957 926 16187 16187 16187 16187 16187 16187 16187 16187 16187 16187
3842 3171 16187 16187 4931 4776 63 10355 9424 14237 3847 11553 12233 8712 16187 6297
1655 12233 14180 3102 8719 9222 3171 10917 10033 13348 16187 8719 4776 2563 16187 16187
7740 973 5329 13616 4776 10033 15846 4552 4776 9790 16187 16187 16187 16187 16187 16187
3842 3171 16187 16187 4931 4776 6006 16187 16187 11646 14237 6259 15819 16187 16187 16187
1655 12233 14180 3102 8719 9222 3171 10917 10033 13348 16187 13348 16187 16187 16187 16187
12008 13084 16187 16187 16187 16187 16187 16187 16187 16187 16187 16187 16187 16187 16187 16187
3842 3171 16187 16187 4931 4776 63 10355 9424 14237 3847 11553 12233 8712 16187 6297
1655 12233 14180 3102 8719 9222 3171 10917 10033 13348 16187 13348 16187 16187 16187 16187
1229 3171 8710 2326 2309 14304 11953 2115 643 3177 926 14029 926 13348 16187 16187
3842 3171 16187 16187 4931 4776 6006 16187 16187 11646 14237 6259 15819 16187 16187 16187
1655 12233 14180 3102 8719 9222 3171 10917 10033 13348 16187 13348 16187 16187 16187 16187
4776 4152 8710 8423 2002 8268 14237 14180 4776 2946 9084 15597 15781 6535 7742 16187
3842 3171 16187 16187 4931 4776 6006 16187 16187 11646 14237 6259 15819 16187 16187 16187
1655 12233 14180 3102 8719 9222 3171 10917 10033 13348 16187 13348 16187 16187 16187 16187
13907 926 1157 8268 8712 15729 11039 3177 8268 6618 16187 16187 16187 16187 16187 16187
3842 3171 16187 16187 4931 4776 63 10355 9424 14237 3847 11553 12233 8712 16187 6297
1655 12233 14180 3102 8719 9222 3171 10917 10033 13348 16187 13348 16187 16187 16187 16187
5568 9642 2363 3364 11553 6381 15389 5022 1229 11075 12053 1955 3171 16187 16187 16187
3842 3171 16187 16187 4931 4776 63 10355 9424 14237 3847 11553 12233 8712 16187 6297
1655 12233 14180 3102 8719 9222 3171 10917 10033 13348 16187 8719 4776 2563 16187 16187
15404 8746 12273 926 14237 4311 7926 8710 926 4609 12233 10603 14734 6161 16187 16187
3842 3171 16187 16187 4931 4776 63 10355 9424 14237 3847 11553 12233 8712 16187 6297
1655 12233 14180 3102 8719 9222 3171 10917 10033 13348 16187 8719 4776 2563 16187 16187
7740 8197 8712 6259 10619 15978 7740 11889 12120 14237 926 1229 630 16187 16187 16187
3842 3171 16187 16187 4931 4776 63 10355 9424 14237 3847 11553 12233 8712 16187 6297
1655 12233 14180 3102 8719 9222 3171 10917 10033 13348 16187 8719 4776 2563 16187 16187
10967 4776 11913 12233 4776 12582 8268 4325 926 12958 16187 16187 16187 16187 16187 16187
3842 3171 16187 16187 4931 4776 6006 16187 16187 11646 14237 6259 15819 16187 16187 16187
1655 12233 14180 3102 8719 9222 3171 10917 10033 13348 16187 13348 16187 16187 16187 16187
14029 4776 16146 4751 8268 8557 926 11789 926 16048 8712 1094 13348 16187 16187 16187
3842 3171 16187 16187 4931 4776 63 10355 9424 14237 3847 11553 12233 8712 16187 6297
1655 12233 14180 3102 8719 9222 3171 10917 10033 13348 16187 13348 16187 16187 16187 16187
3171 14397 11552 8268 9295 14596 6179 5534 12233 14337 16187 16187 16187 16187 16187 16187
3842 3171 16187 16187 4931 4776 63 10355 9424 14237 3847 11553 12233 8712 16187 6297
1655 12233 14180 3102 8719 9222 3171 10917 10033 13348 16187 13348 16187 16187 16187 16187
133 8268 3171 8808 8710 1260 12911 5629 12233 926 16187 16187 16187 16187 16187 16187
3842 3171 16187 16187 4931 4776 63 10355 9424 14237 3847 11553 12233 8712 16187 6297
1655 12233 14180 3102 8719 9222 3171 10917 10033 13348 16187 13348 16187 16187 16187 16187
7740 11553 14802 2308 1246 3177 1138 926 5711 8268 1750 926 14029 15031 2024 16187
3842 3171 16187 16187 4931 4776 63 10355 9424 14237 3847 11553 12233 8712 16187 6297
1655 12233 14180 3102 8719 9222 3171 10917 10033 13348 16187 8719 4776 2563 16187 16187
926 4931 5329 6518 630 11889 11191 14237 5297 2563 8710 7367 1919 14180 7314 16187
3842 3171 16187 16187 4931 4776 6006 16187 16187 11646 14237 6259 15819 16187 16187 16187
1655 12233 14180 3102 8719 9222 3171 10917 10033 13348 16187 8719 4776 2563 16187 16187
4776 10418 8710 10355 16187 16187 16187 16187 16187 16187 16187 16187 16187 16187 16187 16187
3842 3171 16187 16187 4931 4776 6006 16187 16187 11646 14237 6259 15819 16187 16187 16187
1655 12233 14180 3102 8719 9222 3171 10917 10033 13348 16187 8719 4776 2563 16187 16187
13084 14831 8268 13084 12019 8268 7740 2383 16187 16187 16187 16187 16187 16187 16187 16187
3842 3171 16187 16187 4931 4776 6006 16187 16187 11646 14237 6259 15819 16187 16187 16187
1655 12233 14180 3102 8719 9222 3171 10917 10033 13348 16187 13348 16187 16187 16187 16187
9563 5463 4776 2563 2187 8712 4949 5463 1110 8710 6259 16012 3177 6874 16187 16187
3842 3171 16187 16187 4931 4776 6006 16187 16187 11646 14237 6259 15819 16187 16187 16187
1655 12233 14180 3102 8719 9222 3171 10917 10033 13348 16187 13348 16187 16187 16187 16187
830 5463 8712 5867 1344 11925 14237 2997 16187 16187 16187 16187 16187 16187 16187 16187
3842 3171 16187 16187 4931 4776 6006 16187 16187 11646 14237 6259 15819 16187 16187 16187
1655 12233 14180 3102 8719 9222 3171 10917 10033 13348 16187 13348 16187 16187 16187 16187
926 8710 926 14237 926 8710 14734 11537 926 16187 16187 16187 16187 16187 16187 16187
3842 3171 16187 16187 4931 4776 63 10355 9424 14237 3847 11553 12233 8712 16187 6297
1655 12233 14180 3102 8719 9222 3171 10917 10033 13348 16187 8719 4776 2563 16187 16187
5463 7740 5208 16068 6011 16187 16187 16187 16187 16187 16187 16187 16187 16187 16187 16187
3842 3171 16187 16187 4931 4776 63 10355 9424 14237 3847 11553 12233 8712 16187 6297
1655 12233 14180 3102 8719 9222 3171 10917 10033 13348 16187 13348 16187 16187 16187 16187
3367 9193 882 1954 6814 2115 3167 3177 4776 6915 9870 8719 12353 16187 16187 16187
3842 3171 16187 16187 4931 4776 63 10355 9424 14237 3847 11553 12233 8712 16187 6297
1655 12233 14180 3102 8719 9222 3171 10917 10033 13348 16187 8719 4776 2563 16187 16187
8712 4931 13904 14237 1117 13348 16187 16187 16187 16187 16187 16187 16187 16187 16187 16187
3842 3171 16187 16187 4931 4776 6006 16187 16187 11646 14237 6259 15819 16187 16187 16187
1655 12233 14180 3102 8719 9222 3171 10917 10033 13348 16187 8719 4776 2563 16187 16187
8712 3543 808 6011 3177 4776 4488 9138 16187 16187 16187 16187 16187 16187 16187 16187
3842 3171 16187 16187 4931 4776 63 10355 9424 14237 3847 11553 12233 8712 16187 6297
1655 12233 14180 3102 8719 9222 3171 10917 10033 13348 16187 13348 16187 16187 16187 16187
14272 7740 9084 9754 14518 4931 4776 14247 12233 13361 1957 4776 12298 3748 8712 16187
3842 3171 16187 16187 4931 4776 6006 16187 16187 11646 14237 6259 15819 16187 16187 16187
1655 12233 14180 3102 8719 9222 3171 10917 10033 13348 16187 13348 16187 16187 16187 16187
15152 13348 16187 16187 16187 16187 16187 16187 16187 16187 16187 16187 16187 16187 16187 16187
3842 3171 16187 16187 4931 4776 63 10355 9424 14237 3847 11553 12233 8712 16187 6297
1655 12233 14180 3102 8719 9222 3171 10917 10033 13348 16187 13348 16187 16187 16187 16187
4776 10033 9084 5329 3099 9070 5774 16187 16187 16187 16187 16187 16187 16187 16187 16187
3842 3171 16187 16187 4931 4776 63 10355 9424 14237 3847 11553 12233 8712 16187 6297
1655 12233 14180 3102 8719 9222 3171 10917 10033 13348 16187 8719 4776 2563 16187 16187
4776 14596 4931 5314 11209 1957 564 8268 926 8025 1957 4267 16187 16187 16187 16187
3842 3171 16187 16187 4931 4776 6006 16187 16187 11646 14237 6259 15819 16187 16187 16187
1655 12233 14180 3102 8719 9222 3171 10917 10033 13348 16187 8719 4776 2563 16187 16187
630 11889 926 5384 8719 2053 926 3994 14237 13837 9861 8719 2053 15123 3994 16187
3842 3171 16187 16187 4931 4776 6006 16187 16187 11646 14237 6259 15819 16187 16187 16187
1655 12233 14180 3102 8719 9222 3171 10917 10033 13348 16187 13348 16187 16187 16187 16187
4776 9790 16187 16187 16187 16187 16187 16187 16187 16187 16187 16187 16187 16187 16187 16187
3842 3171 16187 16187 4931 4776 6006 16187 16187 11646 14237 6259 15819 16187 16187 16187
1655 12233 14180 3102 8719 9222 3171 10917 10033 13348 16187 13348 16187 16187 16187 16187
3171 779 10242 3177 5463 16187 16187 16187 16187 16187 16187 16187 16187 16187 16187 16187
3842 3171 16187 16187 4931 4776 63 10355 9424 14237 3847 11553 12233 8712 16187 6297
1655 12233 14180 3102 8719 9222 3171 10917 10033 13348 16187 8719 4776 2563 16187 16187
3774 4374 8710 1955 2689 14237 7168 1955 8084 16187 16187 16187 16187 16187 16187 16187
3842 3171 16187 16187 4931 4776 63 10355 9424 14237 3847 11553 12233 8712 16187 6297
1655 12233 14180 3102 8719 9222 3171 10917 10033 13348 16187 13348 16187 16187 16187 16187
12276 4125 4931 2148 11596 16187 16187 16187 16187 16187 16187 16187 16187 16187 16187 16187
3842 3171 16187 16187 4931 4776 6006 16187 16187 11646 14237 6259 15819 16187 16187 16187
1655 12233 14180 3102 8719 9222 3171 10917 10033 13348 16187 8719 4776 2563 16187 16187
3171 2563 5867 14030 16187 16187 16187 16187 16187 16187 16187 16187 16187 16187 16187 16187
3842 3171 16187 16187 4931 4776 63 10355 9424 14237 3847 11553 12233 8712 16187 6297
1655 12233 14180 3102 8719 9222 3171 10917 10033 13348 16187 13348 16187 16187 16187 16187
6011 7433 13348 16187 16187 16187 16187 16187 16187 16187 16187 16187 16187 16187 16187 16187
3842 3171 16187 16187 4931 4776 63 10355 9424 14237 3847 11553 12233 8712 16187 6297
1655 12233 14180 3102 8719 9222 3171 10917 10033 13348 16187 8719 4776 2563 16187 16187
7740 16138 6601 12003 3171 1378 8268 8712 4931 10770 10967 5946 12233 5759 13348 16187
3842 3171 16187 16187 4931 4776 63 10355 9424 14237 3847 11553 12233 8712 16187 6297
1655 12233 14180 3102 8719 9222 3171 10917 10033 13348 16187 8719 4776 2563 16187 16187
10033 8710 2997 926 7740 12232 1436 16187 16187 16187 16187 16187 16187 16187 16187 16187
3842 3171 16187 16187 4931 4776 63 10355 9424 14237 3847 11553 12233 8712 16187 6297
1655 12233 14180 3102 8719 9222 3171 10917 10033 13348 16187 8719 4776 2563 16187 16187
14029 4776 2601 8268 2053 4776 926 3994 8710 6259 15819 12650 16187 16187 16187 16187
3842 3171 16187 16187 4931 4776 63 10355 9424 14237 3847 11553 12233 8712 16187 6297
1655 12233 14180 3102 8719 9222 3171 10917 10033 13348 16187 8719 4776 2563 16187 16187
1019 10509 6173 926 11169 8712 6259 9484 16187 16187 16187 16187 16187 16187 16187 16187
3842 3171 16187 16187 4931 4776 63 10355 9424 14237 3847 11553 12233 8712 16187 6297
1655 12233 14180 3102 8719 9222 3171 10917 10033 13348 16187 13348 16187 16187 16187 16187
9063 8268 14069 5867 926 926 5867 574 16187 16187 16187 16187 16187 16187 16187 16187
3842 3171 16187 16187 4931 4776 63 10355 9424 14237 3847 11553 12233 8712 16187 6297
1655 12233 14180 3102 8719 9222 3171 10917 10033 13348 16187 8719 4776 2563 16187 16187
5046 4776 9431 3177 8712 5867 14635 12233 2823 16105 14029 3171 222 16187 16187 16187
3842 3171 16187 16187 4931 4776 63 10355 9424 14237 3847 11553 12233 8712 16187 6297
1655 12233 14180 3102 8719 9222 3171 10917 10033 13348 16187 8719 4776 2563 16187 16187
9332 926 10967 4776 5830 926 16187 16187 16187 16187 16187 16187 16187 16187 16187 16187
3842 3171 16187 16187 4931 4776 6006 16187 16187 11646 14237 6259 15819 16187 16187 16187
1655 12233 14180 3102 8719 9222 3171 10917 10033 13348 16187 8719 4776 2563 16187 16187
9743 9498 4776 12455 16187 16187 16187 16187 16187 16187 16187 16187 16187 16187 16187 16187
3842 3171 16187 16187 4931 4776 63 10355 9424 14237 3847 11553 12233 8712 16187 6297
1655 12233 14180 3102 8719 9222 3171 10917 10033 13348 16187 8719 4776 2563 16187 16187
7740 2308 8712 2148 12690 512 2519 16187 16187 16187 16187 16187 16187 16187 16187 16187
3842 3171 16187 16187 4931 4776 63 10355 9424 14237 3847 11553 12233 8712 16187 6297
1655 12233 14180 3102 8719 9222 3171 10917 10033 13348 16187 13348 16187 16187 16187 16187
6259 926 12650 4776 2053 7986 3994 16187 16187 16187 16187 16187 16187 16187 16187 16187
3842 3171 16187 16187 4931 4776 63 10355 9424 14237 3847 11553 12233 8712 16187 6297
1655 12233 14180 3102 8719 9222 3171 10917 10033 13348 16187 8719 4776 2563 16187 16187
12008 5463 4325 16105 8712 16187 16187 16187 16187 16187 16187 16187 16187 16187 16187 16187
3842 3171 16187 16187 4931 4776 6006 16187 16187 11646 14237 6259 15819 16187 16187 16187
1655 12233 14180 3102 8719 9222 3171 10917 10033 13348 16187 13348 16187 16187 16187 16187
8719 5463 1378 7926 4931 6259 132 1389 16187 16187 16187 16187 16187 16187 16187 16187
3842 3171 16187 16187 4931 4776 63 10355 9424 14237 3847 11553 12233 8712 16187 6297
1655 12233 14180 3102 8719 9222 3171 10917 10033 13348 16187 8719 4776 2563 16187 16187
7740 8197 3171 1378 1954 4687 9484 15525 3177 9484 13348 16187 16187 16187 16187 16187
3842 3171 16187 16187 4931 4776 63 10355 9424 14237 3847 11553 12233 8712 16187 6297
1655 12233 14180 3102 8719 9222 3171 10917 10033 13348 16187 8719 4776 2563 16187 16187
4325 13616 1955 6286 4552 9754 926 11889 3171 6713 7740 5208 8158 6011 16187 16187
3842 3171 16187 16187 4931 4776 6006 16187 16187 11646 14237 6259 15819 16187 16187 16187
1655 12233 14180 3102 8719 9222 3171 10917 10033 13348 16187 13348 16187 16187 16187 16187
5713 14776 10217 8124 12893 15658 3520 15597 564 14237 2451 3748 12401 16146 4445 16187
3842 3171 16187 16187 4931 4776 6006 16187 16187 11646 14237 6259 15819 16187 16187 16187
1655 12233 14180 3102 8719 9222 3171 10917 10033 13348 16187 13348 16187 16187 16187 16187
12716 8268 8069 6188 14029 2263 16058 4626 8268 4776 10033 8710 6259 11556 16187 16187
3842 3171 16187 16187 4931 4776 63 10355 9424 14237 3847 11553 12233 8712 16187 6297
1655 12233 14180 3102 8719 9222 3171 10917 10033 13348 16187 8719 4776 2563 16187 16187
8712 5867 3098 16187 16187 16187 16187 16187 16187 16187 16187 16187 16187 16187 16187 16187
3842 3171 16187 16187 4931 4776 6006 16187 16187 11646 14237 6259 15819 16187 16187 16187
1655 12233 14180 3102 8719 9222 3171 10917 10033 13348 16187 13348 16187 16187 16187 16187
4552 5329 12650 3171 10033 11577 6011 14776 6259 6173 6259 926 9488 5365 817 16187
3842 3171 16187 16187 4931 4776 6006 16187 16187 11646 14237 6259 15819 16187 16187 16187
1655 12233 14180 3102 8719 9222 3171 10917 10033 13348 16187 13348 16187 16187 16187 16187
13570 830 926 926 926 8268 13474 3847 9754 15956 13592 3177 3171 16187 16187 16187
3842 3171 16187 16187 4931 4776 63 10355 9424 14237 3847 11553 12233 8712 16187 6297
1655 12233 14180 3102 8719 9222 3171 10917 10033 13348 16187 8719 4776 2563 16187 16187
7926 779 1378 3177 4776 4267 9511 8719 4776 6215 3177 7345 16187 16187 16187 16187
3842 3171 16187 16187 4931 4776 63 10355 9424 14237 3847 11553 12233 8712 16187 6297
1655 12233 14180 3102 8719 9222 3171 10917 10033 13348 16187 13348 16187 16187 16187 16187
10440 2598 16187 16187 16187 16187 16187 16187 16187 16187 16187 16187 16187 16187 16187 16187
3842 3171 16187 16187 4931 4776 63 10355 9424 14237 3847 11553 12233 8712 16187 6297
1655 12233 14180 3102 8719 9222 3171 10917 10033 13348 16187 13348 16187 16187 16187 16187
14237 8733 13084 4710 11953 8712 8268 3171 2563 4931 926 1955 6259 15236 10033 16187
3842 3171 16187 16187 4931 4776 63 10355 9424 14237 3847 11553 12233 8712 16187 6297
1655 12233 14180 3102 8719 9222 3171 10917 10033 13348 16187 13348 16187 16187 16187 16187
8712 5867 4660 12233 11915 14180 3177 4776 8074 3177 4776 4152 16187 16187 16187 16187
3842 3171 16187 16187 4931 4776 63 10355 9424 14237 3847 11553 12233 8712 16187 6297
1655 12233 14180 3102 8719 9222 3171 10917 10033 13348 16187 13348 16187 16187 16187 16187
6826 3177 14734 1378 11071 91 14776 10716 9150 16187 16187 16187 16187 16187 16187 16187
3842 3171 16187 16187 4931 4776 6006 16187 16187 11646 14237 6259 15819 16187 16187 16187
1655 12233 14180 3102 8719 9222 3171 10917 10033 13348 16187 13348 16187 16187 16187 16187
8712 4931 1229 1423 10267 13348 16187 16187 16187 16187 16187 16187 16187 16187 16187 16187
3842 3171 16187 16187 4931 4776 6006 16187 16187 11646 14237 6259 15819 16187 16187 16187
1655 12233 14180 3102 8719 9222 3171 10917 10033 13348 16187 13348 16187 16187 16187 16187
6826 11553 3962 3171 926 12233 3925 5867 14241 16187 16187 16187 16187 16187 16187 16187
3842 3171 16187 16187 4931 4776 63 10355 9424 14237 3847 11553 12233 8712 16187 6297
1655 12233 14180 3102 8719 9222 3171 10917 10033 13348 16187 13348 16187 16187 16187 16187
6259 2601 14514 3177 9131 1019 14237 5329 5568 9131 13348 13348 16187 16187 16187 16187
3842 3171 16187 16187 4931 4776 63 10355 9424 14237 3847 11553 12233 8712 16187 6297
1655 12233 14180 3102 8719 9222 3171 10917 10033 13348 16187 13348 16187 16187 16187 16187
2780 926 926 16187 16187 16187 16187 16187 16187 16187 16187 16187 16187 16187 16187 16187
3842 3171 16187 16187 4931 4776 63 10355 9424 14237 3847 11553 12233 8712 16187 6297
1655 12233 14180 3102 8719 9222 3171 10917 10033 13348 16187 13348 16187 16187 16187 16187
8712 13942 11889 2257 8309 12233 4776 1045 1138 14031 5359 8268 1229 13922 15956 16187
3842 3171 16187 16187 4931 4776 6006 16187 16187 11646 14237 6259 15819 16187 16187 16187
1655 12233 14180 3102 8719 9222 3171 10917 10033 13348 16187 8719 4776 2563 16187 16187
6041 13089 9084 5341 1866 5329 9605 4776 9385 8719 6259 1866 2563 2598 2598 16187
3842 3171 16187 16187 4931 4776 63 10355 9424 14237 3847 11553 12233 8712 16187 6297
1655 12233 14180 3102 8719 9222 3171 10917 10033 13348 16187 13348 16187 16187 16187 16187
7740 926 8712 15978 4776 5033 3177 6259 1138 926 5711 5346 9070 16187 16187 16187
3842 3171 16187 16187 4931 4776 63 10355 9424 14237 3847 11553 12233 8712 16187 6297
1655 12233 14180 3102 8719 9222 3171 10917 10033 13348 16187 13348 16187 16187 16187 16187
8796 4969 3847 11192 12008 8712 8710 14180 8719 14824 16187 16187 16187 16187 16187 16187
3842 3171 16187 16187 4931 4776 63 10355 9424 14237 3847 11553 12233 8712 16187 6297
1655 12233 14180 3102 8719 9222 3171 10917 10033 13348 16187 8719 4776 2563 16187 16187
12128 926 15358 14237 582 1955 4776 7448 926 16187 16187 16187 16187 16187 16187 16187
3842 3171 16187 16187 4931 4776 63 10355 9424 14237 3847 11553 12233 8712 16187 6297
1655 12233 14180 3102 8719 9222 3171 10917 10033 13348 16187 13348 16187 16187 16187 16187
10033 2373 6363 8268 13758 14029 8913 13348 16187 16187 16187 16187 16187 16187 16187 16187
3842 3171 16187 16187 4931 4776 6006 16187 16187 11646 14237 6259 15819 16187 16187 16187
1655 12233 14180 3102 8719 9222 3171 10917 10033 13348 16187 13348 16187 16187 16187 16187
1138 4776 9349 5867 13429 8710 3367 13348 5711 16187 16187 16187 16187 16187 16187 16187
3842 3171 16187 16187 4931 4776 63 10355 9424 14237 3847 11553 12233 8712 16187 6297
1655 12233 14180 3102 8719 9222 3171 10917 10033 13348 16187 8719 4776 2563 16187 16187
9850 15525 3177 14139 830 3171 16187 16187 16187 16187 16187 16187 16187 16187 16187 16187
3842 3171 16187 16187 4931 4776 63 10355 9424 14237 3847 11553 12233 8712 16187 6297
1655 12233 14180 3102 8719 9222 3171 10917 10033 13348 16187 13348 16187 16187 16187 16187
11889 4776 6801 926 8268 4776 2563 926 8710 1781 14237 9933 14237 4512 12690 16187
3842 3171 16187 16187 4931 4776 63 10355 9424 14237 3847 11553 12233 8712 16187 6297
1655 12233 14180 3102 8719 9222 3171 10917 10033 13348 16187 13348 16187 16187 16187 16187
8712 4931 491 4776 8162 14237 926 8268 7661 830 564 14426 10033 8268 6695 16187
3842 3171 16187 16187 4931 4776 6006 16187 16187 11646 14237 6259 15819 16187 16187 16187
1655 12233 14180 3102 8719 9222 3171 10917 10033 13348 16187 8719 4776 2563 16187 16187
4776 15416 3177 4776 14596 15881 2148 14237 2148 2694 4837 4776 12298 16187 16187 16187
3842 3171 16187 16187 4931 4776 6006 16187 16187 11646 14237 6259 15819 16187 16187 16187
1655 12233 14180 3102 8719 9222 3171 10917 10033 13348 16187 13348 16187 16187 16187 16187
14272 6259 594 12233 2552 1954 9332 14596 6020 5463 4927 16187 16187 16187 16187 16187
3842 3171 16187 16187 4931 4776 63 10355 9424 14237 3847 11553 12233 8712 16187 6297
1655 12233 14180 3102 8719 9222 3171 10917 10033 13348 16187 13348 16187 16187 16187 16187
7740 6635 8712 2148 1955 8712 4931 9754 1955 15624 1955 4776 2002 16187 16187 16187
3842 3171 16187 16187 4931 4776 6006 16187 16187 11646 14237 6259 15819 16187 16187 16187
1655 12233 14180 3102 8719 9222 3171 10917 10033 13348 16187 8719 4776 2563 16187 16187
7740 973 926 12233 14550 3171 1378 16187 16187 16187 16187 16187 16187 16187 16187 16187
3842 3171 16187 16187 4931 4776 63 10355 9424 14237 3847 11553 12233 8712 16187 6297
1655 12233 14180 3102 8719 9222 3171 10917 10033 13348 16187 13348 16187 16187 16187 16187
3171 3449 11530 4776 9431 1378 14237 2308 3171 1378 7877 10770 16187 16187 16187 16187
3842 3171 16187 16187 4931 4776 63 10355 9424 14237 3847 11553 12233 8712 16187 6297
1655 12233 14180 3102 8719 9222 3171 10917 10033 13348 16187 8719 4776 2563 16187 16187
3211 8744 15525 3177 926 8268 12008 1138 926 12168 9465 5711 15325 9450 926 16187
3842 3171 16187 16187 4931 4776 63 10355 9424 14237 3847 11553 12233 8712 16187 6297
1655 12233 14180 3102 8719 9222 3171 10917 10033 13348 16187 13348 16187 16187 16187 16187
9036 3171 10033 8268 15978 983 8710 12495 7613 12233 3667 16187 16187 16187 16187 16187
3842 3171 16187 16187 4931 4776 63 10355 9424 14237 3847 11553 12233 8712 16187 6297
1655 12233 14180 3102 8719 9222 3171 10917 10033 13348 16187 8719 4776 2563 16187 16187
14237 15202 8710 5046 6259 3098 10033 16187 16187 16187 16187 16187 16187 16187 16187 16187
3842 3171 16187 16187 4931 4776 6006 16187 16187 11646 14237 6259 15819 16187 16187 16187
1655 12233 14180 3102 8719 9222 3171 10917 10033 13348 16187 13348 16187 16187 16187 16187
5329 15202 6550 4776 10217 2103 9084 7740 14581 11889 4776 10033 4931 11052 16187 16187
3842 3171 16187 16187 4931 4776 63 10355 9424 14237 3847 11553 12233 8712 16187 6297
1655 12233 14180 3102 8719 9222 3171 10917 10033 13348 16187 8719 4776 2563 16187 16187
14069 8710 2446 6826 3098 4406 13908 8268 5462 5629 10941 14237 3298 16187 16187 16187
3842 3171 16187 16187 4931 4776 63 10355 9424 14237 3847 11553 12233 8712 16187 6297
1655 12233 14180 3102 8719 9222 3171 10917 10033 13348 16187 13348 16187 16187 16187 16187
6173 13348 16187 16187 16187 16187 16187 16187 16187 16187 16187 16187 16187 16187 16187 16187
3842 3171 16187 16187 4931 4776 6006 16187 16187 11646 14237 6259 15819 16187 16187 16187
1655 12233 14180 3102 8719 9222 3171 10917 10033 13348 16187 8719 4776 2563 16187 16187
2143 9484 4832 9143 8710 6259 6070 2689 10033 16187 16187 16187 16187 16187 16187 16187
3842 3171 16187 16187 4931 4776 63 10355 9424 14237 3847 11553 12233 8712 16187 6297
1655 12233 14180 3102 8719 9222 3171 10917 10033 13348 16187 8719 4776 2563 16187 16187
498 11836 14457 8268 12349 4776 12489 6867 8268 2689 8185 16187 16187 16187 16187 16187
3842 3171 16187 16187 4931 4776 63 10355 9424 14237 3847 11553 12233 8712 16187 6297
1655 12233 14180 3102 8719 9222 3171 10917 10033 13348 16187 13348 16187 16187 16187 16187
6826 3543 11553 12766 14156 8719 4776 2563 16187 16187 16187 16187 16187 16187 16187 16187
3842 3171 16187 16187 4931 4776 6006 16187 16187 11646 14237 6259 15819 16187 16187 16187
1655 12233 14180 3102 8719 9222 3171 10917 10033 13348 16187 13348 16187 16187 16187 16187
7740 16007 4837 5878 8268 12008 7740 12232 1436 7740 973 6259 14348 16187 16187 16187
3842 3171 16187 16187 4931 4776 6006 16187 16187 11646 14237 6259 15819 16187 16187 16187
1655 12233 14180 3102 8719 9222 3171 10917 10033 13348 16187 8719 4776 2563 16187 16187
4776 9431 10033 8719 4776 308 4931 6281 5022 2837 4172 926 16187 16187 16187 16187
3842 3171 16187 16187 4931 4776 63 10355 9424 14237 3847 11553 12233 8712 16187 6297
1655 12233 14180 3102 8719 9222 3171 10917 10033 13348 16187 13348 16187 16187 16187 16187
14069 5867 12583 3177 16146 926 1955 7742 16187 16187 16187 16187 16187 16187 16187 16187
3842 3171 16187 16187 4931 4776 63 10355 9424 14237 3847 11553 12233 8712 16187 6297
1655 12233 14180 3102 8719 9222 3171 10917 10033 13348 16187 13348 16187 16187 16187 16187
9429 10036 16187 16187 16187 16187 16187 16187 16187 16187 16187 16187 16187 16187 16187 16187
3842 3171 16187 16187 4931 4776 6006 16187 16187 11646 14237 6259 15819 16187 16187 16187
1655 12233 14180 3102 8719 9222 3171 10917 10033 13348 16187 8719 4776 2563 16187 16187
9450 4552 4325 15956 5463 6259 5548 10072 1627 8710 926 15274 12233 10951 5530 16187
3842 3171 16187 16187 4931 4776 63 10355 9424 14237 3847 11553 12233 8712 16187 6297
1655 12233 14180 3102 8719 9222 3171 10917 10033 13348 16187 13348 16187 16187 16187 16187
10669 13348 13348 16187 16187 16187 16187 16187 16187 16187 16187 16187 16187 16187 16187 16187
3842 3171 16187 16187 4931 4776 63 10355 9424 14237 3847 11553 12233 8712 16187 6297
1655 12233 14180 3102 8719 9222 3171 10917 10033 13348 16187 8719 4776 2563 16187 16187
14069 11744 9754 13084 12135 11889 4776 817 12135 16187 16187 16187 16187 16187 16187 16187
3842 3171 16187 16187 4931 4776 63 10355 9424 14237 3847 11553 12233 8712 16187 6297
1655 12233 14180 3102 8719 9222 3171 10917 10033 13348 16187 8719 4776 2563 16187 16187
14043 1453 6259 6951 16187 16187 16187 16187 16187 16187 16187 16187 16187 16187 16187 16187
3842 3171 16187 16187 4931 4776 63 10355 9424 14237 3847 11553 12233 8712 16187 6297
1655 12233 14180 3102 8719 9222 3171 10917 10033 13348 16187 8719 4776 2563 16187 16187
6259 7336 926 13084 9341 3177 2122 14237 2122 16187 16187 16187 16187 16187 16187 16187
3842 3171 16187 16187 4931 4776 63 10355 9424 14237 3847 11553 12233 8712 16187 6297
1655 12233 14180 3102 8719 9222 3171 10917 10033 13348 16187 8719 4776 2563 16187 16187
926 926 4931 6259 11738 950 15658 16105 1229 630 15525 3177 1229 9450 16187 16187
3842 3171 16187 16187 4931 4776 63 10355 9424 14237 3847 11553 12233 8712 16187 6297
1655 12233 14180 3102 8719 9222 3171 10917 10033 13348 16187 8719 4776 2563 16187 16187
2066 1376 8185 14776 4776 926 3177 13242 2525 16187 16187 16187 16187 16187 16187 16187
3842 3171 16187 16187 4931 4776 63 10355 9424 14237 3847 11553 12233 8712 16187 6297
1655 12233 14180 3102 8719 9222 3171 10917 10033 13348 16187 13348 16187 16187 16187 16187
9563 1919 8578 12233 15658 4776 926 926 2326 4931 4837 4776 12298 16187 16187 16187
3842 3171 16187 16187 4931 4776 6006 16187 16187 11646 14237 6259 15819 16187 16187 16187
1655 12233 14180 3102 8719 9222 3171 10917 10033 13348 16187 8719 4776 2563 16187 16187
1957 926 12028 8268 3171 2563 4931 6259 9450 12233 15096 14237 2474 6259 9450 16187
3842 3171 16187 16187 4931 4776 6006 16187 16187 11646 14237 6259 15819 16187 16187 16187
1655 12233 14180 3102 8719 9222 3171 10917 10033 13348 16187 13348 16187 16187 16187 16187
13386 926 9113 4776 3211 12233 4776 10033 1955 4776 926 1919 1954 13277 15594 16187
3842 3171 16187 16187 4931 4776 63 10355 9424 14237 3847 11553 12233 8712 16187 6297
1655 12233 14180 3102 8719 9222 3171 10917 10033 13348 16187 8719 4776 2563 16187 16187
9484 9484 7742 2842 16187 16187 16187 16187 16187 16187 16187 16187 16187 16187 16187 16187
3842 3171 16187 16187 4931 4776 63 10355 9424 14237 3847 11553 12233 8712 16187 6297
1655 12233 14180 3102 8719 9222 3171 10917 10033 13348 16187 8719 4776 2563 16187 16187
204 926 10967 13720 8404 12233 926 16187 16187 16187 16187 16187 16187 16187 16187 16187
3842 3171 16187 16187 4931 4776 6006 16187 16187 11646 14237 6259 15819 16187 16187 16187
1655 12233 14180 3102 8719 9222 3171 10917 10033 13348 16187 13348 16187 16187 16187 16187
4776 2563 4931 8270 1919 4776 2002 8268 630 630 8270 16187 16187 16187 16187 16187
3842 3171 16187 16187 4931 4776 63 10355 9424 14237 3847 11553 12233 8712 16187 6297
1655 12233 14180 3102 8719 9222 3171 10917 10033 13348 16187 13348 16187 16187 16187 16187
7740 1951 10442 12233 9429 5463 8034 4931 9389 14734 12478 6689 9222 3171 10033 16187
3842 3171 16187 16187 4931 4776 63 10355 9424 14237 3847 11553 12233 8712 16187 6297
1655 12233 14180 3102 8719 9222 3171 10917 10033 13348 16187 13348 16187 16187 16187 16187
8719 3511 4776 2601 2563 3364 2823 3962 12233 6259 15096 476 3177 926 16187 16187
3842 3171 16187 16187 4931 4776 63 10355 9424 14237 3847 11553 12233 8712 16187 6297
1655 12233 14180 3102 8719 9222 3171 10917 10033 13348 16187 13348 16187 16187 16187 16187
2201 8166 779 4089 6905 1955 387 3177 8455 14112 16187 16187 16187 16187 16187 16187
3842 3171 16187 16187 4931 4776 63 10355 9424 14237 3847 11553 12233 8712 16187 6297
1655 12233 14180 3102 8719 9222 3171 10917 10033 13348 16187 13348 16187 16187 16187 16187
1138 8704 12455 3994 1042 5711 5086 15525 12233 2823 8270 512 7740 968 11839 16187
3842 3171 16187 16187 4931 4776 63 10355 9424 14237 3847 11553 12233 8712 16187 6297
1655 12233 14180 3102 8719 9222 3171 10917 10033 13348 16187 13348 16187 16187 16187 16187
14734 6070 9632 3112 14745 6259 5156 9290 16187 16187 16187 16187 16187 16187 16187 16187
3842 3171 16187 16187 4931 4776 6006 16187 16187 11646 14237 6259 15819 16187 16187 16187
1655 12233 14180 3102 8719 9222 3171 10917 10033 13348 16187 13348 16187 16187 16187 16187
14281 646 10211 5867 926 3366 547 16187 16187 16187 16187 16187 16187 16187 16187 16187
3842 3171 16187 16187 4931 4776 63 10355 9424 14237 3847 11553 12233 8712 16187 6297
1655 12233 14180 3102 8719 9222 3171 10917 10033 13348 16187 8719 4776 2563 16187 16187
6011 12431 5430 1954 13434 4169 7524 926 926 16187 16187 16187 16187 16187 16187 16187
3842 3171 16187 16187 4931 4776 6006 16187 16187 11646 14237 6259 15819 16187 16187 16187
1655 12233 14180 3102 8719 9222 3171 10917 10033 13348 16187 13348 16187 16187 16187 16187
15978 3171 2563 8268 15843 1597 16146 1133 8268 8710 6259 5820 13348 16187 16187 16187
3842 3171 16187 16187 4931 4776 63 10355 9424 14237 3847 11553 12233 8712 16187 6297
1655 12233 14180 3102 8719 9222 3171 10917 10033 13348 16187 8719 4776 2563 16187 16187
14237 2599 9070 4537 1436 5463 3171 2563 8710 8213 16187 16187 16187 16187 16187 16187
3842 3171 16187 16187 4931 4776 63 10355 9424 14237 3847 11553 12233 8712 16187 6297
1655 12233 14180 3102 8719 9222 3171 10917 10033 13348 16187 8719 4776 2563 16187 16187
4776 10418 14237 8808 10801 8719 484 14776 8270 12495 16187 16187 16187 16187 16187 16187
3842 3171 16187 16187 4931 4776 63 10355 9424 14237 3847 11553 12233 8712 16187 6297
1655 12233 14180 3102 8719 9222 3171 10917 10033 13348 16187 8719 4776 2563 16187 16187
926 13348 16187 16187 16187 16187 16187 16187 16187 16187 16187 16187 16187 16187 16187 16187
3842 3171 16187 16187 4931 4776 63 10355 9424 14237 3847 11553 12233 8712 16187 6297
1655 12233 14180 3102 8719 9222 3171 10917 10033 13348 16187 13348 16187 16187 16187 16187
5332 5463 12232 11553 12766 5906 16187 16187 16187 16187 16187 16187 16187 16187 16187 16187
3842 3171 16187 16187 4931 4776 6006 16187 16187 11646 14237 6259 15819 16187 16187 16187
1655 12233 14180 3102 8719 9222 3171 10917 10033 13348 16187 8719 4776 2563 16187 16187
2326 1378 8719 6259 1342 2563 5711 16187 16187 16187 16187 16187 16187 16187 16187 16187
3842 3171 16187 16187 4931 4776 6006 16187 16187 11646 14237 6259 15819 16187 16187 16187
1655 12233 14180 3102 8719 9222 3171 10917 10033 13348 16187 8719 4776 2563 16187 16187
14691 2148 12233 1436 14029 3171 1378 16187 16187 16187 16187 16187 16187 16187 16187 16187
3842 3171 16187 16187 4931 4776 6006 16187 16187 11646 14237 6259 15819 16187 16187 16187
1655 12233 14180 3102 8719 9222 3171 10917 10033 13348 16187 13348 16187 16187 16187 16187
4776 9887 4931 10953 2148 512 1157 6672 16187 16187 16187 16187 16187 16187 16187 16187
3842 3171 16187 16187 4931 4776 63 10355 9424 14237 3847 11553 12233 8712 16187 6297
1655 12233 14180 3102 8719 9222 3171 10917 10033 13348 16187 13348 16187 16187 16187 16187
4776 2601 10400 3177 1455 6259 8081 3504 10716 3847 9754 926 16187 16187 16187 16187
3842 3171 16187 16187 4931 4776 6006 16187 16187 11646 14237 6259 15819 16187 16187 16187
1655 12233 14180 3102 8719 9222 3171 10917 10033 13348 16187 8719 4776 2563 16187 16187
929 8268 1229 3847 6259 10969 2765 16187 16187 16187 16187 16187 16187 16187 16187 16187
3842 3171 16187 16187 4931 4776 63 10355 9424 14237 3847 11553 12233 8712 16187 6297
1655 12233 14180 3102 8719 9222 3171 10917 10033 13348 16187 13348 16187 16187 16187 16187
4325 11031 580 8719 820 10967 1147 16187 16187 16187 16187 16187 16187 16187 16187 16187
3842 3171 16187 16187 4931 4776 6006 16187 16187 11646 14237 6259 15819 16187 16187 16187
1655 12233 14180 3102 8719 9222 3171 10917 10033 13348 16187 13348 16187 16187 16187 16187
7740 3644 9754 9137 830 4776 2563 16187 16187 16187 16187 16187 16187 16187 16187 16187
3842 3171 16187 16187 4931 4776 6006 16187 16187 11646 14237 6259 15819 16187 16187 16187
1655 12233 14180 3102 8719 9222 3171 10917 10033 13348 16187 13348 16187 16187 16187 16187
14031 4537 11953 12127 7083 10033 6041 4776 5830 4770 5867 13348 16187 16187 16187 16187
3842 3171 16187 16187 4931 4776 63 10355 9424 14237 3847 11553 12233 8712 16187 6297
1655 12233 14180 3102 8719 9222 3171 10917 10033 13348 16187 13348 16187 16187 16187 16187
2326 8268 7740 9429 6011 968 11889 8712 16187 16187 16187 16187 16187 16187 16187 16187
3842 3171 16187 16187 4931 4776 6006 16187 16187 11646 14237 6259 15819 16187 16187 16187
1655 12233 14180 3102 8719 9222 3171 10917 10033 13348 16187 13348 16187 16187 16187 16187
7926 3177 1245 779 6259 3098 14788 4707 13348 16187 16187 16187 16187 16187 16187 16187
3842 3171 16187 16187 4931 4776 63 10355 9424 14237 3847 11553 12233 8712 16187 6297
1655 12233 14180 3102 8719 9222 3171 10917 10033 13348 16187 13348 16187 16187 16187 16187
8680 7740 2308 926 6259 551 10894 8270 512 926 16187 16187 16187 16187 16187 16187
3842 3171 16187 16187 4931 4776 63 10355 9424 14237 3847 11553 12233 8712 16187 6297
1655 12233 14180 3102 8719 9222 3171 10917 10033 13348 16187 13348 16187 16187 16187 16187
6363 16187 16187 16187 16187 16187 16187 16187 16187 16187 16187 16187 16187 16187 16187 16187
3842 3171 16187 16187 4931 4776 63 10355 9424 14237 3847 11553 12233 8712 16187 6297
1655 12233 14180 3102 8719 9222 3171 10917 10033 13348 16187 8719 4776 2563 16187 16187
4421 10668 15881 6259 3984 12233 11178 14180 3177 14734 10418 906 16187 16187 16187 16187
3842 3171 16187 16187 4931 4776 63 10355 9424 14237 3847 11553 12233 8712 16187 6297
1655 12233 14180 3102 8719 9222 3171 10917 10033 13348 16187 8719 4776 2563 16187 16187
3171 2563 4598 14029 6297 9222 11602 2191 8719 4776 12298 16187 16187 16187 16187 16187
3842 3171 16187 16187 4931 4776 63 10355 9424 14237 3847 11553 12233 8712 16187 6297
1655 12233 14180 3102 8719 9222 3171 10917 10033 13348 16187 13348 16187 16187 16187 16187
12650 4776 4927 4776 7151 14827 12401 10660 8808 13150 14272 15846 5367 16187 16187 16187
3842 3171 16187 16187 4931 4776 63 10355 9424 14237 3847 11553 12233 8712 16187 6297
1655 12233 14180 3102 8719 9222 3171 10917 10033 13348 16187 13348 16187 16187 16187 16187
926 926 8268 1955 11846 8268 8710 232 1955 6259 8569 5095 12495 16187 16187 16187
3842 3171 16187 16187 4931 4776 6006 16187 16187 11646 14237 6259 15819 16187 16187 16187
1655 12233 14180 3102 8719 9222 3171 10917 10033 13348 16187 13348 16187 16187 16187 16187
11247 5867 10922 12238 12576 8710 5818 15788 1955 1430 926 16187 16187 16187 16187 16187
3842 3171 16187 16187 4931 4776 63 10355 9424 14237 3847 11553 12233 8712 16187 6297
1655 12233 14180 3102 8719 9222 3171 10917 10033 13348 16187 13348 16187 16187 16187 16187
11946 5568 1378 10501 8719 4776 2563 3007 1120 16187 16187 16187 16187 16187 16187 16187
3842 3171 16187 16187 4931 4776 63 10355 9424 14237 3847 11553 12233 8712 16187 6297
1655 12233 14180 3102 8719 9222 3171 10917 10033 13348 16187 8719 4776 2563 16187 16187
5202 5867 6259 14125 12008 4776 2563 5867 6259 8503 16187 16187 16187 16187 16187 16187
3842 3171 16187 16187 4931 4776 6006 16187 16187 11646 14237 6259 15819 16187 16187 16187
1655 12233 14180 3102 8719 9222 3171 10917 10033 13348 16187 8719 4776 2563 16187 16187
12716 8268 7740 3644 9754 2823 12495 10399 14029 3171 2563 16187 16187 16187 16187 16187
3842 3171 16187 16187 4931 4776 63 10355 9424 14237 3847 11553 12233 8712 16187 6297
1655 12233 14180 3102 8719 9222 3171 10917 10033 13348 16187 13348 16187 16187 16187 16187
14272 6259 10033 13348 16187 16187 16187 16187 16187 16187 16187 16187 16187 16187 16187 16187
3842 3171 16187 16187 4931 4776 63 10355 9424 14237 3847 11553 12233 8712 16187 6297
1655 12233 14180 3102 8719 9222 3171 10917 10033 13348 16187 8719 4776 2563 16187 16187
7740 3553 4325 4628 9754 10610 8712 1919 2588 13555 13348 16187 16187 16187 16187 16187
3842 3171 16187 16187 4931 4776 63 10355 9424 14237 3847 11553 12233 8712 16187 6297
1655 12233 14180 3102 8719 9222 3171 10917 10033 13348 16187 8719 4776 2563 16187 16187
5356 13667 926 14272 4931 385 8719 6259 2563 16187 16187 16187 16187 16187 16187 16187
3842 3171 16187 16187 4931 4776 6006 16187 16187 11646 14237 6259 15819 16187 16187 16187
1655 12233 14180 3102 8719 9222 3171 10917 10033 13348 16187 13348 16187 16187 16187 16187
1378 5208 5329 11644 4776 1537 4969 1866 8185 830 5442 3938 14237 10770 16187 16187
3842 3171 16187 16187 4931 4776 63 10355 9424 14237 3847 11553 12233 8712 16187 6297
1655 12233 14180 3102 8719 9222 3171 10917 10033 13348 16187 8719 4776 2563 16187 16187
12707 14069 4628 9754 2823 13592 2148 8185 16105 8719 3171 926 926 10983 16187 16187
3842 3171 16187 16187 4931 4776 63 10355 9424 14237 3847 11553 12233 8712 16187 6297
1655 12233 14180 3102 8719 9222 3171 10917 10033 13348 16187 8719 4776 2563 16187 16187
14069 14776 1597 3177 4776 926 5463 15351 9070 6070 630 16187 16187 16187 16187 16187
3842 3171 16187 16187 4931 4776 63 10355 9424 14237 3847 11553 12233 8712 16187 6297
1655 12233 14180 3102 8719 9222 3171 10917 10033 13348 16187 13348 16187 16187 16187 16187
8093 4776 3765 9601 8710 1229 630 8270 512 5937 1482 2122 471 14251 16187 16187
3842 3171 16187 16187 4931 4776 63 10355 9424 14237 3847 11553 12233 8712 16187 6297
1655 12233 14180 3102 8719 9222 3171 10917 10033 13348 16187 8719 4776 2563 16187 16187
4776 9339 8808 15828 1019 13803 926 6173 8268 8710 11789 15639 12233 12650 16187 16187
3842 3171 16187 16187 4931 4776 63 10355 9424 14237 3847 11553 12233 8712 16187 6297
1655 12233 14180 3102 8719 9222 3171 10917 10033 13348 16187 13348 16187 16187 16187 16187
3171 8336 2122 12213 4776 1245 3177 4776 10033 16187 16187 16187 16187 16187 16187 16187
3842 3171 16187 16187 4931 4776 63 10355 9424 14237 3847 11553 12233 8712 16187 6297
1655 12233 14180 3102 8719 9222 3171 10917 10033 13348 16187 13348 16187 16187 16187 16187
4776 10397 8710 7393 14084 12233 11961 1781 12224 3177 1945 16187 16187 16187 16187 16187
3842 3171 16187 16187 4931 4776 63 10355 9424 14237 3847 11553 12233 8712 16187 6297
1655 12233 14180 3102 8719 9222 3171 10917 10033 13348 16187 13348 16187 16187 16187 16187
12008 4311 8268 2979 4776 3137 2563 14237 8344 4776 16053 4931 13700 16187 16187 16187
3842 3171 16187 16187 4931 4776 63 10355 9424 14237 3847 11553 12233 8712 16187 6297
1655 12233 14180 3102 8719 9222 3171 10917 10033 13348 16187 8719 4776 2563 16187 16187
4776 3384 7740 10589 4531 15715 4931 13089 926 12515 4523 2023 13348 16187 16187 16187
3842 3171 16187 16187 4931 4776 63 10355 9424 14237 3847 11553 12233 8712 16187 6297
1655 12233 14180 3102 8719 9222 3171 10917 10033 13348 16187 8719 4776 2563 16187 16187
4776 13607 8710 11692 16187 16187 16187 16187 16187 16187 16187 16187 16187 16187 16187 16187
3842 3171 16187 16187 4931 4776 63 10355 9424 14237 3847 11553 12233 8712 16187 6297
1655 12233 14180 3102 8719 9222 3171 10917 10033 13348 16187 8719 4776 2563 16187 16187
11748 8268 1213 8710 4776 7724 3177 10125 16187 16187 16187 16187 16187 16187 16187 16187
3842 3171 16187 16187 4931 4776 6006 16187 16187 11646 14237 6259 15819 16187 16187 16187
1655 12233 14180 3102 8719 9222 3171 10917 10033 13348 16187 13348 16187 16187 16187 16187
7542 3171 8710 4032 9316 16187 16187 16187 16187 16187 16187 16187 16187 16187 16187 16187
3842 3171 16187 16187 4931 4776 6006 16187 16187 11646 14237 6259 15819 16187 16187 16187
1655 12233 14180 3102 8719 9222 3171 10917 10033 13348 16187 13348 16187 16187 16187 16187
15608 8268 8796 8268 12008 8206 16187 16187 16187 16187 16187 16187 16187 16187 16187 16187
3842 3171 16187 16187 4931 4776 6006 16187 16187 11646 14237 6259 15819 16187 16187 16187
1655 12233 14180 3102 8719 9222 3171 10917 10033 13348 16187 8719 4776 2563 16187 16187
3171 8710 1543 4325 7185 4776 926 6161 8268 6259 10270 926 3177 13792 820 16187
3842 3171 16187 16187 4931 4776 63 10355 9424 14237 3847 11553 12233 8712 16187 6297
1655 12233 14180 3102 8719 9222 3171 10917 10033 13348 16187 13348 16187 16187 16187 16187
3171 10033 14281 8710 12256 12008 8712 8710 5329 3257 1957 4776 9790 983 16187 16187
3842 3171 16187 16187 4931 4776 63 10355 9424 14237 3847 11553 12233 8712 16187 6297
1655 12233 14180 3102 8719 9222 3171 10917 10033 13348 16187 13348 16187 16187 16187 16187
10918 8719 7340 8268 12276 14164 14237 13832 1959 6259 8556 10501 308 14029 2024 16187
3842 3171 16187 16187 4931 4776 63 10355 9424 14237 3847 11553 12233 8712 16187 6297
1655 12233 14180 3102 8719 9222 3171 10917 10033 13348 16187 13348 16187 16187 16187 16187
3171 10033 4931 9160 14030 830 6259 8608 15159 11401 8901 16187 16187 16187 16187 16187
3842 3171 16187 16187 4931 4776 63 10355 9424 14237 3847 11553 12233 8712 16187 6297
1655 12233 14180 3102 8719 9222 3171 10917 10033 13348 16187 8719 4776 2563 16187 16187
12958 3007 12233 2823 8719 13501 830 6259 3098 10033 8268 6011 2552 16187 16187 16187
3842 3171 16187 16187 4931 4776 63 10355 9424 14237 3847 11553 12233 8712 16187 6297
1655 12233 14180 3102 8719 9222 3171 10917 10033 13348 16187 8719 4776 2563 16187 16187
8712 5867 13084 9640 4776 9290 5867 1954 13628 16187 16187 16187 16187 16187 16187 16187
3842 3171 16187 16187 4931 4776 6006 16187 16187 11646 14237 6259 15819 16187 16187 16187
1655 12233 14180 3102 8719 9222 3171 10917 10033 13348 16187 13348 16187 16187 16187 16187
926 926 8383 830 1378 8662 6378 1955 6259 926 1919 10887 6953 16187 16187 16187
3842 3171 16187 16187 4931 4776 63 10355 9424 14237 3847 11553 12233 8712 16187 6297
1655 12233 14180 3102 8719 9222 3171 10917 10033 13348 16187 13348 16187 16187 16187 16187
4776 12621 15063 10967 3690 926 12233 926 16187 16187 16187 16187 16187 16187 16187 16187
3842 3171 16187 16187 4931 4776 63 10355 9424 14237 3847 11553 12233 8712 16187 6297
1655 12233 14180 3102 8719 9222 3171 10917 10033 13348 16187 8719 4776 2563 16187 16187
7740 9429 1213 1110 11921 5568 8719 10011 8185 14237 11818 16187 16187 16187 16187 16187
3842 3171 16187 16187 4931 4776 63 10355 9424 14237 3847 11553 12233 8712 16187 6297
1655 12233 14180 3102 8719 9222 3171 10917 10033 13348 16187 13348 16187 16187 16187 16187
10394 14352 15658 926 8710 8268 816 2598 16187 16187 16187 16187 16187 16187 16187 16187
3842 3171 16187 16187 4931 4776 63 10355 9424 14237 3847 11553 12233 8712 16187 6297
1655 12233 14180 3102 8719 9222 3171 10917 10033 13348 16187 8719 4776 2563 16187 16187
3171 8710 6259 3886 13348 5711 16187 16187 16187 16187 16187 16187 16187 16187 16187 16187
3842 3171 16187 16187 4931 4776 63 10355 9424 14237 3847 11553 12233 8712 16187 6297
1655 12233 14180 3102 8719 9222 3171 10917 10033 13348 16187 13348 16187 16187 16187 16187
8796 8268 2598 16187 16187 16187 16187 16187 16187 16187 16187 16187 16187 16187 16187 16187
3842 3171 16187 16187 4931 4776 6006 16187 16187 11646 14237 6259 15819 16187 16187 16187
1655 12233 14180 3102 8719 9222 3171 10917 10033 13348 16187 8719 4776 2563 16187 16187
4776 297 4931 1378 3177 4776 4267 2024 9577 16017 7740 9884 8084 8466 16187 16187
3842 3171 16187 16187 4931 4776 6006 16187 16187 11646 14237 6259 15819 16187 16187 16187
1655 12233 14180 3102 8719 9222 3171 10917 10033 13348 16187 13348 16187 16187 16187 16187
14272 6259 11406 13348 16187 16187 16187 16187 16187 16187 16187 16187 16187 16187 16187 16187
3842 3171 16187 16187 4931 4776 63 10355 9424 14237 3847 11553 12233 8712 16187 6297
1655 12233 14180 3102 8719 9222 3171 10917 10033 13348 16187 13348 16187 16187 16187 16187
6173 16187 16187 16187 16187 16187 16187 16187 16187 16187 16187 16187 16187 16187 16187 16187
3842 3171 16187 16187 4931 4776 6006 16187 16187 11646 14237 6259 15819 16187 16187 16187
1655 12233 14180 3102 8719 9222 3171 10917 10033 13348 16187 13348 16187 16187 16187 16187
12008 8712 4931 4776 3575 5463 7544 4931 7841 15525 8719 2263 5537 13470 16187 16187
3842 3171 16187 16187 4931 4776 6006 16187 16187 11646 14237 6259 15819 16187 16187 16187
1655 12233 14180 3102 8719 9222 3171 10917 10033 13348 16187 13348 16187 16187 16187 16187
7740 2446 11889 2066 5867 926 1138 926 13348 16187 16187 16187 16187 16187 16187 16187
3842 3171 16187 16187 4931 4776 63 10355 9424 14237 3847 11553 12233 8712 16187 6297
1655 12233 14180 3102 8719 9222 3171 10917 10033 13348 16187 13348 16187 16187 16187 16187
4776 11434 3177 4776 8063 8710 9961 16187 16187 16187 16187 16187 16187 16187 16187 16187
3842 3171 16187 16187 4931 4776 63 10355 9424 14237 3847 11553 12233 8712 16187 6297
1655 12233 14180 3102 8719 9222 3171 10917 10033 13348 16187 13348 16187 16187 16187 16187
5329 8569 16187 16187 16187 16187 16187 16187 16187 16187 16187 16187 16187 16187 16187 16187
3842 3171 16187 16187 4931 4776 6006 16187 16187 11646 14237 6259 15819 16187 16187 16187
1655 12233 14180 3102 8719 9222 3171 10917 10033 13348 16187 13348 16187 16187 16187 16187
5329 3746 9706 14272 7926 5867 12766 10324 8268 12008 6070 14218 16187 16187 16187 16187
3842 3171 16187 16187 4931 4776 6006 16187 16187 11646 14237 6259 15819 16187 16187 16187
1655 12233 14180 3102 8719 9222 3171 10917 10033 13348 16187 13348 16187 16187 16187 16187
1312 3733 16187 16187 16187 16187 16187 16187 16187 16187 16187 16187 16187 16187 16187 16187
3842 3171 16187 16187 4931 4776 63 10355 9424 14237 3847 11553 12233 8712 16187 6297
1655 12233 14180 3102 8719 9222 3171 10917 10033 13348 16187 13348 16187 16187 16187 16187
6826 3177 4776 7310 284 14776 926 14237 4624 9605 12233 2552 4776 2176 1531 16187
3842 3171 16187 16187 4931 4776 63 10355 9424 14237 3847 11553 12233 8712 16187 6297
1655 12233 14180 3102 8719 9222 3171 10917 10033 13348 16187 13348 16187 16187 16187 16187
12008 4776 10033 3847 11553 6259 15335 854 5804 4440 16187 16187 16187 16187 16187 16187
3842 3171 16187 16187 4931 4776 63 10355 9424 14237 3847 11553 12233 8712 16187 6297
1655 12233 14180 3102 8719 9222 3171 10917 10033 13348 16187 13348 16187 16187 16187 16187
11191 2552 8712 1955 11041 13208 14237 2767 16187 16187 16187 16187 16187 16187 16187 16187
3842 3171 16187 16187 4931 4776 6006 16187 16187 11646 14237 6259 15819 16187 16187 16187
1655 12233 14180 3102 8719 9222 3171 10917 10033 13348 16187 13348 16187 16187 16187 16187
1955 14221 1955 1750 6259 3211 8268 7740 8093 12571 15202 6550 4776 2563 16187 16187
3842 3171 16187 16187 4931 4776 6006 16187 16187 11646 14237 6259 15819 16187 16187 16187
1655 12233 14180 3102 8719 9222 3171 10917 10033 13348 16187 13348 16187 16187 16187 16187
926 926 4656 926 926 4656 926 16187 16187 16187 16187 16187 16187 16187 16187 16187
3842 3171 16187 16187 4931 4776 6006 16187 16187 11646 14237 6259 15819 16187 16187 16187
1655 12233 14180 3102 8719 9222 3171 10917 10033 13348 16187 13348 16187 16187 16187 16187
13997 11916 786 16187 16187 16187 16187 16187 16187 16187 16187 16187 16187 16187 16187 16187
3842 3171 16187 16187 4931 4776 63 10355 9424 14237 3847 11553 12233 8712 16187 6297
1655 12233 14180 3102 8719 9222 3171 10917 10033 13348 16187 13348 16187 16187 16187 16187
14069 8710 2446 6208 8376 10193 132 12233 11870 12233 4776 550 16187 16187 16187 16187
3842 3171 16187 16187 4931 4776 63 10355 9424 14237 3847 11553 12233 8712 16187 6297
1655 12233 14180 3102 8719 9222 3171 10917 10033 13348 16187 13348 16187 16187 16187 16187
3171 6695 13422 779 6259 3502 14599 512 1597 8185 7740 9884 8466 16187 16187 16187
3842 3171 16187 16187 4931 4776 63 10355 9424 14237 3847 11553 12233 8712 16187 6297
1655 12233 14180 3102 8719 9222 3171 10917 10033 13348 16187 13348 16187 16187 16187 16187
6011 2552 8712 9015 12008 13089 6011 9605 14069 8268 8712 5867 14350 16187 16187 16187
3842 3171 16187 16187 4931 4776 63 10355 9424 14237 3847 11553 12233 8712 16187 6297
1655 12233 14180 3102 8719 9222 3171 10917 10033 13348 16187 8719 4776 2563 16187 16187
8712 8710 1954 817 8982 10372 12576 16187 16187 16187 16187 16187 16187 16187 16187 16187
3842 3171 16187 16187 4931 4776 6006 16187 16187 11646 14237 6259 15819 16187 16187 16187
1655 12233 14180 3102 8719 9222 3171 10917 10033 13348 16187 8719 4776 2563 16187 16187
8712 3007 1229 14221 10967 4994 3994 16187 16187 16187 16187 16187 16187 16187 16187 16187
3842 3171 16187 16187 4931 4776 63 10355 9424 14237 3847 11553 12233 8712 16187 6297
1655 12233 14180 3102 8719 9222 3171 10917 10033 13348 16187 8719 4776 2563 16187 16187
926 5867 12945 8710 13178 16187 16187 16187 16187 16187 16187 16187 16187 16187 16187 16187
3842 3171 16187 16187 4931 4776 6006 16187 16187 11646 14237 6259 15819 16187 16187 16187
1655 12233 14180 3102 8719 9222 3171 10917 10033 13348 16187 8719 4776 2563 16187 16187
926 8710 6259 716 15819 10033 3962 12233 1597 11191 7518 14029 14467 14634 15768 16187
3842 3171 16187 16187 4931 4776 6006 16187 16187 11646 14237 6259 15819 16187 16187 16187
1655 12233 14180 3102 8719 9222 3171 10917 10033 13348 16187 13348 16187 16187 16187 16187
4776 9452 5021 3735 5713 14071 12835 14776 15843 13592 5202 6011 16138 8084 7185 16187
3842 3171 16187 16187 4931 4776 6006 16187 16187 11646 14237 6259 15819 16187 16187 16187
1655 12233 14180 3102 8719 9222 3171 10917 10033 13348 16187 8719 4776 2563 16187 16187
6826 2176 8268 3698 3078 16187 16187 16187 16187 16187 16187 16187 16187 16187 16187 16187
3842 3171 16187 16187 4931 4776 63 10355 9424 14237 3847 11553 12233 8712 16187 6297
1655 12233 14180 3102 8719 9222 3171 10917 10033 13348 16187 8719 4776 2563 16187 16187
7954 3436 2446 3847 7742 91 16187 16187 16187 16187 16187 16187 16187 16187 16187 16187
3842 3171 16187 16187 4931 4776 63 10355 9424 14237 3847 11553 12233 8712 16187 6297
1655 12233 14180 3102 8719 9222 3171 10917 10033 13348 16187 8719 4776 2563 16187 16187
926 13348 16187 16187 16187 16187 16187 16187 16187 16187 16187 16187 16187 16187 16187 16187
3842 3171 16187 16187 4931 4776 6006 16187 16187 11646 14237 6259 15819 16187 16187 16187
1655 12233 14180 3102 8719 9222 3171 10917 10033 13348 16187 13348 16187 16187 16187 16187
3171 8710 1378 3177 9743 1133 5463 8093 15881 817 16187 16187 16187 16187 16187 16187
3842 3171 16187 16187 4931 4776 6006 16187 16187 11646 14237 6259 15819 16187 16187 16187
1655 12233 14180 3102 8719 9222 3171 10917 10033 13348 16187 13348 16187 16187 16187 16187
8069 6356 926 5867 8808 8710 5568 13532 1954 2943 1138 10887 5711 10810 16187 16187
3842 3171 16187 16187 4931 4776 63 10355 9424 14237 3847 11553 12233 8712 16187 6297
1655 12233 14180 3102 8719 9222 3171 10917 10033 13348 16187 8719 4776 2563 16187 16187
7740 11553 9754 12766 3171 4282 1919 6259 2563 8719 926 15096 16187 16187 16187 16187
3842 3171 16187 16187 4931 4776 63 10355 9424 14237 3847 11553 12233 8712 16187 6297
1655 12233 14180 3102 8719 9222 3171 10917 10033 13348 16187 8719 4776 2563 16187 16187
13084 3088 4638 14043 820 14237 13084 6212 926 16187 16187 16187 16187 16187 16187 16187
3842 3171 16187 16187 4931 4776 63 10355 9424 14237 3847 11553 12233 8712 16187 6297
1655 12233 14180 3102 8719 9222 3171 10917 10033 13348 16187 8719 4776 2563 16187 16187
6826 13181 14395 5463 6011 9884 2543 830 5430 2598 16187 16187 16187 16187 16187 16187
3842 3171 16187 16187 4931 4776 63 10355 9424 14237 3847 11553 12233 8712 16187 6297
1655 12233 14180 3102 8719 9222 3171 10917 10033 13348 16187 13348 16187 16187 16187 16187
8726 4776 2563 771 6259 5217 8268 8712 12232 11644 11953 12669 6259 1033 16187 16187
3842 3171 16187 16187 4931 4776 6006 16187 16187 11646 14237 6259 15819 16187 16187 16187
1655 12233 14180 3102 8719 9222 3171 10917 10033 13348 16187 13348 16187 16187 16187 16187
6070 13558 8268 7163 7032 1919 6259 9525 2784 10442 14237 12298 16187 16187 16187 16187
3842 3171 16187 16187 4931 4776 63 10355 9424 14237 3847 11553 12233 8712 16187 6297
1655 12233 14180 3102 8719 9222 3171 10917 10033 13348 16187 8719 4776 2563 16187 16187
7278 8913 12233 2588 5365 5867 564 6801 16187 16187 16187 16187 16187 16187 16187 16187
3842 3171 16187 16187 4931 4776 63 10355 9424 14237 3847 11553 12233 8712 16187 6297
1655 12233 14180 3102 8719 9222 3171 10917 10033 13348 16187 13348 16187 16187 16187 16187
1138 4776 9181 5711 8710 6259 10355 2563 11953 4776 5225 3177 926 7405 16187 16187
3842 3171 16187 16187 4931 4776 63 10355 9424 14237 3847 11553 12233 8712 16187 6297
1655 12233 14180 3102 8719 9222 3171 10917 10033 13348 16187 13348 16187 16187 16187 16187
4776 926 15928 926 8268 1138 12008 2977 926 8710 1954 13348 5711 16187 16187 16187
3842 3171 16187 16187 4931 4776 6006 16187 16187 11646 14237 6259 15819 16187 16187 16187
1655 12233 14180 3102 8719 9222 3171 10917 10033 13348 16187 8719 4776 2563 16187 16187
4776 9424 11953 8712 8268 12576 8115 4776 12835 14776 9754 14180 5463 12477 16187 16187
3842 3171 16187 16187 4931 4776 63 10355 9424 14237 3847 11553 12233 8712 16187 6297
1655 12233 14180 3102 8719 9222 3171 10917 10033 13348 16187 13348 16187 16187 16187 16187
13852 385 12233 8733 2903 15597 8456 13348 16187 16187 16187 16187 16187 16187 16187 16187
3842 3171 16187 16187 4931 4776 63 10355 9424 14237 3847 11553 12233 8712 16187 6297
1655 12233 14180 3102 8719 9222 3171 10917 10033 13348 16187 8719 4776 2563 16187 16187
12852 11698 8710 6259 926 14237 4776 926 8710 6259 8000 926 13348 16187 16187 16187
3842 3171 16187 16187 4931 4776 63 10355 9424 14237 3847 11553 12233 8712 16187 6297
1655 12233 14180 3102 8719 9222 3171 10917 10033 13348 16187 13348 16187 16187 16187 16187
2823 11072 8268 10298 15846 12596 16187 16187 16187 16187 16187 16187 16187 16187 16187 16187
3842 3171 16187 16187 4931 4776 6006 16187 16187 11646 14237 6259 15819 16187 16187 16187
1655 12233 14180 3102 8719 9222 3171 10917 10033 13348 16187 13348 16187 16187 16187 16187
5463 5867 15662 4325 9498 1229 3356 16187 16187 16187 16187 16187 16187 16187 16187 16187
3842 3171 16187 16187 4931 4776 63 10355 9424 14237 3847 11553 12233 8712 16187 6297
1655 12233 14180 3102 8719 9222 3171 10917 10033 13348 16187 8719 4776 2563 16187 16187
926 926 8268 15649 13931 13089 5907 1957 4776 820 16187 16187 16187 16187 16187 16187
3842 3171 16187 16187 4931 4776 6006 16187 16187 11646 14237 6259 15819 16187 16187 16187
1655 12233 14180 3102 8719 9222 3171 10917 10033 13348 16187 8719 4776 2563 16187 16187
5463 4931 4537 5329 13178 16187 16187 16187 16187 16187 16187 16187 16187 16187 16187 16187
3842 3171 16187 16187 4931 4776 63 10355 9424 14237 3847 11553 12233 8712 16187 6297
1655 12233 14180 3102 8719 9222 3171 10917 10033 13348 16187 13348 16187 16187 16187 16187
8796 8268 8712 8710 6259 7393 7742 10471 15781 16187 16187 16187 16187 16187 16187 16187
3842 3171 16187 16187 4931 4776 63 10355 9424 14237 3847 11553 12233 8712 16187 6297
1655 12233 14180 3102 8719 9222 3171 10917 10033 13348 16187 13348 16187 16187 16187 16187
7740 4409 8712 1919 10217 8506 15978 4776 5568 3098 9424 8710 2263 2221 16187 16187
3842 3171 16187 16187 4931 4776 63 10355 9424 14237 3847 11553 12233 8712 16187 6297
1655 12233 14180 3102 8719 9222 3171 10917 10033 13348 16187 8719 4776 2563 16187 16187
4776 10686 3177 14734 15180 14237 7904 8710 2326 15609 16187 16187 16187 16187 16187 16187
3842 3171 16187 16187 4931 4776 6006 16187 16187 11646 14237 6259 15819 16187 16187 16187
1655 12233 14180 3102 8719 9222 3171 10917 10033 13348 16187 13348 16187 16187 16187 16187
7740 3364 5329 8554 10953 4240 9316 5463 10501 16187 16187 16187 16187 16187 16187 16187
3842 3171 16187 16187 4931 4776 6006 16187 16187 11646 14237 6259 15819 16187 16187 16187
1655 12233 14180 3102 8719 9222 3171 10917 10033 13348 16187 8719 4776 2563 16187 16187
4776 3384 1543 4624 2552 4776 926 9290 15440 1778 14734 11537 5867 11180 16187 16187
3842 3171 16187 16187 4931 4776 63 10355 9424 14237 3847 11553 12233 8712 16187 6297
1655 12233 14180 3102 8719 9222 3171 10917 10033 13348 16187 13348 16187 16187 16187 16187
2148 7096 12576 4931 3171 4931 2681 5867 2588 926 8258 7926 9576 9013 16187 16187
3842 3171 16187 16187 4931 4776 63 10355 9424 14237 3847 11553 12233 8712 16187 6297
1655 12233 14180 3102 8719 9222 3171 10917 10033 13348 16187 13348 16187 16187 16187 16187
2446 11196 8268 1116 9955 8710 14561 8719 1957 4776 12298 16187 16187 16187 16187 16187
3842 3171 16187 16187 4931 4776 6006 16187 16187 11646 14237 6259 15819 16187 16187 16187
1655 12233 14180 3102 8719 9222 3171 10917 10033 13348 16187 8719 4776 2563 16187 16187
3171 3364 11553 12766 10355 8726 8712 4931 10217 2563 14237 5329 1378 16187 16187 16187
3842 3171 16187 16187 4931 4776 6006 16187 16187 11646 14237 6259 15819 16187 16187 16187
1655 12233 14180 3102 8719 9222 3171 10917 10033 13348 16187 8719 4776 2563 16187 16187
926 1138 15345 4311 16187 16187 16187 16187 16187 16187 16187 16187 16187 16187 16187 16187
3842 3171 16187 16187 4931 4776 63 10355 9424 14237 3847 11553 12233 8712 16187 6297
1655 12233 14180 3102 8719 9222 3171 10917 10033 13348 16187 8719 4776 2563 16187 16187
12008 703 14776 9754 1955 4325 8467 16187 16187 16187 16187 16187 16187 16187 16187 16187
3842 3171 16187 16187 4931 4776 63 10355 9424 14237 3847 11553 12233 8712 16187 6297
1655 12233 14180 3102 8719 9222 3171 10917 10033 13348 16187 13348 16187 16187 16187 16187
8712 7156 5463 10288 4931 9754 1955 9254 1955 8712 3007 8268 4240 14180 16187 16187
3842 3171 16187 16187 4931 4776 6006 16187 16187 11646 14237 6259 15819 16187 16187 16187
1655 12233 14180 3102 8719 9222 3171 10917 10033 13348 16187 13348 16187 16187 16187 16187
12233 1436 8712 8710 926 8710 1954 9937 16187 16187 16187 16187 16187 16187 16187 16187
3842 3171 16187 16187 4931 4776 6006 16187 16187 11646 14237 6259 15819 16187 16187 16187
1655 12233 14180 3102 8719 9222 3171 10917 10033 13348 16187 8719 4776 2563 16187 16187
6259 2062 13839 8710 13532 6259 1676 14237 8712 7076 15525 16187 16187 16187 16187 16187
3842 3171 16187 16187 4931 4776 6006 16187 16187 11646 14237 6259 15819 16187 16187 16187
1655 12233 14180 3102 8719 9222 3171 10917 10033 13348 16187 8719 4776 2563 16187 16187
12716 14069 5867 15389 12495 6503 14237 16007 12233 4776 13811 16187 16187 16187 16187 16187
3842 3171 16187 16187 4931 4776 63 10355 9424 14237 3847 11553 12233 8712 16187 6297
1655 12233 14180 3102 8719 9222 3171 10917 10033 13348 16187 8719 4776 2563 16187 16187
4776 12364 4931 5329 5937 12732 16187 16187 16187 16187 16187 16187 16187 16187 16187 16187
3842 3171 16187 16187 4931 4776 6006 16187 16187 11646 14237 6259 15819 16187 16187 16187
1655 12233 14180 3102 8719 9222 3171 10917 10033 13348 16187 13348 16187 16187 16187 16187
