7740 973 14364 8712 9084 9754 7127 13592 5863 16187 16187 16187 16187 16187 16187 16187
3842 3171 16187 16187 4931 4776 6006 16187 14237 8569 8712 8710 4776 1138 926 926
1655 12233 14180 3102 8719 9222 3171 10917 10033 13348 16187 13348 16187 8656 16187 7937
12127 13879 4325 7001 4069 12233 15499 1919 9780 680 3177 4776 12625 8145 16187 16187
3842 3171 16187 16187 4931 4776 6006 16187 14237 8569 8712 8710 4776 1138 926 926
1655 12233 14180 3102 8719 9222 3171 10917 10033 13348 16187 13348 16187 8656 16187 7937
8712 8710 1954 10915 15848 9549 14029 5937 7658 16187 16187 16187 16187 16187 16187 16187
3842 3171 16187 16187 4931 4776 6006 16187 14237 8569 8712 8710 4776 1138 926 926
1655 12233 14180 3102 8719 9222 3171 10917 10033 13348 16187 13348 16187 8656 16187 7937
3847 8712 7448 12233 2823 13436 2598 16187 16187 16187 16187 16187 16187 16187 16187 16187
3842 3171 16187 16187 4931 4776 6006 16187 14237 8569 8712 8710 4776 1138 926 926
1655 12233 14180 3102 8719 9222 3171 10917 10033 13348 16187 13348 16187 8656 16187 7937
14272 4624 2552 8710 5580 5695 14596 7032 8268 14237 8124 10418 2837 14180 2946 16187
3842 3171 16187 16187 4931 4776 6006 16187 14237 8569 8712 8710 4776 1138 926 926
1655 12233 14180 3102 8719 9222 3171 10917 10033 13348 16187 13348 16187 8656 16187 7937
4311 8712 4931 15142 4537 1138 4776 9810 5711 16187 16187 16187 16187 16187 16187 16187
3842 3171 16187 16187 4931 4776 6006 16187 14237 8569 8712 8710 4776 1138 926 926
1655 12233 14180 3102 8719 9222 3171 10917 10033 13348 16187 13348 16187 8656 16187 7937
926 3643 926 1955 926 926 7740 7627 16187 16187 16187 16187 16187 16187 16187 16187
3842 3171 16187 16187 4931 4776 6006 16187 14237 8569 8712 8710 4776 1138 926 926
1655 12233 14180 3102 8719 9222 3171 10917 10033 13348 16187 13348 16187 8656 16187 7937
4776 12582 8268 9793 8268 14734 13881 16187 16187 16187 16187 16187 16187 16187 16187 16187
3842 3171 16187 16187 4931 4776 6006 16187 14237 8569 8712 8710 4776 1138 926 926
1655 12233 14180 3102 8719 9222 3171 10917 10033 13348 16187 13348 16187 8656 16187 7937
5946 3177 4776 10033 2422 3177 14634 14237 12616 16187 16187 16187 16187 16187 16187 16187
3842 3171 16187 16187 4931 4776 6006 16187 14237 8569 8712 8710 4776 1138 926 926
1655 12233 14180 3102 8719 9222 3171 10917 10033 13348 16187 13348 16187 8656 16187 7937
6011 3644 9754 195 5937 5293 3748 1919 3171 1378 16187 16187 16187 16187 16187 16187
3842 3171 16187 16187 4931 4776 6006 16187 14237 8569 8712 8710 4776 1138 926 926
1655 12233 14180 3102 8719 9222 3171 10917 10033 13348 16187 13348 16187 8656 16187 7937
8712 8710 6259 4660 10033 8268 12008 8712 5867 6259 10355 1378 16187 16187 16187 16187
3842 3171 16187 16187 4931 4776 6006 16187 14237 8569 8712 8710 4776 1138 926 926
1655 12233 14180 3102 8719 9222 3171 10917 10033 13348 16187 13348 16187 8656 16187 7937
4776 3137 1033 4624 11031 14029 926 5867 12380 14237 5088 568 16187 16187 16187 16187
3842 3171 16187 16187 4931 4776 6006 16187 14237 8569 8712 8710 4776 1138 926 926
1655 12233 14180 3102 8719 9222 3171 10917 10033 13348 16187 13348 16187 8656 16187 7937
15658 2326 5682 11953 926 926 2598 16187 16187 16187 16187 16187 16187 16187 16187 16187
3842 3171 16187 16187 4931 4776 6006 16187 14237 8569 8712 8710 4776 1138 926 926
1655 12233 14180 3102 8719 9222 3171 10917 10033 13348 16187 13348 16187 8656 16187 7937
4322 8268 14325 4776 2563 7617 6259 11514 5463 4931 4537 16150 13745 16187 16187 16187
3842 3171 16187 16187 4931 4776 6006 16187 14237 8569 8712 8710 4776 1138 926 926
1655 12233 14180 3102 8719 9222 3171 10917 10033 13348 16187 13348 16187 8656 16187 7937
8712 9004 7336 15525 3177 14824 5372 8719 6259 8871 2563 5777 16187 16187 16187 16187
3842 3171 16187 16187 4931 4776 6006 16187 14237 8569 8712 8710 4776 1138 926 926
1655 12233 14180 3102 8719 9222 3171 10917 10033 13348 16187 13348 16187 8656 16187 7937
7740 3553 14489 4552 9754 8157 13839 14745 12233 1750 6259 9514 16187 16187 16187 16187
3842 3171 16187 16187 4931 4776 6006 16187 14237 8569 8712 8710 4776 1138 926 926
1655 12233 14180 3102 8719 9222 3171 10917 10033 13348 16187 13348 16187 8656 16187 7937
926 3082 8710 1098 16187 16187 16187 16187 16187 16187 16187 16187 16187 16187 16187 16187
3842 3171 16187 16187 4931 4776 6006 16187 14237 8569 8712 8710 4776 1138 926 926
1655 12233 14180 3102 8719 9222 3171 10917 10033 13348 16187 13348 16187 8656 16187 7937
4325 4552 9754 15956 15662 4325 4552 3171 8268 8712 8710 10716 8719 15597 584 16187
3842 3171 16187 16187 4931 4776 6006 16187 14237 8569 8712 8710 4776 1138 926 926
1655 12233 14180 3102 8719 9222 3171 10917 10033 13348 16187 13348 16187 8656 16187 7937
13084 16187 16187 16187 16187 16187 16187 16187 16187 16187 16187 16187 16187 16187 16187 16187
3842 3171 16187 16187 4931 4776 6006 16187 14237 8569 8712 8710 4776 1138 926 926
1655 12233 14180 3102 8719 9222 3171 10917 10033 13348 16187 13348 16187 8656 16187 7937
4325 15289 926 5867 1781 8311 14237 14734 4963 8311 16187 16187 16187 16187 16187 16187
3842 3171 16187 16187 4931 4776 6006 16187 14237 8569 8712 8710 4776 1138 926 926
1655 12233 14180 3102 8719 9222 3171 10917 10033 13348 16187 13348 16187 8656 16187 7937
5328 14956 7905 1383 10978 8268 5328 2053 8569 12723 7383 3994 9685 16187 16187 16187
3842 3171 16187 16187 4931 4776 6006 16187 14237 8569 8712 8710 4776 1138 926 926
1655 12233 14180 3102 8719 9222 3171 10917 10033 13348 16187 13348 16187 8656 16187 7937
3171 8710 6259 1787 5463 8710 7661 5820 14237 926 16187 16187 16187 16187 16187 16187
3842 3171 16187 16187 4931 4776 6006 16187 14237 8569 8712 8710 4776 1138 926 926
1655 12233 14180 3102 8719 9222 3171 10917 10033 13348 16187 13348 16187 8656 16187 7937
926 6259 926 1955 7926 14140 10324 4776 14617 451 16187 16187 16187 16187 16187 16187
3842 3171 16187 16187 4931 4776 6006 16187 14237 8569 8712 8710 4776 1138 926 926
1655 12233 14180 3102 8719 9222 3171 10917 10033 13348 16187 13348 16187 8656 16187 7937
7740 11530 12958 11953 3171 2563 14237 7740 2308 14691 12233 8217 11953 16187 16187 16187
3842 3171 16187 16187 4931 4776 6006 16187 14237 8569 8712 8710 4776 1138 926 926
1655 12233 14180 3102 8719 9222 3171 10917 10033 13348 16187 13348 16187 8656 16187 7937
7740 12232 1436 12233 14950 15658 8710 5807 3177 15715 3171 10033 16187 16187 16187 16187
3842 3171 16187 16187 4931 4776 6006 16187 14237 8569 8712 8710 4776 1138 926 926
1655 12233 14180 3102 8719 9222 3171 10917 10033 13348 16187 13348 16187 8656 16187 7937
926 926 14237 5095 926 14776 12256 8719 10355 5121 10638 16187 16187 16187 16187 16187
3842 3171 16187 16187 4931 4776 6006 16187 14237 8569 8712 8710 4776 1138 926 926
1655 12233 14180 3102 8719 9222 3171 10917 10033 13348 16187 13348 16187 8656 16187 7937
6173 926 15034 8913 779 4776 4064 926 954 16187 16187 16187 16187 16187 16187 16187
3842 3171 16187 16187 4931 4776 6006 16187 14237 8569 8712 8710 4776 1138 926 926
1655 12233 14180 3102 8719 9222 3171 10917 10033 13348 16187 13348 16187 8656 16187 7937
1229 1597 4835 919 14237 13084 12457 926 14029 4776 1525 13348 16187 16187 16187 16187
3842 3171 16187 16187 4931 4776 6006 16187 14237 8569 8712 8710 4776 1138 926 926
1655 12233 14180 3102 8719 9222 3171 10917 10033 13348 16187 13348 16187 8656 16187 7937
14031 8268 14237 7661 13422 2903 14237 10299 3418 16187 16187 16187 16187 16187 16187 16187
3842 3171 16187 16187 4931 4776 6006 16187 14237 8569 8712 8710 4776 1138 926 926
1655 12233 14180 3102 8719 9222 3171 10917 10033 13348 16187 13348 16187 8656 16187 7937
7740 3175 7740 15956 15662 12008 7740 4552 9754 188 12233 15784 5463 830 6011 16187
3842 3171 16187 16187 4931 4776 6006 16187 14237 8569 8712 8710 4776 1138 926 926
1655 12233 14180 3102 8719 9222 3171 10917 10033 13348 16187 13348 16187 8656 16187 7937
8069 1793 8268 4776 10033 3847 9754 2326 12727 14029 4776 9404 14281 16187 16187 16187
3842 3171 16187 16187 4931 4776 6006 16187 14237 8569 8712 8710 4776 1138 926 926
1655 12233 14180 3102 8719 9222 3171 10917 10033 13348 16187 13348 16187 8656 16187 7937
6011 11553 12233 12650 3171 1378 12233 12650 4776 8261 926 16187 16187 16187 16187 16187
3842 3171 16187 16187 4931 4776 6006 16187 14237 8569 8712 8710 4776 1138 926 926
1655 12233 14180 3102 8719 9222 3171 10917 10033 13348 16187 13348 16187 8656 16187 7937
14069 5867 4537 1378 9424 7740 188 12233 15956 2598 16187 16187 16187 16187 16187 16187
3842 3171 16187 16187 4931 4776 6006 16187 14237 8569 8712 8710 4776 1138 926 926
1655 12233 14180 3102 8719 9222 3171 10917 10033 13348 16187 13348 16187 8656 16187 7937
12232 6011 12729 6259 9385 1955 10260 1955 926 3847 2598 16187 16187 16187 16187 16187
3842 3171 16187 16187 4931 4776 6006 16187 14237 8569 8712 8710 4776 1138 926 926
1655 12233 14180 3102 8719 9222 3171 10917 10033 13348 16187 13348 16187 8656 16187 7937
14030 8268 12958 10247 8719 3171 2563 16187 16187 16187 16187 16187 16187 16187 16187 16187
3842 3171 16187 16187 4931 4776 6006 16187 14237 8569 8712 8710 4776 1138 926 926
1655 12233 14180 3102 8719 9222 3171 10917 10033 13348 16187 13348 16187 8656 16187 7937
3478 13431 8268 15658 9360 15658 8268 3634 16187 16187 16187 16187 16187 16187 16187 16187
3842 3171 16187 16187 4931 4776 6006 16187 14237 8569 8712 8710 4776 1138 926 926
1655 12233 14180 3102 8719 9222 3171 10917 10033 13348 16187 13348 16187 8656 16187 7937
14237 3643 8710 6535 8569 8719 14734 954 16187 16187 16187 16187 16187 16187 16187 16187
3842 3171 16187 16187 4931 4776 6006 16187 14237 8569 8712 8710 4776 1138 926 926
1655 12233 14180 3102 8719 9222 3171 10917 10033 13348 16187 13348 16187 8656 16187 7937
7740 7902 6259 5948 3177 5414 991 91 15658 5462 1110 3171 14251 16187 16187 16187
3842 3171 16187 16187 4931 4776 6006 16187 14237 8569 8712 8710 4776 1138 926 926
1655 12233 14180 3102 8719 9222 3171 10917 10033 13348 16187 13348 16187 8656 16187 7937
1229 630 3177 14272 16105 4776 1866 8808 3098 779 12766 15842 16187 16187 16187 16187
3842 3171 16187 16187 4931 4776 6006 16187 14237 8569 8712 8710 4776 1138 926 926
1655 12233 14180 3102 8719 9222 3171 10917 10033 13348 16187 13348 16187 8656 16187 7937
7416 926 14272 5208 7740 1436 2598 16187 16187 16187 16187 16187 16187 16187 16187 16187
3842 3171 16187 16187 4931 4776 6006 16187 14237 8569 8712 8710 4776 1138 926 926
1655 12233 14180 3102 8719 9222 3171 10917 10033 13348 16187 13348 16187 8656 16187 7937
926 926 5329 5568 2608 8569 12008 14734 4931 7336 13473 16187 16187 16187 16187 16187
3842 3171 16187 16187 4931 4776 6006 16187 14237 8569 8712 8710 4776 1138 926 926
1655 12233 14180 3102 8719 9222 3171 10917 10033 13348 16187 13348 16187 8656 16187 7937
7508 8268 926 1449 8268 7740 1442 8712 13280 16187 16187 16187 16187 16187 16187 16187
3842 3171 16187 16187 4931 4776 6006 16187 14237 8569 8712 8710 4776 1138 926 926
1655 12233 14180 3102 8719 9222 3171 10917 10033 13348 16187 13348 16187 8656 16187 7937
4311 13474 8625 4776 2588 3177 4776 926 8268 14237 7740 11530 1229 7740 15684 16187
3842 3171 16187 16187 4931 4776 6006 16187 14237 8569 8712 8710 4776 1138 926 926
1655 12233 14180 3102 8719 9222 3171 10917 10033 13348 16187 13348 16187 8656 16187 7937
12008 7542 8268 1954 6403 9590 3177 6259 10033 16187 16187 16187 16187 16187 16187 16187
3842 3171 16187 16187 4931 4776 6006 16187 14237 8569 8712 8710 4776 1138 926 926
1655 12233 14180 3102 8719 9222 3171 10917 10033 13348 16187 13348 16187 8656 16187 7937
8712 5867 2148 13929 16187 16187 16187 16187 16187 16187 16187 16187 16187 16187 16187 16187
3842 3171 16187 16187 4931 4776 6006 16187 14237 8569 8712 8710 4776 1138 926 926
1655 12233 14180 3102 8719 9222 3171 10917 10033 13348 16187 13348 16187 8656 16187 7937
504 5341 6872 779 6259 2067 8268 12008 7463 954 16187 16187 16187 16187 16187 16187
3842 3171 16187 16187 4931 4776 6006 16187 14237 8569 8712 8710 4776 1138 926 926
1655 12233 14180 3102 8719 9222 3171 10917 10033 13348 16187 13348 16187 8656 16187 7937
1948 4440 2446 11961 5981 14237 11535 8719 6259 3502 14237 926 4927 16187 16187 16187
3842 3171 16187 16187 4931 4776 6006 16187 14237 8569 8712 8710 4776 1138 926 926
1655 12233 14180 3102 8719 9222 3171 10917 10033 13348 16187 13348 16187 8656 16187 7937
3171 145 2903 4404 10709 16187 16187 16187 16187 16187 16187 16187 16187 16187 16187 16187
3842 3171 16187 16187 4931 4776 6006 16187 14237 8569 8712 8710 4776 1138 926 926
1655 12233 14180 3102 8719 9222 3171 10917 10033 13348 16187 13348 16187 8656 16187 7937
2016 3364 11553 8093 1233 6259 2740 11889 5463 16187 16187 16187 16187 16187 16187 16187
3842 3171 16187 16187 4931 4776 6006 16187 14237 8569 8712 8710 4776 1138 926 926
1655 12233 14180 3102 8719 9222 3171 10917 10033 13348 16187 13348 16187 8656 16187 7937
4421 9660 6259 5480 2494 3177 6826 1243 7661 14762 11022 16187 16187 16187 16187 16187
3842 3171 16187 16187 4931 4776 6006 16187 14237 8569 8712 8710 4776 1138 926 926
1655 12233 14180 3102 8719 9222 3171 10917 10033 13348 16187 13348 16187 8656 16187 7937
4404 9840 3177 926 15649 926 16146 13607 5388 8710 4776 7377 3177 4776 3052 16187
3842 3171 16187 16187 4931 4776 6006 16187 14237 8569 8712 8710 4776 1138 926 926
1655 12233 14180 3102 8719 9222 3171 10917 10033 13348 16187 13348 16187 8656 16187 7937
14397 4776 1462 4927 1462 16187 16187 16187 16187 16187 16187 16187 16187 16187 16187 16187
3842 3171 16187 16187 4931 4776 6006 16187 14237 8569 8712 8710 4776 1138 926 926
1655 12233 14180 3102 8719 9222 3171 10917 10033 13348 16187 13348 16187 8656 16187 7937
7740 12020 7740 3364 14263 8712 926 9484 16187 16187 16187 16187 16187 16187 16187 16187
3842 3171 16187 16187 4931 4776 6006 16187 14237 8569 8712 8710 4776 1138 926 926
1655 12233 14180 3102 8719 9222 3171 10917 10033 13348 16187 13348 16187 8656 16187 7937
2383 14272 2598 16187 16187 16187 16187 16187 16187 16187 16187 16187 16187 16187 16187 16187
3842 3171 16187 16187 4931 4776 6006 16187 14237 8569 8712 8710 4776 1138 926 926
1655 12233 14180 3102 8719 9222 3171 10917 10033 13348 16187 13348 16187 8656 16187 7937
8554 16187 16187 16187 16187 16187 16187 16187 16187 16187 16187 16187 16187 16187 16187 16187
3842 3171 16187 16187 4931 4776 6006 16187 14237 8569 8712 8710 4776 1138 926 926
1655 12233 14180 3102 8719 9222 3171 10917 10033 13348 16187 13348 16187 8656 16187 7937
9410 8710 15119 1922 2837 582 8268 926 8268 856 8268 14125 14237 9764 926 16187
3842 3171 16187 16187 4931 4776 6006 16187 14237 8569 8712 8710 4776 1138 926 926
1655 12233 14180 3102 8719 9222 3171 10917 10033 13348 16187 13348 16187 8656 16187 7937
13084 4927 12233 12311 3171 1378 2903 8268 816 2598 2598 16187 16187 16187 16187 16187
3842 3171 16187 16187 4931 4776 6006 16187 14237 8569 8712 8710 4776 1138 926 926
1655 12233 14180 3102 8719 9222 3171 10917 10033 13348 16187 13348 16187 8656 16187 7937
1833 8015 8710 2446 7393 13839 1955 4776 926 10785 16187 16187 16187 16187 16187 16187
3842 3171 16187 16187 4931 4776 6006 16187 14237 8569 8712 8710 4776 1138 926 926
1655 12233 14180 3102 8719 9222 3171 10917 10033 13348 16187 13348 16187 8656 16187 7937
3171 8710 5329 6259 10509 926 2563 8268 14221 10967 8712 16187 16187 16187 16187 16187
3842 3171 16187 16187 4931 4776 6006 16187 14237 8569 8712 8710 4776 1138 926 926
1655 12233 14180 3102 8719 9222 3171 10917 10033 13348 16187 13348 16187 8656 16187 7937
7740 4531 4776 2563 6259 5948 16187 16187 16187 16187 16187 16187 16187 16187 16187 16187
3842 3171 16187 16187 4931 4776 6006 16187 14237 8569 8712 8710 4776 1138 926 926
1655 12233 14180 3102 8719 9222 3171 10917 10033 13348 16187 13348 16187 8656 16187 7937
926 5867 9059 1019 7729 14237 2689 15167 926 6173 926 926 3177 926 16187 16187
3842 3171 16187 16187 4931 4776 6006 16187 14237 8569 8712 8710 4776 1138 926 926
1655 12233 14180 3102 8719 9222 3171 10917 10033 13348 16187 13348 16187 8656 16187 7937
5217 15902 13348 16187 16187 16187 16187 16187 16187 16187 16187 16187 16187 16187 16187 16187
3842 3171 16187 16187 4931 4776 6006 16187 14237 8569 8712 8710 4776 1138 926 926
1655 12233 14180 3102 8719 9222 3171 10917 10033 13348 16187 13348 16187 8656 16187 7937
9813 9780 10372 16187 16187 16187 16187 16187 16187 16187 16187 16187 16187 16187 16187 16187
3842 3171 16187 16187 4931 4776 6006 16187 14237 8569 8712 8710 4776 1138 926 926
1655 12233 14180 3102 8719 9222 3171 10917 10033 13348 16187 13348 16187 8656 16187 7937
4325 7347 14672 8858 15358 14237 10496 3237 4776 9349 8710 926 1919 14745 13348 16187
3842 3171 16187 16187 4931 4776 6006 16187 14237 8569 8712 8710 4776 1138 926 926
1655 12233 14180 3102 8719 9222 3171 10917 10033 13348 16187 13348 16187 8656 16187 7937
10716 8213 16187 16187 16187 16187 16187 16187 16187 16187 16187 16187 16187 16187 16187 16187
3842 3171 16187 16187 4931 4776 6006 16187 14237 8569 8712 8710 4776 1138 926 926
1655 12233 14180 3102 8719 9222 3171 10917 10033 13348 16187 13348 16187 8656 16187 7937
926 14163 4776 2053 9594 14274 3994 3177 926 8268 1138 6259 926 14274 5711 16187
3842 3171 16187 16187 4931 4776 6006 16187 14237 8569 8712 8710 4776 1138 926 926
1655 12233 14180 3102 8719 9222 3171 10917 10033 13348 16187 13348 16187 8656 16187 7937
3171 2563 779 12233 2823 8466 12233 2823 1170 13348 16187 16187 16187 16187 16187 16187
3842 3171 16187 16187 4931 4776 6006 16187 14237 8569 8712 8710 4776 1138 926 926
1655 12233 14180 3102 8719 9222 3171 10917 10033 13348 16187 13348 16187 8656 16187 7937
12008 4776 6499 8268 8719 10025 8268 3007 6070 5820 16187 16187 16187 16187 16187 16187
3842 3171 16187 16187 4931 4776 6006 16187 14237 8569 8712 8710 4776 1138 926 926
1655 12233 14180 3102 8719 9222 3171 10917 10033 13348 16187 13348 16187 8656 16187 7937
4776 10418 10283 3177 4776 4369 8710 11643 13348 16187 16187 16187 16187 16187 16187 16187
3842 3171 16187 16187 4931 4776 6006 16187 14237 8569 8712 8710 4776 1138 926 926
1655 12233 14180 3102 8719 9222 3171 10917 10033 13348 16187 13348 16187 8656 16187 7937
9367 7148 7076 1885 5602 8268 15658 15846 2823 5358 1885 10887 5642 2563 16187 16187
3842 3171 16187 16187 4931 4776 6006 16187 14237 8569 8712 8710 4776 1138 926 926
1655 12233 14180 3102 8719 9222 3171 10917 10033 13348 16187 13348 16187 8656 16187 7937
203 3364 13797 926 6259 8974 5463 4927 2598 16187 16187 16187 16187 16187 16187 16187
3842 3171 16187 16187 4931 4776 6006 16187 14237 8569 8712 8710 4776 1138 926 926
1655 12233 14180 3102 8719 9222 3171 10917 10033 13348 16187 13348 16187 8656 16187 7937
4776 4440 11078 4776 12945 3177 4776 926 5867 14776 7742 5606 14237 13436 16187 16187
3842 3171 16187 16187 4931 4776 6006 16187 14237 8569 8712 8710 4776 1138 926 926
1655 12233 14180 3102 8719 9222 3171 10917 10033 13348 16187 13348 16187 8656 16187 7937
8719 3511 8268 4325 3364 11553 16105 4776 2002 308 4537 11953 3171 16187 16187 16187
3842 3171 16187 16187 4931 4776 6006 16187 14237 8569 8712 8710 4776 1138 926 926
1655 12233 14180 3102 8719 9222 3171 10917 10033 13348 16187 13348 16187 8656 16187 7937
14272 6259 3667 3177 3098 11198 13348 13348 16187 16187 16187 16187 16187 16187 16187 16187
3842 3171 16187 16187 4931 4776 6006 16187 14237 8569 8712 8710 4776 1138 926 926
1655 12233 14180 3102 8719 9222 3171 10917 10033 13348 16187 13348 16187 8656 16187 7937
4776 3566 9290 4707 5627 16187 16187 16187 16187 16187 16187 16187 16187 16187 16187 16187
3842 3171 16187 16187 4931 4776 6006 16187 14237 8569 8712 8710 4776 1138 926 926
1655 12233 14180 3102 8719 9222 3171 10917 10033 13348 16187 13348 16187 8656 16187 7937
1138 926 1390 5711 771 14703 1507 14937 8268 5314 9461 8846 16187 16187 16187 16187
3842 3171 16187 16187 4931 4776 6006 16187 14237 8569 8712 8710 4776 1138 926 926
1655 12233 14180 3102 8719 9222 3171 10917 10033 13348 16187 13348 16187 8656 16187 7937
4776 13849 14163 5463 6989 7401 11889 14745 2598 16187 16187 16187 16187 16187 16187 16187
3842 3171 16187 16187 4931 4776 6006 16187 14237 8569 8712 8710 4776 1138 926 926
1655 12233 14180 3102 8719 9222 3171 10917 10033 13348 16187 13348 16187 8656 16187 7937
4142 447 16187 16187 16187 16187 16187 16187 16187 16187 16187 16187 16187 16187 16187 16187
3842 3171 16187 16187 4931 4776 6006 16187 14237 8569 8712 8710 4776 1138 926 926
1655 12233 14180 3102 8719 9222 3171 10917 10033 13348 16187 13348 16187 8656 16187 7937
7926 15881 3102 1919 4776 926 474 15978 7926 6546 4446 830 2984 926 1885 16187
3842 3171 16187 16187 4931 4776 6006 16187 14237 8569 8712 8710 4776 1138 926 926
1655 12233 14180 3102 8719 9222 3171 10917 10033 13348 16187 13348 16187 8656 16187 7937
15658 14352 16108 8712 4931 10355 14043 5329 2598 16187 16187 16187 16187 16187 16187 16187
3842 3171 16187 16187 4931 4776 6006 16187 14237 8569 8712 8710 4776 1138 926 926
1655 12233 14180 3102 8719 9222 3171 10917 10033 13348 16187 13348 16187 8656 16187 7937
3171 2563 13404 6826 10024 3302 4776 7687 9346 3177 4537 9389 16187 16187 16187 16187
3842 3171 16187 16187 4931 4776 6006 16187 14237 8569 8712 8710 4776 1138 926 926
1655 12233 14180 3102 8719 9222 3171 10917 10033 13348 16187 13348 16187 8656 16187 7937
4370 5498 15846 13938 6011 4609 1919 14734 10418 14237 4679 16187 16187 16187 16187 16187
3842 3171 16187 16187 4931 4776 6006 16187 14237 8569 8712 8710 4776 1138 926 926
1655 12233 14180 3102 8719 9222 3171 10917 10033 13348 16187 13348 16187 8656 16187 7937
4776 11179 4931 14411 8268 14691 2326 926 9070 4609 16187 16187 16187 16187 16187 16187
3842 3171 16187 16187 4931 4776 6006 16187 14237 8569 8712 8710 4776 1138 926 926
1655 12233 14180 3102 8719 9222 3171 10917 10033 13348 16187 13348 16187 8656 16187 7937
13852 779 12233 1923 14745 3748 4776 5095 16187 16187 16187 16187 16187 16187 16187 16187
3842 3171 16187 16187 4931 4776 6006 16187 14237 8569 8712 8710 4776 1138 926 926
1655 12233 14180 3102 8719 9222 3171 10917 10033 13348 16187 13348 16187 8656 16187 7937
4776 14596 3177 7982 8268 6259 6013 8268 6177 8268 6303 16187 16187 16187 16187 16187
3842 3171 16187 16187 4931 4776 6006 16187 14237 8569 8712 8710 4776 1138 926 926
1655 12233 14180 3102 8719 9222 3171 10917 10033 13348 16187 13348 16187 8656 16187 7937
4776 5568 5820 6181 3171 2563 145 8710 5463 2681 68 779 6259 13186 16187 16187
3842 3171 16187 16187 4931 4776 6006 16187 14237 8569 8712 8710 4776 1138 926 926
1655 12233 14180 3102 8719 9222 3171 10917 10033 13348 16187 13348 16187 8656 16187 7937
2789 4931 16167 3356 12576 16187 16187 16187 16187 16187 16187 16187 16187 16187 16187 16187
3842 3171 16187 16187 4931 4776 6006 16187 14237 8569 8712 8710 4776 1138 926 926
1655 12233 14180 3102 8719 9222 3171 10917 10033 13348 16187 13348 16187 8656 16187 7937
1597 8268 1597 820 1436 5463 926 1390 8710 4776 7705 8569 2563 8084 16187 16187
3842 3171 16187 16187 4931 4776 6006 16187 14237 8569 8712 8710 4776 1138 926 926
1655 12233 14180 3102 8719 9222 3171 10917 10033 13348 16187 13348 16187 8656 16187 7937
3171 4931 9754 6826 926 926 1543 14069 8710 1954 4269 12233 4776 12287 16187 16187
3842 3171 16187 16187 4931 4776 6006 16187 14237 8569 8712 8710 4776 1138 926 926
1655 12233 14180 3102 8719 9222 3171 10917 10033 13348 16187 13348 16187 8656 16187 7937
1954 6680 14999 7154 8268 5463 5867 7962 12233 6683 1957 16187 16187 16187 16187 16187
3842 3171 16187 16187 4931 4776 6006 16187 14237 8569 8712 8710 4776 1138 926 926
1655 12233 14180 3102 8719 9222 3171 10917 10033 13348 16187 13348 16187 8656 16187 7937
12008 8857 3171 7708 9290 4931 7456 12233 8033 7661 12276 4189 14237 926 16187 16187
3842 3171 16187 16187 4931 4776 6006 16187 14237 8569 8712 8710 4776 1138 926 926
1655 12233 14180 3102 8719 9222 3171 10917 10033 13348 16187 13348 16187 8656 16187 7937
7740 4537 1442 3171 2563 13280 8712 4537 5374 10808 91 8719 926 16187 16187 16187
3842 3171 16187 16187 4931 4776 6006 16187 14237 8569 8712 8710 4776 1138 926 926
1655 12233 14180 3102 8719 9222 3171 10917 10033 13348 16187 13348 16187 8656 16187 7937
7740 8197 3171 10033 1954 1138 6259 5711 14237 6259 9484 15525 3177 9484 16187 16187
3842 3171 16187 16187 4931 4776 6006 16187 14237 8569 8712 8710 4776 1138 926 926
1655 12233 14180 3102 8719 9222 3171 10917 10033 13348 16187 13348 16187 8656 16187 7937
926 8268 14272 13411 12233 4776 15433 14237 2689 3575 2598 16187 16187 16187 16187 16187
3842 3171 16187 16187 4931 4776 6006 16187 14237 8569 8712 8710 4776 1138 926 926
1655 12233 14180 3102 8719 9222 3171 10917 10033 13348 16187 13348 16187 8656 16187 7937
14237 8268 8719 6259 4927 8268 3171 3886 8710 11953 1133 16187 16187 16187 16187 16187
3842 3171 16187 16187 4931 4776 6006 16187 14237 8569 8712 8710 4776 1138 926 926
1655 12233 14180 3102 8719 9222 3171 10917 10033 13348 16187 13348 16187 8656 16187 7937
8712 5867 10285 8268 11789 14380 16187 16187 16187 16187 16187 16187 16187 16187 16187 16187
3842 3171 16187 16187 4931 4776 6006 16187 14237 8569 8712 8710 4776 1138 926 926
1655 12233 14180 3102 8719 9222 3171 10917 10033 13348 16187 13348 16187 8656 16187 7937
11652 13923 926 5867 13726 1919 9422 14237 14734 11198 12233 926 6689 12915 9766 16187
3842 3171 16187 16187 4931 4776 6006 16187 14237 8569 8712 8710 4776 1138 926 926
1655 12233 14180 3102 8719 9222 3171 10917 10033 13348 16187 13348 16187 8656 16187 7937
14691 8710 13074 14237 12127 8808 8710 1229 1378 2614 8712 5641 16187 16187 16187 16187
3842 3171 16187 16187 4931 4776 6006 16187 14237 8569 8712 8710 4776 1138 926 926
1655 12233 14180 3102 8719 9222 3171 10917 10033 13348 16187 13348 16187 8656 16187 7937
14237 4624 14180 15956 5463 5414 1949 7800 8733 6259 2563 3239 16187 16187 16187 16187
3842 3171 16187 16187 4931 4776 6006 16187 14237 8569 8712 8710 4776 1138 926 926
1655 12233 14180 3102 8719 9222 3171 10917 10033 13348 16187 13348 16187 8656 16187 7937
12008 3177 1245 8268 3171 8710 926 8268 1229 6011 15956 8712 3609 12307 16187 16187
3842 3171 16187 16187 4931 4776 6006 16187 14237 8569 8712 8710 4776 1138 926 926
1655 12233 14180 3102 8719 9222 3171 10917 10033 13348 16187 13348 16187 8656 16187 7937
3171 10033 8710 6259 1903 12444 3177 6071 16187 16187 16187 16187 16187 16187 16187 16187
3842 3171 16187 16187 4931 4776 6006 16187 14237 8569 8712 8710 4776 1138 926 926
1655 12233 14180 3102 8719 9222 3171 10917 10033 13348 16187 13348 16187 8656 16187 7937
4776 2777 14237 2803 12899 14029 7938 14776 14760 4296 15408 3177 2689 8312 926 16187
3842 3171 16187 16187 4931 4776 6006 16187 14237 8569 8712 8710 4776 1138 926 926
1655 12233 14180 3102 8719 9222 3171 10917 10033 13348 16187 13348 16187 8656 16187 7937
5568 14029 4776 7687 16187 16187 16187 16187 16187 16187 16187 16187 16187 16187 16187 16187
3842 3171 16187 16187 4931 4776 6006 16187 14237 8569 8712 8710 4776 1138 926 926
1655 12233 14180 3102 8719 9222 3171 10917 10033 13348 16187 13348 16187 8656 16187 7937
7926 5086 12233 6259 6585 5459 8268 26 15004 1019 926 4747 6173 830 6276 16187
3842 3171 16187 16187 4931 4776 6006 16187 14237 8569 8712 8710 4776 1138 926 926
1655 12233 14180 3102 8719 9222 3171 10917 10033 13348 16187 13348 16187 8656 16187 7937
8712 5867 6259 10770 983 16187 16187 16187 16187 16187 16187 16187 16187 16187 16187 16187
3842 3171 16187 16187 4931 4776 6006 16187 14237 8569 8712 8710 4776 1138 926 926
1655 12233 14180 3102 8719 9222 3171 10917 10033 13348 16187 13348 16187 8656 16187 7937
14237 4776 6544 2598 16187 16187 16187 16187 16187 16187 16187 16187 16187 16187 16187 16187
3842 3171 16187 16187 4931 4776 6006 16187 14237 8569 8712 8710 4776 1138 926 926
1655 12233 14180 3102 8719 9222 3171 10917 10033 13348 16187 13348 16187 8656 16187 7937
7740 3644 9754 10503 5463 820 7723 5463 983 12260 9577 4776 5820 3177 2563 16187
3842 3171 16187 16187 4931 4776 6006 16187 14237 8569 8712 8710 4776 1138 926 926
1655 12233 14180 3102 8719 9222 3171 10917 10033 13348 16187 13348 16187 8656 16187 7937
14043 10324 9743 8360 6011 15846 1866 14237 9605 6585 14043 15389 16187 16187 16187 16187
3842 3171 16187 16187 4931 4776 6006 16187 14237 8569 8712 8710 4776 1138 926 926
1655 12233 14180 3102 8719 9222 3171 10917 10033 13348 16187 13348 16187 8656 16187 7937
5807 3177 926 9743 7912 3475 7512 2858 1954 926 830 1954 13036 926 2598 16187
3842 3171 16187 16187 4931 4776 6006 16187 14237 8569 8712 8710 4776 1138 926 926
1655 12233 14180 3102 8719 9222 3171 10917 10033 13348 16187 13348 16187 8656 16187 7937
13587 926 137 4776 10033 5086 8719 1954 6403 12008 4512 7843 13811 16187 16187 16187
3842 3171 16187 16187 4931 4776 6006 16187 14237 8569 8712 8710 4776 1138 926 926
1655 12233 14180 3102 8719 9222 3171 10917 10033 13348 16187 13348 16187 8656 16187 7937
91 8710 4776 4152 3177 3171 2563 16187 16187 16187 16187 16187 16187 16187 16187 16187
3842 3171 16187 16187 4931 4776 6006 16187 14237 8569 8712 8710 4776 1138 926 926
1655 12233 14180 3102 8719 9222 3171 10917 10033 13348 16187 13348 16187 8656 16187 7937
12716 8268 8719 8712 8268 6259 8607 16016 11215 7416 6253 12233 13419 13537 16187 16187
3842 3171 16187 16187 4931 4776 6006 16187 14237 8569 8712 8710 4776 1138 926 926
1655 12233 14180 3102 8719 9222 3171 10917 10033 13348 16187 13348 16187 8656 16187 7937
8712 8710 6259 3667 3177 983 16187 16187 16187 16187 16187 16187 16187 16187 16187 16187
3842 3171 16187 16187 4931 4776 6006 16187 14237 8569 8712 8710 4776 1138 926 926
1655 12233 14180 3102 8719 9222 3171 10917 10033 13348 16187 13348 16187 8656 16187 7937
13741 8719 3511 4931 4776 5568 1378 8004 15594 5450 2251 16187 16187 16187 16187 16187
3842 3171 16187 16187 4931 4776 6006 16187 14237 8569 8712 8710 4776 1138 926 926
1655 12233 14180 3102 8719 9222 3171 10917 10033 13348 16187 13348 16187 8656 16187 7937
15408 3177 6259 5820 4152 14237 10801 5463 4931 6297 13436 16187 16187 16187 16187 16187
3842 3171 16187 16187 4931 4776 6006 16187 14237 8569 8712 8710 4776 1138 926 926
1655 12233 14180 3102 8719 9222 3171 10917 10033 13348 16187 13348 16187 8656 16187 7937
8712 12232 9754 15784 8712 1019 8726 6011 11031 1132 6173 16187 16187 16187 16187 16187
3842 3171 16187 16187 4931 4776 6006 16187 14237 8569 8712 8710 4776 1138 926 926
1655 12233 14180 3102 8719 9222 3171 10917 10033 13348 16187 13348 16187 8656 16187 7937
3171 8710 4032 15715 16187 16187 16187 16187 16187 16187 16187 16187 16187 16187 16187 16187
3842 3171 16187 16187 4931 4776 6006 16187 14237 8569 8712 8710 4776 1138 926 926
1655 12233 14180 3102 8719 9222 3171 10917 10033 13348 16187 13348 16187 8656 16187 7937
12524 8268 14069 14776 8270 1486 12233 10838 8704 14043 11582 5841 16187 16187 16187 16187
3842 3171 16187 16187 4931 4776 6006 16187 14237 8569 8712 8710 4776 1138 926 926
1655 12233 14180 3102 8719 9222 3171 10917 10033 13348 16187 13348 16187 8656 16187 7937
4776 9216 15142 8712 1138 4776 11008 2563 6041 4776 926 13348 5711 16187 16187 16187
3842 3171 16187 16187 4931 4776 6006 16187 14237 8569 8712 8710 4776 1138 926 926
1655 12233 14180 3102 8719 9222 3171 10917 10033 13348 16187 13348 16187 8656 16187 7937
8712 5867 6259 8752 12233 1654 4537 203 10355 7926 4931 16187 16187 16187 16187 16187
3842 3171 16187 16187 4931 4776 6006 16187 14237 8569 8712 8710 4776 1138 926 926
1655 12233 14180 3102 8719 9222 3171 10917 10033 13348 16187 13348 16187 8656 16187 7937
2837 6259 630 3181 8061 2837 4776 4927 16187 16187 16187 16187 16187 16187 16187 16187
3842 3171 16187 16187 4931 4776 6006 16187 14237 8569 8712 8710 4776 1138 926 926
1655 12233 14180 3102 8719 9222 3171 10917 10033 13348 16187 13348 16187 8656 16187 7937
2326 2598 16187 16187 16187 16187 16187 16187 16187 16187 16187 16187 16187 16187 16187 16187
3842 3171 16187 16187 4931 4776 6006 16187 14237 8569 8712 8710 4776 1138 926 926
1655 12233 14180 3102 8719 9222 3171 10917 10033 13348 16187 13348 16187 8656 16187 7937
9890 4927 8268 3929 9070 8719 1955 6259 10887 14230 3177 3171 3639 13926 16187 16187
3842 3171 16187 16187 4931 4776 6006 16187 14237 8569 8712 8710 4776 1138 926 926
1655 12233 14180 3102 8719 9222 3171 10917 10033 13348 16187 13348 16187 8656 16187 7937
6011 5208 13758 12233 1110 4776 8687 8268 13436 14237 926 926 16187 16187 16187 16187
3842 3171 16187 16187 4931 4776 6006 16187 14237 8569 8712 8710 4776 1138 926 926
1655 12233 14180 3102 8719 9222 3171 10917 10033 13348 16187 13348 16187 8656 16187 7937
4624 14776 3081 12233 10503 3171 8710 4776 2037 8268 7508 16187 16187 16187 16187 16187
3842 3171 16187 16187 4931 4776 6006 16187 14237 8569 8712 8710 4776 1138 926 926
1655 12233 14180 3102 8719 9222 3171 10917 10033 13348 16187 13348 16187 8656 16187 7937
6259 3745 9780 8344 16187 16187 16187 16187 16187 16187 16187 16187 16187 16187 16187 16187
3842 3171 16187 16187 4931 4776 6006 16187 14237 8569 8712 8710 4776 1138 926 926
1655 12233 14180 3102 8719 9222 3171 10917 10033 13348 16187 13348 16187 8656 16187 7937
12844 8710 6259 14977 13316 8268 12008 15525 3177 14734 6619 8719 3171 2155 16187 16187
3842 3171 16187 16187 4931 4776 6006 16187 14237 8569 8712 8710 4776 1138 926 926
1655 12233 14180 3102 8719 9222 3171 10917 10033 13348 16187 13348 16187 8656 16187 7937
8726 6011 9884 8466 8712 8268 6011 15956 16187 16187 16187 16187 16187 16187 16187 16187
3842 3171 16187 16187 4931 4776 6006 16187 14237 8569 8712 8710 4776 1138 926 926
1655 12233 14180 3102 8719 9222 3171 10917 10033 13348 16187 13348 16187 8656 16187 7937
15711 2326 8710 1378 3177 9743 8213 8185 6011 8158 5937 7981 12233 7001 2552 16187
3842 3171 16187 16187 4931 4776 6006 16187 14237 8569 8712 8710 4776 1138 926 926
1655 12233 14180 3102 8719 9222 3171 10917 10033 13348 16187 13348 16187 8656 16187 7937
4776 12334 3177 4776 12835 8710 6259 3398 10501 3177 4776 14596 16187 16187 16187 16187
3842 3171 16187 16187 4931 4776 6006 16187 14237 8569 8712 8710 4776 1138 926 926
1655 12233 14180 3102 8719 9222 3171 10917 10033 13348 16187 13348 16187 8656 16187 7937
5463 8710 4776 4152 1955 14221 1955 7740 5208 4189 8712 15525 16187 16187 16187 16187
3842 3171 16187 16187 4931 4776 6006 16187 14237 8569 8712 8710 4776 1138 926 926
1655 12233 14180 3102 8719 9222 3171 10917 10033 13348 16187 13348 16187 8656 16187 7937
7740 1442 8712 14029 4776 10887 1583 13089 8712 2979 15525 16187 16187 16187 16187 16187
3842 3171 16187 16187 4931 4776 6006 16187 14237 8569 8712 8710 4776 1138 926 926
1655 12233 14180 3102 8719 9222 3171 10917 10033 13348 16187 13348 16187 8656 16187 7937
8712 5867 4537 9625 16187 16187 16187 16187 16187 16187 16187 16187 16187 16187 16187 16187
3842 3171 16187 16187 4931 4776 6006 16187 14237 8569 8712 8710 4776 1138 926 926
1655 12233 14180 3102 8719 9222 3171 10917 10033 13348 16187 13348 16187 8656 16187 7937
7740 11530 14180 4776 8185 13805 8378 8954 8268 7926 4931 6259 15949 7970 13348 16187
3842 3171 16187 16187 4931 4776 6006 16187 14237 8569 8712 8710 4776 1138 926 926
1655 12233 14180 3102 8719 9222 3171 10917 10033 13348 16187 13348 16187 8656 16187 7937
4776 13868 14029 4776 10192 8710 15696 8719 4776 15740 443 10147 16187 16187 16187 16187
3842 3171 16187 16187 4931 4776 6006 16187 14237 8569 8712 8710 4776 1138 926 926
1655 12233 14180 3102 8719 9222 3171 10917 10033 13348 16187 13348 16187 8656 16187 7937
12008 4311 8268 7740 12431 10082 16187 16187 16187 16187 16187 16187 16187 16187 16187 16187
3842 3171 16187 16187 4931 4776 6006 16187 14237 8569 8712 8710 4776 1138 926 926
1655 12233 14180 3102 8719 9222 3171 10917 10033 13348 16187 13348 16187 8656 16187 7937
5627 9850 4552 5329 10259 12233 3171 1378 16187 16187 16187 16187 16187 16187 16187 16187
3842 3171 16187 16187 4931 4776 6006 16187 14237 8569 8712 8710 4776 1138 926 926
1655 12233 14180 3102 8719 9222 3171 10917 10033 13348 16187 13348 16187 8656 16187 7937
15649 14281 3847 7740 1114 2598 16187 16187 16187 16187 16187 16187 16187 16187 16187 16187
3842 3171 16187 16187 4931 4776 6006 16187 14237 8569 8712 8710 4776 1138 926 926
1655 12233 14180 3102 8719 9222 3171 10917 10033 13348 16187 13348 16187 8656 16187 7937
4776 10566 6855 8808 4931 4776 926 11215 10375 16187 16187 16187 16187 16187 16187 16187
3842 3171 16187 16187 4931 4776 6006 16187 14237 8569 8712 8710 4776 1138 926 926
1655 12233 14180 3102 8719 9222 3171 10917 10033 13348 16187 13348 16187 8656 16187 7937
14237 3177 1245 830 4776 15347 1994 16187 16187 16187 16187 16187 16187 16187 16187 16187
3842 3171 16187 16187 4931 4776 6006 16187 14237 8569 8712 8710 4776 1138 926 926
1655 12233 14180 3102 8719 9222 3171 10917 10033 13348 16187 13348 16187 8656 16187 7937
6011 12495 12260 11553 11425 15691 15548 8949 12233 12149 3171 2563 16187 16187 16187 16187
3842 3171 16187 16187 4931 4776 6006 16187 14237 8569 8712 8710 4776 1138 926 926
1655 12233 14180 3102 8719 9222 3171 10917 10033 13348 16187 13348 16187 8656 16187 7937
7740 11839 8712 4931 3098 16187 16187 16187 16187 16187 16187 16187 16187 16187 16187 16187
3842 3171 16187 16187 4931 4776 6006 16187 14237 8569 8712 8710 4776 1138 926 926
1655 12233 14180 3102 8719 9222 3171 10917 10033 13348 16187 13348 16187 8656 16187 7937
3171 8710 10602 6850 8268 10770 14237 2689 16187 16187 16187 16187 16187 16187 16187 16187
3842 3171 16187 16187 4931 4776 6006 16187 14237 8569 8712 8710 4776 1138 926 926
1655 12233 14180 3102 8719 9222 3171 10917 10033 13348 16187 13348 16187 8656 16187 7937
1889 9290 8268 3171 8710 1543 4776 831 3177 4776 2601 6655 1787 7187 15525 16187
3842 3171 16187 16187 4931 4776 6006 16187 14237 8569 8712 8710 4776 1138 926 926
1655 12233 14180 3102 8719 9222 3171 10917 10033 13348 16187 13348 16187 8656 16187 7937
12127 110 10667 4931 15000 13710 14043 926 16187 16187 16187 16187 16187 16187 16187 16187
3842 3171 16187 16187 4931 4776 6006 16187 14237 8569 8712 8710 4776 1138 926 926
1655 12233 14180 3102 8719 9222 3171 10917 10033 13348 16187 13348 16187 8656 16187 7937
14440 1299 4931 13181 16187 16187 16187 16187 16187 16187 16187 16187 16187 16187 16187 16187
3842 3171 16187 16187 4931 4776 6006 16187 14237 8569 8712 8710 4776 1138 926 926
1655 12233 14180 3102 8719 9222 3171 10917 10033 13348 16187 13348 16187 8656 16187 7937
926 15152 14069 5867 6826 9154 9625 4752 6188 8719 4776 2563 16187 16187 16187 16187
3842 3171 16187 16187 4931 4776 6006 16187 14237 8569 8712 8710 4776 1138 926 926
1655 12233 14180 3102 8719 9222 3171 10917 10033 13348 16187 13348 16187 8656 16187 7937
9574 8268 7518 14029 1445 8268 5627 14139 16187 16187 16187 16187 16187 16187 16187 16187
3842 3171 16187 16187 4931 4776 6006 16187 14237 8569 8712 8710 4776 1138 926 926
1655 12233 14180 3102 8719 9222 3171 10917 10033 13348 16187 13348 16187 8656 16187 7937
4776 4326 830 4776 12507 8710 2296 12931 16187 16187 16187 16187 16187 16187 16187 16187
3842 3171 16187 16187 4931 4776 6006 16187 14237 8569 8712 8710 4776 1138 926 926
1655 12233 14180 3102 8719 9222 3171 10917 10033 13348 16187 13348 16187 8656 16187 7937
12256 7310 284 16187 16187 16187 16187 16187 16187 16187 16187 16187 16187 16187 16187 16187
3842 3171 16187 16187 4931 4776 6006 16187 14237 8569 8712 8710 4776 1138 926 926
1655 12233 14180 3102 8719 9222 3171 10917 10033 13348 16187 13348 16187 8656 16187 7937
4776 2504 12233 14734 759 10967 6259 10399 7693 926 5838 14005 4776 6722 16187 16187
3842 3171 16187 16187 4931 4776 6006 16187 14237 8569 8712 8710 4776 1138 926 926
1655 12233 14180 3102 8719 9222 3171 10917 10033 13348 16187 13348 16187 8656 16187 7937
4776 2543 2903 830 4776 12044 8719 4776 926 8710 2326 12092 16187 16187 16187 16187
3842 3171 16187 16187 4931 4776 6006 16187 14237 8569 8712 8710 4776 1138 926 926
1655 12233 14180 3102 8719 9222 3171 10917 10033 13348 16187 13348 16187 8656 16187 7937
4325 926 15597 9038 2858 3171 2563 16187 16187 16187 16187 16187 16187 16187 16187 16187
3842 3171 16187 16187 4931 4776 6006 16187 14237 8569 8712 8710 4776 1138 926 926
1655 12233 14180 3102 8719 9222 3171 10917 10033 13348 16187 13348 16187 8656 16187 7937
14069 14776 13084 15721 830 5463 9534 16187 16187 16187 16187 16187 16187 16187 16187 16187
3842 3171 16187 16187 4931 4776 6006 16187 14237 8569 8712 8710 4776 1138 926 926
1655 12233 14180 3102 8719 9222 3171 10917 10033 13348 16187 13348 16187 8656 16187 7937
12008 7740 12232 5297 4142 8154 926 830 6259 3098 2712 16187 16187 16187 16187 16187
3842 3171 16187 16187 4931 4776 6006 16187 14237 8569 8712 8710 4776 1138 926 926
1655 12233 14180 3102 8719 9222 3171 10917 10033 13348 16187 13348 16187 8656 16187 7937
8726 5329 13922 9277 1955 7742 1042 3171 1378 1093 16187 16187 16187 16187 16187 16187
3842 3171 16187 16187 4931 4776 6006 16187 14237 8569 8712 8710 4776 1138 926 926
1655 12233 14180 3102 8719 9222 3171 10917 10033 13348 16187 13348 16187 8656 16187 7937
8712 4931 6259 9450 100 8268 7725 2563 16187 16187 16187 16187 16187 16187 16187 16187
3842 3171 16187 16187 4931 4776 6006 16187 14237 8569 8712 8710 4776 1138 926 926
1655 12233 14180 3102 8719 9222 3171 10917 10033 13348 16187 13348 16187 8656 16187 7937
7740 4931 1954 11707 14230 16187 16187 16187 16187 16187 16187 16187 16187 16187 16187 16187
3842 3171 16187 16187 4931 4776 6006 16187 14237 8569 8712 8710 4776 1138 926 926
1655 12233 14180 3102 8719 9222 3171 10917 10033 13348 16187 13348 16187 8656 16187 7937
12008 8268 14237 8712 82 9070 12233 1436 3171 8268 7926 4931 6297 10355 16187 16187
3842 3171 16187 16187 4931 4776 6006 16187 14237 8569 8712 8710 4776 1138 926 926
1655 12233 14180 3102 8719 9222 3171 10917 10033 13348 16187 13348 16187 8656 16187 7937
8712 4931 5329 6259 6856 3177 4776 9044 14237 414 6826 14769 16187 16187 16187 16187
3842 3171 16187 16187 4931 4776 6006 16187 14237 8569 8712 8710 4776 1138 926 926
1655 12233 14180 3102 8719 9222 3171 10917 10033 13348 16187 13348 16187 8656 16187 7937
7740 8309 1919 12276 6161 14237 1959 4776 14237 4931 7740 15695 2598 16187 16187 16187
3842 3171 16187 16187 4931 4776 6006 16187 14237 8569 8712 8710 4776 1138 926 926
1655 12233 14180 3102 8719 9222 3171 10917 10033 13348 16187 13348 16187 8656 16187 7937
7926 5867 6070 2469 8719 1157 7926 3847 16187 16187 16187 16187 16187 16187 16187 16187
3842 3171 16187 16187 4931 4776 6006 16187 14237 8569 8712 8710 4776 1138 926 926
1655 12233 14180 3102 8719 9222 3171 10917 10033 13348 16187 13348 16187 8656 16187 7937
4776 8947 3177 4776 5425 12716 8710 6259 1242 16187 16187 16187 16187 16187 16187 16187
3842 3171 16187 16187 4931 4776 6006 16187 14237 8569 8712 8710 4776 1138 926 926
1655 12233 14180 3102 8719 9222 3171 10917 10033 13348 16187 13348 16187 8656 16187 7937
14237 4552 9754 9605 9070 7164 14029 13348 16187 16187 16187 16187 16187 16187 16187 16187
3842 3171 16187 16187 4931 4776 6006 16187 14237 8569 8712 8710 4776 1138 926 926
1655 12233 14180 3102 8719 9222 3171 10917 10033 13348 16187 13348 16187 8656 16187 7937
15167 926 779 15202 10036 3650 6259 5822 12444 3177 10033 9222 16187 16187 16187 16187
3842 3171 16187 16187 4931 4776 6006 16187 14237 8569 8712 8710 4776 1138 926 926
1655 12233 14180 3102 8719 9222 3171 10917 10033 13348 16187 13348 16187 8656 16187 7937
7740 12495 11553 5463 7791 10810 13089 7740 9431 1442 12276 9431 926 10033 16187 16187
3842 3171 16187 16187 4931 4776 6006 16187 14237 8569 8712 8710 4776 1138 926 926
1655 12233 14180 3102 8719 9222 3171 10917 10033 13348 16187 13348 16187 8656 16187 7937
7740 4552 9754 15956 15662 820 11553 12233 2121 12958 12911 16187 16187 16187 16187 16187
3842 3171 16187 16187 4931 4776 6006 16187 14237 8569 8712 8710 4776 1138 926 926
1655 12233 14180 3102 8719 9222 3171 10917 10033 13348 16187 13348 16187 8656 16187 7937
1955 405 1955 8268 1436 14272 2598 16187 16187 16187 16187 16187 16187 16187 16187 16187
3842 3171 16187 16187 4931 4776 6006 16187 14237 8569 8712 8710 4776 1138 926 926
1655 12233 14180 3102 8719 9222 3171 10917 10033 13348 16187 13348 16187 8656 16187 7937
10566 3177 12276 7981 9004 4776 9790 4927 16187 16187 16187 16187 16187 16187 16187 16187
3842 3171 16187 16187 4931 4776 6006 16187 14237 8569 8712 8710 4776 1138 926 926
1655 12233 14180 3102 8719 9222 3171 10917 10033 13348 16187 13348 16187 8656 16187 7937
4776 3511 5463 8712 8710 7518 14029 4949 13876 5568 9113 12233 4776 15997 16187 16187
3842 3171 16187 16187 4931 4776 6006 16187 14237 8569 8712 8710 4776 1138 926 926
1655 12233 14180 3102 8719 9222 3171 10917 10033 13348 16187 13348 16187 8656 16187 7937
1019 926 5824 13348 13348 13348 13348 13348 13348 13348 6173 16187 16187 16187 16187 16187
3842 3171 16187 16187 4931 4776 6006 16187 14237 8569 8712 8710 4776 1138 926 926
1655 12233 14180 3102 8719 9222 3171 10917 10033 13348 16187 13348 16187 8656 16187 7937
7926 8710 6259 4707 3177 6378 8268 14043 1229 7926 12232 11889 2904 12233 9429 16187
3842 3171 16187 16187 4931 4776 6006 16187 14237 8569 8712 8710 4776 1138 926 926
1655 12233 14180 3102 8719 9222 3171 10917 10033 13348 16187 13348 16187 8656 16187 7937
14733 16187 16187 16187 16187 16187 16187 16187 16187 16187 16187 16187 16187 16187 16187 16187
3842 3171 16187 16187 4931 4776 6006 16187 14237 8569 8712 8710 4776 1138 926 926
1655 12233 14180 3102 8719 9222 3171 10917 10033 13348 16187 13348 16187 8656 16187 7937
7740 11889 4776 12346 3177 926 1019 4776 926 16016 6173 8719 3171 10033 16187 16187
3842 3171 16187 16187 4931 4776 6006 16187 14237 8569 8712 8710 4776 1138 926 926
1655 12233 14180 3102 8719 9222 3171 10917 10033 13348 16187 13348 16187 8656 16187 7937
4776 14599 8710 10355 16187 16187 16187 16187 16187 16187 16187 16187 16187 16187 16187 16187
3842 3171 16187 16187 4931 4776 6006 16187 14237 8569 8712 8710 4776 1138 926 926
1655 12233 14180 3102 8719 9222 3171 10917 10033 13348 16187 13348 16187 8656 16187 7937
4776 1754 8710 10421 16187 16187 16187 16187 16187 16187 16187 16187 16187 16187 16187 16187
3842 3171 16187 16187 4931 4776 6006 16187 14237 8569 8712 8710 4776 1138 926 926
1655 12233 14180 3102 8719 9222 3171 10917 10033 13348 16187 13348 16187 8656 16187 7937
15662 5329 2598 16187 16187 16187 16187 16187 16187 16187 16187 16187 16187 16187 16187 16187
3842 3171 16187 16187 4931 4776 6006 16187 14237 8569 8712 8710 4776 1138 926 926
1655 12233 14180 3102 8719 9222 3171 10917 10033 13348 16187 13348 16187 8656 16187 7937
1138 129 10765 5711 3847 5463 12233 2904 16187 16187 16187 16187 16187 16187 16187 16187
3842 3171 16187 16187 4931 4776 6006 16187 14237 8569 8712 8710 4776 1138 926 926
1655 12233 14180 3102 8719 9222 3171 10917 10033 13348 16187 13348 16187 8656 16187 7937
926 1442 8712 10299 11789 5328 6259 10776 2968 16187 16187 16187 16187 16187 16187 16187
3842 3171 16187 16187 4931 4776 6006 16187 14237 8569 8712 8710 4776 1138 926 926
1655 12233 14180 3102 8719 9222 3171 10917 10033 13348 16187 13348 16187 8656 16187 7937
1229 4776 2563 4818 1094 10217 14596 11331 16187 16187 16187 16187 16187 16187 16187 16187
3842 3171 16187 16187 4931 4776 6006 16187 14237 8569 8712 8710 4776 1138 926 926
1655 12233 14180 3102 8719 9222 3171 10917 10033 13348 16187 13348 16187 8656 16187 7937
4776 559 8710 11789 2296 8440 8268 13250 8268 14237 8719 3171 2037 6070 2519 16187
3842 3171 16187 16187 4931 4776 6006 16187 14237 8569 8712 8710 4776 1138 926 926
1655 12233 14180 3102 8719 9222 3171 10917 10033 13348 16187 13348 16187 8656 16187 7937
5627 16187 16187 16187 16187 16187 16187 16187 16187 16187 16187 16187 16187 16187 16187 16187
3842 3171 16187 16187 4931 4776 6006 16187 14237 8569 8712 8710 4776 1138 926 926
1655 12233 14180 3102 8719 9222 3171 10917 10033 13348 16187 13348 16187 8656 16187 7937
926 8710 6259 2053 15174 3994 10033 16187 16187 16187 16187 16187 16187 16187 16187 16187
3842 3171 16187 16187 4931 4776 6006 16187 14237 8569 8712 8710 4776 1138 926 926
1655 12233 14180 3102 8719 9222 3171 10917 10033 13348 16187 13348 16187 8656 16187 7937
4776 926 10501 8710 6259 10894 1507 12008 4776 926 5328 8710 5041 16187 16187 16187
3842 3171 16187 16187 4931 4776 6006 16187 14237 8569 8712 8710 4776 1138 926 926
1655 12233 14180 3102 8719 9222 3171 10917 10033 13348 16187 13348 16187 8656 16187 7937
14237 9680 12233 8004 472 2598 16187 16187 16187 16187 16187 16187 16187 16187 16187 16187
3842 3171 16187 16187 4931 4776 6006 16187 14237 8569 8712 8710 4776 1138 926 926
1655 12233 14180 3102 8719 9222 3171 10917 10033 13348 16187 13348 16187 8656 16187 7937
4776 12298 9277 2823 6259 9450 4013 8268 12008 8712 4931 9576 14237 2674 15347 16187
3842 3171 16187 16187 4931 4776 6006 16187 14237 8569 8712 8710 4776 1138 926 926
1655 12233 14180 3102 8719 9222 3171 10917 10033 13348 16187 13348 16187 8656 16187 7937
14734 5425 13081 14219 8719 3171 512 8719 4776 9431 1378 16187 16187 16187 16187 16187
3842 3171 16187 16187 4931 4776 6006 16187 14237 8569 8712 8710 4776 1138 926 926
1655 12233 14180 3102 8719 9222 3171 10917 10033 13348 16187 13348 16187 8656 16187 7937
1378 3177 4776 926 582 1819 7926 5867 11516 16187 16187 16187 16187 16187 16187 16187
3842 3171 16187 16187 4931 4776 6006 16187 14237 8569 8712 8710 4776 1138 926 926
1655 12233 14180 3102 8719 9222 3171 10917 10033 13348 16187 13348 16187 8656 16187 7937
4325 7001 12233 6259 926 3177 6259 5404 926 15142 478 16187 16187 16187 16187 16187
3842 3171 16187 16187 4931 4776 6006 16187 14237 8569 8712 8710 4776 1138 926 926
1655 12233 14180 3102 8719 9222 3171 10917 10033 13348 16187 13348 16187 8656 16187 7937
12008 4776 14207 926 10530 1919 1954 8521 5463 12208 4776 9887 5020 16187 16187 16187
3842 3171 16187 16187 4931 4776 6006 16187 14237 8569 8712 8710 4776 1138 926 926
1655 12233 14180 3102 8719 9222 3171 10917 10033 13348 16187 13348 16187 8656 16187 7937
14272 13464 3112 3171 2563 4032 15715 8268 12716 8268 8710 4776 5580 3098 8521 16187
3842 3171 16187 16187 4931 4776 6006 16187 14237 8569 8712 8710 4776 1138 926 926
1655 12233 14180 3102 8719 9222 3171 10917 10033 13348 16187 13348 16187 8656 16187 7937
1138 4776 926 1919 4776 926 5711 8710 1954 2997 471 16187 16187 16187 16187 16187
3842 3171 16187 16187 4931 4776 6006 16187 14237 8569 8712 8710 4776 1138 926 926
1655 12233 14180 3102 8719 9222 3171 10917 10033 13348 16187 13348 16187 8656 16187 7937
7740 4142 8154 6011 7001 12650 8712 16187 16187 16187 16187 16187 16187 16187 16187 16187
3842 3171 16187 16187 4931 4776 6006 16187 14237 8569 8712 8710 4776 1138 926 926
1655 12233 14180 3102 8719 9222 3171 10917 10033 13348 16187 13348 16187 8656 16187 7937
9574 6363 9484 16187 16187 16187 16187 16187 16187 16187 16187 16187 16187 16187 16187 16187
3842 3171 16187 16187 4931 4776 6006 16187 14237 8569 8712 8710 4776 1138 926 926
1655 12233 14180 3102 8719 9222 3171 10917 10033 13348 16187 13348 16187 8656 16187 7937
8712 5257 12233 13758 14029 2024 14180 4776 983 14237 3376 9070 12233 5804 16187 16187
3842 3171 16187 16187 4931 4776 6006 16187 14237 8569 8712 8710 4776 1138 926 926
1655 12233 14180 3102 8719 9222 3171 10917 10033 13348 16187 13348 16187 8656 16187 7937
4325 561 1957 4776 10418 10501 12576 16187 16187 16187 16187 16187 16187 16187 16187 16187
3842 3171 16187 16187 4931 4776 6006 16187 14237 8569 8712 8710 4776 1138 926 926
1655 12233 14180 3102 8719 9222 3171 10917 10033 13348 16187 13348 16187 8656 16187 7937
926 926 4931 4868 16187 16187 16187 16187 16187 16187 16187 16187 16187 16187 16187 16187
3842 3171 16187 16187 4931 4776 6006 16187 14237 8569 8712 8710 4776 1138 926 926
1655 12233 14180 3102 8719 9222 3171 10917 10033 13348 16187 13348 16187 8656 16187 7937
12233 5522 1919 8268 7250 6905 13942 13473 8268 11946 13266 1229 16187 16187 16187 16187
3842 3171 16187 16187 4931 4776 6006 16187 14237 8569 8712 8710 4776 1138 926 926
1655 12233 14180 3102 8719 9222 3171 10917 10033 13348 16187 13348 16187 8656 16187 7937
8726 6011 7800 8592 8268 1138 14272 8268 11889 12273 9043 2598 5711 16187 16187 16187
3842 3171 16187 16187 4931 4776 6006 16187 14237 8569 8712 8710 4776 1138 926 926
1655 12233 14180 3102 8719 9222 3171 10917 10033 13348 16187 13348 16187 8656 16187 7937
1799 926 15658 779 9754 771 13592 10054 6809 684 14734 10501 6070 7742 16187 16187
3842 3171 16187 16187 4931 4776 6006 16187 14237 8569 8712 8710 4776 1138 926 926
1655 12233 14180 3102 8719 9222 3171 10917 10033 13348 16187 13348 16187 8656 16187 7937
8656 14192 14302 14237 7001 12233 4776 11704 15168 2598 16187 16187 16187 16187 16187 16187
3842 3171 16187 16187 4931 4776 6006 16187 14237 8569 8712 8710 4776 1138 926 926
1655 12233 14180 3102 8719 9222 3171 10917 10033 13348 16187 13348 16187 8656 16187 7937
5463 8710 487 15389 16187 16187 16187 16187 16187 16187 16187 16187 16187 16187 16187 16187
3842 3171 16187 16187 4931 4776 6006 16187 14237 8569 8712 8710 4776 1138 926 926
1655 12233 14180 3102 8719 9222 3171 10917 10033 13348 16187 13348 16187 8656 16187 7937
12008 4776 12850 10314 7740 12515 15525 3177 4776 10501 3177 4776 926 6905 16187 16187
3842 3171 16187 16187 4931 4776 6006 16187 14237 8569 8712 8710 4776 1138 926 926
1655 12233 14180 3102 8719 9222 3171 10917 10033 13348 16187 13348 16187 8656 16187 7937
12958 11953 8712 4931 9264 14237 5415 16187 16187 16187 16187 16187 16187 16187 16187 16187
3842 3171 16187 16187 4931 4776 6006 16187 14237 8569 8712 8710 4776 1138 926 926
1655 12233 14180 3102 8719 9222 3171 10917 10033 13348 16187 13348 16187 8656 16187 7937
926 1959 2143 15525 3177 9484 1019 5538 6173 3699 7742 10471 926 7273 16187 16187
3842 3171 16187 16187 4931 4776 6006 16187 14237 8569 8712 8710 4776 1138 926 926
1655 12233 14180 3102 8719 9222 3171 10917 10033 13348 16187 13348 16187 8656 16187 7937
13089 7740 1442 4776 926 8712 6297 13081 10355 16187 16187 16187 16187 16187 16187 16187
3842 3171 16187 16187 4931 4776 6006 16187 14237 8569 8712 8710 4776 1138 926 926
1655 12233 14180 3102 8719 9222 3171 10917 10033 13348 16187 13348 16187 8656 16187 7937
8712 5867 4776 11776 15131 3177 4776 10983 16187 16187 16187 16187 16187 16187 16187 16187
3842 3171 16187 16187 4931 4776 6006 16187 14237 8569 8712 8710 4776 1138 926 926
1655 12233 14180 3102 8719 9222 3171 10917 10033 13348 16187 13348 16187 8656 16187 7937
7740 8197 4776 2563 8116 830 2263 3192 4302 1167 16187 16187 16187 16187 16187 16187
3842 3171 16187 16187 4931 4776 6006 16187 14237 8569 8712 8710 4776 1138 926 926
1655 12233 14180 3102 8719 9222 3171 10917 10033 13348 16187 13348 16187 8656 16187 7937
13474 3543 9754 2823 1179 12233 2552 4404 2563 16187 16187 16187 16187 16187 16187 16187
3842 3171 16187 16187 4931 4776 6006 16187 14237 8569 8712 8710 4776 1138 926 926
1655 12233 14180 3102 8719 9222 3171 10917 10033 13348 16187 13348 16187 8656 16187 7937
14734 1133 14776 2148 512 8808 1106 8268 4325 14776 8719 6259 2191 9213 1106 16187
3842 3171 16187 16187 4931 4776 6006 16187 14237 8569 8712 8710 4776 1138 926 926
1655 12233 14180 3102 8719 9222 3171 10917 10033 13348 16187 13348 16187 8656 16187 7937
14069 14776 2975 8719 4776 4152 16187 16187 16187 16187 16187 16187 16187 16187 16187 16187
3842 3171 16187 16187 4931 4776 6006 16187 14237 8569 8712 8710 4776 1138 926 926
1655 12233 14180 3102 8719 9222 3171 10917 10033 13348 16187 13348 16187 8656 16187 7937
12008 3171 15471 13555 7740 9004 11889 14581 10355 2563 16187 16187 16187 16187 16187 16187
3842 3171 16187 16187 4931 4776 6006 16187 14237 8569 8712 8710 4776 1138 926 926
1655 12233 14180 3102 8719 9222 3171 10917 10033 13348 16187 13348 16187 8656 16187 7937
8712 4931 4537 14069 16187 16187 16187 16187 16187 16187 16187 16187 16187 16187 16187 16187
3842 3171 16187 16187 4931 4776 6006 16187 14237 8569 8712 8710 4776 1138 926 926
1655 12233 14180 3102 8719 9222 3171 10917 10033 13348 16187 13348 16187 8656 16187 7937
8712 5867 6259 7742 2608 8268 7742 13218 2563 5463 8470 6259 14596 16187 16187 16187
3842 3171 16187 16187 4931 4776 6006 16187 14237 8569 8712 8710 4776 1138 926 926
1655 12233 14180 3102 8719 9222 3171 10917 10033 13348 16187 13348 16187 8656 16187 7937
6259 3098 7652 830 10671 3177 4776 8439 926 6764 16187 16187 16187 16187 16187 16187
3842 3171 16187 16187 4931 4776 6006 16187 14237 8569 8712 8710 4776 1138 926 926
1655 12233 14180 3102 8719 9222 3171 10917 10033 13348 16187 13348 16187 8656 16187 7937
12650 14237 10603 15525 16187 16187 16187 16187 16187 16187 16187 16187 16187 16187 16187 16187
3842 3171 16187 16187 4931 4776 6006 16187 14237 8569 8712 8710 4776 1138 926 926
1655 12233 14180 3102 8719 9222 3171 10917 10033 13348 16187 13348 16187 8656 16187 7937
6173 2673 1138 926 5711 926 1019 926 2687 6173 8710 1957 8712 10036 16187 16187
3842 3171 16187 16187 4931 4776 6006 16187 14237 8569 8712 8710 4776 1138 926 926
1655 12233 14180 3102 8719 9222 3171 10917 10033 13348 16187 13348 16187 8656 16187 7937
4776 2211 2429 926 1778 2837 4832 16187 16187 16187 16187 16187 16187 16187 16187 16187
3842 3171 16187 16187 4931 4776 6006 16187 14237 8569 8712 8710 4776 1138 926 926
1655 12233 14180 3102 8719 9222 3171 10917 10033 13348 16187 13348 16187 8656 16187 7937
926 5867 15594 4931 3335 14237 1175 16187 16187 16187 16187 16187 16187 16187 16187 16187
3842 3171 16187 16187 4931 4776 6006 16187 14237 8569 8712 8710 4776 1138 926 926
1655 12233 14180 3102 8719 9222 3171 10917 10033 13348 16187 13348 16187 8656 16187 7937
5463 8710 15662 1138 7360 204 15531 5711 8710 6259 3098 14125 16187 16187 16187 16187
3842 3171 16187 16187 4931 4776 6006 16187 14237 8569 8712 8710 4776 1138 926 926
1655 12233 14180 3102 8719 9222 3171 10917 10033 13348 16187 13348 16187 8656 16187 7937
5208 2823 1959 1919 6259 5286 2498 6161 2598 16187 16187 16187 16187 16187 16187 16187
3842 3171 16187 16187 4931 4776 6006 16187 14237 8569 8712 8710 4776 1138 926 926
1655 12233 14180 3102 8719 9222 3171 10917 10033 13348 16187 13348 16187 8656 16187 7937
1711 8268 3171 10913 6546 534 16187 16187 16187 16187 16187 16187 16187 16187 16187 16187
3842 3171 16187 16187 4931 4776 6006 16187 14237 8569 8712 8710 4776 1138 926 926
1655 12233 14180 3102 8719 9222 3171 10917 10033 13348 16187 13348 16187 8656 16187 7937
4776 9745 3177 4776 7269 1093 4931 3356 16187 16187 16187 16187 16187 16187 16187 16187
3842 3171 16187 16187 4931 4776 6006 16187 14237 8569 8712 8710 4776 1138 926 926
1655 12233 14180 3102 8719 9222 3171 10917 10033 13348 16187 13348 16187 8656 16187 7937
7740 11839 926 926 4931 6535 10355 16187 16187 16187 16187 16187 16187 16187 16187 16187
3842 3171 16187 16187 4931 4776 6006 16187 14237 8569 8712 8710 4776 1138 926 926
1655 12233 14180 3102 8719 9222 3171 10917 10033 13348 16187 13348 16187 8656 16187 7937
8712 5867 5329 4404 15111 4908 3177 3453 14581 10355 926 16187 16187 16187 16187 16187
3842 3171 16187 16187 4931 4776 6006 16187 14237 8569 8712 8710 4776 1138 926 926
1655 12233 14180 3102 8719 9222 3171 10917 10033 13348 16187 13348 16187 8656 16187 7937
6978 15569 2837 10659 5867 926 10288 1019 8069 12576 10288 9084 12958 16187 16187 16187
3842 3171 16187 16187 4931 4776 6006 16187 14237 8569 8712 8710 4776 1138 926 926
1655 12233 14180 3102 8719 9222 3171 10917 10033 13348 16187 13348 16187 8656 16187 7937
14734 8808 8710 6051 12008 4660 8268 3830 12233 13501 6905 8719 7125 16187 16187 16187
3842 3171 16187 16187 4931 4776 6006 16187 14237 8569 8712 8710 4776 1138 926 926
1655 12233 14180 3102 8719 9222 3171 10917 10033 13348 16187 13348 16187 8656 16187 7937
3171 8710 1378 3177 4776 564 1133 5463 7740 11553 8084 8466 16187 16187 16187 16187
3842 3171 16187 16187 4931 4776 6006 16187 14237 8569 8712 8710 4776 1138 926 926
1655 12233 14180 3102 8719 9222 3171 10917 10033 13348 16187 13348 16187 8656 16187 7937
5341 926 15578 9084 8712 830 4776 9831 16187 16187 16187 16187 16187 16187 16187 16187
3842 3171 16187 16187 4931 4776 6006 16187 14237 8569 8712 8710 4776 1138 926 926
1655 12233 14180 3102 8719 9222 3171 10917 10033 13348 16187 13348 16187 8656 16187 7937
3171 8710 6070 786 16187 16187 16187 16187 16187 16187 16187 16187 16187 16187 16187 16187
3842 3171 16187 16187 4931 4776 6006 16187 14237 8569 8712 8710 4776 1138 926 926
1655 12233 14180 3102 8719 9222 3171 10917 10033 13348 16187 13348 16187 8656 16187 7937
7740 4931 9238 15662 4776 2563 771 1482 3177 2143 1390 8719 926 16187 16187 16187
3842 3171 16187 16187 4931 4776 6006 16187 14237 8569 8712 8710 4776 1138 926 926
1655 12233 14180 3102 8719 9222 3171 10917 10033 13348 16187 13348 16187 8656 16187 7937
14234 8885 926 16187 16187 16187 16187 16187 16187 16187 16187 16187 16187 16187 16187 16187
3842 3171 16187 16187 4931 4776 6006 16187 14237 8569 8712 8710 4776 1138 926 926
1655 12233 14180 3102 8719 9222 3171 10917 10033 13348 16187 13348 16187 8656 16187 7937
14069 5867 6259 10355 2191 3177 13501 5329 14652 12008 10355 16187 16187 16187 16187 16187
3842 3171 16187 16187 4931 4776 6006 16187 14237 8569 8712 8710 4776 1138 926 926
1655 12233 14180 3102 8719 9222 3171 10917 10033 13348 16187 13348 16187 8656 16187 7937
10619 9484 7740 4931 1515 12233 8197 8712 6259 8569 9574 16187 16187 16187 16187 16187
3842 3171 16187 16187 4931 4776 6006 16187 14237 8569 8712 8710 4776 1138 926 926
1655 12233 14180 3102 8719 9222 3171 10917 10033 13348 16187 13348 16187 8656 16187 7937
7740 8815 3994 9484 3994 830 3575 11889 2053 926 3994 14237 2053 926 3994 16187
3842 3171 16187 16187 4931 4776 6006 16187 14237 8569 8712 8710 4776 1138 926 926
1655 12233 14180 3102 8719 9222 3171 10917 10033 13348 16187 13348 16187 8656 16187 7937
2143 9484 16187 16187 16187 16187 16187 16187 16187 16187 16187 16187 16187 16187 16187 16187
3842 3171 16187 16187 4931 4776 6006 16187 14237 8569 8712 8710 4776 1138 926 926
1655 12233 14180 3102 8719 9222 3171 10917 10033 13348 16187 13348 16187 8656 16187 7937
4776 1353 3177 4776 10033 8001 3177 10217 9678 3177 10801 16187 16187 16187 16187 16187
3842 3171 16187 16187 4931 4776 6006 16187 14237 8569 8712 8710 4776 1138 926 926
1655 12233 14180 3102 8719 9222 3171 10917 10033 13348 16187 13348 16187 8656 16187 7937
12127 926 9840 8710 223 14237 9625 16187 16187 16187 16187 16187 16187 16187 16187 16187
3842 3171 16187 16187 4931 4776 6006 16187 14237 8569 8712 8710 4776 1138 926 926
1655 12233 14180 3102 8719 9222 3171 10917 10033 13348 16187 13348 16187 8656 16187 7937
15649 8710 5431 6169 1957 4776 2149 2543 16187 16187 16187 16187 16187 16187 16187 16187
3842 3171 16187 16187 4931 4776 6006 16187 14237 8569 8712 8710 4776 1138 926 926
1655 12233 14180 3102 8719 9222 3171 10917 10033 13348 16187 13348 16187 8656 16187 7937
4094 8459 14936 3579 3171 10033 11953 6259 2067 158 5629 10217 5859 16187 16187 16187
3842 3171 16187 16187 4931 4776 6006 16187 14237 8569 8712 8710 4776 1138 926 926
1655 12233 14180 3102 8719 9222 3171 10917 10033 13348 16187 13348 16187 8656 16187 7937
926 11900 830 926 8899 16187 16187 16187 16187 16187 16187 16187 16187 16187 16187 16187
3842 3171 16187 16187 4931 4776 6006 16187 14237 8569 8712 8710 4776 1138 926 926
1655 12233 14180 3102 8719 9222 3171 10917 10033 13348 16187 13348 16187 8656 16187 7937
4776 2563 779 10217 630 14491 14412 4776 653 13926 14237 4776 5358 16187 16187 16187
3842 3171 16187 16187 4931 4776 6006 16187 14237 8569 8712 8710 4776 1138 926 926
1655 12233 14180 3102 8719 9222 3171 10917 10033 13348 16187 13348 16187 8656 16187 7937
6011 4628 9754 188 12233 1453 5937 9465 3748 4776 1583 16187 16187 16187 16187 16187
3842 3171 16187 16187 4931 4776 6006 16187 14237 8569 8712 8710 4776 1138 926 926
1655 12233 14180 3102 8719 9222 3171 10917 10033 13348 16187 13348 16187 8656 16187 7937
12008 4325 7661 9605 15597 4537 926 8719 4776 12298 16187 16187 16187 16187 16187 16187
3842 3171 16187 16187 4931 4776 6006 16187 14237 8569 8712 8710 4776 1138 926 926
1655 12233 14180 3102 8719 9222 3171 10917 10033 13348 16187 13348 16187 8656 16187 7937
926 8710 6259 2176 13501 14237 4776 926 926 14776 8213 9890 16187 16187 16187 16187
3842 3171 16187 16187 4931 4776 6006 16187 14237 8569 8712 8710 4776 1138 926 926
1655 12233 14180 3102 8719 9222 3171 10917 10033 13348 16187 13348 16187 8656 16187 7937
2945 4032 9316 8268 14237 4032 4776 9831 830 2747 16187 16187 16187 16187 16187 16187
3842 3171 16187 16187 4931 4776 6006 16187 14237 8569 8712 8710 4776 1138 926 926
1655 12233 14180 3102 8719 9222 3171 10917 10033 13348 16187 13348 16187 8656 16187 7937
4776 10033 12865 14069 14776 6322 13089 1378 12260 6378 830 926 16187 16187 16187 16187
3842 3171 16187 16187 4931 4776 6006 16187 14237 8569 8712 8710 4776 1138 926 926
1655 12233 14180 3102 8719 9222 3171 10917 10033 13348 16187 13348 16187 8656 16187 7937
2148 512 14180 3177 3171 8268 8712 4931 10770 12233 12650 16187 16187 16187 16187 16187
3842 3171 16187 16187 4931 4776 6006 16187 14237 8569 8712 8710 4776 1138 926 926
1655 12233 14180 3102 8719 9222 3171 10917 10033 13348 16187 13348 16187 8656 16187 7937
7740 8313 8268 8710 5463 10518 12233 2823 4776 10878 926 14043 14272 2598 16187 16187
3842 3171 16187 16187 4931 4776 6006 16187 14237 8569 8712 8710 4776 1138 926 926
1655 12233 14180 3102 8719 9222 3171 10917 10033 13348 16187 13348 16187 8656 16187 7937
12008 91 5867 1543 7740 9605 15770 10036 16187 16187 16187 16187 16187 16187 16187 16187
3842 3171 16187 16187 4931 4776 6006 16187 14237 8569 8712 8710 4776 1138 926 926
1655 12233 14180 3102 8719 9222 3171 10917 10033 13348 16187 13348 16187 8656 16187 7937
4325 5297 9032 12233 561 8719 4776 2122 11658 830 1229 1597 14833 16187 16187 16187
3842 3171 16187 16187 4931 4776 6006 16187 14237 8569 8712 8710 4776 1138 926 926
1655 12233 14180 3102 8719 9222 3171 10917 10033 13348 16187 13348 16187 8656 16187 7937
4776 1754 8001 3177 4776 14640 926 5629 13660 8268 4538 14237 10394 6672 16187 16187
3842 3171 16187 16187 4931 4776 6006 16187 14237 8569 8712 8710 4776 1138 926 926
1655 12233 14180 3102 8719 9222 3171 10917 10033 13348 16187 13348 16187 8656 16187 7937
4776 3942 8710 5463 14069 5867 6280 6259 9438 16108 4776 9139 8069 11674 16187 16187
3842 3171 16187 16187 4931 4776 6006 16187 14237 8569 8712 8710 4776 1138 926 926
1655 12233 14180 3102 8719 9222 3171 10917 10033 13348 16187 13348 16187 8656 16187 7937
9431 1378 4931 6259 14426 10033 5332 15956 1955 6042 7610 13341 16187 16187 16187 16187
3842 3171 16187 16187 4931 4776 6006 16187 14237 8569 8712 8710 4776 1138 926 926
1655 12233 14180 3102 8719 9222 3171 10917 10033 13348 16187 13348 16187 8656 16187 7937
3171 10716 779 12233 2823 4776 564 13607 2563 8084 16105 13348 16187 16187 16187 16187
3842 3171 16187 16187 4931 4776 6006 16187 14237 8569 8712 8710 4776 1138 926 926
1655 12233 14180 3102 8719 9222 3171 10917 10033 13348 16187 13348 16187 8656 16187 7937
4776 100 6683 8268 9311 8268 14237 1865 11889 5820 13720 10051 16187 16187 16187 16187
3842 3171 16187 16187 4931 4776 6006 16187 14237 8569 8712 8710 4776 1138 926 926
1655 12233 14180 3102 8719 9222 3171 10917 10033 13348 16187 13348 16187 8656 16187 7937
