6011 4552 9754 10503 9070 2598 16187 16187 16187 16187 16187 16187 16187 16187 16187 16187
3842 3171 16187 16187 4931 4776 6006 16187 16187 11646 14237 6259 15819 11646 16187 16187
1655 12233 14180 3102 8719 9222 3171 10917 10033 13348 16187 8719 4776 2563 16187 16187
15846 13852 2823 14635 9591 12233 7820 6826 15433 14029 3171 830 9070 2598 16187 16187
3842 3171 16187 16187 4931 4776 6006 16187 16187 11646 14237 6259 15819 11646 16187 16187
1655 12233 14180 3102 8719 9222 3171 10917 10033 13348 16187 8719 4776 2563 16187 16187
203 9084 6011 4552 8712 8268 8557 8900 2598 16187 16187 16187 16187 16187 16187 16187
3842 3171 16187 16187 4931 4776 6006 16187 16187 11646 14237 6259 15819 11646 16187 16187
1655 12233 14180 3102 8719 9222 3171 10917 10033 13348 16187 8719 4776 2563 16187 16187
3171 870 8710 6535 630 11889 4776 1281 16187 16187 16187 16187 16187 16187 16187 16187
3842 3171 16187 16187 4931 4776 6006 16187 16187 11646 14237 6259 15819 11646 16187 16187
1655 12233 14180 3102 8719 9222 3171 10917 10033 13348 16187 8719 4776 2563 16187 16187
926 8710 5329 12495 15884 12233 10751 14043 9702 16187 16187 16187 16187 16187 16187 16187
3842 3171 16187 16187 4931 4776 6006 16187 16187 11646 14237 6259 15819 11646 16187 16187
1655 12233 14180 3102 8719 9222 3171 10917 10033 13348 16187 8719 4776 2563 16187 16187
926 926 926 5867 9534 3112 4776 14986 1378 14180 12495 4687 12233 15002 16187 16187
3842 3171 16187 16187 4931 4776 6006 16187 16187 11646 14237 6259 15819 11646 16187 16187
1655 12233 14180 3102 8719 9222 3171 10917 10033 13348 16187 8719 4776 2563 16187 16187
7926 12260 11553 12766 2606 1955 7926 926 12233 2823 6259 10501 3177 3171 16187 16187
3842 3171 16187 16187 4931 4776 6006 16187 16187 11646 14237 6259 15819 11646 16187 16187
1655 12233 14180 3102 8719 9222 3171 10917 10033 13348 16187 8719 4776 2563 16187 16187
4776 5820 3597 8710 6259 8794 1750 1919 7310 1983 16187 16187 16187 16187 16187 16187
3842 3171 16187 16187 4931 4776 6006 16187 16187 11646 14237 6259 15819 11646 16187 16187
1655 12233 14180 3102 8719 9222 3171 10917 10033 13348 16187 8719 4776 2563 16187 16187
950 8268 7926 4184 6259 11453 14912 14237 4931 6535 12768 16187 16187 16187 16187 16187
3842 3171 16187 16187 4931 4776 6006 16187 16187 11646 14237 6259 15819 11646 16187 16187
1655 12233 14180 3102 8719 9222 3171 10917 10033 13348 16187 8719 4776 2563 16187 16187
14180 14776 899 8268 14180 3609 7742 830 10394 8719 3171 10033 16187 16187 16187 16187
3842 3171 16187 16187 4931 4776 6006 16187 16187 11646 14237 6259 15819 11646 16187 16187
1655 12233 14180 3102 8719 9222 3171 10917 10033 13348 16187 8719 4776 2563 16187 16187
4776 3366 14150 6259 15335 7986 14237 8268 14324 8268 3847 12958 816 16187 16187 16187
3842 3171 16187 16187 4931 4776 6006 16187 16187 11646 14237 6259 15819 11646 16187 16187
1655 12233 14180 3102 8719 9222 3171 10917 10033 13348 16187 8719 4776 2563 16187 16187
1378 3177 4776 564 5852 14373 5388 15525 14069 13348 16187 16187 16187 16187 16187 16187
3842 3171 16187 16187 4931 4776 6006 16187 16187 11646 14237 6259 15819 11646 16187 16187
1655 12233 14180 3102 8719 9222 3171 10917 10033 13348 16187 8719 4776 2563 16187 16187
7740 771 12233 1042 4776 8181 16187 16187 16187 16187 16187 16187 16187 16187 16187 16187
3842 3171 16187 16187 4931 4776 6006 16187 16187 11646 14237 6259 15819 11646 16187 16187
1655 12233 14180 3102 8719 9222 3171 10917 10033 13348 16187 8719 4776 2563 16187 16187
12307 16187 16187 16187 16187 16187 16187 16187 16187 16187 16187 16187 16187 16187 16187 16187
3842 3171 16187 16187 4931 4776 6006 16187 16187 11646 14237 6259 15819 11646 16187 16187
1655 12233 14180 3102 8719 9222 3171 10917 10033 13348 16187 8719 4776 2563 16187 16187
14272 7740 12102 11953 3171 9577 8710 203 12105 4776 13141 14776 13663 16187 16187 16187
3842 3171 16187 16187 4931 4776 6006 16187 16187 11646 14237 6259 15819 11646 16187 16187
1655 12233 14180 3102 8719 9222 3171 10917 10033 13348 16187 8719 4776 2563 16187 16187
2552 4312 14180 8726 6011 9605 6259 3984 13348 13348 16187 16187 16187 16187 16187 16187
3842 3171 16187 16187 4931 4776 6006 16187 16187 11646 14237 6259 15819 11646 16187 16187
1655 12233 14180 3102 8719 9222 3171 10917 10033 13348 16187 8719 4776 2563 16187 16187
6640 8712 6179 137 8712 15881 10324 5937 12883 2384 16187 16187 16187 16187 16187 16187
3842 3171 16187 16187 4931 4776 6006 16187 16187 11646 14237 6259 15819 11646 16187 16187
1655 12233 14180 3102 8719 9222 3171 10917 10033 13348 16187 8719 4776 2563 16187 16187
12232 8712 1436 1138 4791 830 10315 2598 5711 16187 16187 16187 16187 16187 16187 16187
3842 3171 16187 16187 4931 4776 6006 16187 16187 11646 14237 6259 15819 11646 16187 16187
1655 12233 14180 3102 8719 9222 3171 10917 10033 13348 16187 8719 4776 2563 16187 16187
12008 8268 1955 4776 15388 2894 13197 8268 1138 6683 15754 5711 16187 16187 16187 16187
3842 3171 16187 16187 4931 4776 6006 16187 16187 11646 14237 6259 15819 11646 16187 16187
1655 12233 14180 3102 8719 9222 3171 10917 10033 13348 16187 8719 4776 2563 16187 16187
1955 830 4776 6854 14069 14776 13084 15721 12233 5993 8712 16187 16187 16187 16187 16187
3842 3171 16187 16187 4931 4776 6006 16187 16187 11646 14237 6259 15819 11646 16187 16187
1655 12233 14180 3102 8719 9222 3171 10917 10033 13348 16187 8719 4776 2563 16187 16187
4443 926 8710 6259 2689 8268 7931 14237 1138 926 14457 5711 2627 16187 16187 16187
3842 3171 16187 16187 4931 4776 6006 16187 16187 11646 14237 6259 15819 11646 16187 16187
1655 12233 14180 3102 8719 9222 3171 10917 10033 13348 16187 8719 4776 2563 16187 16187
926 1170 8719 12835 8268 8719 8075 8268 15876 8268 14399 8268 14237 10567 16187 16187
3842 3171 16187 16187 4931 4776 6006 16187 16187 11646 14237 6259 15819 11646 16187 16187
1655 12233 14180 3102 8719 9222 3171 10917 10033 13348 16187 8719 4776 2563 16187 16187
4404 8710 384 2543 8719 1378 13811 14237 4311 3112 1954 15451 10072 195 16187 16187
3842 3171 16187 16187 4931 4776 6006 16187 16187 11646 14237 6259 15819 11646 16187 16187
1655 12233 14180 3102 8719 9222 3171 10917 10033 13348 16187 8719 4776 2563 16187 16187
3842 1957 14180 1737 16187 16187 16187 16187 16187 16187 16187 16187 16187 16187 16187 16187
3842 3171 16187 16187 4931 4776 6006 16187 16187 11646 14237 6259 15819 11646 16187 16187
1655 12233 14180 3102 8719 9222 3171 10917 10033 13348 16187 8719 4776 2563 16187 16187
926 8268 4776 3011 2053 926 9498 4103 8268 4931 5329 15174 16187 16187 16187 16187
3842 3171 16187 16187 4931 4776 6006 16187 16187 11646 14237 6259 15819 11646 16187 16187
1655 12233 14180 3102 8719 9222 3171 10917 10033 13348 16187 8719 4776 2563 16187 16187
8069 4776 10355 9288 2598 16187 16187 16187 16187 16187 16187 16187 16187 16187 16187 16187
3842 3171 16187 16187 4931 4776 6006 16187 16187 11646 14237 6259 15819 11646 16187 16187
1655 12233 14180 3102 8719 9222 3171 10917 10033 13348 16187 8719 4776 2563 16187 16187
14237 14180 3177 3171 8710 10471 13907 6259 4707 12349 8920 16187 16187 16187 16187 16187
3842 3171 16187 16187 4931 4776 6006 16187 16187 11646 14237 6259 15819 11646 16187 16187
1655 12233 14180 3102 8719 9222 3171 10917 10033 13348 16187 8719 4776 2563 16187 16187
9689 16146 8269 8268 926 540 537 12233 4776 10033 5867 3513 16187 16187 16187 16187
3842 3171 16187 16187 4931 4776 6006 16187 16187 11646 14237 6259 15819 11646 16187 16187
1655 12233 14180 3102 8719 9222 3171 10917 10033 13348 16187 8719 4776 2563 16187 16187
7740 973 10518 12233 14581 8017 830 3171 926 2598 16187 16187 16187 16187 16187 16187
3842 3171 16187 16187 4931 4776 6006 16187 16187 11646 14237 6259 15819 11646 16187 16187
1655 12233 14180 3102 8719 9222 3171 10917 10033 13348 16187 8719 4776 2563 16187 16187
4776 15416 14237 13587 926 2903 16187 16187 16187 16187 16187 16187 16187 16187 16187 16187
3842 3171 16187 16187 4931 4776 6006 16187 16187 11646 14237 6259 15819 11646 16187 16187
1655 12233 14180 3102 8719 9222 3171 10917 10033 13348 16187 8719 4776 2563 16187 16187
4552 9754 9786 8712 13592 8456 1957 14180 16187 16187 16187 16187 16187 16187 16187 16187
3842 3171 16187 16187 4931 4776 6006 16187 16187 11646 14237 6259 15819 11646 16187 16187
1655 12233 14180 3102 8719 9222 3171 10917 10033 13348 16187 8719 4776 2563 16187 16187
13089 15846 8712 12298 2598 16187 16187 16187 16187 16187 16187 16187 16187 16187 16187 16187
3842 3171 16187 16187 4931 4776 6006 16187 16187 11646 14237 6259 15819 11646 16187 16187
1655 12233 14180 3102 8719 9222 3171 10917 10033 13348 16187 8719 4776 2563 16187 16187
3177 1245 4776 6161 8719 8081 12216 3364 2823 9461 5548 16187 16187 16187 16187 16187
3842 3171 16187 16187 4931 4776 6006 16187 16187 11646 14237 6259 15819 11646 16187 16187
1655 12233 14180 3102 8719 9222 3171 10917 10033 13348 16187 8719 4776 2563 16187 16187
7740 1950 16187 16187 16187 16187 16187 16187 16187 16187 16187 16187 16187 16187 16187 16187
3842 3171 16187 16187 4931 4776 6006 16187 16187 11646 14237 6259 15819 11646 16187 16187
1655 12233 14180 3102 8719 9222 3171 10917 10033 13348 16187 8719 4776 2563 16187 16187
926 13348 16187 16187 16187 16187 16187 16187 16187 16187 16187 16187 16187 16187 16187 16187
3842 3171 16187 16187 4931 4776 6006 16187 16187 11646 14237 6259 15819 11646 16187 16187
1655 12233 14180 3102 8719 9222 3171 10917 10033 13348 16187 8719 4776 2563 16187 16187
7740 4931 6297 2292 8719 2837 4776 6568 14237 9546 10355 9831 12233 2552 3171 16187
3842 3171 16187 16187 4931 4776 6006 16187 16187 11646 14237 6259 15819 11646 16187 16187
1655 12233 14180 3102 8719 9222 3171 10917 10033 13348 16187 8719 4776 2563 16187 16187
6259 3211 10978 2598 16187 16187 16187 16187 16187 16187 16187 16187 16187 16187 16187 16187
3842 3171 16187 16187 4931 4776 6006 16187 16187 11646 14237 6259 15819 11646 16187 16187
1655 12233 14180 3102 8719 9222 3171 10917 10033 13348 16187 8719 4776 2563 16187 16187
14237 4776 5031 14776 4537 6882 16187 16187 16187 16187 16187 16187 16187 16187 16187 16187
3842 3171 16187 16187 4931 4776 6006 16187 16187 11646 14237 6259 15819 11646 16187 16187
1655 12233 14180 3102 8719 9222 3171 10917 10033 13348 16187 8719 4776 2563 16187 16187
1439 5867 10616 7117 926 12820 12431 2263 5946 91 16187 16187 16187 16187 16187 16187
3842 3171 16187 16187 4931 4776 6006 16187 16187 11646 14237 6259 15819 11646 16187 16187
1655 12233 14180 3102 8719 9222 3171 10917 10033 13348 16187 8719 4776 2563 16187 16187
8069 13089 14069 8710 6259 15819 9290 8268 7926 8710 8857 15831 1955 6259 15387 16187
3842 3171 16187 16187 4931 4776 6006 16187 16187 11646 14237 6259 15819 11646 16187 16187
1655 12233 14180 3102 8719 9222 3171 10917 10033 13348 16187 8719 4776 2563 16187 16187
15408 8268 8712 4931 11889 15715 6259 11253 8073 16187 16187 16187 16187 16187 16187 16187
3842 3171 16187 16187 4931 4776 6006 16187 16187 11646 14237 6259 15819 11646 16187 16187
1655 12233 14180 3102 8719 9222 3171 10917 10033 13348 16187 8719 4776 2563 16187 16187
13775 4906 8607 2598 16187 16187 16187 16187 16187 16187 16187 16187 16187 16187 16187 16187
3842 3171 16187 16187 4931 4776 6006 16187 16187 11646 14237 6259 15819 11646 16187 16187
1655 12233 14180 3102 8719 9222 3171 10917 10033 13348 16187 8719 4776 2563 16187 16187
8712 16105 13084 2191 8268 4931 10063 2608 8268 14237 4776 14596 4931 9813 12666 16187
3842 3171 16187 16187 4931 4776 6006 16187 16187 11646 14237 6259 15819 11646 16187 16187
1655 12233 14180 3102 8719 9222 3171 10917 10033 13348 16187 8719 4776 2563 16187 16187
1378 3177 12276 1860 1133 3177 11087 4931 926 16187 16187 16187 16187 16187 16187 16187
3842 3171 16187 16187 4931 4776 6006 16187 16187 11646 14237 6259 15819 11646 16187 16187
1655 12233 14180 3102 8719 9222 3171 10917 10033 13348 16187 8719 4776 2563 16187 16187
926 8017 16187 16187 16187 16187 16187 16187 16187 16187 16187 16187 16187 16187 16187 16187
3842 3171 16187 16187 4931 4776 6006 16187 16187 11646 14237 6259 15819 11646 16187 16187
1655 12233 14180 3102 8719 9222 3171 10917 10033 13348 16187 8719 4776 2563 16187 16187
14069 8710 630 5463 8710 8781 1381 830 12346 8719 3171 10033 16187 16187 16187 16187
3842 3171 16187 16187 4931 4776 6006 16187 16187 11646 14237 6259 15819 11646 16187 16187
1655 12233 14180 3102 8719 9222 3171 10917 10033 13348 16187 8719 4776 2563 16187 16187
14691 5463 3364 8069 2823 16105 10770 3177 16187 16187 16187 16187 16187 16187 16187 16187
3842 3171 16187 16187 4931 4776 6006 16187 16187 11646 14237 6259 15819 11646 16187 16187
1655 12233 14180 3102 8719 9222 3171 10917 10033 13348 16187 8719 4776 2563 16187 16187
8712 5867 6259 6140 10978 5463 11301 10781 6070 7742 14237 8710 6070 5217 15902 16187
3842 3171 16187 16187 4931 4776 6006 16187 16187 11646 14237 6259 15819 11646 16187 16187
1655 12233 14180 3102 8719 9222 3171 10917 10033 13348 16187 8719 4776 2563 16187 16187
4624 2552 6826 3177 4776 926 1750 2308 16187 16187 16187 16187 16187 16187 16187 16187
3842 3171 16187 16187 4931 4776 6006 16187 16187 11646 14237 6259 15819 11646 16187 16187
1655 12233 14180 3102 8719 9222 3171 10917 10033 13348 16187 8719 4776 2563 16187 16187
926 16187 16187 16187 16187 16187 16187 16187 16187 16187 16187 16187 16187 16187 16187 16187
3842 3171 16187 16187 4931 4776 6006 16187 16187 11646 14237 6259 15819 11646 16187 16187
1655 12233 14180 3102 8719 9222 3171 10917 10033 13348 16187 8719 4776 2563 16187 16187
5332 7740 1951 5329 487 8712 771 8172 8339 16187 16187 16187 16187 16187 16187 16187
3842 3171 16187 16187 4931 4776 6006 16187 16187 11646 14237 6259 15819 11646 16187 16187
1655 12233 14180 3102 8719 9222 3171 10917 10033 13348 16187 8719 4776 2563 16187 16187
4776 4750 8858 8710 630 8268 630 2148 512 6259 6071 10033 16187 16187 16187 16187
3842 3171 16187 16187 4931 4776 6006 16187 16187 11646 14237 6259 15819 11646 16187 16187
1655 12233 14180 3102 8719 9222 3171 10917 10033 13348 16187 8719 4776 2563 16187 16187
4624 2552 4776 677 14418 284 1919 5363 11326 14180 12349 4776 7157 16187 16187 16187
3842 3171 16187 16187 4931 4776 6006 16187 16187 11646 14237 6259 15819 11646 16187 16187
1655 12233 14180 3102 8719 9222 3171 10917 10033 13348 16187 8719 4776 2563 16187 16187
14734 13110 4440 10719 4776 2563 14776 6259 7652 12233 12650 16187 16187 16187 16187 16187
3842 3171 16187 16187 4931 4776 6006 16187 16187 11646 14237 6259 15819 11646 16187 16187
1655 12233 14180 3102 8719 9222 3171 10917 10033 13348 16187 8719 4776 2563 16187 16187
2552 564 8719 9577 8268 6259 9816 10967 2353 8557 2385 16187 16187 16187 16187 16187
3842 3171 16187 16187 4931 4776 6006 16187 16187 11646 14237 6259 15819 11646 16187 16187
1655 12233 14180 3102 8719 9222 3171 10917 10033 13348 16187 8719 4776 2563 16187 16187
2348 8268 830 176 8268 926 926 8268 5967 12233 1865 6259 926 926 16187 16187
3842 3171 16187 16187 4931 4776 6006 16187 16187 11646 14237 6259 15819 11646 16187 16187
1655 12233 14180 3102 8719 9222 3171 10917 10033 13348 16187 8719 4776 2563 16187 16187
7740 10716 9084 5329 10603 3171 2563 6070 12606 16187 16187 16187 16187 16187 16187 16187
3842 3171 16187 16187 4931 4776 6006 16187 16187 11646 14237 6259 15819 11646 16187 16187
1655 12233 14180 3102 8719 9222 3171 10917 10033 13348 16187 8719 4776 2563 16187 16187
7740 12232 11553 6635 12233 10603 15525 16108 8810 15621 8719 15302 4776 11377 643 16187
3842 3171 16187 16187 4931 4776 6006 16187 16187 11646 14237 6259 15819 11646 16187 16187
1655 12233 14180 3102 8719 9222 3171 10917 10033 13348 16187 8719 4776 2563 16187 16187
14043 15870 8712 5867 5852 2053 16146 4927 2053 9094 16187 16187 16187 16187 16187 16187
3842 3171 16187 16187 4931 4776 6006 16187 16187 11646 14237 6259 15819 11646 16187 16187
1655 12233 14180 3102 8719 9222 3171 10917 10033 13348 16187 8719 4776 2563 16187 16187
7740 4261 4776 8662 10400 6423 8712 16187 16187 16187 16187 16187 16187 16187 16187 16187
3842 3171 16187 16187 4931 4776 6006 16187 16187 11646 14237 6259 15819 11646 16187 16187
1655 12233 14180 3102 8719 9222 3171 10917 10033 13348 16187 8719 4776 2563 16187 16187
926 11957 14745 1955 1954 817 5459 14237 3638 14745 14029 6259 13868 16187 16187 16187
3842 3171 16187 16187 4931 4776 6006 16187 16187 11646 14237 6259 15819 11646 16187 16187
1655 12233 14180 3102 8719 9222 3171 10917 10033 13348 16187 8719 4776 2563 16187 16187
3171 8710 10373 1378 3177 4776 4267 1133 7740 11553 8084 8466 16187 16187 16187 16187
3842 3171 16187 16187 4931 4776 6006 16187 16187 11646 14237 6259 15819 11646 16187 16187
1655 12233 14180 3102 8719 9222 3171 10917 10033 13348 16187 8719 4776 2563 16187 16187
2326 2598 16187 16187 16187 16187 16187 16187 16187 16187 16187 16187 16187 16187 16187 16187
3842 3171 16187 16187 4931 4776 6006 16187 16187 11646 14237 6259 15819 11646 16187 16187
1655 12233 14180 3102 8719 9222 3171 10917 10033 13348 16187 8719 4776 2563 16187 16187
926 5086 12233 4776 926 9330 16187 16187 16187 16187 16187 16187 16187 16187 16187 16187
3842 3171 16187 16187 4931 4776 6006 16187 16187 11646 14237 6259 15819 11646 16187 16187
1655 12233 14180 3102 8719 9222 3171 10917 10033 13348 16187 8719 4776 2563 16187 16187
6259 3011 8268 10355 15 7831 926 3418 8719 3171 7340 10033 16187 16187 16187 16187
3842 3171 16187 16187 4931 4776 6006 16187 16187 11646 14237 6259 15819 11646 16187 16187
1655 12233 14180 3102 8719 9222 3171 10917 10033 13348 16187 8719 4776 2563 16187 16187
15152 13348 13348 16187 16187 16187 16187 16187 16187 16187 16187 16187 16187 16187 16187 16187
3842 3171 16187 16187 4931 4776 6006 16187 16187 11646 14237 6259 15819 11646 16187 16187
1655 12233 14180 3102 8719 9222 3171 10917 10033 13348 16187 8719 4776 2563 16187 16187
14069 14776 5568 6259 15335 3766 1543 4776 4407 12516 926 8710 5580 6259 9001 16187
3842 3171 16187 16187 4931 4776 6006 16187 16187 11646 14237 6259 15819 11646 16187 16187
1655 12233 14180 3102 8719 9222 3171 10917 10033 13348 16187 8719 4776 2563 16187 16187
926 8268 926 13549 2904 6259 13121 8268 926 16187 16187 16187 16187 16187 16187 16187
3842 3171 16187 16187 4931 4776 6006 16187 16187 11646 14237 6259 15819 11646 16187 16187
1655 12233 14180 3102 8719 9222 3171 10917 10033 13348 16187 8719 4776 2563 16187 16187
14237 4311 4624 8093 13637 11953 8712 10036 16187 16187 16187 16187 16187 16187 16187 16187
3842 3171 16187 16187 4931 4776 6006 16187 16187 11646 14237 6259 15819 11646 16187 16187
1655 12233 14180 3102 8719 9222 3171 10917 10033 13348 16187 8719 4776 2563 16187 16187
15274 3543 11553 13758 15525 10217 4891 14237 13237 1243 2968 16187 16187 16187 16187 16187
3842 3171 16187 16187 4931 4776 6006 16187 16187 11646 14237 6259 15819 11646 16187 16187
1655 12233 14180 3102 8719 9222 3171 10917 10033 13348 16187 8719 4776 2563 16187 16187
7740 8154 6011 1453 6259 6929 7344 16187 16187 16187 16187 16187 16187 16187 16187 16187
3842 3171 16187 16187 4931 4776 6006 16187 16187 11646 14237 6259 15819 11646 16187 16187
1655 12233 14180 3102 8719 9222 3171 10917 10033 13348 16187 8719 4776 2563 16187 16187
1883 8268 1543 4776 926 3609 8710 14652 16187 16187 16187 16187 16187 16187 16187 16187
3842 3171 16187 16187 4931 4776 6006 16187 16187 11646 14237 6259 15819 11646 16187 16187
1655 12233 14180 3102 8719 9222 3171 10917 10033 13348 16187 8719 4776 2563 16187 16187
1834 926 8710 6070 12606 1955 926 14237 926 4039 8710 8664 1955 926 16187 16187
3842 3171 16187 16187 4931 4776 6006 16187 16187 11646 14237 6259 15819 11646 16187 16187
1655 12233 14180 3102 8719 9222 3171 10917 10033 13348 16187 8719 4776 2563 16187 16187
9850 16187 16187 16187 16187 16187 16187 16187 16187 16187 16187 16187 16187 16187 16187 16187
3842 3171 16187 16187 4931 4776 6006 16187 16187 11646 14237 6259 15819 11646 16187 16187
1655 12233 14180 3102 8719 9222 3171 10917 10033 13348 16187 8719 4776 2563 16187 16187
9605 4776 100 5022 8268 13784 4776 12972 14237 12149 13348 16187 16187 16187 16187 16187
3842 3171 16187 16187 4931 4776 6006 16187 16187 11646 14237 6259 15819 11646 16187 16187
1655 12233 14180 3102 8719 9222 3171 10917 10033 13348 16187 8719 4776 2563 16187 16187
15389 12260 7001 223 8726 7926 11553 2327 5463 16187 16187 16187 16187 16187 16187 16187
3842 3171 16187 16187 4931 4776 6006 16187 16187 11646 14237 6259 15819 11646 16187 16187
1655 12233 14180 3102 8719 9222 3171 10917 10033 13348 16187 8719 4776 2563 16187 16187
13084 1378 12431 7491 8268 10879 14043 1157 16187 16187 16187 16187 16187 16187 16187 16187
3842 3171 16187 16187 4931 4776 6006 16187 16187 11646 14237 6259 15819 11646 16187 16187
1655 12233 14180 3102 8719 9222 3171 10917 10033 13348 16187 8719 4776 2563 16187 16187
4776 8213 1909 9290 8710 3278 1747 10770 16187 16187 16187 16187 16187 16187 16187 16187
3842 3171 16187 16187 4931 4776 6006 16187 16187 11646 14237 6259 15819 11646 16187 16187
1655 12233 14180 3102 8719 9222 3171 10917 10033 13348 16187 8719 4776 2563 16187 16187
1229 3171 10501 4931 2446 16105 6259 3098 8855 3177 5138 16187 16187 16187 16187 16187
3842 3171 16187 16187 4931 4776 6006 16187 16187 11646 14237 6259 15819 11646 16187 16187
1655 12233 14180 3102 8719 9222 3171 10917 10033 13348 16187 8719 4776 2563 16187 16187
1378 5208 10373 2552 15662 3171 9084 9754 12782 4776 1081 14029 2643 16187 16187 16187
3842 3171 16187 16187 4931 4776 6006 16187 16187 11646 14237 6259 15819 11646 16187 16187
1655 12233 14180 3102 8719 9222 3171 10917 10033 13348 16187 8719 4776 2563 16187 16187
3436 5388 14734 926 926 15978 7926 1819 926 9653 8710 2326 6259 11769 15316 16187
3842 3171 16187 16187 4931 4776 6006 16187 16187 11646 14237 6259 15819 11646 16187 16187
1655 12233 14180 3102 8719 9222 3171 10917 10033 13348 16187 8719 4776 2563 16187 16187
4776 9450 33 6152 703 9498 2446 11923 16187 16187 16187 16187 16187 16187 16187 16187
3842 3171 16187 16187 4931 4776 6006 16187 16187 11646 14237 6259 15819 11646 16187 16187
1655 12233 14180 3102 8719 9222 3171 10917 10033 13348 16187 8719 4776 2563 16187 16187
11180 926 8710 6259 5820 2051 4776 10166 14352 9450 11953 16187 16187 16187 16187 16187
3842 3171 16187 16187 4931 4776 6006 16187 16187 11646 14237 6259 15819 11646 16187 16187
1655 12233 14180 3102 8719 9222 3171 10917 10033 13348 16187 8719 4776 2563 16187 16187
14031 9743 6341 100 13348 16187 16187 16187 16187 16187 16187 16187 16187 16187 16187 16187
3842 3171 16187 16187 4931 4776 6006 16187 16187 11646 14237 6259 15819 11646 16187 16187
1655 12233 14180 3102 8719 9222 3171 10917 10033 13348 16187 8719 4776 2563 16187 16187
12008 7740 14581 5463 3171 2563 4931 8423 6259 4710 830 14745 16187 16187 16187 16187
3842 3171 16187 16187 4931 4776 6006 16187 16187 11646 14237 6259 15819 11646 16187 16187
1655 12233 14180 3102 8719 9222 3171 10917 10033 13348 16187 8719 4776 2563 16187 16187
447 16187 16187 16187 16187 16187 16187 16187 16187 16187 16187 16187 16187 16187 16187 16187
3842 3171 16187 16187 4931 4776 6006 16187 16187 11646 14237 6259 15819 11646 16187 16187
1655 12233 14180 3102 8719 9222 3171 10917 10033 13348 16187 8719 4776 2563 16187 16187
6070 10355 13348 16187 16187 16187 16187 16187 16187 16187 16187 16187 16187 16187 16187 16187
3842 3171 16187 16187 4931 4776 6006 16187 16187 11646 14237 6259 15819 11646 16187 16187
1655 12233 14180 3102 8719 9222 3171 10917 10033 13348 16187 8719 4776 2563 16187 16187
569 3177 6054 13657 8710 14561 8719 1955 703 5743 16187 16187 16187 16187 16187 16187
3842 3171 16187 16187 4931 4776 6006 16187 16187 11646 14237 6259 15819 11646 16187 16187
1655 12233 14180 3102 8719 9222 3171 10917 10033 13348 16187 8719 4776 2563 16187 16187
926 1954 10720 5212 926 8268 4325 10838 12127 926 15987 830 9590 16187 16187 16187
3842 3171 16187 16187 4931 4776 6006 16187 16187 11646 14237 6259 15819 11646 16187 16187
1655 12233 14180 3102 8719 9222 3171 10917 10033 13348 16187 8719 4776 2563 16187 16187
7740 9084 9429 8712 4931 10355 8268 1919 1954 12256 14237 6070 2002 4152 16187 16187
3842 3171 16187 16187 4931 4776 6006 16187 16187 11646 14237 6259 15819 11646 16187 16187
1655 12233 14180 3102 8719 9222 3171 10917 10033 13348 16187 8719 4776 2563 16187 16187
4776 10418 8710 232 14237 4493 8268 8726 3559 16187 16187 16187 16187 16187 16187 16187
3842 3171 16187 16187 4931 4776 6006 16187 16187 11646 14237 6259 15819 11646 16187 16187
1655 12233 14180 3102 8719 9222 3171 10917 10033 13348 16187 8719 4776 2563 16187 16187
6173 16187 16187 16187 16187 16187 16187 16187 16187 16187 16187 16187 16187 16187 16187 16187
3842 3171 16187 16187 4931 4776 6006 16187 16187 11646 14237 6259 15819 11646 16187 16187
1655 12233 14180 3102 8719 9222 3171 10917 10033 13348 16187 8719 4776 2563 16187 16187
1954 12606 10033 5463 7740 926 4931 2148 8719 6985 16187 16187 16187 16187 16187 16187
3842 3171 16187 16187 4931 4776 6006 16187 16187 11646 14237 6259 15819 11646 16187 16187
1655 12233 14180 3102 8719 9222 3171 10917 10033 13348 16187 8719 4776 2563 16187 16187
4776 8808 5867 8979 4776 14596 16187 16187 16187 16187 16187 16187 16187 16187 16187 16187
3842 3171 16187 16187 4931 4776 6006 16187 16187 11646 14237 6259 15819 11646 16187 16187
1655 12233 14180 3102 8719 9222 3171 10917 10033 13348 16187 8719 4776 2563 16187 16187
12650 3171 2563 13348 16187 16187 16187 16187 16187 16187 16187 16187 16187 16187 16187 16187
3842 3171 16187 16187 4931 4776 6006 16187 16187 11646 14237 6259 15819 11646 16187 16187
1655 12233 14180 3102 8719 9222 3171 10917 10033 13348 16187 8719 4776 2563 16187 16187
7740 3364 9754 14192 7401 15658 4931 16041 16148 14043 203 16187 16187 16187 16187 16187
3842 3171 16187 16187 4931 4776 6006 16187 16187 11646 14237 6259 15819 11646 16187 16187
1655 12233 14180 3102 8719 9222 3171 10917 10033 13348 16187 8719 4776 2563 16187 16187
7032 4312 8153 8913 14237 9445 14029 16187 16187 16187 16187 16187 16187 16187 16187 16187
3842 3171 16187 16187 4931 4776 6006 16187 16187 11646 14237 6259 15819 11646 16187 16187
1655 12233 14180 3102 8719 9222 3171 10917 10033 13348 16187 8719 4776 2563 16187 16187
1378 9290 1378 5738 1378 1787 13348 16187 16187 16187 16187 16187 16187 16187 16187 16187
3842 3171 16187 16187 4931 4776 6006 16187 16187 11646 14237 6259 15819 11646 16187 16187
1655 12233 14180 3102 8719 9222 3171 10917 10033 13348 16187 8719 4776 2563 16187 16187
926 2598 16187 16187 16187 16187 16187 16187 16187 16187 16187 16187 16187 16187 16187 16187
3842 3171 16187 16187 4931 4776 6006 16187 16187 11646 14237 6259 15819 11646 16187 16187
1655 12233 14180 3102 8719 9222 3171 10917 10033 13348 16187 8719 4776 2563 16187 16187
5627 15525 3177 14139 3418 16187 16187 16187 16187 16187 16187 16187 16187 16187 16187 16187
3842 3171 16187 16187 4931 4776 6006 16187 16187 11646 14237 6259 15819 11646 16187 16187
1655 12233 14180 3102 8719 9222 3171 10917 10033 13348 16187 8719 4776 2563 16187 16187
8213 14237 2689 16187 16187 16187 16187 16187 16187 16187 16187 16187 16187 16187 16187 16187
3842 3171 16187 16187 4931 4776 6006 16187 16187 11646 14237 6259 15819 11646 16187 16187
1655 12233 14180 3102 8719 9222 3171 10917 10033 13348 16187 8719 4776 2563 16187 16187
8712 8710 630 4776 9790 830 3171 2563 16187 16187 16187 16187 16187 16187 16187 16187
3842 3171 16187 16187 4931 4776 6006 16187 16187 11646 14237 6259 15819 11646 16187 16187
1655 12233 14180 3102 8719 9222 3171 10917 10033 13348 16187 8719 4776 2563 16187 16187
12008 14272 4552 4325 2326 15840 14029 1583 2598 16187 16187 16187 16187 16187 16187 16187
3842 3171 16187 16187 4931 4776 6006 16187 16187 11646 14237 6259 15819 11646 16187 16187
1655 12233 14180 3102 8719 9222 3171 10917 10033 13348 16187 8719 4776 2563 16187 16187
4776 10418 8710 5516 8268 1955 7742 16187 16187 16187 16187 16187 16187 16187 16187 16187
3842 3171 16187 16187 4931 4776 6006 16187 16187 11646 14237 6259 15819 11646 16187 16187
1655 12233 14180 3102 8719 9222 3171 10917 10033 13348 16187 8719 4776 2563 16187 16187
8796 8268 7740 2823 1378 3177 9743 10898 9038 12495 16187 16187 16187 16187 16187 16187
3842 3171 16187 16187 4931 4776 6006 16187 16187 11646 14237 6259 15819 11646 16187 16187
1655 12233 14180 3102 8719 9222 3171 10917 10033 13348 16187 8719 4776 2563 16187 16187
5568 8719 994 830 11953 10217 8274 8268 4776 6606 8710 1954 6987 12518 16187 16187
3842 3171 16187 16187 4931 4776 6006 16187 16187 11646 14237 6259 15819 11646 16187 16187
1655 12233 14180 3102 8719 9222 3171 10917 10033 13348 16187 8719 4776 2563 16187 16187
7926 771 12233 11553 12766 1378 3177 4776 4267 12314 7740 11553 8084 8466 16187 16187
3842 3171 16187 16187 4931 4776 6006 16187 16187 11646 14237 6259 15819 11646 16187 16187
1655 12233 14180 3102 8719 9222 3171 10917 10033 13348 16187 8719 4776 2563 16187 16187
8712 5867 4537 5580 8569 16187 16187 16187 16187 16187 16187 16187 16187 16187 16187 16187
3842 3171 16187 16187 4931 4776 6006 16187 16187 11646 14237 6259 15819 11646 16187 16187
1655 12233 14180 3102 8719 9222 3171 10917 10033 13348 16187 8719 4776 2563 16187 16187
7740 3841 2976 15525 3177 1138 4776 9023 5711 487 1138 926 16187 16187 16187 16187
3842 3171 16187 16187 4931 4776 6006 16187 16187 11646 14237 6259 15819 11646 16187 16187
1655 12233 14180 3102 8719 9222 3171 10917 10033 13348 16187 8719 4776 2563 16187 16187
14069 5867 6259 6378 15662 3171 2563 15729 2903 14029 10372 2167 5777 1622 16187 16187
3842 3171 16187 16187 4931 4776 6006 16187 16187 11646 14237 6259 15819 11646 16187 16187
1655 12233 14180 3102 8719 9222 3171 10917 10033 13348 16187 8719 4776 2563 16187 16187
4776 2563 4537 4342 14237 4776 12760 3384 7740 15846 8093 10080 8712 13348 16187 16187
3842 3171 16187 16187 4931 4776 6006 16187 16187 11646 14237 6259 15819 11646 16187 16187
1655 12233 14180 3102 8719 9222 3171 10917 10033 13348 16187 8719 4776 2563 16187 16187
3811 8710 6259 387 926 16187 16187 16187 16187 16187 16187 16187 16187 16187 16187 16187
3842 3171 16187 16187 4931 4776 6006 16187 16187 11646 14237 6259 15819 11646 16187 16187
1655 12233 14180 3102 8719 9222 3171 10917 10033 13348 16187 8719 4776 2563 16187 16187
15103 779 8727 8719 1229 1597 1486 1955 6259 11757 6041 4776 308 7703 16187 16187
3842 3171 16187 16187 4931 4776 6006 16187 16187 11646 14237 6259 15819 11646 16187 16187
1655 12233 14180 3102 8719 9222 3171 10917 10033 13348 16187 8719 4776 2563 16187 16187
4776 3864 5916 15846 195 3748 6826 13949 8712 2343 8224 8719 6826 3177 2904 16187
3842 3171 16187 16187 4931 4776 6006 16187 16187 11646 14237 6259 15819 11646 16187 16187
1655 12233 14180 3102 8719 9222 3171 10917 10033 13348 16187 8719 4776 2563 16187 16187
5742 2446 3847 7742 8719 7683 10691 10785 5867 10567 16187 16187 16187 16187 16187 16187
3842 3171 16187 16187 4931 4776 6006 16187 16187 11646 14237 6259 15819 11646 16187 16187
1655 12233 14180 3102 8719 9222 3171 10917 10033 13348 16187 8719 4776 2563 16187 16187
1019 4776 926 3177 4776 9020 8911 478 3367 926 7777 926 8710 10682 16187 16187
3842 3171 16187 16187 4931 4776 6006 16187 16187 11646 14237 6259 15819 11646 16187 16187
1655 12233 14180 3102 8719 9222 3171 10917 10033 13348 16187 8719 4776 2563 16187 16187
3171 10033 8268 12716 8268 6227 13592 14075 7478 16187 16187 16187 16187 16187 16187 16187
3842 3171 16187 16187 4931 4776 6006 16187 16187 11646 14237 6259 15819 11646 16187 16187
1655 12233 14180 3102 8719 9222 3171 10917 10033 13348 16187 8719 4776 2563 16187 16187
4776 2296 926 11615 926 779 9450 12233 4189 1919 91 16187 16187 16187 16187 16187
3842 3171 16187 16187 4931 4776 6006 16187 16187 11646 14237 6259 15819 11646 16187 16187
1655 12233 14180 3102 8719 9222 3171 10917 10033 13348 16187 8719 4776 2563 16187 16187
6259 3059 3177 4776 126 1138 926 926 926 5711 8710 2446 14156 16187 16187 16187
3842 3171 16187 16187 4931 4776 6006 16187 16187 11646 14237 6259 15819 11646 16187 16187
1655 12233 14180 3102 8719 9222 3171 10917 10033 13348 16187 8719 4776 2563 16187 16187
9594 14237 13546 16187 16187 16187 16187 16187 16187 16187 16187 16187 16187 16187 16187 16187
3842 3171 16187 16187 4931 4776 6006 16187 16187 11646 14237 6259 15819 11646 16187 16187
1655 12233 14180 3102 8719 9222 3171 10917 10033 13348 16187 8719 4776 2563 16187 16187
7926 14352 5463 14069 8710 2148 12233 3171 443 5867 13726 512 7926 8710 6797 16187
3842 3171 16187 16187 4931 4776 6006 16187 16187 11646 14237 6259 15819 11646 16187 16187
1655 12233 14180 3102 8719 9222 3171 10917 10033 13348 16187 8719 4776 2563 16187 16187
8712 8710 6259 3356 14237 3422 10033 8268 14237 5208 9605 6070 15624 16187 16187 16187
3842 3171 16187 16187 4931 4776 6006 16187 16187 11646 14237 6259 15819 11646 16187 16187
1655 12233 14180 3102 8719 9222 3171 10917 10033 13348 16187 8719 4776 2563 16187 16187
6259 4142 2997 3211 14251 8268 5463 11396 5937 2689 8312 12233 4776 926 16187 16187
3842 3171 16187 16187 4931 4776 6006 16187 16187 11646 14237 6259 15819 11646 16187 16187
1655 12233 14180 3102 8719 9222 3171 10917 10033 13348 16187 8719 4776 2563 16187 16187
14966 5946 16041 9062 16187 16187 16187 16187 16187 16187 16187 16187 16187 16187 16187 16187
3842 3171 16187 16187 4931 4776 6006 16187 16187 11646 14237 6259 15819 11646 16187 16187
1655 12233 14180 3102 8719 9222 3171 10917 10033 13348 16187 8719 4776 2563 16187 16187
11022 2837 926 8268 8004 2588 1138 5820 5711 2563 4931 9137 16187 16187 16187 16187
3842 3171 16187 16187 4931 4776 6006 16187 16187 11646 14237 6259 15819 11646 16187 16187
1655 12233 14180 3102 8719 9222 3171 10917 10033 13348 16187 8719 4776 2563 16187 16187
14734 8179 11900 14776 4142 926 16187 16187 16187 16187 16187 16187 16187 16187 16187 16187
3842 3171 16187 16187 4931 4776 6006 16187 16187 11646 14237 6259 15819 11646 16187 16187
1655 12233 14180 3102 8719 9222 3171 10917 10033 13348 16187 8719 4776 2563 16187 16187
14069 9498 14465 3177 4776 10033 7740 2326 6635 16187 16187 16187 16187 16187 16187 16187
3842 3171 16187 16187 4931 4776 6006 16187 16187 11646 14237 6259 15819 11646 16187 16187
1655 12233 14180 3102 8719 9222 3171 10917 10033 13348 16187 8719 4776 2563 16187 16187
12008 4776 10033 12770 12233 14203 16187 16187 16187 16187 16187 16187 16187 16187 16187 16187
3842 3171 16187 16187 4931 4776 6006 16187 16187 11646 14237 6259 15819 11646 16187 16187
1655 12233 14180 3102 8719 9222 3171 10917 10033 13348 16187 8719 4776 2563 16187 16187
4776 14287 14776 5820 8268 4776 9447 14776 13618 8268 14237 4776 2122 8710 15048 16187
3842 3171 16187 16187 4931 4776 6006 16187 16187 11646 14237 6259 15819 11646 16187 16187
1655 12233 14180 3102 8719 9222 3171 10917 10033 13348 16187 8719 4776 2563 16187 16187
11711 14029 1954 10571 16038 8759 12233 11803 6905 16187 16187 16187 16187 16187 16187 16187
3842 3171 16187 16187 4931 4776 6006 16187 16187 11646 14237 6259 15819 11646 16187 16187
1655 12233 14180 3102 8719 9222 3171 10917 10033 13348 16187 8719 4776 2563 16187 16187
12008 4311 12276 643 12232 9754 8733 830 10355 2563 15480 16187 16187 16187 16187 16187
3842 3171 16187 16187 4931 4776 6006 16187 16187 11646 14237 6259 15819 11646 16187 16187
1655 12233 14180 3102 8719 9222 3171 10917 10033 13348 16187 8719 4776 2563 16187 16187
1229 7926 14352 1543 926 8710 10299 10967 16187 16187 16187 16187 16187 16187 16187 16187
3842 3171 16187 16187 4931 4776 6006 16187 16187 11646 14237 6259 15819 11646 16187 16187
1655 12233 14180 3102 8719 9222 3171 10917 10033 13348 16187 8719 4776 2563 16187 16187
926 5867 7051 4142 447 16187 16187 16187 16187 16187 16187 16187 16187 16187 16187 16187
3842 3171 16187 16187 4931 4776 6006 16187 16187 11646 14237 6259 15819 11646 16187 16187
1655 12233 14180 3102 8719 9222 3171 10917 10033 13348 16187 8719 4776 2563 16187 16187
3171 8710 6259 10399 10033 12233 212 16187 16187 16187 16187 16187 16187 16187 16187 16187
3842 3171 16187 16187 4931 4776 6006 16187 16187 11646 14237 6259 15819 11646 16187 16187
1655 12233 14180 3102 8719 9222 3171 10917 10033 13348 16187 8719 4776 2563 16187 16187
3171 10033 8710 8719 13084 4927 1954 12606 2563 16187 16187 16187 16187 16187 16187 16187
3842 3171 16187 16187 4931 4776 6006 16187 16187 11646 14237 6259 15819 11646 16187 16187
1655 12233 14180 3102 8719 9222 3171 10917 10033 13348 16187 8719 4776 2563 16187 16187
14172 4552 9754 2327 12233 12170 703 16187 16187 16187 16187 16187 16187 16187 16187 16187
3842 3171 16187 16187 4931 4776 6006 16187 16187 11646 14237 6259 15819 11646 16187 16187
1655 12233 14180 3102 8719 9222 3171 10917 10033 13348 16187 8719 4776 2563 16187 16187
14069 4931 5329 6259 10810 8719 4776 10033 5463 9004 223 14043 1120 12233 9070 16187
3842 3171 16187 16187 4931 4776 6006 16187 16187 11646 14237 6259 15819 11646 16187 16187
1655 12233 14180 3102 8719 9222 3171 10917 10033 13348 16187 8719 4776 2563 16187 16187
1229 7740 1453 13084 10312 830 14734 8521 16187 16187 16187 16187 16187 16187 16187 16187
3842 3171 16187 16187 4931 4776 6006 16187 16187 11646 14237 6259 15819 11646 16187 16187
1655 12233 14180 3102 8719 9222 3171 10917 10033 13348 16187 8719 4776 2563 16187 16187
13084 8268 8712 5867 5329 3098 8268 12008 7740 12149 8712 16187 16187 16187 16187 16187
3842 3171 16187 16187 4931 4776 6006 16187 16187 11646 14237 6259 15819 11646 16187 16187
1655 12233 14180 3102 8719 9222 3171 10917 10033 13348 16187 8719 4776 2563 16187 16187
13084 8808 4931 1179 12233 5743 9591 16187 16187 16187 16187 16187 16187 16187 16187 16187
3842 3171 16187 16187 4931 4776 6006 16187 16187 11646 14237 6259 15819 11646 16187 16187
1655 12233 14180 3102 8719 9222 3171 10917 10033 13348 16187 8719 4776 2563 16187 16187
5463 3543 8268 7740 3553 8268 4220 6826 10355 15768 8719 4776 1419 16187 16187 16187
3842 3171 16187 16187 4931 4776 6006 16187 16187 11646 14237 6259 15819 11646 16187 16187
1655 12233 14180 3102 8719 9222 3171 10917 10033 13348 16187 8719 4776 2563 16187 16187
9084 7926 9289 2903 13907 2752 14237 8719 6061 5407 1955 8712 8710 8625 2598 16187
3842 3171 16187 16187 4931 4776 6006 16187 16187 11646 14237 6259 15819 11646 16187 16187
1655 12233 14180 3102 8719 9222 3171 10917 10033 13348 16187 8719 4776 2563 16187 16187
8726 6011 11553 5329 8466 3171 8268 1453 12276 4183 830 8712 16187 16187 16187 16187
3842 3171 16187 16187 4931 4776 6006 16187 16187 11646 14237 6259 15819 11646 16187 16187
1655 12233 14180 3102 8719 9222 3171 10917 10033 13348 16187 8719 4776 2563 16187 16187
7740 9084 11889 4776 6070 2588 3384 12495 16187 16187 16187 16187 16187 16187 16187 16187
3842 3171 16187 16187 4931 4776 6006 16187 16187 11646 14237 6259 15819 11646 16187 16187
1655 12233 14180 3102 8719 9222 3171 10917 10033 13348 16187 8719 4776 2563 16187 16187
7740 9429 4325 9498 1175 16187 16187 16187 16187 16187 16187 16187 16187 16187 16187 16187
3842 3171 16187 16187 4931 4776 6006 16187 16187 11646 14237 6259 15819 11646 16187 16187
1655 12233 14180 3102 8719 9222 3171 10917 10033 13348 16187 8719 4776 2563 16187 16187
4776 6499 14776 4394 16187 16187 16187 16187 16187 16187 16187 16187 16187 16187 16187 16187
3842 3171 16187 16187 4931 4776 6006 16187 16187 11646 14237 6259 15819 11646 16187 16187
1655 12233 14180 3102 8719 9222 3171 10917 10033 13348 16187 8719 4776 2563 16187 16187
7594 2563 16187 16187 16187 16187 16187 16187 16187 16187 16187 16187 16187 16187 16187 16187
3842 3171 16187 16187 4931 4776 6006 16187 16187 11646 14237 6259 15819 11646 16187 16187
1655 12233 14180 3102 8719 9222 3171 10917 10033 13348 16187 8719 4776 2563 16187 16187
13943 8712 5867 11087 8268 1229 8712 5867 5329 13061 16187 16187 16187 16187 16187 16187
3842 3171 16187 16187 4931 4776 6006 16187 16187 11646 14237 6259 15819 11646 16187 16187
1655 12233 14180 3102 8719 9222 3171 10917 10033 13348 16187 8719 4776 2563 16187 16187
6689 14749 15751 14237 926 926 4537 14038 14069 8268 5227 926 16187 16187 16187 16187
3842 3171 16187 16187 4931 4776 6006 16187 16187 11646 14237 6259 15819 11646 16187 16187
1655 12233 14180 3102 8719 9222 3171 10917 10033 13348 16187 8719 4776 2563 16187 16187
4776 10217 926 14237 9605 4776 7218 10918 8719 4269 16187 16187 16187 16187 16187 16187
3842 3171 16187 16187 4931 4776 6006 16187 16187 11646 14237 6259 15819 11646 16187 16187
1655 12233 14180 3102 8719 9222 3171 10917 10033 13348 16187 8719 4776 2563 16187 16187
8712 4931 9754 14307 4837 6259 653 9887 15715 4776 13896 9577 16187 16187 16187 16187
3842 3171 16187 16187 4931 4776 6006 16187 16187 11646 14237 6259 15819 11646 16187 16187
1655 12233 14180 3102 8719 9222 3171 10917 10033 13348 16187 8719 4776 2563 16187 16187
4776 11373 3177 4776 5453 926 3177 4776 926 8710 7742 15336 8719 3171 10033 16187
3842 3171 16187 16187 4931 4776 6006 16187 16187 11646 14237 6259 15819 11646 16187 16187
1655 12233 14180 3102 8719 9222 3171 10917 10033 13348 16187 8719 4776 2563 16187 16187
3171 926 10033 5388 203 9450 779 12209 8719 14120 12349 4776 2588 7499 1243 16187
3842 3171 16187 16187 4931 4776 6006 16187 16187 11646 14237 6259 15819 11646 16187 16187
1655 12233 14180 3102 8719 9222 3171 10917 10033 13348 16187 8719 4776 2563 16187 16187
12008 630 4267 8710 4776 5358 14457 5463 8710 6231 15624 16187 16187 16187 16187 16187
3842 3171 16187 16187 4931 4776 6006 16187 16187 11646 14237 6259 15819 11646 16187 16187
1655 12233 14180 3102 8719 9222 3171 10917 10033 13348 16187 8719 4776 2563 16187 16187
7926 5046 4931 9313 14237 1878 16187 16187 16187 16187 16187 16187 16187 16187 16187 16187
3842 3171 16187 16187 4931 4776 6006 16187 16187 11646 14237 6259 15819 11646 16187 16187
1655 12233 14180 3102 8719 9222 3171 10917 10033 13348 16187 8719 4776 2563 16187 16187
8726 5463 4931 4776 969 8268 8712 4931 926 16187 16187 16187 16187 16187 16187 16187
3842 3171 16187 16187 4931 4776 6006 16187 16187 11646 14237 6259 15819 11646 16187 16187
1655 12233 14180 3102 8719 9222 3171 10917 10033 13348 16187 8719 4776 2563 16187 16187
926 8710 3335 12495 1955 13006 8268 14237 14452 8710 6535 2689 12495 16187 16187 16187
3842 3171 16187 16187 4931 4776 6006 16187 16187 11646 14237 6259 15819 11646 16187 16187
1655 12233 14180 3102 8719 9222 3171 10917 10033 13348 16187 8719 4776 2563 16187 16187
4311 1378 4832 7926 8451 4776 9385 3137 2150 1019 926 926 6173 204 13348 16187
3842 3171 16187 16187 4931 4776 6006 16187 16187 11646 14237 6259 15819 11646 16187 16187
1655 12233 14180 3102 8719 9222 3171 10917 10033 13348 16187 8719 4776 2563 16187 16187
7740 11553 8584 12233 11720 14029 11005 8983 13348 16187 16187 16187 16187 16187 16187 16187
3842 3171 16187 16187 4931 4776 6006 16187 16187 11646 14237 6259 15819 11646 16187 16187
1655 12233 14180 3102 8719 9222 3171 10917 10033 13348 16187 8719 4776 2563 16187 16187
5463 5867 14766 16187 16187 16187 16187 16187 16187 16187 16187 16187 16187 16187 16187 16187
3842 3171 16187 16187 4931 4776 6006 16187 16187 11646 14237 6259 15819 11646 16187 16187
1655 12233 14180 3102 8719 9222 3171 10917 10033 13348 16187 8719 4776 2563 16187 16187
6011 5208 11789 2191 14272 8712 15846 2823 11889 16187 16187 16187 16187 16187 16187 16187
3842 3171 16187 16187 4931 4776 6006 16187 16187 11646 14237 6259 15819 11646 16187 16187
1655 12233 14180 3102 8719 9222 3171 10917 10033 13348 16187 8719 4776 2563 16187 16187
7975 4609 10967 3171 2563 16187 16187 16187 16187 16187 16187 16187 16187 16187 16187 16187
3842 3171 16187 16187 4931 4776 6006 16187 16187 11646 14237 6259 15819 11646 16187 16187
1655 12233 14180 3102 8719 9222 3171 10917 10033 13348 16187 8719 4776 2563 16187 16187
6011 14776 926 8719 3171 2563 10967 5946 12233 5759 8268 8712 3927 1955 4979 16187
3842 3171 16187 16187 4931 4776 6006 16187 16187 11646 14237 6259 15819 11646 16187 16187
1655 12233 14180 3102 8719 9222 3171 10917 10033 13348 16187 8719 4776 2563 16187 16187
4776 14596 8710 2466 10399 12233 14192 8268 12008 8712 8710 9332 16187 16187 16187 16187
3842 3171 16187 16187 4931 4776 6006 16187 16187 11646 14237 6259 15819 11646 16187 16187
1655 12233 14180 3102 8719 9222 3171 10917 10033 13348 16187 8719 4776 2563 16187 16187
14069 14776 1597 15721 12233 5993 3171 10033 16187 16187 16187 16187 16187 16187 16187 16187
3842 3171 16187 16187 4931 4776 6006 16187 16187 11646 14237 6259 15819 11646 16187 16187
1655 12233 14180 3102 8719 9222 3171 10917 10033 13348 16187 8719 4776 2563 16187 16187
5389 8268 4624 2552 4776 5138 8719 3367 1955 4776 10033 11490 4837 2263 16153 16187
3842 3171 16187 16187 4931 4776 6006 16187 16187 11646 14237 6259 15819 11646 16187 16187
1655 12233 14180 3102 8719 9222 3171 10917 10033 13348 16187 8719 4776 2563 16187 16187
8712 2446 5388 6259 2148 926 926 3115 16187 16187 16187 16187 16187 16187 16187 16187
3842 3171 16187 16187 4931 4776 6006 16187 16187 11646 14237 6259 15819 11646 16187 16187
1655 12233 14180 3102 8719 9222 3171 10917 10033 13348 16187 8719 4776 2563 16187 16187
12716 8268 137 5463 983 8268 2599 9070 926 16187 16187 16187 16187 16187 16187 16187
3842 3171 16187 16187 4931 4776 6006 16187 16187 11646 14237 6259 15819 11646 16187 16187
1655 12233 14180 3102 8719 9222 3171 10917 10033 13348 16187 8719 4776 2563 16187 16187
14776 4776 10217 4776 9790 443 2598 16187 16187 16187 16187 16187 16187 16187 16187 16187
3842 3171 16187 16187 4931 4776 6006 16187 16187 11646 14237 6259 15819 11646 16187 16187
1655 12233 14180 3102 8719 9222 3171 10917 10033 13348 16187 8719 4776 2563 16187 16187
5713 2946 14776 4537 6470 916 10638 5463 8733 4312 14691 2148 512 926 16187 16187
3842 3171 16187 16187 4931 4776 6006 16187 16187 11646 14237 6259 15819 11646 16187 16187
1655 12233 14180 3102 8719 9222 3171 10917 10033 13348 16187 8719 4776 2563 16187 16187
3171 13555 12495 8710 4537 4776 9790 16187 16187 16187 16187 16187 16187 16187 16187 16187
3842 3171 16187 16187 4931 4776 6006 16187 16187 11646 14237 6259 15819 11646 16187 16187
1655 12233 14180 3102 8719 9222 3171 10917 10033 13348 16187 8719 4776 2563 16187 16187
6826 6854 926 14237 6259 1258 8521 4552 9754 8733 6259 10355 2563 16187 16187 16187
3842 3171 16187 16187 4931 4776 6006 16187 16187 11646 14237 6259 15819 11646 16187 16187
1655 12233 14180 3102 8719 9222 3171 10917 10033 13348 16187 8719 4776 2563 16187 16187
7740 8309 2858 4776 8213 1909 9290 8268 14237 8712 926 12276 12362 16187 16187 16187
3842 3171 16187 16187 4931 4776 6006 16187 16187 11646 14237 6259 15819 11646 16187 16187
1655 12233 14180 3102 8719 9222 3171 10917 10033 13348 16187 8719 4776 2563 16187 16187
8712 4931 3362 8719 15909 14237 15142 1138 4776 9138 5711 16187 16187 16187 16187 16187
3842 3171 16187 16187 4931 4776 6006 16187 16187 11646 14237 6259 15819 11646 16187 16187
1655 12233 14180 3102 8719 9222 3171 10917 10033 13348 16187 8719 4776 2563 16187 16187
14272 6259 8124 14596 8268 14272 6259 8124 3513 8268 14272 6259 8124 7151 16187 16187
3842 3171 16187 16187 4931 4776 6006 16187 16187 11646 14237 6259 15819 11646 16187 16187
1655 12233 14180 3102 8719 9222 3171 10917 10033 13348 16187 8719 4776 2563 16187 16187
5335 4931 8712 6500 14272 13411 12233 4776 926 926 16187 16187 16187 16187 16187 16187
3842 3171 16187 16187 4931 4776 6006 16187 16187 11646 14237 6259 15819 11646 16187 16187
1655 12233 14180 3102 8719 9222 3171 10917 10033 13348 16187 8719 4776 2563 16187 16187
8069 4421 926 5137 11789 1955 630 1955 12 926 16187 16187 16187 16187 16187 16187
3842 3171 16187 16187 4931 4776 6006 16187 16187 11646 14237 6259 15819 11646 16187 16187
1655 12233 14180 3102 8719 9222 3171 10917 10033 13348 16187 8719 4776 2563 16187 16187
2599 9070 15810 8913 4776 12196 91 8268 14031 6683 6259 926 16187 16187 16187 16187
3842 3171 16187 16187 4931 4776 6006 16187 16187 11646 14237 6259 15819 11646 16187 16187
1655 12233 14180 3102 8719 9222 3171 10917 10033 13348 16187 8719 4776 2563 16187 16187
4776 4286 5946 5898 14237 8664 1056 6550 12298 5898 14776 5329 12233 2823 2329 16187
3842 3171 16187 16187 4931 4776 6006 16187 16187 11646 14237 6259 15819 11646 16187 16187
1655 12233 14180 3102 8719 9222 3171 10917 10033 13348 16187 8719 4776 2563 16187 16187
4776 2221 8710 6259 13868 12233 4776 15359 16187 16187 16187 16187 16187 16187 16187 16187
3842 3171 16187 16187 4931 4776 6006 16187 16187 11646 14237 6259 15819 11646 16187 16187
1655 12233 14180 3102 8719 9222 3171 10917 10033 13348 16187 8719 4776 2563 16187 16187
14069 5867 4537 13238 3011 100 2984 6259 10355 983 14237 926 9666 12401 16146 16187
3842 3171 16187 16187 4931 4776 6006 16187 16187 11646 14237 6259 15819 11646 16187 16187
1655 12233 14180 3102 8719 9222 3171 10917 10033 13348 16187 8719 4776 2563 16187 16187
5463 4624 2552 9450 3177 14272 4776 926 4552 8710 5329 4776 10709 16187 16187 16187
3842 3171 16187 16187 4931 4776 6006 16187 16187 11646 14237 6259 15819 11646 16187 16187
1655 12233 14180 3102 8719 9222 3171 10917 10033 13348 16187 8719 4776 2563 16187 16187
8712 8710 14180 6070 6695 14237 926 16187 16187 16187 16187 16187 16187 16187 16187 16187
3842 3171 16187 16187 4931 4776 6006 16187 16187 11646 14237 6259 15819 11646 16187 16187
1655 12233 14180 3102 8719 9222 3171 10917 10033 13348 16187 8719 4776 2563 16187 16187
8712 8710 6070 926 16187 16187 16187 16187 16187 16187 16187 16187 16187 16187 16187 16187
3842 3171 16187 16187 4931 4776 6006 16187 16187 11646 14237 6259 15819 11646 16187 16187
1655 12233 14180 3102 8719 9222 3171 10917 10033 13348 16187 8719 4776 2563 16187 16187
4032 6259 14263 3171 1378 6259 6209 15978 3177 4776 9800 6683 3177 8712 16187 16187
3842 3171 16187 16187 4931 4776 6006 16187 16187 11646 14237 6259 15819 11646 16187 16187
1655 12233 14180 3102 8719 9222 3171 10917 10033 13348 16187 8719 4776 2563 16187 16187
9501 926 4931 14652 16187 16187 16187 16187 16187 16187 16187 16187 16187 16187 16187 16187
3842 3171 16187 16187 4931 4776 6006 16187 16187 11646 14237 6259 15819 11646 16187 16187
1655 12233 14180 3102 8719 9222 3171 10917 10033 13348 16187 8719 4776 2563 16187 16187
10918 12233 4776 4152 2975 16187 16187 16187 16187 16187 16187 16187 16187 16187 16187 16187
3842 3171 16187 16187 4931 4776 6006 16187 16187 11646 14237 6259 15819 11646 16187 16187
1655 12233 14180 3102 8719 9222 3171 10917 10033 13348 16187 8719 4776 2563 16187 16187
4325 7661 13758 10967 9780 926 3177 4776 1383 16187 16187 16187 16187 16187 16187 16187
3842 3171 16187 16187 4931 4776 6006 16187 16187 11646 14237 6259 15819 11646 16187 16187
1655 12233 14180 3102 8719 9222 3171 10917 10033 13348 16187 8719 4776 2563 16187 16187
11889 7740 8592 8268 3171 8710 1954 3061 195 830 1290 12008 7926 5297 3927 16187
3842 3171 16187 16187 4931 4776 6006 16187 16187 11646 14237 6259 15819 11646 16187 16187
1655 12233 14180 3102 8719 9222 3171 10917 10033 13348 16187 8719 4776 2563 16187 16187
926 926 8710 1378 9290 15658 8026 12233 9887 718 16187 16187 16187 16187 16187 16187
3842 3171 16187 16187 4931 4776 6006 16187 16187 11646 14237 6259 15819 11646 16187 16187
1655 12233 14180 3102 8719 9222 3171 10917 10033 13348 16187 8719 4776 2563 16187 16187
4624 6361 9594 926 1919 9734 15720 16187 16187 16187 16187 16187 16187 16187 16187 16187
3842 3171 16187 16187 4931 4776 6006 16187 16187 11646 14237 6259 15819 11646 16187 16187
1655 12233 14180 3102 8719 9222 3171 10917 10033 13348 16187 8719 4776 2563 16187 16187
13084 6378 15662 8268 2383 8712 243 10501 3177 4776 13567 3748 4776 6102 16187 16187
3842 3171 16187 16187 4931 4776 6006 16187 16187 11646 14237 6259 15819 11646 16187 16187
1655 12233 14180 3102 8719 9222 3171 10917 10033 13348 16187 8719 4776 2563 16187 16187
4776 926 926 7876 6683 11889 4325 11031 11978 926 14043 15389 2598 16187 16187 16187
3842 3171 16187 16187 4931 4776 6006 16187 16187 11646 14237 6259 15819 11646 16187 16187
1655 12233 14180 3102 8719 9222 3171 10917 10033 13348 16187 8719 4776 2563 16187 16187
13474 15881 1885 12233 8733 4776 926 926 830 4776 926 926 16187 16187 16187 16187
3842 3171 16187 16187 4931 4776 6006 16187 16187 11646 14237 6259 15819 11646 16187 16187
1655 12233 14180 3102 8719 9222 3171 10917 10033 13348 16187 8719 4776 2563 16187 16187
4325 771 6259 15335 2689 4440 12008 5329 1955 3335 1955 8719 9269 16187 16187 16187
3842 3171 16187 16187 4931 4776 6006 16187 16187 11646 14237 6259 15819 11646 16187 16187
1655 12233 14180 3102 8719 9222 3171 10917 10033 13348 16187 8719 4776 2563 16187 16187
14180 14237 14180 6259 643 4063 10033 13348 16187 16187 16187 16187 16187 16187 16187 16187
3842 3171 16187 16187 4931 4776 6006 16187 16187 11646 14237 6259 15819 11646 16187 16187
1655 12233 14180 3102 8719 9222 3171 10917 10033 13348 16187 8719 4776 2563 16187 16187
4776 7310 284 14776 10355 830 15597 983 12576 16187 16187 16187 16187 16187 16187 16187
3842 3171 16187 16187 4931 4776 6006 16187 16187 11646 14237 6259 15819 11646 16187 16187
1655 12233 14180 3102 8719 9222 3171 10917 10033 13348 16187 8719 4776 2563 16187 16187
3171 3847 5329 8313 5463 14069 14776 9754 13592 1146 284 16187 16187 16187 16187 16187
3842 3171 16187 16187 4931 4776 6006 16187 16187 11646 14237 6259 15819 11646 16187 16187
1655 12233 14180 3102 8719 9222 3171 10917 10033 13348 16187 8719 4776 2563 16187 16187
4776 926 1019 14237 6601 5726 6173 2752 14776 7238 8268 8798 2786 12233 1645 16187
3842 3171 16187 16187 4931 4776 6006 16187 16187 11646 14237 6259 15819 11646 16187 16187
1655 12233 14180 3102 8719 9222 3171 10917 10033 13348 16187 8719 4776 2563 16187 16187
14237 3177 1245 926 12232 11553 926 4776 10501 3177 4776 926 9988 16187 16187 16187
3842 3171 16187 16187 4931 4776 6006 16187 16187 11646 14237 6259 15819 11646 16187 16187
1655 12233 14180 3102 8719 9222 3171 10917 10033 13348 16187 8719 4776 2563 16187 16187
1885 9239 3543 2326 6683 15525 830 630 630 8270 4496 16187 16187 16187 16187 16187
3842 3171 16187 16187 4931 4776 6006 16187 16187 11646 14237 6259 15819 11646 16187 16187
1655 12233 14180 3102 8719 9222 3171 10917 10033 13348 16187 8719 4776 2563 16187 16187
4776 9431 10501 3177 4776 10033 16074 502 4776 9379 3177 15043 1133 16187 16187 16187
3842 3171 16187 16187 4931 4776 6006 16187 16187 11646 14237 6259 15819 11646 16187 16187
1655 12233 14180 3102 8719 9222 3171 10917 10033 13348 16187 8719 4776 2563 16187 16187
926 1138 11553 6011 8084 8466 6259 12012 5463 4931 9754 2598 5711 16187 16187 16187
3842 3171 16187 16187 4931 4776 6006 16187 16187 11646 14237 6259 15819 11646 16187 16187
1655 12233 14180 3102 8719 9222 3171 10917 10033 13348 16187 8719 4776 2563 16187 16187
6694 926 12232 7742 8268 14029 926 11839 8268 6694 926 14470 5257 4312 16187 16187
3842 3171 16187 16187 4931 4776 6006 16187 16187 11646 14237 6259 15819 11646 16187 16187
1655 12233 14180 3102 8719 9222 3171 10917 10033 13348 16187 8719 4776 2563 16187 16187
12008 926 13555 8710 1750 6259 5948 3177 12958 11711 3748 13651 830 4776 926 16187
3842 3171 16187 16187 4931 4776 6006 16187 16187 11646 14237 6259 15819 11646 16187 16187
1655 12233 14180 3102 8719 9222 3171 10917 10033 13348 16187 8719 4776 2563 16187 16187
2446 8719 4776 13839 15404 6567 8268 7416 15327 14237 926 926 16187 16187 16187 16187
3842 3171 16187 16187 4931 4776 6006 16187 16187 11646 14237 6259 15819 11646 16187 16187
1655 12233 14180 3102 8719 9222 3171 10917 10033 13348 16187 8719 4776 2563 16187 16187
14901 8268 14822 8268 6011 9498 2176 10918 4311 16187 16187 16187 16187 16187 16187 16187
3842 3171 16187 16187 4931 4776 6006 16187 16187 11646 14237 6259 15819 11646 16187 16187
1655 12233 14180 3102 8719 9222 3171 10917 10033 13348 16187 8719 4776 2563 16187 16187
1919 4776 15893 6888 14915 8719 4776 216 5867 794 1954 5405 9438 4931 608 16187
3842 3171 16187 16187 4931 4776 6006 16187 16187 11646 14237 6259 15819 11646 16187 16187
1655 12233 14180 3102 8719 9222 3171 10917 10033 13348 16187 8719 4776 2563 16187 16187
14029 4776 4156 8311 8268 4776 6688 4931 2466 11151 12495 1507 1957 12291 16187 16187
3842 3171 16187 16187 4931 4776 6006 16187 16187 11646 14237 6259 15819 11646 16187 16187
1655 12233 14180 3102 8719 9222 3171 10917 10033 13348 16187 8719 4776 2563 16187 16187
9063 8268 6259 10033 11953 926 4776 926 8268 5431 14237 14068 11953 14745 16187 16187
3842 3171 16187 16187 4931 4776 6006 16187 16187 11646 14237 6259 15819 11646 16187 16187
1655 12233 14180 3102 8719 9222 3171 10917 10033 13348 16187 8719 4776 2563 16187 16187
4776 2353 14772 6826 2176 8536 284 8268 14237 4776 1531 14776 10917 16187 16187 16187
3842 3171 16187 16187 4931 4776 6006 16187 16187 11646 14237 6259 15819 11646 16187 16187
1655 12233 14180 3102 8719 9222 3171 10917 10033 13348 16187 8719 4776 2563 16187 16187
7740 9084 11728 14237 2033 14403 8268 12008 5329 5148 16187 16187 16187 16187 16187 16187
3842 3171 16187 16187 4931 4776 6006 16187 16187 11646 14237 6259 15819 11646 16187 16187
1655 12233 14180 3102 8719 9222 3171 10917 10033 13348 16187 8719 4776 2563 16187 16187
3171 13141 12233 14745 14237 926 1750 2203 10967 4776 383 16187 16187 16187 16187 16187
3842 3171 16187 16187 4931 4776 6006 16187 16187 11646 14237 6259 15819 11646 16187 16187
1655 12233 14180 3102 8719 9222 3171 10917 10033 13348 16187 8719 4776 2563 16187 16187
14734 8808 91 8710 1872 8069 6259 10894 3177 6259 926 16187 16187 16187 16187 16187
3842 3171 16187 16187 4931 4776 6006 16187 16187 11646 14237 6259 15819 11646 16187 16187
1655 12233 14180 3102 8719 9222 3171 10917 10033 13348 16187 8719 4776 2563 16187 16187
4537 1132 14776 5937 926 5297 6774 4240 1750 926 2837 1954 12735 10398 2598 16187
3842 3171 16187 16187 4931 4776 6006 16187 16187 11646 14237 6259 15819 11646 16187 16187
1655 12233 14180 3102 8719 9222 3171 10917 10033 13348 16187 8719 4776 2563 16187 16187
6259 9139 4916 926 16187 16187 16187 16187 16187 16187 16187 16187 16187 16187 16187 16187
3842 3171 16187 16187 4931 4776 6006 16187 16187 11646 14237 6259 15819 11646 16187 16187
1655 12233 14180 3102 8719 9222 3171 10917 10033 13348 16187 8719 4776 2563 16187 16187
7004 926 8710 6259 6140 2122 7970 8719 4776 9222 16187 16187 16187 16187 16187 16187
3842 3171 16187 16187 4931 4776 6006 16187 16187 11646 14237 6259 15819 11646 16187 16187
1655 12233 14180 3102 8719 9222 3171 10917 10033 13348 16187 8719 4776 2563 16187 16187
7740 3644 9754 14581 830 5713 12835 8268 4325 11031 40 14237 10217 2614 16187 16187
3842 3171 16187 16187 4931 4776 6006 16187 16187 11646 14237 6259 15819 11646 16187 16187
1655 12233 14180 3102 8719 9222 3171 10917 10033 13348 16187 8719 4776 2563 16187 16187
4776 6883 3112 4312 7945 8268 1229 14069 5867 14691 10701 11953 4312 16187 16187 16187
3842 3171 16187 16187 4931 4776 6006 16187 16187 11646 14237 6259 15819 11646 16187 16187
1655 12233 14180 3102 8719 9222 3171 10917 10033 13348 16187 8719 4776 2563 16187 16187
4776 132 926 8268 6826 3177 8712 8710 10355 16187 16187 16187 16187 16187 16187 16187
3842 3171 16187 16187 4931 4776 6006 16187 16187 11646 14237 6259 15819 11646 16187 16187
1655 12233 14180 3102 8719 9222 3171 10917 10033 13348 16187 8719 4776 2563 16187 16187
8712 5867 4537 15 830 6259 10355 983 16187 16187 16187 16187 16187 16187 16187 16187
3842 3171 16187 16187 4931 4776 6006 16187 16187 11646 14237 6259 15819 11646 16187 16187
1655 12233 14180 3102 8719 9222 3171 10917 10033 13348 16187 8719 4776 2563 16187 16187
203 7740 926 3171 12020 16187 16187 16187 16187 16187 16187 16187 16187 16187 16187 16187
3842 3171 16187 16187 4931 4776 6006 16187 16187 11646 14237 6259 15819 11646 16187 16187
1655 12233 14180 3102 8719 9222 3171 10917 10033 13348 16187 8719 4776 2563 16187 16187
1229 14272 14776 6011 15274 830 2598 16187 16187 16187 16187 16187 16187 16187 16187 16187
3842 3171 16187 16187 4931 4776 6006 16187 16187 11646 14237 6259 15819 11646 16187 16187
1655 12233 14180 3102 8719 9222 3171 10917 10033 13348 16187 8719 4776 2563 16187 16187
4776 13129 8588 779 12766 1534 8644 1919 15691 15636 16187 16187 16187 16187 16187 16187
3842 3171 16187 16187 4931 4776 6006 16187 16187 11646 14237 6259 15819 11646 16187 16187
1655 12233 14180 3102 8719 9222 3171 10917 10033 13348 16187 8719 4776 2563 16187 16187
14031 5359 7740 12467 16105 6259 11720 11953 4152 16187 16187 16187 16187 16187 16187 16187
3842 3171 16187 16187 4931 4776 6006 16187 16187 11646 14237 6259 15819 11646 16187 16187
1655 12233 14180 3102 8719 9222 3171 10917 10033 13348 16187 8719 4776 2563 16187 16187
6259 3177 1946 9955 1919 13084 5820 10709 2598 16187 16187 16187 16187 16187 16187 16187
3842 3171 16187 16187 4931 4776 6006 16187 16187 11646 14237 6259 15819 11646 16187 16187
1655 12233 14180 3102 8719 9222 3171 10917 10033 13348 16187 8719 4776 2563 16187 16187
4776 2563 779 2446 4641 1954 1482 3177 10619 13341 9484 10967 926 926 16187 16187
3842 3171 16187 16187 4931 4776 6006 16187 16187 11646 14237 6259 15819 11646 16187 16187
1655 12233 14180 3102 8719 9222 3171 10917 10033 13348 16187 8719 4776 2563 16187 16187
7740 11839 5463 8712 4931 4537 11889 12440 926 9139 8268 4931 7740 223 16187 16187
3842 3171 16187 16187 4931 4776 6006 16187 16187 11646 14237 6259 15819 11646 16187 16187
1655 12233 14180 3102 8719 9222 3171 10917 10033 13348 16187 8719 4776 2563 16187 16187
926 1955 7740 9884 8592 1597 12291 926 6259 926 2563 779 6259 10710 10583 16187
3842 3171 16187 16187 4931 4776 6006 16187 16187 11646 14237 6259 15819 11646 16187 16187
1655 12233 14180 3102 8719 9222 3171 10917 10033 13348 16187 8719 4776 2563 16187 16187
16167 12208 6011 5807 10355 9288 5759 2588 16187 16187 16187 16187 16187 16187 16187 16187
3842 3171 16187 16187 4931 4776 6006 16187 16187 11646 14237 6259 15819 11646 16187 16187
1655 12233 14180 3102 8719 9222 3171 10917 10033 13348 16187 8719 4776 2563 16187 16187
9850 15525 3177 14139 3418 13348 16187 16187 16187 16187 16187 16187 16187 16187 16187 16187
3842 3171 16187 16187 4931 4776 6006 16187 16187 11646 14237 6259 15819 11646 16187 16187
1655 12233 14180 3102 8719 9222 3171 10917 10033 13348 16187 8719 4776 2563 16187 16187
8710 8712 4776 12835 2598 16187 16187 16187 16187 16187 16187 16187 16187 16187 16187 16187
3842 3171 16187 16187 4931 4776 6006 16187 16187 11646 14237 6259 15819 11646 16187 16187
1655 12233 14180 3102 8719 9222 3171 10917 10033 13348 16187 8719 4776 2563 16187 16187
6363 9484 870 5 4387 10257 16187 16187 16187 16187 16187 16187 16187 16187 16187 16187
3842 3171 16187 16187 4931 4776 6006 16187 16187 11646 14237 6259 15819 11646 16187 16187
1655 12233 14180 3102 8719 9222 3171 10917 10033 13348 16187 8719 4776 2563 16187 16187
12013 8268 6006 14237 7310 284 11553 15597 3766 16187 16187 16187 16187 16187 16187 16187
3842 3171 16187 16187 4931 4776 6006 16187 16187 11646 14237 6259 15819 11646 16187 16187
1655 12233 14180 3102 8719 9222 3171 10917 10033 13348 16187 8719 4776 2563 16187 16187
3644 9754 9137 12233 9605 14029 8712 3366 16187 16187 16187 16187 16187 16187 16187 16187
3842 3171 16187 16187 4931 4776 6006 16187 16187 11646 14237 6259 15819 11646 16187 16187
1655 12233 14180 3102 8719 9222 3171 10917 10033 13348 16187 8719 4776 2563 16187 16187
13089 4776 926 16105 15597 2588 14038 8268 7740 4931 5346 8268 12008 5329 5994 16187
3842 3171 16187 16187 4931 4776 6006 16187 16187 11646 14237 6259 15819 11646 16187 16187
1655 12233 14180 3102 8719 9222 3171 10917 10033 13348 16187 8719 4776 2563 16187 16187
13834 8710 4537 11889 5463 16187 16187 16187 16187 16187 16187 16187 16187 16187 16187 16187
3842 3171 16187 16187 4931 4776 6006 16187 16187 11646 14237 6259 15819 11646 16187 16187
1655 12233 14180 3102 8719 9222 3171 10917 10033 13348 16187 8719 4776 2563 16187 16187
6601 5329 16187 16187 16187 16187 16187 16187 16187 16187 16187 16187 16187 16187 16187 16187
3842 3171 16187 16187 4931 4776 6006 16187 16187 11646 14237 6259 15819 11646 16187 16187
1655 12233 14180 3102 8719 9222 3171 10917 10033 13348 16187 8719 4776 2563 16187 16187
6259 7742 4103 14596 11953 7807 11021 14237 926 8835 16187 16187 16187 16187 16187 16187
3842 3171 16187 16187 4931 4776 6006 16187 16187 11646 14237 6259 15819 11646 16187 16187
1655 12233 14180 3102 8719 9222 3171 10917 10033 13348 16187 8719 4776 2563 16187 16187
9484 9484 926 4647 6259 5695 7937 3177 2024 4302 16187 16187 16187 16187 16187 16187
3842 3171 16187 16187 4931 4776 6006 16187 16187 11646 14237 6259 15819 11646 16187 16187
1655 12233 14180 3102 8719 9222 3171 10917 10033 13348 16187 8719 4776 2563 16187 16187
15662 1453 10217 10602 2946 14237 11553 4312 11192 2598 16187 16187 16187 16187 16187 16187
3842 3171 16187 16187 4931 4776 6006 16187 16187 11646 14237 6259 15819 11646 16187 16187
1655 12233 14180 3102 8719 9222 3171 10917 10033 13348 16187 8719 4776 2563 16187 16187
7185 2572 8268 7708 1531 14237 6622 16187 16187 16187 16187 16187 16187 16187 16187 16187
3842 3171 16187 16187 4931 4776 6006 16187 16187 11646 14237 6259 15819 11646 16187 16187
1655 12233 14180 3102 8719 9222 3171 10917 10033 13348 16187 8719 4776 2563 16187 16187
14069 8268 13474 14827 6259 6855 12008 926 926 1019 5341 926 6173 16187 16187 16187
3842 3171 16187 16187 4931 4776 6006 16187 16187 11646 14237 6259 15819 11646 16187 16187
1655 12233 14180 3102 8719 9222 3171 10917 10033 13348 16187 8719 4776 2563 16187 16187
2563 926 5867 1450 3171 8710 14068 12276 3109 16187 16187 16187 16187 16187 16187 16187
3842 3171 16187 16187 4931 4776 6006 16187 16187 11646 14237 6259 15819 11646 16187 16187
1655 12233 14180 3102 8719 9222 3171 10917 10033 13348 16187 8719 4776 2563 16187 16187
7740 10503 14180 4776 6135 14776 9400 16187 16187 16187 16187 16187 16187 16187 16187 16187
3842 3171 16187 16187 4931 4776 6006 16187 16187 11646 14237 6259 15819 11646 16187 16187
1655 12233 14180 3102 8719 9222 3171 10917 10033 13348 16187 8719 4776 2563 16187 16187
14069 8710 5329 6259 3448 1450 8719 926 5867 9534 16187 16187 16187 16187 16187 16187
3842 3171 16187 16187 4931 4776 6006 16187 16187 11646 14237 6259 15819 11646 16187 16187
1655 12233 14180 3102 8719 9222 3171 10917 10033 13348 16187 8719 4776 2563 16187 16187
9137 6259 1033 13348 16187 16187 16187 16187 16187 16187 16187 16187 16187 16187 16187 16187
3842 3171 16187 16187 4931 4776 6006 16187 16187 11646 14237 6259 15819 11646 16187 16187
1655 12233 14180 3102 8719 9222 3171 10917 10033 13348 16187 8719 4776 2563 16187 16187
7926 8710 9764 2308 2837 10217 15358 926 8268 15658 926 6276 830 14745 16187 16187
3842 3171 16187 16187 4931 4776 6006 16187 16187 11646 14237 6259 15819 11646 16187 16187
1655 12233 14180 3102 8719 9222 3171 10917 10033 13348 16187 8719 4776 2563 16187 16187
7740 9429 7740 15956 15662 16187 16187 16187 16187 16187 16187 16187 16187 16187 16187 16187
3842 3171 16187 16187 4931 4776 6006 16187 16187 11646 14237 6259 15819 11646 16187 16187
1655 12233 14180 3102 8719 9222 3171 10917 10033 13348 16187 8719 4776 2563 16187 16187
7740 8313 15658 9084 9754 1110 1885 8719 1138 926 5711 2598 16187 16187 16187 16187
3842 3171 16187 16187 4931 4776 6006 16187 16187 11646 14237 6259 15819 11646 16187 16187
1655 12233 14180 3102 8719 9222 3171 10917 10033 13348 16187 8719 4776 2563 16187 16187
9429 13644 14237 1052 430 7185 8219 12655 16187 16187 16187 16187 16187 16187 16187 16187
3842 3171 16187 16187 4931 4776 6006 16187 16187 11646 14237 6259 15819 11646 16187 16187
1655 12233 14180 3102 8719 9222 3171 10917 10033 13348 16187 8719 4776 2563 16187 16187
4994 12723 11894 8710 2519 16187 16187 16187 16187 16187 16187 16187 16187 16187 16187 16187
3842 3171 16187 16187 4931 4776 6006 16187 16187 11646 14237 6259 15819 11646 16187 16187
1655 12233 14180 3102 8719 9222 3171 10917 10033 13348 16187 8719 4776 2563 16187 16187
7740 9084 9754 11889 4776 4927 4776 1110 14596 6319 16187 16187 16187 16187 16187 16187
3842 3171 16187 16187 4931 4776 6006 16187 16187 11646 14237 6259 15819 11646 16187 16187
1655 12233 14180 3102 8719 9222 3171 10917 10033 13348 16187 8719 4776 2563 16187 16187
5332 5463 8710 4776 5537 3177 10566 3192 12135 10051 16187 16187 16187 16187 16187 16187
3842 3171 16187 16187 4931 4776 6006 16187 16187 11646 14237 6259 15819 11646 16187 16187
1655 12233 14180 3102 8719 9222 3171 10917 10033 13348 16187 8719 4776 2563 16187 16187
3847 4750 926 4776 11401 2598 16187 16187 16187 16187 16187 16187 16187 16187 16187 16187
3842 3171 16187 16187 4931 4776 6006 16187 16187 11646 14237 6259 15819 11646 16187 16187
1655 12233 14180 3102 8719 9222 3171 10917 10033 13348 16187 8719 4776 2563 16187 16187
4776 4152 8710 1903 14237 4149 8268 12008 6011 12298 2903 5329 1629 16187 16187 16187
3842 3171 16187 16187 4931 4776 6006 16187 16187 11646 14237 6259 15819 11646 16187 16187
1655 12233 14180 3102 8719 9222 3171 10917 10033 13348 16187 8719 4776 2563 16187 16187
