12233 14275 2903 16187 16187 16187 16187 16187 16187 16187 16187 16187 16187 16187 16187 16187
3489 4750 12835 3543 9605 12233 2823 9332 8726 926 5867 4537 6259 3098 12805 16187
1655 12233 14180 3102 8719 9222 3171 10917 10033 13348 16187 4832 16187 13348 16187 3409
3171 13141 12233 1954 8847 8423 11063 2780 513 15649 8710 4776 4949 9405 2598 16187
3489 4750 12835 3543 9605 12233 2823 9332 8726 926 5867 4537 6259 3098 12805 16187
1655 12233 14180 3102 8719 9222 3171 10917 10033 13348 16187 4832 16187 13348 16187 3409
14031 8268 203 4624 1110 8268 8719 5530 8268 926 10211 830 1954 10211 8353 16187
3489 4750 12835 3543 9605 12233 2823 9332 8726 926 5867 4537 6259 3098 12805 16187
1655 12233 14180 3102 8719 9222 3171 10917 10033 13348 16187 4832 16187 13348 16187 3409
5329 2296 6148 3823 16187 16187 16187 16187 16187 16187 16187 16187 16187 16187 16187 16187
3489 4750 12835 3543 9605 12233 2823 9332 8726 926 5867 4537 6259 3098 12805 16187
1655 12233 14180 3102 8719 9222 3171 10917 10033 13348 16187 4832 16187 13348 16187 3409
8712 4931 1435 12576 16187 16187 16187 16187 16187 16187 16187 16187 16187 16187 16187 16187
3489 4750 12835 3543 9605 12233 2823 9332 8726 926 5867 4537 6259 3098 12805 16187
1655 12233 14180 3102 8719 9222 3171 10917 10033 13348 16187 4832 16187 13348 16187 3409
1955 5208 2823 8466 8268 4776 8569 3461 9191 4776 10355 16187 16187 16187 16187 16187
3489 4750 12835 3543 9605 12233 2823 9332 8726 926 5867 4537 6259 3098 12805 16187
1655 12233 14180 3102 8719 9222 3171 10917 10033 13348 16187 4832 16187 13348 16187 3409
9519 8710 6259 5695 950 8268 14237 3171 2563 939 8712 13348 16187 16187 16187 16187
3489 4750 12835 3543 9605 12233 2823 9332 8726 926 5867 4537 6259 3098 12805 16187
1655 12233 14180 3102 8719 9222 3171 10917 10033 13348 16187 4832 16187 13348 16187 3409
8712 779 10355 1259 16187 16187 16187 16187 16187 16187 16187 16187 16187 16187 16187 16187
3489 4750 12835 3543 9605 12233 2823 9332 8726 926 5867 4537 6259 3098 12805 16187
1655 12233 14180 3102 8719 9222 3171 10917 10033 13348 16187 4832 16187 13348 16187 3409
8712 8710 6259 15174 1146 7652 14237 8719 5463 2191 8712 8710 4032 9316 16187 16187
3489 4750 12835 3543 9605 12233 2823 9332 8726 926 5867 4537 6259 3098 12805 16187
1655 12233 14180 3102 8719 9222 3171 10917 10033 13348 16187 4832 16187 13348 16187 3409
2263 4776 9790 3546 14237 13474 15881 4776 8152 1019 4776 5434 13348 16187 16187 16187
3489 4750 12835 3543 9605 12233 2823 9332 8726 926 5867 4537 6259 3098 12805 16187
1655 12233 14180 3102 8719 9222 3171 10917 10033 13348 16187 4832 16187 13348 16187 3409
5359 816 13348 16187 16187 16187 16187 16187 16187 16187 16187 16187 16187 16187 16187 16187
3489 4750 12835 3543 9605 12233 2823 9332 8726 926 5867 4537 6259 3098 12805 16187
1655 12233 14180 3102 8719 9222 3171 10917 10033 13348 16187 4832 16187 13348 16187 3409
3171 12260 2823 14272 5297 7156 2837 14058 5867 6505 16187 16187 16187 16187 16187 16187
3489 4750 12835 3543 9605 12233 2823 9332 8726 926 5867 4537 6259 3098 12805 16187
1655 12233 14180 3102 8719 9222 3171 10917 10033 13348 16187 4832 16187 13348 16187 3409
14139 9484 7740 4552 9754 15956 16187 16187 16187 16187 16187 16187 16187 16187 16187 16187
3489 4750 12835 3543 9605 12233 2823 9332 8726 926 5867 4537 6259 3098 12805 16187
1655 12233 14180 3102 8719 9222 3171 10917 10033 13348 16187 4832 16187 13348 16187 3409
4776 5031 14776 1209 8268 2326 926 16187 16187 16187 16187 16187 16187 16187 16187 16187
3489 4750 12835 3543 9605 12233 2823 9332 8726 926 5867 4537 6259 3098 12805 16187
1655 12233 14180 3102 8719 9222 3171 10917 10033 13348 16187 4832 16187 13348 16187 3409
6280 8268 4776 9887 926 4404 8311 3177 14745 8268 6259 1939 8311 16187 16187 16187
3489 4750 12835 3543 9605 12233 2823 9332 8726 926 5867 4537 6259 3098 12805 16187
1655 12233 14180 3102 8719 9222 3171 10917 10033 13348 16187 4832 16187 13348 16187 3409
14031 7742 8268 15658 5682 16187 16187 16187 16187 16187 16187 16187 16187 16187 16187 16187
3489 4750 12835 3543 9605 12233 2823 9332 8726 926 5867 4537 6259 3098 12805 16187
1655 12233 14180 3102 8719 9222 3171 10917 10033 13348 16187 4832 16187 13348 16187 3409
7740 771 8093 12449 12276 9831 10918 1229 8569 16187 16187 16187 16187 16187 16187 16187
3489 4750 12835 3543 9605 12233 2823 9332 8726 926 5867 4537 6259 3098 12805 16187
1655 12233 14180 3102 8719 9222 3171 10917 10033 13348 16187 4832 16187 13348 16187 3409
12008 15662 14776 4776 564 10011 13141 2296 10701 15358 2598 16187 16187 16187 16187 16187
3489 4750 12835 3543 9605 12233 2823 9332 8726 926 5867 4537 6259 3098 12805 16187
1655 12233 14180 3102 8719 9222 3171 10917 10033 13348 16187 4832 16187 13348 16187 3409
8093 15846 7740 10503 6259 13734 14043 2563 6568 10036 16187 16187 16187 16187 16187 16187
3489 4750 12835 3543 9605 12233 2823 9332 8726 926 5867 4537 6259 3098 12805 16187
1655 12233 14180 3102 8719 9222 3171 10917 10033 13348 16187 4832 16187 13348 16187 3409
7926 8710 1411 1919 14734 643 16187 16187 16187 16187 16187 16187 16187 16187 16187 16187
3489 4750 12835 3543 9605 12233 2823 9332 8726 926 5867 4537 6259 3098 12805 16187
1655 12233 14180 3102 8719 9222 3171 10917 10033 13348 16187 4832 16187 13348 16187 3409
10762 14599 8268 10762 3052 8268 14237 8268 6297 8268 10762 4707 10418 12495 16187 16187
3489 4750 12835 3543 9605 12233 2823 9332 8726 926 5867 4537 6259 3098 12805 16187
1655 12233 14180 3102 8719 9222 3171 10917 10033 13348 16187 4832 16187 13348 16187 3409
12891 8710 6259 7708 15893 16187 16187 16187 16187 16187 16187 16187 16187 16187 16187 16187
3489 4750 12835 3543 9605 12233 2823 9332 8726 926 5867 4537 6259 3098 12805 16187
1655 12233 14180 3102 8719 9222 3171 10917 10033 13348 16187 4832 16187 13348 16187 3409
7742 8268 6011 9884 12431 4776 10400 14029 14272 12233 14518 16187 16187 16187 16187 16187
3489 4750 12835 3543 9605 12233 2823 9332 8726 926 5867 4537 6259 3098 12805 16187
1655 12233 14180 3102 8719 9222 3171 10917 10033 13348 16187 4832 16187 13348 16187 3409
14069 14776 10217 11331 3177 2122 16187 16187 16187 16187 16187 16187 16187 16187 16187 16187
3489 4750 12835 3543 9605 12233 2823 9332 8726 926 5867 4537 6259 3098 12805 16187
1655 12233 14180 3102 8719 9222 3171 10917 10033 13348 16187 4832 16187 13348 16187 3409
9964 12233 15952 15846 5329 12475 1919 4776 3098 8185 16187 16187 16187 16187 16187 16187
3489 4750 12835 3543 9605 12233 2823 9332 8726 926 5867 4537 6259 3098 12805 16187
1655 12233 14180 3102 8719 9222 3171 10917 10033 13348 16187 4832 16187 13348 16187 3409
8712 5867 11273 13089 6011 2552 4776 5189 8268 12008 8712 5867 6259 11026 16187 16187
3489 4750 12835 3543 9605 12233 2823 9332 8726 926 5867 4537 6259 3098 12805 16187
1655 12233 14180 3102 8719 9222 3171 10917 10033 13348 16187 4832 16187 13348 16187 3409
13089 3367 15046 12233 6381 4312 14029 16187 16187 16187 16187 16187 16187 16187 16187 16187
3489 4750 12835 3543 9605 12233 2823 9332 8726 926 5867 4537 6259 3098 12805 16187
1655 12233 14180 3102 8719 9222 3171 10917 10033 13348 16187 4832 16187 13348 16187 3409
926 5867 13877 1378 11071 14776 5329 2689 16187 16187 16187 16187 16187 16187 16187 16187
3489 4750 12835 3543 9605 12233 2823 9332 8726 926 5867 4537 6259 3098 12805 16187
1655 12233 14180 3102 8719 9222 3171 10917 10033 13348 16187 4832 16187 13348 16187 3409
2263 6259 5108 3177 4776 13334 10033 1019 926 6173 16187 16187 16187 16187 16187 16187
3489 4750 12835 3543 9605 12233 2823 9332 8726 926 5867 4537 6259 3098 12805 16187
1655 12233 14180 3102 8719 9222 3171 10917 10033 13348 16187 4832 16187 13348 16187 3409
9450 4552 4325 15956 5463 3171 4820 8710 4776 2588 9424 13474 2326 10272 16187 16187
3489 4750 12835 3543 9605 12233 2823 9332 8726 926 5867 4537 6259 3098 12805 16187
1655 12233 14180 3102 8719 9222 3171 10917 10033 13348 16187 4832 16187 13348 16187 3409
7926 14352 13084 7764 14776 16105 8268 12008 7926 1644 12233 15956 15662 16187 16187 16187
3489 4750 12835 3543 9605 12233 2823 9332 8726 926 5867 4537 6259 3098 12805 16187
1655 12233 14180 3102 8719 9222 3171 10917 10033 13348 16187 4832 16187 13348 16187 3409
4240 14180 8268 13474 4931 1954 8172 13912 1433 1312 926 16187 16187 16187 16187 16187
3489 4750 12835 3543 9605 12233 2823 9332 8726 926 5867 4537 6259 3098 12805 16187
1655 12233 14180 3102 8719 9222 3171 10917 10033 13348 16187 4832 16187 13348 16187 3409
12232 9754 7926 11553 11465 12233 5804 2598 16187 16187 16187 16187 16187 16187 16187 16187
3489 4750 12835 3543 9605 12233 2823 9332 8726 926 5867 4537 6259 3098 12805 16187
1655 12233 14180 3102 8719 9222 3171 10917 10033 13348 16187 4832 16187 13348 16187 3409
14029 6259 10931 3177 1378 12233 14255 16187 16187 16187 16187 16187 16187 16187 16187 16187
3489 4750 12835 3543 9605 12233 2823 9332 8726 926 5867 4537 6259 3098 12805 16187
1655 12233 14180 3102 8719 9222 3171 10917 10033 13348 16187 4832 16187 13348 16187 3409
15846 7926 2823 7456 12233 11553 6259 2400 1919 14734 11408 875 2598 16187 16187 16187
3489 4750 12835 3543 9605 12233 2823 9332 8726 926 5867 4537 6259 3098 12805 16187
1655 12233 14180 3102 8719 9222 3171 10917 10033 13348 16187 4832 16187 13348 16187 3409
12008 6259 8230 15846 8268 15846 926 8268 12232 11553 16105 8712 926 8270 16187 16187
3489 4750 12835 3543 9605 12233 2823 9332 8726 926 5867 4537 6259 3098 12805 16187
1655 12233 14180 3102 8719 9222 3171 10917 10033 13348 16187 4832 16187 13348 16187 3409
4776 2053 9808 308 3994 8011 926 5463 14776 2296 1043 926 16187 16187 16187 16187
3489 4750 12835 3543 9605 12233 2823 9332 8726 926 5867 4537 6259 3098 12805 16187
1655 12233 14180 3102 8719 9222 3171 10917 10033 13348 16187 4832 16187 13348 16187 3409
3171 8710 1954 1138 6259 5711 2563 14237 7740 8154 8712 4142 16187 16187 16187 16187
3489 4750 12835 3543 9605 12233 2823 9332 8726 926 5867 4537 6259 3098 12805 16187
1655 12233 14180 3102 8719 9222 3171 10917 10033 13348 16187 4832 16187 13348 16187 3409
11643 10033 9222 13348 16187 16187 16187 16187 16187 16187 16187 16187 16187 16187 16187 16187
3489 4750 12835 3543 9605 12233 2823 9332 8726 926 5867 4537 6259 3098 12805 16187
1655 12233 14180 3102 8719 9222 3171 10917 10033 13348 16187 4832 16187 13348 16187 3409
7740 4931 2326 2677 830 6259 2097 8081 926 2563 5329 3171 16187 16187 16187 16187
3489 4750 12835 3543 9605 12233 2823 9332 8726 926 5867 4537 6259 3098 12805 16187
1655 12233 14180 3102 8719 9222 3171 10917 10033 13348 16187 4832 16187 13348 16187 3409
1453 1919 5463 14272 6011 15846 16187 16187 16187 16187 16187 16187 16187 16187 16187 16187
3489 4750 12835 3543 9605 12233 2823 9332 8726 926 5867 4537 6259 3098 12805 16187
1655 12233 14180 3102 8719 9222 3171 10917 10033 13348 16187 4832 16187 13348 16187 3409
15597 2400 9084 9754 1344 5434 4949 16187 16187 16187 16187 16187 16187 16187 16187 16187
3489 4750 12835 3543 9605 12233 2823 9332 8726 926 5867 4537 6259 3098 12805 16187
1655 12233 14180 3102 8719 9222 3171 10917 10033 13348 16187 4832 16187 13348 16187 3409
9247 14237 11294 14776 13979 12233 10217 3347 9809 926 16187 16187 16187 16187 16187 16187
3489 4750 12835 3543 9605 12233 2823 9332 8726 926 5867 4537 6259 3098 12805 16187
1655 12233 14180 3102 8719 9222 3171 10917 10033 13348 16187 4832 16187 13348 16187 3409
5463 5867 13341 13341 16187 16187 16187 16187 16187 16187 16187 16187 16187 16187 16187 16187
3489 4750 12835 3543 9605 12233 2823 9332 8726 926 5867 4537 6259 3098 12805 16187
1655 12233 14180 3102 8719 9222 3171 10917 10033 13348 16187 4832 16187 13348 16187 3409
3171 11720 15846 2823 926 15978 7926 8710 6259 9450 9139 4240 14180 16187 16187 16187
3489 4750 12835 3543 9605 12233 2823 9332 8726 926 5867 4537 6259 3098 12805 16187
1655 12233 14180 3102 8719 9222 3171 10917 10033 13348 16187 4832 16187 13348 16187 3409
3098 10033 11953 6259 926 16187 16187 16187 16187 16187 16187 16187 16187 16187 16187 16187
3489 4750 12835 3543 9605 12233 2823 9332 8726 926 5867 4537 6259 3098 12805 16187
1655 12233 14180 3102 8719 9222 3171 10917 10033 13348 16187 4832 16187 13348 16187 3409
12233 1436 7740 11889 3171 2563 8710 1954 9937 16187 16187 16187 16187 16187 16187 16187
3489 4750 12835 3543 9605 12233 2823 9332 8726 926 5867 4537 6259 3098 12805 16187
1655 12233 14180 3102 8719 9222 3171 10917 10033 13348 16187 4832 16187 13348 16187 3409
4776 9431 13756 12028 4931 12606 16187 16187 16187 16187 16187 16187 16187 16187 16187 16187
3489 4750 12835 3543 9605 12233 2823 9332 8726 926 5867 4537 6259 3098 12805 16187
1655 12233 14180 3102 8719 9222 3171 10917 10033 13348 16187 4832 16187 13348 16187 3409
14272 3847 7926 5373 1919 3171 10875 2598 16187 16187 16187 16187 16187 16187 16187 16187
3489 4750 12835 3543 9605 12233 2823 9332 8726 926 5867 4537 6259 3098 12805 16187
1655 12233 14180 3102 8719 9222 3171 10917 10033 13348 16187 4832 16187 13348 16187 3409
4776 6390 10047 8710 11889 6259 3838 12099 1614 14029 15270 16187 16187 16187 16187 16187
3489 4750 12835 3543 9605 12233 2823 9332 8726 926 5867 4537 6259 3098 12805 16187
1655 12233 14180 3102 8719 9222 3171 10917 10033 13348 16187 4832 16187 13348 16187 3409
3177 1245 8268 8712 3847 9754 7001 9680 12233 2458 16187 16187 16187 16187 16187 16187
3489 4750 12835 3543 9605 12233 2823 9332 8726 926 5867 4537 6259 3098 12805 16187
1655 12233 14180 3102 8719 9222 3171 10917 10033 13348 16187 4832 16187 13348 16187 3409
4776 926 4325 14776 2978 14776 8455 926 9549 926 16187 16187 16187 16187 16187 16187
3489 4750 12835 3543 9605 12233 2823 9332 8726 926 5867 4537 6259 3098 12805 16187
1655 12233 14180 3102 8719 9222 3171 10917 10033 13348 16187 4832 16187 13348 16187 3409
6011 926 5099 3171 10936 16187 16187 16187 16187 16187 16187 16187 16187 16187 16187 16187
3489 4750 12835 3543 9605 12233 2823 9332 8726 926 5867 4537 6259 3098 12805 16187
1655 12233 14180 3102 8719 9222 3171 10917 10033 13348 16187 4832 16187 13348 16187 3409
15819 284 16187 16187 16187 16187 16187 16187 16187 16187 16187 16187 16187 16187 16187 16187
3489 4750 12835 3543 9605 12233 2823 9332 8726 926 5867 4537 6259 3098 12805 16187
1655 12233 14180 3102 8719 9222 3171 10917 10033 13348 16187 4832 16187 13348 16187 3409
8726 14069 4931 1378 8391 12233 3171 2563 8268 8712 4931 1885 16187 16187 16187 16187
3489 4750 12835 3543 9605 12233 2823 9332 8726 926 5867 4537 6259 3098 12805 16187
1655 12233 14180 3102 8719 9222 3171 10917 10033 13348 16187 4832 16187 13348 16187 3409
12008 4776 14637 7293 5463 4375 8710 14221 12495 11273 10967 4776 5328 4927 10709 16187
3489 4750 12835 3543 9605 12233 2823 9332 8726 926 5867 4537 6259 3098 12805 16187
1655 12233 14180 3102 8719 9222 3171 10917 10033 13348 16187 4832 16187 13348 16187 3409
8710 8712 4537 1954 817 9290 1919 6259 8569 14323 14043 6259 9405 2598 16187 16187
3489 4750 12835 3543 9605 12233 2823 9332 8726 926 5867 4537 6259 3098 12805 16187
1655 12233 14180 3102 8719 9222 3171 10917 10033 13348 16187 4832 16187 13348 16187 3409
4325 12232 5329 11553 13758 2858 6722 8268 12008 830 5463 4565 5889 16187 16187 16187
3489 4750 12835 3543 9605 12233 2823 9332 8726 926 5867 4537 6259 3098 12805 16187
1655 12233 14180 3102 8719 9222 3171 10917 10033 13348 16187 4832 16187 13348 16187 3409
4404 9424 5463 7740 5580 1110 11953 3171 2563 8710 4776 12894 16187 16187 16187 16187
3489 4750 12835 3543 9605 12233 2823 9332 8726 926 5867 4537 6259 3098 12805 16187
1655 12233 14180 3102 8719 9222 3171 10917 10033 13348 16187 4832 16187 13348 16187 3409
9431 4624 11553 4776 2353 8268 926 926 16187 16187 16187 16187 16187 16187 16187 16187
3489 4750 12835 3543 9605 12233 2823 9332 8726 926 5867 4537 6259 3098 12805 16187
1655 12233 14180 3102 8719 9222 3171 10917 10033 13348 16187 4832 16187 13348 16187 3409
15662 14031 15662 3364 9754 13474 14038 2598 16187 16187 16187 16187 16187 16187 16187 16187
3489 4750 12835 3543 9605 12233 2823 9332 8726 926 5867 4537 6259 3098 12805 16187
1655 12233 14180 3102 8719 9222 3171 10917 10033 13348 16187 4832 16187 13348 16187 3409
12127 983 8712 7076 14029 2024 7740 10603 13832 15715 8712 10036 14237 10036 16187 16187
3489 4750 12835 3543 9605 12233 2823 9332 8726 926 5867 4537 6259 3098 12805 16187
1655 12233 14180 3102 8719 9222 3171 10917 10033 13348 16187 4832 16187 13348 16187 3409
5297 8268 7740 2308 4776 4152 12233 2823 8106 14237 5329 6070 6148 16187 16187 16187
3489 4750 12835 3543 9605 12233 2823 9332 8726 926 5867 4537 6259 3098 12805 16187
1655 12233 14180 3102 8719 9222 3171 10917 10033 13348 16187 4832 16187 13348 16187 3409
4240 14231 1138 4776 12968 5711 7740 12449 12233 2552 6259 5820 14199 2563 16187 16187
3489 4750 12835 3543 9605 12233 2823 9332 8726 926 5867 4537 6259 3098 12805 16187
1655 12233 14180 3102 8719 9222 3171 10917 10033 13348 16187 4832 16187 13348 16187 3409
4776 15776 3384 8710 6070 10355 14237 3112 6011 10879 830 14272 8710 12233 13758 16187
3489 4750 12835 3543 9605 12233 2823 9332 8726 926 5867 4537 6259 3098 12805 16187
1655 12233 14180 3102 8719 9222 3171 10917 10033 13348 16187 4832 16187 13348 16187 3409
926 8268 8712 8710 6070 630 5463 16038 9424 5936 6259 3098 2563 16187 16187 16187
3489 4750 12835 3543 9605 12233 2823 9332 8726 926 5867 4537 6259 3098 12805 16187
1655 12233 14180 3102 8719 9222 3171 10917 10033 13348 16187 4832 16187 13348 16187 3409
5332 8726 6011 11031 10373 15984 8268 7740 12232 9754 8154 3171 10033 830 6011 16187
3489 4750 12835 3543 9605 12233 2823 9332 8726 926 5867 4537 6259 3098 12805 16187
1655 12233 14180 3102 8719 9222 3171 10917 10033 13348 16187 4832 16187 13348 16187 3409
5329 8569 8268 12008 5329 5463 10355 9890 16187 16187 16187 16187 16187 16187 16187 16187
3489 4750 12835 3543 9605 12233 2823 9332 8726 926 5867 4537 6259 3098 12805 16187
1655 12233 14180 3102 8719 9222 3171 10917 10033 13348 16187 4832 16187 13348 16187 3409
5208 4776 1620 2823 926 830 4776 5820 14634 2598 16187 16187 16187 16187 16187 16187
3489 4750 12835 3543 9605 12233 2823 9332 8726 926 5867 4537 6259 3098 12805 16187
1655 12233 14180 3102 8719 9222 3171 10917 10033 13348 16187 4832 16187 13348 16187 3409
1957 4776 12298 6011 14776 1229 926 8268 1229 5994 2837 4776 8139 16187 16187 16187
3489 4750 12835 3543 9605 12233 2823 9332 8726 926 5867 4537 6259 3098 12805 16187
1655 12233 14180 3102 8719 9222 3171 10917 10033 13348 16187 4832 16187 13348 16187 3409
7740 2383 8712 779 12233 2823 13631 8719 4776 14824 3177 2263 983 16187 16187 16187
3489 4750 12835 3543 9605 12233 2823 9332 8726 926 5867 4537 6259 3098 12805 16187
1655 12233 14180 3102 8719 9222 3171 10917 10033 13348 16187 4832 16187 13348 16187 3409
8712 5867 11075 1405 14237 13170 6070 8268 6070 13170 16187 16187 16187 16187 16187 16187
3489 4750 12835 3543 9605 12233 2823 9332 8726 926 5867 4537 6259 3098 12805 16187
1655 12233 14180 3102 8719 9222 3171 10917 10033 13348 16187 4832 16187 13348 16187 3409
5272 7345 3765 8710 2148 16187 16187 16187 16187 16187 16187 16187 16187 16187 16187 16187
3489 4750 12835 3543 9605 12233 2823 9332 8726 926 5867 4537 6259 3098 12805 16187
1655 12233 14180 3102 8719 9222 3171 10917 10033 13348 16187 4832 16187 13348 16187 3409
14237 6070 2758 12233 2172 203 15096 3171 308 8710 16187 16187 16187 16187 16187 16187
3489 4750 12835 3543 9605 12233 2823 9332 8726 926 5867 4537 6259 3098 12805 16187
1655 12233 14180 3102 8719 9222 3171 10917 10033 13348 16187 4832 16187 13348 16187 3409
9057 11490 1885 3137 8554 14237 15881 6259 15781 1955 6259 926 1957 6259 926 16187
3489 4750 12835 3543 9605 12233 2823 9332 8726 926 5867 4537 6259 3098 12805 16187
1655 12233 14180 3102 8719 9222 3171 10917 10033 13348 16187 4832 16187 13348 16187 3409
12008 7740 188 12233 8537 5463 12276 1390 8710 830 4776 2572 16187 16187 16187 16187
3489 4750 12835 3543 9605 12233 2823 9332 8726 926 5867 4537 6259 3098 12805 16187
1655 12233 14180 3102 8719 9222 3171 10917 10033 13348 16187 4832 16187 13348 16187 3409
1229 10355 13348 16187 16187 16187 16187 16187 16187 16187 16187 16187 16187 16187 16187 16187
3489 4750 12835 3543 9605 12233 2823 9332 8726 926 5867 4537 6259 3098 12805 16187
1655 12233 14180 3102 8719 9222 3171 10917 10033 13348 16187 4832 16187 13348 16187 3409
6173 10566 3177 4776 13783 12051 8710 7758 10719 3171 10033 16187 16187 16187 16187 16187
3489 4750 12835 3543 9605 12233 2823 9332 8726 926 5867 4537 6259 3098 12805 16187
1655 12233 14180 3102 8719 9222 3171 10917 10033 13348 16187 4832 16187 13348 16187 3409
4776 926 926 11711 12940 1919 4312 16187 16187 16187 16187 16187 16187 16187 16187 16187
3489 4750 12835 3543 9605 12233 2823 9332 8726 926 5867 4537 6259 3098 12805 16187
1655 12233 14180 3102 8719 9222 3171 10917 10033 13348 16187 4832 16187 13348 16187 3409
1138 4776 7705 2563 3177 14180 983 13348 16187 16187 16187 16187 16187 16187 16187 16187
3489 4750 12835 3543 9605 12233 2823 9332 8726 926 5867 4537 6259 3098 12805 16187
1655 12233 14180 3102 8719 9222 3171 10917 10033 13348 16187 4832 16187 13348 16187 3409
1229 14272 3543 8733 6011 7001 2552 3171 10033 15525 8719 2729 2598 16187 16187 16187
3489 4750 12835 3543 9605 12233 2823 9332 8726 926 5867 4537 6259 3098 12805 16187
1655 12233 14180 3102 8719 9222 3171 10917 10033 13348 16187 4832 16187 13348 16187 3409
1378 9424 5463 5641 4776 7542 10418 12576 8710 8808 10801 16187 16187 16187 16187 16187
3489 4750 12835 3543 9605 12233 2823 9332 8726 926 5867 4537 6259 3098 12805 16187
1655 12233 14180 3102 8719 9222 3171 10917 10033 13348 16187 4832 16187 13348 16187 3409
7740 4931 2758 1833 8015 9084 9754 7127 4776 8162 16187 16187 16187 16187 16187 16187
3489 4750 12835 3543 9605 12233 2823 9332 8726 926 5867 4537 6259 3098 12805 16187
1655 12233 14180 3102 8719 9222 3171 10917 10033 13348 16187 4832 16187 13348 16187 3409
8270 2123 3137 983 926 16187 16187 16187 16187 16187 16187 16187 16187 16187 16187 16187
3489 4750 12835 3543 9605 12233 2823 9332 8726 926 5867 4537 6259 3098 12805 16187
1655 12233 14180 3102 8719 9222 3171 10917 10033 13348 16187 4832 16187 13348 16187 3409
6011 5208 14581 14734 9540 14237 15926 1543 8084 8710 2860 16187 16187 16187 16187 16187
3489 4750 12835 3543 9605 12233 2823 9332 8726 926 5867 4537 6259 3098 12805 16187
1655 12233 14180 3102 8719 9222 3171 10917 10033 13348 16187 4832 16187 13348 16187 3409
926 3925 16187 16187 16187 16187 16187 16187 16187 16187 16187 16187 16187 16187 16187 16187
3489 4750 12835 3543 9605 12233 2823 9332 8726 926 5867 4537 6259 3098 12805 16187
1655 12233 14180 3102 8719 9222 3171 10917 10033 13348 16187 4832 16187 13348 16187 3409
7742 4032 15715 8069 4240 5328 6259 10776 16187 16187 16187 16187 16187 16187 16187 16187
3489 4750 12835 3543 9605 12233 2823 9332 8726 926 5867 4537 6259 3098 12805 16187
1655 12233 14180 3102 8719 9222 3171 10917 10033 13348 16187 4832 16187 13348 16187 3409
3171 10033 8710 6259 13242 10314 16187 16187 16187 16187 16187 16187 16187 16187 16187 16187
3489 4750 12835 3543 9605 12233 2823 9332 8726 926 5867 4537 6259 3098 12805 16187
1655 12233 14180 3102 8719 9222 3171 10917 10033 13348 16187 4832 16187 13348 16187 3409
16187 16187 16187 16187 16187 16187 16187 16187 16187 16187 16187 16187 16187 16187 16187 16187
3489 4750 12835 3543 9605 12233 2823 9332 8726 926 5867 4537 6259 3098 12805 16187
1655 12233 14180 3102 8719 9222 3171 10917 10033 13348 16187 4832 16187 13348 16187 3409
3171 926 4776 926 926 3177 2422 830 926 8719 926 16187 16187 16187 16187 16187
3489 4750 12835 3543 9605 12233 2823 9332 8726 926 5867 4537 6259 3098 12805 16187
1655 12233 14180 3102 8719 9222 3171 10917 10033 13348 16187 4832 16187 13348 16187 3409
926 4697 1885 12529 8888 1919 4776 15208 12616 8710 12256 16187 16187 16187 16187 16187
3489 4750 12835 3543 9605 12233 2823 9332 8726 926 5867 4537 6259 3098 12805 16187
1655 12233 14180 3102 8719 9222 3171 10917 10033 13348 16187 4832 16187 13348 16187 3409
2805 2598 16187 16187 16187 16187 16187 16187 16187 16187 16187 16187 16187 16187 16187 16187
3489 4750 12835 3543 9605 12233 2823 9332 8726 926 5867 4537 6259 3098 12805 16187
1655 12233 14180 3102 8719 9222 3171 10917 10033 13348 16187 4832 16187 13348 16187 3409
6259 5445 2563 11953 2946 2598 2598 16187 16187 16187 16187 16187 16187 16187 16187 16187
3489 4750 12835 3543 9605 12233 2823 9332 8726 926 5867 4537 6259 3098 12805 16187
1655 12233 14180 3102 8719 9222 3171 10917 10033 13348 16187 4832 16187 13348 16187 3409
3171 8710 1378 3177 4776 564 1133 3177 926 16187 16187 16187 16187 16187 16187 16187
3489 4750 12835 3543 9605 12233 2823 9332 8726 926 5867 4537 6259 3098 12805 16187
1655 12233 14180 3102 8719 9222 3171 10917 10033 13348 16187 4832 16187 13348 16187 3409
926 1924 1955 926 926 779 6259 10045 11401 16187 16187 16187 16187 16187 16187 16187
3489 4750 12835 3543 9605 12233 2823 9332 8726 926 5867 4537 6259 3098 12805 16187
1655 12233 14180 3102 8719 9222 3171 10917 10033 13348 16187 4832 16187 13348 16187 3409
3171 8710 14180 7740 11553 12233 1436 830 5332 16187 16187 16187 16187 16187 16187 16187
3489 4750 12835 3543 9605 12233 2823 9332 8726 926 5867 4537 6259 3098 12805 16187
1655 12233 14180 3102 8719 9222 3171 10917 10033 13348 16187 4832 16187 13348 16187 3409
7926 926 4776 2563 16187 16187 16187 16187 16187 16187 16187 16187 16187 16187 16187 16187
3489 4750 12835 3543 9605 12233 2823 9332 8726 926 5867 4537 6259 3098 12805 16187
1655 12233 14180 3102 8719 9222 3171 10917 10033 13348 16187 4832 16187 13348 16187 3409
13797 14437 5867 8971 574 9113 4404 1744 12233 4776 10033 16187 16187 16187 16187 16187
3489 4750 12835 3543 9605 12233 2823 9332 8726 926 5867 4537 6259 3098 12805 16187
1655 12233 14180 3102 8719 9222 3171 10917 10033 13348 16187 4832 16187 13348 16187 3409
1138 7740 12020 4776 284 771 12766 8270 8268 5711 4931 4404 3109 16187 16187 16187
3489 4750 12835 3543 9605 12233 2823 9332 8726 926 5867 4537 6259 3098 12805 16187
1655 12233 14180 3102 8719 9222 3171 10917 10033 13348 16187 4832 16187 13348 16187 3409
16147 16187 16187 16187 16187 16187 16187 16187 16187 16187 16187 16187 16187 16187 16187 16187
3489 4750 12835 3543 9605 12233 2823 9332 8726 926 5867 4537 6259 3098 12805 16187
1655 12233 14180 3102 8719 9222 3171 10917 10033 13348 16187 4832 16187 13348 16187 3409
8712 4931 4776 5568 1138 926 5711 4624 7448 13348 16187 16187 16187 16187 16187 16187
3489 4750 12835 3543 9605 12233 2823 9332 8726 926 5867 4537 6259 3098 12805 16187
1655 12233 14180 3102 8719 9222 3171 10917 10033 13348 16187 4832 16187 13348 16187 3409
5084 1955 6259 4592 14281 3177 2308 3826 8268 4776 13799 12937 4390 4994 14112 16187
3489 4750 12835 3543 9605 12233 2823 9332 8726 926 5867 4537 6259 3098 12805 16187
1655 12233 14180 3102 8719 9222 3171 10917 10033 13348 16187 4832 16187 13348 16187 3409
2296 1954 12256 4963 13926 8268 926 926 5015 1955 14734 12852 16187 16187 16187 16187
3489 4750 12835 3543 9605 12233 2823 9332 8726 926 5867 4537 6259 3098 12805 16187
1655 12233 14180 3102 8719 9222 3171 10917 10033 13348 16187 4832 16187 13348 16187 3409
14069 5867 6349 830 6011 16187 16187 16187 16187 16187 16187 16187 16187 16187 16187 16187
3489 4750 12835 3543 9605 12233 2823 9332 8726 926 5867 4537 6259 3098 12805 16187
1655 12233 14180 3102 8719 9222 3171 10917 10033 13348 16187 4832 16187 13348 16187 3409
4325 14776 7367 14237 14272 4325 1436 13216 16187 16187 16187 16187 16187 16187 16187 16187
3489 4750 12835 3543 9605 12233 2823 9332 8726 926 5867 4537 6259 3098 12805 16187
1655 12233 14180 3102 8719 9222 3171 10917 10033 13348 16187 4832 16187 13348 16187 3409
7001 2552 8712 8726 6011 11553 9754 12467 16187 16187 16187 16187 16187 16187 16187 16187
3489 4750 12835 3543 9605 12233 2823 9332 8726 926 5867 4537 6259 3098 12805 16187
1655 12233 14180 3102 8719 9222 3171 10917 10033 13348 16187 4832 16187 13348 16187 3409
7740 14263 3171 1378 13341 9484 16187 16187 16187 16187 16187 16187 16187 16187 16187 16187
3489 4750 12835 3543 9605 12233 2823 9332 8726 926 5867 4537 6259 3098 12805 16187
1655 12233 14180 3102 8719 9222 3171 10917 10033 13348 16187 4832 16187 13348 16187 3409
14029 12233 4776 3137 476 13348 16187 16187 16187 16187 16187 16187 16187 16187 16187 16187
3489 4750 12835 3543 9605 12233 2823 9332 8726 926 5867 4537 6259 3098 12805 16187
1655 12233 14180 3102 8719 9222 3171 10917 10033 13348 16187 4832 16187 13348 16187 3409
7740 926 1436 9591 11953 11457 926 4240 15715 3171 16187 16187 16187 16187 16187 16187
3489 4750 12835 3543 9605 12233 2823 9332 8726 926 5867 4537 6259 3098 12805 16187
1655 12233 14180 3102 8719 9222 3171 10917 10033 13348 16187 4832 16187 13348 16187 3409
3733 3112 4776 5916 10967 9290 12233 926 13144 14237 13074 16187 16187 16187 16187 16187
3489 4750 12835 3543 9605 12233 2823 9332 8726 926 5867 4537 6259 3098 12805 16187
1655 12233 14180 3102 8719 9222 3171 10917 10033 13348 16187 4832 16187 13348 16187 3409
14237 91 5656 4776 9450 3942 4776 284 14776 8569 13348 16187 16187 16187 16187 16187
3489 4750 12835 3543 9605 12233 2823 9332 8726 926 5867 4537 6259 3098 12805 16187
1655 12233 14180 3102 8719 9222 3171 10917 10033 13348 16187 4832 16187 13348 16187 3409
4776 13839 14237 4776 12835 14776 3098 16187 16187 16187 16187 16187 16187 16187 16187 16187
3489 4750 12835 3543 9605 12233 2823 9332 8726 926 5867 4537 6259 3098 12805 16187
1655 12233 14180 3102 8719 9222 3171 10917 10033 13348 16187 4832 16187 13348 16187 3409
15658 13197 1954 3982 4152 779 12233 8569 2598 16187 16187 16187 16187 16187 16187 16187
3489 4750 12835 3543 9605 12233 2823 9332 8726 926 5867 4537 6259 3098 12805 16187
1655 12233 14180 3102 8719 9222 3171 10917 10033 13348 16187 4832 16187 13348 16187 3409
7740 8154 3171 12233 10671 3177 1781 400 6071 16187 16187 16187 16187 16187 16187 16187
3489 4750 12835 3543 9605 12233 2823 9332 8726 926 5867 4537 6259 3098 12805 16187
1655 12233 14180 3102 8719 9222 3171 10917 10033 13348 16187 4832 16187 13348 16187 3409
4776 7310 284 14776 2446 6259 10602 14237 5218 4189 13907 9604 16187 16187 16187 16187
3489 4750 12835 3543 9605 12233 2823 9332 8726 926 5867 4537 6259 3098 12805 16187
1655 12233 14180 3102 8719 9222 3171 10917 10033 13348 16187 4832 16187 13348 16187 3409
4776 14833 13341 16187 16187 16187 16187 16187 16187 16187 16187 16187 16187 16187 16187 16187
3489 4750 12835 3543 9605 12233 2823 9332 8726 926 5867 4537 6259 3098 12805 16187
1655 12233 14180 3102 8719 9222 3171 10917 10033 13348 16187 4832 16187 13348 16187 3409
4142 447 8268 14237 11900 7393 1955 6259 1212 2563 16187 16187 16187 16187 16187 16187
3489 4750 12835 3543 9605 12233 2823 9332 8726 926 5867 4537 6259 3098 12805 16187
1655 12233 14180 3102 8719 9222 3171 10917 10033 13348 16187 4832 16187 13348 16187 3409
5713 14776 14180 1133 5463 2842 8866 547 16187 16187 16187 16187 16187 16187 16187 16187
3489 4750 12835 3543 9605 12233 2823 9332 8726 926 5867 4537 6259 3098 12805 16187
1655 12233 14180 3102 8719 9222 3171 10917 10033 13348 16187 4832 16187 13348 16187 3409
7740 3644 9754 12732 926 926 14237 926 926 1955 12738 16187 16187 16187 16187 16187
3489 4750 12835 3543 9605 12233 2823 9332 8726 926 5867 4537 6259 3098 12805 16187
1655 12233 14180 3102 8719 9222 3171 10917 10033 13348 16187 4832 16187 13348 16187 3409
14834 11900 16187 16187 16187 16187 16187 16187 16187 16187 16187 16187 16187 16187 16187 16187
3489 4750 12835 3543 9605 12233 2823 9332 8726 926 5867 4537 6259 3098 12805 16187
1655 12233 14180 3102 8719 9222 3171 10917 10033 13348 16187 4832 16187 13348 16187 3409
1378 3364 1436 5463 10250 7632 926 4750 12233 4204 8268 926 4269 16187 16187 16187
3489 4750 12835 3543 9605 12233 2823 9332 8726 926 5867 4537 6259 3098 12805 16187
1655 12233 14180 3102 8719 9222 3171 10917 10033 13348 16187 4832 16187 13348 16187 3409
10355 1395 13341 16187 16187 16187 16187 16187 16187 16187 16187 16187 16187 16187 16187 16187
3489 4750 12835 3543 9605 12233 2823 9332 8726 926 5867 4537 6259 3098 12805 16187
1655 12233 14180 3102 8719 9222 3171 10917 10033 13348 16187 4832 16187 13348 16187 3409
14069 14776 8270 8185 15525 14069 16187 16187 16187 16187 16187 16187 16187 16187 16187 16187
3489 4750 12835 3543 9605 12233 2823 9332 8726 926 5867 4537 6259 3098 12805 16187
1655 12233 14180 3102 8719 9222 3171 10917 10033 13348 16187 4832 16187 13348 16187 3409
1378 8710 6685 16187 16187 16187 16187 16187 16187 16187 16187 16187 16187 16187 16187 16187
3489 4750 12835 3543 9605 12233 2823 9332 8726 926 5867 4537 6259 3098 12805 16187
1655 12233 14180 3102 8719 9222 3171 10917 10033 13348 16187 4832 16187 13348 16187 3409
8712 4537 15881 8719 4776 4927 16187 16187 16187 16187 16187 16187 16187 16187 16187 16187
3489 4750 12835 3543 9605 12233 2823 9332 8726 926 5867 4537 6259 3098 12805 16187
1655 12233 14180 3102 8719 9222 3171 10917 10033 13348 16187 4832 16187 13348 16187 3409
8712 5867 5729 4931 926 6267 16187 16187 16187 16187 16187 16187 16187 16187 16187 16187
3489 4750 12835 3543 9605 12233 2823 9332 8726 926 5867 4537 6259 3098 12805 16187
1655 12233 14180 3102 8719 9222 3171 10917 10033 13348 16187 4832 16187 13348 16187 3409
15441 5867 195 91 3543 5500 4776 7640 10967 13592 6789 926 3994 926 16187 16187
3489 4750 12835 3543 9605 12233 2823 9332 8726 926 5867 4537 6259 3098 12805 16187
1655 12233 14180 3102 8719 9222 3171 10917 10033 13348 16187 4832 16187 13348 16187 3409
9450 926 926 830 4776 14628 7926 14827 8719 926 5867 8181 16187 16187 16187 16187
3489 4750 12835 3543 9605 12233 2823 9332 8726 926 5867 4537 6259 3098 12805 16187
1655 12233 14180 3102 8719 9222 3171 10917 10033 13348 16187 4832 16187 13348 16187 3409
1390 926 14237 7740 1442 7769 830 1813 12028 7740 9429 16187 16187 16187 16187 16187
3489 4750 12835 3543 9605 12233 2823 9332 8726 926 5867 4537 6259 3098 12805 16187
1655 12233 14180 3102 8719 9222 3171 10917 10033 13348 16187 4832 16187 13348 16187 3409
5463 5867 12766 6259 15096 983 16187 16187 16187 16187 16187 16187 16187 16187 16187 16187
3489 4750 12835 3543 9605 12233 2823 9332 8726 926 5867 4537 6259 3098 12805 16187
1655 12233 14180 3102 8719 9222 3171 10917 10033 13348 16187 4832 16187 13348 16187 3409
8712 5867 1229 7843 16187 16187 16187 16187 16187 16187 16187 16187 16187 16187 16187 16187
3489 4750 12835 3543 9605 12233 2823 9332 8726 926 5867 4537 6259 3098 12805 16187
1655 12233 14180 3102 8719 9222 3171 10917 10033 13348 16187 4832 16187 13348 16187 3409
6280 2510 3609 2903 926 4776 100 16187 16187 16187 16187 16187 16187 16187 16187 16187
3489 4750 12835 3543 9605 12233 2823 9332 8726 926 5867 4537 6259 3098 12805 16187
1655 12233 14180 3102 8719 9222 3171 10917 10033 13348 16187 4832 16187 13348 16187 3409
4776 5568 9424 6011 5226 4931 4776 132 3177 13529 926 16187 16187 16187 16187 16187
3489 4750 12835 3543 9605 12233 2823 9332 8726 926 5867 4537 6259 3098 12805 16187
1655 12233 14180 3102 8719 9222 3171 10917 10033 13348 16187 4832 16187 13348 16187 3409
12008 4311 10036 8268 5329 6259 5948 11921 14029 10461 8268 9890 16187 16187 16187 16187
3489 4750 12835 3543 9605 12233 2823 9332 8726 926 5867 4537 6259 3098 12805 16187
1655 12233 14180 3102 8719 9222 3171 10917 10033 13348 16187 4832 16187 13348 16187 3409
11169 8712 6259 926 3177 1378 7740 10503 8710 10582 16187 16187 16187 16187 16187 16187
3489 4750 12835 3543 9605 12233 2823 9332 8726 926 5867 4537 6259 3098 12805 16187
1655 12233 14180 3102 8719 9222 3171 10917 10033 13348 16187 4832 16187 13348 16187 3409
5329 4776 14596 8268 8017 16187 16187 16187 16187 16187 16187 16187 16187 16187 16187 16187
3489 4750 12835 3543 9605 12233 2823 9332 8726 926 5867 4537 6259 3098 12805 16187
1655 12233 14180 3102 8719 9222 3171 10917 10033 13348 16187 4832 16187 13348 16187 3409
13555 9850 12102 8712 13348 13348 16187 16187 16187 16187 16187 16187 16187 16187 16187 16187
3489 4750 12835 3543 9605 12233 2823 9332 8726 926 5867 4537 6259 3098 12805 16187
1655 12233 14180 3102 8719 9222 3171 10917 10033 13348 16187 4832 16187 13348 16187 3409
926 13175 8710 9332 14237 939 12233 2823 6259 9154 5646 950 16187 16187 16187 16187
3489 4750 12835 3543 9605 12233 2823 9332 8726 926 5867 4537 6259 3098 12805 16187
1655 12233 14180 3102 8719 9222 3171 10917 10033 13348 16187 4832 16187 13348 16187 3409
7740 12102 12233 2823 8702 15978 7740 771 3192 11021 830 3171 10033 16187 16187 16187
3489 4750 12835 3543 9605 12233 2823 9332 8726 926 5867 4537 6259 3098 12805 16187
1655 12233 14180 3102 8719 9222 3171 10917 10033 13348 16187 4832 16187 13348 16187 3409
8712 5867 1954 926 2563 11889 13084 16146 16187 16187 16187 16187 16187 16187 16187 16187
3489 4750 12835 3543 9605 12233 2823 9332 8726 926 5867 4537 6259 3098 12805 16187
1655 12233 14180 3102 8719 9222 3171 10917 10033 13348 16187 4832 16187 13348 16187 3409
12008 5463 3847 9754 6196 4776 926 8230 1865 16187 16187 16187 16187 16187 16187 16187
3489 4750 12835 3543 9605 12233 2823 9332 8726 926 5867 4537 6259 3098 12805 16187
1655 12233 14180 3102 8719 9222 3171 10917 10033 13348 16187 4832 16187 13348 16187 3409
5046 3171 8710 1378 3177 4776 12850 2053 5693 3994 1133 8084 16105 16187 16187 16187
3489 4750 12835 3543 9605 12233 2823 9332 8726 926 5867 4537 6259 3098 12805 16187
1655 12233 14180 3102 8719 9222 3171 10917 10033 13348 16187 4832 16187 13348 16187 3409
10373 4776 10033 5867 3192 10709 8268 830 9070 16187 16187 16187 16187 16187 16187 16187
3489 4750 12835 3543 9605 12233 2823 9332 8726 926 5867 4537 6259 3098 12805 16187
1655 12233 14180 3102 8719 9222 3171 10917 10033 13348 16187 4832 16187 13348 16187 3409
1954 13903 8268 6845 10193 2221 16187 16187 16187 16187 16187 16187 16187 16187 16187 16187
3489 4750 12835 3543 9605 12233 2823 9332 8726 926 5867 4537 6259 3098 12805 16187
1655 12233 14180 3102 8719 9222 3171 10917 10033 13348 16187 4832 16187 13348 16187 3409
8466 14029 1019 6249 12240 6173 16187 16187 16187 16187 16187 16187 16187 16187 16187 16187
3489 4750 12835 3543 9605 12233 2823 9332 8726 926 5867 4537 6259 3098 12805 16187
1655 12233 14180 3102 8719 9222 3171 10917 10033 13348 16187 4832 16187 13348 16187 3409
5341 926 8710 2446 9940 8719 4776 954 3177 4776 1235 9059 926 16187 16187 16187
3489 4750 12835 3543 9605 12233 2823 9332 8726 926 5867 4537 6259 3098 12805 16187
1655 12233 14180 3102 8719 9222 3171 10917 10033 13348 16187 4832 16187 13348 16187 3409
4624 14180 14776 499 12233 4552 15389 8569 16187 16187 16187 16187 16187 16187 16187 16187
3489 4750 12835 3543 9605 12233 2823 9332 8726 926 5867 4537 6259 3098 12805 16187
1655 12233 14180 3102 8719 9222 3171 10917 10033 13348 16187 4832 16187 13348 16187 3409
3171 1405 954 145 4776 10033 8913 6259 2765 3177 2365 9492 16187 16187 16187 16187
3489 4750 12835 3543 9605 12233 2823 9332 8726 926 5867 4537 6259 3098 12805 16187
1655 12233 14180 3102 8719 9222 3171 10917 10033 13348 16187 4832 16187 13348 16187 3409
4776 2946 9084 4776 564 4325 3364 1919 14272 4325 771 12233 4189 1919 16187 16187
3489 4750 12835 3543 9605 12233 2823 9332 8726 926 5867 4537 6259 3098 12805 16187
1655 12233 14180 3102 8719 9222 3171 10917 10033 13348 16187 4832 16187 13348 16187 3409
8712 5867 6259 8974 3211 15649 8710 5297 2689 8069 4240 13756 1243 16187 16187 16187
3489 4750 12835 3543 9605 12233 2823 9332 8726 926 5867 4537 6259 3098 12805 16187
1655 12233 14180 3102 8719 9222 3171 10917 10033 13348 16187 4832 16187 13348 16187 3409
7634 16076 926 5867 14426 11953 4776 4949 643 14596 14058 12507 2837 926 16187 16187
3489 4750 12835 3543 9605 12233 2823 9332 8726 926 5867 4537 6259 3098 12805 16187
1655 12233 14180 3102 8719 9222 3171 10917 10033 13348 16187 4832 16187 13348 16187 3409
703 5463 13411 4240 4776 7086 3364 5367 830 5820 16187 16187 16187 16187 16187 16187
3489 4750 12835 3543 9605 12233 2823 9332 8726 926 5867 4537 6259 3098 12805 16187
1655 12233 14180 3102 8719 9222 3171 10917 10033 13348 16187 4832 16187 13348 16187 3409
2263 6259 3044 8630 983 5122 3177 6259 10033 5463 779 6259 5948 3177 20 16187
3489 4750 12835 3543 9605 12233 2823 9332 8726 926 5867 4537 6259 3098 12805 16187
1655 12233 14180 3102 8719 9222 3171 10917 10033 13348 16187 4832 16187 13348 16187 3409
14237 4311 4624 11031 10918 12233 9642 8747 13348 16187 16187 16187 16187 16187 16187 16187
3489 4750 12835 3543 9605 12233 2823 9332 8726 926 5867 4537 6259 3098 12805 16187
1655 12233 14180 3102 8719 9222 3171 10917 10033 13348 16187 4832 16187 13348 16187 3409
4311 4776 12723 6197 16187 16187 16187 16187 16187 16187 16187 16187 16187 16187 16187 16187
3489 4750 12835 3543 9605 12233 2823 9332 8726 926 5867 4537 6259 3098 12805 16187
1655 12233 14180 3102 8719 9222 3171 10917 10033 13348 16187 4832 16187 13348 16187 3409
1799 926 14237 13529 13940 8197 15597 5286 10762 6499 16187 16187 16187 16187 16187 16187
3489 4750 12835 3543 9605 12233 2823 9332 8726 926 5867 4537 6259 3098 12805 16187
1655 12233 14180 3102 8719 9222 3171 10917 10033 13348 16187 4832 16187 13348 16187 3409
8093 13411 16187 16187 16187 16187 16187 16187 16187 16187 16187 16187 16187 16187 16187 16187
3489 4750 12835 3543 9605 12233 2823 9332 8726 926 5867 4537 6259 3098 12805 16187
1655 12233 14180 3102 8719 9222 3171 10917 10033 13348 16187 4832 16187 13348 16187 3409
12495 8569 4776 14599 13729 12233 870 4776 3052 8719 10026 14237 15154 16187 16187 16187
3489 4750 12835 3543 9605 12233 2823 9332 8726 926 5867 4537 6259 3098 12805 16187
1655 12233 14180 3102 8719 9222 3171 10917 10033 13348 16187 4832 16187 13348 16187 3409
14029 4776 2601 8268 7740 4531 8712 16187 16187 16187 16187 16187 16187 16187 16187 16187
3489 4750 12835 3543 9605 12233 2823 9332 8726 926 5867 4537 6259 3098 12805 16187
1655 12233 14180 3102 8719 9222 3171 10917 10033 13348 16187 4832 16187 13348 16187 3409
926 926 14237 926 2257 14776 9431 14263 16187 16187 16187 16187 16187 16187 16187 16187
3489 4750 12835 3543 9605 12233 2823 9332 8726 926 5867 4537 6259 3098 12805 16187
1655 12233 14180 3102 8719 9222 3171 10917 10033 13348 16187 4832 16187 13348 16187 3409
4776 16146 6729 10595 779 8710 5463 1731 3847 6259 5695 15781 8719 11095 14745 16187
3489 4750 12835 3543 9605 12233 2823 9332 8726 926 5867 4537 6259 3098 12805 16187
1655 12233 14180 3102 8719 9222 3171 10917 10033 13348 16187 4832 16187 13348 16187 3409
1019 7926 8781 12353 5867 12135 3177 132 14237 10978 8258 8069 926 6173 16187 16187
3489 4750 12835 3543 9605 12233 2823 9332 8726 926 5867 4537 6259 3098 12805 16187
1655 12233 14180 3102 8719 9222 3171 10917 10033 13348 16187 4832 16187 13348 16187 3409
8712 8710 16187 16187 16187 16187 16187 16187 16187 16187 16187 16187 16187 16187 16187 16187
3489 4750 12835 3543 9605 12233 2823 9332 8726 926 5867 4537 6259 3098 12805 16187
1655 12233 14180 3102 8719 9222 3171 10917 10033 13348 16187 4832 16187 13348 16187 3409
7926 8069 6253 12233 926 9052 13348 16187 16187 16187 16187 16187 16187 16187 16187 16187
3489 4750 12835 3543 9605 12233 2823 9332 8726 926 5867 4537 6259 3098 12805 16187
1655 12233 14180 3102 8719 9222 3171 10917 10033 13348 16187 4832 16187 13348 16187 3409
4776 1378 5463 7740 1959 4931 4707 926 8719 15909 16187 16187 16187 16187 16187 16187
3489 4750 12835 3543 9605 12233 2823 9332 8726 926 5867 4537 6259 3098 12805 16187
1655 12233 14180 3102 8719 9222 3171 10917 10033 13348 16187 4832 16187 13348 16187 3409
6297 8268 7740 9084 9754 9429 8712 4931 14180 5463 3098 16187 16187 16187 16187 16187
3489 4750 12835 3543 9605 12233 2823 9332 8726 926 5867 4537 6259 3098 12805 16187
1655 12233 14180 3102 8719 9222 3171 10917 10033 13348 16187 4832 16187 13348 16187 3409
7926 2847 5804 2837 15057 9532 16187 16187 16187 16187 16187 16187 16187 16187 16187 16187
3489 4750 12835 3543 9605 12233 2823 9332 8726 926 5867 4537 6259 3098 12805 16187
1655 12233 14180 3102 8719 9222 3171 10917 10033 13348 16187 4832 16187 13348 16187 3409
582 14776 14180 4776 9790 8268 2326 16187 16187 16187 16187 16187 16187 16187 16187 16187
3489 4750 12835 3543 9605 12233 2823 9332 8726 926 5867 4537 6259 3098 12805 16187
1655 12233 14180 3102 8719 9222 3171 10917 10033 13348 16187 4832 16187 13348 16187 3409
830 7345 8268 8712 4931 926 16187 16187 16187 16187 16187 16187 16187 16187 16187 16187
3489 4750 12835 3543 9605 12233 2823 9332 8726 926 5867 4537 6259 3098 12805 16187
1655 12233 14180 3102 8719 9222 3171 10917 10033 13348 16187 4832 16187 13348 16187 3409
926 5867 1781 14237 5453 11859 10719 4776 10033 4763 9070 4998 16187 16187 16187 16187
3489 4750 12835 3543 9605 12233 2823 9332 8726 926 5867 4537 6259 3098 12805 16187
1655 12233 14180 3102 8719 9222 3171 10917 10033 13348 16187 4832 16187 13348 16187 3409
4142 447 13348 16187 16187 16187 16187 16187 16187 16187 16187 16187 16187 16187 16187 16187
3489 4750 12835 3543 9605 12233 2823 9332 8726 926 5867 4537 6259 3098 12805 16187
1655 12233 14180 3102 8719 9222 3171 10917 10033 13348 16187 4832 16187 13348 16187 3409
12757 9070 16187 16187 16187 16187 16187 16187 16187 16187 16187 16187 16187 16187 16187 16187
3489 4750 12835 3543 9605 12233 2823 9332 8726 926 5867 4537 6259 3098 12805 16187
1655 12233 14180 3102 8719 9222 3171 10917 10033 13348 16187 4832 16187 13348 16187 3409
8712 8710 6259 9450 1507 8719 7558 12008 5937 8839 8710 926 258 16187 16187 16187
3489 4750 12835 3543 9605 12233 2823 9332 8726 926 5867 4537 6259 3098 12805 16187
1655 12233 14180 3102 8719 9222 3171 10917 10033 13348 16187 4832 16187 13348 16187 3409
3171 2563 4931 4537 5695 16187 16187 16187 16187 16187 16187 16187 16187 16187 16187 16187
3489 4750 12835 3543 9605 12233 2823 9332 8726 926 5867 4537 6259 3098 12805 16187
1655 12233 14180 3102 8719 9222 3171 10917 10033 13348 16187 4832 16187 13348 16187 3409
4776 9955 4931 12349 4776 12489 8268 8069 830 926 16187 16187 16187 16187 16187 16187
3489 4750 12835 3543 9605 12233 2823 9332 8726 926 5867 4537 6259 3098 12805 16187
1655 12233 14180 3102 8719 9222 3171 10917 10033 13348 16187 4832 16187 13348 16187 3409
7740 4537 12020 8712 4931 1813 12028 2695 16187 16187 16187 16187 16187 16187 16187 16187
3489 4750 12835 3543 9605 12233 2823 9332 8726 926 5867 4537 6259 3098 12805 16187
1655 12233 14180 3102 8719 9222 3171 10917 10033 13348 16187 4832 16187 13348 16187 3409
91 5867 6259 7637 5463 2945 10272 12233 2823 6381 12233 7422 14237 9442 16187 16187
3489 4750 12835 3543 9605 12233 2823 9332 8726 926 5867 4537 6259 3098 12805 16187
1655 12233 14180 3102 8719 9222 3171 10917 10033 13348 16187 4832 16187 13348 16187 3409
926 3177 4776 10033 14776 854 16187 16187 16187 16187 16187 16187 16187 16187 16187 16187
3489 4750 12835 3543 9605 12233 2823 9332 8726 926 5867 4537 6259 3098 12805 16187
1655 12233 14180 3102 8719 9222 3171 10917 10033 13348 16187 4832 16187 13348 16187 3409
3211 8268 10011 14043 5329 8268 8710 10373 12276 1860 10983 16187 16187 16187 16187 16187
3489 4750 12835 3543 9605 12233 2823 9332 8726 926 5867 4537 6259 3098 12805 16187
1655 12233 14180 3102 8719 9222 3171 10917 10033 13348 16187 4832 16187 13348 16187 3409
8712 4931 8993 10355 8268 12008 4776 15776 15814 9498 2805 16187 16187 16187 16187 16187
3489 4750 12835 3543 9605 12233 2823 9332 8726 926 5867 4537 6259 3098 12805 16187
1655 12233 14180 3102 8719 9222 3171 10917 10033 13348 16187 4832 16187 13348 16187 3409
926 8710 6259 2176 12976 12233 4776 1726 14112 16187 16187 16187 16187 16187 16187 16187
3489 4750 12835 3543 9605 12233 2823 9332 8726 926 5867 4537 6259 3098 12805 16187
1655 12233 14180 3102 8719 9222 3171 10917 10033 13348 16187 4832 16187 13348 16187 3409
5463 5867 14180 10471 7742 16187 16187 16187 16187 16187 16187 16187 16187 16187 16187 16187
3489 4750 12835 3543 9605 12233 2823 9332 8726 926 5867 4537 6259 3098 12805 16187
1655 12233 14180 3102 8719 9222 3171 10917 10033 13348 16187 4832 16187 13348 16187 3409
3171 10810 9591 16105 9070 1453 1138 926 5711 2148 1329 16187 16187 16187 16187 16187
3489 4750 12835 3543 9605 12233 2823 9332 8726 926 5867 4537 6259 3098 12805 16187
1655 12233 14180 3102 8719 9222 3171 10917 10033 13348 16187 4832 16187 13348 16187 3409
6011 9890 2186 3171 2563 1955 8712 8710 14043 6011 4552 9754 16187 16187 16187 16187
3489 4750 12835 3543 9605 12233 2823 9332 8726 926 5867 4537 6259 3098 12805 16187
1655 12233 14180 3102 8719 9222 3171 10917 10033 13348 16187 4832 16187 13348 16187 3409
1019 1175 870 1955 7742 16187 16187 16187 16187 16187 16187 16187 16187 16187 16187 16187
3489 4750 12835 3543 9605 12233 2823 9332 8726 926 5867 4537 6259 3098 12805 16187
1655 12233 14180 3102 8719 9222 3171 10917 10033 13348 16187 4832 16187 13348 16187 3409
6259 7970 328 10283 13839 1919 3098 6499 14180 1778 16187 16187 16187 16187 16187 16187
3489 4750 12835 3543 9605 12233 2823 9332 8726 926 5867 4537 6259 3098 12805 16187
1655 12233 14180 3102 8719 9222 3171 10917 10033 13348 16187 4832 16187 13348 16187 3409
14069 14776 6826 3356 14465 1919 4776 3168 14237 926 16187 16187 16187 16187 16187 16187
3489 4750 12835 3543 9605 12233 2823 9332 8726 926 5867 4537 6259 3098 12805 16187
1655 12233 14180 3102 8719 9222 3171 10917 10033 13348 16187 4832 16187 13348 16187 3409
10566 3177 4776 892 4440 9498 10967 4776 2400 10978 5463 4931 15840 16187 16187 16187
3489 4750 12835 3543 9605 12233 2823 9332 8726 926 5867 4537 6259 3098 12805 16187
1655 12233 14180 3102 8719 9222 3171 10917 10033 13348 16187 4832 16187 13348 16187 3409
3171 4931 6070 3932 8719 2053 1403 3994 16187 16187 16187 16187 16187 16187 16187 16187
3489 4750 12835 3543 9605 12233 2823 9332 8726 926 5867 4537 6259 3098 12805 16187
1655 12233 14180 3102 8719 9222 3171 10917 10033 13348 16187 4832 16187 13348 16187 3409
8712 5867 2543 6550 6259 983 3177 9264 864 14237 7804 3177 3553 16187 16187 16187
3489 4750 12835 3543 9605 12233 2823 9332 8726 926 5867 4537 6259 3098 12805 16187
1655 12233 14180 3102 8719 9222 3171 10917 10033 13348 16187 4832 16187 13348 16187 3409
1893 2122 8268 14237 7740 4552 8313 1893 2122 16187 16187 16187 16187 16187 16187 16187
3489 4750 12835 3543 9605 12233 2823 9332 8726 926 5867 4537 6259 3098 12805 16187
1655 12233 14180 3102 8719 9222 3171 10917 10033 13348 16187 4832 16187 13348 16187 3409
3171 8710 6259 1980 10033 16187 16187 16187 16187 16187 16187 16187 16187 16187 16187 16187
3489 4750 12835 3543 9605 12233 2823 9332 8726 926 5867 4537 6259 3098 12805 16187
1655 12233 14180 3102 8719 9222 3171 10917 10033 13348 16187 4832 16187 13348 16187 3409
15649 3112 15715 6259 15667 12805 16187 16187 16187 16187 16187 16187 16187 16187 16187 16187
3489 4750 12835 3543 9605 12233 2823 9332 8726 926 5867 4537 6259 3098 12805 16187
1655 12233 14180 3102 8719 9222 3171 10917 10033 13348 16187 4832 16187 13348 16187 3409
3177 1245 8268 6011 11553 8311 15768 1515 14029 1147 16187 16187 16187 16187 16187 16187
3489 4750 12835 3543 9605 12233 2823 9332 8726 926 5867 4537 6259 3098 12805 16187
1655 12233 14180 3102 8719 9222 3171 10917 10033 13348 16187 4832 16187 13348 16187 3409
7926 9084 5329 12709 14734 9059 4863 830 6276 16187 16187 16187 16187 16187 16187 16187
3489 4750 12835 3543 9605 12233 2823 9332 8726 926 5867 4537 6259 3098 12805 16187
1655 12233 14180 3102 8719 9222 3171 10917 10033 13348 16187 4832 16187 13348 16187 3409
3171 8710 6259 2326 10355 2563 14237 2847 630 2148 5633 16187 16187 16187 16187 16187
3489 4750 12835 3543 9605 12233 2823 9332 8726 926 5867 4537 6259 3098 12805 16187
1655 12233 14180 3102 8719 9222 3171 10917 10033 13348 16187 4832 16187 13348 16187 3409
12008 1889 1957 14589 8712 4931 9754 6388 16187 16187 16187 16187 16187 16187 16187 16187
3489 4750 12835 3543 9605 12233 2823 9332 8726 926 5867 4537 6259 3098 12805 16187
1655 12233 14180 3102 8719 9222 3171 10917 10033 13348 16187 4832 16187 13348 16187 3409
15870 8268 12008 8712 5867 5046 6186 12233 3322 16187 16187 16187 16187 16187 16187 16187
3489 4750 12835 3543 9605 12233 2823 9332 8726 926 5867 4537 6259 3098 12805 16187
1655 12233 14180 3102 8719 9222 3171 10917 10033 13348 16187 4832 16187 13348 16187 3409
4776 2285 926 15093 3177 4776 10033 8710 8124 16187 16187 16187 16187 16187 16187 16187
3489 4750 12835 3543 9605 12233 2823 9332 8726 926 5867 4537 6259 3098 12805 16187
1655 12233 14180 3102 8719 9222 3171 10917 10033 13348 16187 4832 16187 13348 16187 3409
14919 9484 9296 7740 4931 6391 15389 6672 2837 9655 4776 3366 1857 16187 16187 16187
3489 4750 12835 3543 9605 12233 2823 9332 8726 926 5867 4537 6259 3098 12805 16187
1655 12233 14180 3102 8719 9222 3171 10917 10033 13348 16187 4832 16187 13348 16187 3409
1329 8268 3171 2563 8710 6259 3667 3177 9831 16187 16187 16187 16187 16187 16187 16187
3489 4750 12835 3543 9605 12233 2823 9332 8726 926 5867 4537 6259 3098 12805 16187
1655 12233 14180 3102 8719 9222 3171 10917 10033 13348 16187 4832 16187 13348 16187 3409
926 5867 5602 926 1019 926 926 6173 8710 6259 5200 926 16187 16187 16187 16187
3489 4750 12835 3543 9605 12233 2823 9332 8726 926 5867 4537 6259 3098 12805 16187
1655 12233 14180 3102 8719 9222 3171 10917 10033 13348 16187 4832 16187 13348 16187 3409
11889 1378 3177 9743 2053 12261 5351 8055 16187 16187 16187 16187 16187 16187 16187 16187
3489 4750 12835 3543 9605 12233 2823 9332 8726 926 5867 4537 6259 3098 12805 16187
1655 12233 14180 3102 8719 9222 3171 10917 10033 13348 16187 4832 16187 13348 16187 3409
7740 12020 7926 771 696 14734 2946 14237 14596 12233 2543 4776 4963 11859 16187 16187
3489 4750 12835 3543 9605 12233 2823 9332 8726 926 5867 4537 6259 3098 12805 16187
1655 12233 14180 3102 8719 9222 3171 10917 10033 13348 16187 4832 16187 13348 16187 3409
8712 3847 9754 9605 13592 8270 512 3171 5711 16187 16187 16187 16187 16187 16187 16187
3489 4750 12835 3543 9605 12233 2823 9332 8726 926 5867 4537 6259 3098 12805 16187
1655 12233 14180 3102 8719 9222 3171 10917 10033 13348 16187 4832 16187 13348 16187 3409
7740 973 1378 3177 9743 15695 16187 16187 16187 16187 16187 16187 16187 16187 16187 16187
3489 4750 12835 3543 9605 12233 2823 9332 8726 926 5867 4537 6259 3098 12805 16187
1655 12233 14180 3102 8719 9222 3171 10917 10033 13348 16187 4832 16187 13348 16187 3409
4776 14596 2894 4931 6140 14237 2689 16187 16187 16187 16187 16187 16187 16187 16187 16187
3489 4750 12835 3543 9605 12233 2823 9332 8726 926 5867 4537 6259 3098 12805 16187
1655 12233 14180 3102 8719 9222 3171 10917 10033 13348 16187 4832 16187 13348 16187 3409
4776 574 830 3171 10033 4931 7594 16187 16187 16187 16187 16187 16187 16187 16187 16187
3489 4750 12835 3543 9605 12233 2823 9332 8726 926 5867 4537 6259 3098 12805 16187
1655 12233 14180 3102 8719 9222 3171 10917 10033 13348 16187 4832 16187 13348 16187 3409
926 926 12349 6826 926 10967 763 13298 16187 16187 16187 16187 16187 16187 16187 16187
3489 4750 12835 3543 9605 12233 2823 9332 8726 926 5867 4537 6259 3098 12805 16187
1655 12233 14180 3102 8719 9222 3171 10917 10033 13348 16187 4832 16187 13348 16187 3409
4776 10033 8368 15525 13907 6259 10442 16187 16187 16187 16187 16187 16187 16187 16187 16187
3489 4750 12835 3543 9605 12233 2823 9332 8726 926 5867 4537 6259 3098 12805 16187
1655 12233 14180 3102 8719 9222 3171 10917 10033 13348 16187 4832 16187 13348 16187 3409
5359 8268 3171 2563 8710 15624 8268 15978 14691 8710 9015 830 11953 1378 10244 16187
3489 4750 12835 3543 9605 12233 2823 9332 8726 926 5867 4537 6259 3098 12805 16187
1655 12233 14180 3102 8719 9222 3171 10917 10033 13348 16187 4832 16187 13348 16187 3409
3171 8710 2176 7742 11022 14237 2608 1919 6259 6313 132 574 16187 16187 16187 16187
3489 4750 12835 3543 9605 12233 2823 9332 8726 926 5867 4537 6259 3098 12805 16187
1655 12233 14180 3102 8719 9222 3171 10917 10033 13348 16187 4832 16187 13348 16187 3409
6161 8710 14272 10889 16187 16187 16187 16187 16187 16187 16187 16187 16187 16187 16187 16187
3489 4750 12835 3543 9605 12233 2823 9332 8726 926 5867 4537 6259 3098 12805 16187
1655 12233 14180 3102 8719 9222 3171 10917 10033 13348 16187 4832 16187 13348 16187 3409
926 16187 16187 16187 16187 16187 16187 16187 16187 16187 16187 16187 16187 16187 16187 16187
3489 4750 12835 3543 9605 12233 2823 9332 8726 926 5867 4537 6259 3098 12805 16187
1655 12233 14180 3102 8719 9222 3171 10917 10033 13348 16187 4832 16187 13348 16187 3409
1138 5711 12770 8719 4776 1138 8569 4019 5711 2087 16187 16187 16187 16187 16187 16187
3489 4750 12835 3543 9605 12233 2823 9332 8726 926 5867 4537 6259 3098 12805 16187
1655 12233 14180 3102 8719 9222 3171 10917 10033 13348 16187 4832 16187 13348 16187 3409
12233 15956 15658 8712 8710 8268 6011 12431 926 12650 4776 2563 13348 16187 16187 16187
3489 4750 12835 3543 9605 12233 2823 9332 8726 926 5867 4537 6259 3098 12805 16187
1655 12233 14180 3102 8719 9222 3171 10917 10033 13348 16187 4832 16187 13348 16187 3409
7740 12515 12276 12708 12233 2552 3171 13089 8712 2979 15525 8719 926 16187 16187 16187
3489 4750 12835 3543 9605 12233 2823 9332 8726 926 5867 4537 6259 3098 12805 16187
1655 12233 14180 3102 8719 9222 3171 10917 10033 13348 16187 4832 16187 13348 16187 3409
13474 779 6259 8414 8268 926 4550 8268 14237 8710 2421 12233 14038 1885 1076 16187
3489 4750 12835 3543 9605 12233 2823 9332 8726 926 5867 4537 6259 3098 12805 16187
1655 12233 14180 3102 8719 9222 3171 10917 10033 13348 16187 4832 16187 13348 16187 3409
14734 10400 11900 14237 4325 11031 2170 12233 778 16187 16187 16187 16187 16187 16187 16187
3489 4750 12835 3543 9605 12233 2823 9332 8726 926 5867 4537 6259 3098 12805 16187
1655 12233 14180 3102 8719 9222 3171 10917 10033 13348 16187 4832 16187 13348 16187 3409
13084 1086 16187 16187 16187 16187 16187 16187 16187 16187 16187 16187 16187 16187 16187 16187
3489 4750 12835 3543 9605 12233 2823 9332 8726 926 5867 4537 6259 3098 12805 16187
1655 12233 14180 3102 8719 9222 3171 10917 10033 13348 16187 4832 16187 13348 16187 3409
14180 2946 14776 12561 15071 14237 4949 12233 15597 12835 8268 926 16187 16187 16187 16187
3489 4750 12835 3543 9605 12233 2823 9332 8726 926 5867 4537 6259 3098 12805 16187
1655 12233 14180 3102 8719 9222 3171 10917 10033 13348 16187 4832 16187 13348 16187 3409
2446 7926 779 6259 2191 3177 14973 5463 6182 5463 9852 6977 3177 11296 5711 16187
3489 4750 12835 3543 9605 12233 2823 9332 8726 926 5867 4537 6259 3098 12805 16187
1655 12233 14180 3102 8719 9222 3171 10917 10033 13348 16187 4832 16187 13348 16187 3409
13474 13942 15090 8268 14237 926 12233 3417 14745 12233 4776 8539 926 10045 16187 16187
3489 4750 12835 3543 9605 12233 2823 9332 8726 926 5867 4537 6259 3098 12805 16187
1655 12233 14180 3102 8719 9222 3171 10917 10033 13348 16187 4832 16187 13348 16187 3409
4325 6381 8719 5154 204 926 8719 4776 2643 1229 8712 5208 7001 14097 16187 16187
3489 4750 12835 3543 9605 12233 2823 9332 8726 926 5867 4537 6259 3098 12805 16187
1655 12233 14180 3102 8719 9222 3171 10917 10033 13348 16187 4832 16187 13348 16187 3409
926 1955 2296 8710 6259 7937 3177 14766 16187 16187 16187 16187 16187 16187 16187 16187
3489 4750 12835 3543 9605 12233 2823 9332 8726 926 5867 4537 6259 3098 12805 16187
1655 12233 14180 3102 8719 9222 3171 10917 10033 13348 16187 4832 16187 13348 16187 3409
8712 5867 12766 10315 14029 5480 3968 1229 7740 1444 8913 12233 12650 16187 16187 16187
3489 4750 12835 3543 9605 12233 2823 9332 8726 926 5867 4537 6259 3098 12805 16187
1655 12233 14180 3102 8719 9222 3171 10917 10033 13348 16187 4832 16187 13348 16187 3409
14031 8268 8796 8268 1138 926 5711 8719 3994 14687 16187 16187 16187 16187 16187 16187
3489 4750 12835 3543 9605 12233 2823 9332 8726 926 5867 4537 6259 3098 12805 16187
1655 12233 14180 3102 8719 9222 3171 10917 10033 13348 16187 4832 16187 13348 16187 3409
7740 11553 9754 771 1213 6259 10355 2563 1515 12805 8719 1344 6826 983 13348 16187
3489 4750 12835 3543 9605 12233 2823 9332 8726 926 5867 4537 6259 3098 12805 16187
1655 12233 14180 3102 8719 9222 3171 10917 10033 13348 16187 4832 16187 13348 16187 3409
7742 8268 926 5046 8710 9754 6259 8569 2563 16187 16187 16187 16187 16187 16187 16187
3489 4750 12835 3543 9605 12233 2823 9332 8726 926 5867 4537 6259 3098 12805 16187
1655 12233 14180 3102 8719 9222 3171 10917 10033 13348 16187 4832 16187 13348 16187 3409
5498 3112 4776 954 14734 16058 16187 16187 16187 16187 16187 16187 16187 16187 16187 16187
3489 4750 12835 3543 9605 12233 2823 9332 8726 926 5867 4537 6259 3098 12805 16187
1655 12233 14180 3102 8719 9222 3171 10917 10033 13348 16187 4832 16187 13348 16187 3409
7740 11839 8712 4931 1954 12256 10033 16187 16187 16187 16187 16187 16187 16187 16187 16187
3489 4750 12835 3543 9605 12233 2823 9332 8726 926 5867 4537 6259 3098 12805 16187
1655 12233 14180 3102 8719 9222 3171 10917 10033 13348 16187 4832 16187 13348 16187 3409
12273 13769 3847 14734 564 12233 8197 643 12233 3774 16187 16187 16187 16187 16187 16187
3489 4750 12835 3543 9605 12233 2823 9332 8726 926 5867 4537 6259 3098 12805 16187
1655 12233 14180 3102 8719 9222 3171 10917 10033 13348 16187 4832 16187 13348 16187 3409
1291 8710 11953 203 10053 8712 8710 12233 11553 6259 926 5711 16187 16187 16187 16187
3489 4750 12835 3543 9605 12233 2823 9332 8726 926 5867 4537 6259 3098 12805 16187
1655 12233 14180 3102 8719 9222 3171 10917 10033 13348 16187 4832 16187 13348 16187 3409
8093 8456 5463 926 779 7310 4451 15649 13474 3364 5257 12233 11553 1885 4927 16187
3489 4750 12835 3543 9605 12233 2823 9332 8726 926 5867 4537 6259 3098 12805 16187
1655 12233 14180 3102 8719 9222 3171 10917 10033 13348 16187 4832 16187 13348 16187 3409
4776 4152 8710 5462 2543 2903 14237 837 16187 16187 16187 16187 16187 16187 16187 16187
3489 4750 12835 3543 9605 12233 2823 9332 8726 926 5867 4537 6259 3098 12805 16187
1655 12233 14180 3102 8719 9222 3171 10917 10033 13348 16187 4832 16187 13348 16187 3409
3192 8506 15232 4421 926 1955 4776 926 14237 4776 13226 4906 14148 16187 16187 16187
3489 4750 12835 3543 9605 12233 2823 9332 8726 926 5867 4537 6259 3098 12805 16187
1655 12233 14180 3102 8719 9222 3171 10917 10033 13348 16187 4832 16187 13348 16187 3409
4776 4152 8710 8170 14237 779 6259 8794 5801 12233 8712 16187 16187 16187 16187 16187
3489 4750 12835 3543 9605 12233 2823 9332 8726 926 5867 4537 6259 3098 12805 16187
1655 12233 14180 3102 8719 9222 3171 10917 10033 13348 16187 4832 16187 13348 16187 3409
4776 2002 308 926 11953 14139 2103 16187 16187 16187 16187 16187 16187 16187 16187 16187
3489 4750 12835 3543 9605 12233 2823 9332 8726 926 5867 4537 6259 3098 12805 16187
1655 12233 14180 3102 8719 9222 3171 10917 10033 13348 16187 4832 16187 13348 16187 3409
14237 5463 5867 4776 795 10501 16187 16187 16187 16187 16187 16187 16187 16187 16187 16187
3489 4750 12835 3543 9605 12233 2823 9332 8726 926 5867 4537 6259 3098 12805 16187
1655 12233 14180 3102 8719 9222 3171 10917 10033 13348 16187 4832 16187 13348 16187 3409
7777 1019 926 926 8268 8258 7926 14823 926 926 926 16187 16187 16187 16187 16187
3489 4750 12835 3543 9605 12233 2823 9332 8726 926 5867 4537 6259 3098 12805 16187
1655 12233 14180 3102 8719 9222 3171 10917 10033 13348 16187 4832 16187 13348 16187 3409
2510 4342 7740 8197 8712 14919 9484 12260 12650 830 2510 10671 16187 16187 16187 16187
3489 4750 12835 3543 9605 12233 2823 9332 8726 926 5867 4537 6259 3098 12805 16187
1655 12233 14180 3102 8719 9222 3171 10917 10033 13348 16187 4832 16187 13348 16187 3409
1229 6011 9605 14272 6011 9605 14237 8719 5463 8712 5867 2148 512 7345 16187 16187
3489 4750 12835 3543 9605 12233 2823 9332 8726 926 5867 4537 6259 3098 12805 16187
1655 12233 14180 3102 8719 9222 3171 10917 10033 13348 16187 4832 16187 13348 16187 3409
14272 9498 4325 5807 2598 16187 16187 16187 16187 16187 16187 16187 16187 16187 16187 16187
3489 4750 12835 3543 9605 12233 2823 9332 8726 926 5867 4537 6259 3098 12805 16187
1655 12233 14180 3102 8719 9222 3171 10917 10033 13348 16187 4832 16187 13348 16187 3409
4776 6070 3137 11401 8268 4776 2994 3177 4776 5002 9498 9063 926 16187 16187 16187
3489 4750 12835 3543 9605 12233 2823 9332 8726 926 5867 4537 6259 3098 12805 16187
1655 12233 14180 3102 8719 9222 3171 10917 10033 13348 16187 4832 16187 13348 16187 3409
4776 6928 14826 3177 4776 9960 2598 16187 16187 16187 16187 16187 16187 16187 16187 16187
3489 4750 12835 3543 9605 12233 2823 9332 8726 926 5867 4537 6259 3098 12805 16187
1655 12233 14180 3102 8719 9222 3171 10917 10033 13348 16187 4832 16187 13348 16187 3409
7740 2446 11553 12233 8197 10156 8116 830 11711 6259 3984 14029 15389 8081 16187 16187
3489 4750 12835 3543 9605 12233 2823 9332 8726 926 5867 4537 6259 3098 12805 16187
1655 12233 14180 3102 8719 9222 3171 10917 10033 13348 16187 4832 16187 13348 16187 3409
5463 8710 15978 8268 8069 8719 4776 12478 4440 8268 8712 1029 4949 16187 16187 16187
3489 4750 12835 3543 9605 12233 2823 9332 8726 926 5867 4537 6259 3098 12805 16187
1655 12233 14180 3102 8719 9222 3171 10917 10033 13348 16187 4832 16187 13348 16187 3409
7740 1951 5297 5329 13616 16187 16187 16187 16187 16187 16187 16187 16187 16187 16187 16187
3489 4750 12835 3543 9605 12233 2823 9332 8726 926 5867 4537 6259 3098 12805 16187
1655 12233 14180 3102 8719 9222 3171 10917 10033 13348 16187 4832 16187 13348 16187 3409
7926 4089 6905 1955 6259 3098 2353 1919 3171 10033 1093 16187 16187 16187 16187 16187
3489 4750 12835 3543 9605 12233 2823 9332 8726 926 5867 4537 6259 3098 12805 16187
1655 12233 14180 3102 8719 9222 3171 10917 10033 13348 16187 4832 16187 13348 16187 3409
7740 1951 6259 7740 926 3171 2563 16187 16187 16187 16187 16187 16187 16187 16187 16187
3489 4750 12835 3543 9605 12233 2823 9332 8726 926 5867 4537 6259 3098 12805 16187
1655 12233 14180 3102 8719 9222 3171 10917 10033 13348 16187 4832 16187 13348 16187 3409
8719 14426 8268 1885 15721 1436 1378 9424 8268 1885 4464 4404 16187 16187 16187 16187
3489 4750 12835 3543 9605 12233 2823 9332 8726 926 5867 4537 6259 3098 12805 16187
1655 12233 14180 3102 8719 9222 3171 10917 10033 13348 16187 4832 16187 13348 16187 3409
3171 16038 10033 8710 6259 12260 12233 2552 8726 6011 14776 6259 926 3082 14230 16187
3489 4750 12835 3543 9605 12233 2823 9332 8726 926 5867 4537 6259 3098 12805 16187
1655 12233 14180 3102 8719 9222 3171 10917 10033 13348 16187 4832 16187 13348 16187 3409
10719 8268 4624 2552 4473 3826 16105 8719 4776 13844 2837 9151 926 16187 16187 16187
3489 4750 12835 3543 9605 12233 2823 9332 8726 926 5867 4537 6259 3098 12805 16187
1655 12233 14180 3102 8719 9222 3171 10917 10033 13348 16187 4832 16187 13348 16187 3409
7740 11889 9146 8185 8268 12495 8268 12008 7740 1114 4312 12233 2823 7742 16105 16187
3489 4750 12835 3543 9605 12233 2823 9332 8726 926 5867 4537 6259 3098 12805 16187
1655 12233 14180 3102 8719 9222 3171 10917 10033 13348 16187 4832 16187 13348 16187 3409
14069 14776 5329 6259 5948 2326 10355 4987 3211 15525 14069 16187 16187 16187 16187 16187
3489 4750 12835 3543 9605 12233 2823 9332 8726 926 5867 4537 6259 3098 12805 16187
1655 12233 14180 3102 8719 9222 3171 10917 10033 13348 16187 4832 16187 13348 16187 3409
4776 5947 15641 3112 4776 12467 7863 12835 2148 7863 16187 16187 16187 16187 16187 16187
3489 4750 12835 3543 9605 12233 2823 9332 8726 926 5867 4537 6259 3098 12805 16187
1655 12233 14180 3102 8719 9222 3171 10917 10033 13348 16187 4832 16187 13348 16187 3409
